,P,Q,mean voltage p.u.
2023-10-24 23:00:00,-1353645,10,"0,9916955438849689"
2023-10-24 23:01:00,-2291,10,"0,9900162634135287"
2023-10-24 23:02:00,-4,0,"0,9894155810130127"
2023-10-24 23:03:00,-338155,0,"0,9886505960993504"
2023-10-24 23:04:00,-244,0,"0,9879442758176182"
2023-10-24 23:05:00,-3,0,"0,9869091582740499"
2023-10-24 23:06:00,-3,0,"0,9864727445073977"
2023-10-24 23:07:00,-2032139,24,"0,9872773303760621"
2023-10-24 23:08:00,-336431,16,"0,9884329916709396"
2023-10-24 23:09:00,-77,0,"0,9882165415256878"
2023-10-24 23:10:00,-3,0,"0,9882165178148112"
2023-10-24 23:11:00,-1354391,10,"0,9887528533609464"
2023-10-24 23:12:00,-2030704,2,"0,9890754000754707"
2023-10-24 23:13:00,-2099,24,"0,9880535141951352"
2023-10-24 23:14:00,-4,0,"0,9876716026701337"
2023-10-24 23:15:00,-3,0,"0,9881076518209938"
2023-10-24 23:16:00,-2709950,42,"0,9890714489122849"
2023-10-24 23:17:00,939,42,"0,9894154588808899"
2023-10-24 23:18:00,-3,0,"0,9894153986733655"
2023-10-24 23:19:00,-676827,2,"0,9894110317801763"
2023-10-24 23:20:00,-1353644,10,"0,9894066649025735"
2023-10-24 23:21:00,-3,0,"0,9889249797667925"
2023-10-24 23:22:00,-3,0,"0,9884345015450297"
2023-10-24 23:23:00,-338416,0,"0,9884323159297347"
2023-10-24 23:24:00,-338416,0,"0,9891952310134915"
2023-10-24 23:25:00,-3,0,"0,9894153986733638"
2023-10-24 23:26:00,-3,0,"0,9894153986733638"
2023-10-24 23:27:00,-676827,2,"0,9894110317802317"
2023-10-24 23:28:00,-3,0,"0,9893064364659047"
2023-10-24 23:29:00,-3,0,"0,988489012306355"
2023-10-24 23:30:00,-676827,2,"0,9881031236187283"
2023-10-24 23:31:00,-676827,2,"0,987558191538032"
2023-10-24 23:32:00,-3,0,"0,9867451424646594"
2023-10-24 23:33:00,-3,0,"0,9854917508447265"
2023-10-24 23:34:00,-676827,2,"0,984833412463368"
2023-10-24 23:35:00,-3,0,"0,9844018321935784"
2023-10-24 23:36:00,-3,0,"0,9841838484633598"
2023-10-24 23:37:00,-3,0,"0,9856552238135109"
2023-10-24 23:38:00,-2030456,24,"0,9866774948914558"
2023-10-24 23:39:00,-1015236,6,"0,9887548928157418"
2023-10-24 23:40:00,-3,0,"0,9887614474826528"
2023-10-24 23:41:00,-3,0,"0,9882710285761905"
2023-10-24 23:42:00,-3,0,"0,9877805503543733"
2023-10-24 23:43:00,-3,0,"0,9887614474826528"
2023-10-24 23:44:00,-3,0,"0,9893064364659047"
2023-10-24 23:45:00,-3,0,"0,9900693498639654"
2023-10-24 23:46:00,-3384062,66,"0,9900475299730784"
2023-10-24 23:47:00,-2707262,42,"0,9911418317677047"
2023-10-24 23:48:00,-3,0,"0,9913772522453328"
2023-10-24 23:49:00,-3,0,"0,9917042574983111"
2023-10-24 23:50:00,-3,0,"0,9913772522453328"
2023-10-24 23:51:00,-3,0,"0,9898513661338013"
2023-10-24 23:52:00,-3,0,"0,9898513661338013"
2023-10-24 23:53:00,-3,0,"0,9908322632620808"
2023-10-24 23:54:00,-338416,0,"0,9907211204886481"
2023-10-24 23:55:00,-3,0,"0,9889249204515462"
2023-10-24 23:56:00,-3,0,"0,9900692905487194"
2023-10-24 23:57:00,-3,0,"0,989251866389224"
2023-10-24 23:58:00,-3,0,"0,9884345015450297"
2023-10-24 23:59:00,-3,0,"0,9884345015450297"
2023-10-25 00:00:00,-338416,0,"0,98810536926888"
2023-10-25 00:01:00,-2030456,24,"0,9861325579644273"
2023-10-25 00:02:00,-1353644,10,"0,984066105087825"
2023-10-25 00:03:00,-3,0,"0,983747940318277"
2023-10-25 00:04:00,-3,0,"0,9858186967824045"
2023-10-25 00:05:00,-676827,2,"0,9864682680530232"
2023-10-25 00:06:00,-676827,2,"0,9866863120664867"
2023-10-25 00:07:00,-3,0,"0,9871266584789634"
2023-10-25 00:08:00,-3,0,"0,9871266584789634"
2023-10-25 00:09:00,-3,0,"0,9871266584789634"
2023-10-25 00:10:00,-3,0,"0,9871266584789634"
2023-10-25 00:11:00,-3,0,"0,9871266584789634"
2023-10-25 00:12:00,-3,0,"0,9875625666241544"
2023-10-25 00:13:00,-3,0,"0,988870409690112"
2023-10-25 00:14:00,-3,0,"0,990396295801698"
2023-10-25 00:15:00,-3,0,"0,990396295801698"
2023-10-25 00:16:00,-3,0,"0,990396295801698"
2023-10-25 00:17:00,-3,0,"0,990396295801698"
2023-10-25 00:18:00,-3,0,"0,9898513661338013"
2023-10-25 00:19:00,-1353644,10,"0,9896246505565411"
2023-10-25 00:20:00,-2030024,10,"0,9890754045032435"
2023-10-25 00:21:00,1366,24,"0,9897425696985839"
2023-10-25 00:22:00,-3,0,"0,9898513721134147"
2023-10-25 00:23:00,-3,0,"0,9903964457948355"
2023-10-25 00:24:00,-676827,2,"0,9903919332342312"
2023-10-25 00:25:00,0,2,"0,9903962958362876"
2023-10-25 00:26:00,-3,0,"0,990396295801698"
2023-10-25 00:27:00,-677684,2,"0,9916461773559411"
2023-10-25 00:28:00,707,2,"0,9926856395579987"
2023-10-25 00:29:00,-3,0,"0,9926850953114392"
2023-10-25 00:30:00,-676827,2,"0,9926807428017923"
2023-10-25 00:31:00,-149,2,"0,9924671345933218"
2023-10-25 00:32:00,-3,0,"0,9905072562938975"
2023-10-25 00:33:00,-3,0,"0,9900693873748077"
2023-10-25 00:34:00,-3,0,"0,990069290548724"
2023-10-25 00:35:00,-3,0,"0,9906144295279794"
2023-10-25 00:36:00,-3,0,"0,9907232477154592"
2023-10-25 00:37:00,-676827,2,"0,9907188806109376"
2023-10-25 00:38:00,0,2,"0,990723241773931"
2023-10-25 00:39:00,-3,0,"0,9907232417393756"
2023-10-25 00:40:00,2023,6,"0,9907252010267455"
2023-10-25 00:41:00,-3,0,"0,9907232417412586"
2023-10-25 00:42:00,-3,0,"0,9907232417393209"
2023-10-25 00:43:00,-3,0,"0,9907232417393212"
2023-10-25 00:44:00,-676380,2,"0,990065145248472"
2023-10-25 00:45:00,0,2,"0,990069290582425"
2023-10-25 00:46:00,-3,0,"0,990723457710177"
2023-10-25 00:47:00,-3,0,"0,9907232417393447"
2023-10-25 00:48:00,-3,0,"0,9907232417393208"
2023-10-25 00:49:00,-3,0,"0,9903963497489219"
2023-10-25 00:50:00,-3,0,"0,9900693445512003"
2023-10-25 00:51:00,-676752,2,"0,9899560296431144"
2023-10-25 00:52:00,-372,2,"0,9894156056049008"
2023-10-25 00:53:00,-3,0,"0,988543848136668"
2023-10-25 00:54:00,-3384060,67,"0,9885216101902388"
2023-10-25 00:55:00,-1353853,24,"0,9884257638412173"
2023-10-25 00:56:00,8,10,"0,9884345016843704"
2023-10-25 00:57:00,-3,0,"0,9884345015450297"
2023-10-25 00:58:00,-338416,0,"0,98843231592968"
2023-10-25 00:59:00,221,0,"0,9890886705189208"
2023-10-25 01:00:00,-3,0,"0,9893613220285549"
2023-10-25 01:01:00,-3,0,"0,99088795003658"
2023-10-25 01:02:00,-339030,0,"0,9926845448232616"
2023-10-25 01:03:00,-3,0,"0,9926850953177356"
2023-10-25 01:04:00,-3,0,"0,9926850953112899"
2023-10-25 01:05:00,-338416,0,"0,9926829190546531"
2023-10-25 01:06:00,-2,0,"0,9926850953198912"
2023-10-25 01:07:00,-3,0,"0,9926850953113447"
2023-10-25 01:08:00,-3,0,"0,9922492235849517"
2023-10-25 01:09:00,-676678,2,"0,9920268136642088"
2023-10-25 01:10:00,148,2,"0,9922491527862352"
2023-10-25 01:11:00,-3,0,"0,9926851910765488"
2023-10-25 01:12:00,-338416,0,"0,9926829190548675"
2023-10-25 01:13:00,-2,0,"0,9926850953199459"
2023-10-25 01:14:00,-3,0,"0,9926850953112899"
2023-10-25 01:15:00,-3,0,"0,9926850953113447"
2023-10-25 01:16:00,-3,0,"0,9923581439185114"
2023-10-25 01:17:00,-3,0,"0,9918133100375194"
2023-10-25 01:18:00,-3,0,"0,9913772888140704"
2023-10-25 01:19:00,-3,0,"0,9913771929300368"
2023-10-25 01:20:00,4352,10,"0,9927991923526392"
2023-10-25 01:21:00,-9,0,"0,9941028146566416"
2023-10-25 01:22:00,-1015458,5,"0,9943135072223408"
2023-10-25 01:23:00,-676829,0,"0,9943156575668864"
2023-10-25 01:24:00,0,2,"0,9943200029797616"
2023-10-25 01:25:00,-3,0,"0,994320002945526"
2023-10-25 01:26:00,-3,0,"0,9941565434148304"
2023-10-25 01:27:00,-3,0,"0,9939930111448666"
2023-10-25 01:28:00,-3,0,"0,9936661055292222"
2023-10-25 01:29:00,-338304,0,"0,9933369262185141"
2023-10-25 01:30:00,-2,0,"0,9933390465104633"
2023-10-25 01:31:00,-3,0,"0,993339046502001"
2023-10-25 01:32:00,-338416,0,"0,9933368716779608"
2023-10-25 01:33:00,182,0,"0,9938841861896472"
2023-10-25 01:34:00,-3,0,"0,9939930036490573"
2023-10-25 01:35:00,-3,0,"0,992903735849176"
2023-10-25 01:36:00,-3,0,"0,9918682117027152"
2023-10-25 01:37:00,-3,0,"0,9913773737539555"
2023-10-25 01:38:00,-3,0,"0,9915952599138824"
2023-10-25 01:39:00,-3,0,"0,9935590302462899"
2023-10-25 01:40:00,-679513,2,"0,9946503575724136"
2023-10-25 01:41:00,-3185,2,"0,9899714447414274"
2023-10-25 01:42:00,2,0,"0,9919787235510027"
2023-10-25 01:43:00,-3,0,"0,9925763129959363"
2023-10-25 01:44:00,-1691401,16,"0,9921838673343184"
2023-10-25 01:45:00,-1006,16,"0,9915954107390429"
2023-10-25 01:46:00,-3,0,"0,9913772762435923"
2023-10-25 01:47:00,-3,0,"0,9913772522453329"
2023-10-25 01:48:00,-677497,2,"0,9923542763861128"
2023-10-25 01:49:00,0,2,"0,9923581494061616"
2023-10-25 01:50:00,-3,0,"0,9914866567785109"
2023-10-25 01:51:00,-3,0,"0,9910504023259588"
2023-10-25 01:52:00,-1353644,10,"0,9910415869454656"
2023-10-25 01:53:00,-339135,5,"0,9903398522991776"
2023-10-25 01:54:00,-96,0,"0,9900693868129581"
2023-10-25 01:55:00,-3,0,"0,9903418225127858"
2023-10-25 01:56:00,-676864,2,"0,9903919344917376"
2023-10-25 01:57:00,185,2,"0,990668769682781"
2023-10-25 01:58:00,-3,0,"0,991377505583056"
2023-10-25 01:59:00,-3,0,"0,992358634386812"
2023-10-25 02:00:00,-2711432,42,"0,9928868204167411"
2023-10-25 02:01:00,-851,42,"0,992576182111438"
2023-10-25 02:02:00,-4,0,"0,9910514199390908"
2023-10-25 02:03:00,-3,0,"0,9897432684238282"
2023-10-25 02:04:00,-338415,0,"0,9897402212015235"
2023-10-25 02:05:00,-2,0,"0,9897424039350204"
2023-10-25 02:06:00,-3,0,"0,9897424039263424"
2023-10-25 02:07:00,-3,0,"0,9897424039262877"
2023-10-25 02:08:00,-3,0,"0,9897424039263424"
2023-10-25 02:09:00,-3,0,"0,9897424039262877"
2023-10-25 02:10:00,-3,0,"0,9907238464942156"
2023-10-25 02:11:00,-3,0,"0,9910503600945412"
2023-10-25 02:12:00,-676976,2,"0,9912639543100648"
2023-10-25 02:13:00,73,2,"0,9913772587450954"
2023-10-25 02:14:00,-3,0,"0,9899069687926042"
2023-10-25 02:15:00,-3,0,"0,989742358299708"
2023-10-25 02:16:00,-676156,2,"0,9887575681112128"
2023-10-25 02:17:00,-373,2,"0,9882166658718402"
2023-10-25 02:18:00,-3,0,"0,9876717384731214"
2023-10-25 02:19:00,-1691584,16,"0,9873881948089571"
2023-10-25 02:20:00,-1013001,6,"0,9869045246545872"
2023-10-25 02:21:00,-111,6,"0,9867996588546801"
2023-10-25 02:22:00,-3,0,"0,9867996532260392"
2023-10-25 02:23:00,-1353644,10,"0,9867908963044912"
2023-10-25 02:24:00,-677721,2,"0,9854882275227408"
2023-10-25 02:25:00,-375,2,"0,9849469699208621"
2023-10-25 02:26:00,-3,0,"0,9845109502684655"
2023-10-25 02:27:00,-338097,0,"0,9835826497019513"
2023-10-25 02:28:00,-21,0,"0,9835298986937144"
2023-10-25 02:29:00,-3,0,"0,9842931659228776"
2023-10-25 02:30:00,-338603,0,"0,9848357555225837"
2023-10-25 02:31:00,-2030464,16,"0,9848246380322717"
2023-10-25 02:32:00,-1015741,6,"0,9843409155205775"
2023-10-25 02:33:00,-502,6,"0,9838570215807877"
2023-10-25 02:34:00,-3,0,"0,9837478870564776"
2023-10-25 02:35:00,-677052,2,"0,9840705485521168"
2023-10-25 02:36:00,-3383638,43,"0,9838894730238013"
2023-10-25 02:37:00,-6468,67,"0,9820059367881258"
2023-10-25 02:38:00,-4,0,"0,9818951145230856"
2023-10-25 02:39:00,-3,0,"0,9818951082690136"
2023-10-25 02:40:00,-1337847,10,"0,9819548754383378"
2023-10-25 02:41:00,-84,10,"0,9818951101882941"
2023-10-25 02:42:00,-3,0,"0,9823857089922065"
2023-10-25 02:43:00,-3,0,"0,9850047545409801"
2023-10-25 02:44:00,-2707701,43,"0,9851472128908638"
2023-10-25 02:45:00,-676803,24,"0,9851603601385245"
2023-10-25 02:46:00,0,2,"0,9851647456269447"
2023-10-25 02:47:00,-3,0,"0,9854372777689835"
2023-10-25 02:48:00,-1353719,10,"0,9854829240037503"
2023-10-25 02:49:00,-2030256,2,"0,9851516438420947"
2023-10-25 02:50:00,-2030482,0,"0,9844978452772568"
2023-10-25 02:51:00,-2030483,0,"0,9844976281855315"
2023-10-25 02:52:00,-874,24,"0,9840749772475218"
2023-10-25 02:53:00,-3,0,"0,9838569266887716"
2023-10-25 02:54:00,-3,0,"0,9838569025256819"
2023-10-25 02:55:00,-2031806,24,"0,9844978964025409"
2023-10-25 02:56:00,923,24,"0,9849468644178381"
2023-10-25 02:57:00,-3,0,"0,9851647696906144"
2023-10-25 02:58:00,-3,0,"0,9848378539136728"
2023-10-25 02:59:00,-1351997,10,"0,9836308742181831"
2023-10-25 03:00:00,-3,0,"0,9830832360693158"
2023-10-25 03:01:00,-3,0,"0,9822224314047624"
2023-10-25 03:02:00,-338228,0,"0,9816750764713857"
2023-10-25 03:03:00,-2031404,16,"0,9822090025914064"
2023-10-25 03:04:00,-676818,10,"0,9822176554380097"
2023-10-25 03:05:00,-1907,2,"0,979446755326144"
2023-10-25 03:06:00,-5,0,"0,9782990795669776"
2023-10-25 03:07:00,-3,0,"0,978952516333324"
2023-10-25 03:08:00,-3,0,"0,978952298253488"
2023-10-25 03:09:00,-3,0,"0,9789522982534099"
2023-10-25 03:10:00,-3,0,"0,978952298253464"
2023-10-25 03:11:00,-3,0,"0,9799336868046552"
2023-10-25 03:12:00,-1692615,17,"0,9802492321948156"
2023-10-25 03:13:00,297,17,"0,980423689286631"
2023-10-25 03:14:00,-3,0,"0,9812414385119719"
2023-10-25 03:15:00,-3,0,"0,9812410977631155"
2023-10-25 03:16:00,-2031133,24,"0,9815549477353255"
2023-10-25 03:17:00,-2707307,2,"0,9815504953583312"
2023-10-25 03:18:00,-1306,43,"0,9810777983968029"
2023-10-25 03:19:00,-4,0,"0,9800972181977696"
2023-10-25 03:20:00,-12083,16,"0,9802859294249272"
2023-10-25 03:21:00,-676809,2,"0,9802557934093469"
2023-10-25 03:22:00,0,2,"0,9802602006705037"
2023-10-25 03:23:00,-3,0,"0,9805872010955407"
2023-10-25 03:24:00,-676827,2,"0,9805827403644009"
2023-10-25 03:25:00,-4060887,68,"0,9805607091657425"
2023-10-25 03:26:00,-1353608,43,"0,9805783346002249"
2023-10-25 03:27:00,8,10,"0,9805871467152256"
2023-10-25 03:28:00,-3,0,"0,980478190418916"
2023-10-25 03:29:00,-3,0,"0,9802602248675646"
2023-10-25 03:30:00,-3,0,"0,9809688592239368"
2023-10-25 03:31:00,-3,0,"0,9815682266943841"
2023-10-25 03:32:00,-3,0,"0,9811321731399923"
2023-10-25 03:33:00,-676225,2,"0,9802561843531219"
2023-10-25 03:34:00,-151,2,"0,9800422995847149"
2023-10-25 03:35:00,-3,0,"0,9799332607635112"
2023-10-25 03:36:00,-3,0,"0,9794973842192437"
2023-10-25 03:37:00,-676450,2,"0,9789480388119772"
2023-10-25 03:38:00,-376,2,"0,9784075179167464"
2023-10-25 03:39:00,-3,0,"0,9773180571703054"
2023-10-25 03:40:00,-336954,0,"0,9776514556177637"
2023-10-25 03:41:00,-338417,0,"0,9782963513519684"
2023-10-25 03:42:00,2590,0,"0,9857378831001342"
2023-10-25 03:43:00,-19,0,"0,9916126384632182"
2023-10-25 03:44:00,-677113,2,"0,9920269345583392"
2023-10-25 03:45:00,-112,2,"0,9918676839610653"
2023-10-25 03:46:00,-3,0,"0,991159521498678"
2023-10-25 03:47:00,-1015125,6,"0,9910437142078468"
2023-10-25 03:48:00,282,6,"0,9913228401521113"
2023-10-25 03:49:00,-3,0,"0,9909413582143034"
2023-10-25 03:50:00,-3,0,"0,9898519656055688"
2023-10-25 03:51:00,-4064432,96,"0,9906974356173488"
2023-10-25 03:52:00,102,96,"0,9907232429775232"
2023-10-25 03:53:00,-3,0,"0,9907232417393756"
2023-10-25 03:54:00,-3,0,"0,9907232417393756"
2023-10-25 03:55:00,-1015069,6,"0,9905532405696925"
2023-10-25 03:56:00,-833,5,"0,9897426765787818"
2023-10-25 03:57:00,-3,0,"0,9895243849586146"
2023-10-25 03:58:00,-1353123,10,"0,9891342449070237"
2023-10-25 03:59:00,-1353656,0,"0,98907971744185"
2023-10-25 04:00:00,-3,0,"0,9889096756361488"
2023-10-25 04:01:00,-3,0,"0,988434615706324"
2023-10-25 04:02:00,-3,0,"0,9905074863122305"
2023-10-25 04:03:00,-3,0,"0,9888718217593331"
2023-10-25 04:04:00,-3,0,"0,9876723165328851"
2023-10-25 04:05:00,-674850,2,"0,9847831396216163"
2023-10-25 04:06:00,-2028440,10,"0,9832998501345829"
2023-10-25 04:07:00,-676969,10,"0,9831985621332838"
2023-10-25 04:08:00,0,2,"0,9832029513704771"
2023-10-25 04:09:00,-3,0,"0,9832029513350797"
2023-10-25 04:10:00,-1015236,6,"0,9831963596117814"
2023-10-25 04:11:00,3,6,"0,9832029514147533"
2023-10-25 04:12:00,-3,0,"0,9827125954526856"
2023-10-25 04:13:00,-3,0,"0,9828215006698472"
2023-10-25 04:14:00,-2033273,24,"0,9841716041516125"
2023-10-25 04:15:00,21,24,"0,9841838487698413"
2023-10-25 04:16:00,-3,0,"0,9839113916951608"
2023-10-25 04:17:00,-3,0,"0,9836934536990035"
2023-10-25 04:18:00,-3,0,"0,9826585666130613"
2023-10-25 04:19:00,-3,0,"0,9814598135708259"
2023-10-25 04:20:00,-4612,10,"0,9802659759920408"
2023-10-25 04:21:00,-4,0,"0,9801512451421847"
2023-10-25 04:22:00,-3,0,"0,9798242877255258"
2023-10-25 04:23:00,-3,0,"0,9792794550682083"
2023-10-25 04:24:00,-3,0,"0,9786255707674285"
2023-10-25 04:25:00,-676789,2,"0,9785664280446585"
2023-10-25 04:26:00,-1353465,2,"0,9782895531077753"
2023-10-25 04:27:00,-368,10,"0,9780259475149236"
2023-10-25 04:28:00,0,0,"0,988544980005936"
2023-10-25 04:29:00,-3,0,"0,9897431291457677"
2023-10-25 04:30:00,-676603,2,"0,9894111467820567"
2023-10-25 04:31:00,-1301,2,"0,9875099453468243"
2023-10-25 04:32:00,-5,0,"0,9861466443852912"
2023-10-25 04:33:00,-338303,0,"0,98581656062674"
2023-10-25 04:34:00,465,0,"0,9871820543235816"
2023-10-25 04:35:00,-7,0,"0,9943458088799657"
2023-10-25 04:36:00,-2032742,23,"0,9954520852805918"
2023-10-25 04:37:00,-2030474,0,"0,9970875626769646"
2023-10-25 04:38:00,353,23,"0,9972628285832698"
2023-10-25 04:39:00,-3,0,"0,9972628129610739"
2023-10-25 04:40:00,-689933,2,"0,9962391719617176"
2023-10-25 04:41:00,-577,2,"0,9954101482162692"
2023-10-25 04:42:00,-4,0,"0,99432059989384"
2023-10-25 04:43:00,-3,0,"0,993339590233808"
2023-10-25 04:44:00,-3,0,"0,9938841846892744"
2023-10-25 04:45:00,-1352902,10,"0,9933305015026169"
2023-10-25 04:46:00,8,10,"0,9933390466378483"
2023-10-25 04:47:00,-3,0,"0,993339046502001"
2023-10-25 04:48:00,-677013,2,"0,9936072287249763"
2023-10-25 04:49:00,36,2,"0,9936660535209956"
2023-10-25 04:50:00,-3,0,"0,9998979193400057"
2023-10-25 04:51:00,-3,0,"1,0043022828489667"
2023-10-25 04:52:00,-1693046,16,"1,0048814833706503"
2023-10-25 04:53:00,-339505,10,"1,0040728748434578"
2023-10-25 04:54:00,-150,0,"1,00363870855223"
2023-10-25 04:55:00,-3,0,"1,0015155978037775"
2023-10-25 04:56:00,-1014903,5,"1,0011799843829867"
2023-10-25 04:57:00,-338193,2,"1,001511245139011"
2023-10-25 04:58:00,-2,0,"1,0015133474205602"
2023-10-25 04:59:00,-3,0,"1,0003151841253766"
2023-10-25 05:00:00,-678160,2,"0,9992222042873808"
2023-10-25 05:01:00,219,2,"0,9995516074574674"
2023-10-25 05:02:00,-3,0,"0,999878552546136"
2023-10-25 05:03:00,-3,0,"0,9998239305084627"
2023-10-25 05:04:00,-3398852,65,"1,0041715016551145"
2023-10-25 05:05:00,4287,65,"1,005437852648973"
2023-10-25 05:06:00,1,0,"1,004130003891889"
2023-10-25 05:07:00,-3,0,"1,0041291521751845"
2023-10-25 05:08:00,-2029796,23,"1,0037893507945792"
2023-10-25 05:09:00,-1016664,5,"1,0023798077790853"
2023-10-25 05:10:00,-881,5,"1,0015137219521555"
2023-10-25 05:11:00,-2,0,"1,0028221033160427"
2023-10-25 05:12:00,-3,0,"1,003475354298349"
2023-10-25 05:13:00,-2706528,41,"1,0031855800899272"
2023-10-25 05:14:00,-11643,41,"0,9988524902496496"
2023-10-25 05:15:00,-5,0,"0,9986796331940849"
2023-10-25 05:16:00,-3,0,"0,9992247559124163"
2023-10-25 05:17:00,-676827,2,"0,9992202831942304"
2023-10-25 05:18:00,-295,2,"0,9987887330124899"
2023-10-25 05:19:00,-3,0,"0,9981348434366478"
2023-10-25 05:20:00,14095,11,"0,9992766348706178"
2023-10-25 05:21:00,-2,0,"0,9992246085721704"
2023-10-25 05:22:00,-3,0,"0,9993880935584336"
2023-10-25 05:23:00,-338693,0,"1,0002036176067797"
2023-10-25 05:24:00,52,0,"1,0003690503153562"
2023-10-25 05:25:00,-3,0,"1,000096579255272"
2023-10-25 05:26:00,-3,0,"0,9998785228703898"
2023-10-25 05:27:00,-3,0,"0,9998784990930975"
2023-10-25 05:28:00,-3,0,"1,00009656591289"
2023-10-25 05:29:00,-1015956,5,"1,0007986559176696"
2023-10-25 05:30:00,-6091555,147,"1,0008204836661847"
2023-10-25 05:31:00,-6091444,0,"1,0008204820638518"
2023-10-25 05:32:00,-1015079,147,"1,0008528632815"
2023-10-25 05:33:00,334,5,"1,0011864571054865"
2023-10-25 05:34:00,-5,0,"1,0058291669152193"
2023-10-25 05:35:00,-3,0,"1,0058730229726347"
2023-10-25 05:36:00,-3,0,"1,0051102793978128"
2023-10-25 05:37:00,-3,0,"1,0047830973195553"
2023-10-25 05:38:00,2705587,41,"1,0041465655418107"
2023-10-25 05:39:00,12186536,509,"1,0045335962597224"
2023-10-25 05:40:00,20391662,2356,"1,0045942552845997"
2023-10-25 05:41:00,25379494,142,"1,0042905223355594"
2023-10-25 05:42:00,30457920,145,"1,0044316241365232"
2023-10-25 05:43:00,38583940,370,"1,005028247237287"
2023-10-25 05:44:00,38579127,0,"1,0048646469200473"
2023-10-25 05:45:00,35875181,38,"1,0035950786349204"
2023-10-25 05:46:00,30454446,169,"1,004104860911436"
2023-10-25 05:47:00,26397663,92,"1,003752091401462"
2023-10-25 05:48:00,24367101,22,"1,00308554942467"
2023-10-25 05:49:00,20308855,91,"1,0020791659161876"
2023-10-25 05:50:00,18270517,25,"1,0039199731753194"
2023-10-25 05:51:00,18274322,0,"1,0042453647188654"
2023-10-25 05:52:00,18274289,0,"1,0028839214209313"
2023-10-25 05:53:00,19627618,10,"1,0026191864395817"
2023-10-25 05:54:00,22335921,41,"1,002854424801814"
2023-10-25 05:55:00,26395688,94,"1,0027168042979353"
2023-10-25 05:56:00,33164440,260,"1,002705430619511"
2023-10-25 05:57:00,35871868,41,"1,002722657793243"
2023-10-25 05:58:00,42640381,260,"1,0027657298007824"
2023-10-25 05:59:00,42640091,0,"1,002765726465187"
2023-10-25 06:00:00,43901736,10941,"1,003768663542788"
2023-10-25 06:01:00,48738853,108,"1,0053116798474926"
2023-10-25 06:02:00,48731466,0,"1,0064006081001498"
2023-10-25 06:03:00,48731531,0,"1,0064000189877886"
2023-10-25 06:04:00,52115732,64,"1,0064214732687198"
2023-10-25 06:05:00,53806629,17,"1,0057786156048334"
2023-10-25 06:06:00,58878827,152,"1,0047760862840371"
2023-10-25 06:07:00,64295480,170,"1,004211043421407"
2023-10-25 06:08:00,73771602,513,"1,0039441977964236"
2023-10-25 06:09:00,83269999,475,"1,0061310035484257"
2023-10-25 06:10:00,89331317,227,"1,0045345770667151"
2023-10-25 06:11:00,94737068,205,"1,0012507957005663"
2023-10-25 06:12:00,97461897,45,"1,000827043955736"
2023-10-25 06:13:00,100168619,45,"1,000190930510912"
2023-10-25 06:14:00,101522288,14,"0,999001960825011"
2023-10-25 06:15:00,107615045,214,"0,9989311883653437"
2023-10-25 06:16:00,107615423,0,"0,9996394100396653"
2023-10-25 06:17:00,107615208,0,"1,0012197200639454"
2023-10-25 06:18:00,104567800,57,"1,0018527348795088"
2023-10-25 06:19:00,101522073,57,"1,0024868215142282"
2023-10-25 06:20:00,93402560,33,"1,0024349825778407"
2023-10-25 06:21:00,84942215,406,"1,0023811385589487"
2023-10-25 06:22:00,80202566,130,"1,0026779317928187"
2023-10-25 06:23:00,77158317,52,"1,0026585134890378"
2023-10-25 06:24:00,70390277,260,"1,0026154593422736"
2023-10-25 06:25:00,69037204,9,"1,001953339069276"
2023-10-25 06:26:00,69036316,0,"1,0013541221225173"
2023-10-25 06:27:00,67004984,24,"1,001776879463124"
2023-10-25 06:28:00,67005838,0,"1,0022672387366691"
2023-10-25 06:29:00,67005854,0,"1,0022671187823042"
2023-10-25 06:30:00,68359224,10,"1,0020578074585154"
2023-10-25 06:31:00,75125854,264,"1,001774001364016"
2023-10-25 06:32:00,76142573,6,"1,0013447582936756"
2023-10-25 06:33:00,81219390,146,"1,0013769999865338"
2023-10-25 06:34:00,89680010,407,"1,001430883210111"
2023-10-25 06:35:00,99834832,582,"1,0017134732546422"
2023-10-25 06:36:00,106601265,258,"1,0018654705699186"
2023-10-25 06:37:00,115737924,475,"1,0019236074051368"
2023-10-25 06:38:00,123861936,369,"1,0022476137295246"
2023-10-25 06:39:00,132320566,405,"1,0023557801895524"
2023-10-25 06:40:00,134723174,85632,"1,002050194100343"
2023-10-25 06:41:00,140103332,165,"1,0020786097807852"
2023-10-25 06:42:00,146871714,260,"1,0021216564467856"
2023-10-25 06:43:00,148225915,7,"1,0027837577221108"
2023-10-25 06:44:00,151273681,43,"1,0037834102196972"
2023-10-25 06:45:00,154317550,49,"1,004128934913744"
2023-10-25 06:46:00,152962881,10,"1,0041202843731705"
2023-10-25 06:47:00,150255603,41,"1,0041031025450688"
2023-10-25 06:48:00,147548320,41,"1,0040859196851135"
2023-10-25 06:49:00,146194624,10,"1,004077327422202"
2023-10-25 06:50:00,146194613,0,"1,0040773272895755"
2023-10-25 06:51:00,150255661,93,"1,0041031032082102"
2023-10-25 06:52:00,150255493,0,"1,0047567046113142"
2023-10-25 06:53:00,153302165,49,"1,005047964641972"
2023-10-25 06:54:00,156347255,51,"1,0051217526847502"
2023-10-25 06:55:00,164469356,372,"1,005173242647568"
2023-10-25 06:56:00,168530008,93,"1,0051989805665928"
2023-10-25 06:57:00,172592696,86,"1,005660319083457"
2023-10-25 06:58:00,172590867,0,"1,0056600939664866"
2023-10-25 06:59:00,172590622,0,"1,0068585051509442"
2023-10-25 07:00:00,172590873,2,"1,0070754801934902"
2023-10-25 07:01:00,160384575,930,"1,0089599869369557"
2023-10-25 07:02:00,157369605,27,"1,006057958119136"
2023-10-25 07:03:00,154328517,10,"1,0005509071321226"
2023-10-25 07:04:00,154316521,0,"1,000535751582338"
2023-10-25 07:05:00,154316319,0,"0,9993931003134696"
2023-10-25 07:06:00,154316417,0,"0,9985762214471892"
2023-10-25 07:07:00,162438887,377,"0,998627718271144"
2023-10-25 07:08:00,162438467,0,"0,9986821098765336"
2023-10-25 07:09:00,162438456,0,"0,9989543573981221"
2023-10-25 07:10:00,164468966,23,"0,9989672716380648"
2023-10-25 07:11:00,168529989,94,"0,9989931732079288"
2023-10-25 07:12:00,178682981,589,"0,9990579234943368"
2023-10-25 07:13:00,186808150,362,"0,9995452727314473"
2023-10-25 07:14:00,195266837,400,"0,9998167572829832"
2023-10-25 07:15:00,196958499,7,"1,0011346274407429"
2023-10-25 07:16:00,196956244,1,"1,0024953352564825"
2023-10-25 07:17:00,188494463,416,"1,0027128517744237"
2023-10-25 07:18:00,186127436,31,"1,0026977753710753"
2023-10-25 07:19:00,182739226,82,"1,0038200091948055"
2023-10-25 07:20:00,189703672,43676,"1,0046815171629633"
2023-10-25 07:21:00,197972317,386,"1,0047323603239344"
2023-10-25 07:22:00,203047698,148,"1,0046557745478757"
2023-10-25 07:23:00,213191034,629,"1,0037410295163387"
2023-10-25 07:24:00,218614071,172,"1,0035572347009494"
2023-10-25 07:25:00,224710643,190,"1,00424907021595"
2023-10-25 07:26:00,235543440,627,"1,0049706715069897"
2023-10-25 07:27:00,247719560,837,"1,0050475890206885"
2023-10-25 07:28:00,255840971,372,"1,0050990218500826"
2023-10-25 07:29:00,260918051,139,"1,0053488801328765"
2023-10-25 07:30:00,261932144,5,"1,0054641235651738"
2023-10-25 07:31:00,272091521,542,"1,0061814113396716"
2023-10-25 07:32:00,289033516,1445,"1,0079215585305454"
2023-10-25 07:33:00,310666458,2624,"1,0080567775025926"
2023-10-25 07:34:00,334024962,3002,"1,0085304691132233"
2023-10-25 07:35:00,358051512,3180,"1,0089539340630422"
2023-10-25 07:36:00,373612469,1333,"1,0092149181068637"
2023-10-25 07:37:00,387826080,1102,"1,009521960791712"
2023-10-25 07:38:00,397974850,575,"1,009585824142481"
2023-10-25 07:39:00,411511923,1023,"1,0096710294365436"
2023-10-25 07:40:00,422340054,33,"1,0097391620457803"
2023-10-25 07:41:00,439939397,1728,"1,0098498913123286"
2023-10-25 07:42:00,469046338,4724,"1,010032949293121"
2023-10-25 07:43:00,493410500,3307,"1,0101860855939706"
2023-10-25 07:44:00,522854149,4827,"1,0103710796095662"
2023-10-25 07:45:00,543494641,2370,"1,0105006870523014"
2023-10-25 07:46:00,574968869,5530,"1,0106440161991306"
2023-10-25 07:47:00,615911950,9464,"1,0106293569058793"
2023-10-25 07:48:00,669391019,16009,"1,0108018888782837"
2023-10-25 07:49:00,694424334,3542,"1,0107959247447746"
2023-10-25 07:50:00,704573074,643,"1,0104255129800248"
2023-10-25 07:51:00,720131439,1566,"1,009655260534004"
2023-10-25 07:52:00,675123220,11652,"1,0099154144461826"
2023-10-25 07:53:00,649755091,3619,"1,009864637876167"
2023-10-25 07:54:00,645692963,91,"1,0098391204269066"
2023-10-25 07:55:00,656521130,678,"1,0097442772043286"
2023-10-25 07:56:00,670055384,1085,"1,0095036562283874"
2023-10-25 07:57:00,661938486,347,"1,0092898661143537"
2023-10-25 07:58:00,645694501,1469,"1,009187867238142"
2023-10-25 07:59:00,641628754,149,"1,0021312490083574"
2023-10-25 08:00:00,633171600,82,"1,0016186720028604"
2023-10-25 08:01:00,615237673,1819,"1,0015051899194134"
2023-10-25 08:02:00,603045623,953,"1,002079627382426"
2023-10-25 08:03:00,591543794,799,"1,002332417969627"
2023-10-25 08:04:00,584776508,288,"1,0026153448116273"
2023-10-25 08:05:00,584778464,0,"1,002615302224806"
2023-10-25 08:06:00,592900329,378,"1,0026124216668202"
2023-10-25 08:07:00,596958309,135,"1,0019325341666323"
2023-10-25 08:08:00,598991308,29,"1,0017280704283893"
2023-10-25 08:09:00,598991747,0,"1,0017280492866911"
2023-10-25 08:10:00,594930908,93,"1,0017023474176667"
2023-10-25 08:11:00,601699359,259,"1,001745187112727"
2023-10-25 08:12:00,613544511,793,"1,001820147920789"
2023-10-25 08:13:00,629448101,1466,"1,0017579562541872"
2023-10-25 08:14:00,650768485,2620,"1,0017300228409434"
2023-10-25 08:15:00,660583662,544,"1,0017920765713884"
2023-10-25 08:16:00,667690115,285,"1,001837015179154"
2023-10-25 08:17:00,678523086,610,"1,0022311145105014"
2023-10-25 08:18:00,701544098,2836,"1,0028106809106947"
2023-10-25 08:19:00,741164596,8358,"1,003820387472335"
2023-10-25 08:20:00,790872202,38,"1,0041875438586785"
2023-10-25 08:21:00,819634814,4787,"1,004097670158571"
2023-10-25 08:22:00,813209696,196,"1,0037319085190817"
2023-10-25 08:23:00,770240527,10381,"1,0034610530072472"
2023-10-25 08:24:00,708658241,21406,"1,0031267792740708"
2023-10-25 08:25:00,665029099,10201,"1,00203758906947"
2023-10-25 08:26:00,624725776,9117,"1,001673759472182"
2023-10-25 08:27:00,594591668,5227,"1,0017002532250494"
2023-10-25 08:28:00,574633848,2183,"1,0013023961366"
2023-10-25 08:29:00,564474822,577,"1,0011837458579649"
2023-10-25 08:30:00,554324098,556,"1,0009021783052072"
2023-10-25 08:31:00,546207872,271,"0,9997652154390906"
2023-10-25 08:32:00,539437361,184,"0,9987445415731943"
2023-10-25 08:33:00,534016596,167,"0,9987096246288307"
2023-10-25 08:34:00,528598289,212,"0,9993272319830259"
2023-10-25 08:35:00,522504981,279,"1,000157754732527"
2023-10-25 08:36:00,515741696,268,"1,0002230152578613"
2023-10-25 08:37:00,512696993,45,"0,9999864975601784"
2023-10-25 08:38:00,506945977,159,"0,9995155042753888"
2023-10-25 08:39:00,501528923,166,"0,9994810112220784"
2023-10-25 08:40:00,495437253,7,"0,9994423262041906"
2023-10-25 08:41:00,500513673,146,"0,9994745639521566"
2023-10-25 08:42:00,515066573,1204,"0,9995669743968384"
2023-10-25 08:43:00,526572150,752,"0,9996400101306024"
2023-10-25 08:44:00,524540804,23,"0,9996271118994051"
2023-10-25 08:45:00,504577023,2266,"0,9995003789427443"
2023-10-25 08:46:00,468372601,7460,"0,999270439596905"
2023-10-25 08:47:00,436559749,5765,"0,9990682334949456"
2023-10-25 08:48:00,412191390,3385,"0,9989132616731646"
2023-10-25 08:49:00,397975495,1152,"0,9988228190273426"
2023-10-25 08:50:00,393913370,94,"0,998796968843556"
2023-10-25 08:51:00,393913265,0,"0,9987969676360734"
2023-10-25 08:52:00,403389465,512,"0,9988572573004227"
2023-10-25 08:53:00,412185653,464,"0,9986413474403277"
2023-10-25 08:54:00,418955802,265,"0,9986300739977104"
2023-10-25 08:55:00,424370630,167,"0,9986645175998611"
2023-10-25 08:56:00,424370444,0,"0,9986645154544691"
2023-10-25 08:57:00,424370444,0,"0,9986645154544691"
2023-10-25 08:58:00,413542020,668,"0,9985956324976797"
2023-10-25 08:59:00,392900673,2431,"0,9984642924167917"
2023-10-25 09:00:00,369547491,6,"0,9985874663463123"
2023-10-25 09:01:00,355334594,1159,"0,9985514364693768"
2023-10-25 09:02:00,342493511,798,"0,9970025322148028"
2023-10-25 09:03:00,339094266,36,"0,9956755593129065"
2023-10-25 09:04:00,341797181,45,"0,995528859874168"
2023-10-25 09:05:00,351273751,515,"0,9955893707721128"
2023-10-25 09:06:00,371580577,2368,"0,995719035501732"
2023-10-25 09:07:00,398655696,4207,"0,9958918405003341"
2023-10-25 09:08:00,431822661,6309,"0,9961034110235492"
2023-10-25 09:09:00,463981844,5816,"0,996634449016517"
2023-10-25 09:10:00,482587702,1891,"0,9971876109374488"
2023-10-25 09:11:00,497478708,1158,"0,9979343896910616"
2023-10-25 09:12:00,507622995,561,"0,9982159901433333"
2023-10-25 09:13:00,515742558,375,"0,9982675838652019"
2023-10-25 09:14:00,519803188,94,"0,9982933941099768"
2023-10-25 09:15:00,525893070,231,"0,9980605564488153"
2023-10-25 09:16:00,520818745,143,"0,99797398823366"
2023-10-25 09:17:00,503899486,1633,"0,9978664009638083"
2023-10-25 09:18:00,489347174,1208,"0,9977738302936308"
2023-10-25 09:19:00,497468172,376,"0,9978254867059791"
2023-10-25 09:20:00,529262260,4627,"0,9988970470790192"
2023-10-25 09:21:00,572273486,10468,"0,9992784013423232"
2023-10-25 09:22:00,608814321,7589,"0,9995102048813865"
2023-10-25 09:23:00,640605832,5993,"0,9991691978893182"
2023-10-25 09:24:00,657875793,1723,"0,9991700329069912"
2023-10-25 09:25:00,662952145,146,"0,9992022045108624"
2023-10-25 09:26:00,668028275,146,"0,9992343867917111"
2023-10-25 09:27:00,694770184,4015,"0,9995123917814553"
2023-10-25 09:28:00,760166221,23195,"1,0009032742103448"
2023-10-25 09:29:00,816962593,18003,"1,0014786262915338"
2023-10-25 09:30:00,864322076,12652,"1,0017775155817283"
2023-10-25 09:31:00,898494988,6580,"1,0019930328735085"
2023-10-25 09:32:00,936721146,8579,"1,0018006990730397"
2023-10-25 09:33:00,962116073,3571,"1,00206888640713"
2023-10-25 09:34:00,934355388,4534,"1,002219131202985"
2023-10-25 09:35:00,872450785,21652,"1,001883006524758"
2023-10-25 09:36:00,809492905,22679,"1,001756774114109"
2023-10-25 09:37:00,726955120,38475,"1,0012353304274817"
2023-10-25 09:38:00,663315872,22914,"1,0008326310928"
2023-10-25 09:39:00,641632548,2695,"1,0008038190341293"
2023-10-25 09:40:00,655395367,38541,"1,0011105418177313"
2023-10-25 09:41:00,677506697,2767,"1,001247881103614"
2023-10-25 09:42:00,696452045,2111,"1,0010964524026749"
2023-10-25 09:43:00,725900722,4930,"1,0012284733623849"
2023-10-25 09:44:00,750604819,3449,"1,0013846334945613"
2023-10-25 09:45:00,751277843,2,"1,0013888674553528"
2023-10-25 09:46:00,701884878,13792,"1,0010766379213698"
2023-10-25 09:47:00,642318279,20283,"1,0009168585013428"
2023-10-25 09:48:00,600310698,10633,"1,0017370511907142"
2023-10-25 09:49:00,588832547,842,"1,0023154265634826"
2023-10-25 09:50:00,567522173,2567,"1,002180384628039"
2023-10-25 09:51:00,510009947,18715,"1,0018163216281453"
2023-10-25 09:52:00,469728116,9192,"1,0015609903343932"
2023-10-25 09:53:00,444679253,3557,"1,00140212475462"
2023-10-25 09:54:00,439602376,117,"1,0007180458451643"
2023-10-25 09:55:00,438583007,14,"1,001363651389185"
2023-10-25 09:56:00,445355242,231,"1,0018412276106454"
2023-10-25 09:57:00,462932054,1953,"1,0008664788121735"
2023-10-25 09:58:00,473110547,501,"1,0017457004941617"
2023-10-25 09:59:00,457869033,1378,"1,0020292410510294"
2023-10-25 10:00:00,431138745,1,"1,0028378854949678"
2023-10-25 10:01:00,409477381,2711,"1,0029724913020426"
2023-10-25 10:02:00,385083266,3681,"1,004232372659268"
2023-10-25 10:03:00,369532701,1501,"1,005166459936301"
2023-10-25 10:04:00,358380585,700,"1,0050953868544967"
2023-10-25 10:05:00,358717713,5,"1,0042279270107992"
2023-10-25 10:06:00,392529929,6768,"1,0033550123052402"
2023-10-25 10:07:00,447401558,17010,"1,0037018624105245"
2023-10-25 10:08:00,472103785,3296,"1,004401578835859"
2023-10-25 10:09:00,450090568,2756,"1,004370841963918"
2023-10-25 10:10:00,418299059,5567,"1,003735040616882"
2023-10-25 10:11:00,408129989,560,"1,0033989066025282"
2023-10-25 10:12:00,421999001,1122,"1,0032148367338325"
2023-10-25 10:13:00,457885321,7237,"1,003550730974579"
2023-10-25 10:14:00,472095607,1056,"1,004184118597513"
2023-10-25 10:15:00,425737644,12124,"1,0038907932328551"
2023-10-25 10:16:00,348603374,33619,"1,0034024653224147"
2023-10-25 10:17:00,272422382,33103,"1,0034090883709"
2023-10-25 10:18:00,232142220,9287,"1,0036432117233436"
2023-10-25 10:19:00,215246321,1555,"1,0027198115270304"
2023-10-25 10:20:00,209139495,6,"1,0026261868683173"
2023-10-25 10:21:00,209139413,0,"1,003279544531388"
2023-10-25 10:22:00,215232500,204,"1,003535777241256"
2023-10-25 10:23:00,219292045,93,"1,0035615123447008"
2023-10-25 10:24:00,223355121,82,"1,0041316604737711"
2023-10-25 10:25:00,215229125,384,"1,0043520240720345"
2023-10-25 10:26:00,208461878,264,"1,0044723475529136"
2023-10-25 10:27:00,229785604,2570,"1,0046075189249493"
2023-10-25 10:28:00,259907260,5125,"1,0047983884691962"
2023-10-25 10:29:00,262947315,52,"1,0048176161656202"
2023-10-25 10:30:00,243657963,2113,"1,0048042861668969"
2023-10-25 10:31:00,244673124,4,"1,0050283119684007"
2023-10-25 10:32:00,279875707,6992,"1,0052512359323202"
2023-10-25 10:33:00,310669504,5346,"1,0054461038403493"
2023-10-25 10:34:00,322170469,745,"1,0055188339198402"
2023-10-25 10:35:00,329953471,341,"1,0055680593000205"
2023-10-25 10:36:00,373959029,10902,"1,0058463286948007"
2023-10-25 10:37:00,435223287,21103,"1,00623334934887"
2023-10-25 10:38:00,482591659,12598,"1,0065322077904115"
2023-10-25 10:39:00,499494582,1668,"1,006312876548512"
2023-10-25 10:40:00,514592626,16156,"1,0057619192039648"
2023-10-25 10:41:00,542810900,4589,"1,0056083976887302"
2023-10-25 10:42:00,592254679,13518,"1,0062461071979127"
2023-10-25 10:43:00,647071171,16753,"1,006699922729558"
2023-10-25 10:44:00,689688897,10305,"1,0067510883988016"
2023-10-25 10:45:00,698480953,515,"1,0062637358675106"
2023-10-25 10:46:00,693409362,144,"1,0062316649179277"
2023-10-25 10:47:00,666678918,4002,"1,006063395100272"
2023-10-25 10:48:00,636206623,5448,"1,0064144265439985"
2023-10-25 10:49:00,605085906,5474,"1,0063268618151604"
2023-10-25 10:50:00,572612527,5776,"1,0057964913888002"
2023-10-25 10:51:00,533374333,8335,"1,004897331249221"
2023-10-25 10:52:00,485637684,12828,"1,0045956018056348"
2023-10-25 10:53:00,444009352,9766,"1,00433241995014"
2023-10-25 10:54:00,403060937,9460,"1,0040733634798344"
2023-10-25 10:55:00,368182576,7031,"1,0043964215602916"
2023-10-25 10:56:00,344159687,3339,"1,0046792930009345"
2023-10-25 10:57:00,337060090,284,"1,0046342440252056"
2023-10-25 10:58:00,337059630,1,"1,003981830509595"
2023-10-25 10:59:00,338411124,28,"1,002685921314765"
2023-10-25 11:00:00,345181776,10,"1,0035437081429144"
2023-10-25 11:01:00,350259416,135,"1,00384780969145"
2023-10-25 11:02:00,324190213,3950,"1,0042266601565506"
2023-10-25 11:03:00,292039916,5961,"1,0045669788893126"
2023-10-25 11:04:00,256859832,7015,"1,0044526841688295"
2023-10-25 11:05:00,232509501,3268,"1,0036454819596925"
2023-10-25 11:06:00,213209042,2078,"1,0031963536009991"
2023-10-25 11:07:00,203048740,585,"1,003131789386492"
2023-10-25 11:08:00,203047999,0,"1,003785165543336"
2023-10-25 11:09:00,203048086,0,"1,0037849528943406"
2023-10-25 11:10:00,203048086,0,"1,003784952894318"
2023-10-25 11:11:00,205078584,23,"1,0037978361613331"
2023-10-25 11:12:00,209139606,93,"1,003823601603815"
2023-10-25 11:13:00,192897334,1493,"1,0037205498154411"
2023-10-25 11:14:00,178683580,1144,"1,0036303349943607"
2023-10-25 11:15:00,168535977,562,"1,0030216523918571"
2023-10-25 11:16:00,168529875,0,"1,0032392965846713"
2023-10-25 11:17:00,168529812,0,"1,0038926806267108"
2023-10-25 11:18:00,165145834,64,"1,0038709899907925"
2023-10-25 11:19:00,157357515,362,"1,0044751282020663"
2023-10-25 11:20:00,162438451,3,"1,0058135891382614"
2023-10-25 11:21:00,219312276,18237,"1,0061738144095227"
2023-10-25 11:22:00,284971200,24269,"1,0065891483597844"
2023-10-25 11:23:00,349275529,23188,"1,0071040796662645"
2023-10-25 11:24:00,383786740,6518,"1,0078656324616495"
2023-10-25 11:25:00,335720576,12954,"1,0075622676024951"
2023-10-25 11:26:00,251485674,39852,"1,0070303569268635"
2023-10-25 11:27:00,199342570,15296,"1,0067004643680957"
2023-10-25 11:28:00,171906851,4282,"1,006962367602012"
2023-10-25 11:29:00,166496627,173,"1,0074727017580467"
2023-10-25 11:30:00,166499412,0,"1,0074725708843202"
2023-10-25 11:31:00,183421895,1610,"1,007579589185696"
2023-10-25 11:32:00,222685741,8661,"1,007827791187905"
2023-10-25 11:33:00,285642394,22260,"1,0081709495016455"
2023-10-25 11:34:00,379730003,49776,"1,0084926415966236"
2023-10-25 11:35:00,494843125,74063,"1,0092175519077493"
2023-10-25 11:36:00,588206871,48724,"1,009695586601678"
2023-10-25 11:37:00,659118340,30086,"1,0081345891005626"
2023-10-25 11:38:00,764662352,60172,"1,0099351492471742"
2023-10-25 11:39:00,890490265,87300,"1,0109390660602462"
2023-10-25 11:40:00,1000350616,386,"1,011949645487827"
2023-10-25 11:41:00,1117802230,77488,"1,0121409989688708"
2023-10-25 11:42:00,1565839300,11,"1,0142725204638317"
2023-10-25 11:43:00,1786467052,276709,"1,014181625604234"
2023-10-25 11:44:00,1580343453,230556,"1,0127443901943602"
2023-10-25 11:45:00,1335041042,1,"1,0133828300061862"
2023-10-25 11:46:00,1350967264,807,"1,0148877930818103"
2023-10-25 11:47:00,1198802173,126706,"1,013943481788225"
2023-10-25 11:48:00,1217282789,1611,"1,0144903834992829"
2023-10-25 11:49:00,1410436618,202598,"1,015904653426015"
2023-10-25 11:50:00,1932340960,21,"1,018471205272068"
2023-10-25 11:51:00,2031375027,60832,"1,0172500833902929"
2023-10-25 11:52:00,1637582786,10,"1,0143922620709105"
2023-10-25 11:53:00,2018298010,19,"1,0188905941680453"
2023-10-25 11:54:00,1915504679,55951,"1,0180451633946963"
2023-10-25 11:55:00,2038264267,2,"1,0142759735978677"
2023-10-25 11:56:00,1804082333,30,"1,0042094369058152"
2023-10-25 11:57:00,1560424484,1,"1,0032285370846894"
2023-10-25 11:58:00,1179032490,8,"1,0008365859023651"
2023-10-25 11:59:00,1013827032,159761,"1,0012051863816445"
2023-10-25 12:00:00,1111011340,103,"1,0030059005811145"
2023-10-25 12:01:00,690363501,16,"0,9997014729284186"
2023-10-25 12:02:00,606197536,39421,"0,998516878509844"
2023-10-25 12:03:00,675511231,27211,"0,9990648735806128"
2023-10-25 12:04:00,749321301,30258,"1,0000751024771224"
2023-10-25 12:05:00,770906582,2683,"1,00010288696491"
2023-10-25 12:06:00,802018749,5977,"0,9994325442319584"
2023-10-25 12:07:00,852801809,14926,"0,9994283259485438"
2023-10-25 12:08:00,813561977,8607,"0,9990173407656243"
2023-10-25 12:09:00,829101473,1624,"0,9983028419439126"
2023-10-25 12:10:00,969385664,110627,"0,999515602383198"
2023-10-25 12:11:00,924882106,11486,"0,9995588808078024"
2023-10-25 12:12:00,978686710,16886,"0,9994654985207699"
2023-10-25 12:13:00,1098151722,82772,"0,9994620613274886"
2023-10-25 12:14:00,1740122083,77,"1,0040265387081742"
2023-10-25 12:15:00,1923516455,196254,"1,0038774131277326"
2023-10-25 12:16:00,1436565096,16,"1,0016973417429498"
2023-10-25 12:17:00,1202138156,316278,"1,0013088372089698"
2023-10-25 12:18:00,1142168075,20221,"1,0009292557814116"
2023-10-25 12:19:00,1085300003,18522,"1,0007876200785857"
2023-10-25 12:20:00,1049758497,30,"1,000671824150159"
2023-10-25 12:21:00,950327205,55801,"1,000044877205938"
2023-10-25 12:22:00,844412437,63477,"0,9993755428702928"
2023-10-25 12:23:00,768235217,32911,"0,998893152967322"
2023-10-25 12:24:00,741124212,4269,"0,9989381397504009"
2023-10-25 12:25:00,757714767,1469,"0,999368696088302"
2023-10-25 12:26:00,763459649,209,"0,999188045100242"
2023-10-25 12:27:00,959613684,218399,"1,0002669362482453"
2023-10-25 12:28:00,1248745679,2,"1,0019237829412455"
2023-10-25 12:29:00,1595280967,5,"1,0040938379422362"
2023-10-25 12:30:00,1684585385,47575,"1,0036809511214968"
2023-10-25 12:31:00,1432165779,1,"1,0024259262433248"
2023-10-25 12:32:00,1143160580,2,"1,0009353877180212"
2023-10-25 12:33:00,807454426,3,"1,0005509520688256"
2023-10-25 12:34:00,696454867,71131,"1,0005546033101869"
2023-10-25 12:35:00,845301047,122629,"1,0024716124312267"
2023-10-25 12:36:00,959841237,73377,"1,0033549964944035"
2023-10-25 12:37:00,916435604,10581,"1,0030813697208627"
2023-10-25 12:38:00,797053290,80212,"1,002329131894991"
2023-10-25 12:39:00,901602111,61528,"1,0029882298161297"
2023-10-25 12:40:00,1030166079,301,"1,003799983309673"
2023-10-25 12:41:00,1049760770,2152,"1,0039199943230583"
2023-10-25 12:42:00,920023127,91940,"1,0022378993828092"
2023-10-25 12:43:00,836272790,39349,"1,0016006508977648"
2023-10-25 12:44:00,751277565,41617,"1,001606144975749"
2023-10-25 12:45:00,737741003,1055,"1,0016287405237383"
2023-10-25 12:46:00,728943117,437,"1,001573127065335"
2023-10-25 12:47:00,736726503,342,"1,0016223191758704"
2023-10-25 12:48:00,1133346564,9,"1,0039578186652407"
2023-10-25 12:49:00,1173595143,9930,"1,0033992494788564"
2023-10-25 12:50:00,1168204720,128,"1,0030946680604145"
2023-10-25 12:51:00,1066073109,58367,"1,0023988362347698"
2023-10-25 12:52:00,934571507,102607,"1,003360223565847"
2023-10-25 12:53:00,1209151346,2,"1,0052445408148067"
2023-10-25 12:54:00,1281164214,31794,"1,0042909629543328"
2023-10-25 12:55:00,1320490526,8887,"1,004319870302372"
2023-10-25 12:56:00,1649765490,3,"1,0048652916178946"
2023-10-25 12:57:00,1774982712,90562,"1,0048913591908202"
2023-10-25 12:58:00,1909080269,100393,"1,0055633904701995"
2023-10-25 12:59:00,1951268550,11446,"1,005017562705412"
2023-10-25 13:00:00,1847737734,98,"1,0038885333464658"
2023-10-25 13:01:00,1397308998,15,"1,0012350841695032"
2023-10-25 13:02:00,1035206715,4,"1,00090491031641"
2023-10-25 13:03:00,870482000,155183,"1,0004082393005045"
2023-10-25 13:04:00,670869128,227811,"0,9997422149060737"
2023-10-25 13:05:00,720828375,14322,"0,9998945138477494"
2023-10-25 13:06:00,683265713,8002,"0,9996565506411144"
2023-10-25 13:07:00,637584196,11848,"0,9993670221418272"
2023-10-25 13:08:00,509754474,92979,"0,9985559923266644"
2023-10-25 13:09:00,427459364,38638,"0,9980322726737249"
2023-10-25 13:10:00,601892664,173388,"0,9991415539845688"
2023-10-25 13:11:00,612529078,643,"0,9992080473096554"
2023-10-25 13:12:00,689055162,33133,"0,999801808038346"
2023-10-25 13:13:00,631807711,19058,"0,9999818573105459"
2023-10-25 13:14:00,490825646,112985,"0,9990876367494189"
2023-10-25 13:15:00,567234528,32989,"0,9997895969463283"
2023-10-25 13:16:00,534696475,6058,"0,999691611296393"
2023-10-25 13:17:00,552969702,1897,"0,9998075340034844"
2023-10-25 13:18:00,506272771,12489,"0,9996741664658271"
2023-10-25 13:19:00,481900537,3422,"0,9996823221075608"
2023-10-25 13:20:00,471071537,29,"0,9995048186375898"
2023-10-25 13:21:00,415941350,17188,"0,9989370965328792"
2023-10-25 13:22:00,358739071,18670,"0,9985730919867517"
2023-10-25 13:23:00,332320738,4028,"0,9986223826537955"
2023-10-25 13:24:00,303559025,4748,"0,9985479756910578"
2023-10-25 13:25:00,300511341,52,"0,9984741809251902"
2023-10-25 13:26:00,312691688,871,"0,9982798668728691"
2023-10-25 13:27:00,337063560,3394,"0,9984351002062136"
2023-10-25 13:28:00,325892942,713,"0,998363933089416"
2023-10-25 13:29:00,282251356,10873,"0,9980314077440946"
2023-10-25 13:30:00,237619991,11168,"0,9968221988549261"
2023-10-25 13:31:00,252443070,1355,"0,9959374804021257"
2023-10-25 13:32:00,273434005,2574,"0,9957448137734303"
2023-10-25 13:33:00,297807624,3414,"0,9959004951288593"
2023-10-25 13:34:00,341132824,10777,"0,9961771867917122"
2023-10-25 13:35:00,369552653,4633,"0,9963585070868014"
2023-10-25 13:36:00,402756413,5980,"0,9977124250625661"
2023-10-25 13:37:00,426415886,3086,"0,9983516055887964"
2023-10-25 13:38:00,415234048,713,"0,9982803160784928"
2023-10-25 13:39:00,402044699,914,"0,9975443665844288"
2023-10-25 13:40:00,418281055,1836,"0,9969952993372446"
2023-10-25 13:41:00,441971624,3211,"0,9971462325530936"
2023-10-25 13:42:00,498521777,18079,"0,9978323436699374"
2023-10-25 13:43:00,559759640,21389,"0,998221621224428"
2023-10-25 13:44:00,548230615,757,"0,9981482411212398"
2023-10-25 13:45:00,551275547,52,"0,9981675877432012"
2023-10-25 13:46:00,704726409,133973,"0,9991421833805296"
2023-10-25 13:47:00,704238412,1,"0,9991383236863832"
2023-10-25 13:48:00,881427138,177888,"1,0002605289415338"
2023-10-25 13:49:00,1178017376,2,"1,0014792646827892"
2023-10-25 13:50:00,1110363439,25740,"1,00105369829298"
2023-10-25 13:51:00,976773497,100617,"1,000212018859174"
2023-10-25 13:52:00,782312339,214077,"0,9989832909870845"
2023-10-25 13:53:00,641081640,113392,"0,9980871962244167"
2023-10-25 13:54:00,565851129,32414,"0,9977716868904386"
2023-10-25 13:55:00,556350717,529,"0,9978740060130447"
2023-10-25 13:56:00,554659659,16,"0,9978632405740424"
2023-10-25 13:57:00,435947107,80725,"0,9972713937036289"
2023-10-25 13:58:00,374252369,22246,"0,9978024384051426"
2023-10-25 13:59:00,357362756,1657,"0,9979118535169204"
2023-10-25 14:00:00,362440915,48,"0,9984879006550657"
2023-10-25 14:01:00,427852158,23772,"0,9999918580087996"
2023-10-25 14:02:00,521909895,50042,"1,0008056382866768"
2023-10-25 14:03:00,459224820,22593,"1,000842578016977"
2023-10-25 14:04:00,435880020,3094,"1,0006942227462188"
2023-10-25 14:05:00,432495757,35,"0,9995320881094317"
2023-10-25 14:06:00,438581013,241,"0,9990811726759461"
2023-10-25 14:07:00,456860276,1903,"0,9991972508883868"
2023-10-25 14:08:00,487974506,5772,"0,9986347015847264"
2023-10-25 14:09:00,491375590,75,"0,9984386583699453"
2023-10-25 14:10:00,483587949,405,"0,9990412185305267"
2023-10-25 14:11:00,450773613,6135,"0,9988324628959715"
2023-10-25 14:12:00,440614955,588,"0,9987678359872428"
2023-10-25 14:13:00,445690792,146,"0,9988001102862816"
2023-10-25 14:14:00,499513796,16536,"0,9990880033665592"
2023-10-25 14:15:00,496115085,60,"0,9987947168036465"
2023-10-25 14:16:00,446044858,14292,"0,9984764243852402"
2023-10-25 14:17:00,391580933,16767,"0,9978037681652211"
2023-10-25 14:18:00,349326309,9623,"0,9957960068867342"
2023-10-25 14:19:00,326593068,2814,"0,9947252546340632"
2023-10-25 14:20:00,311548921,45600,"0,9952286409139876"
2023-10-25 14:21:00,282226320,5032,"0,9955835178879475"
2023-10-25 14:22:00,282236799,-1,"0,9958010205548008"
2023-10-25 14:23:00,274118828,356,"0,9953140184478148"
2023-10-25 14:24:00,266009775,276,"0,9930883554307796"
2023-10-25 14:25:00,230117739,7516,"0,9931825025497082"
2023-10-25 14:26:00,182710901,13218,"0,9938587434401825"
2023-10-25 14:27:00,162441108,2374,"0,9937282529862227"
2023-10-25 14:28:00,162438448,0,"0,9937282222670372"
2023-10-25 14:29:00,170562590,374,"0,99399807949792"
2023-10-25 14:30:00,170560362,0,"0,9944335638777116"
2023-10-25 14:31:00,170560396,0,"0,9944334685224202"
2023-10-25 14:32:00,170559840,2,"0,9926386893460416"
2023-10-25 14:33:00,170560168,0,"0,9914946196665833"
2023-10-25 14:34:00,170560229,0,"0,9924742575164625"
2023-10-25 14:35:00,169206500,11,"0,9926284496806208"
2023-10-25 14:36:00,166499010,44,"0,9927743687110813"
2023-10-25 14:37:00,166499340,0,"0,9934278205855146"
2023-10-25 14:38:00,166499412,0,"0,9934276056707465"
2023-10-25 14:39:00,166499412,0,"0,9934276056707779"
2023-10-25 14:40:00,161423235,17,"0,9949193470421571"
2023-10-25 14:41:00,160408092,5,"0,9948039426175498"
2023-10-25 14:42:00,158378591,19,"0,9942467126748408"
2023-10-25 14:43:00,156348121,19,"0,9936893192546524"
2023-10-25 14:44:00,156347032,0,"0,9936891627381981"
2023-10-25 14:45:00,156347025,0,"0,9939069505315443"
2023-10-25 14:46:00,156347002,0,"0,9943424909551865"
2023-10-25 14:47:00,152964755,59,"0,9937764773688321"
2023-10-25 14:48:00,159049814,231,"0,9930535085307488"
2023-10-25 14:49:00,160407988,10,"0,9930619288859753"
2023-10-25 14:50:00,160407542,1,"0,9946964290997313"
2023-10-25 14:51:00,158376851,26,"0,9950087410604258"
2023-10-25 14:52:00,156345660,28,"0,9956491885755978"
2023-10-25 14:53:00,156347002,0,"0,9952135483705624"
2023-10-25 14:54:00,156346583,1,"0,9935272265306896"
2023-10-25 14:55:00,156347032,0,"0,9934714004708496"
2023-10-25 14:56:00,148226397,378,"0,9933104004573763"
2023-10-25 14:57:00,147548257,2,"0,9933060415947048"
2023-10-25 14:58:00,144164195,66,"0,9932843301657542"
2023-10-25 14:59:00,144164078,0,"0,9938289011945456"
2023-10-25 15:00:00,144840948,4,"0,9942142519492964"
2023-10-25 15:01:00,148226432,61,"0,994617118414148"
2023-10-25 15:02:00,148225085,0,"0,9946170362476926"
2023-10-25 15:03:00,148225074,0,"0,9948892487005832"
2023-10-25 15:04:00,148225084,0,"0,9949436717115661"
2023-10-25 15:05:00,146194639,23,"0,994930664861481"
2023-10-25 15:06:00,147210261,4,"0,9953727609733064"
2023-10-25 15:07:00,152287326,144,"0,995623023936452"
2023-10-25 15:08:00,152285896,0,"0,9945891349248296"
2023-10-25 15:09:00,155668185,73,"0,994011608668994"
2023-10-25 15:10:00,159731251,95,"0,9940374733937728"
2023-10-25 15:11:00,166498965,267,"0,9939719548173152"
2023-10-25 15:12:00,170559606,98,"0,9937802554911728"
2023-10-25 15:13:00,160408641,595,"0,993715151339668"
2023-10-25 15:14:00,144165823,1525,"0,9936109907017144"
2023-10-25 15:15:00,136043063,380,"0,9935044788257955"
2023-10-25 15:16:00,120142757,1449,"0,9931302181956467"
2023-10-25 15:17:00,109308292,679,"0,9930606243794313"
2023-10-25 15:18:00,107615861,15,"0,9928319465828256"
2023-10-25 15:19:00,107615475,0,"0,9927230396994382"
2023-10-25 15:20:00,112691688,1,"0,9927556339447645"
2023-10-25 15:21:00,115399026,42,"0,9927730198980504"
2023-10-25 15:22:00,103555420,812,"0,9926969619428666"
2023-10-25 15:23:00,102540430,4,"0,9913843251008104"
2023-10-25 15:24:00,97467076,140,"0,9905886379451267"
2023-10-25 15:25:00,97463040,0,"0,9900438232416525"
2023-10-25 15:26:00,92391958,138,"0,9890311909006528"
2023-10-25 15:27:00,88668407,72,"0,9879180090155086"
2023-10-25 15:28:00,83249301,173,"0,9879913943213808"
2023-10-25 15:29:00,78173668,150,"0,9879586235894376"
2023-10-25 15:30:00,71742142,245,"0,988189447505376"
2023-10-25 15:31:00,68020362,82,"0,9883832966470898"
2023-10-25 15:32:00,62944223,152,"0,988513931501513"
2023-10-25 15:33:00,60237630,42,"0,9884964509518601"
2023-10-25 15:34:00,54823169,171,"0,988461508058797"
2023-10-25 15:35:00,50762121,96,"0,9884352963253794"
2023-10-25 15:36:00,46701162,96,"0,9884090836502826"
2023-10-25 15:37:00,46024654,2,"0,9877511780043446"
2023-10-25 15:38:00,42644020,62,"0,9865857370940408"
2023-10-25 15:39:00,42640065,0,"0,985768132392408"
2023-10-25 15:40:00,41286469,7,"0,98575903205525"
2023-10-25 15:41:00,38579175,43,"0,9857415078019485"
2023-10-25 15:42:00,41286488,43,"0,9857590321001144"
2023-10-25 15:43:00,42640103,10,"0,9857677934682749"
2023-10-25 15:44:00,39932829,43,"0,9857502700440627"
2023-10-25 15:45:00,34515357,175,"0,9862602182195568"
2023-10-25 15:46:00,26055963,422,"0,9864778177976392"
2023-10-25 15:47:00,23351021,42,"0,9862968442528989"
2023-10-25 15:48:00,18279513,148,"0,9852837223338468"
2023-10-25 15:49:00,14213921,97,"0,9851478924095992"
2023-10-25 15:50:00,10154749,96,"0,9845768439201504"
2023-10-25 15:51:00,9475726,2,"0,9843543445904744"
2023-10-25 15:52:00,6093009,67,"0,9838965316059184"
2023-10-25 15:53:00,4060984,24,"0,9838832512949306"
2023-10-25 15:54:00,1903,97,"0,9834211038897501"
2023-10-25 15:55:00,-3,0,"0,9832029755314442"
2023-10-25 15:56:00,-3,0,"0,9844025630993214"
2023-10-25 15:57:00,-3,0,"0,9874582730915107"
2023-10-25 15:58:00,-3,0,"0,9874535451127135"
2023-10-25 15:59:00,-4060855,96,"0,987427291916918"
2023-10-25 16:00:00,-6091408,10,"0,9861062086460672"
2023-10-25 16:01:00,-6091443,0,"0,9857793032699139"
2023-10-25 16:02:00,-6091443,0,"0,9855067813459789"
2023-10-25 16:03:00,-6091443,0,"0,9851798388819191"
2023-10-25 16:04:00,-6091443,0,"0,9849073762236259"
2023-10-25 16:05:00,-6091438,0,"0,9839268313143699"
2023-10-25 16:06:00,-6091440,0,"0,9831636948335688"
2023-10-25 16:07:00,-6091444,0,"0,9831633986584238"
2023-10-25 16:08:00,-6091444,0,"0,9831633986583795"
2023-10-25 16:09:00,-4060936,24,"0,983176583698916"
2023-10-25 16:10:00,-2031131,24,"0,9828628082817283"
2023-10-25 16:11:00,-2030480,0,"0,9815557083190743"
2023-10-25 16:12:00,-991,24,"0,9810777414548035"
2023-10-25 16:13:00,-4,0,"0,9799338630076435"
2023-10-25 16:14:00,-2026844,24,"0,9781777102245999"
2023-10-25 16:15:00,-4060479,24,"0,9779449200488355"
2023-10-25 16:16:00,106,98,"0,9779714024195671"
2023-10-25 16:17:00,-3,0,"0,9775355308396992"
2023-10-25 16:18:00,-3,0,"0,9773174742605873"
2023-10-25 16:19:00,-676827,2,"0,977313028985056"
2023-10-25 16:20:00,-2030479,1,"0,988475899139739"
2023-10-25 16:21:00,1704,24,"0,9893067262448663"
2023-10-25 16:22:00,-4,0,"0,9900695844435216"
2023-10-25 16:23:00,-3,0,"0,990069290548763"
2023-10-25 16:24:00,-3,0,"0,989578993103754"
2023-10-25 16:25:00,-3,0,"0,9890340920789139"
2023-10-25 16:26:00,-3,0,"0,9887614850623405"
2023-10-25 16:27:00,-3049022,54,"0,98983230290882"
2023-10-25 16:28:00,2576,54,"0,9906692036179917"
2023-10-25 16:29:00,-4,0,"0,9910503796112116"
2023-10-25 16:30:00,-3,0,"0,990559949492783"
2023-10-25 16:31:00,-3,0,"0,9894160599137961"
2023-10-25 16:32:00,-3,0,"0,9879451183588115"
2023-10-25 16:33:00,-3,0,"0,9877805640609181"
2023-10-25 16:34:00,-338528,0,"0,9881054226682112"
2023-10-25 16:35:00,-677053,0,"0,9887572925559112"
2023-10-25 16:36:00,297,2,"0,9891975129234867"
2023-10-25 16:37:00,-3,0,"0,9894154226696835"
2023-10-25 16:38:00,-338490,0,"0,9896312229624648"
2023-10-25 16:39:00,146,0,"0,9900694468534909"
2023-10-25 16:40:00,-187277,10896,"0,9900788354744668"
2023-10-25 16:41:00,-676823,1,"0,9900649859303076"
2023-10-25 16:42:00,-1353653,2,"0,9900606217579001"
2023-10-25 16:43:00,8,10,"0,9900693500027379"
2023-10-25 16:44:00,-3,0,"0,99006934986402"
2023-10-25 16:45:00,-338416,0,"0,9900671678577079"
2023-10-25 16:46:00,-676829,0,"0,9900649858292474"
2023-10-25 16:47:00,558,2,"0,9908870557403537"
2023-10-25 16:48:00,-4,0,"0,9924683713495005"
2023-10-25 16:49:00,-676975,2,"0,9926807655142"
2023-10-25 16:50:00,0,2,"0,9926850953456616"
2023-10-25 16:51:00,-3,0,"0,9926850953112898"
2023-10-25 16:52:00,-338527,0,"0,9930099781678312"
2023-10-25 16:53:00,-2,0,"0,9930121005728048"
2023-10-25 16:54:00,-3,0,"0,9950303931940855"
2023-10-25 16:55:00,-338619,0,"0,9956258542506674"
2023-10-25 16:56:00,-2,0,"0,9956278460197534"
2023-10-25 16:57:00,-3,0,"0,9956278460115925"
2023-10-25 16:58:00,-3,0,"0,9956278460115925"
2023-10-25 16:59:00,-1353645,10,"0,9956191667367763"
2023-10-25 17:00:00,35983,99,"0,9961015840185997"
2023-10-25 17:01:00,-41,0,"0,9971543471752145"
2023-10-25 17:02:00,-676900,2,"0,9972584858586243"
2023-10-25 17:03:00,0,2,"0,9972628129949894"
2023-10-25 17:04:00,-3,0,"0,9972628129611841"
2023-10-25 17:05:00,-3,0,"0,9972628129610739"
2023-10-25 17:06:00,-2709038,42,"0,9978995891795904"
2023-10-25 17:07:00,42,42,"0,9979167053753257"
2023-10-25 17:08:00,-3,0,"0,9979167048365392"
2023-10-25 17:09:00,-3,0,"0,9979167048365392"
2023-10-25 17:10:00,-3,0,"0,9979167048365395"
2023-10-25 17:11:00,-3,0,"0,9983527675290768"
2023-10-25 17:12:00,-3,0,"0,999115758399568"
2023-10-25 17:13:00,-2032008,23,"0,9998658167948064"
2023-10-25 17:14:00,22,23,"0,9998784993928419"
2023-10-25 17:15:00,-3,0,"0,9999329520219306"
2023-10-25 17:16:00,-3,0,"1,0002599499268867"
2023-10-25 17:17:00,-338508,0,"1,0005302682948023"
2023-10-25 17:18:00,-2,0,"1,0005323909768886"
2023-10-25 17:19:00,-3,0,"1,0005323909685633"
2023-10-25 17:20:00,-676439,0,"1,0008037970399757"
2023-10-25 17:21:00,-187,2,"1,0005324277938297"
2023-10-25 17:22:00,-3,0,"1,0005323909685642"
2023-10-25 17:23:00,-338416,0,"1,0005302317804845"
2023-10-25 17:24:00,-338416,0,"1,000530231772084"
2023-10-25 17:25:00,107,0,"1,0008593910387114"
2023-10-25 17:26:00,-3,0,"1,0008593369062424"
2023-10-25 17:27:00,-1015237,5,"1,000852861468466"
2023-10-25 17:28:00,-2030477,5,"1,0008463858377332"
2023-10-25 17:29:00,-338675,16,"1,0006937168910457"
2023-10-25 17:30:00,-58,0,"1,0005324039786434"
2023-10-25 17:31:00,-3,0,"1,000968453406576"
2023-10-25 17:32:00,-1017228,5,"1,0029257190872534"
2023-10-25 17:33:00,332,5,"1,0032572720936783"
2023-10-25 17:34:00,-3,0,"1,003475283981757"
2023-10-25 17:35:00,-676533,2,"1,0030350818460452"
2023-10-25 17:36:00,514,2,"1,0038024996109547"
2023-10-25 17:37:00,-3,0,"1,0041292053236734"
2023-10-25 17:38:00,-338489,0,"1,0043449487723672"
2023-10-25 17:39:00,-1354201,5,"1,0048836106072956"
2023-10-25 17:40:00,-6,0,"1,005224353890424"
2023-10-25 17:41:00,-3,0,"1,005655071208266"
2023-10-25 17:42:00,-676827,2,"1,0056506825959226"
2023-10-25 17:43:00,-147,2,"1,0054370772704029"
2023-10-25 17:44:00,-3,0,"1,0056005408107318"
2023-10-25 17:45:00,-3,0,"1,0057640137790549"
2023-10-25 17:46:00,-3,0,"1,0057640004938138"
2023-10-25 17:47:00,-3,0,"1,0060365318992648"
2023-10-25 17:48:00,-3,0,"1,00609094790319"
2023-10-25 17:49:00,-1353792,10,"1,0061913848478716"
2023-10-25 17:50:00,962,10,"1,0069086854970155"
2023-10-25 17:51:00,-4,0,"1,0078898639375011"
2023-10-25 17:52:00,-338654,0,"1,0085958348207793"
2023-10-25 17:53:00,-677194,0,"1,0096838960254737"
2023-10-25 17:54:00,-1,2,"1,009687589037557"
2023-10-25 17:55:00,-3,0,"1,0096875890072614"
2023-10-25 17:56:00,-676827,2,"1,0096833097908249"
2023-10-25 17:57:00,-1354019,2,"1,0102241688662912"
2023-10-25 17:58:00,153,10,"1,0103416064328512"
2023-10-25 17:59:00,-3,0,"1,0106685983484118"
2023-10-25 18:00:00,-322173,6,"1,011222768657776"
2023-10-25 18:01:00,-1345091,6,"1,002847605402081"
2023-10-25 18:02:00,-5703,10,"0,9985797172364825"
2023-10-25 18:03:00,-3,0,"0,9985705967535482"
2023-10-25 18:04:00,-3384063,65,"0,9985489625794589"
2023-10-25 18:05:00,-3384137,0,"0,9985489617344168"
2023-10-25 18:06:00,69,65,"0,9985705975568627"
2023-10-25 18:07:00,-3,0,"0,9983526960765671"
2023-10-25 18:08:00,-338379,0,"0,9982414928271488"
2023-10-25 18:09:00,-2030465,16,"0,9982306659047482"
2023-10-25 18:10:00,-338398,16,"0,9982414868385296"
2023-10-25 18:11:00,-2,0,"0,9982436507826751"
2023-10-25 18:12:00,-3,0,"0,999224970454868"
2023-10-25 18:13:00,-3,0,"1,0000968035178566"
2023-10-25 18:14:00,-3,0,"0,9999874079691342"
2023-10-25 18:15:00,-3,0,"0,9998785050238541"
2023-10-25 18:16:00,-3,0,"0,9997150394886675"
2023-10-25 18:17:00,-3,0,"1,0002055653139592"
2023-10-25 18:18:00,-3,0,"1,0010231437507833"
2023-10-25 18:19:00,-3,0,"1,0011864147874414"
2023-10-25 18:20:00,-3,0,"1,0000965184913708"
2023-10-25 18:21:00,-3,0,"0,9998785228571427"
2023-10-25 18:22:00,-3,0,"1,0001509120465433"
2023-10-25 18:23:00,-3,0,"0,9999875339622227"
2023-10-25 18:24:00,-3,0,"0,9985716005798848"
2023-10-25 18:25:00,-3,0,"0,9979169195873968"
2023-10-25 18:26:00,-3,0,"0,9979711577564986"
2023-10-25 18:27:00,-677086,2,"0,9983484157662672"
2023-10-25 18:28:00,-338194,0,"0,9990046171987312"
2023-10-25 18:29:00,107,0,"0,9993335642552682"
2023-10-25 18:30:00,-3,0,"1,000314947959131"
2023-10-25 18:31:00,-3389782,65,"1,0019835955157963"
2023-10-25 18:32:00,-4061650,2,"1,0030139756508762"
2023-10-25 18:33:00,1865,93,"1,0034752485553773"
2023-10-25 18:34:00,-3,0,"1,0031482490277446"
2023-10-25 18:35:00,-3,0,"1,0026034733835278"
2023-10-25 18:36:00,-3,0,"1,0024943097993522"
2023-10-25 18:37:00,-3,0,"1,0024943038558327"
2023-10-25 18:38:00,-3,0,"1,0024943038559435"
2023-10-25 18:39:00,-1353350,10,"1,0022676646949256"
2023-10-25 18:40:00,-6698,10,"0,9998909638859613"
2023-10-25 18:41:00,-12,0,"0,9985714684916904"
2023-10-25 18:42:00,-1353644,10,"0,9985619430222272"
2023-10-25 18:43:00,451,10,"0,998897599141896"
2023-10-25 18:44:00,-4,0,"0,9998789807063856"
2023-10-25 18:45:00,-3,0,"0,999878499093324"
2023-10-25 18:46:00,-1353940,10,"1,000087804878416"
2023-10-25 18:47:00,155,10,"1,000205452047207"
2023-10-25 18:48:00,-3,0,"0,9999875443580334"
2023-10-25 18:49:00,-3,0,"0,9998785050386064"
2023-10-25 18:50:00,-676827,2,"0,9998741778967352"
2023-10-25 18:51:00,0,2,"0,9998784991267654"
2023-10-25 18:52:00,-3,0,"0,9998784990930972"
2023-10-25 18:53:00,-677270,2,"1,0005282835853313"
2023-10-25 18:54:00,0,2,"1,0005323910013084"
2023-10-25 18:55:00,-3,0,"1,0008595089938772"
2023-10-25 18:56:00,-677269,2,"1,001509244019951"
2023-10-25 18:57:00,-676830,0,"1,001618061139358"
2023-10-25 18:58:00,515,2,"1,0023855761960505"
2023-10-25 18:59:00,-3,0,"1,0028213444734977"
2023-10-25 19:00:00,-3,0,"1,0029598961138313"
2023-10-25 19:01:00,-3,0,"1,0034752740162345"
2023-10-25 19:02:00,-3,0,"1,003475141668875"
2023-10-25 19:03:00,-1015457,5,"1,0036867498454027"
2023-10-25 19:04:00,444,5,"1,004129249729474"
2023-10-25 19:05:00,-3,0,"1,0041291521749387"
2023-10-25 19:06:00,-3,0,"1,0043471002377318"
2023-10-25 19:07:00,-1354086,10,"1,0046654718092287"
2023-10-25 19:08:00,-676606,2,"1,0049967238757749"
2023-10-25 19:09:00,-147,2,"1,0047830667902509"
2023-10-25 19:10:00,-3,0,"1,004783044050179"
2023-10-25 19:11:00,-676827,2,"1,0047787439463345"
2023-10-25 19:12:00,0,2,"1,004783044083356"
2023-10-25 19:13:00,-3,0,"1,0052191060921392"
2023-10-25 19:14:00,-3,0,"1,0054370781835882"
2023-10-25 19:15:00,-676937,2,"1,0055962435038237"
2023-10-25 19:16:00,550,2,"1,0064182280680494"
2023-10-25 19:17:00,-4,0,"1,0070176298185327"
2023-10-25 19:18:00,-677083,2,"1,0073946304083876"
2023-10-25 19:19:00,-2078,2,"1,0042974010695993"
2023-10-25 19:20:00,-3,0,"1,004133476895576"
2023-10-25 19:21:00,-1354374,10,"1,004665562264295"
2023-10-25 19:22:00,-4064734,41,"1,0060661536717417"
2023-10-25 19:23:00,-676761,64,"1,0060866526919252"
2023-10-25 19:24:00,0,2,"1,0060909464645331"
2023-10-25 19:25:00,-3,0,"1,0060909464316026"
2023-10-25 19:26:00,-3,0,"1,006090946431491"
2023-10-25 19:27:00,-3,0,"1,0060909464316026"
2023-10-25 19:28:00,-3,0,"1,0058730456183411"
2023-10-25 19:29:00,-3,0,"1,005437149045411"
2023-10-25 19:30:00,-676680,2,"1,0052147378676042"
2023-10-25 19:31:00,-294,2,"1,0047831367705886"
2023-10-25 19:32:00,-3,0,"1,004783044050294"
2023-10-25 19:33:00,-1016339,5,"1,0058671630636795"
2023-10-25 19:34:00,222,5,"1,0060909713788495"
2023-10-25 19:35:00,-3,0,"1,0060909464316028"
2023-10-25 19:36:00,-3,0,"1,0057640536170656"
2023-10-25 19:37:00,-676827,2,"1,0057597045842237"
2023-10-25 19:38:00,109,2,"1,0059274874791724"
2023-10-25 19:39:00,-3,0,"1,0065270924893073"
2023-10-25 19:40:00,6082,10,"1,0067549574305108"
2023-10-25 19:41:00,-3,0,"1,0067449569872309"
2023-10-25 19:42:00,-3,0,"1,0067449569374485"
2023-10-25 19:43:00,-3,0,"1,007181018795106"
2023-10-25 19:44:00,-3,0,"1,0082168644034797"
2023-10-25 19:45:00,-3,0,"1,008379818423111"
2023-10-25 19:46:00,-676827,2,"1,0083755204904052"
2023-10-25 19:47:00,-293,2,"1,0079439302207651"
2023-10-25 19:48:00,-3,0,"1,0077258183545146"
2023-10-25 19:49:00,-3,0,"1,0077257947505935"
2023-10-25 19:50:00,-1015237,5,"1,0077193634349193"
2023-10-25 19:51:00,992,5,"1,0087072349808928"
2023-10-25 19:52:00,-4,0,"1,0093608546979511"
2023-10-25 19:53:00,-2031554,23,"1,0098929373053214"
2023-10-25 19:54:00,-2030483,0,"1,0100017070564722"
2023-10-25 19:55:00,-3910,22,"1,0080547397288229"
2023-10-25 19:56:00,-2,0,"1,008434328143757"
2023-10-25 19:57:00,-339056,0,"1,0103411420187351"
2023-10-25 19:58:00,-3,0,"1,0103414808885918"
2023-10-25 19:59:00,-3,0,"1,0103414808825055"
2023-10-25 20:00:00,-681922,2,"1,0103653690401335"
2023-10-25 20:01:00,-2030434,10,"1,0103286520512456"
2023-10-25 20:02:00,-2030483,0,"1,0098928909373004"
2023-10-25 20:03:00,-2030481,0,"1,0088579067542225"
2023-10-25 20:04:00,-676746,10,"1,0089203951541692"
2023-10-25 20:05:00,-1421,2,"1,0068016378123532"
2023-10-25 20:06:00,-5,0,"1,005764535202632"
2023-10-25 20:07:00,-3,0,"1,0052191594559412"
2023-10-25 20:08:00,-3,0,"1,0048375679517898"
2023-10-25 20:09:00,-3,0,"1,0043471963016262"
2023-10-25 20:10:00,-338342,0,"1,0041270248566887"
2023-10-25 20:11:00,-2,0,"1,0041291521831903"
2023-10-25 20:12:00,-3,0,"1,0046741703589577"
2023-10-25 20:13:00,-3,0,"1,0047830499493455"
2023-10-25 20:14:00,-2707263,41,"1,0047658437232172"
2023-10-25 20:15:00,1512,41,"1,0053281906964393"
2023-10-25 20:16:00,-3,0,"1,0051101322724332"
2023-10-25 20:17:00,-3,0,"1,004565267399553"
2023-10-25 20:18:00,-2030237,23,"1,0044432009787914"
2023-10-25 20:19:00,242,23,"1,00456512725047"
2023-10-25 20:20:00,-2,0,"1,004783161470242"
2023-10-25 20:21:00,-676864,2,"1,0048331968618711"
2023-10-25 20:22:00,182,2,"1,0051100281348078"
2023-10-25 20:23:00,-3,0,"1,0051099899878573"
2023-10-25 20:24:00,-677047,2,"1,0054328090646214"
2023-10-25 20:25:00,219,2,"1,0057640550654223"
2023-10-25 20:26:00,-3,0,"1,005764000493815"
2023-10-25 20:27:00,-676827,2,"1,005759704583884"
2023-10-25 20:28:00,109,2,"1,0059274874791724"
2023-10-25 20:29:00,-3,0,"1,0069634142140715"
2023-10-25 20:30:00,-3,0,"1,007617103898317"
2023-10-25 20:31:00,-1353791,10,"1,0077172246086965"
2023-10-25 20:32:00,-338410,5,"1,0077236510409715"
2023-10-25 20:33:00,-3,0,"1,0077257947587033"
2023-10-25 20:34:00,-3,0,"1,0077257947505929"
2023-10-25 20:35:00,-4063936,92,"1,0084632718711786"
2023-10-25 20:36:00,2296,93,"1,0090338593149897"
2023-10-25 20:37:00,-3,0,"1,0090336971318077"
2023-10-25 20:38:00,-338416,0,"1,009031556135266"
2023-10-25 20:39:00,-2030465,16,"1,009020851115883"
2023-10-25 20:40:00,-2035520,23,"1,0090239403765942"
2023-10-25 20:41:00,-1015240,5,"1,0090272741380109"
2023-10-25 20:42:00,222,5,"1,0092516465407393"
2023-10-25 20:43:00,-3,0,"1,0096876831590074"
2023-10-25 20:44:00,-3,0,"1,0096875890071544"
2023-10-25 20:45:00,-3,0,"1,0095786919881278"
2023-10-25 20:46:00,-3,0,"1,0093606666165873"
2023-10-25 20:47:00,-1015237,5,"1,009354222170836"
2023-10-25 20:48:00,-1353656,0,"1,0093520817564805"
2023-10-25 20:49:00,7,10,"1,0093606432003877"
2023-10-25 20:50:00,-3,0,"1,0093606430694722"
2023-10-25 20:51:00,-677485,2,"1,0103377955864623"
2023-10-25 20:52:00,-1,2,"1,0103415995440077"
2023-10-25 20:53:00,-3,0,"1,010995702987574"
2023-10-25 20:54:00,-3,0,"1,009525187045904"
2023-10-25 20:55:00,-334655,0,"0,9983045469197408"
2023-10-25 20:56:00,-24,0,"0,9982436526374016"
2023-10-25 20:57:00,-3,0,"0,997535440224109"
2023-10-25 20:58:00,-2706523,42,"0,9972455249211472"
2023-10-25 20:59:00,43,42,"0,9972628135030825"
2023-10-25 21:00:00,-3,0,"0,9979931023034898"
2023-10-25 21:01:00,-3,0,"0,9979167077605843"
2023-10-25 21:02:00,-338453,0,"0,9980235674665112"
2023-10-25 21:03:00,274,0,"0,9988434276842202"
2023-10-25 21:04:00,-3,0,"0,9991700905397997"
2023-10-25 21:05:00,-3,0,"0,9975365263840493"
2023-10-25 21:06:00,-3,0,"0,9966092338537"
2023-10-25 21:07:00,-3,0,"0,9967722887604534"
2023-10-25 21:08:00,-3,0,"0,9969357617955805"
2023-10-25 21:09:00,-1353645,10,"0,9969270805046612"
2023-10-25 21:10:00,-2030480,2,"0,9969227463097139"
2023-10-25 21:11:00,-338398,16,"0,996933581618954"
2023-10-25 21:12:00,-2,0,"0,9969357484012856"
2023-10-25 21:13:00,-3,0,"0,9967722888268425"
2023-10-25 21:14:00,-3,0,"0,9959552457150808"
2023-10-25 21:15:00,-3,0,"0,9959549105799836"
2023-10-25 21:16:00,-3,0,"0,9960638194259792"
2023-10-25 21:17:00,-3,0,"0,996608951545324"
2023-10-25 21:18:00,-3,0,"0,9966088024552382"
2023-10-25 21:19:00,-3,0,"0,9967178299409448"
2023-10-25 21:20:00,-671923,2,"0,9972849348913981"
2023-10-25 21:21:00,-3388465,42,"0,998877184199892"
2023-10-25 21:22:00,65,65,"0,9988975434687042"
2023-10-25 21:23:00,-3,0,"0,9985706502178638"
2023-10-25 21:24:00,-3,0,"0,9979169189647747"
2023-10-25 21:25:00,-4060857,94,"0,9978907269164857"
2023-10-25 21:26:00,-2556,94,"0,9972628928395827"
2023-10-25 21:27:00,-2,0,"0,99775335241372"
2023-10-25 21:28:00,-3,0,"0,9987891768739584"
2023-10-25 21:29:00,-338452,0,"0,9988953855715887"
2023-10-25 21:30:00,-168,0,"0,9984072430806628"
2023-10-25 21:31:00,-3,0,"0,9976989132351216"
2023-10-25 21:32:00,-2030235,23,"0,9975767730037982"
2023-10-25 21:33:00,-338398,16,"0,9975875935449219"
2023-10-25 21:34:00,71,0,"0,9978077075981192"
2023-10-25 21:35:00,-3,0,"0,9979167107896797"
2023-10-25 21:36:00,-338416,0,"0,9979145399888248"
2023-10-25 21:37:00,-2031759,16,"0,9986669223924691"
2023-10-25 21:38:00,-675633,10,"0,9995476185984355"
2023-10-25 21:39:00,589,2,"1,000423871847994"
2023-10-25 21:40:00,-16121,22,"1,0009464746773178"
2023-10-25 21:41:00,-2707909,41,"1,0011691639709883"
2023-10-25 21:42:00,-676804,23,"1,0011820861911258"
2023-10-25 21:43:00,-552,2,"1,0003692482548052"
2023-10-25 21:44:00,-3,0,"1,000314468053609"
2023-10-25 21:45:00,-338489,0,"1,0005302550477193"
2023-10-25 21:46:00,-2,0,"1,0005323909769164"
2023-10-25 21:47:00,-3,0,"0,9999875504128448"
2023-10-25 21:48:00,-1691867,16,"0,9998677032535869"
2023-10-25 21:49:00,-2030630,0,"1,0003014837830742"
2023-10-25 21:50:00,-676523,10,"1,000528098323357"
2023-10-25 21:51:00,72,2,"1,000641418932252"
2023-10-25 21:52:00,-3,0,"1,0008593606351424"
2023-10-25 21:53:00,-3,0,"1,0008593369061307"
2023-10-25 21:54:00,-3,0,"1,0008593369062413"
2023-10-25 21:55:00,-3,0,"1,0029869794554973"
2023-10-25 21:56:00,-3,0,"1,003802537544889"
2023-10-25 21:57:00,-676827,2,"1,0037979019329517"
2023-10-25 21:58:00,0,2,"1,0038022062704202"
2023-10-25 21:59:00,-3,0,"1,003802206237256"
2023-10-25 22:00:00,-4,0,"1,0038236467523882"
2023-10-25 22:01:00,-3,0,"1,0031484229793128"
2023-10-25 22:02:00,-3,0,"1,0030392987750347"
2023-10-25 22:03:00,-676165,2,"1,0020545085015946"
2023-10-25 22:04:00,-588,2,"1,0011867775309398"
2023-10-25 22:05:00,-4,0,"0,9992265299922259"
2023-10-25 22:06:00,-3,0,"0,998897596807688"
2023-10-25 22:07:00,-676384,2,"0,9982395393929656"
2023-10-25 22:08:00,0,2,"0,9982436508069918"
2023-10-25 22:09:00,-3,0,"0,998080191190488"
2023-10-25 22:10:00,-3,0,"0,997589879391992"
2023-10-25 22:11:00,-1015126,5,"0,9974742466865014"
2023-10-25 22:12:00,-2042,5,"0,9954663980079704"
2023-10-25 22:13:00,-5,0,"0,9946472861607197"
2023-10-25 22:14:00,-2707262,42,"0,9946295732820855"
2023-10-25 22:15:00,-677915,23,"0,994097756036286"
2023-10-25 22:16:00,-75,2,"0,9939930032371677"
2023-10-25 22:17:00,-3,0,"0,9930125845566355"
2023-10-25 22:18:00,-338416,0,"0,993009925025464"
2023-10-25 22:19:00,-1353817,5,"0,9931668851496704"
2023-10-25 22:20:00,-3,0,"0,9939967222725885"
2023-10-25 22:21:00,-3,0,"0,9939929976996352"
2023-10-25 22:22:00,-338416,0,"0,9939908242994931"
2023-10-25 22:23:00,-2,0,"0,9939929977011696"
2023-10-25 22:24:00,-3,0,"0,9939929976926024"
2023-10-25 22:25:00,-3,0,"0,9937750378644714"
2023-10-25 22:26:00,-2706075,42,"0,9933217512897968"
2023-10-25 22:27:00,43,42,"0,9933390470492061"
2023-10-25 22:28:00,-3,0,"0,9936661055794864"
2023-10-25 22:29:00,-3,0,"0,9961214095487496"
2023-10-25 22:30:00,-3,0,"0,9962818694392275"
2023-10-25 22:31:00,-3,0,"0,9962818565174394"
2023-10-25 22:32:00,-3,0,"0,995301383007192"
2023-10-25 22:33:00,-338156,0,"0,9945361089021953"
2023-10-25 22:34:00,-77,0,"0,9943200264309291"
2023-10-25 22:35:00,-3,0,"0,9943200029455811"
2023-10-25 22:36:00,-3,0,"0,9944289711233322"
2023-10-25 22:37:00,-3,0,"0,994974044123624"
2023-10-25 22:38:00,-3,0,"0,9949738948208926"
2023-10-25 22:39:00,-338416,0,"0,9949717235704681"
2023-10-25 22:40:00,-2019643,23,"0,9950842167247352"
2023-10-25 22:41:00,1100,23,"0,995627994727976"
2023-10-25 22:42:00,-4,0,"0,996281952515364"
2023-10-25 22:43:00,-338416,0,"0,9962795694870524"
2023-10-25 22:44:00,182,0,"0,996826995821656"
2023-10-25 22:45:00,-3,0,"0,9972629082317677"
2023-10-25 22:46:00,-3,0,"0,99791691914813"
2023-10-25 22:47:00,-676827,2,"0,9979123751459175"
2023-10-25 22:48:00,0,2,"0,997916704870296"
2023-10-25 22:49:00,-3,0,"0,998025732314438"
2023-10-25 22:50:00,-3,0,"0,997916710791792"
2023-10-25 22:51:00,-3,0,"0,9979167048365395"
2023-10-25 22:52:00,-3,0,"0,9979167048364291"
2023-10-25 22:53:00,-676827,2,"0,9979123751450749"
2023-10-25 22:54:00,0,2,"0,9979167048704064"
2023-10-25 22:55:00,-3,0,"0,9984617239408611"
2023-10-25 22:56:00,-3,0,"0,9988976377647496"
2023-10-25 22:57:00,-4060858,94,"0,9988715902342288"
2023-10-25 22:58:00,-6091417,23,"0,9988586117934009"
