,mean voltage p.u.,P,Q
2023-08-01 22:00:00,"1,0130259242102675",348994,378500595
2023-08-01 22:01:00,"1,014087516176905",42008,511072668
2023-08-01 22:02:00,"1,0143140344348096",1885,539261477
2023-08-01 22:03:00,"1,0118893926850046",219993,236863104
2023-08-01 22:04:00,"1,011352371497845",11230,169081810
2023-08-01 22:05:00,"1,0113521262888652",-11,169016978
2023-08-01 22:06:00,"1,0116562654800318",3505,207045252
2023-08-01 22:07:00,"1,0127210448974795",43003,340265014
2023-08-01 22:08:00,"1,013175936908589",7745,397017527
2023-08-01 22:09:00,"1,0128721865532364",3468,359035333
2023-08-01 22:10:00,"1,0113540773411085",86910,169531158
2023-08-01 22:11:00,"1,0113521262940095",-11,169016980
2023-08-01 22:12:00,"1,011656265480028",3505,207045252
2023-08-01 22:13:00,"1,0118083711625372",-11,226050305
2023-08-01 22:14:00,"1,0113523025104558",7877,169063444
2023-08-01 22:15:00,"1,0113521262888243",-11,169016978
2023-08-01 22:16:00,"1,0127216722180628",71281,340430725
2023-08-01 22:17:00,"1,0131759363324635",7691,397017356
2023-08-01 22:18:00,"1,013327578407616",-11,415951186
2023-08-01 22:19:00,"1,0140870532824238",21680,510950437
2023-08-01 22:20:00,"1,0140901701118987",636629,511744792
2023-08-01 22:21:00,"1,0146980569894224",839151,587880984
2023-08-01 22:22:00,"1,0166628245597922",-11,832854282
2023-08-01 22:23:00,"1,0168141610872603",-11,851771350
2023-08-01 22:24:00,"1,0168141610872603",-11,851771350
2023-08-01 22:25:00,"1,0168141610872603",-11,851771350
2023-08-01 22:26:00,"1,0166628245597922",-11,832854282
2023-08-01 22:27:00,"1,015905680666087",-11,738211288
2023-08-01 22:28:00,"1,015905680666087",-11,738211288
2023-08-01 22:29:00,"1,0147739282336696",866373,597385099
2023-08-01 22:30:00,"1,0145459774999337",785883,568831505
2023-08-01 22:31:00,"1,0143940521503048",734402,549802621
2023-08-01 22:32:00,"1,0140901701118987",636629,511744792
2023-08-01 22:33:00,"1,0140901701118987",636629,511744792
2023-08-01 22:34:00,"1,0140901701118987",636629,511744792
2023-08-01 22:35:00,"1,0140901701118987",636629,511744792
2023-08-01 22:36:00,"1,0142421163552198",684650,530773716
2023-08-01 22:37:00,"1,0145459774999337",785883,568831505
2023-08-01 22:38:00,"1,0145459774999337",785883,568831505
2023-08-01 22:39:00,"1,0145459774999337",785883,568831505
2023-08-01 22:40:00,"1,0145459774999337",785883,568831505
2023-08-01 22:41:00,"1,0145459774999337",785883,568831505
2023-08-01 22:42:00,"1,0145459774999337",785883,568831505
2023-08-01 22:43:00,"1,0145459774999337",785883,568831505
2023-08-01 22:44:00,"1,0145459774999337",785883,568831505
2023-08-01 22:45:00,"1,0154510901452831",-11,681387470
2023-08-01 22:46:00,"1,0163599281110267",-11,794992223
2023-08-01 22:47:00,"1,0163599281110267",-11,794992223
2023-08-01 22:48:00,"1,0163599281110267",-11,794992223
2023-08-01 22:49:00,"1,016587230868769",-11,823405070
2023-08-01 22:50:00,"1,0168141610872603",-11,851771350
2023-08-01 22:51:00,"1,0165114682457428",-11,813934741
2023-08-01 22:52:00,"1,0160571163370125",-11,757140748
2023-08-01 22:53:00,"1,015905680666087",-11,738211288
2023-08-01 22:54:00,"1,015905680666087",-11,738211288
2023-08-01 22:55:00,"1,0168141610872603",-11,851771350
2023-08-01 22:56:00,"1,0168141610872603",-11,851771350
2023-08-01 22:57:00,"1,0169654778469932",-11,870685947
2023-08-01 22:58:00,"1,0172682160252002",-11,908528223
2023-08-01 22:59:00,"1,0180244708064343",-11,1003060084
2023-08-01 23:00:00,"1,0181756300571008",-11,1021954993
2023-08-01 23:01:00,"1,0189312963455248",-11,1116413297
2023-08-01 23:02:00,"1,019006901559928",-11,1125863951
2023-08-01 23:03:00,"1,018628990287768",-11,1078625032
2023-08-01 23:04:00,"1,0181756300571008",-11,1021954993
2023-08-01 23:05:00,"1,0164357006606186",-11,804463792
2023-08-01 23:06:00,"1,0154510901452831",-11,681387470
2023-08-01 23:07:00,"1,0154510901452831",-11,681387470
2023-08-01 23:08:00,"1,0154510901452831",-11,681387470
2023-08-01 23:09:00,"1,0154510901452831",-11,681387470
2023-08-01 23:10:00,"1,0154510901452831",-11,681387470
2023-08-01 23:11:00,"1,015001690903884",950686,625918028
2023-08-01 23:12:00,"1,0142421163552198",684650,530773716
2023-08-01 23:13:00,"1,0140900054840825",636578,511724176
2023-08-01 23:14:00,"1,0140900054840825",636578,511724176
2023-08-01 23:15:00,"1,0145459774999337",785883,568831505
2023-08-01 23:16:00,"1,015001690903884",950686,625918028
2023-08-01 23:17:00,"1,015077716282941",979693,635442737
2023-08-01 23:18:00,"1,0154510901452831",-11,681387470
2023-08-01 23:19:00,"1,0154510901452831",-11,681387470
2023-08-01 23:20:00,"1,0154526548081153",69757,681801197
2023-08-01 23:21:00,"1,0154510900905729",-11,681387455
2023-08-01 23:22:00,"1,014542227829914",30706,567876125
2023-08-01 23:23:00,"1,0143899182618223",-11,548743701
2023-08-01 23:24:00,"1,0140866450946453",3429,510842589
2023-08-01 23:25:00,"1,0140865677230206",-11,510822158
2023-08-01 23:26:00,"1,014086567723012",-11,510822158
2023-08-01 23:27:00,"1,0148453927275611",21556,605742668
2023-08-01 23:28:00,"1,0154513980014843",13653,681468831
2023-08-01 23:29:00,"1,0154510900873728",-11,681387454
2023-08-01 23:30:00,"1,0153754217969224",-11,671929587
2023-08-01 23:31:00,"1,0154510948877975",-11,681388723
2023-08-01 23:32:00,"1,0154510900872429",-11,681387454
2023-08-01 23:33:00,"1,0154510900872429",-11,681387454
2023-08-01 23:34:00,"1,0149964934152846",7673,624587001
2023-08-01 23:35:00,"1,0145417078921917",7707,567738858
2023-08-01 23:36:00,"1,014238156450585",3437,529781531
2023-08-01 23:37:00,"1,0143899180854907",-11,548743647
2023-08-01 23:38:00,"1,0145415534305808",-11,567698061
2023-08-01 23:39:00,"1,014541534107487",-11,567692956
2023-08-01 23:40:00,"1,0145415341356565",-11,567692964
2023-08-01 23:41:00,"1,0145415341074868",-11,567692956
2023-08-01 23:42:00,"1,0145415341074868",-11,567692956
2023-08-01 23:43:00,"1,0145415341074868",-11,567692956
2023-08-01 23:44:00,"1,0145415341074868",-11,567692956
2023-08-01 23:45:00,"1,0146931687520269",-11,586649976
2023-08-01 23:46:00,"1,0154515725434143",21460,681515000
2023-08-01 23:47:00,"1,0154510900875608",-11,681387454
2023-08-01 23:48:00,"1,0154510900872424",-11,681387454
2023-08-01 23:49:00,"1,016360784591495",30757,795195887
2023-08-01 23:50:00,"1,0163600920201",-11,795012696
2023-08-01 23:51:00,"1,0161329518244848",1897,766626187
2023-08-01 23:52:00,"1,0159057238190274",1902,738222694
2023-08-01 23:53:00,"1,0159056805864173",-11,738211267
2023-08-01 23:54:00,"1,0159056805864142",-11,738211267
2023-08-01 23:55:00,"1,0154512631511796",7648,681433180
2023-08-01 23:56:00,"1,0136338703376082",122859,454620704
2023-08-01 23:57:00,"1,01332763835686",3608,415967068
2023-08-01 23:58:00,"1,0148466843746673",86751,606107096
2023-08-01 23:59:00,"1,0146931693305337",-11,586650148
2023-08-02 00:00:00,"1,0143908430676831",41791,548987837
2023-08-02 00:01:00,"1,0137074376082056",17530,463485600
2023-08-02 00:02:00,"1,0119629029908854",114320,245720569
2023-08-02 00:03:00,"1,0118083719271376",-11,226050533
2023-08-02 00:04:00,"1,0118083515815124",-11,226045140
2023-08-02 00:05:00,"1,011504245262218",3495,188042715
2023-08-02 00:06:00,"1,0108961950857038",14038,112069043
2023-08-02 00:07:00,"1,0108958814904725",-11,111986378
2023-08-02 00:08:00,"1,011504645725508",14110,188125510
2023-08-02 00:09:00,"1,0121887398970144",17738,273648659
2023-08-02 00:10:00,"1,0122643979304846",-11,283051602
2023-08-02 00:11:00,"1,0128724208518818",13972,359097194
2023-08-02 00:12:00,"1,01317584010749",3448,396991991
2023-08-02 00:13:00,"1,0131757624779851",-11,396971502
2023-08-02 00:14:00,"1,0131757624779765",-11,396971502
2023-08-02 00:15:00,"1,0131757624779762",-11,396971502
2023-08-02 00:16:00,"1,0131757624779762",-11,396971502
2023-08-02 00:17:00,"1,0131757624779762",-11,396971502
2023-08-02 00:18:00,"1,0131757624779762",-11,396971502
2023-08-02 00:19:00,"1,0127202619876945",7799,340058261
2023-08-02 00:20:00,"1,0127200875940223",-11,340012261
2023-08-02 00:21:00,"1,01272008684355",-11,340012048
2023-08-02 00:22:00,"1,0127200868435502",-11,340012048
2023-08-02 00:23:00,"1,0124922244062542",1948,311535334
2023-08-02 00:24:00,"1,0122642724260624",1953,283041345
2023-08-02 00:25:00,"1,0122642284983885",-11,283029755
2023-08-02 00:26:00,"1,012416330887135",-11,302045269
2023-08-02 00:27:00,"1,0137845697899996",70735,473292103
2023-08-02 00:28:00,"1,01454201610656",21373,567820243
2023-08-02 00:29:00,"1,0145415341078048",-11,567692957
2023-08-02 00:30:00,"1,0145415341074864",-11,567692956
2023-08-02 00:31:00,"1,013177330551926",69538,397385157
2023-08-02 00:32:00,"1,0131757624813384",-11,396971503
2023-08-02 00:33:00,"1,0131757624779762",-11,396971502
2023-08-02 00:34:00,"1,0134795775994156",3463,434959211
2023-08-02 00:35:00,"1,0136312753118186",-11,453913301
2023-08-02 00:36:00,"1,013631255929352",-11,453908184
2023-08-02 00:37:00,"1,013631255929351",-11,453908184
2023-08-02 00:38:00,"1,0131759372718263",7773,397017633
2023-08-02 00:39:00,"1,0131757624780189",-11,396971502
2023-08-02 00:40:00,"1,0131773305519258",69538,397385157
2023-08-02 00:41:00,"1,013175762481339",-11,396971503
2023-08-02 00:42:00,"1,0131757624779762",-11,396971502
2023-08-02 00:43:00,"1,0131757624779762",-11,396971502
2023-08-02 00:44:00,"1,0134035756945596",1942,425454237
2023-08-02 00:45:00,"1,0136312996163923",1937,453919719
2023-08-02 00:46:00,"1,013631255929354",-11,453908184
2023-08-02 00:47:00,"1,013631255929351",-11,453908184
2023-08-02 00:48:00,"1,0132518668501922",5393,406501407
2023-08-02 00:49:00,"1,0131757673653867",-11,396972793
2023-08-02 00:50:00,"1,0131757624779765",-11,396971502
2023-08-02 00:51:00,"1,012265093776903",31209,283235123
2023-08-02 00:52:00,"1,0122643931018924",-11,283050330
2023-08-02 00:53:00,"1,0124163308448246",-11,302045258
2023-08-02 00:54:00,"1,0131762497753936",21812,397100181
2023-08-02 00:55:00,"1,013175762478303",-11,396971502
2023-08-02 00:56:00,"1,0131757624779762",-11,396971502
2023-08-02 00:57:00,"1,0131757624779762",-11,396971502
2023-08-02 00:58:00,"1,0131757624779762",-11,396971502
2023-08-02 00:59:00,"1,0131757624779765",-11,396971502
2023-08-02 01:00:00,"1,01317769737957",85751,397481890
2023-08-02 01:01:00,"1,0113549394693395",125482,169758482
2023-08-02 01:02:00,"1,010896060537105",8144,112033664
2023-08-02 01:03:00,"1,010287417516208",14119,35971983
2023-08-02 01:04:00,"1,0099873543019184",-11,10
2023-08-02 01:05:00,"1,0099873542507898",-11,0
2023-08-02 01:06:00,"1,0094372340717002",-11,0
2023-08-02 01:07:00,"1,0089969403289427",-11,0
2023-08-02 01:08:00,"1,0086666885964373",-11,0
2023-08-02 01:09:00,"1,0086666345318949",-11,0
2023-08-02 01:10:00,"1,0088868381209362",-11,0
2023-08-02 01:11:00,"1,0090519324615277",-11,0
2023-08-02 01:12:00,"1,0093270915024102",-11,0
2023-08-02 01:13:00,"1,0095471383258403",-11,0
2023-08-02 01:14:00,"1,0107437143285114",21145,92981124
2023-08-02 01:15:00,"1,011276256389782",10791,159566611
2023-08-02 01:16:00,"1,0113521311614713",-11,169018262
2023-08-02 01:17:00,"1,0113521262887812",-11,169016978
2023-08-02 01:18:00,"1,0113521262887812",-11,169016978
2023-08-02 01:19:00,"1,011352126288781",-11,169016978
2023-08-02 01:20:00,"1,0113537074558836",70495,169433719
2023-08-02 01:21:00,"1,0113521262922165",-11,169016979
2023-08-02 01:22:00,"1,0113521262887812",-11,169016978
2023-08-02 01:23:00,"1,0113521262887812",-11,169016978
2023-08-02 01:24:00,"1,011352126288781",-11,169016978
2023-08-02 01:25:00,"1,0113521262887812",-11,169016978
2023-08-02 01:26:00,"1,011352126288781",-11,169016978
2023-08-02 01:27:00,"1,011352126288781",-11,169016978
2023-08-02 01:28:00,"1,011352126288781",-11,169016978
2023-08-02 01:29:00,"1,0122649333830005",31660,283215821
2023-08-02 01:30:00,"1,0127202618582294",7793,340058224
2023-08-02 01:31:00,"1,0119608187116362",21769,245171203
2023-08-02 01:32:00,"1,0118083712767725",-11,226050340
2023-08-02 01:33:00,"1,0118083515815124",-11,226045140
2023-08-02 01:34:00,"1,0118083515815113",-11,226045140
2023-08-02 01:35:00,"1,0116562067356745",-11,207029754
2023-08-02 01:36:00,"1,01135220459684",3496,169037628
2023-08-02 01:37:00,"1,01135212628879",-11,169016978
2023-08-02 01:38:00,"1,011960644376407",14064,245125273
2023-08-02 01:39:00,"1,0127205746686687",21840,340140822
2023-08-02 01:40:00,"1,0115824097292854",95569,198099999
2023-08-02 01:41:00,"1,0113521713732707",2059,169028900
2023-08-02 01:42:00,"1,011656265452186",3502,207045243
2023-08-02 01:43:00,"1,0122645414252214",14024,283112341
2023-08-02 01:44:00,"1,012264228498521",-11,283029755
2023-08-02 01:45:00,"1,0122642284983858",-11,283029755
2023-08-02 01:46:00,"1,0113528297863164",31413,169202430
2023-08-02 01:47:00,"1,0113521262894634",-11,169016978
2023-08-02 01:48:00,"1,0113521262887812",-11,169016978
2023-08-02 01:49:00,"1,0122649333830005",31660,283215821
2023-08-02 01:50:00,"1,0122642284990695",-11,283029755
2023-08-02 01:51:00,"1,0122642284983858",-11,283029755
2023-08-02 01:52:00,"1,0122642284983858",-11,283029755
2023-08-02 01:53:00,"1,0122642284983858",-11,283029755
2023-08-02 01:54:00,"1,012492389102934",1957,311555941
2023-08-02 01:55:00,"1,0127201306426168",1947,340023607
2023-08-02 01:56:00,"1,0127200868435533",-11,340012048
2023-08-02 01:57:00,"1,0127200868435504",-11,340012048
2023-08-02 01:58:00,"1,0127200868435504",-11,340012048
2023-08-02 01:59:00,"1,0127200868435502",-11,340012048
2023-08-02 02:00:00,"1,0127202619876945",7799,340058261
2023-08-02 02:01:00,"1,013099895962598",5419,387505085
2023-08-02 02:02:00,"1,0131757673297594",-11,396972782
2023-08-02 02:03:00,"1,013023965141183",-11,377999537
2023-08-02 02:04:00,"1,0122648799897886",21699,283178751
2023-08-02 02:05:00,"1,012188349014644",-11,273545511
2023-08-02 02:06:00,"1,0118084736982829",5450,226077348
2023-08-02 02:07:00,"1,01211236800926",3486,264058038
2023-08-02 02:08:00,"1,0130246483317635",31486,378179943
2023-08-02 02:09:00,"1,0136315662100597",13815,453990103
2023-08-02 02:10:00,"1,0133276369203537",3468,415966638
2023-08-02 02:11:00,"1,0125686955700537",21661,321155643
2023-08-02 02:12:00,"1,0121124659596934",7875,264083885
2023-08-02 02:13:00,"1,0113526153801629",21864,169145928
2023-08-02 02:14:00,"1,0113521262891116",-11,169016978
2023-08-02 02:15:00,"1,0113521262887808",-11,169016978
2023-08-02 02:16:00,"1,011732394372364",5485,216567489
2023-08-02 02:17:00,"1,011808356462514",-11,226046427
2023-08-02 02:18:00,"1,0118083515815115",-11,226045140
2023-08-02 02:19:00,"1,0118083515815115",-11,226045140
2023-08-02 02:20:00,"1,0118085279553393",7906,226091675
2023-08-02 02:21:00,"1,011808351581555",-11,226045140
2023-08-02 02:22:00,"1,0118083515815115",-11,226045140
2023-08-02 02:23:00,"1,0118083515815115",-11,226045140
2023-08-02 02:24:00,"1,012264569119764",7881,283096783
2023-08-02 02:25:00,"1,0128724206411768",13952,359097132
2023-08-02 02:26:00,"1,0131758401076227",3448,396991991
2023-08-02 02:27:00,"1,013175762477985",-11,396971502
2023-08-02 02:28:00,"1,0131757624779762",-11,396971502
2023-08-02 02:29:00,"1,0131757624779762",-11,396971502
2023-08-02 02:30:00,"1,0128721864462833",3457,359035301
2023-08-02 02:31:00,"1,012720106375984",-11,340017203
2023-08-02 02:32:00,"1,0125682287274371",-11,321032490
2023-08-02 02:33:00,"1,0122643065761874",3477,283050353
2023-08-02 02:34:00,"1,011960409065927",3485,245063170
2023-08-02 02:35:00,"1,011352439421349",14000,169099540
2023-08-02 02:36:00,"1,0113521262889174",-11,169016978
2023-08-02 02:37:00,"1,0124172708455088",43113,302293427
2023-08-02 02:38:00,"1,0127201642321155",3422,340032455
2023-08-02 02:39:00,"1,0136319566851475",31349,454093283
2023-08-02 02:40:00,"1,0136319568278072",31363,454093326
2023-08-02 02:41:00,"1,0135553031467115",-11,444414781
2023-08-02 02:42:00,"1,0131758838618805",5397,397003539
2023-08-02 02:43:00,"1,013175762477997",-11,396971502
2023-08-02 02:44:00,"1,0131757624779762",-11,396971502
2023-08-02 02:45:00,"1,0131757624779762",-11,396971502
2023-08-02 02:46:00,"1,0127202619876945",7799,340058261
2023-08-02 02:47:00,"1,0115055805369315",55696,188371864
2023-08-02 02:48:00,"1,0121887386010924",17615,273648273
2023-08-02 02:49:00,"1,0122642333068417",-11,283031021
2023-08-02 02:50:00,"1,0122642284983856",-11,283029755
2023-08-02 02:51:00,"1,0111250441350716",49085,140784059
2023-08-02 02:52:00,"1,0108957613732006",2019,111977576
2023-08-02 02:53:00,"1,01226581695111",71503,283449143
2023-08-02 02:54:00,"1,01188438477417",5563,235566438
2023-08-02 02:55:00,"1,0115044539135103",5466,188074893
2023-08-02 02:56:00,"1,0108961953096285",14051,112069103
2023-08-02 02:57:00,"1,0108958814904725",-11,111986378
2023-08-02 02:58:00,"1,0108958814903355",-11,111986378
2023-08-02 02:59:00,"1,0102874172946876",14098,35971917
2023-08-02 03:00:00,"1,0094922434651463",18938,16978
2023-08-02 03:01:00,"1,0108960559830158",30693,112030881
2023-08-02 03:02:00,"1,0118090575844152",31719,226231451
2023-08-02 03:03:00,"1,0118083515821985",-11,226045140
2023-08-02 03:04:00,"1,0106687092336335",49245,83742436
2023-08-02 03:05:00,"1,0091621773134103",51142,45709
2023-08-02 03:06:00,"1,0088317934968862",-11,14
2023-08-02 03:07:00,"1,008996857765574",-11,0
2023-08-02 03:08:00,"1,00899684426394",-11,0
2023-08-02 03:09:00,"1,0089968442639397",-11,0
2023-08-02 03:10:00,"1,009217047845118",-11,0
2023-08-02 03:11:00,"1,0093270599914028",-11,0
2023-08-02 03:12:00,"1,009602226534509",-11,0
2023-08-02 03:13:00,"1,0101347368841689",-11,16843815
2023-08-02 03:14:00,"1,010439365963281",3539,54932869
2023-08-02 03:15:00,"1,0104392871115235",-11,54912081
2023-08-02 03:16:00,"1,0097673115104018",3936,3531
2023-08-02 03:17:00,"1,0098222508792545",-11,0
2023-08-02 03:18:00,"1,0099873677477806",-11,0
2023-08-02 03:19:00,"1,010058705932683",-11,7339531
2023-08-02 03:20:00,"1,0104392872129897",-11,54912109
2023-08-02 03:21:00,"1,010439287111515",-11,54912081
2023-08-02 03:22:00,"1,010439287111515",-11,54912081
2023-08-02 03:23:00,"1,009217223529991",44747,40023
2023-08-02 03:24:00,"1,0083369282655874",-11,34
2023-08-02 03:25:00,"1,0083365440092094",-11,0
2023-08-02 03:26:00,"1,007896400207246",-11,0
2023-08-02 03:27:00,"1,0083366401135403",-11,0
2023-08-02 03:28:00,"1,009217408155419",-11,0
2023-08-02 03:29:00,"1,0093270599521906",-11,0
2023-08-02 03:30:00,"1,009106898455016",-11,0
2023-08-02 03:31:00,"1,0086667305734138",-11,0
2023-08-02 03:32:00,"1,0086666345318973",-11,0
2023-08-02 03:33:00,"1,008666634531893",-11,0
2023-08-02 03:34:00,"1,008666634531893",-11,0
2023-08-02 03:35:00,"1,008501662368352",-11,0
2023-08-02 03:36:00,"1,0086667672538827",-11,0
2023-08-02 03:37:00,"1,0086667537411829",-11,0
2023-08-02 03:38:00,"1,0089419263058883",-11,0
2023-08-02 03:39:00,"1,008996845758566",-11,0
2023-08-02 03:40:00,"1,0080076493696206",294111,263534
2023-08-02 03:41:00,"1,007676298233785",-11,86
2023-08-02 03:42:00,"1,007511152423216",-11,0
2023-08-02 03:43:00,"1,0073460475527",-11,0
2023-08-02 03:44:00,"1,0075662376398755",-11,0
2023-08-02 03:45:00,"1,0078963581657194",-11,0
2023-08-02 03:46:00,"1,0080063402770838",-11,0
2023-08-02 03:47:00,"1,0080063342770895",-11,0
2023-08-02 03:48:00,"1,0080063342770895",-11,0
2023-08-02 03:49:00,"1,0079513802926667",-11,0
2023-08-02 03:50:00,"1,0076762813058038",-11,0
2023-08-02 03:51:00,"1,0076762437543332",-11,0
2023-08-02 03:52:00,"1,0075111524142886",-11,0
2023-08-02 03:53:00,"1,0072360414191974",-11,0
2023-08-02 03:54:00,"1,0070158483638336",-11,0
2023-08-02 03:55:00,"1,006795787991581",-11,0
2023-08-02 03:56:00,"1,0060256091147657",-11,0
2023-08-02 03:57:00,"1,0060253143034323",-11,0
2023-08-02 03:58:00,"1,006135469717041",-11,0
2023-08-02 03:59:00,"1,0066858842395283",-11,0
2023-08-02 04:00:00,"1,0064697244692418",931251,834411
2023-08-02 04:01:00,"1,006025412427439",-11,368
2023-08-02 04:02:00,"1,0052002478696365",-11,0
2023-08-02 04:03:00,"1,0037153022581913",-11,0
2023-08-02 04:04:00,"1,0017351409586437",-11,0
2023-08-02 04:05:00,"0,9995893621253135",-10,0
2023-08-02 04:06:00,"0,9989819584833728",-10,0
2023-08-02 04:07:00,"0,9984866416877005",-10,0
2023-08-02 04:08:00,"0,9977714002423418",-10,0
2023-08-02 04:09:00,"0,9977711438858634",-10,0
2023-08-02 04:10:00,"0,9959568217389174",-10,0
2023-08-02 04:11:00,"0,9957901378626173",-10,0
2023-08-02 04:12:00,"0,9956250327358503",-10,0
2023-08-02 04:13:00,"0,9947999560803032",-10,0
2023-08-02 04:14:00,"0,9943044823820678",-10,0
2023-08-02 04:15:00,"0,9928197042072744",-10,0
2023-08-02 04:16:00,"0,9928185939522",-10,0
2023-08-02 04:17:00,"0,9924884987179456",-10,0
2023-08-02 04:18:00,"0,9984492370925648",-10,0
2023-08-02 04:19:00,"1,0047243096767309",-11,0
2023-08-02 04:20:00,"1,0044946239381307",-11,0
2023-08-02 04:21:00,"1,0033846080645787",-11,0
2023-08-02 04:22:00,"1,0038243302906875",-11,0
2023-08-02 04:23:00,"1,0040443184296115",-11,0
2023-08-02 04:24:00,"1,004044294329689",-11,0
2023-08-02 04:25:00,"1,0040442943296888",-11,0
2023-08-02 04:26:00,"1,0040442943296886",-11,0
2023-08-02 04:27:00,"1,0037691969865996",-11,0
2023-08-02 04:28:00,"1,0026142096954556",-11,0
2023-08-02 04:29:00,"1,0021610231147522",39121780,3413
2023-08-02 04:30:00,"1,001934526430083",124799920,16391
2023-08-02 04:31:00,"1,0017340295039934",132659560,143
2023-08-02 04:32:00,"1,0017571662199845",141945774,192
2023-08-02 04:33:00,"1,0011026427137162",144079916,12
2023-08-02 04:34:00,"1,0002649499258682",139016227,52
2023-08-02 04:35:00,"1,0000803897081731",131336451,130
2023-08-02 04:36:00,"1,0000802863567613",131300676,0
2023-08-02 04:37:00,"0,9987611218283392",131376582,0
2023-08-02 04:38:00,"0,9987567764778712",129988143,4
2023-08-02 04:39:00,"0,9987654764257008",133465860,27
2023-08-02 04:40:00,"0,9987833538887368",140612185,384
2023-08-02 04:41:00,"0,9988012923839864",147783829,115
2023-08-02 04:42:00,"0,9988263025327434",157782823,224
2023-08-02 04:43:00,"0,9992998548311779",171162536,392
2023-08-02 04:44:00,"0,9998714630385578",179752141,157
2023-08-02 04:45:00,"1,0007598727801608",182992917,18
2023-08-02 04:46:00,"1,001224562112037",192989721,215
2023-08-02 04:47:00,"1,004493675029656",222772873,1806
2023-08-02 04:48:00,"1,0056750924508613",257391779,2575
2023-08-02 04:49:00,"1,005751391770994",266196548,170
2023-08-02 04:50:00,"1,0060388737080177",271229390,52
2023-08-02 04:51:00,"1,0060675649188442",282804539,296
2023-08-02 04:52:00,"1,0057688632325987",295333949,357
2023-08-02 04:53:00,"1,005766464989861",294389984,1
2023-08-02 04:54:00,"1,0057690324377724",295424244,2
2023-08-02 04:55:00,"1,0064541833426013",305548259,209
2023-08-02 04:56:00,"1,0064585098958234",307379987,7
2023-08-02 04:57:00,"1,006712224214226",298811152,168
2023-08-02 04:58:00,"1,0063036954001692",311438231,366
2023-08-02 04:59:00,"1,0064872145497608",318946725,121
2023-08-02 05:00:00,"1,0065219755549666",288320935,183803
2023-08-02 05:01:00,"1,0064900443097726",297953918,216
2023-08-02 05:02:00,"1,0064583413265655",307311258,194
2023-08-02 05:03:00,"1,0064474798420548",302933431,42
2023-08-02 05:04:00,"1,005529013486182",331454159,1875
2023-08-02 05:05:00,"1,0045615861232602",340417852,206
2023-08-02 05:06:00,"1,00345516087053",293483029,4753
2023-08-02 05:07:00,"1,0034425008747347",288595637,53
2023-08-02 05:08:00,"1,0033815176241894",352495028,9107
2023-08-02 05:09:00,"1,0022668287632257",346202726,77
2023-08-02 05:10:00,"1,0028579212900703",318732063,1734
2023-08-02 05:11:00,"1,0028310259074136",308016725,255
2023-08-02 05:12:00,"1,0026935346443857",252793094,6784
2023-08-02 05:13:00,"1,002598800559795",258958101,86
2023-08-02 05:14:00,"1,002409510173105",271245910,342
2023-08-02 05:15:00,"1,0024160389447647",273876911,15
2023-08-02 05:16:00,"1,0024788436202137",299091387,1415
2023-08-02 05:17:00,"1,002401293089738",334189668,2757
2023-08-02 05:18:00,"1,0016160499127773",349900766,591
2023-08-02 05:19:00,"1,0018265752701168",346277879,31
2023-08-02 05:20:00,"1,0022075025582011",386135443,332515
2023-08-02 05:21:00,"1,0022274699768692",463107805,13289
2023-08-02 05:22:00,"1,0024212775095809",452621132,251
2023-08-02 05:23:00,"1,0051349172143555",481555904,1557
2023-08-02 05:24:00,"1,0062641073372545",494754709,323
2023-08-02 05:25:00,"1,0065377961328916",472378321,1136
2023-08-02 05:26:00,"1,006797562604165",444104846,1800
2023-08-02 05:27:00,"1,0067670793076693",476173731,2281
2023-08-02 05:28:00,"1,00682322770911",454481572,1047
2023-08-02 05:29:00,"1,007713726114146",481011253,1462
2023-08-02 05:30:00,"1,0090825986817995",500955096,763
2023-08-02 05:31:00,"1,0095370764991347",529469877,1734
2023-08-02 05:32:00,"1,0101014385514115",568659450,12681302
2023-08-02 05:33:00,"1,0102157112928465",602119684,26967905
2023-08-02 05:34:00,"1,0102727195324095",618819433,34091831
2023-08-02 05:35:00,"1,0104320863057903",665508702,54017429
2023-08-02 05:36:00,"1,0092756324179957",712814737,34364
2023-08-02 05:37:00,"1,0086776909181598",759766509,5071
2023-08-02 05:38:00,"1,0084580722910252",804362201,4463
2023-08-02 05:39:00,"1,008409069243971",829001410,1351
2023-08-02 05:40:00,"1,0084878551642331",860904551,148
2023-08-02 05:41:00,"1,0082006605514078",878014498,685
2023-08-02 05:42:00,"1,0082456642497126",896257368,730
2023-08-02 05:43:00,"1,0084981881787975",865065271,2214
2023-08-02 05:44:00,"1,0092765702388744",824310121,3910
2023-08-02 05:45:00,"1,0094620990072771",855152399,2058
2023-08-02 05:46:00,"1,0099387090385998",914776976,7628
2023-08-02 05:47:00,"1,009987693810791",934675097,865
2023-08-02 05:48:00,"1,009671311111229",873164888,8193
2023-08-02 05:49:00,"1,0095159006096983",876959363,37
2023-08-02 05:50:00,"1,0098723074429472",1021473706,45674
2023-08-02 05:51:00,"1,0095217302175363",879288297,44213
2023-08-02 05:52:00,"1,0091318589594274",721317721,54655
2023-08-02 05:53:00,"1,008219924876719",618992099,22604
2023-08-02 05:54:00,"1,0078347343734533",663261387,4439
2023-08-02 05:55:00,"1,0074410852072408",659602588,23
2023-08-02 05:56:00,"1,0071750306031373",552121106,25427
2023-08-02 05:57:00,"1,0075221783929549",603595342,5770
2023-08-02 05:58:00,"1,006885110731362",523815628,13838
2023-08-02 05:59:00,"1,0063076053857338",379506814,45803
2023-08-02 06:00:00,"1,0069343559945858",450283834,22337
2023-08-02 06:01:00,"1,0073615886925478",494326379,4210
2023-08-02 06:02:00,"1,0079751457171062",520131784,1401
2023-08-02 06:03:00,"1,0086446500258774",568583525,5034
2023-08-02 06:04:00,"1,009030019491882",546655293,1101
2023-08-02 06:05:00,"1,0088236100628163",641043233,19755
2023-08-02 06:06:00,"1,008062173624984",688472615,5196
2023-08-02 06:07:00,"1,0082401021353813",760604817,11426
2023-08-02 06:08:00,"1,0083492358184571",804779768,4283
2023-08-02 06:09:00,"1,009582821731858",903879627,20811
2023-08-02 06:10:00,"1,0099814114422885",932104015,1662
2023-08-02 06:11:00,"1,009957306650203",989163052,7193
2023-08-02 06:12:00,"1,0095525337921734",1025314336,3017
2023-08-02 06:13:00,"1,0096198978329436",1052693989,1639
2023-08-02 06:14:00,"1,0096664014809058",1071563982,778
2023-08-02 06:15:00,"1,009411469674704",1101730640,2084
2023-08-02 06:16:00,"1,0079028981437874",1157077726,7626
2023-08-02 06:17:00,"1,0074131912823556",1225878393,10858
2023-08-02 06:18:00,"1,0069603050423344",1309077894,15802
2023-08-02 06:19:00,"1,0074243789369568",1408349837,21359
2023-08-02 06:20:00,"1,0080863282317285",1498962663,31
2023-08-02 06:21:00,"1,0081290602154114",1516309031,658
2023-08-02 06:22:00,"1,0078740647323532",1323783057,81693
2023-08-02 06:23:00,"1,0098579601480495",1683816632,278244
2023-08-02 06:24:00,"1,0103895549230997",1856814735,48699882
2023-08-02 06:25:00,"1,0093156201886428",1865006406,30891
2023-08-02 06:26:00,"1,0078998757507895",1690074270,64117
2023-08-02 06:27:00,"1,0097905347601637",2124897866,406629
2023-08-02 06:28:00,"1,0111782695573843",-2147483648,147324447
2023-08-02 06:29:00,"1,0112119553233987",-2147483648,151495852
2023-08-02 06:30:00,"1,0116688896294268",-2147483648,208638596
2023-08-02 06:31:00,"1,012536016162813",-2147483648,317121668
2023-08-02 06:32:00,"1,0099369445782511",1984233424,263
2023-08-02 06:33:00,"1,0082412285505973",1072355869,12
2023-08-02 06:34:00,"1,0119942030370233",-2147483648,249390250
2023-08-02 06:35:00,"1,0120124340713597",-2147483648,251613506
2023-08-02 06:36:00,"1,0128687735661082",-2147483648,358725326
2023-08-02 06:37:00,"1,0123486928079966",-2147483648,293687699
2023-08-02 06:38:00,"1,0091551816540334",1665943434,47479
2023-08-02 06:39:00,"1,0113324291017436",-2147483648,166605639
2023-08-02 06:40:00,"1,0107709064515755",-2147483648,96381507
2023-08-02 06:41:00,"1,0118196033146325",-2147483648,227582952
2023-08-02 06:42:00,"1,0120586608503388",2081249240,257393544
2023-08-02 06:43:00,"1,0123784708464685",-2147483648,297332060
2023-08-02 06:44:00,"1,012866230045676",2096558321,358329192
2023-08-02 06:45:00,"1,0128895457542275",1790179930,361374390
2023-08-02 06:46:00,"1,011911166443562",1501410241,239102671
2023-08-02 06:47:00,"1,011708741109569",1307966764,213660607
2023-08-02 06:48:00,"1,0113257402230065",1061370824,165829708
2023-08-02 06:49:00,"1,0124678490890722",1129700523,308627225
2023-08-02 06:50:00,"1,01394890944601",1566766266,494086389
2023-08-02 06:51:00,"1,0146056243427668",1783932701,575811167
2023-08-02 06:52:00,"1,0132248738005598",1755137920,403327294
2023-08-02 06:53:00,"1,01361464503007",1870829831,451864590
2023-08-02 06:54:00,"1,0143342998857572",2084074332,541900094
2023-08-02 06:55:00,"1,0152665053229195",-2147483648,658424053
2023-08-02 06:56:00,"1,0158679745132473",-2147483648,733620584
2023-08-02 06:57:00,"1,0160626483969382",-2147483648,757860724
2023-08-02 06:58:00,"1,0158535866641187",-2147483648,731726375
2023-08-02 06:59:00,"1,0154436457978744",-2147483648,680518285
2023-08-02 07:00:00,"1,01533601218974",-2147483648,667002725
2023-08-02 07:01:00,"1,0151680543030903",-2147483648,646014060
2023-08-02 07:02:00,"1,0156306187607649",-2147483648,703877613
2023-08-02 07:03:00,"1,0145344442120827",-2147483648,566958748
2023-08-02 07:04:00,"1,0136558898072854",-2147483648,457109513
2023-08-02 07:05:00,"1,0132354391014438",-2147483648,404469103
2023-08-02 07:06:00,"1,0132082736200978",-2147483648,401035554
2023-08-02 07:07:00,"1,0133888754020468",-2147483648,423617635
2023-08-02 07:08:00,"1,0142629363488989",-2147483648,533032609
2023-08-02 07:09:00,"1,01423013005443",-2147483648,528798200
2023-08-02 07:10:00,"1,0123180899800823",-2147483648,290171111
2023-08-02 07:11:00,"1,013177085362022",-2147483648,397295853
2023-08-02 07:12:00,"1,0129374710059054",-2147483648,367220431
2023-08-02 07:13:00,"1,0121943918291323",-2147483648,274374939
2023-08-02 07:14:00,"1,012804583902072",-2147483648,350682454
2023-08-02 07:15:00,"1,0112687899991295",-2147483648,159000088
2023-08-02 07:16:00,"1,011684585978491",-2147483648,210614140
2023-08-02 07:17:00,"1,012565806478016",-2147483648,320946535
2023-08-02 07:18:00,"1,015128683975387",-2147483648,641822725
2023-08-02 07:19:00,"1,015591528902162",-2147483648,698988742
2023-08-02 07:20:00,"1,0135780579050633",-2147483648,447871700
2023-08-02 07:21:00,"1,0138587704334907",-2147483648,482402591
2023-08-02 07:22:00,"1,0143531556904863",-2147483648,544198290
2023-08-02 07:23:00,"1,0137173845207663",-2147483648,464720790
2023-08-02 07:24:00,"1,0145084367135304",-2147483648,563769135
2023-08-02 07:25:00,"1,0140958531924706",-2147483648,512019476
2023-08-02 07:26:00,"1,0133089016722716",-2147483648,413747279
2023-08-02 07:27:00,"1,0118831090154483",-2147483648,235827375
2023-08-02 07:28:00,"1,0110893295396723",-2147483648,136275040
2023-08-02 07:29:00,"1,0106887966477225",-2147483648,86118684
2023-08-02 07:30:00,"1,0099675697536188",2041344223,61
2023-08-02 07:31:00,"1,0103300997852112",2107222228,41266782
2023-08-02 07:32:00,"1,0097776348696144",-2147483648,3256
2023-08-02 07:33:00,"1,0077690918809288",1926105153,141936
2023-08-02 07:34:00,"1,0083538948254918",1874756902,6284
2023-08-02 07:35:00,"1,008910255493369",1565876050,214740
2023-08-02 07:36:00,"1,00924352877431",1701880441,40371
2023-08-02 07:37:00,"1,0093253470529775",1824320098,33099
2023-08-02 07:38:00,"1,0089955939629822",1690224313,39213
2023-08-02 07:39:00,"1,0089441917434745",1580178819,26777
2023-08-02 07:40:00,"1,009211960650225",1689039898,41303
2023-08-02 07:41:00,"1,0111202806941628",-2147483648,140071800
2023-08-02 07:42:00,"1,011047328042475",-2147483648,130918340
2023-08-02 07:43:00,"1,0124801359790492",-2147483648,310459278
2023-08-02 07:44:00,"1,0110002177967548",-2147483648,125272261
2023-08-02 07:45:00,"1,0088221515727067",2132253586,91073
2023-08-02 07:46:00,"1,0085738477314443",2075785591,6844
2023-08-02 07:47:00,"1,0085987467246986",1929845995,47443
2023-08-02 07:48:00,"1,0089025515212044",1964414224,2468
2023-08-02 07:49:00,"1,009696009161554",-2147483648,227281
2023-08-02 07:50:00,"1,0108620894885556",-2147483648,107783538
2023-08-02 07:51:00,"1,0108294271086062",-2147483648,103679595
2023-08-02 07:52:00,"1,0076455588706228",-2147483648,374200
2023-08-02 07:53:00,"1,0084328985531736",-2147483648,75096
2023-08-02 07:54:00,"1,0101312584412272",-2147483648,16408962
2023-08-02 07:55:00,"1,0113721450224666",-2147483648,171850302
2023-08-02 07:56:00,"1,0102671868069646",-2147483648,33576979
2023-08-02 07:57:00,"1,0079973302866307",-2147483648,270628
2023-08-02 07:58:00,"1,008141775877978",-2147483648,21383
2023-08-02 07:59:00,"1,0109354610225176",-2147483648,116958663
2023-08-02 08:00:00,"1,0107563695690196",-2147483648,94563826
2023-08-02 08:01:00,"1,0083478910912778",-2147483648,182936
2023-08-02 08:02:00,"1,0084320440882963",2040177240,121457
2023-08-02 08:03:00,"1,0108058292653217",-2147483648,100748477
2023-08-02 08:04:00,"1,0110310776954416",-2147483648,128896811
2023-08-02 08:05:00,"1,0126518975536307",-2147483648,331788611
2023-08-02 08:06:00,"1,0106174075356993",-2147483648,77177155
2023-08-02 08:07:00,"1,010621801853689",-2147483648,77805099
2023-08-02 08:08:00,"1,009876595085781",-2147483648,995
2023-08-02 08:09:00,"1,010015695990793",-2147483648,1963193
2023-08-02 08:10:00,"1,010616815749116",-2147483648,77156982
2023-08-02 08:11:00,"1,0105870911695043",-2147483648,73392777
2023-08-02 08:12:00,"1,0097983475301733",-2147483648,2678
2023-08-02 08:13:00,"1,0092682245446063",-2147483648,63755
2023-08-02 08:14:00,"1,0095432524286192",-2147483648,319550
2023-08-02 08:15:00,"1,0091927380340229",-2147483648,44343
2023-08-02 08:16:00,"1,009038684256511",-2147483648,8594
2023-08-02 08:17:00,"1,009242064660674",-2147483648,14993
2023-08-02 08:18:00,"1,0081980773776993",-2147483648,395497
2023-08-02 08:19:00,"1,0083880322725831",-2147483648,13181
2023-08-02 08:20:00,"1,0096998787893972",-2147483648,6017
2023-08-02 08:21:00,"1,0084467844250138",-2147483648,570347
2023-08-02 08:22:00,"1,0081272378563513",2093918738,525587
2023-08-02 08:23:00,"1,0102753435844634",-2147483648,34421316
2023-08-02 08:24:00,"1,011033116899239",-2147483648,129621218
2023-08-02 08:25:00,"1,009091797049964",-2147483648,54346
2023-08-02 08:26:00,"1,0083252691157998",-2147483648,86839
2023-08-02 08:27:00,"1,0085511055337908",-2147483648,18519
2023-08-02 08:28:00,"1,0094665126765865",-2147483648,2531
2023-08-02 08:29:00,"1,010789544289409",-2147483648,98712078
2023-08-02 08:30:00,"1,0118321886607962",-2147483648,229220752
2023-08-02 08:31:00,"1,012875267922709",-2147483648,359643826
2023-08-02 08:32:00,"1,0129537435256484",-2147483648,369378114
2023-08-02 08:33:00,"1,012311044798996",-2147483648,288955068
2023-08-02 08:34:00,"1,011701887105027",-2147483648,212909842
2023-08-02 08:35:00,"1,0110775796003126",-2147483648,134782389
2023-08-02 08:36:00,"1,011040776797814",-2147483648,130111134
2023-08-02 08:37:00,"1,0107290127791173",-2147483648,91141641
2023-08-02 08:38:00,"1,0097291055789497",-2147483648,4840
2023-08-02 08:39:00,"1,008973938492954",-2147483648,348135
2023-08-02 08:40:00,"1,0080832933424158",-2147483648,246838
2023-08-02 08:41:00,"1,0108320527925254",-2147483648,104027672
2023-08-02 08:42:00,"1,0106324443361594",-2147483648,79077065
2023-08-02 08:43:00,"1,0098328375858965",-2147483648,1839
2023-08-02 08:44:00,"1,011398142457739",-2147483648,174825218
2023-08-02 08:45:00,"1,0084277767255936",-2147483648,165852
2023-08-02 08:46:00,"1,0086982333184742",-2147483648,280131
2023-08-02 08:47:00,"1,0101741041674372",-2147483648,21765087
2023-08-02 08:48:00,"1,0095258704965548",-2147483648,14864
2023-08-02 08:49:00,"1,0081378796467508",-2147483648,544282
2023-08-02 08:50:00,"1,0061922684425153",-2147483648,72
2023-08-02 08:51:00,"1,0061800945801027",1348629475,16
2023-08-02 08:52:00,"1,0071014704781325",1366225419,508
2023-08-02 08:53:00,"1,008455281654462",1915509507,660121
2023-08-02 08:54:00,"1,0095781338316254",-2147483648,28
2023-08-02 08:55:00,"1,0121225081861172",-2147483648,265444442
2023-08-02 08:56:00,"1,0086471985627816",-2147483648,123698
2023-08-02 08:57:00,"1,0077824113907443",-2147483648,82446
2023-08-02 08:58:00,"1,0072101593990572",-2147483648,3
2023-08-02 08:59:00,"1,0075435956590453",-2147483648,71541
2023-08-02 09:00:00,"1,009156056046696",-2147483648,24
2023-08-02 09:01:00,"1,009773680962073",-2147483648,138675
2023-08-02 09:02:00,"1,0103418303773986",-2147483648,42733276
2023-08-02 09:03:00,"1,0096278408214012",-2147483648,9255
2023-08-02 09:04:00,"1,0095435612418708",-2147483648,2590
2023-08-02 09:05:00,"1,0092363993148532",-2147483648,856724
2023-08-02 09:06:00,"1,0098366971182426",-2147483648,369265
2023-08-02 09:07:00,"1,012385091991438",-2147483648,298301311
2023-08-02 09:08:00,"1,0118484476366287",-2147483648,231318515
2023-08-02 09:09:00,"1,0101944686408295",-2147483648,24773882
2023-08-02 09:10:00,"1,0084561034729829",-2147483648,159436
2023-08-02 09:11:00,"1,0088594618468971",-2147483648,59357
2023-08-02 09:12:00,"1,009430888590614",-2147483648,119034
2023-08-02 09:13:00,"1,0082795221444265",-2147483648,394912
2023-08-02 09:14:00,"1,0053822285960987",-2147483648,150
2023-08-02 09:15:00,"1,0072817324545211",2038681685,179907
2023-08-02 09:16:00,"1,0105008592481035",-2147483648,62615806
2023-08-02 09:17:00,"1,0097251967140706",-2147483648,4956
2023-08-02 09:18:00,"1,0102524996981623",-2147483648,31565493
2023-08-02 09:19:00,"1,0104217238146562",-2147483648,53023712
2023-08-02 09:20:00,"1,0082621598980752",-2147483648,8
2023-08-02 09:21:00,"1,0070855839036574",-2147483648,505202
2023-08-02 09:22:00,"1,0073094670941265",-2147483648,134350
2023-08-02 09:23:00,"1,0074105062164131",-2147483648,257986
2023-08-02 09:24:00,"1,0060779477844588",-2147483648,6
2023-08-02 09:25:00,"1,004997341510141",1491382003,11
2023-08-02 09:26:00,"1,004512497331941",1117670519,309933
2023-08-02 09:27:00,"1,00392670106419",748515353,302308
2023-08-02 09:28:00,"1,0030129047552283",248055355,556599
2023-08-02 09:29:00,"1,0025535333606077",64119796,75306
2023-08-02 09:30:00,"1,0023876622197392",2343122,9844
2023-08-02 09:31:00,"1,001733397538508",1528,18
2023-08-02 09:32:00,"1,0017331838332542",-11,0
2023-08-02 09:33:00,"1,000963030477696",-11,0
2023-08-02 09:34:00,"1,0005776431991658",-11,0
2023-08-02 09:35:00,"1,0007426874560763",-11,0
2023-08-02 09:36:00,"1,0006326497224522",-11,0
2023-08-02 09:37:00,"1,0000824057540378",-11,0
2023-08-02 09:38:00,"1,0000822543822996",-11,0
2023-08-02 09:39:00,"1,0000273004097346",-11,0
2023-08-02 09:40:00,"0,9997521076044168",-10,589
2023-08-02 09:41:00,"1,0000823088942483",-11,0
2023-08-02 09:42:00,"1,0000822543822891",-11,0
2023-08-02 09:43:00,"1,0003024581776072",-11,0
2023-08-02 09:44:00,"1,000412470163158",-11,0
2023-08-02 09:45:00,"1,0003575101416151",-11,0
2023-08-02 09:46:00,"1,000082292251616",-11,0
2023-08-02 09:47:00,"1,0000822543822885",-11,0
2023-08-02 09:48:00,"1,000742891905379",-11,0
2023-08-02 09:49:00,"1,0007426738464047",-11,0
2023-08-02 09:50:00,"1,0007426738463812",-11,0
2023-08-02 09:51:00,"1,000632649720956",-11,0
2023-08-02 09:52:00,"1,0000824057540367",-11,0
2023-08-02 09:53:00,"1,0000822543822994",-11,0
2023-08-02 09:54:00,"1,0000822543822878",-11,0
2023-08-02 09:55:00,"0,9998071571885443",-10,0
2023-08-02 09:56:00,"0,9986522319203246",-10,0
2023-08-02 09:57:00,"0,999091900742275",-10,0
2023-08-02 09:58:00,"0,9990918040000317",-10,0
2023-08-02 09:59:00,"1,0000827453241388",-11,0
2023-08-02 10:00:00,"0,999587071533643",2770,2491
2023-08-02 10:01:00,"0,9992569633923699",-10,0
2023-08-02 10:02:00,"0,9994219677485765",-10,0
2023-08-02 10:03:00,"1,000412954939517",-11,0
2023-08-02 10:04:00,"1,0004124641144547",-11,0
2023-08-02 10:05:00,"0,9996974045049434",-10,0
2023-08-02 10:06:00,"0,9990919874315736",-10,0
2023-08-02 10:07:00,"0,9998624312618652",-10,0
2023-08-02 10:08:00,"1,0007430613131878",-11,0
2023-08-02 10:09:00,"1,0019539759093052",-11,0
2023-08-02 10:10:00,"1,0023935804834003",-11,0
2023-08-02 10:11:00,"1,0023934840880395",-11,0
2023-08-02 10:12:00,"1,0023934840880346",-11,0
2023-08-02 10:13:00,"1,00090887973735",-11,0
2023-08-02 10:14:00,"0,9994231181136372",-10,0
2023-08-02 10:15:00,"0,9987618727663722",-10,0
2023-08-02 10:16:00,"0,9992019310773331",-10,0
2023-08-02 10:17:00,"0,999752255721029",-10,0
2023-08-02 10:18:00,"1,0004126821059576",-11,0
2023-08-02 10:19:00,"1,000412464114358",-11,0
2023-08-02 10:20:00,"0,9995321069674112",-10,0
2023-08-02 10:21:00,"0,9982671407335337",-10,0
2023-08-02 10:22:00,"0,9981013077896722",-10,0
2023-08-02 10:23:00,"0,9981012940132323",-10,0
2023-08-02 10:24:00,"0,99942282785801",-10,0
2023-08-02 10:25:00,"0,9994219541278659",-10,0
2023-08-02 10:26:00,"0,9996421579388723",-10,0
2023-08-02 10:27:00,"0,9997521699122924",-10,0
2023-08-02 10:28:00,"0,9997521638595309",-10,0
2023-08-02 10:29:00,"0,9997521638595309",-10,0
2023-08-02 10:30:00,"0,9997521638595309",-10,0
2023-08-02 10:31:00,"0,9982125115751544",-10,0
2023-08-02 10:32:00,"0,99810130020898",-10,0
2023-08-02 10:33:00,"0,9998086367256755",-10,0
2023-08-02 10:34:00,"1,0004126464529846",-11,0
2023-08-02 10:35:00,"1,000302440010976",-11,0
2023-08-02 10:36:00,"1,000082278615814",-11,0
2023-08-02 10:37:00,"1,000082254382288",-11,0
2023-08-02 10:38:00,"1,000082254382288",-11,0
2023-08-02 10:39:00,"1,000082254382288",-11,0
2023-08-02 10:40:00,"1,0000822543824084",-11,0
2023-08-02 10:41:00,"1,000082254382288",-11,0
2023-08-02 10:42:00,"1,000082254382288",-11,0
2023-08-02 10:43:00,"1,0005225911862043",-11,0
2023-08-02 10:44:00,"1,00074269805192",-11,0
2023-08-02 10:45:00,"0,9998076162198931",-10,0
2023-08-02 10:46:00,"0,999092060242891",-10,0
2023-08-02 10:47:00,"0,9990367904418596",-10,0
2023-08-02 10:48:00,"0,9987616917592392",-10,0
2023-08-02 10:49:00,"0,9972769940660304",-10,0
2023-08-02 10:50:00,"0,9971107978769859",-10,0
2023-08-02 10:51:00,"0,9957360578270464",-10,0
2023-08-02 10:52:00,"0,9960653133711344",-10,0
2023-08-02 10:53:00,"0,9961203351637709",-10,0
2023-08-02 10:54:00,"0,9963404779177437",-10,0
2023-08-02 10:55:00,"0,9964504898444461",-10,0
2023-08-02 10:56:00,"0,9964504837715784",-10,0
2023-08-02 10:57:00,"0,9969458618406168",-10,0
2023-08-02 10:58:00,"0,9979367406874099",-10,0
2023-08-02 10:59:00,"0,99799126532844",-10,0
2023-08-02 11:00:00,"0,9951297703128232",1371,1238
2023-08-02 11:01:00,"0,9957903430126381",-10,0
2023-08-02 11:02:00,"0,9977731139652386",-10,0
2023-08-02 11:03:00,"0,998101347984492",-10,0
2023-08-02 11:04:00,"0,9981012940132336",-10,0
2023-08-02 11:05:00,"0,9982663529204896",-10,0
2023-08-02 11:06:00,"0,998431457791856",-10,0
2023-08-02 11:07:00,"0,9984314441406339",-10,0
2023-08-02 11:08:00,"0,9984314441406339",-10,0
2023-08-02 11:09:00,"0,9990920223801956",-10,0
2023-08-02 11:10:00,"0,9995320811729952",-10,0
2023-08-02 11:11:00,"0,9999723211163264",-10,0
2023-08-02 11:12:00,"1,0000822604251722",-11,0
2023-08-02 11:13:00,"1,0000822543822878",-11,0
2023-08-02 11:14:00,"0,9998622182450703",-10,0
2023-08-02 11:15:00,"0,999422051057086",-10,0
2023-08-02 11:16:00,"0,9994219541275443",-10,0
2023-08-02 11:17:00,"0,9994219541274288",-10,0
2023-08-02 11:18:00,"0,9994219541275395",-10,0
2023-08-02 11:19:00,"0,9990918585311016",-10,0
2023-08-02 11:20:00,"0,9990926757121011",-10,0
2023-08-02 11:21:00,"0,9990918040004072",-10,0
2023-08-02 11:22:00,"0,9990918040000268",-10,0
2023-08-02 11:23:00,"0,9992018998443678",-10,0
2023-08-02 11:24:00,"1,0000827615181915",-11,0
2023-08-02 11:25:00,"1,0000823735916526",-11,0
2023-08-02 11:26:00,"0,9993122207251086",-10,0
2023-08-02 11:27:00,"0,9990918283085677",-10,0
2023-08-02 11:28:00,"0,9990918040000826",-10,0
2023-08-02 11:29:00,"0,9990918040000824",-10,0
2023-08-02 11:30:00,"0,9990918040000824",-10,0
2023-08-02 11:31:00,"0,9987617084217753",-10,0
2023-08-02 11:32:00,"0,9981015719224352",-10,0
2023-08-02 11:33:00,"0,9974412123551742",-10,0
2023-08-02 11:34:00,"0,9964509758021431",-10,0
2023-08-02 11:35:00,"0,9971110024751085",-10,0
2023-08-02 11:36:00,"0,9974409887389366",-10,0
2023-08-02 11:37:00,"0,9973309100544041",-10,0
2023-08-02 11:38:00,"0,99661584516466",-10,0
2023-08-02 11:39:00,"0,9962304383686524",-10,0
2023-08-02 11:40:00,"0,9957925512998752",-10,0
2023-08-02 11:41:00,"0,9959002195111101",-10,0
2023-08-02 11:42:00,"0,9964506357901997",-10,0
2023-08-02 11:43:00,"0,996890761230524",-10,0
2023-08-02 11:44:00,"0,9977715326313428",-10,0
2023-08-02 11:45:00,"0,9990926775049032",-10,0
2023-08-02 11:46:00,"0,9985416859371411",-10,0
2023-08-02 11:47:00,"0,9977714411869152",-10,0
2023-08-02 11:48:00,"0,9978811800941818",-10,0
2023-08-02 11:49:00,"0,9987069205460268",-10,0
2023-08-02 11:50:00,"0,9987615957645789",-10,0
2023-08-02 11:51:00,"0,9985415581631624",-10,0
2023-08-02 11:52:00,"0,998431450212038",-10,0
2023-08-02 11:53:00,"0,9984314441406339",-10,0
2023-08-02 11:54:00,"0,9984314441406339",-10,0
2023-08-02 11:55:00,"0,9984314441406342",-10,0
2023-08-02 11:56:00,"0,998541480377716",-10,0
2023-08-02 11:57:00,"0,9984314502034637",-10,0
2023-08-02 11:58:00,"0,9992571904384163",-10,0
2023-08-02 11:59:00,"1,000082595000558",-11,0
2023-08-02 12:00:00,"1,000082254382288",-11,0
2023-08-02 12:01:00,"0,9997994714542304",62903601,8866
2023-08-02 12:02:00,"1,001831164643739",966384893,15
2023-08-02 12:03:00,"1,0044008538759317",2115337403,38
2023-08-02 12:04:00,"1,0041397766243876",-2147483648,9
2023-08-02 12:05:00,"1,0047488774493711",-2147483648,39944
2023-08-02 12:06:00,"1,0027264122000854",-2147483648,10
2023-08-02 12:07:00,"1,0026721388056998",-2147483648,1065
2023-08-02 12:08:00,"1,0025352865820008",-2147483648,6773
2023-08-02 12:09:00,"1,001112861459829",1759585046,387818
2023-08-02 12:10:00,"0,9999452755966999",1532106672,113003
2023-08-02 12:11:00,"0,9999115887844536",1518715341,398
2023-08-02 12:12:00,"0,999931724844333",1615094514,20942
2023-08-02 12:13:00,"0,9998793354720019",1770604035,54751
2023-08-02 12:14:00,"1,0008650642930623",1903082052,37497
2023-08-02 12:15:00,"1,0017623034244316",2000094501,19716
2023-08-02 12:16:00,"1,002997835584971",2101155224,20760
2023-08-02 12:17:00,"1,002955357087025",-2147483648,5556
2023-08-02 12:18:00,"1,0020598622089565",2120396186,1578
2023-08-02 12:19:00,"1,0024237099593758",2134850929,375
2023-08-02 12:20:00,"1,0028147642172371",-2147483648,827
2023-08-02 12:21:00,"1,0028581039225384",-2147483648,1639
2023-08-02 12:22:00,"1,0032014594166634",-2147483648,164894
2023-08-02 12:23:00,"1,0036032977454896",-2147483648,652758
2023-08-02 12:24:00,"1,00314747597207",-2147483648,16624
2023-08-02 12:25:00,"1,004602541958102",-2147483648,56
2023-08-02 12:26:00,"1,0032966770012222",-2147483648,63144
2023-08-02 12:27:00,"1,002747567626776",-2147483648,16868
2023-08-02 12:28:00,"1,001850489455967",-2147483648,3930
2023-08-02 12:29:00,"1,0024258736339156",-2147483648,120910
2023-08-02 12:30:00,"1,003007881902616",-2147483648,256
2023-08-02 12:31:00,"1,0030498269399055",-2147483648,66
2023-08-02 12:32:00,"1,0030629666764466",-2147483648,63
2023-08-02 12:33:00,"1,0030452120090256",-2147483648,115
2023-08-02 12:34:00,"1,003201429491738",-2147483648,41
2023-08-02 12:35:00,"1,0038885354233684",-2147483648,488
2023-08-02 12:36:00,"1,0039889637728368",-2147483648,41
2023-08-02 12:37:00,"1,004002841550435",-2147483648,70
2023-08-02 12:38:00,"1,0042954881824573",-2147483648,621
2023-08-02 12:39:00,"1,0052842606106192",-2147483648,63
2023-08-02 12:40:00,"1,005630630542906",-2147483648,6721
2023-08-02 12:41:00,"1,0059395245242837",-2147483648,227
2023-08-02 12:42:00,"1,0057327464936765",-2147483648,92
2023-08-02 12:43:00,"1,0052827846261707",-2147483648,8
2023-08-02 12:44:00,"1,0048509332362623",-2147483648,64
2023-08-02 12:45:00,"1,0045911507029797",-2147483648,24620
2023-08-02 12:46:00,"1,0060338396123751",-2147483648,17322
2023-08-02 12:47:00,"1,004706229718651",-2147483648,69728
2023-08-02 12:48:00,"1,0040879982019173",-2147483648,551998
2023-08-02 12:49:00,"1,00666741708295",-2147483648,120871
2023-08-02 12:50:00,"1,0078598992697627",-2147483648,384644
2023-08-02 12:51:00,"1,0065735994601874",-2147483648,1388
2023-08-02 12:52:00,"1,0059881367964791",-2147483648,22961
2023-08-02 12:53:00,"1,0059457465254822",-2147483648,652
2023-08-02 12:54:00,"1,0053196336542836",-2147483648,336444
2023-08-02 12:55:00,"1,005394230436911",-2147483648,24148
2023-08-02 12:56:00,"1,0057084278105843",-2147483648,98262
2023-08-02 12:57:00,"1,0059688541207252",-2147483648,119107
2023-08-02 12:58:00,"1,0071527376179328",-2147483648,662580
2023-08-02 12:59:00,"1,0075171855214398",-2147483648,523805
2023-08-02 13:00:00,"1,0067234217583103",-2147483648,569
2023-08-02 13:01:00,"1,0068579976098613",-2147483648,381
2023-08-02 13:02:00,"1,0071779068053628",-2147483648,71
2023-08-02 13:03:00,"1,0072831388030838",-2147483648,1387
2023-08-02 13:04:00,"1,0082045558924226",-2147483648,2363
2023-08-02 13:05:00,"1,0088217082547406",-2147483648,70620
2023-08-02 13:06:00,"1,0082727591028102",-2147483648,359914
2023-08-02 13:07:00,"1,00873391752193",-2147483648,77686
2023-08-02 13:08:00,"1,0093229165829978",-2147483648,309829
2023-08-02 13:09:00,"1,0085827906277192",-2147483648,2097
2023-08-02 13:10:00,"1,008659425168636",-2147483648,2154
2023-08-02 13:11:00,"1,00847742113829",-2147483648,8401
2023-08-02 13:12:00,"1,0077777639912069",-2147483648,383
2023-08-02 13:13:00,"1,0076258674097316",-2147483648,8395
2023-08-02 13:14:00,"1,0079386804253203",-2147483648,158
2023-08-02 13:15:00,"1,0083522839140175",-2147483648,2330
2023-08-02 13:16:00,"1,0084545995914846",-2147483648,3823
2023-08-02 13:17:00,"1,008438190665922",-2147483648,98
2023-08-02 13:18:00,"1,007613570386558",-2147483648,248297
2023-08-02 13:19:00,"1,0084595887746626",-2147483648,260981
2023-08-02 13:20:00,"1,008493362191368",-2147483648,8403
2023-08-02 13:21:00,"1,007569186198235",-2147483648,83814
2023-08-02 13:22:00,"1,0077025213877455",-2147483648,79574
2023-08-02 13:23:00,"1,0071154419570618",-2147483648,385
2023-08-02 13:24:00,"1,0075941277956708",-2147483648,2203
2023-08-02 13:25:00,"1,0074911784373",-2147483648,16716
2023-08-02 13:26:00,"1,008003413775162",-2147483648,8790
2023-08-02 13:27:00,"1,0078085720388774",-2147483648,13810
2023-08-02 13:28:00,"1,007976334598112",-2147483648,1
2023-08-02 13:29:00,"1,0063401068414417",-2147483648,6
2023-08-02 13:30:00,"1,0090771570709776",-2147483648,8
2023-08-02 13:31:00,"1,0082640720201417",-2147483648,24145
2023-08-02 13:32:00,"1,008207882658034",-2147483648,4534
2023-08-02 13:33:00,"1,0083945014348004",-2147483648,3028
2023-08-02 13:34:00,"1,0084758548543815",-2147483648,2412
2023-08-02 13:35:00,"1,008084887387206",-2147483648,1039
2023-08-02 13:36:00,"1,0079850354909",-2147483648,48
2023-08-02 13:37:00,"1,0084522830739089",-2147483648,2859
2023-08-02 13:38:00,"1,008628138786777",-2147483648,11278
2023-08-02 13:39:00,"1,0057172994877637",-2147483648,63
2023-08-02 13:40:00,"1,0096016341063756",-2147483648,24
2023-08-02 13:41:00,"1,00823233682735",-2147483648,49744
2023-08-02 13:42:00,"1,0078406884258602",-2147483648,191078
2023-08-02 13:43:00,"1,0088804722214275",-2147483648,393066
2023-08-02 13:44:00,"1,0073187631499505",-2147483648,9
2023-08-02 13:45:00,"1,009225383644592",-2147483648,462918
2023-08-02 13:46:00,"1,008600097881136",-2147483648,345
2023-08-02 13:47:00,"1,0089606483876574",-2147483648,174893
2023-08-02 13:48:00,"1,0084670086592298",-2147483648,11032
2023-08-02 13:49:00,"1,0075342704068675",-2147483648,213666
2023-08-02 13:50:00,"1,0074814870239903",-2147483648,994
2023-08-02 13:51:00,"1,0086728812409187",-2147483648,46667
2023-08-02 13:52:00,"1,008589186393402",-2147483648,2521
2023-08-02 13:53:00,"1,0085360987487215",-2147483648,4295
2023-08-02 13:54:00,"1,008041386339127",-2147483648,4093
2023-08-02 13:55:00,"1,008238702266638",-2147483648,2708
2023-08-02 13:56:00,"1,0089172026606814",-2147483648,5510
2023-08-02 13:57:00,"1,0085787612977266",-2147483648,328034
2023-08-02 13:58:00,"1,0090012804011603",-2147483648,49132
2023-08-02 13:59:00,"1,0058210129587086",1380841831,319
2023-08-02 14:00:00,"1,0144432787350783",-2147483648,555976475
2023-08-02 14:01:00,"1,0103800732931567",-2147483648,47510405
2023-08-02 14:02:00,"1,0116879325261798",-2147483648,211252227
2023-08-02 14:03:00,"1,0114948060967244",-2147483648,186871371
2023-08-02 14:04:00,"1,0120658242446516",-2147483648,258281381
2023-08-02 14:05:00,"1,01222884999357",-2147483648,278610861
2023-08-02 14:06:00,"1,0057308873553228",1211230871,7
2023-08-02 14:07:00,"1,0049340210603093",822493802,333878
2023-08-02 14:08:00,"1,0120473607141476",-2147483648,256041641
2023-08-02 14:09:00,"1,0082084795985038",-2147483648,216389
2023-08-02 14:10:00,"1,0091942376582042",-2147483648,182303
2023-08-02 14:11:00,"1,00941351542712",-2147483648,10319
2023-08-02 14:12:00,"1,009482608054183",-2147483648,8485
2023-08-02 14:13:00,"1,0090108317936195",-2147483648,22686
2023-08-02 14:14:00,"1,0089871901181875",-2147483648,201
2023-08-02 14:15:00,"1,009171310989753",-2147483648,12311
2023-08-02 14:16:00,"1,0078366440467303",-2147483648,881458
2023-08-02 14:17:00,"1,0060770962474894",1706745042,22
2023-08-02 14:18:00,"1,0111863825298826",-2147483648,148339377
2023-08-02 14:19:00,"1,009522033094988",-2147483648,15312
2023-08-02 14:20:00,"1,009122937728384",-2147483648,16
2023-08-02 14:21:00,"1,0084605350232172",-2147483648,4212
2023-08-02 14:22:00,"1,0089651553278505",-2147483648,912
2023-08-02 14:23:00,"1,0089905832013115",-2147483648,237
2023-08-02 14:24:00,"1,0068598164917568",1979991964,57
2023-08-02 14:25:00,"1,0097076229058666",-2147483648,7
2023-08-02 14:26:00,"1,0110079977884832",-2147483648,126030118
2023-08-02 14:27:00,"1,0080509460013147",2085571196,254779
2023-08-02 14:28:00,"1,0091226476811066",-2147483648,119058
2023-08-02 14:29:00,"1,0113207234963466",-2147483648,165141756
2023-08-02 14:30:00,"1,0095864579515357",-2147483648,11146
2023-08-02 14:31:00,"1,0092333214660556",-2147483648,45297
2023-08-02 14:32:00,"1,0080913448272064",-2147483648,978963
2023-08-02 14:33:00,"1,0103907793259328",-2147483648,48852887
2023-08-02 14:34:00,"1,0105060817242173",-2147483648,63513517
2023-08-02 14:35:00,"1,0084799603630654",-2147483648,153212
2023-08-02 14:36:00,"1,007916984268878",-2147483648,597566
2023-08-02 14:37:00,"1,0086531222898036",1395164248,19
2023-08-02 14:38:00,"1,0116467473322055",-2147483648,205922171
2023-08-02 14:39:00,"1,0118800763534626",-2147483648,235840784
2023-08-02 14:40:00,"1,0103495581373434",-2147483648,43699470
2023-08-02 14:41:00,"1,0098581543108214",-2147483648,1328
2023-08-02 14:42:00,"1,0104728928865476",-2147483648,59119206
2023-08-02 14:43:00,"1,00737169303766",1875983370,464544
2023-08-02 14:44:00,"1,0098429654295236",-2147483648,21
2023-08-02 14:45:00,"1,0100325045111576",-2147483648,4064286
2023-08-02 14:46:00,"1,009320146243032",-2147483648,30656
2023-08-02 14:47:00,"1,0077855563552087",1332448983,32
2023-08-02 14:48:00,"1,0114237648024107",-2147483648,178029838
2023-08-02 14:49:00,"1,0099465009296775",-2147483648,156
2023-08-02 14:50:00,"1,0088346872305485",-2147483648,162106
2023-08-02 14:51:00,"1,0105004034433076",-2147483648,62558698
2023-08-02 14:52:00,"1,0102030147755805",-2147483648,25397046
2023-08-02 14:53:00,"1,0101077758437182",-2147483648,13475120
2023-08-02 14:54:00,"1,0093040506694166",-2147483648,32183
2023-08-02 14:55:00,"1,0091374879021489",-2147483648,5
2023-08-02 14:56:00,"1,0089110765282747",-2147483648,1312
2023-08-02 14:57:00,"1,0072727062449591",-2147483648,23464
2023-08-02 14:58:00,"1,007369899100871",-2147483648,15807
2023-08-02 14:59:00,"1,0078068407262828",-2147483648,3952
2023-08-02 15:00:00,"1,008161145254451",-2147483648,7
2023-08-02 15:01:00,"1,0079327740395518",-2147483648,18900
2023-08-02 15:02:00,"1,0078962610179587",-2147483648,207547
2023-08-02 15:03:00,"1,008808304831551",-2147483648,146201
2023-08-02 15:04:00,"1,0080492115953488",2017545430,734534
2023-08-02 15:05:00,"1,0073789181576494",945402212,20
2023-08-02 15:06:00,"1,008848920092106",1140452319,81757
2023-08-02 15:07:00,"1,0120917523375197",2091035537,261595165
2023-08-02 15:08:00,"1,0110711531809171",1901317817,134041633
2023-08-02 15:09:00,"1,0129771186441905",-2147483648,372141034
2023-08-02 15:10:00,"1,0101458151181666",1918952120,18228103
2023-08-02 15:11:00,"1,01198795974359",-2147483648,249342648
2023-08-02 15:12:00,"1,0109167778341204",-2147483648,114729951
2023-08-02 15:13:00,"1,0109041248312425",-2147483648,113020187
2023-08-02 15:14:00,"1,010864514231682",-2147483648,108065808
2023-08-02 15:15:00,"1,009792515469389",-2147483648,2777
2023-08-02 15:16:00,"1,0103060981245635",-2147483648,38266136
2023-08-02 15:17:00,"1,0100577996646236",-2147483648,7262760
2023-08-02 15:18:00,"1,0092464168164998",1680749534,37277
2023-08-02 15:19:00,"1,0100925282791955",1100487508,11567417
2023-08-02 15:20:00,"1,0143985701802491",-2147483648,549822506
2023-08-02 15:21:00,"1,014129229961114",-2147483648,516164282
2023-08-02 15:22:00,"1,0131359546453145",-2147483648,392104919
2023-08-02 15:23:00,"1,012126414206556",-2147483648,265916364
2023-08-02 15:24:00,"1,0120326280972354",-2147483648,254081586
2023-08-02 15:25:00,"1,012278908773343",-2147483648,284873465
2023-08-02 15:26:00,"1,0128892585431328",-2147483648,361202363
2023-08-02 15:27:00,"1,0123055474115",-2147483648,288232445
2023-08-02 15:28:00,"1,0123407572664582",-2147483648,292596118
2023-08-02 15:29:00,"1,0140523797120489",2134167817,506909488
2023-08-02 15:30:00,"1,0146772865166245",2141076438,584706958
2023-08-02 15:31:00,"1,014952378250262",2133256946,619058001
2023-08-02 15:32:00,"1,014040132018061",2131036724,505115268
2023-08-02 15:33:00,"1,0142976247810207",2118048464,537213192
2023-08-02 15:34:00,"1,013917162447414",1960428376,489696619
2023-08-02 15:35:00,"1,0137128904449328",1362307588,464766937
2023-08-02 15:36:00,"1,0151123677092553",1777240984,639469136
2023-08-02 15:37:00,"1,015774452873388",1974153195,721902283
2023-08-02 15:38:00,"1,0149529543394489",1662985790,619323553
2023-08-02 15:39:00,"1,0153686487696076",1652123419,671103793
2023-08-02 15:40:00,"1,0165920194511595",1948427209,824003643
2023-08-02 15:41:00,"1,0163799344834576",1885322068,797502696
2023-08-02 15:42:00,"1,0159699934451678",1853053959,746269008
2023-08-02 15:43:00,"1,015677472750971",1833380758,709694741
2023-08-02 15:44:00,"1,0137514173298667",1195847867,468928367
2023-08-02 15:45:00,"1,0188879949009593",1286406716,1111000660
2023-08-02 15:46:00,"1,017886259067558",1010748763,985980878
2023-08-02 15:47:00,"1,0177037051090905",1741160030,962964341
2023-08-02 15:48:00,"1,017969509766155",1820344977,996205144
2023-08-02 15:49:00,"1,015346615407588",1041471137,668328141
2023-08-02 15:50:00,"1,015574460480137",571568616,697254801
2023-08-02 15:51:00,"1,0153034996773018",358253160,663019865
2023-08-02 15:52:00,"1,0152243698608152",335010158,653048769
2023-08-02 15:53:00,"1,0153936250624576",362576404,674208071
2023-08-02 15:54:00,"1,0169214097818422",702030365,865551578
2023-08-02 15:55:00,"1,018106512078914",1053662254,1013617787
2023-08-02 15:56:00,"1,0174893785071033",803426780,936300820
2023-08-02 15:57:00,"1,0181823124649696",941988523,1022860772
2023-08-02 15:58:00,"1,0197864076567285",1643182382,1224269964
2023-08-02 15:59:00,"1,019359323495446",1606417546,1169937164
2023-08-02 16:00:00,"1,0195755747907165",1581205803,1196948122
2023-08-02 16:01:00,"1,018843337347252",1272928642,1105607889
2023-08-02 16:02:00,"1,0195334148397186",1478703425,1191780782
2023-08-02 16:03:00,"1,0200763916734936",1461167383,1259587214
2023-08-02 16:04:00,"1,020303382923092",1349344279,1287959214
2023-08-02 16:05:00,"1,0211213270515398",1369039627,1390242008
2023-08-02 16:06:00,"1,0205500087495978",1108555428,1318883612
2023-08-02 16:07:00,"1,0188943557949468",1421567722,1112414353
2023-08-02 16:08:00,"1,0152768168717985",1155017746,659603326
2023-08-02 16:09:00,"1,0158724452232974",1331380854,734133190
2023-08-02 16:10:00,"1,0156888209967685",1366506682,711111586
2023-08-02 16:11:00,"1,0154893572592054",1352199820,686175254
2023-08-02 16:12:00,"1,015871026729928",1330989171,733899322
2023-08-02 16:13:00,"1,0157950678072225",1308511247,724385910
2023-08-02 16:14:00,"1,0159207453764274",1301008955,740096538
2023-08-02 16:15:00,"1,015241851226372",876021873,655561537
2023-08-02 16:16:00,"1,0163056299096092",1012038689,788339530
2023-08-02 16:17:00,"1,0169450959606732",1224137798,868239968
2023-08-02 16:18:00,"1,015093607381624",1234262857,637107776
2023-08-02 16:19:00,"1,0149696008892708",1198307917,621204552
2023-08-02 16:20:00,"1,0139977257824548",911161804,499716962
2023-08-02 16:21:00,"1,01361320701142",797745009,451683864
2023-08-02 16:22:00,"1,014515150330047",1063782753,564569860
2023-08-02 16:23:00,"1,0142615511210775",1056011782,532702339
2023-08-02 16:24:00,"1,013953597328068",1009807308,494212802
2023-08-02 16:25:00,"1,0149448572714714",989517939,618229124
2023-08-02 16:26:00,"1,0156616036052395",1000421934,707760280
2023-08-02 16:27:00,"1,014382449416098",890410020,547990155
2023-08-02 16:28:00,"1,0137932658157724",850797866,474197937
2023-08-02 16:29:00,"1,0141682334789968",961454763,521060618
2023-08-02 16:30:00,"1,0137104203994234",826387902,463848813
2023-08-02 16:31:00,"1,0141121158043824",944886655,514050364
2023-08-02 16:32:00,"1,0135579975055045",915369830,444784900
2023-08-02 16:33:00,"1,0135118178503253",901806810,438978881
2023-08-02 16:34:00,"1,0125335452080544",881262999,316803076
2023-08-02 16:35:00,"1,0124020536296992",842750991,300261595
2023-08-02 16:36:00,"1,0122712869546526",804285044,283915735
2023-08-02 16:37:00,"1,0122440910679271",796290152,280512735
2023-08-02 16:38:00,"1,012161916361164",772126012,270242188
2023-08-02 16:39:00,"1,0121356597686375",764407794,266958811
2023-08-02 16:40:00,"1,012147572992534",767910280,268447860
2023-08-02 16:41:00,"1,0121886620890168",779990782,273584316
2023-08-02 16:42:00,"1,0120795146816235",747901042,259943087
2023-08-02 16:43:00,"1,0119141504108098",699302582,239275867
2023-08-02 16:44:00,"1,0117937310693783",663932089,224220690
2023-08-02 16:45:00,"1,0104698261460991",364621302,59016348
2023-08-02 16:46:00,"1,0102019719136928",464465619,25281125
2023-08-02 16:47:00,"1,010197020685586",596548363,24661988
2023-08-02 16:48:00,"1,0101801780240522",591667531,22523505
2023-08-02 16:49:00,"1,010917685183515",584995690,114777249
2023-08-02 16:50:00,"1,0096373631941018",570091247,8525
2023-08-02 16:51:00,"1,0087849195650318",536326748,2381
2023-08-02 16:52:00,"1,008626590118872",516901896,818
2023-08-02 16:53:00,"1,0085758689571134",496395296,923
2023-08-02 16:54:00,"1,0087731002658633",509463570,365
2023-08-02 16:55:00,"1,00947823245185",461072155,5313
2023-08-02 16:56:00,"1,008592050294412",325087378,40329
2023-08-02 16:57:00,"1,0085675847663893",359714019,2651
2023-08-02 16:58:00,"1,0084670692074644",319105875,3625
2023-08-02 16:59:00,"1,0083887825635205",398561027,13947
2023-08-02 17:00:00,"1,0082708701474896",372953475,198573
2023-08-02 17:01:00,"1,0082819388686053",377603215,47
2023-08-02 17:02:00,"1,0084190351106253",255231208,33102
2023-08-02 17:03:00,"1,0087990626045833",319964557,9173
2023-08-02 17:04:00,"1,0088767027255023",351357659,2165
2023-08-02 17:05:00,"1,008827417125217",331439979,871
2023-08-02 17:06:00,"1,0087938557613405",317878090,404
2023-08-02 17:07:00,"1,0087335274113534",293501482,1306
2023-08-02 17:08:00,"1,008679858685419",271820197,1033
2023-08-02 17:09:00,"1,0086988619370216",279497727,129
2023-08-02 17:10:00,"1,008745780045008",276217236,24
2023-08-02 17:11:00,"1,0089850156896585",261771296,468
2023-08-02 17:12:00,"1,008965355642694",253843093,138
2023-08-02 17:13:00,"1,0089409881524336",243997919,213
2023-08-02 17:14:00,"1,0090530819875856",222612614,1012
2023-08-02 17:15:00,"1,0092261246767538",225857513,21
2023-08-02 17:16:00,"1,0092073907315573",218292797,125
2023-08-02 17:17:00,"1,0091928418005711",212414129,75
2023-08-02 17:18:00,"1,0091821021538292",208074798,41
2023-08-02 17:19:00,"1,0089479842010207",202389285,68
2023-08-02 17:20:00,"1,0088213908524657",195604901,91904
2023-08-02 17:21:00,"1,00880392226458",188632208,106
2023-08-02 17:22:00,"1,0087920443252825",183835328,50
2023-08-02 17:23:00,"1,009108107057889",178158681,73
2023-08-02 17:24:00,"1,0101108179386398",170914960,13853776
2023-08-02 17:25:00,"1,0100946077498456",166177535,11827217
2023-08-02 17:26:00,"1,0086271449854232",161549910,123632
2023-08-02 17:27:00,"1,0086697425418203",156679352,45
2023-08-02 17:28:00,"1,0093736349045968",152049279,51
2023-08-02 17:29:00,"1,0100262415707488",146150753,3281407
2023-08-02 17:30:00,"1,0112326831924032",142775915,154259120
2023-08-02 17:31:00,"1,0136566937944356",140004305,457780407
2023-08-02 17:32:00,"1,0113689544650526",137383907,171733826
2023-08-02 17:33:00,"1,0108967763459435",133724229,112124358
2023-08-02 17:34:00,"1,0108844093432028",130151149,110552392
2023-08-02 17:35:00,"1,0108731080113609",126844635,109139721
2023-08-02 17:36:00,"1,0093024655448315",123372400,31592
2023-08-02 17:37:00,"1,009018758620059",119890358,34
2023-08-02 17:38:00,"1,0092842445096113",116025499,33
2023-08-02 17:39:00,"1,0092755689729147",112536464,26
2023-08-02 17:40:00,"1,0091587643549809",109179773,185309
2023-08-02 17:41:00,"1,0086008439312215",106579564,114
2023-08-02 17:42:00,"1,0085920862077489",103105593,26
2023-08-02 17:43:00,"1,0085847972586774",100163656,19
2023-08-02 17:44:00,"1,0079183804338503",97543821,13
2023-08-02 17:45:00,"1,0076380202904094",95482278,8
2023-08-02 17:46:00,"1,0079066109362458",92868798,15
2023-08-02 17:47:00,"1,0082313239549958",90722966,10
2023-08-02 17:48:00,"1,0088852102512245",88079351,16
2023-08-02 17:49:00,"1,0083280188924295",85265327,16
2023-08-02 17:50:00,"1,0082672969186195",83042215,10
2023-08-02 17:51:00,"1,0085375210868217",81068491,8
2023-08-02 17:52:00,"1,00875141288949",78553620,14
2023-08-02 17:53:00,"1,0091860053720434",76326458,11
2023-08-02 17:54:00,"1,0091790969433605",73575549,16
2023-08-02 17:55:00,"1,0088971338115047",70783923,16
2023-08-02 17:56:00,"1,0088366634859427",68568485,10
2023-08-02 17:57:00,"1,0081682125623568",65197195,23
2023-08-02 17:58:00,"1,008159652890405",61831599,24
2023-08-02 17:59:00,"1,0091420292500648",58411794,27
2023-08-02 18:00:00,"1,009024766086728",55600509,47472
2023-08-02 18:01:00,"1,0086888274442272",53281648,27
2023-08-02 18:02:00,"1,0084627334699288",50895783,12
2023-08-02 18:03:00,"1,0084583752406129",49147058,6
2023-08-02 18:04:00,"1,0094417650664829",46123287,21
2023-08-02 18:05:00,"1,0089949094301762",43590075,13
2023-08-02 18:06:00,"1,0084393006517614",41390652,10
2023-08-02 18:07:00,"1,0110294362367402",39035008,128710431
2023-08-02 18:08:00,"1,0113251241827097",36575142,165652165
2023-08-02 18:09:00,"1,0119253984881913",34205687,240718694
2023-08-02 18:10:00,"1,0120697268664658",32044491,258719569
2023-08-02 18:11:00,"1,0128231162939962",30099845,352957717
2023-08-02 18:12:00,"1,0125858241809391",27445713,323235708
2023-08-02 18:13:00,"1,010983983680506",25278542,123299470
2023-08-02 18:14:00,"1,0100624609472568",23171792,7908547
2023-08-02 18:15:00,"1,0100550741325631",21191112,6885469
2023-08-02 18:16:00,"1,0100489695529364",19408268,6122394
2023-08-02 18:17:00,"1,0100415358275738",17237283,5193182
2023-08-02 18:18:00,"1,0100342482934892",15109042,4282240
2023-08-02 18:19:00,"1,0100186151296635",10543669,2328135
2023-08-02 18:20:00,"1,0098444478313282",8965434,1590
2023-08-02 18:21:00,"1,0096726996935352",6276816,16
2023-08-02 18:22:00,"1,009665138879424",3228631,20
2023-08-02 18:23:00,"1,0099387020786836",2531219,1
2023-08-02 18:24:00,"1,0099933802366057",2433873,0
2023-08-02 18:25:00,"1,0102950490051317",2319171,36884787
2023-08-02 18:26:00,"1,009767311554591",3945,3541
2023-08-02 18:27:00,"1,0096571505284329",-11,0
2023-08-02 18:28:00,"1,010439329138925",7375,54922798
2023-08-02 18:29:00,"1,0104392871115175",-11,54912081
2023-08-02 18:30:00,"1,0104392871115149",-11,54912081
2023-08-02 18:31:00,"1,0104392871115149",-11,54912081
2023-08-02 18:32:00,"1,0117336917353468",63988,216909935
2023-08-02 18:33:00,"1,0118083562651",-11,226046368
2023-08-02 18:34:00,"1,012568697870354",21909,321156339
2023-08-02 18:35:00,"1,0127201061779505",-11,340017146
2023-08-02 18:36:00,"1,0115813593486984",48929,197823230
2023-08-02 18:37:00,"1,0104403925566057",49566,55203408
2023-08-02 18:38:00,"1,0104392871132004",-11,54912081
2023-08-02 18:39:00,"1,010439287111515",-11,54912081
2023-08-02 18:40:00,"1,0115808031336233",95442,197671936
2023-08-02 18:41:00,"1,0115802619405674",-11,197533935
2023-08-02 18:42:00,"1,0113521703734214",1964,169028603
2023-08-02 18:43:00,"1,011960644321957",14059,245125256
2023-08-02 18:44:00,"1,0127205746687549",21840,340140822
2023-08-02 18:45:00,"1,0127200868438782",-11,340012048
2023-08-02 18:46:00,"1,0131000606844116",5436,387525713
2023-08-02 18:47:00,"1,0131757673086978",-11,396972777
2023-08-02 18:48:00,"1,0131757624779765",-11,396971502
2023-08-02 18:49:00,"1,013175762477976",-11,396971502
2023-08-02 18:50:00,"1,0125685206050128",13869,321109490
2023-08-02 18:51:00,"1,0118088398974243",21813,226173922
2023-08-02 18:52:00,"1,010820568801806",37085,102687094
2023-08-02 18:53:00,"1,0108957214596317",-11,111967032
2023-08-02 18:54:00,"1,0115806594770358",17865,197638823
2023-08-02 18:55:00,"1,0127211859961247",49319,340302257
2023-08-02 18:56:00,"1,012264405008631",7920,283076351
2023-08-02 18:57:00,"1,0116564999689763",13981,207107084
2023-08-02 18:58:00,"1,0129493592032883",63370,368867449
2023-08-02 18:59:00,"1,013175805625407",1884,396982871
2023-08-02 19:00:00,"1,013177937184408",384791,397526752
2023-08-02 19:01:00,"1,012265097562186",31765,283236214
2023-08-02 19:02:00,"1,0091622991078424",51659,46297
2023-08-02 19:03:00,"1,0086668754090573",-11,22
2023-08-02 19:04:00,"1,008336598099756",-11,0
2023-08-02 19:05:00,"1,0083365440091374",-11,0
2023-08-02 19:06:00,"1,008336544009136",-11,0
2023-08-02 19:07:00,"1,008336544009136",-11,0
2023-08-02 19:08:00,"1,008336544009136",-11,0
2023-08-02 19:09:00,"1,008886964236562",-11,0
2023-08-02 19:10:00,"1,009327149982456",-11,0
2023-08-02 19:11:00,"1,0108960559143332",30693,112030850
2023-08-02 19:12:00,"1,0122659812182588",71447,283469623
2023-08-02 19:13:00,"1,0136328305404807",70398,454324061
2023-08-02 19:14:00,"1,0134795196847233",-11,434943934
2023-08-02 19:15:00,"1,0118107060851906",104669,226665736
2023-08-02 19:16:00,"1,0120364382140934",1859,254561894
2023-08-02 19:17:00,"1,0131768602398454",49236,397261438
2023-08-02 19:18:00,"1,0136314298823503",7708,453954089
2023-08-02 19:19:00,"1,014086742175352",7763,510868234
2023-08-02 19:20:00,"1,0152238924285928",-11,652987863
2023-08-02 19:21:00,"1,0154512975917187",1913,681419432
2023-08-02 19:22:00,"1,015754301962837",3400,719299657
2023-08-02 19:23:00,"1,0168152659063927",41762,852040778
2023-08-02 19:24:00,"1,0172683870725867",7517,908573446
2023-08-02 19:25:00,"1,0172682158444035",-11,908528174
2023-08-02 19:26:00,"1,017268215844363",-11,908528174
2023-08-02 19:27:00,"1,017268215844363",-11,908528174
2023-08-02 19:28:00,"1,0172682158443629",-11,908528174
2023-08-02 19:29:00,"1,0174952196613898",1885,936909650
2023-08-02 19:30:00,"1,0199936883416283",229492,1249938496
2023-08-02 19:31:00,"1,020441495532166",6998,1305211103
2023-08-02 19:32:00,"1,0201394888421793",3295,1267447867
2023-08-02 19:33:00,"1,0187817652120237",66841,1097935417
2023-08-02 19:34:00,"1,018478129984826",3408,1059778201
2023-08-02 19:35:00,"1,019233998343953",20880,1154317348
2023-08-02 19:36:00,"1,012947948936583",-11,368495044
2023-08-02 19:37:00,"1,0070187876496322",662099,593251
2023-08-02 19:38:00,"1,0066857888477176",-11,196
2023-08-02 19:39:00,"1,005475772306299",-11,0
2023-08-02 19:40:00,"1,0058603286794203",-11,6
2023-08-02 19:41:00,"1,00734713125234",-11,0
2023-08-02 19:42:00,"1,0077863696484632",-11,0
2023-08-02 19:43:00,"1,0080063582823944",-11,0
2023-08-02 19:44:00,"1,0083365980874726",-11,0
2023-08-02 19:45:00,"1,0086668077919607",-11,0
2023-08-02 19:46:00,"1,0088318721110563",-11,0
2023-08-02 19:47:00,"1,0089969769815048",-11,0
2023-08-02 19:48:00,"1,0092170478161628",-11,0
2023-08-02 19:49:00,"1,009657359738128",-11,0
2023-08-02 19:50:00,"1,0096572637280374",-11,0
2023-08-02 19:51:00,"1,0093271079937494",-11,0
2023-08-02 19:52:00,"1,0092719808097592",-11,0
2023-08-02 19:53:00,"1,008996881766278",-11,0
2023-08-02 19:54:00,"1,0089968442639403",-11,0
2023-08-02 19:55:00,"1,00899684426394",-11,0
2023-08-02 19:56:00,"1,0096573605731487",-11,0
2023-08-02 19:57:00,"1,0096571445187663",-11,0
2023-08-02 19:58:00,"1,0118851959448285",135690,235750983
2023-08-02 19:59:00,"1,0127206764721173",26313,340167690
2023-08-02 20:00:00,"1,012720262027365",7802,340058273
2023-08-02 20:01:00,"1,0145443337193236",125484,568433118
2023-08-02 20:02:00,"1,0078428918416624",345076,309198
2023-08-02 20:03:00,"0,9979849376796801",3331,2994
2023-08-02 20:04:00,"0,995792477905596",-10,6
2023-08-02 20:05:00,"0,9954599697130554",-10,0
2023-08-02 20:06:00,"0,9946348513057114",-10,0
2023-08-02 20:07:00,"0,9933696697166366",-10,0
2023-08-02 20:08:00,"0,9925987733546786",-10,0
2023-08-02 20:09:00,"0,9916634202189816",-10,0
2023-08-02 20:10:00,"1,000895280430667",-11,0
2023-08-02 20:11:00,"1,0016232990257756",-11,0
2023-08-02 20:12:00,"1,0026141532620758",-11,0
2023-08-02 20:13:00,"1,003384289629698",-11,0
2023-08-02 20:14:00,"1,0029438508770427",-11,0
2023-08-02 20:15:00,"1,002723717983513",-11,0
2023-08-02 20:16:00,"1,00321901147312",-11,0
2023-08-02 20:17:00,"1,0038244165406651",-11,0
2023-08-02 20:18:00,"1,004374654783453",-11,0
2023-08-02 20:19:00,"1,0040443486610229",-11,0
2023-08-02 20:20:00,"1,003383994295448",-11,43
2023-08-02 20:21:00,"1,0030539578483393",-11,0
2023-08-02 20:22:00,"1,003053903552129",-11,0
2023-08-02 20:23:00,"1,0038796482826269",-11,0
2023-08-02 20:24:00,"1,0040443078314667",-11,0
2023-08-02 20:25:00,"1,004484630745318",-11,0
2023-08-02 20:26:00,"1,0047047379039309",-11,0
2023-08-02 20:27:00,"1,004704713793782",-11,0
2023-08-02 20:28:00,"1,0052000312176583",-11,0
2023-08-02 20:29:00,"1,0058604262276902",-11,0
2023-08-02 20:30:00,"1,0060253278182252",-11,0
2023-08-02 20:31:00,"1,0070163118938982",-11,0
2023-08-02 20:32:00,"1,0070158242903573",-11,0
2023-08-02 20:33:00,"1,0067957879863203",-11,0
2023-08-02 20:34:00,"1,006795763941735",-11,0
2023-08-02 20:35:00,"1,0073461843989422",-11,0
2023-08-02 20:36:00,"1,007125997743343",-11,0
2023-08-02 20:37:00,"1,005696121055513",-11,0
2023-08-02 20:38:00,"1,0060253681805953",-11,0
2023-08-02 20:39:00,"1,0063555782104556",-11,0
2023-08-02 20:40:00,"1,0065761858835685",-11,0
2023-08-02 20:41:00,"1,0075665811291836",-11,0
2023-08-02 20:42:00,"1,0076761304998654",-11,0
2023-08-02 20:43:00,"1,007676124545043",-11,0
2023-08-02 20:44:00,"1,007676124545043",-11,0
2023-08-02 20:45:00,"1,007951416388484",-11,0
2023-08-02 20:46:00,"1,0080063357731806",-11,0
2023-08-02 20:47:00,"1,0080063342770893",-11,0
2023-08-02 20:48:00,"1,0080063342770893",-11,0
2023-08-02 20:49:00,"1,0084466703192798",-11,0
2023-08-02 20:50:00,"1,0098783388898311",-11,0
2023-08-02 20:51:00,"1,0094922327001186",-11,0
2023-08-02 20:52:00,"1,0091620031607087",-11,0
2023-08-02 20:53:00,"1,009987691760733",-11,0
2023-08-02 20:54:00,"1,0099873542508464",-11,0
2023-08-02 20:55:00,"1,00998735425079",-11,0
2023-08-02 20:56:00,"1,009492280258813",-11,0
2023-08-02 20:57:00,"1,0091070671724482",-11,0
2023-08-02 20:58:00,"1,0096574137201693",-11,0
2023-08-02 20:59:00,"1,0102871207381947",3144,35893618
2023-08-02 21:00:00,"1,0108227934325724",136063,103273044
2023-08-02 21:01:00,"1,010895885950341",-11,111987539
2023-08-02 21:02:00,"1,0108958814903353",-11,111986378
2023-08-02 21:03:00,"1,0104394640286456",7927,54958707
2023-08-02 21:04:00,"1,0099873543005615",-11,9
2023-08-02 21:05:00,"1,0088874136955883",-11,0
2023-08-02 21:06:00,"1,0076219636881307",-11,0
2023-08-02 21:07:00,"1,0063563199040506",-11,0
2023-08-02 21:08:00,"1,0063555240357505",-11,0
2023-08-02 21:09:00,"1,0066857879424056",-11,0
2023-08-02 21:10:00,"1,008007319773308",-11,0
2023-08-02 21:11:00,"1,0089974492805411",-11,0
2023-08-02 21:12:00,"1,008996963473346",-11,0
2023-08-02 21:13:00,"1,0089969634732294",-11,0
2023-08-02 21:14:00,"1,0089969634732292",-11,0
2023-08-02 21:15:00,"1,0089969634732292",-11,0
2023-08-02 21:16:00,"1,0089969634732292",-11,0
2023-08-02 21:17:00,"1,0089969634732292",-11,0
2023-08-02 21:18:00,"1,0089969634732292",-11,0
2023-08-02 21:19:00,"1,0089969634732292",-11,0
2023-08-02 21:20:00,"1,0092303482173914",-11,0
2023-08-02 21:21:00,"1,0092170239096916",-11,0
2023-08-02 21:22:00,"1,0085569395742568",-11,0
2023-08-02 21:23:00,"1,0083365680901786",-11,0
2023-08-02 21:24:00,"1,0083365440091363",-11,0
2023-08-02 21:25:00,"1,0089971797471862",-11,0
2023-08-02 21:26:00,"1,0089969634732523",-11,0
2023-08-02 21:27:00,"1,0091069996468252",-11,0
2023-08-02 21:28:00,"1,0096574137569987",-11,0
2023-08-02 21:29:00,"1,0083374080135334",-11,0
2023-08-02 21:30:00,"1,0096581275356695",-11,0
2023-08-02 21:31:00,"1,0096021905858534",-11,0
2023-08-02 21:32:00,"1,0096572652301352",-11,0
2023-08-02 21:33:00,"1,0096572637280328",-11,0
2023-08-02 21:34:00,"1,0096572637280328",-11,0
2023-08-02 21:35:00,"1,0096572637280328",-11,0
2023-08-02 21:36:00,"1,0096572637280328",-11,0
2023-08-02 21:37:00,"1,0096572637280328",-11,0
2023-08-02 21:38:00,"1,0096572637280328",-11,0
2023-08-02 21:39:00,"1,010439329138938",7375,54922798
2023-08-02 21:40:00,"1,0104393279161714",7374,54922233
2023-08-02 21:41:00,"1,010515458908676",-11,64434237
2023-08-02 21:42:00,"1,011200463195379",17905,150114333
2023-08-02 21:43:00,"1,0113521457683796",-11,169022112
2023-08-02 21:44:00,"1,0107439079500438",14054,93033185
2023-08-02 21:45:00,"1,0106676123905534",-11,83453429
2023-08-02 21:46:00,"1,0118094560922593",49729,226336659
2023-08-02 21:47:00,"1,012264568099832",7784,283096479
2023-08-02 21:48:00,"1,0121123095124704",-11,264042606
2023-08-02 21:49:00,"1,0113526151394248",21841,169145857
2023-08-02 21:50:00,"1,010591942082354",22029,74062027
2023-08-02 21:51:00,"1,0104393069274629",-11,54917309
2023-08-02 21:52:00,"1,0104392871115158",-11,54912081
2023-08-02 21:53:00,"1,010439287111515",-11,54912081
2023-08-02 21:54:00,"1,011657609828877",56686,207377188
2023-08-02 21:55:00,"1,0122647045743078",13886,283132484
2023-08-02 21:56:00,"1,0125682870801902",3463,321047885
2023-08-02 21:57:00,"1,0118088395386593",21779,226173816
2023-08-02 21:58:00,"1,0118083515818408",-11,226045140
