,P,Q,mean voltage p.u.
2023-09-28 22:00:00,-3,0,"1,0059152841291368"
2023-09-28 22:01:00,-3,0,"1,00635562037117"
2023-09-28 22:02:00,-3,0,"1,0069059445057411"
2023-09-28 22:03:00,-3,0,"1,0048718773468563"
2023-09-28 22:04:00,-3,0,"1,0033850956066726"
2023-09-28 22:05:00,-3,0,"1,0039345337142989"
2023-09-28 22:06:00,-3,0,"1,0029992649164663"
2023-09-28 22:07:00,-3,0,"1,0017339829172212"
2023-09-28 22:08:00,-3,0,"1,0016781106996977"
2023-09-28 22:09:00,-3,0,"1,00178814535872"
2023-09-28 22:10:00,-3,0,"1,0017330661381776"
2023-09-28 22:11:00,-3,0,"1,0017330646239415"
2023-09-28 22:12:00,-3,0,"1,002228501678063"
2023-09-28 22:13:00,-3,0,"1,0047077727900249"
2023-09-28 22:14:00,-3,0,"1,0047047137984386"
2023-09-28 22:15:00,-3,0,"1,002231430980827"
2023-09-28 22:16:00,-3,0,"1,0062535322744233"
2023-09-28 22:17:00,-3,0,"1,0053654063277735"
2023-09-28 22:18:00,-3,0,"1,0047049308863043"
2023-09-28 22:19:00,-3,0,"1,0047047137938054"
2023-09-28 22:20:00,-3,0,"1,0047047137937817"
2023-09-28 22:21:00,-3,0,"1,0053650140485857"
2023-09-28 22:22:00,-3,0,"1,0051449537000807"
2023-09-28 22:23:00,-3,0,"1,0047047137937817"
2023-09-28 22:24:00,-3,0,"1,0047047137937817"
2023-09-28 22:25:00,-3,0,"1,0032739639006327"
2023-09-28 22:26:00,-3,0,"1,0037142038069318"
2023-09-28 22:27:00,-3,0,"1,00217342373953"
2023-09-28 22:28:00,-3,0,"1,0010727643691382"
2023-09-28 22:29:00,-3,0,"1,0010727643691382"
2023-09-28 22:30:00,-3,0,"1,0010727643691382"
2023-09-28 22:31:00,-3,0,"1,0005775689803575"
2023-09-28 22:32:00,-3,0,"1,0002474784576003"
2023-09-28 22:33:00,-3,0,"1,0010727643691382"
2023-09-28 22:34:00,-3,0,"1,0010727643691382"
2023-09-28 22:35:00,-3,0,"1,0007426738463812"
2023-09-28 22:36:00,-3,0,"1,0004675388061053"
2023-09-28 22:37:00,-3,0,"1,0004124641143344"
2023-09-28 22:38:00,-3,0,"1,0015130042754372"
2023-09-28 22:39:00,-3,0,"1,0017331838332313"
2023-09-28 22:40:00,-3,0,"1,001568078967208"
2023-09-28 22:41:00,-3,0,"1,001568078967208"
2023-09-28 22:42:00,-3,0,"1,0014029741011847"
2023-09-28 22:43:00,-3,0,"1,0015130042754372"
2023-09-28 22:44:00,-3,0,"1,0023934840880349"
2023-09-28 22:45:00,-3,0,"1,0028887986861048"
2023-09-28 22:46:00,-3,0,"1,0026136636458292"
2023-09-28 22:47:00,-3,0,"1,0017331838332313"
2023-09-28 22:48:00,-3,0,"1,001568078967208"
2023-09-28 22:49:00,-3,0,"1,0014029741011847"
2023-09-28 22:50:00,-3,0,"1,0017330646239415"
2023-09-28 22:51:00,-3,0,"1,0017330646239415"
2023-09-28 22:52:00,-3,0,"1,0023934840880349"
2023-09-28 22:53:00,-3,0,"1,0023934840880349"
2023-09-28 22:54:00,-3,0,"1,002063274355988"
2023-09-28 22:55:00,-3,0,"1,0017330646239415"
2023-09-28 22:56:00,-3,0,"1,0016230344496893"
2023-09-28 22:57:00,-3,0,"1,0010727643691382"
2023-09-28 22:58:00,-3,0,"1,002063274355988"
2023-09-28 22:59:00,-3,0,"1,002943754168586"
2023-09-28 23:00:00,-3,0,"1,0033839940748848"
2023-09-28 23:01:00,-3,0,"1,0037142038069318"
2023-09-28 23:02:00,-3,0,"1,004044413538978"
2023-09-28 23:03:00,-3,0,"1,004044413538978"
2023-09-28 23:04:00,-3,0,"1,004044413538978"
2023-09-28 23:05:00,-3,0,"1,004044413538978"
2023-09-28 23:06:00,-3,0,"1,0034941434584268"
2023-09-28 23:07:00,-3,0,"1,0031088590346091"
2023-09-28 23:08:00,-3,0,"1,0030539035521278"
2023-09-28 23:09:00,-3,0,"1,0032739639006327"
2023-09-28 23:10:00,-3,0,"1,0037142038069318"
2023-09-28 23:11:00,-3,0,"1,0039343833647256"
2023-09-28 23:12:00,-3,0,"1,0043745040617351"
2023-09-28 23:13:00,-3,0,"1,0053650140485857"
2023-09-28 23:14:00,-3,0,"1,0075111388883091"
2023-09-28 23:15:00,-3,0,"1,0076762437543323"
2023-09-28 23:16:00,-3,0,"1,0076762437543323"
2023-09-28 23:17:00,-3,0,"1,0078963041028373"
2023-09-28 23:18:00,-3,0,"1,008336544009136"
2023-09-28 23:19:00,-3,0,"1,0076762437543323"
2023-09-28 23:20:00,-3,0,"1,0067979399496012"
2023-09-28 23:21:00,-3,0,"1,0049265166717465"
2023-09-28 23:22:00,-3,0,"1,0043746556737767"
2023-09-28 23:23:00,-3,0,"1,0043745040617469"
2023-09-28 23:24:00,-3,0,"1,005365502467014"
2023-09-28 23:25:00,-3,0,"1,0056952778486026"
2023-09-28 23:26:00,-3,0,"1,0056952237806334"
2023-09-28 23:27:00,-3,0,"1,005695223780632"
2023-09-28 23:28:00,-3,0,"1,005695223780632"
2023-09-28 23:29:00,-3,0,"1,005695223780632"
2023-09-28 23:30:00,-3,0,"1,0053100131585408"
2023-09-28 23:31:00,-3,0,"1,004594818991864"
2023-09-28 23:32:00,-3,0,"1,0040994911954289"
2023-09-28 23:33:00,-3,0,"1,0037142777270824"
2023-09-28 23:34:00,-3,0,"1,0038242400040025"
2023-09-28 23:35:00,-3,0,"1,0044847513997377"
2023-09-28 23:36:00,-3,0,"1,0050349549202244"
2023-09-28 23:37:00,-3,0,"1,0050348043165502"
2023-09-28 23:38:00,-3,0,"1,005034804316539"
2023-09-28 23:39:00,-3,0,"1,005034804316539"
2023-09-28 23:40:00,-3,0,"1,0050402452353353"
2023-09-28 23:41:00,-3,0,"1,0048147692659375"
2023-09-28 23:42:00,-3,0,"1,0043746005140646"
2023-09-28 23:43:00,-3,0,"1,004704768043848"
2023-09-28 23:44:00,-3,0,"1,0053652309903185"
2023-09-28 23:45:00,-3,0,"1,0053650140486088"
2023-09-28 23:46:00,-3,0,"1,0062458794150315"
2023-09-28 23:47:00,-3,0,"1,0066858299029575"
2023-09-28 23:48:00,-3,0,"1,0069058181474442"
2023-09-28 23:49:00,-3,0,"1,0073461302527442"
2023-09-28 23:50:00,-3,0,"1,0074011102143512"
2023-09-28 23:51:00,-3,0,"1,0078964258105585"
2023-09-28 23:52:00,-3,0,"1,0080063402697048"
2023-09-28 23:53:00,-3,0,"1,0080063342770895"
2023-09-28 23:54:00,-3,0,"1,007786297949543"
2023-09-28 23:55:00,-3,0,"1,0076762497635063"
2023-09-28 23:56:00,-3,0,"1,0075111524152731"
2023-09-28 23:57:00,-3,0,"1,006466096772222"
2023-09-28 23:58:00,-3,0,"1,0052557125598078"
2023-09-28 23:59:00,-3,0,"1,0053650199907629"
2023-09-29 00:00:00,-3,0,"1,0054230263537935"
2023-09-29 00:01:00,-3,0,"1,0043750507962776"
2023-09-29 00:02:00,-3,0,"1,0036043503464147"
2023-09-29 00:03:00,-3,0,"1,003053935359982"
2023-09-29 00:04:00,-3,0,"1,0030537843428498"
2023-09-29 00:05:00,-3,0,"1,002063763417517"
2023-09-29 00:06:00,-3,0,"1,0020632743561075"
2023-09-29 00:07:00,-3,0,"1,0017331190309189"
2023-09-29 00:08:00,-3,0,"1,001403028504734"
2023-09-29 00:09:00,-3,0,"1,0008528552369913"
2023-09-29 00:10:00,-3,0,"1,0002475424048016"
2023-09-29 00:11:00,-3,0,"0,9997522865291166"
2023-09-29 00:12:00,-3,0,"0,9997521638595936"
2023-09-29 00:13:00,-3,0,"0,9997521638595859"
2023-09-29 00:14:00,-3,0,"0,9997521638595309"
2023-09-29 00:15:00,-3,0,"0,9997521638595309"
2023-09-29 00:16:00,-3,0,"0,9997521638595864"
2023-09-29 00:17:00,-3,0,"0,9999723080451383"
2023-09-29 00:18:00,-3,0,"1,0004125609856998"
2023-09-29 00:19:00,-3,0,"1,0004124641143393"
2023-09-29 00:20:00,-3,0,"1,0007665279324338"
2023-09-29 00:21:00,-3,0,"1,0005775868194264"
2023-09-29 00:22:00,-3,0,"1,0004124777392187"
2023-09-29 00:23:00,-3,0,"1,0004124641143346"
2023-09-29 00:24:00,-3,0,"1,0004124641143346"
2023-09-29 00:25:00,-3,0,"1,0004675403220908"
2023-09-29 00:26:00,-3,0,"1,0010179602136515"
2023-09-29 00:27:00,-3,0,"1,0010727658693586"
2023-09-29 00:28:00,-3,0,"1,0010727643691382"
2023-09-29 00:29:00,-3,0,"1,001953631388704"
2023-09-29 00:30:00,-3,0,"1,0033850150489851"
2023-09-29 00:31:00,-3,0,"1,0037142578067606"
2023-09-29 00:32:00,-3,0,"1,0031090416103128"
2023-09-29 00:33:00,-3,0,"1,0025587399835645"
2023-09-29 00:34:00,-3,0,"1,0011838577860523"
2023-09-29 00:35:00,-3,0,"1,001072889728784"
2023-09-29 00:36:00,-3,0,"1,0011278405690056"
2023-09-29 00:37:00,-3,0,"1,000742747939518"
2023-09-29 00:38:00,-3,0,"1,001072938032752"
2023-09-29 00:39:00,-3,0,"1,0012378828217348"
2023-09-29 00:40:00,-3,0,"1,0020676672338604"
2023-09-29 00:41:00,-3,0,"1,0018432391451326"
2023-09-29 00:42:00,-3,0,"1,0017331898781747"
2023-09-29 00:43:00,-3,0,"1,0019532683517929"
2023-09-29 00:44:00,-3,0,"1,0021734479264837"
2023-09-29 00:45:00,-3,0,"1,003054290312579"
2023-09-29 00:46:00,-3,0,"1,0030539035522026"
2023-09-29 00:47:00,-3,0,"1,003053903552128"
2023-09-29 00:48:00,-3,0,"1,00316393976127"
2023-09-29 00:49:00,-3,0,"1,002723790422681"
2023-09-29 00:50:00,-3,0,"1,0030539578914583"
2023-09-29 00:51:00,-3,0,"1,003714421105645"
2023-09-29 00:52:00,-3,0,"1,0037142038069553"
2023-09-29 00:53:00,-3,0,"1,004374721253255"
2023-09-29 00:54:00,-3,0,"1,0044295802516248"
2023-09-29 00:55:00,-3,0,"1,0047047514760978"
2023-09-29 00:56:00,-3,0,"1,0040445114102"
2023-09-29 00:57:00,-3,0,"1,0033842113377378"
2023-09-29 00:58:00,-3,0,"1,0023939732030078"
2023-09-29 00:59:00,-3,0,"1,0018982921070838"
2023-09-29 01:00:00,-3,0,"1,0010819269409177"
2023-09-29 01:01:00,-3,0,"1,0008527302638135"
2023-09-29 01:02:00,-3,0,"1,0007426798974288"
2023-09-29 01:03:00,-3,0,"1,0003025307764153"
2023-09-29 01:04:00,-3,0,"0,9997523152655976"
2023-09-29 01:05:00,-3,0,"0,9997521638594867"
2023-09-29 01:06:00,-3,0,"1,001735146539673"
2023-09-29 01:07:00,-3,0,"1,0023937004168366"
2023-09-29 01:08:00,-3,0,"1,0017334014533923"
2023-09-29 01:09:00,-3,0,"1,0009081189490925"
2023-09-29 01:10:00,-3,0,"0,9997527718336316"
2023-09-29 01:11:00,-3,0,"0,9997521042551645"
2023-09-29 01:12:00,-3,0,"1,00008230889541"
2023-09-29 01:13:00,-3,0,"1,0000822543822894"
2023-09-29 01:14:00,-3,0,"0,9999722302608575"
2023-09-29 01:15:00,-3,0,"0,9994221055335448"
2023-09-29 01:16:00,-3,0,"0,9993669405629646"
2023-09-29 01:17:00,-3,0,"0,999311925467604"
2023-09-29 01:18:00,-3,0,"1,0004130701239706"
2023-09-29 01:19:00,-3,0,"1,0005225002729388"
2023-09-29 01:20:00,-3,0,"1,0004124641143344"
2023-09-29 01:21:00,-3,0,"1,0006326679016535"
2023-09-29 01:22:00,-3,0,"1,0007426798932095"
2023-09-29 01:23:00,-3,0,"1,0009077923311"
2023-09-29 01:24:00,-3,0,"1,0010727779646829"
2023-09-29 01:25:00,-3,0,"1,0010727643691382"
2023-09-29 01:26:00,-3,0,"1,001072764369138"
2023-09-29 01:27:00,-3,0,"1,0010727643691382"
2023-09-29 01:28:00,-3,0,"1,001072764369138"
2023-09-29 01:29:00,-3,0,"1,0010727643691382"
2023-09-29 01:30:00,-3,0,"1,0015131010771787"
2023-09-29 01:31:00,-3,0,"1,0014029801559985"
2023-09-29 01:32:00,-3,0,"1,000742891543168"
2023-09-29 01:33:00,-3,0,"1,0007426738464047"
2023-09-29 01:34:00,-3,0,"1,001072818808584"
2023-09-29 01:35:00,-3,0,"1,0010727643691395"
2023-09-29 01:36:00,-3,0,"1,001072764369138"
2023-09-29 01:37:00,-3,0,"1,0010727643691382"
2023-09-29 01:38:00,-3,0,"1,001072764369138"
2023-09-29 01:39:00,-3,0,"1,001072764369138"
2023-09-29 01:40:00,-3,0,"1,0014030965387255"
2023-09-29 01:41:00,-3,0,"1,001402974101192"
2023-09-29 01:42:00,-3,0,"1,0014029741011847"
2023-09-29 01:43:00,-3,0,"1,0010728188119895"
2023-09-29 01:44:00,-3,0,"1,0011828005842405"
2023-09-29 01:45:00,-3,0,"1,0023942160994848"
2023-09-29 01:46:00,-3,0,"1,003604903882919"
2023-09-29 01:47:00,-3,0,"1,0037142097587124"
2023-09-29 01:48:00,-3,0,"1,0037142038069318"
2023-09-29 01:49:00,-3,0,"1,0012409240055768"
2023-09-29 01:50:00,-3,0,"1,0007427978191508"
2023-09-29 01:51:00,-3,0,"1,000192555120211"
2023-09-29 01:52:00,-3,0,"0,999092409709964"
2023-09-29 01:53:00,-3,0,"1,0014056458799128"
2023-09-29 01:54:00,-3,0,"1,0019533939032308"
2023-09-29 01:55:00,-3,0,"1,0011281791669466"
2023-09-29 01:56:00,-3,0,"1,002063830385452"
2023-09-29 01:57:00,-3,0,"1,0028891382716063"
2023-09-29 01:58:00,-3,0,"1,0024486555553522"
2023-09-29 01:59:00,-3,0,"1,0023934856062626"
2023-09-29 02:00:00,-3,0,"1,002834995774543"
2023-09-29 02:01:00,-3,0,"1,0032740599747707"
2023-09-29 02:02:00,-3,0,"1,0040445899921526"
2023-09-29 02:03:00,-3,0,"1,004044294329732"
2023-09-29 02:04:00,-3,0,"1,0032192284835415"
2023-09-29 02:05:00,-3,0,"1,0029988530704164"
2023-09-29 02:06:00,-3,0,"1,0027237315632018"
2023-09-29 02:07:00,-3,0,"1,0034944394195524"
2023-09-29 02:08:00,-3,0,"1,0040444449734842"
2023-09-29 02:09:00,-3,0,"1,003934270200892"
2023-09-29 02:10:00,-3,0,"1,0033841448834708"
2023-09-29 02:11:00,-3,0,"1,0033839940748963"
2023-09-29 02:12:00,-3,0,"1,0037142581422946"
2023-09-29 02:13:00,-3,0,"1,0038793222433895"
2023-09-29 02:14:00,-3,0,"1,0047050531130586"
2023-09-29 02:15:00,-3,0,"1,004704713793839"
2023-09-29 02:16:00,-3,0,"1,0052000312176583"
2023-09-29 02:17:00,-3,0,"1,0050348178958903"
2023-09-29 02:18:00,-3,0,"1,004704768005196"
2023-09-29 02:19:00,-3,0,"1,0043745583434884"
2023-09-29 02:20:00,-3,0,"1,0043819191539411"
2023-09-29 02:21:00,-3,0,"1,0044845394779454"
2023-09-29 02:22:00,-3,0,"1,005365399935794"
2023-09-29 02:23:00,-3,0,"1,0056952778822397"
2023-09-29 02:24:00,-3,0,"1,0056952237806334"
2023-09-29 02:25:00,-3,0,"1,0056952237806325"
2023-09-29 02:26:00,-3,0,"1,0056952237806325"
2023-09-29 02:27:00,-3,0,"1,0056952237806325"
2023-09-29 02:28:00,-3,0,"1,006025368474748"
2023-09-29 02:29:00,-3,0,"1,0060253143033906"
2023-09-29 02:30:00,-3,0,"1,006025314303389"
2023-09-29 02:31:00,-3,0,"1,0060253143033893"
2023-09-29 02:32:00,-3,0,"1,005475194714658"
2023-09-29 02:33:00,-3,0,"1,0053650200854225"
2023-09-29 02:34:00,-3,0,"1,0051449777854693"
2023-09-29 02:35:00,-3,0,"1,0041549317810066"
2023-09-29 02:36:00,-3,0,"1,0040444196208491"
2023-09-29 02:37:00,-3,0,"1,0040444135389783"
2023-09-29 02:38:00,-3,0,"1,0040444135389783"
2023-09-29 02:39:00,-3,0,"1,0040444135389783"
2023-09-29 02:40:00,-3,0,"1,0040488241568188"
2023-09-29 02:41:00,-3,0,"1,0040444135486657"
2023-09-29 02:42:00,-3,0,"1,0033842112733848"
2023-09-29 02:43:00,-3,0,"1,0033839940749087"
2023-09-29 02:44:00,-3,0,"1,0040446308804305"
2023-09-29 02:45:00,-3,0,"1,0048150393105664"
2023-09-29 02:46:00,-3,0,"1,0050349475845188"
2023-09-29 02:47:00,-3,0,"1,0035501972839045"
2023-09-29 02:48:00,-3,0,"1,0033840078377774"
2023-09-29 02:49:00,-3,0,"1,0033839940748852"
2023-09-29 02:50:00,-3,0,"1,0037142581422946"
2023-09-29 02:51:00,-3,0,"1,0043747212174998"
2023-09-29 02:52:00,-3,0,"1,0043745040617589"
2023-09-29 02:53:00,-3,0,"1,0033844824933136"
2023-09-29 02:54:00,-3,0,"1,0029439701186544"
2023-09-29 02:55:00,-3,0,"1,0020637801347616"
2023-09-29 02:56:00,-3,0,"1,0009084455059332"
2023-09-29 02:57:00,-3,0,"1,0000825953684067"
2023-09-29 02:58:00,-3,0,"1,0000822543823462"
2023-09-29 02:59:00,-3,0,"1,001073254883808"
2023-09-29 03:00:00,-3,0,"1,0015170806887712"
2023-09-29 03:01:00,-3,0,"1,0023938675477546"
2023-09-29 03:02:00,-3,0,"1,0032193480338845"
2023-09-29 03:03:00,-3,0,"1,0063604260540882"
2023-09-29 03:04:00,-3,0,"1,0073465166640123"
2023-09-29 03:05:00,-3,0,"1,0073460340224016"
2023-09-29 03:06:00,-3,0,"1,0070158784118932"
2023-09-29 03:07:00,-3,0,"1,0066857878855395"
2023-09-29 03:08:00,-3,0,"1,006520642449624"
2023-09-29 03:09:00,-3,0,"1,0056955622317032"
2023-09-29 03:10:00,-3,0,"1,005365068370244"
2023-09-29 03:11:00,-3,0,"1,0047049306643396"
2023-09-29 03:12:00,-3,0,"1,0047047137938052"
2023-09-29 03:13:00,-3,0,"1,0047047137937817"
2023-09-29 03:14:00,-3,0,"1,0044296164259132"
2023-09-29 03:15:00,-3,0,"1,0039894353419454"
2023-09-29 03:16:00,-3,0,"1,0025596085471502"
2023-09-29 03:17:00,-3,0,"1,0025035158315547"
2023-09-29 03:18:00,-3,0,"1,0032191444493974"
2023-09-29 03:19:00,-3,0,"1,0040446336734543"
2023-09-29 03:20:00,-3,0,"1,0036049047654725"
2023-09-29 03:21:00,-3,0,"1,003274018464862"
2023-09-29 03:22:00,-3,0,"1,0023938704933308"
2023-09-29 03:23:00,-3,0,"1,002063328872386"
2023-09-29 03:24:00,-3,0,"1,0014031916864468"
2023-09-29 03:25:00,-3,0,"1,0002480262866411"
2023-09-29 03:26:00,-3,0,"0,9987627582502424"
2023-09-29 03:27:00,-3,0,"0,9987616538732912"
2023-09-29 03:28:00,-3,0,"0,9987616538726807"
2023-09-29 03:29:00,-3,0,"0,9987616538726807"
2023-09-29 03:30:00,-3,0,"0,9987616538726807"
2023-09-29 03:31:00,-3,0,"0,9992019908047186"
2023-09-29 03:32:00,-3,0,"0,99887179822672"
2023-09-29 03:33:00,-3,0,"0,9974420185152744"
2023-09-29 03:34:00,-3,0,"0,9962860495285898"
2023-09-29 03:35:00,-3,0,"0,9964504973412855"
2023-09-29 03:36:00,-3,0,"0,9992608608665648"
2023-09-29 03:37:00,-3,0,"0,9977172632673011"
2023-09-29 03:38:00,-3,0,"0,9957919256042512"
2023-09-29 03:39:00,-3,0,"0,995570028687649"
2023-09-29 03:40:00,-3,0,"0,9945151189807091"
2023-09-29 03:41:00,-3,0,"0,9944694648458237"
2023-09-29 03:42:00,-3,0,"0,994744636898002"
2023-09-29 03:43:00,-3,0,"0,9945795076802646"
2023-09-29 03:44:00,-3,0,"0,99402943569454"
2023-09-29 03:45:00,-3,0,"0,9938091283572653"
2023-09-29 03:46:00,-3,0,"0,9936990798579096"
2023-09-29 03:47:00,-3,0,"0,9923242912902339"
2023-09-29 03:48:00,-3,0,"0,9914982183566544"
2023-09-29 03:49:00,-3,0,"0,991497874232742"
2023-09-29 03:50:00,-3,0,"0,9905079185524756"
2023-09-29 03:51:00,-3,0,"0,9909477017401584"
2023-09-29 03:52:00,-3,0,"0,9924896416099767"
2023-09-29 03:53:00,-3,0,"0,9928736833120176"
2023-09-29 03:54:00,-3,0,"0,9912790964235758"
2023-09-29 03:55:00,-3,0,"0,9908376723064278"
2023-09-29 03:56:00,-3,0,"0,9927653908511862"
2023-09-29 03:57:00,-3,0,"1,0017735672309205"
2023-09-29 03:58:00,-3,0,"1,00173306544272"
2023-09-29 03:59:00,-3,0,"1,0061451374767707"
2023-09-29 04:00:00,316586,-208241390,"1,013560418646026"
2023-09-29 04:01:00,-2,-208410133,"1,0135569492252503"
2023-09-29 04:02:00,-3,-208410133,"1,0135569492161125"
2023-09-29 04:03:00,3873,-231658217,"1,0139535863754523"
2023-09-29 04:04:00,3866,-208423558,"1,0135570379519518"
2023-09-29 04:05:00,68227,-111099355,"1,011893664562411"
2023-09-29 04:06:00,176,-106221179,"1,011812873110561"
2023-09-29 04:07:00,18920,-55221497,"1,0109417829813556"
2023-09-29 04:08:00,-3,-55156437,"1,0109413514628272"
2023-09-29 04:09:00,-3,-55156437,"1,010941351462418"
2023-09-29 04:10:00,2513,-36599532,"1,0106245488415395"
2023-09-29 04:11:00,352,-29630067,"1,010505677437894"
2023-09-29 04:12:00,982,-41234175,"1,0107037035558204"
2023-09-29 04:13:00,35,-43553458,"1,0107433207485592"
2023-09-29 04:14:00,981,-55159804,"1,0109413738145527"
2023-09-29 04:15:00,3930,-31964642,"1,010545394111929"
2023-09-29 04:16:00,177185,160272,"1,0063028402732437"
2023-09-29 04:17:00,-275,-245,"1,0078424053229185"
2023-09-29 04:18:00,-3,0,"1,0083366651456551"
2023-09-29 04:19:00,-3,0,"1,0076763408983207"
2023-09-29 04:20:00,-3,0,"1,0070202204960386"
2023-09-29 04:21:00,-3,0,"1,0070158242998353"
2023-09-29 04:22:00,-3,0,"1,0061358485045226"
2023-09-29 04:23:00,-3,0,"1,0053653093296646"
2023-09-29 04:24:00,-3,0,"1,0048148947203102"
2023-09-29 04:25:00,-3,0,"1,0047047198346142"
2023-09-29 04:26:00,-3,0,"1,0048698322247966"
2023-09-29 04:27:00,-3,0,"1,0050348178584874"
2023-09-29 04:28:00,-3,0,"1,005034804316539"
2023-09-29 04:29:00,-3,0,"1,005034804316539"
2023-09-29 04:30:00,-3,0,"1,005034804316539"
2023-09-29 04:31:00,-3,0,"1,0053650682947004"
2023-09-29 04:32:00,-3,0,"1,0066866011923343"
2023-09-29 04:33:00,-3,0,"1,0063555784774454"
2023-09-29 04:34:00,-3,0,"1,005035790083106"
2023-09-29 04:35:00,-3,0,"1,0043747216157797"
2023-09-29 04:36:00,-3,0,"1,0043745040617589"
2023-09-29 04:37:00,-3,0,"1,0045947077534745"
2023-09-29 04:38:00,-3,0,"1,0060263329405994"
2023-09-29 04:39:00,-3,0,"1,0069613028705942"
2023-09-29 04:40:00,-3,0,"1,0088643811605402"
2023-09-29 04:41:00,-3,0,"1,0089968529600906"
2023-09-29 04:42:00,-3,0,"1,00888682008998"
2023-09-29 04:43:00,-3,0,"1,0077868741950515"
2023-09-29 04:44:00,-3,0,"1,006356540501978"
2023-09-29 04:45:00,-3,0,"1,0056954410693306"
2023-09-29 04:46:00,-3,0,"1,0059153081577683"
2023-09-29 04:47:00,-3,0,"1,0059703603272847"
2023-09-29 04:48:00,-3,0,"1,0067409841923758"
2023-09-29 04:49:00,-3,0,"1,0070158618058866"
2023-09-29 04:50:00,-3,0,"1,0070158242902398"
2023-09-29 04:51:00,-3,0,"1,0070158242902396"
2023-09-29 04:52:00,-3,0,"1,0073460881616867"
2023-09-29 04:53:00,-3,0,"1,006795914265814"
2023-09-29 04:54:00,-3,0,"1,0060256092113713"
2023-09-29 04:55:00,-3,0,"1,0060253143034323"
2023-09-29 04:56:00,-3,0,"1,0065207508350462"
2023-09-29 04:57:00,-3,0,"1,0067958015128473"
2023-09-29 04:58:00,-3,0,"1,0052012930434575"
2023-09-29 04:59:00,-3,0,"1,0034954740914506"
2023-09-29 05:00:00,-3,0,"1,0032780605450418"
2023-09-29 05:01:00,-3,0,"1,0011849824411376"
2023-09-29 05:02:00,-3,0,"0,9984352306402845"
2023-09-29 05:03:00,-3,0,"0,9982113492938198"
2023-09-29 05:04:00,-3,0,"0,9984314684049049"
2023-09-29 05:05:00,-3,0,"0,9981563470161516"
2023-09-29 05:06:00,-3,0,"0,99540869131734"
2023-09-29 05:07:00,-3,0,"0,9979945543020134"
2023-09-29 05:08:00,-3,0,"0,9997537115590368"
2023-09-29 05:09:00,-3,0,"1,0023969691459225"
2023-09-29 05:10:00,-3,0,"1,0022283933993104"
2023-09-29 05:11:00,-3,0,"1,0020632879578273"
2023-09-29 05:12:00,28970143,5617,"1,002005037256496"
2023-09-29 05:13:00,64136428,8383,"0,9999606408809075"
2023-09-29 05:14:00,68264743,129,"0,9990543396743424"
2023-09-29 05:15:00,72605203,123,"0,9994164769845827"
2023-09-29 05:16:00,78711000,247,"0,9996822099795005"
2023-09-29 05:17:00,86604767,418,"0,9997413410371939"
2023-09-29 05:18:00,98103826,878,"1,0001574600786598"
2023-09-29 05:19:00,107670997,556,"1,0023757452667166"
2023-09-29 05:20:00,111210547,82629,"1,0029108429454456"
2023-09-29 05:21:00,115073080,101,"1,002923510843236"
2023-09-29 05:22:00,122050204,349,"1,0018766680199065"
2023-09-29 05:23:00,129068116,378,"0,9999514191248099"
2023-09-29 05:24:00,129247062,2,"0,9987420747340302"
2023-09-29 05:25:00,129126694,0,"0,9987404371807749"
2023-09-29 05:26:00,136520881,367,"0,99879586459027"
2023-09-29 05:27:00,149316889,1073,"0,9994416300590729"
2023-09-29 05:28:00,160795709,831,"1,0006271946113574"
2023-09-29 05:29:00,168911226,411,"1,0015119818937606"
2023-09-29 05:30:00,181254558,1027,"1,0014391101940316"
2023-09-29 05:31:00,197428070,1802,"1,0009006833588272"
2023-09-29 05:32:00,206393762,571,"1,0003083895162332"
2023-09-29 05:33:00,201109496,186,"1,0002686573615085"
2023-09-29 05:34:00,200019141,7,"1,000260502785693"
2023-09-29 05:35:00,210763088,839,"0,9992425806194992"
2023-09-29 05:36:00,226051777,1618,"0,9988072001051215"
2023-09-29 05:37:00,235938026,684,"0,9984416779135052"
2023-09-29 05:38:00,252070582,1771,"0,9983426836151568"
2023-09-29 05:39:00,273630969,3121,"0,9985040503801075"
2023-09-29 05:40:00,293843474,59,"0,9996435913505674"
2023-09-29 05:41:00,318295179,3426,"1,0027951992558115"
2023-09-29 05:42:00,343683058,4211,"1,0033092287670922"
2023-09-29 05:43:00,366634141,3353,"1,0041386311571607"
2023-09-29 05:44:00,384967838,2227,"1,0042746451261166"
2023-09-29 05:45:00,398609758,1232,"1,0043759787521067"
2023-09-29 05:46:00,412734413,1354,"1,004261510205612"
2023-09-29 05:47:00,427201726,1458,"1,0039301648049122"
2023-09-29 05:48:00,439708319,1052,"1,0039132853020232"
2023-09-29 05:49:00,457915129,2316,"1,0035001048008256"
2023-09-29 05:50:00,479127926,2981,"1,0036574933785345"
2023-09-29 05:51:00,500410692,3186,"1,0031578375233663"
2023-09-29 05:52:00,525922265,4428,"1,0030182225750568"
2023-09-29 05:53:00,545960139,2597,"1,0033861585687318"
2023-09-29 05:54:00,562444594,1771,"1,0036180040042146"
2023-09-29 05:55:00,585310977,3458,"1,003787563976832"
2023-09-29 05:56:00,607890322,3530,"1,0035168004774146"
2023-09-29 05:57:00,629026262,3089,"1,00328998268974"
2023-09-29 05:58:00,652623299,3334,"1,00434141705193"
2023-09-29 05:59:00,674302618,2443,"1,0063100422756082"
2023-09-29 06:00:00,694448343,105,"1,0065666266045186"
2023-09-29 06:01:00,713628360,2414,"1,0067082081153602"
2023-09-29 06:02:00,725411226,701,"1,0077808859658508"
2023-09-29 06:03:00,742106313,1472,"1,009053464336892"
2023-09-29 06:04:00,765056272,-1791127,"1,010030560290897"
2023-09-29 06:05:00,786601225,3088,"1,0094895420823509"
2023-09-29 06:06:00,813863703,5456,"1,0086512062925512"
2023-09-29 06:07:00,840511638,4826,"1,0085184850205766"
2023-09-29 06:08:00,859769348,2662,"1,0081133320458928"
2023-09-29 06:09:00,878200003,1758,"1,0093976135625342"
2023-09-29 06:10:00,900687967,-2277656,"1,0100388642233045"
2023-09-29 06:11:00,923984136,-25620072,"1,0104372706526856"
2023-09-29 06:12:00,949230181,1497,"1,009644984923413"
2023-09-29 06:13:00,977697841,5425,"1,0096351773191614"
2023-09-29 06:14:00,1003933626,-6545443,"1,0101117083723006"
2023-09-29 06:15:00,1025390075,-26992318,"1,0104606954074071"
2023-09-29 06:16:00,1048431944,-34098658,"1,0105820421290312"
2023-09-29 06:17:00,1072647745,-23156977,"1,0103952175411528"
2023-09-29 06:18:00,1100796620,-22621695,"1,0103861832237595"
2023-09-29 06:19:00,1126720793,-30613655,"1,0105225860825058"
2023-09-29 06:20:00,1148741913,-37396597,"1,010638441358914"
2023-09-29 06:21:00,1175473436,-45634915,"1,0107789623603387"
2023-09-29 06:22:00,1200704089,-101781129,"1,0117365763372497"
2023-09-29 06:23:00,1221212639,-140283193,"1,0123940084596297"
2023-09-29 06:24:00,1249223995,-151161986,"1,0125800134121168"
2023-09-29 06:25:00,1272453774,-162899552,"1,0127802958922767"
2023-09-29 06:26:00,1296465289,-193298849,"1,0132989923248672"
2023-09-29 06:27:00,1322355202,-201226453,"1,0134344519849108"
2023-09-29 06:28:00,1343796667,-207801299,"1,0135466318468849"
2023-09-29 06:29:00,1363348164,-213793620,"1,0136488910005486"
2023-09-29 06:30:00,1386519257,-232396741,"1,0139663806008896"
2023-09-29 06:31:00,1407372489,-241076498,"1,014114537545712"
2023-09-29 06:32:00,1431905483,-248583152,"1,0142426827192412"
2023-09-29 06:33:00,1452585062,-241113717,"1,0141151237567734"
2023-09-29 06:34:00,1470762230,-246669832,"1,0142099844988763"
2023-09-29 06:35:00,1492877830,-212093786,"1,0136194433708834"
2023-09-29 06:36:00,1514295138,-204817832,"1,0134956628298284"
2023-09-29 06:37:00,1535130825,-211184834,"1,0136043748245"
2023-09-29 06:38:00,1559207611,-232330921,"1,013965247571888"
2023-09-29 06:39:00,1572006342,-229346353,"1,0139142839676003"
2023-09-29 06:40:00,1593139761,-143815632,"1,0124574621118985"
2023-09-29 06:41:00,1615493627,-139297593,"1,012377444762732"
2023-09-29 06:42:00,1634000268,-144952973,"1,01247397387442"
2023-09-29 06:43:00,1659036340,-175568746,"1,0129963964090123"
2023-09-29 06:44:00,1680315907,-205014070,"1,0134989154809573"
2023-09-29 06:45:00,1701197941,-220559064,"1,0137643419457107"
2023-09-29 06:46:00,1720354686,-237878730,"1,0140599144298423"
2023-09-29 06:47:00,1741631252,-244359999,"1,0141705817809998"
2023-09-29 06:48:00,1762311685,-170510579,"1,0129084601627978"
2023-09-29 06:49:00,1789398534,-183209213,"1,013126953141972"
2023-09-29 06:50:00,1810797923,-212676939,"1,0136296983538695"
2023-09-29 06:51:00,1830475036,-218657675,"1,013731906984085"
2023-09-29 06:52:00,1852211393,-229860052,"1,0139231062083047"
2023-09-29 06:53:00,1876921634,-260320057,"1,0144428515750783"
2023-09-29 06:54:00,1896802506,-289298320,"1,014937393234733"
2023-09-29 06:55:00,1916690472,-299914771,"1,0151187252197185"
2023-09-29 06:56:00,1934794575,-303123418,"1,0151734823895444"
2023-09-29 06:57:00,1956669524,-298303672,"1,0150912153598788"
2023-09-29 06:58:00,1977710612,-304688292,"1,015200209489871"
2023-09-29 06:59:00,1995882468,-289582390,"1,0149422666856671"
2023-09-29 07:00:00,2015410468,-251969620,"1,0143003881816133"
2023-09-29 07:01:00,2045729610,-284085632,"1,014848507607832"
2023-09-29 07:02:00,2062998963,-371969354,"1,016346617843818"
2023-09-29 07:03:00,2085122473,-406030471,"1,0169296235689442"
2023-09-29 07:04:00,2103168888,-406890855,"1,0169444883249512"
2023-09-29 07:05:00,2119541736,-334076549,"1,015700132359721"
2023-09-29 07:06:00,2143405535,-341158186,"1,0158226648314062"
2023-09-29 07:07:00,-2147483648,-385498095,"1,0165790538982784"
2023-09-29 07:08:00,-2147483648,-422971354,"1,017218653478864"
2023-09-29 07:09:00,-2147483648,-421390827,"1,0171919517693715"
2023-09-29 07:10:00,-2147483648,-406291916,"1,0169341622050545"
2023-09-29 07:11:00,-2147483648,-406323598,"1,0169348321732066"
2023-09-29 07:12:00,-2147483648,-406140182,"1,0169316964001147"
2023-09-29 07:13:00,-2147483648,-412196955,"1,0170350648352509"
2023-09-29 07:14:00,-2147483648,-398645157,"1,0168036639042328"
2023-09-29 07:15:00,-2147483648,-368647987,"1,0162914700466716"
2023-09-29 07:16:00,-2147483648,-366097240,"1,0162482688633965"
2023-09-29 07:17:00,-2147483648,-435504243,"1,0174317030411408"
2023-09-29 07:18:00,-2147483648,-400554089,"1,0168359120807158"
2023-09-29 07:19:00,-2147483648,-376876577,"1,0164320175522026"
2023-09-29 07:20:00,-2147483648,-344321177,"1,015876560653463"
2023-09-29 07:21:00,-2147483648,-385456228,"1,0165783622866431"
2023-09-29 07:22:00,-2147483648,-439540975,"1,0175011046765876"
2023-09-29 07:23:00,-2147483648,-458573618,"1,017826511630162"
2023-09-29 07:24:00,-2147483648,-459528873,"1,0178428220583045"
2023-09-29 07:25:00,-2147483648,-418411006,"1,0171405970491405"
2023-09-29 07:26:00,-2147483648,-427513831,"1,017296393580537"
2023-09-29 07:27:00,-2147483648,-436662901,"1,0174525416239906"
2023-09-29 07:28:00,-2147483648,-441994490,"1,0175437266836904"
2023-09-29 07:29:00,-2147483648,-465705354,"1,0179492145329243"
2023-09-29 07:30:00,-2147483648,-473470875,"1,0180808741434697"
2023-09-29 07:31:00,-2147483648,-554340550,"1,0194594534665735"
2023-09-29 07:32:00,-2147483648,-535534258,"1,019139906016184"
2023-09-29 07:33:00,-2147483648,-475554642,"1,0181152333123815"
2023-09-29 07:34:00,-2147483648,-462949017,"1,01790116525547"
2023-09-29 07:35:00,-2147483648,-473354792,"1,0180788410950512"
2023-09-29 07:36:00,-2147483648,-506582230,"1,0186457283011177"
2023-09-29 07:37:00,-2147483648,-498667239,"1,0185107879311013"
2023-09-29 07:38:00,-2147483648,-412258898,"1,0170338543006097"
2023-09-29 07:39:00,-2147483648,-410573191,"1,01700732745865"
2023-09-29 07:40:00,-2147483648,-414153928,"1,0170684014994642"
2023-09-29 07:41:00,-2147483648,-392753027,"1,0167030176711855"
2023-09-29 07:42:00,-2147483648,-398969697,"1,0168093183518738"
2023-09-29 07:43:00,-2147483648,-402526080,"1,0168699696358676"
2023-09-29 07:44:00,-2147483648,-427666588,"1,0172990067435497"
2023-09-29 07:45:00,-2147483648,-469099956,"1,0180058360908273"
2023-09-29 07:46:00,-2147483648,-475085908,"1,0181083974312255"
2023-09-29 07:47:00,-2147483648,-521210028,"1,0188951068493837"
2023-09-29 07:48:00,-2147483648,-496313728,"1,018470442322457"
2023-09-29 07:49:00,-2147483648,-474004041,"1,018089719548137"
2023-09-29 07:50:00,-2147483648,-444061561,"1,0175785598439748"
2023-09-29 07:51:00,-2147483648,-442013351,"1,0175439113003175"
2023-09-29 07:52:00,-2147483648,-483911337,"1,0182586300003624"
2023-09-29 07:53:00,-2147483648,-520664880,"1,018885985849888"
2023-09-29 07:54:00,-2147483648,-511423627,"1,0187285020663486"
2023-09-29 07:55:00,-2147483648,-502180756,"1,0185707526754797"
2023-09-29 07:56:00,-2147483648,-479487993,"1,0181833074719675"
2023-09-29 07:57:00,-2147483648,-485536531,"1,0182867606319912"
2023-09-29 07:58:00,-2147483648,-537549172,"1,0191738796267793"
2023-09-29 07:59:00,-2147483648,-608143198,"1,020377950840209"
2023-09-29 08:00:00,-2147483648,-539721894,"1,0192114935445244"
2023-09-29 08:01:00,-2147483648,-630810605,"1,0207641812431942"
2023-09-29 08:02:00,-2147483648,-698465485,"1,0219195781811898"
2023-09-29 08:03:00,-2147483648,-619120572,"1,0205647781809088"
2023-09-29 08:04:00,-2147483648,-623788236,"1,020646293798421"
2023-09-29 08:05:00,-2147483648,-628485422,"1,0207264591833598"
2023-09-29 08:06:00,-2147483648,-633697518,"1,020815423573152"
2023-09-29 08:07:00,-2147483648,-664172264,"1,0213352962348003"
2023-09-29 08:08:00,-2147483648,-681554788,"1,0216321298096989"
2023-09-29 08:09:00,-2147483648,-675325346,"1,0215258368901272"
2023-09-29 08:10:00,-2147483648,-674200635,"1,021506663479816"
2023-09-29 08:11:00,-2147483648,-705568914,"1,0220418260644122"
2023-09-29 08:12:00,-2147483648,-695617247,"1,0218721445802013"
2023-09-29 08:13:00,-2147483648,-672282452,"1,0214737422949545"
2023-09-29 08:14:00,-2147483648,-671479776,"1,0214602306106952"
2023-09-29 08:15:00,-2147483648,-678159824,"1,0215742203911906"
2023-09-29 08:16:00,-2147483648,-681648799,"1,0216337871188874"
2023-09-29 08:17:00,-2147483648,-683181103,"1,0216599218739932"
2023-09-29 08:18:00,-2147483648,-688279553,"1,021746979208077"
2023-09-29 08:19:00,-2147483648,-691817970,"1,0218073460783577"
2023-09-29 08:20:00,-2147483648,-653536294,"1,0211539733784043"
2023-09-29 08:21:00,-2147483648,-656538396,"1,0212052195932415"
2023-09-29 08:22:00,-2147483648,-659891807,"1,0212624565493384"
2023-09-29 08:23:00,-2147483648,-668638267,"1,0214117370259015"
2023-09-29 08:24:00,-2147483648,-682114245,"1,0216417166295797"
2023-09-29 08:25:00,-2147483648,-686413068,"1,021715110585982"
2023-09-29 08:26:00,-2147483648,-690564113,"1,0217859547031245"
2023-09-29 08:27:00,-2147483648,-715659005,"1,0222140834983433"
2023-09-29 08:28:00,-2147483648,-702114659,"1,0219830028400458"
2023-09-29 08:29:00,-2147483648,-661681868,"1,0212924993848265"
2023-09-29 08:30:00,-2147483648,-659803300,"1,021260934589636"
2023-09-29 08:31:00,-2147483648,-663721272,"1,021327821727688"
2023-09-29 08:32:00,-2147483648,-668598703,"1,0214110802601994"
2023-09-29 08:33:00,-2147483648,-656929998,"1,0212118454775507"
2023-09-29 08:34:00,-2147483648,-673009140,"1,0214862676118777"
2023-09-29 08:35:00,-2147483648,-703513652,"1,022006739787349"
2023-09-29 08:36:00,-2147483648,-696187088,"1,0218818767446185"
2023-09-29 08:37:00,-2147483648,-679793776,"1,0216020236856116"
2023-09-29 08:38:00,-2147483648,-685296314,"1,021696071870253"
2023-09-29 08:39:00,-2147483648,-687604397,"1,0217354199977773"
2023-09-29 08:40:00,-2147483648,-690337125,"1,0217820506510091"
2023-09-29 08:41:00,-2147483648,-694857832,"1,021859241853252"
2023-09-29 08:42:00,-2147483648,-719560763,"1,022280720746921"
2023-09-29 08:43:00,-2147483648,-872584147,"1,0248866047430458"
2023-09-29 08:44:00,-2147483648,-969021473,"1,0265359925425463"
2023-09-29 08:45:00,-2147483648,-976079264,"1,026658849020043"
2023-09-29 08:46:00,-2147483648,-1000683135,"1,027078618975578"
2023-09-29 08:47:00,-2147483648,-1017365503,"1,0273634400055565"
2023-09-29 08:48:00,-2147483648,-1020833325,"1,0274226866017842"
2023-09-29 08:49:00,-2147483648,-1001164148,"1,0270868523443275"
2023-09-29 08:50:00,-2147483648,-965126496,"1,0264715245085825"
2023-09-29 08:51:00,-2147483648,-933838227,"1,0259376160752955"
2023-09-29 08:52:00,-2147483648,-852871454,"1,02455421078175"
2023-09-29 08:53:00,-2147483648,-921503162,"1,0257262814051058"
2023-09-29 08:54:00,-2147483648,-942542384,"1,0260863838735494"
2023-09-29 08:55:00,-2147483648,-946079269,"1,026146851853012"
2023-09-29 08:56:00,-2147483648,-946525802,"1,0261544630688817"
2023-09-29 08:57:00,-2147483648,-896409279,"1,0252983763103851"
2023-09-29 08:58:00,-2147483648,-898408727,"1,0253332388526957"
2023-09-29 08:59:00,-2147483648,-853304063,"1,0245628586615958"
2023-09-29 09:00:00,-2147483648,-797938105,"1,0236185010747"
2023-09-29 09:01:00,-2147483648,-769429935,"1,0231316914122448"
2023-09-29 09:02:00,-2147483648,-767491641,"1,0230988538878742"
2023-09-29 09:03:00,-2147483648,-760958560,"1,022987365839836"
2023-09-29 09:04:00,-2147483648,-777925474,"1,02327689369734"
2023-09-29 09:05:00,-2147483648,-792573291,"1,0235268752973894"
2023-09-29 09:06:00,-2147483648,-744772424,"1,0227104348473872"
2023-09-29 09:07:00,-2147483648,-688734652,"1,0217537728266353"
2023-09-29 09:08:00,-2147483648,-710833221,"1,022131745996114"
2023-09-29 09:09:00,-2147483648,-762239188,"1,023008586264764"
2023-09-29 09:10:00,-2147483648,-793687646,"1,023545758910303"
2023-09-29 09:11:00,-2147483648,-807478504,"1,0237812871150205"
2023-09-29 09:12:00,-2147483648,-827927700,"1,0241302824227183"
2023-09-29 09:13:00,-2147483648,-828318767,"1,0241369985606328"
2023-09-29 09:14:00,-2147483648,-841341633,"1,0243592113203248"
2023-09-29 09:15:00,-2147483648,-845163647,"1,0244245176125315"
2023-09-29 09:16:00,-2147483648,-848198034,"1,0244762962094214"
2023-09-29 09:17:00,-2147483648,-870691892,"1,0248600722234578"
2023-09-29 09:18:00,-2147483648,-882712434,"1,0250653303621045"
2023-09-29 09:19:00,-2147483648,-895406969,"1,0252819658136745"
2023-09-29 09:20:00,-2147483648,-897710328,"1,0253264398101338"
2023-09-29 09:21:00,-2147483648,-898179873,"1,0253293256511002"
2023-09-29 09:22:00,-2147483648,-900559541,"1,0253699495637854"
2023-09-29 09:23:00,-2147483648,-902563253,"1,0254041442301578"
2023-09-29 09:24:00,-2147483648,-932860636,"1,0259210270700303"
2023-09-29 09:25:00,-2147483648,-963282954,"1,026440204763354"
2023-09-29 09:26:00,-2147483648,-978865905,"1,0267063932283294"
2023-09-29 09:27:00,-2147483648,-979039433,"1,0267094008021067"
2023-09-29 09:28:00,-2147483648,-985998037,"1,0268281310276126"
2023-09-29 09:29:00,-2147483648,-983017878,"1,0267772807579694"
2023-09-29 09:30:00,-2147483648,-947301560,"1,026167330474426"
2023-09-29 09:31:00,-2147483648,-903056508,"1,0254119955156071"
2023-09-29 09:32:00,-2147483648,-903641429,"1,025422539179757"
2023-09-29 09:33:00,-2147483648,-887496133,"1,0251469055150362"
2023-09-29 09:34:00,-2147483648,-865982012,"1,024779664471413"
2023-09-29 09:35:00,-2147483648,-868803519,"1,0248279702463226"
2023-09-29 09:36:00,-2147483648,-869610522,"1,0248417303767263"
2023-09-29 09:37:00,-2147483648,-860844702,"1,0246921017985229"
2023-09-29 09:38:00,-2147483648,-860253037,"1,0246820280375768"
2023-09-29 09:39:00,-2147483648,-863307357,"1,0247341689631695"
2023-09-29 09:40:00,-2147483648,-859311330,"1,0246659534400753"
2023-09-29 09:41:00,-2147483648,-809239082,"1,023810673611726"
2023-09-29 09:42:00,-2147483648,-792000121,"1,023517056172206"
2023-09-29 09:43:00,-2147483648,-783822986,"1,0233775635014657"
2023-09-29 09:44:00,-2147483648,-813935823,"1,0238913229103788"
2023-09-29 09:45:00,-2147483648,-847492985,"1,024463966325281"
2023-09-29 09:46:00,-2147483648,-850517703,"1,0245158694289938"
2023-09-29 09:47:00,-2147483648,-838024698,"1,0243026076511306"
2023-09-29 09:48:00,-2147483648,-874334088,"1,0249219820236273"
2023-09-29 09:49:00,-2147483648,-850504340,"1,0245154984480078"
2023-09-29 09:50:00,-2147483648,-807440852,"1,023780125102152"
2023-09-29 09:51:00,-2147483648,-813913940,"1,0238911791130416"
2023-09-29 09:52:00,-2147483648,-824344704,"1,0240691396414745"
2023-09-29 09:53:00,-2147483648,-825140270,"1,0240827516594346"
2023-09-29 09:54:00,-2147483648,-854168374,"1,0245779707628593"
2023-09-29 09:55:00,-2147483648,-857704975,"1,02463853710042"
2023-09-29 09:56:00,-2147483648,-893984192,"1,025257326178412"
2023-09-29 09:57:00,-2147483648,-893097423,"1,02524258405271"
2023-09-29 09:58:00,-2147483648,-891047984,"1,0252076361180311"
2023-09-29 09:59:00,-2147483648,-893341880,"1,0252467918187902"
2023-09-29 10:00:00,-2147483648,-916445266,"1,0256410644857965"
2023-09-29 10:01:00,-2147483648,-938728108,"1,0260212526612913"
2023-09-29 10:02:00,-2147483648,-989319266,"1,0268841805105131"
2023-09-29 10:03:00,-2147483648,-989653309,"1,0268905129973516"
2023-09-29 10:04:00,-2147483648,-988970346,"1,0268788573419456"
2023-09-29 10:05:00,-2147483648,-1003790095,"1,0271317359905998"
2023-09-29 10:06:00,-2147483648,-1008605403,"1,0272140113455452"
2023-09-29 10:07:00,-2147483648,-1033091509,"1,0276317071826102"
2023-09-29 10:08:00,-2147483648,-1056214000,"1,0280263683245203"
2023-09-29 10:09:00,-2147483648,-1062264764,"1,028129769351894"
2023-09-29 10:10:00,-2147483648,-1061848896,"1,0281226830797976"
2023-09-29 10:11:00,-2147483648,-1035105690,"1,0276660511488327"
2023-09-29 10:12:00,-2147483648,-1016452376,"1,027347803565813"
2023-09-29 10:13:00,-2147483648,-1034922124,"1,0276630290387505"
2023-09-29 10:14:00,-2147483648,-1038128497,"1,027717862388497"
2023-09-29 10:15:00,-2147483648,-1040103682,"1,0277515617098945"
2023-09-29 10:16:00,-2147483648,-1039963573,"1,0277491635890996"
2023-09-29 10:17:00,-2147483648,-1038666395,"1,0277270274503674"
2023-09-29 10:18:00,-2147483648,-1050644741,"1,0279314487850064"
2023-09-29 10:19:00,-2147483648,-1056872809,"1,028037753693708"
2023-09-29 10:20:00,-2147483648,-1054209788,"1,0279923054298938"
2023-09-29 10:21:00,-2147483648,-1051058875,"1,0279385458391688"
2023-09-29 10:22:00,-2147483648,-1037777353,"1,0277118007359762"
2023-09-29 10:23:00,-2147483648,-1025312926,"1,0274990726209188"
2023-09-29 10:24:00,-2147483648,-968624338,"1,0265307838636162"
2023-09-29 10:25:00,-2147483648,-956795460,"1,0263296819857266"
2023-09-29 10:26:00,-2147483648,-953452712,"1,0262726929057542"
2023-09-29 10:27:00,-2147483648,-957634247,"1,0263440708801868"
2023-09-29 10:28:00,-2147483648,-988314463,"1,0268674660856234"
2023-09-29 10:29:00,-2147483648,-992247988,"1,026934824068931"
2023-09-29 10:30:00,-2147483648,-991125438,"1,0269156399532378"
2023-09-29 10:31:00,-2147483648,-949636190,"1,0262070727878363"
2023-09-29 10:32:00,-2147483648,-952089402,"1,0262494295239608"
2023-09-29 10:33:00,-2147483648,-970562178,"1,026564578972326"
2023-09-29 10:34:00,-2147483648,-985159356,"1,0268137627615683"
2023-09-29 10:35:00,-2147483648,-984926388,"1,026809837944883"
2023-09-29 10:36:00,-2147483648,-987640367,"1,0268561706843495"
2023-09-29 10:37:00,-2147483648,-990422979,"1,026903662497597"
2023-09-29 10:38:00,-2147483648,-991525181,"1,0269224623296915"
2023-09-29 10:39:00,-2147483648,-990819108,"1,0269104104378837"
2023-09-29 10:40:00,-2147483648,-992765319,"1,0269426291336692"
2023-09-29 10:41:00,-2147483648,-995186728,"1,026984963577328"
2023-09-29 10:42:00,-2147483648,-998402893,"1,027039861192978"
2023-09-29 10:43:00,-2147483648,-995716222,"1,026993990626604"
2023-09-29 10:44:00,-2147483648,-987015496,"1,0268454708261745"
2023-09-29 10:45:00,-2147483648,-985638127,"1,0268219885296814"
2023-09-29 10:46:00,-2147483648,-988305259,"1,0268675180254652"
2023-09-29 10:47:00,-2147483648,-979421999,"1,0267158726867944"
2023-09-29 10:48:00,-2147483648,-990536264,"1,026905547099658"
2023-09-29 10:49:00,-2147483648,-1011734290,"1,0272672374813094"
2023-09-29 10:50:00,-2147483648,-1027837693,"1,0275421312244863"
2023-09-29 10:51:00,-2147483648,-1024470133,"1,0274847553049773"
2023-09-29 10:52:00,-2147483648,-1020247687,"1,027412701924867"
2023-09-29 10:53:00,-2147483648,-1013902424,"1,0273043740208037"
2023-09-29 10:54:00,-2147483648,-982479545,"1,0267677786696736"
2023-09-29 10:55:00,-2147483648,-949371290,"1,0262026840376473"
2023-09-29 10:56:00,-2147483648,-959248265,"1,0263716288780462"
2023-09-29 10:57:00,-2147483648,-992703969,"1,0269422974334643"
2023-09-29 10:58:00,-2147483648,-1045146771,"1,0278368283445385"
2023-09-29 10:59:00,-2147483648,-1044820248,"1,027832053081695"
2023-09-29 11:00:00,-2147483648,-1044166650,"1,0278211201844718"
2023-09-29 11:01:00,-2147483648,-1038737587,"1,0277282346842376"
2023-09-29 11:02:00,-2147483648,-1043681733,"1,027812616156496"
2023-09-29 11:03:00,-2147483648,-1050006835,"1,0279205718645363"
2023-09-29 11:04:00,-2147483648,-1111268406,"1,0289650455239634"
2023-09-29 11:05:00,-2147483648,-1122206663,"1,0291629599938723"
2023-09-29 11:06:00,-2147483648,-1110793060,"1,0289580371897142"
2023-09-29 11:07:00,-2147483648,-1104712721,"1,028854241331845"
2023-09-29 11:08:00,-2147483648,-1102906082,"1,0288234160678804"
2023-09-29 11:09:00,-2147483648,-1122108986,"1,029153054853973"
2023-09-29 11:10:00,-2147483648,-1122206564,"1,0292934175746702"
2023-09-29 11:11:00,-2147483648,-1116342313,"1,0290527329325687"
2023-09-29 11:12:00,-2147483648,-1113083739,"1,028997132246918"
2023-09-29 11:13:00,-2147483648,-1114239573,"1,0290168413668177"
2023-09-29 11:14:00,-2147483648,-1122206537,"1,0292550509839873"
2023-09-29 11:15:00,-2147483648,-1122205902,"1,0293335481745316"
2023-09-29 11:16:00,-2147483648,-1122206575,"1,029360441384838"
2023-09-29 11:17:00,-2147483648,-1122206432,"1,029317094382889"
2023-09-29 11:18:00,-2147483648,-1119264026,"1,0291025943983307"
2023-09-29 11:19:00,-2147483648,-1111973604,"1,0289781726147416"
2023-09-29 11:20:00,-2147483648,-1117228495,"1,029067852656076"
2023-09-29 11:21:00,-2147483648,-1122205967,"1,0293922832993372"
2023-09-29 11:22:00,-2147483648,-1122206578,"1,0296757585100604"
2023-09-29 11:23:00,-2147483648,-1122206053,"1,0295728292881232"
2023-09-29 11:24:00,-2147483648,-1122206599,"1,029438253271158"
2023-09-29 11:25:00,-2147483648,-1122204259,"1,0292988668995624"
2023-09-29 11:26:00,-2147483648,-1122206634,"1,0293144463598234"
2023-09-29 11:27:00,-2147483648,-1122206256,"1,0293718901558508"
2023-09-29 11:28:00,-2147483648,-1121903964,"1,0291470481584115"
2023-09-29 11:29:00,-2147483648,-1116849332,"1,0290613817340186"
2023-09-29 11:30:00,-2147483648,-1113624620,"1,0290063631002204"
2023-09-29 11:31:00,-2147483648,-1107881184,"1,0289083170602746"
2023-09-29 11:32:00,-2147483648,-1094648692,"1,0286824831373176"
2023-09-29 11:33:00,-2147483648,-1082633444,"1,028477403792098"
2023-09-29 11:34:00,-2147483648,-1072595644,"1,0283061429814622"
2023-09-29 11:35:00,-2147483648,-1071931476,"1,0282947640606526"
2023-09-29 11:36:00,-2147483648,-1073102144,"1,0283147456179624"
2023-09-29 11:37:00,-2147483648,-1083918169,"1,02849940156355"
2023-09-29 11:38:00,-2147483648,-1122206431,"1,0292913047487726"
2023-09-29 11:39:00,-2147483648,-1122198727,"1,029498392182434"
2023-09-29 11:40:00,-2147483648,-1122205355,"1,0294846492836571"
2023-09-29 11:41:00,-2147483648,-1122206502,"1,0291744113769772"
2023-09-29 11:42:00,-2147483648,-1119187009,"1,0291012800028745"
2023-09-29 11:43:00,-2147483648,-1118752818,"1,0290938686237567"
2023-09-29 11:44:00,-2147483648,-1115997660,"1,0290468590737547"
2023-09-29 11:45:00,-2147483648,-1122204762,"1,0295483874210762"
2023-09-29 11:46:00,-2147483648,-1122205968,"1,0300040119158698"
2023-09-29 11:47:00,-2147483648,-1122206642,"1,029881340564592"
2023-09-29 11:48:00,-2147483648,-1122206539,"1,0295358021317724"
2023-09-29 11:49:00,-2147483648,-1122206615,"1,0296328235390373"
2023-09-29 11:50:00,-2147483648,-1122202073,"1,0307354751033933"
2023-09-29 11:51:00,-2147483648,-1122204837,"1,0310772058209707"
2023-09-29 11:52:00,-2147483648,-1122206577,"1,0310504448450262"
2023-09-29 11:53:00,-2147483648,-1122206643,"1,0310636498029817"
2023-09-29 11:54:00,-2147483648,-1122206619,"1,031044468645267"
2023-09-29 11:55:00,-2147483648,-1122204612,"1,030915580364132"
2023-09-29 11:56:00,-2147483648,-1122205605,"1,0308800935216442"
2023-09-29 11:57:00,-2147483648,-1122204502,"1,031035675225207"
2023-09-29 11:58:00,-2147483648,-1122206613,"1,0310152840489035"
2023-09-29 11:59:00,-2147483648,-1122197156,"1,0307378233228652"
2023-09-29 12:00:00,-2147483648,-1122171351,"1,0308786664661802"
2023-09-29 12:01:00,-2147483648,-1122206663,"1,0308824674699095"
2023-09-29 12:02:00,-2147483648,-1122205585,"1,0317553132958743"
2023-09-29 12:03:00,-2147483648,-1122205349,"1,0324192655768254"
2023-09-29 12:04:00,-2147483648,-1122206591,"1,0324521578492118"
2023-09-29 12:05:00,-2147483648,-1122192047,"1,0326247267807511"
2023-09-29 12:06:00,-2147483648,-1122203149,"1,0340727101403635"
2023-09-29 12:07:00,-2147483648,-1122206522,"1,0340375983930898"
2023-09-29 12:08:00,-2147483648,-1122205643,"1,0339466122883998"
2023-09-29 12:09:00,-2147483648,-1122206625,"1,0338182436758776"
2023-09-29 12:10:00,-2147483648,-1122205844,"1,0329429091464717"
2023-09-29 12:11:00,-2147483648,-1122206477,"1,0328468431729685"
2023-09-29 12:12:00,-2147483648,-1122206194,"1,03224478750023"
2023-09-29 12:13:00,-2147483648,-1122206513,"1,032097261190291"
2023-09-29 12:14:00,-2147483648,-1122206389,"1,031720285493534"
2023-09-29 12:15:00,-2147483648,-1122203640,"1,0308933232658966"
2023-09-29 12:16:00,-2147483648,-1122206657,"1,0308852332307603"
2023-09-29 12:17:00,-2147483648,-1122206536,"1,0312206234585053"
2023-09-29 12:18:00,-2147483648,-1122206291,"1,0315173356472225"
2023-09-29 12:19:00,-2147483648,-1122204329,"1,0314367497004715"
2023-09-29 12:20:00,-2147483648,-1122136850,"1,0315570156848513"
2023-09-29 12:21:00,-2147483648,-1122206652,"1,031566720948743"
2023-09-29 12:22:00,-2147483648,-1122206646,"1,0315789890068816"
2023-09-29 12:23:00,-2147483648,-1122206245,"1,0315206257529916"
2023-09-29 12:24:00,-2147483648,-1122205398,"1,0314192056450338"
2023-09-29 12:25:00,-2147483648,-1122206150,"1,031354577090386"
2023-09-29 12:26:00,-2147483648,-1122203592,"1,031196620056115"
2023-09-29 12:27:00,-2147483648,-1122206590,"1,031007070847296"
2023-09-29 12:28:00,-2147483648,-1122206447,"1,0307973188711057"
2023-09-29 12:29:00,-2147483648,-1122206632,"1,0307811404403968"
2023-09-29 12:30:00,-2147483648,-1122206616,"1,0307611944529873"
2023-09-29 12:31:00,-2147483648,-1122203788,"1,031246177117167"
2023-09-29 12:32:00,-2147483648,-1122205125,"1,0315388113584694"
2023-09-29 12:33:00,-2147483648,-1122206187,"1,0314764236928122"
2023-09-29 12:34:00,-2147483648,-1122206183,"1,0313010019092872"
2023-09-29 12:35:00,-2147483648,-1122206322,"1,0307350161442623"
2023-09-29 12:36:00,-2147483648,-1122205965,"1,0306594707534953"
2023-09-29 12:37:00,-2147483648,-1122203899,"1,0307963876626676"
2023-09-29 12:38:00,-2147483648,-1122206086,"1,031017430105422"
2023-09-29 12:39:00,-2147483648,-1122206343,"1,0306359309073567"
2023-09-29 12:40:00,-2147483648,-1122206634,"1,0300298211878136"
2023-09-29 12:41:00,-2147483648,-1122206175,"1,0299666844243007"
2023-09-29 12:42:00,-2147483648,-1122203432,"1,0310435716458113"
2023-09-29 12:43:00,-2147483648,-1122205512,"1,0314702817649146"
2023-09-29 12:44:00,-2147483648,-1122206265,"1,0315277975569042"
2023-09-29 12:45:00,-2147483648,-1122205735,"1,0320273955539652"
2023-09-29 12:46:00,-2147483648,-1122206254,"1,0319694400436126"
2023-09-29 12:47:00,-2147483648,-1122202675,"1,0326608101033066"
2023-09-29 12:48:00,-2147483648,-1122205075,"1,0327183127261097"
2023-09-29 12:49:00,-2147483648,-1122205635,"1,03262670161842"
2023-09-29 12:50:00,-2147483648,-1122205473,"1,032699855017886"
2023-09-29 12:51:00,-2147483648,-1122205319,"1,0325384029916067"
2023-09-29 12:52:00,-2147483648,-1122205859,"1,0322329509377508"
2023-09-29 12:53:00,-2147483648,-1122205776,"1,031598052618375"
2023-09-29 12:54:00,-2147483648,-1122205540,"1,0313891473536252"
2023-09-29 12:55:00,-2147483648,-1122206139,"1,0307823858282597"
2023-09-29 12:56:00,-2147483648,-1122206263,"1,0307249805208127"
2023-09-29 12:57:00,-2147483648,-1122206498,"1,0308621066913572"
2023-09-29 12:58:00,-2147483648,-1122205251,"1,0316419254542455"
2023-09-29 12:59:00,-2147483648,-1122205892,"1,0315621950323048"
2023-09-29 13:00:00,-2147483648,-1122206614,"1,0314194157811327"
2023-09-29 13:01:00,-2147483648,-1122206314,"1,0314230240966116"
2023-09-29 13:02:00,-2147483648,-1122204923,"1,03194365344637"
2023-09-29 13:03:00,-2147483648,-1122203674,"1,0329029906902452"
2023-09-29 13:04:00,-2147483648,-1122205502,"1,0324698007987576"
2023-09-29 13:05:00,-2147483648,-1122205585,"1,0316170451371307"
2023-09-29 13:06:00,-2147483648,-1122205160,"1,0304911204092333"
2023-09-29 13:07:00,-2147483648,-1122205918,"1,0302438091945163"
2023-09-29 13:08:00,-2147483648,-1122205510,"1,030146690994945"
2023-09-29 13:09:00,-2147483648,-1118590994,"1,0290911082638734"
2023-09-29 13:10:00,-2147483648,-1122206573,"1,0292402837494472"
2023-09-29 13:11:00,-2147483648,-1122204396,"1,0297415204913645"
2023-09-29 13:12:00,-2147483648,-1122205642,"1,029706843962395"
2023-09-29 13:13:00,-2147483648,-1053836589,"1,0279866046306507"
2023-09-29 13:14:00,-2147483648,-1042947272,"1,027800099655518"
2023-09-29 13:15:00,-2147483648,-1040991975,"1,027766746097621"
2023-09-29 13:16:00,-2147483648,-1048421374,"1,0278935105376723"
2023-09-29 13:17:00,-2147483648,-1043851311,"1,0278155520912773"
2023-09-29 13:18:00,-2147483648,-1037744053,"1,0277113472636907"
2023-09-29 13:19:00,-2147483648,-1033518961,"1,0276392035403084"
2023-09-29 13:20:00,-2147483648,-1030123425,"1,027582437585508"
2023-09-29 13:21:00,-2147483648,-1025692338,"1,0275056294149234"
2023-09-29 13:22:00,-2147483648,-1022357791,"1,0274487029548045"
2023-09-29 13:23:00,-2147483648,-1018696878,"1,0273862256940534"
2023-09-29 13:24:00,-2147483648,-1018044843,"1,0273750749078645"
2023-09-29 13:25:00,-2147483648,-1022870290,"1,0274574439621875"
2023-09-29 13:26:00,-2147483648,-1040009228,"1,0277498701362489"
2023-09-29 13:27:00,-2147483648,-1072817846,"1,0283095662798625"
2023-09-29 13:28:00,-2147483648,-1067370216,"1,0282169663366718"
2023-09-29 13:29:00,-2147483648,-1062568294,"1,028135000554002"
2023-09-29 13:30:00,-2147483648,-1058965454,"1,0280734931301216"
2023-09-29 13:31:00,-2147483648,-1019329953,"1,0273967208816968"
2023-09-29 13:32:00,-2147483648,-1006887051,"1,027184679758706"
2023-09-29 13:33:00,-2147483648,-952822557,"1,0262613311449331"
2023-09-29 13:34:00,-2147483648,-913101661,"1,0255837117616111"
2023-09-29 13:35:00,-2147483648,-906557101,"1,0254723739379203"
2023-09-29 13:36:00,-2147483648,-903227430,"1,0254154918778988"
2023-09-29 13:37:00,-2147483648,-899678940,"1,0253549319762607"
2023-09-29 13:38:00,-2147483648,-892083425,"1,02522532289304"
2023-09-29 13:39:00,-2147483648,-875734732,"1,0249462533204472"
2023-09-29 13:40:00,-2147483648,-899013698,"1,0253507049073372"
2023-09-29 13:41:00,-2147483648,-894748714,"1,0252708008439175"
2023-09-29 13:42:00,-2147483648,-884999583,"1,0251044146735009"
2023-09-29 13:43:00,-2147483648,-858445579,"1,0246510505713915"
2023-09-29 13:44:00,-2147483648,-853963960,"1,02457472209056"
2023-09-29 13:45:00,-2147483648,-867330459,"1,0248028024827205"
2023-09-29 13:46:00,-2147483648,-870772790,"1,0248615750580905"
2023-09-29 13:47:00,-2147483648,-865316670,"1,024768496827513"
2023-09-29 13:48:00,-2147483648,-857439142,"1,0246341057501722"
2023-09-29 13:49:00,-2147483648,-852221931,"1,0245450031271617"
2023-09-29 13:50:00,-2147483648,-845070647,"1,0244229924537742"
2023-09-29 13:51:00,-2147483648,-842422033,"1,024377712382587"
2023-09-29 13:52:00,-2147483648,-848095048,"1,0244745915964129"
2023-09-29 13:53:00,-2147483648,-863531424,"1,0247379287320344"
2023-09-29 13:54:00,-2147483648,-852888214,"1,024556383038474"
2023-09-29 13:55:00,-2147483648,-828887453,"1,0241466038909404"
2023-09-29 13:56:00,-2147483648,-835579638,"1,0242609278672197"
2023-09-29 13:57:00,-2147483648,-829951759,"1,0241649230967833"
2023-09-29 13:58:00,-2147483648,-817848355,"1,0239583302473672"
2023-09-29 13:59:00,-2147483648,-816908558,"1,023942307404238"
2023-09-29 14:00:00,-2147483648,-814758575,"1,0239055650608275"
2023-09-29 14:01:00,-2147483648,-878836261,"1,024997970792026"
2023-09-29 14:02:00,-2147483648,-984386313,"1,0267974273762206"
2023-09-29 14:03:00,-2147483648,-886006255,"1,025119317523934"
2023-09-29 14:04:00,-2147483648,-853648628,"1,0245692034740674"
2023-09-29 14:05:00,-2147483648,-768678227,"1,023117387879288"
2023-09-29 14:06:00,-2147483648,-731301869,"1,0224809557731638"
2023-09-29 14:07:00,-2147483648,-721030407,"1,0223059437600963"
2023-09-29 14:08:00,-2147483648,-714995635,"1,0222029623998448"
2023-09-29 14:09:00,-2147483648,-724979927,"1,0223732795549392"
2023-09-29 14:10:00,-2147483648,-735443899,"1,022551863085506"
2023-09-29 14:11:00,-2147483648,-730244909,"1,0224632071846602"
2023-09-29 14:12:00,-2147483648,-724737663,"1,0223692201442776"
2023-09-29 14:13:00,-2147483648,-720454667,"1,0222961012367735"
2023-09-29 14:14:00,-2147483648,-654531381,"1,0211699316249332"
2023-09-29 14:15:00,-2147483648,-614877023,"1,0204938807327264"
2023-09-29 14:16:00,-2147483648,-596688343,"1,0201837152291355"
2023-09-29 14:17:00,-2147483648,-590926603,"1,0200854569621698"
2023-09-29 14:18:00,-2147483648,-585985338,"1,0200011088670642"
2023-09-29 14:19:00,-2147483648,-579530670,"1,0198909759206407"
2023-09-29 14:20:00,-2147483648,-545910252,"1,0193171202992892"
2023-09-29 14:21:00,-2147483648,-498950343,"1,0185152163362652"
2023-09-29 14:22:00,2143177602,-492346207,"1,0184029916743929"
2023-09-29 14:23:00,2120127975,-485383662,"1,0182841703530574"
2023-09-29 14:24:00,2092941177,-467996790,"1,0179874332558707"
2023-09-29 14:25:00,2072280321,-443408867,"1,0175676697597638"
2023-09-29 14:26:00,2047347131,-435855718,"1,0174388859858208"
2023-09-29 14:27:00,2033214926,-431581195,"1,0173658658060494"
2023-09-29 14:28:00,2010194605,-424609262,"1,0172469270977216"
2023-09-29 14:29:00,1989454394,-404566136,"1,01690477859725"
2023-09-29 14:30:00,1968635238,-398252158,"1,0167970724237991"
2023-09-29 14:31:00,1948425850,-392125497,"1,016692504087909"
2023-09-29 14:32:00,1927876901,-385893377,"1,0165861420290594"
2023-09-29 14:33:00,1906965803,-379549081,"1,0164778656442162"
2023-09-29 14:34:00,1887500064,-364460886,"1,0162203199079116"
2023-09-29 14:35:00,1866276459,-293867633,"1,0150144084813322"
2023-09-29 14:36:00,1848952662,-279327466,"1,0147673264206607"
2023-09-29 14:37:00,1833266938,-302108591,"1,0151559498078502"
2023-09-29 14:38:00,1814313945,-333081523,"1,0156844299066736"
2023-09-29 14:39:00,1795525028,-345707615,"1,015900189244821"
2023-09-29 14:40:00,1775293686,-348736944,"1,015951950694188"
2023-09-29 14:41:00,1751077894,-345961101,"1,0159046350936074"
2023-09-29 14:42:00,1731183026,-321541030,"1,0154877354626464"
2023-09-29 14:43:00,1708990059,-278060218,"1,014745383336794"
2023-09-29 14:44:00,1689072178,-265074937,"1,0145241029665868"
2023-09-29 14:45:00,1667012656,-251457697,"1,014291710367579"
2023-09-29 14:46:00,1646867304,-286698133,"1,014892710109418"
2023-09-29 14:47:00,1625548013,-266374034,"1,0145462445075817"
2023-09-29 14:48:00,1605992186,-253510084,"1,0143267222906236"
2023-09-29 14:49:00,1587598157,-254788885,"1,0143485425832572"
2023-09-29 14:50:00,1571818044,-249969937,"1,0142662947121643"
2023-09-29 14:51:00,1552798972,-244159865,"1,0141671515827373"
2023-09-29 14:52:00,1535500497,-238874803,"1,0140769408864787"
2023-09-29 14:53:00,1516474374,-242253523,"1,0141345943073967"
2023-09-29 14:54:00,1495276012,-240367822,"1,0141024413195514"
2023-09-29 14:55:00,1477041360,-234792007,"1,014007264696634"
2023-09-29 14:56:00,1456211768,-228419425,"1,013898519361158"
2023-09-29 14:57:00,1436021562,-222241020,"1,013793067674883"
2023-09-29 14:58:00,1415264310,-215886418,"1,0136846167375444"
2023-09-29 14:59:00,1395007057,-195890450,"1,013343287845028"
2023-09-29 15:00:00,1370666295,-174627482,"1,0129803870572456"
2023-09-29 15:01:00,1357089843,-255765127,"1,0143632526388693"
2023-09-29 15:02:00,1335890608,-306734941,"1,0152342642815384"
2023-09-29 15:03:00,1319952437,-310998034,"1,0153078470500017"
2023-09-29 15:04:00,1297432432,-317921378,"1,015426020992456"
2023-09-29 15:05:00,1277621261,-394974974,"1,016739304769135"
2023-09-29 15:06:00,1255629511,-383477809,"1,0165449190195337"
2023-09-29 15:07:00,1237203123,-368615005,"1,0162912138626403"
2023-09-29 15:08:00,1214432364,-347812335,"1,0159361720624869"
2023-09-29 15:09:00,1196731394,-328554500,"1,0156074643078767"
2023-09-29 15:10:00,1175388102,-322005386,"1,0154957644394804"
2023-09-29 15:11:00,1151857170,-282534579,"1,0148218481982954"
2023-09-29 15:12:00,1128362316,-231544432,"1,013951360188705"
2023-09-29 15:13:00,1112613373,-178317570,"1,0130427707511025"
2023-09-29 15:14:00,1091838801,-135034721,"1,0123043489489598"
2023-09-29 15:15:00,1072750123,-189127690,"1,0132269562445182"
2023-09-29 15:16:00,1051120917,-186997416,"1,0131915658557389"
2023-09-29 15:17:00,1031792859,-181047295,"1,0130900046575708"
2023-09-29 15:18:00,1009806186,-171967595,"1,0129350566559128"
2023-09-29 15:19:00,989426891,-154162602,"1,0126311320217345"
2023-09-29 15:20:00,965249564,-146704928,"1,0125039145944823"
2023-09-29 15:21:00,943580160,-77856966,"1,011327831559513"
2023-09-29 15:22:00,927400606,-10626111,"1,0101803603053106"
2023-09-29 15:23:00,908725332,-18595709,"1,0103173712221278"
2023-09-29 15:24:00,888539948,-37722905,"1,0106437053751407"
2023-09-29 15:25:00,873237999,-46813205,"1,0107989433554587"
2023-09-29 15:26:00,858488968,-44555863,"1,0107604640957777"
2023-09-29 15:27:00,838668865,-38423369,"1,0106558300841937"
2023-09-29 15:28:00,821111614,-37603517,"1,010641818012646"
2023-09-29 15:29:00,804570381,-55565467,"1,0109482344134946"
2023-09-29 15:30:00,788267045,-68976347,"1,0111771693036682"
2023-09-29 15:31:00,769712446,-72457013,"1,0112366550618166"
2023-09-29 15:32:00,752350412,-62465799,"1,01106614458736"
2023-09-29 15:33:00,722673741,-30199166,"1,01051540700262"
2023-09-29 15:34:00,673656916,-14978775,"1,01025602550151"
2023-09-29 15:35:00,688067550,-19463277,"1,01033220617499"
2023-09-29 15:36:00,674759911,-15336164,"1,0102617632737128"
2023-09-29 15:37:00,645637072,-10913269,"1,010186380188152"
2023-09-29 15:38:00,615125009,-10683843,"1,0101824603440452"
2023-09-29 15:39:00,535282184,1328,"1,009665108309026"
2023-09-29 15:40:00,464114810,27209,"1,008481813336653"
2023-09-29 15:41:00,448234852,1655,"1,0083642521164076"
2023-09-29 15:42:00,457595799,593,"1,0082690300941552"
2023-09-29 15:43:00,458882839,27,"1,007456118015734"
2023-09-29 15:44:00,458288920,6,"1,0078902422115468"
2023-09-29 15:45:00,450931462,375,"1,0080552044015498"
2023-09-29 15:46:00,431425080,2500,"1,007910904697866"
2023-09-29 15:47:00,413621274,2084,"1,007779155619474"
2023-09-29 15:48:00,415204390,19,"1,0076262702543315"
2023-09-29 15:49:00,412077490,42,"1,006890153819362"
2023-09-29 15:50:00,396418115,1378,"1,005293496234598"
2023-09-29 15:51:00,378401787,2056,"1,0046649889595187"
2023-09-29 15:52:00,355809602,3574,"1,0053754687250245"
2023-09-29 15:53:00,345156256,750,"1,0052959597968838"
2023-09-29 15:54:00,333405549,989,"1,0059225586136722"
2023-09-29 15:55:00,318016159,1558,"1,005753233646851"
2023-09-29 15:56:00,303612659,982,"1,0020290943013033"
2023-09-29 15:57:00,288556490,1433,"1,0012516272720369"
2023-09-29 15:58:00,273313891,1803,"1,0032816613906403"
2023-09-29 15:59:00,258935102,1391,"1,0033370491526696"
2023-09-29 16:00:00,243874328,5,"1,002895207905594"
2023-09-29 16:01:00,227813774,1684,"1,0024460085381657"
2023-09-29 16:02:00,213842038,1279,"1,002067064372446"
2023-09-29 16:03:00,198444508,1623,"1,0024466848385942"
2023-09-29 16:04:00,184328564,1336,"1,002451219770728"
2023-09-29 16:05:00,171663320,1044,"1,0019170964813446"
2023-09-29 16:06:00,159176346,1029,"1,0016038362075226"
2023-09-29 16:07:00,146574129,1033,"1,0009601196122626"
2023-09-29 16:08:00,134081020,1039,"1,000756559331326"
2023-09-29 16:09:00,123847187,703,"1,0007350109991615"
2023-09-29 16:10:00,113840664,679,"1,0009351312935382"
2023-09-29 16:11:00,107071364,305,"1,0008294137974951"
2023-09-29 16:12:00,100570151,278,"1,0005058701442413"
2023-09-29 16:13:00,93074276,376,"1,000449714215624"
2023-09-29 16:14:00,85333544,403,"1,0005017787498156"
2023-09-29 16:15:00,77665822,403,"1,0009943973617763"
2023-09-29 16:16:00,73208760,133,"1,0009608829106358"
2023-09-29 16:17:00,70868890,38,"1,001273456259141"
2023-09-29 16:18:00,68439583,39,"1,0012552220905748"
2023-09-29 16:19:00,66314182,27,"1,0005795607461487"
2023-09-29 16:20:00,63717484,153,"1,0005598969127711"
2023-09-29 16:21:00,61325980,38,"1,0005419847483183"
2023-09-29 16:22:00,58355416,59,"1,0005197354678397"
2023-09-29 16:23:00,54089591,121,"1,0003777434472898"
2023-09-29 16:24:00,49588347,134,"1,0001239999802507"
2023-09-29 16:25:00,46103881,81,"1,0000978617040062"
2023-09-29 16:26:00,43361332,50,"1,0000773066157995"
2023-09-29 16:27:00,42358154,6,"0,9999597386240979"
2023-09-29 16:28:00,40383011,25,"0,9993949746823136"
2023-09-29 16:29:00,37380871,61,"0,9997024174586105"
2023-09-29 16:30:00,34998372,39,"1,0003448424306662"
2023-09-29 16:31:00,32254864,50,"1,0003240643835605"
2023-09-29 16:32:00,28486012,92,"0,9994709898991536"
2023-09-29 16:33:00,25936566,42,"0,9987365456261504"
2023-09-29 16:34:00,23331954,45,"0,9986067316234652"
2023-09-29 16:35:00,19942200,78,"0,9991866521859506"
2023-09-29 16:36:00,17305503,46,"0,9992216914362696"
2023-09-29 16:37:00,12944067,127,"0,9987489198637489"
2023-09-29 16:38:00,7759431,180,"0,9980497915602072"
2023-09-29 16:39:00,5921637,22,"0,9978156770941348"
2023-09-29 16:40:00,3930644,51,"0,9974705483739197"
2023-09-29 16:41:00,3401558,1,"0,9974665700210522"
2023-09-29 16:42:00,2472863,5,"0,9974595873945185"
2023-09-29 16:43:00,2110647,0,"0,9974568639056232"
2023-09-29 16:44:00,2698494,2,"0,9971311950823466"
2023-09-29 16:45:00,2152073,2,"0,9981179567983581"
2023-09-29 16:46:00,1489188,3,"0,9997646998651964"
2023-09-29 16:47:00,15,14,"0,9997521641008125"
2023-09-29 16:48:00,-2405370,38,"0,9997341189423896"
2023-09-29 16:49:00,-754,38,"0,9994220628739987"
2023-09-29 16:50:00,-4,0,"0,9984319946326192"
2023-09-29 16:51:00,-3,0,"0,9981013487805576"
2023-09-29 16:52:00,-3,0,"0,9977711985071736"
2023-09-29 16:53:00,-3,0,"0,9977711438858317"
2023-09-29 16:54:00,-3,0,"0,9987621455235165"
2023-09-29 16:55:00,-3,0,"0,9981015126462272"
2023-09-29 16:56:00,-3,0,"0,9978812579722899"
2023-09-29 16:57:00,-3,0,"0,9990925382666463"
2023-09-29 16:58:00,-3,0,"0,9984316628617816"
2023-09-29 16:59:00,-3,0,"0,9976614110509026"
2023-09-29 17:00:00,36,24,"0,996780694034201"
2023-09-29 17:01:00,-3,0,"0,9959006025657514"
2023-09-29 17:02:00,-3,0,"0,9961202982666264"
2023-09-29 17:03:00,-3,0,"0,996340418308082"
2023-09-29 17:04:00,-3,0,"0,9957902163085082"
2023-09-29 17:05:00,-3,0,"0,9939208919872451"
2023-09-29 17:06:00,-3,0,"0,99183028728164"
2023-09-29 17:07:00,-3,0,"0,9914979299369882"
2023-09-29 17:08:00,-3,0,"0,9919382118508001"
2023-09-29 17:09:00,-3,0,"0,9921582584937448"
2023-09-29 17:10:00,-3,0,"0,9938104773537384"
2023-09-29 17:11:00,-3,0,"0,9938091039393786"
2023-09-29 17:12:00,-3,0,"0,9938091039384298"
2023-09-29 17:13:00,-3,0,"0,9938641205483127"
2023-09-29 17:14:00,-3,0,"1,0010990271242857"
2023-09-29 17:15:00,-3,0,"1,0015681888512582"
2023-09-29 17:16:00,-3,0,"1,0027243603706708"
2023-09-29 17:17:00,-3,0,"1,0034393234767796"
2023-09-29 17:18:00,34979,-69059724,"1,011179344139949"
2023-09-29 17:19:00,6,-264182833,"1,01450882801516"
2023-09-29 17:20:00,316574,-208238841,"1,0135604369686309"
2023-09-29 17:21:00,32309,-275917351,"1,0147079172692075"
2023-09-29 17:22:00,323038,289446,"1,0050391503178584"
2023-09-29 17:23:00,-2,1,"1,0050348043353317"
2023-09-29 17:24:00,-3,0,"1,004924780165284"
2023-09-29 17:25:00,-3,0,"1,0034401670271444"
2023-09-29 17:26:00,-3,0,"1,0027239496070597"
2023-09-29 17:27:00,-3,0,"1,003934994596405"
2023-09-29 17:28:00,-3,0,"1,0047050088664935"
2023-09-29 17:29:00,-3,0,"1,0047047137938252"
2023-09-29 17:30:00,-3,0,"1,0056957120385357"
2023-09-29 17:31:00,-3,0,"1,0070166907035774"
2023-09-29 17:32:00,-3,0,"1,0052565248671397"
2023-09-29 17:33:00,-3,0,"1,0043748910080927"
2023-09-29 17:34:00,-3,0,"1,0050351403984965"
2023-09-29 17:35:00,-3,0,"1,0047597070283458"
2023-09-29 17:36:00,-3,0,"1,0049247877013254"
2023-09-29 17:37:00,-3,0,"1,0053651104733323"
2023-09-29 17:38:00,-3,0,"1,0053099408706188"
2023-09-29 17:39:00,-3,0,"1,0055851120464032"
2023-09-29 17:40:00,-48325,244,"1,005892640156257"
2023-09-29 17:41:00,34,0,"1,0066859271207451"
2023-09-29 17:42:00,-3,0,"1,0066856145582412"
2023-09-29 17:43:00,-3,0,"1,0069609064386231"
2023-09-29 17:44:00,-3,0,"1,0071258679743762"
2023-09-29 17:45:00,-3,0,"1,0076763941394575"
2023-09-29 17:46:00,-3,0,"1,007511152438938"
2023-09-29 17:47:00,-3,0,"1,0073460475527027"
2023-09-29 17:48:00,-3,0,"1,0076762978715508"
2023-09-29 17:49:00,-3,0,"1,0074011462901475"
2023-09-29 17:50:00,-3,0,"1,0073460355298096"
2023-09-29 17:51:00,-3,0,"1,0073460340222855"
2023-09-29 17:52:00,-3,0,"1,0080065506855589"
2023-09-29 17:53:00,-3,0,"1,0087219629183124"
2023-09-29 17:54:00,-3,0,"1,0076767857909936"
2023-09-29 17:55:00,-3,0,"1,0091080086031408"
2023-09-29 17:56:00,-3,0,"1,009987737385579"
2023-09-29 17:57:00,1313,-13388103,"1,0102285117409049"
2023-09-29 17:58:00,54195,-99439820,"1,0116952132260588"
2023-09-29 17:59:00,20534,-152730675,"1,0126059206757028"
2023-09-29 18:00:00,186085,-159522606,"1,0127264653622263"
2023-09-29 18:01:00,8669,-194504481,"1,0133193028807974"
2023-09-29 18:02:00,5599,-166615864,"1,0128434394820955"
2023-09-29 18:03:00,1402,-152664581,"1,0126054830954152"
2023-09-29 18:04:00,3894,-175903580,"1,0130020157713504"
2023-09-29 18:05:00,7611,-208436461,"1,0135571233187164"
2023-09-29 18:06:00,2467,-227007134,"1,0138742565395575"
2023-09-29 18:07:00,12532,-268873801,"1,0145884341387703"
2023-09-29 18:08:00,1869,-285106739,"1,014865870087858"
2023-09-29 18:09:00,343,-278126916,"1,0147468005991118"
2023-09-29 18:10:00,-3,-278125708,"1,0147467926257014"
2023-09-29 18:11:00,-3,-278125708,"1,0147467926257014"
2023-09-29 18:12:00,24013,-220110697,"1,013755768220148"
2023-09-29 18:13:00,23244,20830,"1,0086669461717517"
2023-09-29 18:14:00,48,46,"1,006413122406557"
2023-09-29 18:15:00,-3,0,"1,0040470821244485"
2023-09-29 18:16:00,-3,0,"1,0038792035008284"
2023-09-29 18:17:00,-3,0,"1,0039342656654169"
2023-09-29 18:18:00,-3,0,"1,0040443003591206"
2023-09-29 18:19:00,-3,0,"1,0040442943296886"
2023-09-29 18:20:00,465043,416683,"1,0040505569324716"
2023-09-29 18:21:00,-562,-500,"1,005255586937652"
2023-09-29 18:22:00,-3,0,"1,0055851283942965"
2023-09-29 18:23:00,-3,0,"1,0083403081299809"
2023-09-29 18:24:00,-3,0,"1,0089970580011527"
2023-09-29 18:25:00,-3,0,"1,0089968442639623"
2023-09-29 18:26:00,-3,0,"1,0089968442639397"
2023-09-29 18:27:00,-3,0,"1,0086668077352827"
2023-09-29 18:28:00,-3,0,"1,0074567908487413"
2023-09-29 18:29:00,-3,0,"1,0073460401104253"
2023-09-29 18:30:00,-3,0,"1,007346034022286"
2023-09-29 18:31:00,-3,0,"1,007346034022286"
2023-09-29 18:32:00,-3,0,"1,0066859501759515"
2023-09-29 18:33:00,-3,0,"1,0063555782635858"
2023-09-29 18:34:00,-3,0,"1,0063555240354372"
2023-09-29 18:35:00,-3,0,"1,0054205234968463"
2023-09-29 18:36:00,-3,0,"1,004869969480188"
2023-09-29 18:37:00,-3,0,"1,0056955626526658"
2023-09-29 18:38:00,-3,0,"1,005365068370382"
2023-09-29 18:39:00,-3,0,"1,00470493066434"
2023-09-29 18:40:00,-3,0,"1,0048150390534374"
2023-09-29 18:41:00,-3,0,"1,005365164560114"
2023-09-29 18:42:00,-3,0,"1,0053650140485966"
2023-09-29 18:43:00,-3,0,"1,0053650140485857"
2023-09-29 18:44:00,-3,0,"1,0053650140485857"
2023-09-29 18:45:00,-3,0,"1,0055852177165474"
2023-09-29 18:46:00,-3,0,"1,006576072073158"
2023-09-29 18:47:00,-3,0,"1,0075115732071716"
2023-09-29 18:48:00,-3,0,"1,0078963775599894"
2023-09-29 18:49:00,-3,0,"1,0083366401234328"
2023-09-29 18:50:00,-3,0,"1,0083365440091403"
2023-09-29 18:51:00,-3,0,"1,009658128667713"
2023-09-29 18:52:00,34985,-69066276,"1,0111794193123345"
2023-09-29 18:53:00,-3,-69083459,"1,0111790454855412"
2023-09-29 18:54:00,-3,-69083459,"1,0111790454854337"
2023-09-29 18:55:00,3927,-92308370,"1,0115752870718664"
2023-09-29 18:56:00,28,29,"0,999146879131388"
2023-09-29 18:57:00,-3,0,"0,9984317598446787"
2023-09-29 18:58:00,-3,0,"0,9977713624352909"
2023-09-29 18:59:00,-3,0,"0,9971110026956336"
2023-09-29 19:00:00,-3,0,"0,9971347239886904"
2023-09-29 19:01:00,-3,0,"0,9971107843137664"
2023-09-29 19:02:00,-3,0,"0,9971658006312071"
2023-09-29 19:03:00,-3,0,"0,9968907020308749"
2023-09-29 19:04:00,-3,0,"0,9967805803773082"
2023-09-29 19:05:00,-3,0,"0,9972209114165227"
2023-09-29 19:06:00,-3,0,"0,9974409584262418"
2023-09-29 19:07:00,-3,0,"0,9974960103647168"
2023-09-29 19:08:00,-3,0,"0,997440995275641"
2023-09-29 19:09:00,-3,0,"0,9974409937584287"
2023-09-29 19:10:00,-3,0,"0,9974409937584287"
2023-09-29 19:11:00,-3,0,"0,9984319955588498"
2023-09-29 19:12:00,-3,0,"0,9977713625912285"
2023-09-29 19:13:00,-3,0,"0,9971110026957368"
2023-09-29 19:14:00,-3,0,"0,99727590252552"
2023-09-29 19:15:00,-3,0,"0,9981016355792451"
2023-09-29 19:16:00,-3,0,"0,9981012940132905"
2023-09-29 19:17:00,-3,0,"0,998541631009464"
2023-09-29 19:18:00,-3,0,"0,9987616781130623"
2023-09-29 19:19:00,-3,0,"0,9987616538726808"
2023-09-29 19:20:00,25,26,"0,9994219545236742"
2023-09-29 19:21:00,-3,0,"1,0000824725063806"
2023-09-29 19:22:00,-3,0,"1,0004125185570751"
2023-09-29 19:23:00,-3,0,"1,0008528008623057"
2023-09-29 19:24:00,-3,0,"1,001623330826828"
2023-09-29 19:25:00,-3,0,"1,0020633709742992"
2023-09-29 19:26:00,-3,0,"1,0023385663834647"
2023-09-29 19:27:00,-3,0,"1,002393485592494"
2023-09-29 19:28:00,-3,0,"1,0023934840880349"
2023-09-29 19:29:00,-3,0,"1,0028338206685332"
2023-09-29 19:30:00,-3,0,"1,0044858928136633"
2023-09-29 19:31:00,-3,0,"1,0050349542956676"
2023-09-29 19:32:00,-3,0,"1,0050348043165502"
2023-09-29 19:33:00,-3,0,"1,0045947799874495"
2023-09-29 19:34:00,-3,0,"1,0047047198088648"
2023-09-29 19:35:00,-3,0,"1,004704713793782"
2023-09-29 19:36:00,-3,0,"1,004814749993008"
2023-09-29 19:37:00,-3,0,"1,005034947647879"
2023-09-29 19:38:00,-3,0,"1,0053650682476103"
2023-09-29 19:39:00,-3,0,"1,0045399478012236"
2023-09-29 19:40:00,-3,0,"1,0050349777184997"
2023-09-29 19:41:00,-3,0,"1,005365068237734"
2023-09-29 19:42:00,-3,0,"1,0055852177046798"
2023-09-29 19:43:00,-3,0,"1,0060254106080149"
2023-09-29 19:44:00,-3,0,"1,0060253143033937"
2023-09-29 19:45:00,-3,0,"1,0059152901462016"
2023-09-29 19:46:00,-3,0,"1,0056952478528405"
2023-09-29 19:47:00,-3,0,"1,0056952237806325"
2023-09-29 19:48:00,-3,0,"1,0053650682590782"
2023-09-29 19:49:00,-3,0,"1,0053650140485866"
2023-09-29 19:50:00,-3,0,"1,0053650140485857"
2023-09-29 19:51:00,-3,0,"1,0053650140485857"
2023-09-29 19:52:00,-3,0,"1,0053100600680984"
2023-09-29 19:53:00,-3,0,"1,0050348419993054"
2023-09-29 19:54:00,-3,0,"1,0050348043165396"
2023-09-29 19:55:00,-3,0,"1,005034804316539"
2023-09-29 19:56:00,-3,0,"1,0054201625905788"
2023-09-29 19:57:00,-3,0,"1,006025496420582"
2023-09-29 19:58:00,-3,0,"1,007016431054476"
2023-09-29 19:59:00,-3,0,"1,0070159434996468"
2023-09-29 20:00:00,-3,0,"1,0076210276551143"
2023-09-29 20:01:00,-3,0,"1,006136558791262"
2023-09-29 20:02:00,-3,0,"1,005035407546245"
2023-09-29 20:03:00,-3,0,"1,00503480431672"
2023-09-29 20:04:00,-3,0,"1,0053650682947004"
2023-09-29 20:05:00,-3,0,"1,0042100634176487"
2023-09-29 20:06:00,-3,0,"1,003384333839733"
2023-09-29 20:07:00,-3,0,"1,0025589287314465"
2023-09-29 20:08:00,-3,0,"1,0023934977390676"
2023-09-29 20:09:00,-3,0,"1,0023934840880353"
2023-09-29 20:10:00,-3,0,"1,0028338206685334"
2023-09-29 20:11:00,-3,0,"1,0030539277019297"
2023-09-29 20:12:00,-3,0,"1,0031639397586212"
2023-09-29 20:13:00,-3,0,"1,0037143547246985"
2023-09-29 20:14:00,-3,0,"1,003714203806943"
2023-09-29 20:15:00,-3,0,"1,0034391064762402"
2023-09-29 20:16:00,-3,0,"1,0033839955883683"
2023-09-29 20:17:00,-3,0,"1,0028889208825782"
2023-09-29 20:18:00,-3,0,"1,002393606463311"
2023-09-29 20:19:00,-3,0,"1,0023934840880424"
2023-09-29 20:20:00,-3,0,"1,002897325907912"
2023-09-29 20:21:00,-3,0,"1,0033841121557188"
2023-09-29 20:22:00,-3,0,"1,0038243305081365"
2023-09-29 20:23:00,-3,0,"1,0040443184295642"
2023-09-29 20:24:00,-3,0,"1,004044294329689"
2023-09-29 20:25:00,-3,0,"1,004044294329689"
2023-09-29 20:26:00,-3,0,"1,0047049309923015"
2023-09-29 20:27:00,-3,0,"1,0047047137938052"
2023-09-29 20:28:00,-3,0,"1,004704713793782"
2023-09-29 20:29:00,-3,0,"1,004704713793782"
2023-09-29 20:30:00,-3,0,"1,004704713793782"
2023-09-29 20:31:00,-3,0,"1,004704713793782"
2023-09-29 20:32:00,-3,0,"1,004704713793782"
2023-09-29 20:33:00,-3,0,"1,0050348585413036"
2023-09-29 20:34:00,-3,0,"1,0070177765734194"
2023-09-29 20:35:00,-3,0,"1,008337407522964"
2023-09-29 20:36:00,-3,0,"1,0077864245469377"
2023-09-29 20:37:00,-3,0,"1,007016118908593"
2023-09-29 20:38:00,-3,0,"1,0071259796657754"
2023-09-29 20:39:00,-3,0,"1,008998581948408"
2023-09-29 20:40:00,-3,0,"1,0080068212971305"
2023-09-29 20:41:00,-3,0,"1,0086669697669186"
2023-09-29 20:42:00,-3,0,"1,0088868380478062"
2023-09-29 20:43:00,-3,0,"1,0093271500375214"
2023-09-29 20:44:00,-3,0,"1,0093270539959909"
2023-09-29 20:45:00,-3,0,"1,0098774740760648"
2023-09-29 20:46:00,5474,-27308914,"1,0104661789529072"
2023-09-29 20:47:00,3941,-4124441,"1,0100702423518666"
2023-09-29 20:48:00,5904,5302,"1,009327133201269"
2023-09-29 20:49:00,-3,0,"1,0093270539959922"
2023-09-29 20:50:00,-3,0,"1,009327053995986"
2023-09-29 20:51:00,-3,0,"1,0098774740760648"
2023-09-29 20:52:00,-3,0,"1,0094922323698448"
2023-09-29 20:53:00,-3,0,"1,0081723031887642"
2023-09-29 20:54:00,-3,0,"1,0082265152923695"
2023-09-29 20:55:00,-3,0,"1,008666849855443"
2023-09-29 20:56:00,-3,0,"1,0086667537411873"
2023-09-29 20:57:00,-3,0,"1,009327270121097"
2023-09-29 20:58:00,-3,0,"1,009217029842698"
2023-09-29 20:59:00,-3,0,"1,0086669037603455"
2023-09-29 21:00:00,-3,0,"1,008243485331891"
2023-09-29 21:01:00,-3,0,"1,0080063621674868"
2023-09-29 21:02:00,-3,0,"1,0077862979556318"
2023-09-29 21:03:00,-3,0,"1,0076761305672426"
2023-09-29 21:04:00,-3,0,"1,0082266641419773"
2023-09-29 21:05:00,-3,0,"1,0079514163764465"
2023-09-29 21:06:00,-3,0,"1,0070162585039018"
2023-09-29 21:07:00,-3,0,"1,0071259796505556"
2023-09-29 21:08:00,-3,0,"1,0075661905360027"
2023-09-29 21:09:00,-3,0,"1,0070159746044356"
2023-09-29 21:10:00,-3,0,"1,0070158242902507"
2023-09-29 21:11:00,-3,0,"1,0072911161583302"
2023-09-29 21:12:00,-3,0,"1,007236005355724"
2023-09-29 21:13:00,-3,0,"1,007015967539188"
2023-09-29 21:14:00,-3,0,"1,0070159434995292"
2023-09-29 21:15:00,-3,0,"1,0070159434995287"
2023-09-29 21:16:00,-3,0,"1,0070159434995287"
2023-09-29 21:17:00,-3,0,"1,0070159434995287"
2023-09-29 21:18:00,-3,0,"1,0068508521683543"
2023-09-29 21:19:00,-3,0,"1,0070158378055485"
2023-09-29 21:20:00,-3,0,"1,007681020121665"
2023-09-29 21:21:00,-3,0,"1,0070160438465698"
2023-09-29 21:22:00,-3,0,"1,0069058001511455"
2023-09-29 21:23:00,-3,0,"1,0078417832443982"
2023-09-29 21:24:00,-3,0,"1,008556977148233"
2023-09-29 21:25:00,-3,0,"1,0093273479894669"
2023-09-29 21:26:00,-3,0,"1,0099875700421612"
2023-09-29 21:27:00,-3,0,"1,0099873542508129"
2023-09-29 21:28:00,-3,0,"1,0093272698385038"
2023-09-29 21:29:00,-3,0,"1,0089968983499944"
2023-09-29 21:30:00,-3,0,"1,008996844263941"
2023-09-29 21:31:00,-3,0,"1,008776807912813"
2023-09-29 21:32:00,-3,0,"1,0087217107283903"
2023-09-29 21:33:00,-3,0,"1,0089968817859152"
2023-09-29 21:34:00,-3,0,"1,008886820093124"
2023-09-29 21:35:00,-3,0,"1,008281650928203"
2023-09-29 21:36:00,-3,0,"1,0080063718654253"
2023-09-29 21:37:00,-3,0,"1,0080063342770902"
2023-09-29 21:38:00,-3,0,"1,009272773871313"
2023-09-29 21:39:00,-3,0,"1,0094370975451534"
2023-09-29 21:40:00,-3,0,"1,0097675867263185"
2023-09-29 21:41:00,-3,0,"1,0093271500919043"
2023-09-29 21:42:00,-3,0,"1,0085570176029277"
2023-09-29 21:43:00,-3,0,"1,008226567987866"
2023-09-29 21:44:00,-3,0,"1,0096581594439973"
2023-09-29 21:45:00,-3,0,"1,0099874079170827"
2023-09-29 21:46:00,-3,0,"1,0099873542507911"
2023-09-29 21:47:00,-3,0,"1,0099873542507898"
2023-09-29 21:48:00,-3,0,"1,0099873542507898"
2023-09-29 21:49:00,558,-8749507,"1,010149329961402"
2023-09-29 21:50:00,2526,-27315193,"1,0104660919570203"
2023-09-29 21:51:00,-3,-27306567,"1,010466034672902"
2023-09-29 21:52:00,-3,-27306567,"1,0104660346728953"
2023-09-29 21:53:00,-3,-27306567,"1,0104660346728953"
2023-09-29 21:54:00,13074,11774,"1,008997139103901"
2023-09-29 21:55:00,4,7,"1,0083367602564837"
2023-09-29 21:56:00,-3,0,"1,008666807738867"
2023-09-29 21:57:00,-3,0,"1,0089968982580373"
2023-09-29 21:58:00,-3,0,"1,0096574798251066"
