,mean voltage p.u.,P,Q
2023-06-11 22:00:00,"1,013633939341115",502874,454616675
2023-06-11 22:01:00,"1,014314380434163",16974,539352819
2023-06-11 22:02:00,"1,0118892303889584",220181,236843201
2023-06-11 22:03:00,"1,0104410692879646",80326,55382032
2023-06-11 22:04:00,"1,0104392871158934",-11,54912082
2023-06-11 22:05:00,"1,0082275390420925",229653,205124
2023-06-11 22:06:00,"1,0076763944780196",-11,112
2023-06-11 22:07:00,"1,0090528577826992",-11,0
2023-06-11 22:08:00,"1,0100587059220616",-11,7339526
2023-06-11 22:09:00,"1,011353548505918",64162,169392292
2023-06-11 22:10:00,"1,0113521262915643",-11,169016979
2023-06-11 22:11:00,"1,011352126288781",-11,169016978
2023-06-11 22:12:00,"1,0111239886896677",1967,140505898
2023-06-11 22:13:00,"1,0108957608824596",1972,111977430
2023-06-11 22:14:00,"1,010439463942009",7925,54958686
2023-06-11 22:15:00,"1,0104392871115586",-11,54912081
2023-06-11 22:16:00,"1,0104392871115149",-11,54912081
2023-06-11 22:17:00,"1,0104392871115149",-11,54912081
2023-06-11 22:18:00,"1,0101349765628835",3526,16884167
2023-06-11 22:19:00,"1,009987354302746",-11,10
2023-06-11 22:20:00,"1,0099323987683084",-11,0
2023-06-11 22:21:00,"1,0096572637280328",-11,0
2023-06-11 22:22:00,"1,009767293902285",-11,0
2023-06-11 22:23:00,"1,0143180032532024",709283,540277863
2023-06-11 22:24:00,"1,0113525237553462",69895,169118497
2023-06-11 22:25:00,"1,0113525237553462",69895,169118497
2023-06-11 22:26:00,"1,0113525237553462",69895,169118497
2023-06-11 22:27:00,"1,0113525237553462",69895,169118497
2023-06-11 22:28:00,"1,0113525237553462",69895,169118497
2023-06-11 22:29:00,"1,0113525237553462",69895,169118497
2023-06-11 22:30:00,"1,010972058268105",36118,121535263
2023-06-11 22:31:00,"1,010895891341126",30682,112010366
2023-06-11 22:32:00,"1,010895891341126",30682,112010366
2023-06-11 22:33:00,"1,010895891341126",30682,112010366
2023-06-11 22:34:00,"1,0112763699769294",62251,159593606
2023-06-11 22:35:00,"1,0093270539959862",-11,0
2023-06-11 22:36:00,"1,0086667537411826",-11,0
2023-06-11 22:37:00,"1,01013473689037",-11,16843818
2023-06-11 22:38:00,"1,011200378410772",55065,150089331
2023-06-11 22:39:00,"1,0113525237553462",69895,169118497
2023-06-11 22:40:00,"1,0113525237553462",69895,169118497
2023-06-11 22:41:00,"1,0113525237553462",69895,169118497
2023-06-11 22:42:00,"1,0113525237553462",69895,169118497
2023-06-11 22:43:00,"1,0113525237553462",69895,169118497
2023-06-11 22:44:00,"1,0113525237553462",69895,169118497
2023-06-11 22:45:00,"1,0111242193751118",48303,140564437
2023-06-11 22:46:00,"1,0108960562074474",30693,112030983
2023-06-11 22:47:00,"1,0110482225623978",41997,131060159
2023-06-11 22:48:00,"1,011809061592065",124965,226226570
2023-06-11 22:49:00,"1,0139380487784213",590291,492695232
2023-06-11 22:50:00,"1,0154510901452831",-11,681387470
2023-06-11 22:51:00,"1,0154510901452831",-11,681387470
2023-06-11 22:52:00,"1,0152237275764155",-11,652967147
2023-06-11 22:53:00,"1,014697892406886",839092,587860368
2023-06-11 22:54:00,"1,0140900054840825",636578,511724176
2023-06-11 22:55:00,"1,0140900054840825",636578,511724176
2023-06-11 22:56:00,"1,0140900054840825",636578,511724176
2023-06-11 22:57:00,"1,0140900054840825",636578,511724176
2023-06-11 22:58:00,"1,0140900054840825",636578,511724176
2023-06-11 22:59:00,"1,0140900054840825",636578,511724176
2023-06-11 23:00:00,"1,0140900054840825",636578,511724176
2023-06-11 23:01:00,"1,0140900054840825",636578,511724176
2023-06-11 23:02:00,"1,0140900054840825",636578,511724176
2023-06-11 23:03:00,"1,0140900054840825",636578,511724176
2023-06-11 23:04:00,"1,0140900054840825",636578,511724176
2023-06-11 23:05:00,"1,0131779436917432",384853,397529638
2023-06-11 23:06:00,"1,0125696381906706",251850,321392768
2023-06-11 23:07:00,"1,0116567829441934",104835,207176809
2023-06-11 23:08:00,"1,0113525237553462",69895,169118497
2023-06-11 23:09:00,"1,0121893826735475",182931,273809701
2023-06-11 23:10:00,"1,0145459774999337",785883,568831505
2023-06-11 23:11:00,"1,0145459774999337",785883,568831505
2023-06-11 23:12:00,"1,0145459774999337",785883,568831505
2023-06-11 23:13:00,"1,0140900054840825",636578,511724176
2023-06-11 23:14:00,"1,0140900054840825",636578,511724176
2023-06-11 23:15:00,"1,0139380487784213",590291,492695232
2023-06-11 23:16:00,"1,013633939341115",502874,454616675
2023-06-11 23:17:00,"1,013633939341115",502874,454616675
2023-06-11 23:18:00,"1,013633939341115",502874,454616675
2023-06-11 23:19:00,"1,013633939341115",502874,454616675
2023-06-11 23:20:00,"1,013633934607313",502869,454614531
2023-06-11 23:21:00,"1,0136310915356452",-11,453887636
2023-06-11 23:22:00,"1,013631091524092",-11,453887633
2023-06-11 23:23:00,"1,013631091524092",-11,453887633
2023-06-11 23:24:00,"1,013479354772382",-11,434923236
2023-06-11 23:25:00,"1,0131758401591149",3451,396992006
2023-06-11 23:26:00,"1,013175762477985",-11,396971502
2023-06-11 23:27:00,"1,0131757624779765",-11,396971502
2023-06-11 23:28:00,"1,0131757624779767",-11,396971502
2023-06-11 23:29:00,"1,0131757624779767",-11,396971502
2023-06-11 23:30:00,"1,013479413088084",3459,434938635
2023-06-11 23:31:00,"1,0136311109065987",-11,453892750
2023-06-11 23:32:00,"1,0136310915240927",-11,453887633
2023-06-11 23:33:00,"1,0127207861174867",31107,340196514
2023-06-11 23:34:00,"1,011885017114782",26416,235710337
2023-06-11 23:35:00,"1,012416550079274",10660,302103102
2023-06-11 23:36:00,"1,0127201646741903",3464,340032586
2023-06-11 23:37:00,"1,0140881437330933",70583,511238641
2023-06-11 23:38:00,"1,0148453903218284",21327,605741950
2023-06-11 23:39:00,"1,0145416116907455",3448,567713458
2023-06-11 23:40:00,"1,014016624108606",269509,502913464
2023-06-11 23:41:00,"1,0136312173903916",5824,453921017
2023-06-11 23:42:00,"1,0136310915241145",-11,453887633
2023-06-11 23:43:00,"1,0139347853486127",3451,491860163
2023-06-11 23:44:00,"1,0141623694147752",1928,520303430
2023-06-11 23:45:00,"1,0145416550256692",5373,567724902
2023-06-11 23:46:00,"1,0145415341075068",-11,567692956
2023-06-11 23:47:00,"1,0145415341074866",-11,567692956
2023-06-11 23:48:00,"1,0145415341074868",-11,567692956
2023-06-11 23:49:00,"1,0144656416229985",-11,558207070
2023-06-11 23:50:00,"1,0142381224830108",1923,529772558
2023-06-11 23:51:00,"1,0145416115206514",3434,567713407
2023-06-11 23:52:00,"1,0145415341074953",-11,567692956
2023-06-11 23:53:00,"1,0145415341074866",-11,567692956
2023-06-11 23:54:00,"1,0143899180496243",-11,548743638
2023-06-11 23:55:00,"1,013631575709957",21498,454015429
2023-06-11 23:56:00,"1,013631091524414",-11,453887633
2023-06-11 23:57:00,"1,013631091524092",-11,453887633
2023-06-11 23:58:00,"1,013631091524092",-11,453887633
2023-06-11 23:59:00,"1,0136310915240925",-11,453887633
2023-06-12 00:00:00,"1,0136312691109854",8211,453934590
2023-06-12 00:01:00,"1,0136310915241362",-11,453887633
2023-06-12 00:02:00,"1,012948340661746",17493,368598373
2023-06-12 00:03:00,"1,0113542775017896",95844,169583922
2023-06-12 00:04:00,"1,0099873542832276",-11,6
2023-06-12 00:05:00,"1,0099873542507898",-11,0
2023-06-12 00:06:00,"1,0102109301394426",1692,26368721
2023-06-12 00:07:00,"1,0104393314351685",1983,54923766
2023-06-12 00:08:00,"1,0108960585378122",7955,112033068
2023-06-12 00:09:00,"1,0118090575618928",31732,226231441
2023-06-12 00:10:00,"1,011960350264754",-11,245047652
2023-06-12 00:11:00,"1,0099322808034925",-11,243
2023-06-12 00:12:00,"1,010439329162656",7375,54922809
2023-06-12 00:13:00,"1,0108958936121353",7947,112012436
2023-06-12 00:14:00,"1,0113523028552105",7917,169063548
2023-06-12 00:15:00,"1,0115803059625743",1960,197545544
2023-06-12 00:16:00,"1,011808395620828",1962,226056757
2023-06-12 00:17:00,"1,0119603504680446",-11,245047712
2023-06-12 00:18:00,"1,0128726471164695",31519,359179826
2023-06-12 00:19:00,"1,013631576796732",21641,454015772
2023-06-12 00:20:00,"1,0145422272697726",30431,567876015
2023-06-12 00:21:00,"1,0145415341081432",-11,567692957
2023-06-12 00:22:00,"1,0145415341074868",-11,567692956
2023-06-12 00:23:00,"1,0145415341074866",-11,567692956
2023-06-12 00:24:00,"1,0145415341074866",-11,567692956
2023-06-12 00:25:00,"1,0145415341074868",-11,567692956
2023-06-12 00:26:00,"1,0139350172047843",13735,491921363
2023-06-12 00:27:00,"1,013327869733578",13830,416028084
2023-06-12 00:28:00,"1,0127203983795166",13890,340094255
2023-06-12 00:29:00,"1,0132519838248877",10632,406532297
2023-06-12 00:30:00,"1,014086990297462",26198,510956665
2023-06-12 00:31:00,"1,0134039251610223",17513,425546490
2023-06-12 00:32:00,"1,0127204811639023",17582,340116098
2023-06-12 00:33:00,"1,013631791442963",31282,454072492
2023-06-12 00:34:00,"1,0148459834433408",55242,605921679
2023-06-12 00:35:00,"1,0157549171827018",30675,719462268
2023-06-12 00:36:00,"1,0151483481864985",13696,643587704
2023-06-12 00:37:00,"1,0142387744081622",30836,529944679
2023-06-12 00:38:00,"1,0136314022878696",13845,453969690
2023-06-12 00:39:00,"1,0131759374311065",7795,397017685
2023-06-12 00:40:00,"1,0131773307648084",69558,397385221
2023-06-12 00:41:00,"1,0131757624813391",-11,396971503
2023-06-12 00:42:00,"1,0130239651396973",-11,377999536
2023-06-12 00:43:00,"1,0130239456993573",-11,377994405
2023-06-12 00:44:00,"1,0131757819231446",-11,396976636
2023-06-12 00:45:00,"1,0134034111844",1938,425433663
2023-06-12 00:46:00,"1,0136311352111975",1937,453899168
2023-06-12 00:47:00,"1,0147701221145455",48691,596418380
2023-06-12 00:48:00,"1,0149963628952106",1870,624552510
2023-06-12 00:49:00,"1,0142385616816043",21399,529888513
2023-06-12 00:50:00,"1,014086422880847",-11,510806770
2023-06-12 00:51:00,"1,0140864033832395",-11,510801616
2023-06-12 00:52:00,"1,0149970164665214",31047,624725289
2023-06-12 00:53:00,"1,0150721869714985",-11,634025219
2023-06-12 00:54:00,"1,0154512105551008",5340,681419296
2023-06-12 00:55:00,"1,0148450531505155",13660,605675748
2023-06-12 00:56:00,"1,01454161150143",3434,567713404
2023-06-12 00:57:00,"1,014541534107495",-11,567692956
2023-06-12 00:58:00,"1,0145415341074864",-11,567692956
2023-06-12 00:59:00,"1,0145415341074868",-11,567692956
2023-06-12 01:00:00,"1,014542231316504",31074,567877177
2023-06-12 01:01:00,"1,013631789538746",31037,454071895
2023-06-12 01:02:00,"1,0131759377870424",7828,397017791
2023-06-12 01:03:00,"1,013175762478019",-11,396971502
2023-06-12 01:04:00,"1,013555419653953",5414,444445543
2023-06-12 01:05:00,"1,0122656336668563",62506,283400290
2023-06-12 01:06:00,"1,0122642285010934",-11,283029755
2023-06-12 01:07:00,"1,0099323999326657",-11,225
2023-06-12 01:08:00,"1,0095473070008445",-11,0
2023-06-12 01:09:00,"1,0113525232364344",69894,169118262
2023-06-12 01:10:00,"1,0121127789399658",21897,264166487
2023-06-12 01:11:00,"1,012720398635403",13930,340094337
2023-06-12 01:12:00,"1,012720086843685",-11,340012048
2023-06-12 01:13:00,"1,0136317921696658",31351,454072708
2023-06-12 01:14:00,"1,0136310915247655",-11,453887633
2023-06-12 01:15:00,"1,013631091524092",-11,453887633
2023-06-12 01:16:00,"1,0136310915240925",-11,453887633
2023-06-12 01:17:00,"1,0136310915240925",-11,453887633
2023-06-12 01:18:00,"1,0136310915240925",-11,453887633
2023-06-12 01:19:00,"1,013631091524092",-11,453887633
2023-06-12 01:20:00,"1,013631266198498",7783,453933757
2023-06-12 01:21:00,"1,0139347852416722",3441,491860131
2023-06-12 01:22:00,"1,0140864227271147",-11,510806724
2023-06-12 01:23:00,"1,0140864033832393",-11,510801616
2023-06-12 01:24:00,"1,0134796454908688",13779,434999966
2023-06-12 01:25:00,"1,013631110835564",-11,453892729
2023-06-12 01:26:00,"1,0145422321724589",31156,567877433
2023-06-12 01:27:00,"1,0145415341081532",-11,567692957
2023-06-12 01:28:00,"1,01385916194518",17388,482450889
2023-06-12 01:29:00,"1,013176155819404",17516,397075318
2023-06-12 01:30:00,"1,01317576247819",-11,396971502
2023-06-12 01:31:00,"1,0131757624779762",-11,396971502
2023-06-12 01:32:00,"1,0131757624779762",-11,396971502
2023-06-12 01:33:00,"1,0120374904422649",48766,254839370
2023-06-12 01:34:00,"1,0118083960847664",2005,226056895
2023-06-12 01:35:00,"1,0127207902268196",31549,340197758
2023-06-12 01:36:00,"1,01272008684423",-11,340012048
2023-06-12 01:37:00,"1,0127200868435502",-11,340012048
2023-06-12 01:38:00,"1,0127200868435504",-11,340012048
2023-06-12 01:39:00,"1,0127200868435502",-11,340012048
2023-06-12 01:40:00,"1,0127228761099525",123599,340747519
2023-06-12 01:41:00,"1,0125682295883047",-11,321032746
2023-06-12 01:42:00,"1,012568209242076",-11,321027348
2023-06-12 01:43:00,"1,0131760742449627",13942,397053824
2023-06-12 01:44:00,"1,0139351929270497",21651,491967821
2023-06-12 01:45:00,"1,0139347077029222",-11,491839656
2023-06-12 01:46:00,"1,0138589393338655",-11,482369282
2023-06-12 01:47:00,"1,0134794566980925",5389,434950141
2023-06-12 01:48:00,"1,0131758402215396",3457,396992024
2023-06-12 01:49:00,"1,0137833027308472",13872,472957278
2023-06-12 01:50:00,"1,0140864807035144",3426,510822032
2023-06-12 01:51:00,"1,013479645585355",13788,434999994
2023-06-12 01:52:00,"1,0131758403372968",3468,396992059
2023-06-12 01:53:00,"1,0133275784369995",-11,415951194
2023-06-12 01:54:00,"1,0140868887323733",21670,510929839
2023-06-12 01:55:00,"1,0140864033835626",-11,510801616
2023-06-12 01:56:00,"1,0140864033832393",-11,510801616
2023-06-12 01:57:00,"1,0145417083716215",7753,567738999
2023-06-12 01:58:00,"1,0149966579755048",7713,624607634
2023-06-12 01:59:00,"1,0154512633755184",7682,681433254
2023-06-12 02:00:00,"1,01545387918051",124730,682125191
2023-06-12 02:01:00,"1,01529959486772",-11,662453381
2023-06-12 02:02:00,"1,0145420161630856",21350,567820247
2023-06-12 02:03:00,"1,0103631153758628",-11,45390661
2023-06-12 02:04:00,"1,009327201626917",33074,29595
2023-06-12 02:05:00,"1,0102109301135944",1692,26368710
2023-06-12 02:06:00,"1,011200896659138",37468,150228711
2023-06-12 02:07:00,"1,0122653514594184",42988,283303264
2023-06-12 02:08:00,"1,0122643931024793",-11,283050330
2023-06-12 02:09:00,"1,0118085274304467",7850,226091517
2023-06-12 02:10:00,"1,010668709639847",49284,83742557
2023-06-12 02:11:00,"1,0104393318881115",2025,54923900
2023-06-12 02:12:00,"1,0104392871115178",-11,54912081
2023-06-12 02:13:00,"1,010439287111515",-11,54912081
2023-06-12 02:14:00,"1,010591470529027",-11,73937735
2023-06-12 02:15:00,"1,0109719755619704",5514,121515179
2023-06-12 02:16:00,"1,00712872056342",613800,549974
2023-06-12 02:17:00,"1,0071259736812732",-11,1
2023-06-12 02:18:00,"1,009329459233602",-11,0
2023-06-12 02:19:00,"1,009327053998852",-11,0
2023-06-12 02:20:00,"1,0093272026942013",33288,29836
2023-06-12 02:21:00,"1,0094370901514311",-11,3
2023-06-12 02:22:00,"1,0099875042307054",-11,0
2023-06-12 02:23:00,"1,0099873542508009",-11,0
2023-06-12 02:24:00,"1,0099873542507898",-11,0
2023-06-12 02:25:00,"1,0099873542507898",-11,0
2023-06-12 02:26:00,"1,0099873542507898",-11,0
2023-06-12 02:27:00,"1,0099873542507898",-11,0
2023-06-12 02:28:00,"1,0094373532160483",-11,0
2023-06-12 02:29:00,"1,0093270600220747",-11,0
2023-06-12 02:30:00,"1,0093270539959864",-11,0
2023-06-12 02:31:00,"1,0104393290940303",7375,54922778
2023-06-12 02:32:00,"1,0104392871115175",-11,54912081
2023-06-12 02:33:00,"1,0104392871115149",-11,54912081
2023-06-12 02:34:00,"1,0102871224560424",-11,35894225
2023-06-12 02:35:00,"1,0102871027791536",-11,35889039
2023-06-12 02:36:00,"1,010439306793356",-11,54917269
2023-06-12 02:37:00,"1,010439287111515",-11,54912081
2023-06-12 02:38:00,"1,0099873543005642",-11,9
2023-06-12 02:39:00,"1,0091073773329189",-11,0
2023-06-12 02:40:00,"1,0089972944565213",74086,66391
2023-06-12 02:41:00,"1,0087217468587153",-11,18
2023-06-12 02:42:00,"1,0086667552402298",-11,0
2023-06-12 02:43:00,"1,0086667537411829",-11,0
2023-06-12 02:44:00,"1,0086667537411826",-11,0
2023-06-12 02:45:00,"1,0086667537411826",-11,0
2023-06-12 02:46:00,"1,0083915370485717",-11,0
2023-06-12 02:47:00,"1,0083365455086697",-11,0
2023-06-12 02:48:00,"1,008336544009136",-11,0
2023-06-12 02:49:00,"1,008336544009136",-11,0
2023-06-12 02:50:00,"1,008336544009136",-11,0
2023-06-12 02:51:00,"1,0081165076737235",-11,0
2023-06-12 02:52:00,"1,008006340297315",-11,0
2023-06-12 02:53:00,"1,0080063342770893",-11,0
2023-06-12 02:54:00,"1,0080063342770893",-11,0
2023-06-12 02:55:00,"1,009768832076549",-11,0
2023-06-12 02:56:00,"1,0108958912112789",30682,112010308
2023-06-12 02:57:00,"1,01089571668825",-11,111965778
2023-06-12 02:58:00,"1,010895716688205",-11,111965778
2023-06-12 02:59:00,"1,0097673113132992",3897,3486
2023-06-12 03:00:00,"1,0086673396321022",131110,117484
2023-06-12 03:01:00,"1,008666753741523",-11,0
2023-06-12 03:02:00,"1,0082266099078308",-11,0
2023-06-12 03:03:00,"1,0067967792492845",-11,0
2023-06-12 03:04:00,"1,0066857398914086",-11,0
2023-06-12 03:05:00,"1,0066857337674822",-11,0
2023-06-12 03:06:00,"1,0066857337674822",-11,0
2023-06-12 03:07:00,"1,0066857337674822",-11,0
2023-06-12 03:08:00,"1,0064106363254797",-11,0
2023-06-12 03:09:00,"1,006355525544444",-11,0
2023-06-12 03:10:00,"1,0063555240354356",-11,0
2023-06-12 03:11:00,"1,0058603313309435",-11,0
2023-06-12 03:12:00,"1,0056952373314707",-11,0
2023-06-12 03:13:00,"1,005695223780632",-11,0
2023-06-12 03:14:00,"1,0053650682590782",-11,0
2023-06-12 03:15:00,"1,003660576464215",-11,0
2023-06-12 03:16:00,"1,0030539677697294",-11,0
2023-06-12 03:17:00,"1,0032739880261032",-11,0
2023-06-12 03:18:00,"1,0038243848724735",-11,0
2023-06-12 03:19:00,"1,0040444376530635",-11,0
2023-06-12 03:20:00,"1,0037298102880765",-11,0
2023-06-12 03:21:00,"1,0032740674125176",-11,0
2023-06-12 03:22:00,"1,0027238447813696",-11,0
2023-06-12 03:23:00,"1,0027236938200923",-11,0
2023-06-12 03:24:00,"1,0027236938200814",-11,0
2023-06-12 03:25:00,"1,0027236938200814",-11,0
2023-06-12 03:26:00,"1,0027236938200814",-11,0
2023-06-12 03:27:00,"1,0026686206408018",-11,0
2023-06-12 03:28:00,"1,0017336201897715",-11,0
2023-06-12 03:29:00,"1,001733183833326",-11,0
2023-06-12 03:30:00,"1,0017331838332313",-11,0
2023-06-12 03:31:00,"1,0017331838332313",-11,0
2023-06-12 03:32:00,"1,0017331838332313",-11,0
2023-06-12 03:33:00,"1,001183064889313",-11,0
2023-06-12 03:34:00,"1,000632794974886",-11,0
2023-06-12 03:35:00,"0,9994226867316749",-10,0
2023-06-12 03:36:00,"0,9994219541277528",-10,0
2023-06-12 03:37:00,"0,9994219541275395",-10,0
2023-06-12 03:38:00,"0,999421954127484",-10,0
2023-06-12 03:39:00,"0,9990369227136551",-10,0
2023-06-12 03:40:00,"0,9984879175903805",-10,0
2023-06-12 03:41:00,"0,998431445737674",-10,0
2023-06-12 03:42:00,"0,9984314441406339",-10,0
2023-06-12 03:43:00,"0,9987617681019245",-10,0
2023-06-12 03:44:00,"0,9990918585294496",-10,0
2023-06-12 03:45:00,"0,9990918040000837",-10,0
2023-06-12 03:46:00,"0,9994220086766342",-10,0
2023-06-12 03:47:00,"0,9997521587678841",-10,0
2023-06-12 03:48:00,"0,999752104254832",-10,0
2023-06-12 03:49:00,"0,9992020451822957",-10,0
2023-06-12 03:50:00,"0,9990918100815496",-10,0
2023-06-12 03:51:00,"0,9990918040000822",-10,0
2023-06-12 03:52:00,"0,9987617084218304",-10,0
2023-06-12 03:53:00,"0,9974418074575224",-10,0
2023-06-12 03:54:00,"0,9971108389551562",-10,0
2023-06-12 03:55:00,"0,9953514389795673",-10,0
2023-06-12 03:56:00,"0,9951298483286881",-10,0
2023-06-12 03:57:00,"0,9951298236573267",-10,0
2023-06-12 03:58:00,"0,9943047608504354",-10,0
2023-06-12 03:59:00,"0,9930395199326851",-10,0
2023-06-12 04:00:00,"0,9928525982118723",-10,57
2023-06-12 04:01:00,"0,9928185349312845",-10,0
2023-06-12 04:02:00,"0,9932038339016735",-10,0
2023-06-12 04:03:00,"0,9997183146013076",-10,0
2023-06-12 04:04:00,"1,0000823206270857",-11,0
2023-06-12 04:05:00,"0,9976091047527331",-10,0
2023-06-12 04:06:00,"0,9964510970460672",-10,0
2023-06-12 04:07:00,"0,9993160306929492",-10,0
2023-06-12 04:08:00,"1,0000826674332752",-11,0
2023-06-12 04:09:00,"0,9989273672101856",-10,0
2023-06-12 04:10:00,"0,9977717534941117",-10,0
2023-06-12 04:11:00,"0,9977710842814099",-10,0
2023-06-12 04:12:00,"0,9977710842811855",-10,0
2023-06-12 04:13:00,"0,9984316626652787",-10,0
2023-06-12 04:14:00,"0,9987616487809617",-10,0
2023-06-12 04:15:00,"0,9987615942680371",-10,0
2023-06-12 04:16:00,"0,9989267723952672",-10,0
2023-06-12 04:17:00,"0,9984315669474738",-10,0
2023-06-12 04:18:00,"0,9969467848257789",-10,0
2023-06-12 04:19:00,"0,9964505477311536",-10,0
2023-06-12 04:20:00,"0,9960423288675616",-10,0
2023-06-12 04:21:00,"0,9957900962526176",-10,0
2023-06-12 04:22:00,"0,9957900643074857",-10,0
2023-06-12 04:23:00,"0,9956800402121443",-10,0
2023-06-12 04:24:00,"0,9951299161114951",-10,0
2023-06-12 04:25:00,"0,994799668742009",-10,0
2023-06-12 04:26:00,"0,9925460174579944",-10,0
2023-06-12 04:27:00,"1,0017757027817338",-11,0
2023-06-12 04:28:00,"1,0017331847355595",-11,0
2023-06-12 04:29:00,"1,001348092666833",-11,0
2023-06-12 04:30:00,"0,9996435273711716",-10,0
2023-06-12 04:31:00,"0,999421978683589",-10,0
2023-06-12 04:32:00,"0,9994219541274845",-10,0
2023-06-12 04:33:00,"0,9998622909953634",-10,0
2023-06-12 04:34:00,"1,0000823978130873",-11,0
2023-06-12 04:35:00,"1,000082373591578",-11,0
2023-06-12 04:36:00,"1,0000823735915774",-11,0
2023-06-12 04:37:00,"1,0000823735915771",-11,0
2023-06-12 04:38:00,"1,000302458151366",-11,0
2023-06-12 04:39:00,"1,0004124701631607",-11,0
2023-06-12 04:40:00,"1,0004134110834113",-11,0
2023-06-12 04:41:00,"1,0004124641147825",-11,0
2023-06-12 04:42:00,"0,9996424302674339",-10,0
2023-06-12 04:43:00,"0,998157473289508",-10,0
2023-06-12 04:44:00,"0,9964518838648193",-10,0
2023-06-12 04:45:00,"0,9964504241680029",-10,0
2023-06-12 04:46:00,"0,997441426456265",-10,0
2023-06-12 04:47:00,"0,998431935465232",-10,0
2023-06-12 04:48:00,"0,9985415399348739",-10,0
2023-06-12 04:49:00,"0,9990919556164792",-10,0
2023-06-12 04:50:00,"0,9989817799013053",-10,0
2023-06-12 04:51:00,"0,9983766124650858",-10,0
2023-06-12 04:52:00,"0,996781850034277",-10,0
2023-06-12 04:53:00,"0,9964504792658029",-10,0
2023-06-12 04:54:00,"0,9979373564390952",-10,0
2023-06-12 04:55:00,"0,9987619943080067",-10,0
2023-06-12 04:56:00,"0,9978815624630823",-10,0
2023-06-12 04:57:00,"0,9971110817066986",-10,0
2023-06-12 04:58:00,"0,9971107840264264",-10,0
2023-06-12 04:59:00,"0,9971107840263821",-10,0
2023-06-12 05:00:00,"0,9969458021745577",-10,0
2023-06-12 05:01:00,"0,996560588396728",-10,0
2023-06-12 05:02:00,"0,995900432490946",-10,0
2023-06-12 05:03:00,"0,9943056379004759",-10,0
2023-06-12 05:04:00,"0,9911727349686454",-10,0
2023-06-12 05:05:00,"0,9995117564439084",-10,0
2023-06-12 05:06:00,"1,001129145560367",-11,0
2023-06-12 05:07:00,"0,9997531108295661",-10,0
2023-06-12 05:08:00,"0,9997521638599792",-10,0
2023-06-12 05:09:00,"1,0156784078155694",-11,709802180
2023-06-12 05:10:00,"1,0168152414403522",47980,852057207
2023-06-12 05:11:00,"1,016814160948636",-11,851771313
2023-06-12 05:12:00,"1,0167385819151813",-11,842324599
2023-06-12 05:13:00,"1,0163602117276838",5275,795044340
2023-06-12 05:14:00,"1,0171932410660276",25652,899237212
2023-06-12 05:15:00,"1,0059154033694593",-11,6
2023-06-12 05:16:00,"1,0053651646220845",-11,0
2023-06-12 05:17:00,"1,0047049307275446",-11,0
2023-06-12 05:18:00,"1,0050349777184793",-11,0
2023-06-12 05:19:00,"1,006356391588613",-11,0
2023-06-12 05:20:00,"1,0063731766989044",-11,0
2023-06-12 05:21:00,"1,006355524190257",-11,0
2023-06-12 05:22:00,"1,005695440402204",-11,0
2023-06-12 05:23:00,"1,003716155341307",-11,0
2023-06-12 05:24:00,"1,0051459706533",-11,0
2023-06-12 05:25:00,"1,005695373847889",-11,0
2023-06-12 05:26:00,"1,0056952237806434",-11,0
2023-06-12 05:27:00,"1,0056952237806325",-11,0
2023-06-12 05:28:00,"1,0056952237806325",-11,0
2023-06-12 05:29:00,"1,0054751875082868",-11,0
2023-06-12 05:30:00,"1,0047050089923866",-11,0
2023-06-12 05:31:00,"1,008287834901463",-11,0
2023-06-12 05:32:00,"1,0108960552740625",30693,112030560
2023-06-12 05:33:00,"1,0108958814903797",-11,111986378
2023-06-12 05:34:00,"1,0102874172946876",14098,35971917
2023-06-12 05:35:00,"1,0093272017475996",33098,29622
2023-06-12 05:36:00,"1,0093270539960078",-11,0
2023-06-12 05:37:00,"1,0093270539959862",-11,0
2023-06-12 05:38:00,"1,0093270539959862",-11,0
2023-06-12 05:39:00,"1,0093270539959862",-11,0
2023-06-12 05:40:00,"1,0094606256014167",-11,0
2023-06-12 05:41:00,"1,0096021989624568",-11,0
2023-06-12 05:42:00,"1,0097673074008393",-11,0
2023-06-12 05:43:00,"1,0119609991504055",146805,245234637
2023-06-12 05:44:00,"1,0127205741511605",21717,340140671
2023-06-12 05:45:00,"1,0130998957231212",5396,387505013
2023-06-12 05:46:00,"1,013175767329797",-11,396972782
2023-06-12 05:47:00,"1,0131757624779767",-11,396971502
2023-06-12 05:48:00,"1,012492574715784",17559,311627741
2023-06-12 05:49:00,"1,0114291890661948",42764,178782573
2023-06-12 05:50:00,"1,0108961226827375",10846,112049991
2023-06-12 05:51:00,"1,0122658160207727",71434,283448879
2023-06-12 05:52:00,"1,0122642285018442",-11,283029756
2023-06-12 05:53:00,"1,0134807480340056",55964,435268412
2023-06-12 05:54:00,"1,01408671220864",13699,510883146
2023-06-12 05:55:00,"1,0140864033833703",-11,510801616
2023-06-12 05:56:00,"1,0139347270653805",-11,491844769
2023-06-12 05:57:00,"1,0127213290307318",55193,340339685
2023-06-12 05:58:00,"1,0127200868456638",-11,340012049
2023-06-12 05:59:00,"1,0127200868435504",-11,340012048
2023-06-12 06:00:00,"1,0128736160751588",314747,359396810
2023-06-12 06:01:00,"1,0127201067870537",-11,340017321
2023-06-12 06:02:00,"1,0127200868435506",-11,340012048
2023-06-12 06:03:00,"1,0136317921696665",31351,454072708
2023-06-12 06:04:00,"1,0140865773524437",7717,510847548
2023-06-12 06:05:00,"1,0125701497695738",86168,321539079
2023-06-12 06:06:00,"1,0110499425574468",87620,131515519
2023-06-12 06:07:00,"1,0102875969392036",22293,36019346
2023-06-12 06:08:00,"1,0135552982902862",-11,444413497
2023-06-12 06:09:00,"1,0118109239742648",114313,226723139
2023-06-12 06:10:00,"1,0091071366926123",58706,52611
2023-06-12 06:11:00,"1,0063592755559667",-11,142
2023-06-12 06:12:00,"1,006355524042428",-11,0
2023-06-12 06:13:00,"1,0067958602353226",-11,0
2023-06-12 06:14:00,"1,0071260277934329",-11,0
2023-06-12 06:15:00,"1,007676394052108",-11,0
2023-06-12 06:16:00,"1,0077862799193906",-11,0
2023-06-12 06:17:00,"1,0077312007420347",-11,0
2023-06-12 06:18:00,"1,01142867199411",77978,178642066
2023-06-12 06:19:00,"1,009327199171964",32581,29038
2023-06-12 06:20:00,"1,0099875702345114",-11,0
2023-06-12 06:21:00,"1,010896056134145",30693,112030950
2023-06-12 06:22:00,"1,0112001435806437",3501,150030015
2023-06-12 06:23:00,"1,0113521458668804",-11,169022141
2023-06-12 06:24:00,"1,011352126288782",-11,169016978
2023-06-12 06:25:00,"1,011352126288781",-11,169016978
2023-06-12 06:26:00,"1,011352126288781",-11,169016978
2023-06-12 06:27:00,"1,0113521262887812",-11,169016978
2023-06-12 06:28:00,"1,0115043512790147",-11,188047826
2023-06-12 06:29:00,"1,0121126029374867",14039,264120042
2023-06-12 06:30:00,"1,012264412570642",-11,283055464
2023-06-12 06:31:00,"1,0127204270270795",7853,340078980
2023-06-12 06:32:00,"1,01401204536875",62907,501702512
2023-06-12 06:33:00,"1,0142381218390213",1867,529772368
2023-06-12 06:34:00,"1,0143139961942371",-11,539251390
2023-06-12 06:35:00,"1,01408644694283",1926,510813119
2023-06-12 06:36:00,"1,0157565643516395",104446,719898131
2023-06-12 06:37:00,"1,016815096859408",41292,852018770
2023-06-12 06:38:00,"1,0168141609482402",-11,851771312
2023-06-12 06:39:00,"1,0168141609470518",-11,851771312
2023-06-12 06:40:00,"1,016814161217726",-11,851771389
2023-06-12 06:41:00,"1,0168141609470516",-11,851771312
2023-06-12 06:42:00,"1,017268388049871",7603,908573734
2023-06-12 06:43:00,"1,0177221009677406",7559,965287767
2023-06-12 06:44:00,"1,017948844487919",1872,993612730
2023-06-12 06:45:00,"1,018175672600915",1874,1021966250
2023-06-12 06:46:00,"1,01817562976964",-11,1021954915
2023-06-12 06:47:00,"1,0181756297696374",-11,1021954915
2023-06-12 06:48:00,"1,0181756297696376",-11,1021954915
2023-06-12 06:49:00,"1,0181756297696376",-11,1021954915
2023-06-12 06:50:00,"1,0184024565423504",1873,1050314241
2023-06-12 06:51:00,"1,0189315285662046",10229,1116474782
2023-06-12 06:52:00,"1,0190823567049976",-11,1135298419
2023-06-12 06:53:00,"1,0137828282491097",-11,472854842
2023-06-12 06:54:00,"1,0153015112016537",86511,662960127
2023-06-12 06:55:00,"1,0163608666277544",41508,795240344
2023-06-12 06:56:00,"1,0163599280054447",-11,794992194
2023-06-12 06:57:00,"1,0165114873338097",-11,813939788
2023-06-12 06:58:00,"1,0172686944976643",21183,908654827
2023-06-12 06:59:00,"1,0172682158446753",-11,908528175
2023-06-12 07:00:00,"1,017419473568852",-11,927435418
2023-06-12 07:01:00,"1,0177220056729115",3355,965262554
2023-06-12 07:02:00,"1,017873310759301",-11,984167700
2023-06-12 07:03:00,"1,0153050964822483",242120,663905331
2023-06-12 07:04:00,"1,0076779147467028",400239,358624
2023-06-12 07:05:00,"1,0076761245482235",-11,0
2023-06-12 07:06:00,"1,007676124545043",-11,0
2023-06-12 07:07:00,"1,0080063883810146",-11,0
2023-06-12 07:08:00,"1,0083365980776122",-11,0
2023-06-12 07:09:00,"1,00855674759424",-11,0
2023-06-12 07:10:00,"1,0089969402848529",-11,0
2023-06-12 07:11:00,"1,0092720167901872",-11,0
2023-06-12 07:12:00,"1,0095471518361994",-11,0
2023-06-12 07:13:00,"1,009987450223606",-11,0
2023-06-12 07:14:00,"1,0099873542507942",-11,0
2023-06-12 07:15:00,"1,00998735425079",-11,0
2023-06-12 07:16:00,"1,0097122566858796",-11,0
2023-06-12 07:17:00,"1,0096572652256006",-11,0
2023-06-12 07:18:00,"1,0093821661757827",-11,0
2023-06-12 07:19:00,"1,0093270555005465",-11,0
2023-06-12 07:20:00,"1,0090519564951816",-11,7
2023-06-12 07:21:00,"1,0089969649717807",-11,0
2023-06-12 07:22:00,"1,0089969634732292",-11,0
2023-06-12 07:23:00,"1,0089969634732292",-11,0
2023-06-12 07:24:00,"1,0083367601415347",-11,0
2023-06-12 07:25:00,"1,0068519334873356",-11,0
2023-06-12 07:26:00,"1,0053661119902706",-11,0
2023-06-12 07:27:00,"1,00553013229196",-11,0
2023-06-12 07:28:00,"1,0063558627978002",-11,0
2023-06-12 07:29:00,"1,0063555240354929",-11,0
2023-06-12 07:30:00,"1,0063555240354354",-11,0
2023-06-12 07:31:00,"1,0060253684783125",-11,0
2023-06-12 07:32:00,"1,0052552788432556",-11,0
2023-06-12 07:33:00,"1,004209943268576",-11,0
2023-06-12 07:34:00,"1,0040444271815891",-11,0
2023-06-12 07:35:00,"1,004264498000237",-11,0
2023-06-12 07:36:00,"1,0047048102773006",-11,0
2023-06-12 07:37:00,"1,0053652309625565",-11,0
2023-06-12 07:38:00,"1,0055301324360812",-11,0
2023-06-12 07:39:00,"1,0066863978024991",-11,0
2023-06-12 07:40:00,"1,0066893959016996",817960,732902
2023-06-12 07:41:00,"1,0066857337808042",-11,2
2023-06-12 07:42:00,"1,0068507329439575",-11,0
2023-06-12 07:43:00,"1,007015837825092",-11,0
2023-06-12 07:44:00,"1,0070158242902392",-11,0
2023-06-12 07:45:00,"1,0061358485045142",-11,0
2023-06-12 07:46:00,"1,0053653093296648",-11,0
2023-06-12 07:47:00,"1,0048148947203104",-11,0
2023-06-12 07:48:00,"1,0047047198346142",-11,0
2023-06-12 07:49:00,"1,004704713793782",-11,0
2023-06-12 07:50:00,"1,0048698322257894",-11,0
2023-06-12 07:51:00,"1,0054752264760758",-11,0
2023-06-12 07:52:00,"1,0056952478482637",-11,0
2023-06-12 07:53:00,"1,0053650682669797",-11,0
2023-06-12 07:54:00,"1,0053650140485872",-11,0
2023-06-12 07:55:00,"1,0059154347197967",-11,0
2023-06-12 07:56:00,"1,0060253203046503",-11,0
2023-06-12 07:57:00,"1,0058052780244566",-11,0
2023-06-12 07:58:00,"1,0053651104053918",-11,0
2023-06-12 07:59:00,"1,0058603313448444",-11,0
2023-06-12 08:00:00,"1,006524668842126",902199,808380
2023-06-12 08:01:00,"1,0075116223039349",-11,793
2023-06-12 08:02:00,"1,008006455734714",-11,0
2023-06-12 08:03:00,"1,0084466702662296",-11,0
2023-06-12 08:04:00,"1,008996994341994",-11,0
2023-06-12 08:05:00,"1,008996844263951",-11,0
2023-06-12 08:06:00,"1,0078969042973045",-11,0
2023-06-12 08:07:00,"1,0075112127127996",-11,0
2023-06-12 08:08:00,"1,0085572660387818",-11,0
2023-06-12 08:09:00,"1,0089969400587064",-11,0
2023-06-12 08:10:00,"1,0095472643408552",-11,0
2023-06-12 08:11:00,"1,00965715049848",-11,0
2023-06-12 08:12:00,"1,0099874082466032",-11,0
2023-06-12 08:13:00,"1,0104393291659108",7375,54922810
2023-06-12 08:14:00,"1,0102871224683567",-11,35894229
2023-06-12 08:15:00,"1,009657182854967",8581,7689
2023-06-12 08:16:00,"1,0093271079673076",-11,2
2023-06-12 08:17:00,"1,008996898297024",-11,0
2023-06-12 08:18:00,"1,0089968442639414",-11,0
2023-06-12 08:19:00,"1,0086668077352827",-11,0
2023-06-12 08:20:00,"1,0080071983699226",-11,0
2023-06-12 08:21:00,"1,00800633427746",-11,0
2023-06-12 08:22:00,"1,0080063342770895",-11,0
2023-06-12 08:23:00,"1,0072361790776896",-11,0
2023-06-12 08:24:00,"1,0068507931800774",-11,0
2023-06-12 08:25:00,"1,0059157187402978",-11,0
2023-06-12 08:26:00,"1,006686028485584",-11,0
2023-06-12 08:27:00,"1,0066857337675257",-11,0
2023-06-12 08:28:00,"1,0066857337674824",-11,0
2023-06-12 08:29:00,"1,0076767310514108",-11,0
2023-06-12 08:30:00,"1,0083367600273918",-11,0
2023-06-12 08:31:00,"1,0084465801631113",-11,0
2023-06-12 08:32:00,"1,0086667777763698",-11,0
2023-06-12 08:33:00,"1,0086667537411829",-11,0
2023-06-12 08:34:00,"1,0084465982146344",-11,0
2023-06-12 08:35:00,"1,007566478767456",-11,0
2023-06-12 08:36:00,"1,0088757351201545",751124853,5
2023-06-12 08:37:00,"1,0210061099806813",-2147483648,1375765081
2023-06-12 08:38:00,"1,0210284404086871",-2147483648,1378556354
2023-06-12 08:39:00,"1,0185777053729073",-2147483648,1072214380
2023-06-12 08:40:00,"1,0173779325706866",-2147483648,922242794
2023-06-12 08:41:00,"1,017538456979993",-2147483648,942349507
2023-06-12 08:42:00,"1,0161748929308565",-2147483648,772263988
2023-06-12 08:43:00,"1,0155506361350493",-2147483648,694547679
2023-06-12 08:44:00,"1,020516223272002",-2147483648,1314529242
2023-06-12 08:45:00,"1,0214091399641112",-2147483648,1426242234
2023-06-12 08:46:00,"1,0191308455950043",-2147483648,1141960214
2023-06-12 08:47:00,"1,0160766595646282",-2147483648,759583679
2023-06-12 08:48:00,"1,0157442766712088",2077294740,718067166
2023-06-12 08:49:00,"1,01593878071969",2112735588,742353994
2023-06-12 08:50:00,"1,0154463880250768",2145557129,680834023
2023-06-12 08:51:00,"1,0135731773681218",1611909878,447367599
2023-06-12 08:52:00,"1,013447343394248",1687106987,430934057
2023-06-12 08:53:00,"1,0131104497253345",1721632702,388825751
2023-06-12 08:54:00,"1,0127503650623122",1838655443,343847897
2023-06-12 08:55:00,"1,0143508783201387",-2147483648,544636723
2023-06-12 08:56:00,"1,0159422746258029",-2147483648,743107863
2023-06-12 08:57:00,"1,0137567559666496",-2147483648,469595696
2023-06-12 08:58:00,"1,0082425579037295",361510559,205154
2023-06-12 08:59:00,"1,0091914601395524",878417957,587224
2023-06-12 09:00:00,"1,0119503363149929",1825771589,243901742
2023-06-12 09:01:00,"1,0134561808259657",1957783073,432278471
2023-06-12 09:02:00,"1,015138278604738",-2147483648,642629525
2023-06-12 09:03:00,"1,0122294183930751",1372154378,278678521
2023-06-12 09:04:00,"1,0083374577995532",204426,183176
2023-06-12 09:05:00,"1,0083901150900654",21607765,1009
2023-06-12 09:06:00,"1,0106920023796386",1098189521,86515131
2023-06-12 09:07:00,"1,0134892972773155",1967940356,436163385
2023-06-12 09:08:00,"1,0138708278369666",2080973752,483885985
2023-06-12 09:09:00,"1,013226047077967",1889921077,403346535
2023-06-12 09:10:00,"1,013993512790905",2117270069,499316996
2023-06-12 09:11:00,"1,0176811137661543",-2147483648,960140502
2023-06-12 09:12:00,"1,0216492730674305",-2147483648,1456160444
2023-06-12 09:13:00,"1,0219448127814943",-2147483648,1493121694
2023-06-12 09:14:00,"1,0213117154200613",-2147483648,1414052380
2023-06-12 09:15:00,"1,02032410594138",-2147483648,1290725443
2023-06-12 09:16:00,"1,0219396576273163",-2147483648,1493022732
2023-06-12 09:17:00,"1,021939748956445",-2147483648,1492469816
2023-06-12 09:18:00,"1,0231385884527802",-2147483648,1642567526
2023-06-12 09:19:00,"1,0218645393940498",-2147483648,1483475396
2023-06-12 09:20:00,"1,022430385234422",-2147483648,1553799572
2023-06-12 09:21:00,"1,0186020384986123",-2147483648,1075256036
2023-06-12 09:22:00,"1,01981932212047",-2147483648,1227416477
2023-06-12 09:23:00,"1,0176531542061802",-2147483648,956645479
2023-06-12 09:24:00,"1,012911940748534",2065420168,363994020
2023-06-12 09:25:00,"1,0146071891784496",-2147483648,576221481
2023-06-12 09:26:00,"1,0162923276043607",2105092055,786938336
2023-06-12 09:27:00,"1,0184359762969828",-2147483648,1055004624
2023-06-12 09:28:00,"1,0216794197862882",-2147483648,1459928720
2023-06-12 09:29:00,"1,0255670915145527",-2147483648,1945887741
2023-06-12 09:30:00,"1,0253150440794738",-2147483648,1914390331
2023-06-12 09:31:00,"1,024245911503746",-2147483648,1780867280
2023-06-12 09:32:00,"1,0246045766837772",-2147483648,1825609503
2023-06-12 09:33:00,"1,022721287147469",-2147483648,1590930971
2023-06-12 09:34:00,"1,0245763213523535",-2147483648,1822505228
2023-06-12 09:35:00,"1,0258903777277186",-2147483648,1961502565
2023-06-12 09:36:00,"1,0222587091627062",-2147483648,1532668039
2023-06-12 09:37:00,"1,0172282241624078",1868736590,903529507
2023-06-12 09:38:00,"1,0141752703793476",1365838654,521910007
2023-06-12 09:39:00,"1,014756295068092",1403499655,594575445
2023-06-12 09:40:00,"1,0151976745922595",1400015069,649711355
2023-06-12 09:41:00,"1,0148036262291231",1417527626,600474863
2023-06-12 09:42:00,"1,0126947529217605",1530589710,337446830
2023-06-12 09:43:00,"1,0109828880062783",1762646781,123403313
2023-06-12 09:44:00,"1,0149863460364903",-2147483648,623294525
2023-06-12 09:45:00,"1,019527913900929",-2147483648,1190990595
2023-06-12 09:46:00,"1,014321711370625",-2147483648,540215452
2023-06-12 09:47:00,"1,0126623046449",1856893242,333382136
2023-06-12 09:48:00,"1,0114880594049165",1733909055,186167028
2023-06-12 09:49:00,"1,0114155546254542",1690379315,176949006
2023-06-12 09:50:00,"1,013355594416778",1703929484,419890012
2023-06-12 09:51:00,"1,013390271582547",1670251016,423787662
2023-06-12 09:52:00,"1,0099616839460748",857355751,96
2023-06-12 09:53:00,"1,0098214538471608",1000790875,45534
2023-06-12 09:54:00,"1,0135995342546866",1687113586,450311563
2023-06-12 09:55:00,"1,015055396438014",1356661322,632492582
2023-06-12 09:56:00,"1,0110033895266817",164968578,125425009
2023-06-12 09:57:00,"1,0148253225252504",1356876374,603166624
2023-06-12 09:58:00,"1,0179137694835698",-2147483648,989222444
2023-06-12 09:59:00,"1,0156280237275943",-2147483648,704079883
2023-06-12 10:00:00,"1,0145257788875672",-2147483648,565723577
2023-06-12 10:01:00,"1,0140592039996392",-2147483648,507429186
2023-06-12 10:02:00,"1,0180539704729867",-2147483648,1006747541
2023-06-12 10:03:00,"1,0218174616379898",-2147483648,1477183931
2023-06-12 10:04:00,"1,0160260326698167",-2147483648,753255546
2023-06-12 10:05:00,"1,0167972479439504",-2147483648,849726977
2023-06-12 10:06:00,"1,0217872398802537",-2147483648,1473406269
2023-06-12 10:07:00,"1,0222498986484858",-2147483648,1531263169
2023-06-12 10:08:00,"1,0222525604380572",-2147483648,1531571252
2023-06-12 10:09:00,"1,0215000268997838",-2147483648,1437570587
2023-06-12 10:10:00,"1,0207473287622113",-2147483648,1343483516
2023-06-12 10:11:00,"1,0194013636040535",-2147483648,1175370292
2023-06-12 10:12:00,"1,014945549208422",-2147483648,618195013
2023-06-12 10:13:00,"1,0124056934960572",1424136234,300712953
2023-06-12 10:14:00,"1,0175373738366429",2005655633,942173034
2023-06-12 10:15:00,"1,0197856173708069",-2147483648,1223772756
2023-06-12 10:16:00,"1,0158705649218267",1868385457,733821843
2023-06-12 10:17:00,"1,011870049050993",1355563317,233757366
2023-06-12 10:18:00,"1,0117444437893532",1541652085,218129602
2023-06-12 10:19:00,"1,0160686714468834",-2147483648,758585339
2023-06-12 10:20:00,"1,0194927639650906",-2147483648,1186596767
2023-06-12 10:21:00,"1,0188012837765603",-2147483648,1100221403
2023-06-12 10:22:00,"1,016861757635128",-2147483648,858165344
2023-06-12 10:23:00,"1,0168519945813042",-2147483648,856500533
2023-06-12 10:24:00,"1,0150449879100818",-2147483648,631061234
2023-06-12 10:25:00,"1,01542197523401",-2147483648,677797935
2023-06-12 10:26:00,"1,0172682556959365",-2147483648,908911427
2023-06-12 10:27:00,"1,0173806880893057",-2147483648,922588606
2023-06-12 10:28:00,"1,0173235619734415",-2147483648,915446957
2023-06-12 10:29:00,"1,0172932670872117",-2147483648,911659778
2023-06-12 10:30:00,"1,0173106191271364",-2147483648,913828650
2023-06-12 10:31:00,"1,017282988862674",-2147483648,910374967
2023-06-12 10:32:00,"1,0173078408970777",-2147483648,913481439
2023-06-12 10:33:00,"1,0174686295854491",-2147483648,933582838
2023-06-12 10:34:00,"1,0181865757856108",-2147483648,1023385925
2023-06-12 10:35:00,"1,0187569177635345",-2147483648,1094686206
2023-06-12 10:36:00,"1,0188036052306508",-2147483648,1100602682
2023-06-12 10:37:00,"1,0144155356909057",-2147483648,551943258
2023-06-12 10:38:00,"1,0156634178154866",-2147483648,708610037
2023-06-12 10:39:00,"1,0170317324751437",-2147483648,879372000
2023-06-12 10:40:00,"1,0161301503525826",-2147483648,766270550
2023-06-12 10:41:00,"1,0161217501276096",-2147483648,765219975
2023-06-12 10:42:00,"1,0163112279516398",-2147483648,788909669
2023-06-12 10:43:00,"1,018584269640496",-2147483648,1073643826
2023-06-12 10:44:00,"1,0179620513168155",-2147483648,995387004
2023-06-12 10:45:00,"1,0188687674132737",-2147483648,1108757312
2023-06-12 10:46:00,"1,019521256624939",-2147483648,1190209507
2023-06-12 10:47:00,"1,0187312529556352",-2147483648,1091578602
2023-06-12 10:48:00,"1,018863127659005",-2147483648,1107946782
2023-06-12 10:49:00,"1,0175320804129322",-2147483648,941721967
2023-06-12 10:50:00,"1,0171459878503657",-2147483648,893267101
2023-06-12 10:51:00,"1,017075440979102",-2147483648,884431934
2023-06-12 10:52:00,"1,0166651842103291",-2147483648,833168271
2023-06-12 10:53:00,"1,0165929443262038",-2147483648,824119870
2023-06-12 10:54:00,"1,0165329891675678",-2147483648,816625615
2023-06-12 10:55:00,"1,0166239788003073",-2147483648,828008453
2023-06-12 10:56:00,"1,017984185019045",-2147483648,998228488
2023-06-12 10:57:00,"1,0215701104844954",-2147483648,1446265037
2023-06-12 10:58:00,"1,0146233599569383",-2147483648,577921517
2023-06-12 10:59:00,"1,0160550432017608",-2147483648,757352963
2023-06-12 11:00:00,"1,0179162390376983",-2147483648,989531147
2023-06-12 11:01:00,"1,0161734652362309",-2147483648,772340426
2023-06-12 11:02:00,"1,0157426381488046",-2147483648,718113101
2023-06-12 11:03:00,"1,0169775996540853",-2147483648,872530168
2023-06-12 11:04:00,"1,0207813113912767",-2147483648,1347665154
2023-06-12 11:05:00,"1,0193982057483182",-2147483648,1174986863
2023-06-12 11:06:00,"1,0140022516560347",-2147483648,500282838
2023-06-12 11:07:00,"1,017592118083054",-2147483648,949016033
2023-06-12 11:08:00,"1,0179853525995168",-2147483648,998203656
2023-06-12 11:09:00,"1,0180130265891512",-2147483648,1001629684
2023-06-12 11:10:00,"1,0122424433105202",-2147483648,280306921
2023-06-12 11:11:00,"1,012844961278955",-2147483648,355699451
2023-06-12 11:12:00,"1,0163997636041853",-2147483648,799971720
2023-06-12 11:13:00,"1,0153652022777353",-2147483648,670791919
2023-06-12 11:14:00,"1,0069825288909624",1762283477,613244
2023-06-12 11:15:00,"1,0057158361222427",274044278,75
2023-06-12 11:16:00,"1,0085691567263353",2378875,164610
2023-06-12 11:17:00,"1,009663125610914",2127774,178
2023-06-12 11:18:00,"1,009664489108664",2918080,1
2023-06-12 11:19:00,"1,0086746346895314",2983691,0
2023-06-12 11:20:00,"1,0086745320629649",3034189,116211
2023-06-12 11:21:00,"1,01168758746639",454431018,211030438
2023-06-12 11:22:00,"1,018874851313267",2090562281,1109358404
2023-06-12 11:23:00,"1,0182980549413234",-2147483648,1037407388
2023-06-12 11:24:00,"1,0153603031284515",-2147483648,671022832
2023-06-12 11:25:00,"1,0141894124221007",-2147483648,523837569
2023-06-12 11:26:00,"1,0141683964766202",-2147483648,521124365
2023-06-12 11:27:00,"1,0189109558225335",-2147483648,1113870911
2023-06-12 11:28:00,"1,0206850629425253",-2147483648,1336313836
2023-06-12 11:29:00,"1,0188927771550522",-2147483648,1111988587
2023-06-12 11:30:00,"1,016585161973432",-2147483648,823777889
2023-06-12 11:31:00,"1,0144841522710653",-2147483648,561044523
2023-06-12 11:32:00,"1,0139646727859564",-2147483648,495615790
2023-06-12 11:33:00,"1,0140392151157662",-2147483648,504913743
2023-06-12 11:34:00,"1,0156781515150126",-2147483648,710076201
2023-06-12 11:35:00,"1,0160099556354252",-2147483648,751263840
2023-06-12 11:36:00,"1,0159354985237166",-2147483648,741942172
2023-06-12 11:37:00,"1,0150331141736946",-2147483648,629431434
2023-06-12 11:38:00,"1,0095789927100918",-2147483648,11802
2023-06-12 11:39:00,"1,0052637595273293",645645171,196
2023-06-12 11:40:00,"1,0078397515608968",465161227,310799
2023-06-12 11:41:00,"1,014660278528507",1687770418,583152976
2023-06-12 11:42:00,"1,0196969881020854",-2147483648,1212124944
2023-06-12 11:43:00,"1,0212275790317007",-2147483648,1403448623
2023-06-12 11:44:00,"1,0161536150919126",-2147483648,769203210
2023-06-12 11:45:00,"1,0104909161860045",-2147483648,61365914
2023-06-12 11:46:00,"1,0100858663511705",1588935852,10734497
2023-06-12 11:47:00,"1,0112318492346148",1569005787,154144077
2023-06-12 11:48:00,"1,0142305914495782",1605787872,528825136
2023-06-12 11:49:00,"1,0142213781084608",1379278169,527770024
2023-06-12 11:50:00,"1,0168263965716229",1883630872,853300776
2023-06-12 11:51:00,"1,0218054560831735",-2147483648,1475683362
2023-06-12 11:52:00,"1,0250226706765848",-2147483648,1877835129
2023-06-12 11:53:00,"1,0202349755224318",-2147483648,1279373217
2023-06-12 11:54:00,"1,0176903765540806",-2147483648,962059260
2023-06-12 11:55:00,"1,0163167168944676",-2147483648,789837782
2023-06-12 11:56:00,"1,013224597855077",-2147483648,403075977
2023-06-12 11:57:00,"1,0125738914317106",-2147483648,321737631
2023-06-12 11:58:00,"1,014289662862126",1489102368,536209076
2023-06-12 11:59:00,"1,0149374592479572",1322689285,617310037
2023-06-12 12:00:00,"1,0150323665915713",1216832027,629049776
2023-06-12 12:01:00,"1,0148711177153689",1124404134,608906684
2023-06-12 12:02:00,"1,0159057376140666",1072513620,738361261
2023-06-12 12:03:00,"1,01629869278984",1054894535,787357973
2023-06-12 12:04:00,"1,0162708257934856",1046677531,783854584
2023-06-12 12:05:00,"1,0164449603012853",1098277583,805627759
2023-06-12 12:06:00,"1,0167250776020351",1046975149,840653271
2023-06-12 12:07:00,"1,0162220817210317",830783106,777854401
2023-06-12 12:08:00,"1,0157408404409574",352856895,718011328
2023-06-12 12:09:00,"1,017966261198623",765190839,996477491
2023-06-12 12:10:00,"1,0206927634187093",1420760520,1336596640
2023-06-12 12:11:00,"1,02060206518635",-2147483648,1325259353
2023-06-12 12:12:00,"1,0134760563937026",1248612978,434508670
2023-06-12 12:13:00,"1,013983266084586",1398420730,497964766
2023-06-12 12:14:00,"1,0135404320215236",909705760,442980396
2023-06-12 12:15:00,"1,02101515999272",-2147483648,1376898458
2023-06-12 12:16:00,"1,0224834243331942",-2147483648,1561288172
2023-06-12 12:17:00,"1,0166444885428",-2147483648,830562439
2023-06-12 12:18:00,"1,0157417916771654",-2147483648,717821422
2023-06-12 12:19:00,"1,0176152465597317",-2147483648,952323502
2023-06-12 12:20:00,"1,0182864494404409",-2147483648,1035807419
2023-06-12 12:21:00,"1,0193310061343543",-2147483648,1166506103
2023-06-12 12:22:00,"1,020227570613434",-2147483648,1278542196
2023-06-12 12:23:00,"1,019927211009549",-2147483648,1240922042
2023-06-12 12:24:00,"1,013198696518266",-2147483648,399839113
2023-06-12 12:25:00,"1,0117431688357983",1496713279,217897306
2023-06-12 12:26:00,"1,0170040742377708",1398576592,875510603
2023-06-12 12:27:00,"1,01755906955188",1429012532,944918838
2023-06-12 12:28:00,"1,0180632098088922",1579042383,1007957204
2023-06-12 12:29:00,"1,0179056323720197",1532170261,988210590
2023-06-12 12:30:00,"1,0177130602405184",1474860827,964141718
2023-06-12 12:31:00,"1,0176330971303096",1451079994,954139713
2023-06-12 12:32:00,"1,017625989284491",1448967100,953249865
2023-06-12 12:33:00,"1,0176259892093664",1448967087,953249845
2023-06-12 12:34:00,"1,0174753035045143",1448967911,934416788
2023-06-12 12:35:00,"1,016721781107511",1448987704,840290263
2023-06-12 12:36:00,"1,0167213057539342",1448967087,840164413
2023-06-12 12:37:00,"1,017173988315592",1448974558,896773736
2023-06-12 12:38:00,"1,015943910911574",725177680,743951428
2023-06-12 12:39:00,"1,0138587702175568",-11,482347483
2023-06-12 12:40:00,"1,0198223332635774",1699802486,1227792940
2023-06-12 12:41:00,"1,017995738737445",1871956782,999985367
2023-06-12 12:42:00,"1,0145002275144794",1372491257,562529659
2023-06-12 12:43:00,"1,0154857189920483",1306057185,685853536
2023-06-12 12:44:00,"1,017943702186065",1318054932,993666074
2023-06-12 12:45:00,"1,0175583207673446",1159911206,944841867
2023-06-12 12:46:00,"1,016684017711862",1034733125,835597493
2023-06-12 12:47:00,"1,0157327296965508",976654160,716692210
2023-06-12 12:48:00,"1,01507909539052",962274908,634936483
2023-06-12 12:49:00,"1,018144472004042",975612402,1018060208
2023-06-12 12:50:00,"1,0188658800790982",1010675653,1108293544
2023-06-12 12:51:00,"1,0192859997434214",1023591736,1160770804
2023-06-12 12:52:00,"1,0189966421537089",1027209879,1124591478
2023-06-12 12:53:00,"1,0185430508249071",1026789958,1067906480
2023-06-12 12:54:00,"1,0183646070727033",996166510,1045581325
2023-06-12 12:55:00,"1,0183187660975463",982547854,1039847409
2023-06-12 12:56:00,"1,0191107764947585",993794984,1138919649
2023-06-12 12:57:00,"1,0215126087766044",1035640485,1439729844
2023-06-12 12:58:00,"1,0225293586016584",1138376767,1566286860
2023-06-12 12:59:00,"1,0231169356935674",1202018532,1639657307
2023-06-12 13:00:00,"1,0225942041857996",1157939409,1574277295
2023-06-12 13:01:00,"1,02230813279538",1094816990,1538530672
2023-06-12 13:02:00,"1,022421169935661",1061200496,1552651869
2023-06-12 13:03:00,"1,0162121181457398",939764675,776516171
2023-06-12 13:04:00,"1,0088792897586918",885913943,83354
2023-06-12 13:05:00,"1,0089732485580964",924057274,3187
2023-06-12 13:06:00,"1,0090725839571055",964317517,3549
2023-06-12 13:07:00,"1,008863819273234",968726862,51
2023-06-12 13:08:00,"1,0084981111581834",976220017,148
2023-06-12 13:09:00,"1,0077616509674316",966918892,137
2023-06-12 13:10:00,"1,0077591001795074",965989104,1
2023-06-12 13:11:00,"1,007841811776256",999475294,2461
2023-06-12 13:12:00,"1,0078874999200296",1017978422,751
2023-06-12 13:13:00,"1,0076870965746116",1025706372,146
2023-06-12 13:14:00,"1,0071570122750515",1166450610,44641
2023-06-12 13:15:00,"1,0071534060508496",1254028523,17048
2023-06-12 13:16:00,"1,0069414405985897",1168194696,16176
2023-06-12 13:17:00,"1,0063016825627151",1086925465,14169
2023-06-12 13:18:00,"1,0066144026024384",1302293564,102447
2023-06-12 13:19:00,"1,006101547283011",1094760129,94702
2023-06-12 13:20:00,"1,0057656954818968",959088143,7
2023-06-12 13:21:00,"1,0057141837256924",893873999,9434
2023-06-12 13:22:00,"1,0065550461835946",922959986,1683
2023-06-12 13:23:00,"1,0068029224964905",978917970,6838
2023-06-12 13:24:00,"1,0069170513814227",1025092219,4687
2023-06-12 13:25:00,"1,0067045727940749",1050146602,1444
2023-06-12 13:26:00,"1,005835975680897",721157365,238238
2023-06-12 13:27:00,"1,0069391918606565",1100406290,316193
2023-06-12 13:28:00,"1,00733163855122",1103987482,104
2023-06-12 13:29:00,"1,0073502454028689",1067114740,3024
2023-06-12 13:30:00,"1,0074873698129103",1055959464,290
2023-06-12 13:31:00,"1,0075494696133969",1103350218,4954
2023-06-12 13:32:00,"1,0097252651506916",2031834848,16
2023-06-12 13:33:00,"1,0159954057594582",-2147483648,749426926
2023-06-12 13:34:00,"1,0151648994317144",-2147483648,646355639
2023-06-12 13:35:00,"1,0118884973926772",-2147483648,236063384
2023-06-12 13:36:00,"1,0106355089533374",-2147483648,79615370
2023-06-12 13:37:00,"1,00995700231055",-2147483648,119
2023-06-12 13:38:00,"1,009985945302826",-2147483648,305
2023-06-12 13:39:00,"1,00941411779401",-2147483648,119348
2023-06-12 13:40:00,"1,0104892733818578",-2147483648,61172035
2023-06-12 13:41:00,"1,0122398018352217",-2147483648,280343240
2023-06-12 13:42:00,"1,0118953766504428",-2147483648,236991708
2023-06-12 13:43:00,"1,0064408812665224",-2147483648,857761
2023-06-12 13:44:00,"1,0061775809350677",1769155556,475424
2023-06-12 13:45:00,"1,0089930302888268",1463602662,219184
2023-06-12 13:46:00,"1,0087743957447943",1377582052,16165
2023-06-12 13:47:00,"1,008555453460218",1288722230,17271
2023-06-12 13:48:00,"1,008877157617684",1196556295,19140
2023-06-12 13:49:00,"1,0077294631292288",1109376802,15844
2023-06-12 13:50:00,"1,0066744477755225",993435451,28703
2023-06-12 13:51:00,"1,0069382393114794",900346408,19440
2023-06-12 13:52:00,"1,0067740408273338",834019314,9679
2023-06-12 13:53:00,"1,0066648017160773",789875813,4289
2023-06-12 13:54:00,"1,006590745847325",759956283,1971
2023-06-12 13:55:00,"1,0067216456348584",724087562,2885
2023-06-12 13:56:00,"1,007740029194507",691422739,2575
2023-06-12 13:57:00,"1,008234176500032",669232880,1154
2023-06-12 13:58:00,"1,008293230820762",648744205,934
2023-06-12 13:59:00,"1,0082902958845377",647560350,3
2023-06-12 14:00:00,"1,0082820639754675",644054443,196249
2023-06-12 14:01:00,"1,0082631453298998",636578924,122
2023-06-12 14:02:00,"1,0083965163990385",623841307,368
2023-06-12 14:03:00,"1,0091961841159147",613802181,268
2023-06-12 14:04:00,"1,0088262673983217",597649682,544
2023-06-12 14:05:00,"1,0080593746270523",554097353,4020
2023-06-12 14:06:00,"1,0074315870995847",522510021,2114
2023-06-12 14:07:00,"1,005849830115455",504773326,578
2023-06-12 14:08:00,"1,0059014720299564",481755375,1181
2023-06-12 14:09:00,"1,0059587306286135",460528584,1004
2023-06-12 14:10:00,"1,0064563428792044",439479907,1024
2023-06-12 14:11:00,"1,0063179496844497",383722391,6861
2023-06-12 14:12:00,"1,0062154155879115",342387763,3772
2023-06-12 14:13:00,"1,0061658118727383",322396477,882
2023-06-12 14:14:00,"1,0063555903974113",310202660,335
2023-06-12 14:15:00,"1,0066566808141293",298599041,307
2023-06-12 14:16:00,"1,0070877691612432",295021396,32
2023-06-12 14:17:00,"1,007099957850676",299976755,54
2023-06-12 14:18:00,"1,0071238278277157",309605547,204
2023-06-12 14:19:00,"1,0071769106200874",331020220,1011
2023-06-12 14:20:00,"1,0069796450648043",362343064,8
2023-06-12 14:21:00,"1,0072872046890906",397722871,2733
2023-06-12 14:22:00,"1,0074367368227537",435885980,3200
2023-06-12 14:23:00,"1,00756166832589",486334963,5603
2023-06-12 14:24:00,"1,0066973807477069",536600047,5790
2023-06-12 14:25:00,"1,0058327131911755",586826139,5813
2023-06-12 14:26:00,"1,0057416275663134",638909204,6050
2023-06-12 14:27:00,"1,0065396157297888",672630945,2368
2023-06-12 14:28:00,"1,0067981526133636",688414518,527
2023-06-12 14:29:00,"1,0071557868512997",721934086,2417
2023-06-12 14:30:00,"1,0069002414958437",751812509,2029
2023-06-12 14:31:00,"1,006036943762808",758009214,126
2023-06-12 14:32:00,"1,005911614597964",751902901,77
2023-06-12 14:33:00,"1,005886651942276",741827786,223
2023-06-12 14:34:00,"1,005867474068341",734086232,132
2023-06-12 14:35:00,"1,0057802217379688",743197409,189
2023-06-12 14:36:00,"1,004959284827044",766408528,1328
2023-06-12 14:37:00,"1,0049969331463815",781751361,520
2023-06-12 14:38:00,"1,0049702537787115",770989454,255
2023-06-12 14:39:00,"1,0056296047363766",726615444,4579
2023-06-12 14:40:00,"1,0060427376026635",671771764,2326
2023-06-12 14:41:00,"1,0059160509416114",620644140,5767
2023-06-12 14:42:00,"1,005841225814183",590460209,2010
2023-06-12 14:43:00,"1,0058118485185557",556425961,2566
2023-06-12 14:44:00,"1,0059733082573834",510708484,4674
2023-06-12 14:45:00,"1,005871278984354",469581382,3735
2023-06-12 14:46:00,"1,0058328953993492",454109174,528
2023-06-12 14:47:00,"1,0058321068713827",453791756,0
2023-06-12 14:48:00,"1,0058477419400471",460095045,87
2023-06-12 14:49:00,"1,005655631906362",471299089,287
2023-06-12 14:50:00,"1,0055491942589194",472703113,5
2023-06-12 14:51:00,"1,005528556627702",464387278,152
2023-06-12 14:52:00,"1,005798144703073",440077600,1338
2023-06-12 14:53:00,"1,0069327168378868",409665110,2182
2023-06-12 14:54:00,"1,0069764948095317",383268300,1546
2023-06-12 14:55:00,"1,006890100220498",348415611,2678
2023-06-12 14:56:00,"1,00681719265979",319009812,1907
2023-06-12 14:57:00,"1,0064431121833308",301150348,688
2023-06-12 14:58:00,"1,006108251275884",299177811,7
2023-06-12 14:59:00,"1,006123086505727",305178004,79
2023-06-12 15:00:00,"1,0061336921287505",308878542,250482
2023-06-12 15:01:00,"1,006634039584578",289431404,727
2023-06-12 15:02:00,"1,0069894298380142",255358039,2598
2023-06-12 15:03:00,"1,00692291966965",228579788,1582
2023-06-12 15:04:00,"1,00687179527038",207969568,937
2023-06-12 15:05:00,"1,0076655828512364",195248456,375
2023-06-12 15:06:00,"1,0078145026317704",188881528,91
2023-06-12 15:07:00,"1,0078093032849107",186789303,9
2023-06-12 15:08:00,"1,0078058975190871",185415231,4
2023-06-12 15:09:00,"1,0077986885636614",182506764,18
2023-06-12 15:10:00,"1,0086656750478742",177110506,71
2023-06-12 15:11:00,"1,0087623084697117",171824710,62
2023-06-12 15:12:00,"1,0087461044900838",165283878,94
2023-06-12 15:13:00,"1,0084026590611457",159865346,62
2023-06-12 15:14:00,"1,007733361171725",156113888,27
2023-06-12 15:15:00,"1,0065836790184992",158097394,12
2023-06-12 15:16:00,"1,006429591692614",162771403,49
2023-06-12 15:17:00,"1,007283022916038",174074099,268
2023-06-12 15:18:00,"1,0074906515829527",191383826,656
2023-06-12 15:19:00,"1,0075437311909328",212799593,1011
2023-06-12 15:20:00,"1,0072208285670667",237795971,19232
2023-06-12 15:21:00,"1,007343306835674",265028168,1630
2023-06-12 15:22:00,"1,0061963606908304",290103555,1462
2023-06-12 15:23:00,"1,0053686765442091",311199346,1034
2023-06-12 15:24:00,"1,0051999784329182",332005685,971
2023-06-12 15:25:00,"1,005259206852804",355866992,1259
2023-06-12 15:26:00,"1,0053261423376598",382826949,1608
2023-06-12 15:27:00,"1,0053789125316193",404085816,999
2023-06-12 15:28:00,"1,0054092411542035",416305631,330
2023-06-12 15:29:00,"1,0060861056361137",423170157,87
2023-06-12 15:30:00,"1,0061917141196823",421518524,6
2023-06-12 15:31:00,"1,0062882470836607",416073500,67
2023-06-12 15:32:00,"1,00604420007225",406304696,202
2023-06-12 15:33:00,"1,006024079708943",398203225,144
2023-06-12 15:34:00,"1,0060144130231523",394306507,33
2023-06-12 15:35:00,"1,0060033191968856",389834501,44
2023-06-12 15:36:00,"1,005987738931962",383554187,87
2023-06-12 15:37:00,"1,0054138205660783",373804991,192
2023-06-12 15:38:00,"1,005270587330353",360448814,389
2023-06-12 15:39:00,"1,0056195477239056",345972973,481
2023-06-12 15:40:00,"1,006188847803717",331680677,1551
2023-06-12 15:41:00,"1,00614941618783",315788731,557
2023-06-12 15:42:00,"1,006106887692896",298649577,649
2023-06-12 15:43:00,"1,0060597258306363",279645488,798
2023-06-12 15:44:00,"1,0062234275913429",256937129,1151
2023-06-12 15:45:00,"1,0069391595127166",235009038,1098
2023-06-12 15:46:00,"1,0068825214449164",212293401,1138
2023-06-12 15:47:00,"1,0067322514171628",196048940,579
2023-06-12 15:48:00,"1,0054953184479674",184910817,252
2023-06-12 15:49:00,"1,0054756404115428",177283127,128
2023-06-12 15:50:00,"1,0054677937834466",174124924,22
2023-06-12 15:51:00,"1,0054559161733674",169344247,50
2023-06-12 15:52:00,"1,0049984531411855",162302419,105
2023-06-12 15:53:00,"1,003492893444542",153732636,145
2023-06-12 15:54:00,"1,003414791254026",144916016,172
2023-06-12 15:55:00,"1,0035099079726744",138892156,81
2023-06-12 15:56:00,"1,0032758536158215",133282893,68
2023-06-12 15:57:00,"1,0030406502333138",127174435,81
2023-06-12 15:58:00,"1,0031921191472415",121724737,67
2023-06-12 15:59:00,"1,0042283623324306",117931610,36
2023-06-12 16:00:00,"1,0046661541129187",116417429,825510
2023-06-12 16:01:00,"1,004770435749381",114916937,83
2023-06-12 16:02:00,"1,0053266119081474",117249839,10
2023-06-12 16:03:00,"1,00533947163124",122484531,60
2023-06-12 16:04:00,"1,0048153419477068",132869131,245
2023-06-12 16:05:00,"1,004575833942028",147250572,463
2023-06-12 16:06:00,"1,0044631706719698",168272285,984
2023-06-12 16:07:00,"1,0048672789721669",198084802,1955
2023-06-12 16:08:00,"1,005063341719605",232744314,2654
2023-06-12 16:09:00,"1,0047152645544053",269684443,3059
2023-06-12 16:10:00,"1,0041352616818373",301751081,2334
2023-06-12 16:11:00,"1,0038771182447206",330695875,1885
2023-06-12 16:12:00,"1,0039134724947258",345339429,475
2023-06-12 16:13:00,"1,004006469686682",338476246,106
2023-06-12 16:14:00,"1,003877520499282",330878650,125
2023-06-12 16:15:00,"1,003880984333709",332274162,4
2023-06-12 16:16:00,"1,0038735718728964",329293261,19
2023-06-12 16:17:00,"1,0035790643229896",321399641,132
2023-06-12 16:18:00,"1,003496468752404",310285933,272
2023-06-12 16:19:00,"1,0032538858915214",301158102,179
2023-06-12 16:20:00,"1,0031201352848074",290527833,6438
2023-06-12 16:21:00,"1,0030869270301253",278310423,331
2023-06-12 16:22:00,"1,0030584316848614",266863332,291
2023-06-12 16:23:00,"1,0027658340564547",259762477,107
2023-06-12 16:24:00,"1,00269109860289",251868138,137
2023-06-12 16:25:00,"1,0026136832368202",242836772,180
2023-06-12 16:26:00,"1,00204382264536",234782865,135
2023-06-12 16:27:00,"1,0006562480288563",229422522,49
2023-06-12 16:28:00,"0,9999911118540513",227601807,5
2023-06-12 16:29:00,"0,9999778930108812",222396401,60
2023-06-12 16:30:00,"0,9999481226167208",210476831,317
2023-06-12 16:31:00,"0,9999191378920931",198873025,301
2023-06-12 16:32:00,"0,9997863332402723",189756740,184
2023-06-12 16:33:00,"0,9992259215458672",185537339,36
2023-06-12 16:34:00,"0,999383811828907",182736683,18
2023-06-12 16:35:00,"0,9995403796147706",179374629,26
2023-06-12 16:36:00,"0,9995300029556848",175228016,38
2023-06-12 16:37:00,"0,9996212957448672",167722972,127
2023-06-12 16:38:00,"0,9998279585238464",162366695,65
2023-06-12 16:39:00,"0,9983932635648664",160182125,6
2023-06-12 16:40:00,"0,9991929397796653",158898612,5710
2023-06-12 16:41:00,"0,9991604037376366",159415172,0
2023-06-12 16:42:00,"0,9991708455624425",163591655,39
2023-06-12 16:43:00,"0,9983049688514906",169104354,75
2023-06-12 16:44:00,"0,9981552025922704",175354735,89
2023-06-12 16:45:00,"0,9979049933649032",185254051,224
2023-06-12 16:46:00,"0,9972754030382797",197344006,342
2023-06-12 16:47:00,"0,997302639545252",208306377,270
2023-06-12 16:48:00,"0,9973224480072516",216216188,140
2023-06-12 16:49:00,"0,9973240822396153",216868897,0
2023-06-12 16:50:00,"0,9971371660064577",208095567,170
2023-06-12 16:51:00,"0,9969494225404938",199024847,182
2023-06-12 16:52:00,"0,9969222989962696",188204557,263
2023-06-12 16:53:00,"0,9972480285786085",186456629,7
2023-06-12 16:54:00,"0,9972648393414631",193190006,102
2023-06-12 16:55:00,"0,9973106206174557",211469018,751
2023-06-12 16:56:00,"0,9981512504058208",239584151,1733
2023-06-12 16:57:00,"0,9968186373768829",278146163,3470
2023-06-12 16:58:00,"1,000871217018192",312803109,2335
2023-06-12 16:59:00,"1,0002237831752647",342825866,2077
2023-06-12 17:00:00,"0,999698333324447",374723679,5
2023-06-12 17:01:00,"1,0004280243958934",402674229,1683
2023-06-12 17:02:00,"1,0023712283183892",431819399,1695
2023-06-12 17:03:00,"1,0025758112190215",470559250,3321
2023-06-12 17:04:00,"1,0021727259382571",507283853,3079
2023-06-12 17:05:00,"1,0004348672737997",537063380,2237
2023-06-12 17:06:00,"1,000960466883566",550145243,350
2023-06-12 17:07:00,"1,0018634244014228",537437150,419
2023-06-12 17:08:00,"1,0008912861162782",522229858,450
2023-06-12 17:09:00,"1,0003831125157878",516916503,51
2023-06-12 17:10:00,"1,000028018924915",506796241,213
2023-06-12 17:11:00,"0,999992030935466",492390096,463
2023-06-12 17:12:00,"0,9996412509233868",483962650,146
2023-06-12 17:13:00,"0,9985847498095036",456867617,1530
2023-06-12 17:14:00,"0,9982445357984228",408900218,5117
2023-06-12 17:15:00,"0,9975134501961539",358302823,5642
2023-06-12 17:16:00,"0,9965602397830323",306940473,5807
2023-06-12 17:17:00,"0,9964646762444792",268937256,3253
2023-06-12 17:18:00,"0,9961318671402797",245841788,1187
2023-06-12 17:19:00,"0,9962682676019404",234441462,296
2023-06-12 17:20:00,"0,9966840878897264",224096424,9377
2023-06-12 17:21:00,"0,9967076043499747",212245963,317
2023-06-12 17:22:00,"0,9969643391141506",204945343,123
2023-06-12 17:23:00,"0,9968383375322803",198585018,89
2023-06-12 17:24:00,"0,9962836534642308",196656721,6
2023-06-12 17:25:00,"0,9957410207119852",199592694,22
2023-06-12 17:26:00,"0,9956424724280664",204205714,48
2023-06-12 17:27:00,"0,9965953820073123",211173218,97
2023-06-12 17:28:00,"0,9973171505628675",213974772,13
2023-06-12 17:29:00,"0,9968206986783218",213420290,0
2023-06-12 17:30:00,"0,9958819482553688",211819660,3
2023-06-12 17:31:00,"0,9956628351468199",212315816,0
2023-06-12 17:32:00,"0,9956578755474506",210348411,8
2023-06-12 17:33:00,"0,9956500562012583",207231296,21
2023-06-12 17:34:00,"0,9953509108594067",197614073,203
2023-06-12 17:35:00,"0,9954779736519728",182494857,520
2023-06-12 17:36:00,"0,9955487984080067",166869202,554
2023-06-12 17:37:00,"0,9955198576958408",155338820,300
2023-06-12 17:38:00,"0,995059578258032",147273442,142
2023-06-12 17:39:00,"0,9948227818232989",140629512,97
2023-06-12 17:40:00,"0,9950236957917972",133021225,5
2023-06-12 17:41:00,"0,9953886483674179",124942992,151
2023-06-12 17:42:00,"0,9954247508556776",117444381,127
2023-06-12 17:43:00,"0,9954026038397124",108622229,175
2023-06-12 17:44:00,"0,9953835697116628",101040080,129
2023-06-12 17:45:00,"0,9953658142214382",93967612,113
2023-06-12 17:46:00,"0,9953548565259792",89603111,43
2023-06-12 17:47:00,"0,9953456826493603",85949175,30
2023-06-12 17:48:00,"0,9953406205441694",83933002,9
2023-06-12 17:49:00,"0,9953361145962768",82138349,7
2023-06-12 17:50:00,"0,995773222340712",80911607,3
2023-06-12 17:51:00,"0,9959977192061811",82702995,6
2023-06-12 17:52:00,"0,996330037113244",83558780,1
2023-06-12 17:53:00,"0,9966575995427358",82554474,2
2023-06-12 17:54:00,"0,9966498389895064",79481294,21
2023-06-12 17:55:00,"0,9954351142312174",77460859,7
2023-06-12 17:56:00,"0,99532503635772",77723693,0
2023-06-12 17:57:00,"0,9953317635772961",80405413,16
2023-06-12 17:58:00,"0,9953388855200339",83241956,18
2023-06-12 17:59:00,"0,9953409369444008",84059028,1
2023-06-12 18:00:00,"0,9953426683448322",84748607,4
2023-06-12 18:01:00,"0,9957821494847608",84468727,0
2023-06-12 18:02:00,"0,9961701930663968",85657894,2
2023-06-12 18:03:00,"0,9969935667953045",84787944,2
2023-06-12 18:04:00,"0,9972523263764016",78397946,93
2023-06-12 18:05:00,"0,9975548704697133",67397838,274
2023-06-12 18:06:00,"0,9975840160940505",57096962,239
2023-06-12 18:07:00,"0,9975617598074876",48214596,177
2023-06-12 18:08:00,"0,9975510507892312",43940687,41
2023-06-12 18:09:00,"0,9972125522616365",40597428,24
2023-06-12 18:10:00,"0,9968751589073552",37695227,18
2023-06-12 18:11:00,"0,9968633790395875",33019054,49
2023-06-12 18:12:00,"0,9967412762010717",28198959,52
2023-06-12 18:13:00,"0,9962364191193585",24311492,33
2023-06-12 18:14:00,"0,9961695143991152",19620424,49
2023-06-12 18:15:00,"0,996107701122169",16910447,16
2023-06-12 18:16:00,"0,995834565369988",17687704,1
2023-06-12 18:17:00,"0,9957828068425155",18998491,3
2023-06-12 18:18:00,"0,995505696014752",18191883,1
2023-06-12 18:19:00,"0,9949570914719345",18823037,0
2023-06-12 18:20:00,"0,9945268368977382",22795995,31422
2023-06-12 18:21:00,"0,9953016791200576",24495739,18
2023-06-12 18:22:00,"0,9961885986963624",27071345,14
2023-06-12 18:23:00,"0,9966269870882034",26485327,0
2023-06-12 18:24:00,"0,9974989048827688",22975631,28
2023-06-12 18:25:00,"0,999306428317352",19133865,34
2023-06-12 18:26:00,"0,9994579263432499",14375897,50
2023-06-12 18:27:00,"0,999724468199507",10909694,27
2023-06-12 18:28:00,"0,9997741325488174",8784944,10
2023-06-12 18:29:00,"0,9997755892009687",9368110,0
2023-06-12 18:30:00,"0,9997714584504067",7716116,6
2023-06-12 18:31:00,"0,9997695247722744",6942800,1
2023-06-12 18:32:00,"1,0003144333147875",4740667,10
2023-06-12 18:33:00,"1,001089005513472",6384828,5
2023-06-12 18:34:00,"1,0014201006279533",6838598,0
2023-06-12 18:35:00,"1,0014271592174016",9687919,18
2023-06-12 18:36:00,"0,9995029829820608",9659926,0
2023-06-12 18:37:00,"0,9987768418327294",5988753,30
2023-06-12 18:38:00,"0,9987797949614344",7271433,3
2023-06-12 18:39:00,"0,9993843321667379",6879669,0
2023-06-12 18:40:00,"1,0002185290997565",6255423,118633
2023-06-12 18:41:00,"1,0004297856438713",6922840,23
2023-06-12 18:42:00,"1,0004243839761124",4769970,10
2023-06-12 18:43:00,"1,0000391685507566",4718398,0
2023-06-12 18:44:00,"0,9997613279203139",3649605,2
2023-06-12 18:45:00,"0,999759675922192",3004100,0
2023-06-12 18:46:00,"1,0002003468463387",3139088,0
2023-06-12 18:47:00,"1,000415524120145",1214815,8
2023-06-12 18:48:00,"1,000412464131016",-11,3
2023-06-12 18:49:00,"0,9993125888369667",-10,0
2023-06-12 18:50:00,"0,9989818285827565",-10,0
2023-06-12 18:51:00,"0,9989267602565933",-10,0
2023-06-12 18:52:00,"0,9994220768676986",-10,0
2023-06-12 18:53:00,"0,9996421579118365",-10,0
2023-06-12 18:54:00,"0,999532049971154",-10,0
2023-06-12 18:55:00,"0,9994220197888946",-10,0
2023-06-12 18:56:00,"0,9994220137320736",-10,0
2023-06-12 18:57:00,"0,9994220137321289",-10,0
2023-06-12 18:58:00,"0,9999724352988736",-10,0
2023-06-12 18:59:00,"1,0000822604125696",-11,0
2023-06-12 19:00:00,"1,0000954575613763",97711,818
2023-06-12 19:01:00,"1,0000822544695196",-11,0
2023-06-12 19:02:00,"1,0010733742110864",-11,0
2023-06-12 19:03:00,"1,0017334012742043",-11,0
2023-06-12 19:04:00,"1,0017331838332548",-11,0
2023-06-12 19:05:00,"1,0017331838332313",-11,0
2023-06-12 19:06:00,"1,0017331838332313",-11,0
2023-06-12 19:07:00,"1,0017331838332313",-11,0
2023-06-12 19:08:00,"1,0016230405056366",-11,0
2023-06-12 19:09:00,"1,0014029982765584",-11,0
2023-06-12 19:10:00,"1,001402974101185",-11,0
2023-06-12 19:11:00,"1,0014029741011847",-11,0
2023-06-12 19:12:00,"1,0017882133879128",-11,0
2023-06-12 19:13:00,"1,0030545837482514",-11,0
2023-06-12 19:14:00,"1,0030537843431568",-11,0
2023-06-12 19:15:00,"1,0025587111900125",-11,0
2023-06-12 19:16:00,"1,0027237073949813",-11,0
2023-06-12 19:17:00,"1,0027236938200814",-11,0
2023-06-12 19:18:00,"1,0027786508085137",-11,0
2023-06-12 19:19:00,"1,0034942794196873",-11,0
2023-06-12 19:20:00,"1,003860445094416",725647,16534
2023-06-12 19:21:00,"1,004374635686246",-11,7
2023-06-12 19:22:00,"1,0043745040617438",-11,0
2023-06-12 19:23:00,"1,0050351406529394",-11,0
2023-06-12 19:24:00,"1,0050349235258518",-11,0
2023-06-12 19:25:00,"1,005310096226134",-11,0
2023-06-12 19:26:00,"1,005365015548604",-11,0
2023-06-12 19:27:00,"1,006025650424885",-11,0
2023-06-12 19:28:00,"1,0063555781178533",-11,0
2023-06-12 19:29:00,"1,0060254876662311",-11,0
2023-06-12 19:30:00,"1,00602543351268",-11,0
2023-06-12 19:31:00,"1,0070714422078633",-11,0
2023-06-12 19:32:00,"1,0060258576529206",-11,0
2023-06-12 19:33:00,"1,006025314303536",-11,0
2023-06-12 19:34:00,"1,0068511773379147",-11,0
2023-06-12 19:35:00,"1,0070158377523175",-11,0
2023-06-12 19:36:00,"1,0070158242902394",-11,0
2023-06-12 19:37:00,"1,0072360279186767",-11,0
2023-06-12 19:38:00,"1,0078414112298435",-11,0
2023-06-12 19:39:00,"1,0080063477710832",-11,0
2023-06-12 19:40:00,"1,0077106432251697",57795,109
2023-06-12 19:41:00,"1,0076762443414935",-11,0
2023-06-12 19:42:00,"1,0076762437543323",-11,0
2023-06-12 19:43:00,"1,0089978289796788",-11,0
2023-06-12 19:44:00,"1,0113526875938676",69911,169138664
2023-06-12 19:45:00,"1,011656429940087",3471,207065772
2023-06-12 19:46:00,"1,0125689130352968",31577,321213150
2023-06-12 19:47:00,"1,0132521391557678",17560,406573298
2023-06-12 19:48:00,"1,0136313770632654",5382,453940163
2023-06-12 19:49:00,"1,013631255929372",-11,453908184
2023-06-12 19:50:00,"1,0149980537758274",70128,624976694
2023-06-12 19:51:00,"1,0171207040550292",167514,890615248
2023-06-12 19:52:00,"1,0172682338266008",-11,908532892
2023-06-12 19:53:00,"1,0178735971054538",13480,984243487
2023-06-12 19:54:00,"1,0195378100286223",101561,1192549427
2023-06-12 19:55:00,"1,0154512544922163",-11,681408047
2023-06-12 19:56:00,"1,0063599607675309",990650,887632
2023-06-12 19:57:00,"0,9919330044061025",13987,12542
2023-06-12 19:58:00,"0,9918280895136435",-10,1
2023-06-12 19:59:00,"0,9918280839647293",-10,0
2023-06-12 20:00:00,"0,9921896266063331",-10,0
2023-06-12 20:01:00,"0,9933144858574617",-10,0
2023-06-12 20:02:00,"0,9930387521857422",-10,0
2023-06-12 20:03:00,"0,9914991292192686",-10,0
2023-06-12 20:04:00,"0,991497933838048",-10,0
2023-06-12 20:05:00,"0,991442920276508",-10,0
2023-06-12 20:06:00,"0,9914978757556835",-10,0
2023-06-12 20:07:00,"0,9914978742326825",-10,0
2023-06-12 20:08:00,"0,9914429202732026",-10,0
2023-06-12 20:09:00,"0,9911677622985694",-10,0
2023-06-12 20:10:00,"0,9911677241052816",-10,0
2023-06-12 20:11:00,"0,9911677241052808",-10,0
2023-06-12 20:12:00,"0,9913878685007081",-10,0
2023-06-12 20:13:00,"0,9918281220701664",-10,0
2023-06-12 20:14:00,"0,9918280243600893",-10,0
2023-06-12 20:15:00,"0,9918280243600844",-10,0
2023-06-12 20:16:00,"0,991993142968216",-10,0
2023-06-12 20:17:00,"0,9921582478296653",-10,0
2023-06-12 20:18:00,"0,9919381385599054",-10,0
2023-06-12 20:19:00,"0,9918280900699555",-10,0
2023-06-12 20:20:00,"0,9918958970650048",-10,0
2023-06-12 20:21:00,"0,9918280862828234",-10,0
2023-06-12 20:22:00,"0,9917730704035304",-10,0
2023-06-12 20:23:00,"0,9914979124132576",-10,0
2023-06-12 20:24:00,"0,9916629928390325",-10,0
2023-06-12 20:25:00,"0,992488727718754",-10,0
2023-06-12 20:26:00,"0,9930939133901912",-10,0
2023-06-12 20:27:00,"0,9941398042339038",-10,0
2023-06-12 20:28:00,"0,9941392540659838",-10,0
2023-06-12 20:29:00,"0,9941392540658311",-10,0
2023-06-12 20:30:00,"0,9943043130274728",-10,0
2023-06-12 20:31:00,"0,9944694178988426",-10,0
2023-06-12 20:32:00,"0,9944694041932333",-10,0
2023-06-12 20:33:00,"0,9946896081253509",-10,0
2023-06-12 20:34:00,"0,9947996200082206",-10,0
2023-06-12 20:35:00,"0,9947996139252798",-10,0
2023-06-12 20:36:00,"0,9963966890170627",-10,0
2023-06-12 20:37:00,"0,9971110399142669",-10,0
2023-06-12 20:38:00,"0,9971107840264147",-10,0
2023-06-12 20:39:00,"0,9971107840263821",-10,0
2023-06-12 20:40:00,"0,9964059252463906",-10,0
2023-06-12 20:41:00,"0,9961203149849988",-10,0
2023-06-12 20:42:00,"0,9963404183043877",-10,0
2023-06-12 20:43:00,"0,9964504898510304",-10,0
2023-06-12 20:44:00,"0,9964504837715784",-10,0
2023-06-12 20:45:00,"0,9964504837715784",-10,0
2023-06-12 20:46:00,"0,9964504837715784",-10,0
2023-06-12 20:47:00,"0,9964504837715784",-10,0
2023-06-12 20:48:00,"0,9973312929299888",-10,0
2023-06-12 20:49:00,"0,9974409401804659",-10,0
2023-06-12 20:50:00,"0,9968908158635701",-10,0
2023-06-12 20:51:00,"0,9967806399879446",-10,0
2023-06-12 20:52:00,"0,9966705502002072",-10,0
2023-06-12 20:53:00,"0,9961204259472272",-10,0
2023-06-12 20:54:00,"0,9962303102739117",-10,0
2023-06-12 20:55:00,"0,9971112327674467",-10,0
2023-06-12 20:56:00,"0,9974409886627496",-10,0
2023-06-12 20:57:00,"0,9973859801882339",-10,0
2023-06-12 20:58:00,"0,997110821992089",-10,0
2023-06-12 20:59:00,"0,9971107840263825",-10,0
2023-06-12 21:00:00,"0,9976596926611543",-10,0
2023-06-12 21:01:00,"0,995682057740195",-10,0
2023-06-12 21:02:00,"0,9880058940432052",-10,0
2023-06-12 21:03:00,"0,9911727833713245",-10,0
2023-06-12 21:04:00,"0,9916631003146305",-10,0
2023-06-12 21:05:00,"0,9997851553810532",-10,0
2023-06-12 21:06:00,"0,9997521644039232",-10,0
2023-06-12 21:07:00,"0,9997521638595864",-10,0
2023-06-12 21:08:00,"0,9997521638595864",-10,0
2023-06-12 21:09:00,"0,9997521638595309",-10,0
2023-06-12 21:10:00,"1,0008533097650816",-11,0
2023-06-12 21:11:00,"1,00140312503783",-11,0
2023-06-12 21:12:00,"1,001733238226315",-11,0
2023-06-12 21:13:00,"1,0015131476680603",-11,0
2023-06-12 21:14:00,"1,0004130689512698",-11,0
2023-06-12 21:15:00,"0,9997523821671248",-10,0
2023-06-12 21:16:00,"0,99975216385961",-10,0
2023-06-12 21:17:00,"0,9997521638595864",-10,0
2023-06-12 21:18:00,"1,0007431645230054",-11,0
2023-06-12 21:19:00,"1,0020641450539016",-11,0
2023-06-12 21:20:00,"1,0022273776100674",-11,0
2023-06-12 21:21:00,"1,0033846614691695",-11,0
2023-06-12 21:22:00,"1,0040445111535683",-11,0
2023-06-12 21:23:00,"1,0038242581444718",-11,0
2023-06-12 21:24:00,"1,0033840906218898",-11,0
2023-06-12 21:25:00,"1,0031639578791742",-11,0
2023-06-12 21:26:00,"1,0030537903928007",-11,0
2023-06-12 21:27:00,"1,00316393977369",-11,0
2023-06-12 21:28:00,"1,0035491728807593",-11,0
2023-06-12 21:29:00,"1,0040444164688205",-11,0
2023-06-12 21:30:00,"1,0051454375118347",-11,0
2023-06-12 21:31:00,"1,0051448344909724",-11,0
2023-06-12 21:32:00,"1,0048147981690556",-11,0
2023-06-12 21:33:00,"1,0048147439680355",-11,0
2023-06-12 21:34:00,"1,004704719818096",-11,0
2023-06-12 21:35:00,"1,004374558327652",-11,0
2023-06-12 21:36:00,"1,0043745040617365",-11,0
2023-06-12 21:37:00,"1,0040444677815703",-11,0
2023-06-12 21:38:00,"1,0037142581243927",-11,0
2023-06-12 21:39:00,"1,0032740604714454",-11,0
2023-06-12 21:40:00,"1,0030716150593468",-11,0
2023-06-12 21:41:00,"1,0030539037084962",-11,0
2023-06-12 21:42:00,"1,0031639397612533",-11,0
2023-06-12 21:43:00,"1,0037143547246967",-11,0
2023-06-12 21:44:00,"1,003714203806943",-11,0
2023-06-12 21:45:00,"1,0037142038069315",-11,0
2023-06-12 21:46:00,"1,003934288279115",-11,0
2023-06-12 21:47:00,"1,0042645281851286",-11,0
2023-06-12 21:48:00,"1,0043745100834025",-11,0
2023-06-12 21:49:00,"1,0043745040617356",-11,0
2023-06-12 21:50:00,"1,0045947077534745",-11,0
2023-06-12 21:51:00,"1,0054754299466988",-11,0
2023-06-12 21:52:00,"1,0056952478037595",-11,0
2023-06-12 21:53:00,"1,0058052599712963",-11,0
2023-06-12 21:54:00,"1,0056952297996715",-11,0
2023-06-12 21:55:00,"1,005695223780632",-11,0
2023-06-12 21:56:00,"1,005695223780632",-11,0
2023-06-12 21:57:00,"1,0059703964562117",-11,0
2023-06-12 21:58:00,"1,0060253158024244",-11,0
