,P,Q,mean voltage p.u.
2023-04-15 23:00:00,-338416,0,"0,9964977316374056"
2023-04-15 23:01:00,256,0,"0,9972631066705732"
2023-04-15 23:02:00,-3,0,"0,9972628129612272"
2023-04-15 23:03:00,-3,0,"0,9953571757176288"
2023-04-15 23:04:00,-3,0,"0,9946472022707156"
2023-04-15 23:05:00,-3,0,"0,9947559763531606"
2023-04-15 23:06:00,-3,0,"0,9936666488539408"
2023-04-15 23:07:00,-3,0,"0,9946474324398664"
2023-04-15 23:08:00,-676826,2,"0,9946426049608472"
2023-04-15 23:09:00,0,2,"0,9946469489174606"
2023-04-15 23:10:00,-3,0,"0,9941021092058173"
2023-04-15 23:11:00,-1014458,5,"0,993332819908407"
2023-04-15 23:12:00,-1692067,2,"0,9933281722406896"
2023-04-15 23:13:00,14,16,"0,9933390467165613"
2023-04-15 23:14:00,-3,0,"0,9936661055796508"
2023-04-15 23:15:00,-338527,0,"0,993990877354299"
2023-04-15 23:16:00,-676773,0,"0,9938251910094871"
2023-04-15 23:17:00,-1111,2,"0,9921960139774941"
2023-04-15 23:18:00,-3,0,"0,992031217124068"
2023-04-15 23:19:00,-1353719,10,"0,9920770049527834"
2023-04-15 23:20:00,-2707262,42,"0,992231710255275"
2023-04-15 23:21:00,-3,0,"0,9920312034359344"
2023-04-15 23:22:00,-3,0,"0,9920312034359344"
2023-04-15 23:23:00,-676827,2,"0,9920268480574596"
2023-04-15 23:24:00,-676827,2,"0,9922448327445476"
2023-04-15 23:25:00,-3,0,"0,9926851546266451"
2023-04-15 23:26:00,-3,0,"0,9930121005643232"
2023-04-15 23:27:00,-338416,0,"0,9939908242994935"
2023-04-15 23:28:00,-3,0,"0,9939929976926573"
2023-04-15 23:29:00,-3,0,"0,9944834759144195"
2023-04-15 23:30:00,-3,0,"0,9956279646421937"
2023-04-15 23:31:00,-1015237,5,"0,9959484032549695"
2023-04-15 23:32:00,-3,0,"0,9959549105798717"
2023-04-15 23:33:00,-3,0,"0,9959549105798717"
2023-04-15 23:34:00,-676827,2,"0,9955146029996531"
2023-04-15 23:35:00,-2030457,23,"0,9941979439786125"
2023-04-15 23:36:00,-3,0,"0,9944289651529846"
2023-04-15 23:37:00,-3,0,"0,9946469488832035"
2023-04-15 23:38:00,-338416,0,"0,9962796881174224"
2023-04-15 23:39:00,-3,0,"0,996717823977877"
2023-04-15 23:40:00,-3,0,"0,9962818565174394"
2023-04-15 23:41:00,-3,0,"0,9962272864407584"
2023-04-15 23:42:00,-1015237,5,"0,9951308551188336"
2023-04-15 23:43:00,-338416,0,"0,9947537393643479"
2023-04-15 23:44:00,-3,0,"0,9946469488832035"
2023-04-15 23:45:00,-3,0,"0,9951374271050208"
2023-04-15 23:46:00,-338416,0,"0,995952622837112"
2023-04-15 23:47:00,-2030457,23,"0,9959417773319954"
2023-04-15 23:48:00,-3,0,"0,9959547919492153"
2023-04-15 23:49:00,-3,0,"0,9959547919492153"
2023-04-15 23:50:00,-338416,0,"0,9969880329794624"
2023-04-15 23:51:00,-338416,0,"0,9978055182295192"
2023-04-15 23:52:00,-3,0,"0,9979167048364291"
2023-04-15 23:53:00,-3,0,"0,9972626943304723"
2023-04-15 23:54:00,-1353645,10,"0,996382086780256"
2023-04-15 23:55:00,-3,0,"0,9962818565174394"
2023-04-15 23:56:00,-3,0,"0,9969357483927949"
2023-04-15 23:57:00,-3,0,"0,9969357483927949"
2023-04-15 23:58:00,-1015237,5,"0,9969292474701072"
2023-04-15 23:59:00,-676827,2,"0,996931414441052"
2023-04-16 00:00:00,-3,0,"0,9969357483927949"
2023-04-16 00:01:00,-3,0,"0,9969357483927949"
2023-04-16 00:02:00,-676827,2,"0,996931414441052"
2023-04-16 00:03:00,-3,0,"0,996663253901196"
2023-04-16 00:04:00,-3,0,"0,9964997809323571"
2023-04-16 00:05:00,-3,0,"0,9961182649181092"
2023-04-16 00:06:00,-3384063,66,"0,9941347997902957"
2023-04-16 00:07:00,-3,0,"0,993339046502001"
2023-04-16 00:08:00,-3,0,"0,9944834165990637"
2023-04-16 00:09:00,-1015237,5,"0,9955123143133631"
2023-04-16 00:10:00,-338416,0,"0,9956256761871389"
2023-04-16 00:11:00,-3,0,"0,9956278460115376"
2023-04-16 00:12:00,-3,0,"0,9953553515199939"
2023-04-16 00:13:00,-676827,2,"0,9952965590033912"
2023-04-16 00:14:00,-3,0,"0,9959547919492153"
2023-04-16 00:15:00,-3,0,"0,9959547919492153"
2023-04-16 00:16:00,-2707263,42,"0,9959374391585872"
2023-04-16 00:17:00,-2707263,42,"0,9959374391585872"
2023-04-16 00:18:00,-3,0,"0,9959547919492153"
2023-04-16 00:19:00,-3,0,"0,9959547919492153"
2023-04-16 00:20:00,-3,0,"0,9961184452455082"
2023-04-16 00:21:00,-3,0,"0,9985736149507618"
2023-04-16 00:22:00,-3,0,"0,9992248194158838"
2023-04-16 00:23:00,-3,0,"0,9992246072177642"
2023-04-16 00:24:00,-3,0,"0,9990065879621636"
2023-04-16 00:25:00,-676753,2,"0,9988932236329952"
2023-04-16 00:26:00,-1015243,0,"0,9988910544267384"
2023-04-16 00:27:00,2,5,"0,9988975427255504"
2023-04-16 00:28:00,-3,0,"0,9988430926875037"
2023-04-16 00:29:00,-3,0,"0,9983527926922328"
2023-04-16 00:30:00,-338268,0,"0,9979146361776264"
2023-04-16 00:31:00,-2,0,"0,997916704844797"
2023-04-16 00:32:00,-3,0,"0,9975898124572656"
2023-04-16 00:33:00,-3,0,"0,9969359628094795"
2023-04-16 00:34:00,-3,0,"0,9970992347292698"
2023-04-16 00:35:00,-3,0,"0,99813516683176"
2023-04-16 00:36:00,-338637,0,"0,9987865705875872"
2023-04-16 00:37:00,-338416,0,"0,998895385846145"
2023-04-16 00:38:00,-2,0,"0,9988975426578915"
2023-04-16 00:39:00,-3,0,"0,9988975426494624"
2023-04-16 00:40:00,-337784,0,"0,9987880838701652"
2023-04-16 00:41:00,144,0,"0,9992245839334188"
2023-04-16 00:42:00,-3,0,"0,9995516066514475"
2023-04-16 00:43:00,-338416,0,"0,999549391848698"
2023-04-16 00:44:00,-1691468,10,"0,9991048732558432"
2023-04-16 00:45:00,-907,16,"0,998570739717489"
2023-04-16 00:46:00,-3,0,"0,9985705967119054"
2023-04-16 00:47:00,-3,0,"0,9982437042974368"
2023-04-16 00:48:00,-3,0,"0,9965013042422003"
2023-04-16 00:49:00,-3,0,"0,995628228815547"
2023-04-16 00:50:00,-3,0,"0,9958459128490604"
2023-04-16 00:51:00,-677197,2,"0,9963865697629704"
2023-04-16 00:52:00,332,2,"0,9968814197926568"
2023-04-16 00:53:00,-3,0,"0,9969357498732099"
2023-04-16 00:54:00,-338490,0,"0,9971516483047911"
2023-04-16 00:55:00,-338416,0,"0,9972606526429162"
2023-04-16 00:56:00,-2,0,"0,9972628129695443"
2023-04-16 00:57:00,-3,0,"0,9972628129610739"
2023-04-16 00:58:00,-1692606,16,"0,9975789811939043"
2023-04-16 00:59:00,569,16,"0,9979167621569048"
2023-04-16 01:00:00,8035,10,"0,997933892159236"
2023-04-16 01:01:00,-338334,0,"0,9976966433074604"
2023-04-16 01:02:00,-338416,0,"0,997260741951472"
2023-04-16 01:03:00,-2,0,"0,9972628129693549"
2023-04-16 01:04:00,-3,0,"0,9972628129610736"
2023-04-16 01:05:00,-1015237,5,"0,9972563141704321"
2023-04-16 01:06:00,2,5,"0,9972628130374249"
2023-04-16 01:07:00,-3,0,"0,997262812961184"
2023-04-16 01:08:00,-3,0,"0,9982987583567912"
2023-04-16 01:09:00,-2708000,42,"0,9985533216752378"
2023-04-16 01:10:00,-1285,42,"0,9980802902907066"
2023-04-16 01:11:00,-5,0,"0,9963921894121964"
2023-04-16 01:12:00,-3,0,"0,9962818626262621"
2023-04-16 01:13:00,-676827,2,"0,9962775197213308"
2023-04-16 01:14:00,926,2,"0,9976451477806285"
2023-04-16 01:15:00,-3,0,"0,9979167417950787"
2023-04-16 01:16:00,-1353645,10,"0,9979080454690131"
2023-04-16 01:17:00,-4061508,42,"0,9981086763347596"
2023-04-16 01:18:00,-674907,65,"0,9986754532604296"
2023-04-16 01:19:00,589,2,"0,9995519374642656"
2023-04-16 01:20:00,-3,0,"0,999558047773142"
2023-04-16 01:21:00,-3,0,"0,999115683624718"
2023-04-16 01:22:00,-3,0,"0,998352963647766"
2023-04-16 01:23:00,-3,0,"0,998243656758616"
2023-04-16 01:24:00,-3,0,"0,9983526782495157"
2023-04-16 01:25:00,-1692421,16,"0,9985598010209727"
2023-04-16 01:26:00,-2030501,0,"0,9986120694103073"
2023-04-16 01:27:00,-2030483,0,"0,9988846032477892"
2023-04-16 01:28:00,22,23,"0,9988975429528992"
2023-04-16 01:29:00,-3,0,"0,9986796420064536"
2023-04-16 01:30:00,-3,0,"0,9985706026650832"
2023-04-16 01:31:00,-1015347,5,"0,9986731339058874"
2023-04-16 01:32:00,557,5,"0,9992247595362042"
2023-04-16 01:33:00,-3,0,"0,9992246072177536"
2023-04-16 01:34:00,-3,0,"0,9992246072177416"
2023-04-16 01:35:00,-2707263,41,"0,9992073112108819"
2023-04-16 01:36:00,43,41,"0,9992246077576125"
2023-04-16 01:37:00,-3,0,"0,9992246072177418"
2023-04-16 01:38:00,-1353202,10,"0,9988890667349511"
2023-04-16 01:39:00,-4059144,42,"0,9982179061608216"
2023-04-16 01:40:00,-2704163,41,"0,9983904889932238"
2023-04-16 01:41:00,484,41,"0,9985706133477135"
2023-04-16 01:42:00,-3,0,"0,9985705967117853"
2023-04-16 01:43:00,-676827,2,"0,998566269855513"
2023-04-16 01:44:00,-338416,0,"0,9985684332817673"
2023-04-16 01:45:00,274,0,"0,9993884165847907"
2023-04-16 01:46:00,-3,0,"0,9994425330978856"
2023-04-16 01:47:00,-1014683,5,"0,9988912066224408"
2023-04-16 01:48:00,-676829,0,"0,9988932171837315"
2023-04-16 01:49:00,0,2,"0,99889754268323"
2023-04-16 01:50:00,-3,0,"0,9988975426494624"
2023-04-16 01:51:00,-338416,0,"0,998895379927549"
2023-04-16 01:52:00,-676829,0,"0,99889321718418"
2023-04-16 01:53:00,0,2,"0,9988975426833405"
2023-04-16 01:54:00,-3,0,"0,9988975426495728"
2023-04-16 01:55:00,-1353645,10,"0,9988888917844752"
2023-04-16 01:56:00,8,10,"0,9988975427845329"
2023-04-16 01:57:00,-3,0,"0,9988975426495728"
2023-04-16 01:58:00,-3,0,"0,9981349205909632"
2023-04-16 01:59:00,-1352019,10,"0,9969278112687121"
2023-04-16 02:00:00,-3,0,"0,9969376748349672"
2023-04-16 02:01:00,-3,0,"0,996935748394656"
2023-04-16 02:02:00,-676827,2,"0,9969314144410515"
2023-04-16 02:03:00,184,2,"0,997208281344"
2023-04-16 02:04:00,-3,0,"0,9975898318650154"
2023-04-16 02:05:00,-3,0,"0,9975897588988644"
2023-04-16 02:06:00,-338397,0,"0,9975331433817299"
2023-04-16 02:07:00,-187,0,"0,9969904661694842"
2023-04-16 02:08:00,-3,0,"0,9969357498943312"
2023-04-16 02:09:00,-1353645,10,"0,9969270805045575"
2023-04-16 02:10:00,8,10,"0,996935748528664"
2023-04-16 02:11:00,-3,0,"0,9973719298615754"
2023-04-16 02:12:00,-3,0,"0,9975897826861208"
2023-04-16 02:13:00,-1353645,10,"0,997581096693145"
2023-04-16 02:14:00,-676827,2,"0,9975854277882968"
2023-04-16 02:15:00,0,2,"0,9975897589327619"
2023-04-16 02:16:00,-3,0,"0,9970449187808702"
2023-04-16 02:17:00,-3,0,"0,9970992228403884"
2023-04-16 02:18:00,-2032122,23,"0,9979040402671449"
2023-04-16 02:19:00,-2030483,0,"0,9979037155010355"
2023-04-16 02:20:00,-676901,2,"0,9980214026170051"
2023-04-16 02:21:00,221,2,"0,9983527272999376"
2023-04-16 02:22:00,-3,0,"0,9988976913063335"
2023-04-16 02:23:00,-3,0,"0,9988975426494737"
2023-04-16 02:24:00,-3384063,65,"0,9988759155980109"
2023-04-16 02:25:00,1547,65,"0,9993336155347875"
2023-04-16 02:26:00,-4,0,"0,9995515769196589"
2023-04-16 02:27:00,-3,0,"0,9995515531554195"
2023-04-16 02:28:00,-2030457,23,"0,9995385853692915"
2023-04-16 02:29:00,22,23,"0,9995515534588448"
2023-04-16 02:30:00,-3,0,"0,9995515531554195"
2023-04-16 02:31:00,-3,0,"0,9995515531554195"
2023-04-16 02:32:00,-2707263,41,"0,9995342628058771"
2023-04-16 02:33:00,-4060656,10,"0,9993075936046387"
2023-04-16 02:34:00,-2032445,23,"0,9983401575964129"
2023-04-16 02:35:00,-1086,23,"0,9978078255340462"
2023-04-16 02:36:00,-3,0,"0,9975897827275173"
2023-04-16 02:37:00,-3,0,"0,997589758898752"
2023-04-16 02:38:00,-1691774,16,"0,9974153529641779"
2023-04-16 02:39:00,-338626,10,"0,9972606587814905"
2023-04-16 02:40:00,-3881,94,"0,9972632707544744"
2023-04-16 02:41:00,-3,0,"0,99726281296118"
2023-04-16 02:42:00,-1353645,10,"0,9972541479154342"
2023-04-16 02:43:00,-1015243,0,"0,9972563141026743"
2023-04-16 02:44:00,335,5,"0,9975898146997446"
2023-04-16 02:45:00,-3,0,"0,9979167583940938"
2023-04-16 02:46:00,-1354014,10,"0,9981805771502527"
2023-04-16 02:47:00,81,10,"0,9982436528647575"
2023-04-16 02:48:00,-3,0,"0,9980801911908252"
2023-04-16 02:49:00,-3,0,"0,997916718226029"
2023-04-16 02:50:00,-1353645,10,"0,9979080454686977"
2023-04-16 02:51:00,-338410,5,"0,9979145400565462"
2023-04-16 02:52:00,-21,0,"0,9978622547663824"
2023-04-16 02:53:00,-3,0,"0,9975897961052888"
2023-04-16 02:54:00,-338416,0,"0,9975875933417184"
2023-04-16 02:55:00,-95,0,"0,9973173010406104"
2023-04-16 02:56:00,-3,0,"0,9970992452050811"
2023-04-16 02:57:00,-338360,0,"0,9969335951749536"
2023-04-16 02:58:00,-338416,0,"0,9969335814066504"
2023-04-16 02:59:00,-280,0,"0,9961185983170439"
2023-04-16 03:00:00,-1321,10,"0,9959552668891016"
2023-04-16 03:01:00,-2708594,42,"0,9964280972719309"
2023-04-16 03:02:00,-1352977,10,"0,9969272054057312"
2023-04-16 03:03:00,7,10,"0,9969357485274888"
2023-04-16 03:04:00,-3,0,"0,9961186000847597"
2023-04-16 03:05:00,-3,0,"0,9958458077895427"
2023-04-16 03:06:00,-3,0,"0,9953010491554372"
2023-04-16 03:07:00,-3,0,"0,9948650281612708"
2023-04-16 03:08:00,-3,0,"0,9946469727852256"
2023-04-16 03:09:00,-1353941,10,"0,9948562686607635"
2023-04-16 03:10:00,601,10,"0,9953009995325409"
2023-04-16 03:11:00,-3,0,"0,9953009000739198"
2023-04-16 03:12:00,-676827,2,"0,9952965590033908"
2023-04-16 03:13:00,0,2,"0,9953009001079944"
2023-04-16 03:14:00,-3,0,"0,994974007835409"
2023-04-16 03:15:00,-3,0,"0,9942657444492424"
2023-04-16 03:16:00,-1352828,10,"0,9936575414426394"
2023-04-16 03:17:00,-881,10,"0,993012310289724"
2023-04-16 03:18:00,-3,0,"0,9927941408057488"
2023-04-16 03:19:00,-338267,0,"0,9923560690900652"
2023-04-16 03:20:00,-11847,23,"0,9920484830746759"
2023-04-16 03:21:00,-7,0,"0,991704317218811"
2023-04-16 03:22:00,-3,0,"0,9917042574983133"
2023-04-16 03:23:00,-1015906,5,"0,9923518297327888"
2023-04-16 03:24:00,-338414,2,"0,9923559724249535"
2023-04-16 03:25:00,34,0,"0,9924671771328237"
2023-04-16 03:26:00,-3,0,"0,9934485527495232"
2023-04-16 03:27:00,-3,0,"0,9936660755638708"
2023-04-16 03:28:00,-3,0,"0,9923046318795814"
2023-04-16 03:29:00,-3,0,"0,9917588591159414"
2023-04-16 03:30:00,-3,0,"0,9917041996892784"
2023-04-16 03:31:00,-2707262,42,"0,9916867710167766"
2023-04-16 03:32:00,-4060952,10,"0,9916780564185576"
2023-04-16 03:33:00,-1351373,42,"0,9925132675873005"
2023-04-16 03:34:00,676,10,"0,9930122260192265"
2023-04-16 03:35:00,-4,0,"0,9939934820336604"
2023-04-16 03:36:00,-3,0,"0,9939929976927752"
2023-04-16 03:37:00,-3,0,"0,993775037864417"
2023-04-16 03:38:00,-3,0,"0,9930123934240258"
2023-04-16 03:39:00,-3,0,"0,992903144367197"
2023-04-16 03:40:00,-1656,0,"0,9923701996887271"
2023-04-16 03:41:00,-3,0,"0,9923581494467753"
2023-04-16 03:42:00,-3,0,"0,9920312572944142"
2023-04-16 03:43:00,-676827,2,"0,9920268480576973"
2023-04-16 03:44:00,0,2,"0,9920312034704624"
2023-04-16 03:45:00,-3,0,"0,9921401716275112"
2023-04-16 03:46:00,-3,0,"0,9923581733190222"
2023-04-16 03:47:00,-3,0,"0,9925761570400353"
2023-04-16 03:48:00,-3,0,"0,9930121962983612"
2023-04-16 03:49:00,-3,0,"0,9930121005642732"
2023-04-16 03:50:00,-3384248,66,"0,9930447982735746"
2023-04-16 03:51:00,-676782,42,"0,9930622016882816"
2023-04-16 03:52:00,185,2,"0,9933390851160442"
2023-04-16 03:53:00,-3,0,"0,993121086698024"
2023-04-16 03:54:00,-675714,2,"0,9914832095143011"
2023-04-16 03:55:00,-1015335,0,"0,9917522104969138"
2023-04-16 03:56:00,282,6,"0,9920311834023411"
2023-04-16 03:57:00,-3,0,"0,9920311441206893"
2023-04-16 03:58:00,-3,0,"0,9920311441206336"
2023-04-16 03:59:00,-2030233,23,"0,9919090624968714"
2023-04-16 04:00:00,-673614,2,"0,9913841396841924"
2023-04-16 04:01:00,-230,2,"0,9910503032436101"
2023-04-16 04:02:00,-3,0,"0,991050246992356"
2023-04-16 04:03:00,-676752,2,"0,99093687177663"
2023-04-16 04:04:00,-676828,0,"0,9895754419444464"
2023-04-16 04:05:00,-856,2,"0,9883262694791763"
2023-04-16 04:06:00,-1014676,6,"0,9877741434646845"
2023-04-16 04:07:00,-6091274,151,"0,9877411829641825"
2023-04-16 04:08:00,-6091444,0,"0,9877411809942696"
2023-04-16 04:09:00,-2368806,81,"0,9877652416276389"
2023-04-16 04:10:00,33,32,"0,987780550782137"
2023-04-16 04:11:00,-3,0,"0,9877805503543187"
2023-04-16 04:12:00,-3,0,"0,9877805503543733"
2023-04-16 04:13:00,-3,0,"0,9858206450235577"
2023-04-16 04:14:00,-3,0,"0,9853828265861917"
2023-04-16 04:15:00,3045609,54,"0,9853479517087501"
2023-04-16 04:16:00,6099068,53,"0,9878230165587046"
2023-04-16 04:17:00,6091433,0,"0,9881469013108096"
2023-04-16 04:18:00,10160553,95,"0,9901367451160914"
2023-04-16 04:19:00,10152382,0,"0,9911161203169222"
2023-04-16 04:20:00,18252053,2011,"0,9911686693971552"
2023-04-16 04:21:00,18274323,0,"0,9911679392768605"
2023-04-16 04:22:00,18274323,0,"0,9910589366921048"
2023-04-16 04:23:00,19289006,6,"0,9905207536572664"
2023-04-16 04:24:00,20304810,6,"0,9905271489772416"
2023-04-16 04:25:00,28427157,384,"0,9905794815656844"
2023-04-16 04:26:00,28426720,0,"0,9910699262251171"
2023-04-16 04:27:00,32489798,94,"0,9915864630575798"
2023-04-16 04:28:00,34517523,24,"0,991272571687956"
2023-04-16 04:29:00,35532729,6,"0,990625468335403"
2023-04-16 04:30:00,40609780,150,"0,9906579555235073"
2023-04-16 04:31:00,40609609,0,"0,9909848671585043"
2023-04-16 04:32:00,42641439,22,"0,9916518814115"
2023-04-16 04:33:00,46701161,95,"0,991677786443952"
2023-04-16 04:34:00,48054267,11,"0,9913597013500365"
2023-04-16 04:35:00,50760261,44,"0,9907235424368792"
2023-04-16 04:36:00,52792522,24,"0,9907364134444874"
2023-04-16 04:37:00,56853561,96,"0,9907625636839701"
2023-04-16 04:38:00,56853454,0,"0,9907625624394333"
2023-04-16 04:39:00,59560804,42,"0,9907799947658845"
2023-04-16 04:40:00,60758175,21528,"0,9903564513556424"
2023-04-16 04:41:00,67000541,254,"0,9895210091169786"
2023-04-16 04:42:00,67005854,0,"0,989520654224049"
2023-04-16 04:43:00,68359522,10,"0,9895293802718542"
2023-04-16 04:44:00,71067310,42,"0,9897102455134829"
2023-04-16 04:45:00,76495435,147,"0,9923631759055696"
2023-04-16 04:46:00,79189219,41,"0,992540433597632"
2023-04-16 04:47:00,79188721,0,"0,9930307653829219"
2023-04-16 04:48:00,84272447,135,"0,9945348995230531"
2023-04-16 04:49:00,85278109,10,"0,9927445546983344"
2023-04-16 04:50:00,85280193,0,"0,992579571172551"
2023-04-16 04:51:00,88325964,53,"0,9925991264457218"
2023-04-16 04:52:00,91371178,54,"0,9924553276493812"
2023-04-16 04:53:00,91371559,0,"0,9916387126420432"
2023-04-16 04:54:00,94755838,66,"0,9916601389218708"
2023-04-16 04:55:00,95432993,1,"0,9923182553280104"
2023-04-16 04:56:00,100508961,149,"0,9923506571164861"
2023-04-16 04:57:00,101523820,6,"0,9921393605921107"
2023-04-16 04:58:00,108288109,276,"0,9915295305733864"
2023-04-16 04:59:00,109644864,13,"0,9907759012671299"
2023-04-16 05:00:00,113577852,77864,"0,9908030935081165"
2023-04-16 05:01:00,117767993,102,"0,9908278756295053"
2023-04-16 05:02:00,125890222,383,"0,9908801313021524"
2023-04-16 05:03:00,126905037,5,"0,9908866573484936"
2023-04-16 05:04:00,131977145,162,"0,9901028985591103"
2023-04-16 05:05:00,137386457,200,"0,9884509762613702"
2023-04-16 05:06:00,140102000,47,"0,9880315704527186"
2023-04-16 05:07:00,148230817,368,"0,98873744121422"
2023-04-16 05:08:00,149579176,9,"0,9890725944943426"
2023-04-16 05:09:00,156347330,267,"0,9891161459373614"
2023-04-16 05:10:00,156347021,0,"0,9888440221196944"
2023-04-16 05:11:00,161760922,174,"0,9887155832356824"
2023-04-16 05:12:00,164467451,48,"0,9881888149520401"
2023-04-16 05:13:00,167176330,42,"0,9882061298704888"
2023-04-16 05:14:00,169545679,30,"0,9884391719758995"
2023-04-16 05:15:00,174624245,139,"0,9890162817671546"
2023-04-16 05:16:00,176652899,19,"0,9895737106976376"
2023-04-16 05:17:00,180712882,96,"0,9895996967042051"
2023-04-16 05:18:00,180712775,0,"0,9895996954628696"
2023-04-16 05:19:00,184099646,55,"0,9904382810913748"
2023-04-16 05:20:00,184856629,177556,"0,9915870503627331"
2023-04-16 05:21:00,184773722,107,"0,9909867369031187"
2023-04-16 05:22:00,184773204,2,"0,9893006599793982"
2023-04-16 05:23:00,181388914,69,"0,9894951789976648"
2023-04-16 05:24:00,180711816,6,"0,9905800353479038"
2023-04-16 05:25:00,180712775,0,"0,9905794412321984"
2023-04-16 05:26:00,180712775,0,"0,99057944123202"
2023-04-16 05:27:00,180712775,0,"0,99057944123202"
2023-04-16 05:28:00,182742820,25,"0,9903747947285776"
2023-04-16 05:29:00,186801351,108,"0,9896935848533934"
2023-04-16 05:30:00,192218688,172,"0,9896737553497781"
2023-04-16 05:31:00,194930235,24,"0,9913798678143235"
2023-04-16 05:32:00,203058422,337,"0,9926831800274732"
2023-04-16 05:33:00,203725066,1,"0,9929587784367886"
2023-04-16 05:34:00,207106395,79,"0,9922188284210924"
2023-04-16 05:35:00,215228694,395,"0,991944227164722"
2023-04-16 05:36:00,220639930,199,"0,9909454595364333"
2023-04-16 05:37:00,223351380,50,"0,9904183495514784"
2023-04-16 05:38:00,230119934,274,"0,9902440762353082"
2023-04-16 05:39:00,231474805,10,"0,9902527613726035"
2023-04-16 05:40:00,235447048,180702,"0,9902806892542381"
2023-04-16 05:41:00,237566275,26,"0,9902919218444934"
2023-04-16 05:42:00,245688564,383,"0,9903441331112685"
2023-04-16 05:43:00,247041829,10,"0,9903528288498762"
2023-04-16 05:44:00,253810381,266,"0,9903963308910952"
2023-04-16 05:45:00,257870520,99,"0,9902592352166982"
2023-04-16 05:46:00,263285006,175,"0,990130839290518"
2023-04-16 05:47:00,270054216,266,"0,9901743325183094"
2023-04-16 05:48:00,276823260,261,"0,9903266048913525"
2023-04-16 05:49:00,282915202,206,"0,9905833463066712"
2023-04-16 05:50:00,290020650,293,"0,9906289586685437"
2023-04-16 05:51:00,298473994,464,"0,9898677394395023"
2023-04-16 05:52:00,303558678,138,"0,9902264910948297"
2023-04-16 05:53:00,307621816,67,"0,991286364305619"
2023-04-16 05:54:00,312020523,89,"0,9920757155245117"
2023-04-16 05:55:00,318785036,270,"0,9920100581192632"
2023-04-16 05:56:00,325551796,282,"0,9917272279554794"
2023-04-16 05:57:00,328937203,72,"0,9915313847019581"
2023-04-16 05:58:00,332998954,95,"0,9915574100168669"
2023-04-16 05:59:00,335029346,23,"0,9915704303563678"
2023-04-16 06:00:00,342007390,313947,"0,9916715586320803"
2023-04-16 06:01:00,351276272,391,"0,9920008473238906"
2023-04-16 06:02:00,363474229,716,"0,9935479985288872"
2023-04-16 06:03:00,378688624,1313,"0,9938073278672019"
2023-04-16 06:04:00,395268654,1583,"0,9939133334788883"
2023-04-16 06:05:00,409467333,1296,"0,9930262071563742"
2023-04-16 06:06:00,418273533,505,"0,9924301402111112"
2023-04-16 06:07:00,428432170,596,"0,9924949453238863"
2023-04-16 06:08:00,438584511,595,"0,992559913293383"
2023-04-16 06:09:00,446028034,332,"0,99244454760589"
2023-04-16 06:10:00,452796388,276,"0,9923248583976506"
2023-04-16 06:11:00,462273338,518,"0,9923854856666748"
2023-04-16 06:12:00,467005631,185,"0,9914382998818013"
2023-04-16 06:13:00,471070283,110,"0,9911379447039229"
2023-04-16 06:14:00,473101996,23,"0,9911509037749265"
2023-04-16 06:15:00,471071584,23,"0,9911378984671059"
2023-04-16 06:16:00,467010900,93,"0,9910575427993814"
2023-04-16 06:17:00,467010538,0,"0,990785903228332"
2023-04-16 06:18:00,467010573,0,"0,9907858659876692"
2023-04-16 06:19:00,468702649,16,"0,9907967086129914"
2023-04-16 06:20:00,477162995,2,"0,991122571055753"
2023-04-16 06:21:00,479870509,40,"0,9911942559668666"
2023-04-16 06:22:00,485262193,426,"0,9879746933384534"
2023-04-16 06:23:00,489347199,82,"0,9883215016705218"
2023-04-16 06:24:00,498160479,272,"0,9903355766417432"
2023-04-16 06:25:00,504578728,191,"0,9910267338383631"
2023-04-16 06:26:00,516066190,945,"0,9898516558742247"
2023-04-16 06:27:00,525891311,607,"0,9895337512733201"
2023-04-16 06:28:00,532663081,266,"0,9895770901191693"
2023-04-16 06:29:00,539437510,188,"0,9905984802188247"
2023-04-16 06:30:00,546201760,237,"0,9909671554262538"
2023-04-16 06:31:00,552967879,264,"0,9910104079139184"
2023-04-16 06:32:00,554321297,10,"0,9910190682761713"
2023-04-16 06:33:00,561087539,294,"0,9907366615647786"
2023-04-16 06:34:00,562442682,17,"0,9904195751665691"
2023-04-16 06:35:00,566503312,107,"0,9902283589322103"
2023-04-16 06:36:00,568534407,26,"0,9901327261556272"
2023-04-16 06:37:00,572594668,107,"0,9899416290798787"
2023-04-16 06:38:00,576656154,101,"0,9898590101572275"
2023-04-16 06:39:00,576656496,0,"0,9898590057587296"
2023-04-16 06:40:00,576656498,8,"0,9888818262058077"
2023-04-16 06:41:00,576655136,18,"0,987362754936128"
2023-04-16 06:42:00,576656384,1,"0,9869273480882563"
2023-04-16 06:43:00,576654593,25,"0,9887205307905088"
2023-04-16 06:44:00,576655733,10,"0,9898596613115208"
2023-04-16 06:45:00,573949263,42,"0,9898416640893336"
2023-04-16 06:46:00,568534798,169,"0,9898069784589517"
2023-04-16 06:47:00,565150569,66,"0,9897852959457684"
2023-04-16 06:48:00,563458378,16,"0,9897744537066752"
2023-04-16 06:49:00,558382356,149,"0,9897419301694469"
2023-04-16 06:50:00,557028572,9,"0,989679000715768"
2023-04-16 06:51:00,550265709,198,"0,9888214251055528"
2023-04-16 06:52:00,546201133,74,"0,9883606276139877"
2023-04-16 06:53:00,540784864,170,"0,9883257712979504"
2023-04-16 06:54:00,534016704,266,"0,9882823302803696"
2023-04-16 06:55:00,528602031,170,"0,9882475716898792"
2023-04-16 06:56:00,525894566,42,"0,9882301898200206"
2023-04-16 06:57:00,522508255,94,"0,9888060411686573"
2023-04-16 06:58:00,521832309,18,"0,989834033025977"
2023-04-16 06:59:00,521833575,0,"0,9898334990450322"
2023-04-16 07:00:00,521833570,5,"0,9880412573641126"
2023-04-16 07:01:00,521833064,6,"0,9870641101074413"
2023-04-16 07:02:00,521833307,3,"0,9863578231510435"
2023-04-16 07:03:00,524539619,58,"0,9859406538392524"
2023-04-16 07:04:00,529946502,285,"0,9845102189659855"
2023-04-16 07:05:00,532654584,147,"0,9824108942877485"
2023-04-16 07:06:00,538073804,221,"0,9817922255137532"
2023-04-16 07:07:00,543153808,152,"0,9818248237743208"
2023-04-16 07:08:00,544168833,6,"0,9818313798116552"
2023-04-16 07:09:00,545522539,10,"0,9818401243632566"
2023-04-16 07:10:00,548230188,39,"0,9819661903435821"
2023-04-16 07:11:00,551277354,31,"0,9826376671257929"
2023-04-16 07:12:00,554322847,34,"0,983200205286559"
2023-04-16 07:13:00,555336229,9,"0,98298942412605"
2023-04-16 07:14:00,560412326,158,"0,9829135912113859"
2023-04-16 07:15:00,560412167,7,"0,9838913707211548"
2023-04-16 07:16:00,567183448,239,"0,9842603689470314"
2023-04-16 07:17:00,576657162,525,"0,9843213434201912"
2023-04-16 07:18:00,586802750,699,"0,9837354028484856"
2023-04-16 07:19:00,602034032,1432,"0,9835077247675893"
2023-04-16 07:20:00,617266140,13,"0,983280186121424"
2023-04-16 07:21:00,633173251,1484,"0,9833826967198472"
2023-04-16 07:22:00,649094518,1242,"0,9845168229200983"
2023-04-16 07:23:00,663638645,1104,"0,9852068766226068"
2023-04-16 07:24:00,677868699,776,"0,9872532682274399"
2023-04-16 07:25:00,692082011,765,"0,989297490245784"
2023-04-16 07:26:00,703898949,841,"0,9892084557306396"
2023-04-16 07:27:00,715395636,954,"0,9883602867964653"
2023-04-16 07:28:00,720141138,178,"0,987848000815361"
2023-04-16 07:29:00,726912473,266,"0,987891236415552"
2023-04-16 07:30:00,726912177,0,"0,9878912329768154"
2023-04-16 07:31:00,726911616,9,"0,9870237855044887"
2023-04-16 07:32:00,726911615,9,"0,9878916142461727"
2023-04-16 07:33:00,726911116,18,"0,9866987210773213"
2023-04-16 07:34:00,726911745,7,"0,9859389801898968"
2023-04-16 07:35:00,720815825,303,"0,9866591895724732"
2023-04-16 07:36:00,720818148,42,"0,9885048283214402"
2023-04-16 07:37:00,721836011,6,"0,9885096065981775"
2023-04-16 07:38:00,726912343,149,"0,9885421111469485"
2023-04-16 07:39:00,728265850,10,"0,9885507763309394"
2023-04-16 07:40:00,735034063,1,"0,9876178745893034"
2023-04-16 07:41:00,739095075,95,"0,9876438970212424"
2023-04-16 07:42:00,741125759,18,"0,987819610149224"
2023-04-16 07:43:00,749592646,303,"0,9886876355388072"
2023-04-16 07:44:00,752632549,37,"0,9890321616677671"
2023-04-16 07:45:00,759402226,227,"0,9894008141100129"
2023-04-16 07:46:00,760415000,5,"0,9894072352319102"
2023-04-16 07:47:00,765487777,214,"0,988789228155097"
2023-04-16 07:48:00,769543289,259,"0,9871354522203517"
2023-04-16 07:49:00,771582472,28,"0,9870386637999373"
2023-04-16 07:50:00,771582155,9,"0,9878523346530106"
2023-04-16 07:51:00,781732369,660,"0,9875917548877018"
2023-04-16 07:52:00,788493442,455,"0,9863346440509171"
2023-04-16 07:53:00,797977881,553,"0,9862319755011629"
2023-04-16 07:54:00,807115216,514,"0,9861278832743052"
2023-04-16 07:55:00,812192524,150,"0,9861604219036906"
2023-04-16 07:56:00,820311063,455,"0,9857789796789672"
2023-04-16 07:57:00,822004210,58,"0,9849228467316627"
2023-04-16 07:58:00,832846083,492,"0,985968125987981"
2023-04-16 07:59:00,844688253,668,"0,9866941394625872"
2023-04-16 08:00:00,848740965,20,"0,9864488820525907"
2023-04-16 08:01:00,846710688,19,"0,984216402767424"
2023-04-16 08:02:00,848738860,65,"0,9834684389643856"
2023-04-16 08:03:00,856863446,386,"0,9835203466026776"
2023-04-16 08:04:00,864986985,350,"0,9837893149395136"
2023-04-16 08:05:00,864984815,0,"0,9838976292479936"
2023-04-16 08:06:00,868031805,27,"0,9844050198533069"
2023-04-16 08:07:00,873112423,35,"0,985901637115824"
2023-04-16 08:08:00,880556635,229,"0,9865986777702103"
2023-04-16 08:09:00,887321216,250,"0,9867501771434728"
2023-04-16 08:10:00,891383541,44,"0,9874807490636378"
2023-04-16 08:11:00,893412593,2,"0,9882522217463405"
2023-04-16 08:12:00,898834039,7,"0,9906191693517098"
2023-04-16 08:13:00,901533974,33,"0,9907961476950929"
2023-04-16 08:14:00,895451311,21,"0,9884843860290758"
2023-04-16 08:15:00,889351792,194,"0,9882802416249044"
2023-04-16 08:16:00,889346515,85,"0,9861693154979315"
2023-04-16 08:17:00,889350348,4,"0,9856795858617817"
2023-04-16 08:18:00,889350569,0,"0,9856794641580365"
2023-04-16 08:19:00,885289693,95,"0,9856534390448946"
2023-04-16 08:20:00,883259137,3,"0,9854778880794669"
2023-04-16 08:21:00,875138895,356,"0,9852633017148519"
2023-04-16 08:22:00,873445128,16,"0,9852524249515834"
2023-04-16 08:23:00,864985292,416,"0,9851981737991407"
2023-04-16 08:24:00,854833077,600,"0,9851330570197891"
2023-04-16 08:25:00,852125804,29,"0,9848447980064196"
2023-04-16 08:26:00,844350958,171,"0,9834408872317932"
2023-04-16 08:27:00,823284774,4152,"0,9865622487012061"
2023-04-16 08:28:00,788591363,5476,"0,983897741858065"
2023-04-16 08:29:00,772945472,1294,"0,9833062519403398"
2023-04-16 08:30:00,746513306,4660,"0,9842755972026963"
2023-04-16 08:31:00,738078693,439,"0,9843833806710048"
2023-04-16 08:32:00,760756982,3005,"0,9845291377216124"
2023-04-16 08:33:00,809169643,13537,"0,9850027761136547"
2023-04-16 08:34:00,892116059,39815,"0,9856974903342083"
2023-04-16 08:35:00,964913732,29392,"0,9870304384556253"
2023-04-16 08:36:00,1010535584,11588,"0,9877548320682622"
2023-04-16 08:37:00,1036888616,4377,"0,9873818167807722"
2023-04-16 08:38:00,1019305143,1744,"0,9871610345531826"
2023-04-16 08:39:00,1019301251,0,"0,9871609935465603"
2023-04-16 08:40:00,1024130447,189276,"0,9871931613499795"
2023-04-16 08:41:00,1047731732,3226,"0,987342619892992"
2023-04-16 08:42:00,1004085135,11033,"0,9870638218600558"
2023-04-16 08:43:00,935067252,27628,"0,9866225358687752"
2023-04-16 08:44:00,904916858,5417,"0,9866461469824248"
2023-04-16 08:45:00,916774788,555,"0,9878060555207744"
2023-04-16 08:46:00,954347194,7905,"0,9883706056445808"
2023-04-16 08:47:00,990217646,7169,"0,9889244820709461"
2023-04-16 08:48:00,1019306701,4884,"0,9891099683645784"
2023-04-16 08:49:00,1045702091,4018,"0,9892782502791029"
2023-04-16 08:50:00,1063289320,1979,"0,9889574893031304"
2023-04-16 08:51:00,1082921202,2332,"0,9888660796193796"
2023-04-16 08:52:00,1105939739,3023,"0,9890668132197683"
2023-04-16 08:53:00,1123877825,1727,"0,9894516345299476"
2023-04-16 08:54:00,1141126419,1866,"0,989236847886072"
2023-04-16 08:55:00,1143160604,23,"0,9892497350480419"
2023-04-16 08:56:00,1146544844,65,"0,9892712820476016"
2023-04-16 08:57:00,1147221723,2,"0,989275591073563"
2023-04-16 08:58:00,1158390048,718,"0,9893466914453856"
2023-04-16 08:59:00,1182655502,6258,"0,985884505685688"
2023-04-16 09:00:00,1202721435,3,"0,9857354552255216"
2023-04-16 09:01:00,1226417820,3142,"0,9860489843873683"
2023-04-16 09:02:00,1248088532,2221,"0,9869984072045694"
2023-04-16 09:03:00,1264652740,1585,"0,9871036163705635"
2023-04-16 09:04:00,1277187907,465,"0,988535586667881"
2023-04-16 09:05:00,1291418795,192,"0,9918190399612526"
2023-04-16 09:06:00,1338064666,13555,"0,9913533851631376"
2023-04-16 09:07:00,1383665005,15819,"0,9891605752179464"
2023-04-16 09:08:00,1430531570,11126,"0,9904273225475165"
2023-04-16 09:09:00,1486723094,16228,"0,9917548953067316"
2023-04-16 09:10:00,1553534807,30883,"0,9900210261304269"
2023-04-16 09:11:00,1593933526,9501,"0,9901662948068832"
2023-04-16 09:12:00,1581059693,1278,"0,9907323595069876"
2023-04-16 09:13:00,1786621369,245965,"0,9913850523111116"
2023-04-16 09:14:00,1954123554,161745,"0,9921161902747032"
2023-04-16 09:15:00,2010534692,18029,"0,9924699151772016"
2023-04-16 09:16:00,2054221099,8862,"0,9937129592965795"
2023-04-16 09:17:00,-2147483648,57365,"0,9940136483096361"
2023-04-16 09:18:00,-2147483648,85513,"0,9950062750602096"
2023-04-16 09:19:00,-2147483648,12682,"0,9957457250337935"
2023-04-16 09:20:00,-2147483648,1404,"0,9948107077385763"
2023-04-16 09:21:00,2029195362,128355,"0,9943632927247101"
2023-04-16 09:22:00,1948586891,38439,"0,9943414564439496"
2023-04-16 09:23:00,1964498777,1080,"0,994925527744048"
2023-04-16 09:24:00,2030538933,23102,"0,9958237767488093"
2023-04-16 09:25:00,2033505165,1129,"0,9932631368997576"
2023-04-16 09:26:00,2005459957,3629,"0,992438222424084"
2023-04-16 09:27:00,2009161288,43,"0,9926764914187325"
2023-04-16 09:28:00,1916142012,49480,"0,9921995896021002"
2023-04-16 09:29:00,1648412067,2,"0,9902412105406109"
2023-04-16 09:30:00,1516376848,93195,"0,988057656424277"
2023-04-16 09:31:00,1579479528,19840,"0,9897520819928957"
2023-04-16 09:32:00,1892069659,5,"0,9922093344903868"
2023-04-16 09:33:00,1762762218,101065,"0,9924735826151168"
2023-04-16 09:34:00,1619768986,116608,"0,9916248572733747"
2023-04-16 09:35:00,1582453336,7132,"0,9907412667083635"
2023-04-16 09:36:00,1442590984,106593,"0,9887766092956292"
2023-04-16 09:37:00,1360820959,37875,"0,9880401303262947"
2023-04-16 09:38:00,1287278921,33674,"0,9886536885099638"
2023-04-16 09:39:00,1309001920,2208,"0,9895478487042947"
2023-04-16 09:40:00,1495449089,19,"0,9910538506828132"
2023-04-16 09:41:00,1877517863,7,"0,9929254879273784"
2023-04-16 09:42:00,2097429974,274310,"0,9942000422847234"
2023-04-16 09:43:00,2051485350,11488,"0,9936954122152376"
2023-04-16 09:44:00,1888920745,146269,"0,9922443171441871"
2023-04-16 09:45:00,1499848216,11,"0,9892465692751451"
2023-04-16 09:46:00,1332067182,165416,"0,9888307099676876"
2023-04-16 09:47:00,1371938242,9138,"0,9890828989021885"
2023-04-16 09:48:00,1803405149,23,"0,9930516314366413"
2023-04-16 09:49:00,1913413350,70839,"0,9932594353817352"
2023-04-16 09:50:00,1583436650,5,"0,9909090570567821"
2023-04-16 09:51:00,1850106239,3,"0,9933993522038664"
2023-04-16 09:52:00,1877204527,3258,"0,9943778632676936"
2023-04-16 09:53:00,1611863134,1,"0,9928687261408556"
2023-04-16 09:54:00,1567484198,13440,"0,9938844034057773"
2023-04-16 09:55:00,1491810327,30817,"0,9927585593086672"
2023-04-16 09:56:00,1468048485,2965,"0,9922840871941229"
2023-04-16 09:57:00,1461949525,100,"0,9915978418490062"
2023-04-16 09:58:00,1521868343,20483,"0,9919767489261037"
2023-04-16 09:59:00,1651457626,1,"0,99538337419729"
2023-04-16 10:00:00,1678869818,401,"0,9984676317612419"
2023-04-16 10:01:00,1547616766,99051,"0,9980759412047757"
2023-04-16 10:02:00,1503868247,12564,"0,998988738211156"
2023-04-16 10:03:00,1554734673,12849,"1,0002791896415968"
2023-04-16 10:04:00,1556702277,-8,"1,0009387849892155"
2023-04-16 10:05:00,1399231496,136532,"0,9994654060328824"
2023-04-16 10:06:00,1260776658,106053,"0,9981074404474939"
2023-04-16 10:07:00,1037237165,1,"0,9962617531101969"
2023-04-16 10:08:00,991995102,9459,"0,9938115575969069"
2023-04-16 10:09:00,987796217,823,"0,9977980152372099"
2023-04-16 10:10:00,1043038352,16619,"0,9986807292087554"
2023-04-16 10:11:00,1178853736,103095,"0,9998624031511395"
2023-04-16 10:12:00,1273167311,50083,"1,0004555978104936"
2023-04-16 10:13:00,1163203022,68097,"0,9997635581544546"
2023-04-16 10:14:00,1104264914,19602,"0,9993917568860504"
2023-04-16 10:15:00,1082245719,2826,"0,999415192384496"
2023-04-16 10:16:00,1056805194,5246,"1,0015851649853973"
2023-04-16 10:17:00,1039588492,2135,"1,0025573805110564"
2023-04-16 10:18:00,1029792832,538,"1,0024951401964326"
2023-04-16 10:19:00,1013211619,1544,"1,0023907812880073"
2023-04-16 10:20:00,1030468516,163,"1,0024993965121785"
2023-04-16 10:21:00,1072104664,9734,"1,002761371988918"
2023-04-16 10:22:00,1147567503,32657,"1,0028570315215484"
2023-04-16 10:23:00,1250454453,60652,"1,0030163934096967"
2023-04-16 10:24:00,1361781741,71466,"1,003065947698144"
2023-04-16 10:25:00,1229359378,94277,"1,0012082404918845"
2023-04-16 10:26:00,1153229015,35771,"1,0022986702937944"
2023-04-16 10:27:00,1131319136,2693,"1,0021594918849446"
2023-04-16 10:28:00,1151285122,2237,"1,0022850130199876"
2023-04-16 10:29:00,1169882985,2331,"1,001644796653835"
2023-04-16 10:30:00,1276205245,64064,"1,0020965448162529"
2023-04-16 10:31:00,1476409538,224119,"1,0033521065552002"
2023-04-16 10:32:00,1601267973,94373,"1,0025144075783965"
2023-04-16 10:33:00,1633517778,6222,"1,0023905698728286"
2023-04-16 10:34:00,1913389681,2,"1,0041355863416497"
2023-04-16 10:35:00,2112960887,220099,"1,0053760807265373"
2023-04-16 10:36:00,1857213018,1,"1,0037859838794927"
2023-04-16 10:37:00,1872104583,1229,"1,0038786982428909"
2023-04-16 10:38:00,1805463479,24647,"1,003463771630772"
2023-04-16 10:39:00,1671197450,100296,"1,0026264948089023"
2023-04-16 10:40:00,1677176846,353,"1,0026632746405553"
2023-04-16 10:41:00,1769955850,47905,"1,0032425563315754"
2023-04-16 10:42:00,1519137858,2,"1,0011349970667742"
2023-04-16 10:43:00,1447667245,31987,"1,0020380792385746"
2023-04-16 10:44:00,1443664305,298,"1,003308893485195"
2023-04-16 10:45:00,1557512969,70369,"1,0045061345683557"
2023-04-16 10:46:00,1672230329,71244,"1,0056530857052144"
2023-04-16 10:47:00,1939785955,1,"1,0073151572920036"
2023-04-16 10:48:00,-2147483648,2,"1,007072220309887"
2023-04-16 10:49:00,-2147483648,14416,"1,0062843182771315"
2023-04-16 10:50:00,-2147483648,7781,"1,0066038838457787"
2023-04-16 10:51:00,1818972436,10,"1,0043021530080518"
2023-04-16 10:52:00,1902672739,35832,"1,0056852014537994"
2023-04-16 10:53:00,2046806990,116641,"1,0062567142728327"
2023-04-16 10:54:00,1908517059,101650,"1,0047523303212518"
2023-04-16 10:55:00,1778467547,93733,"1,0039426521006498"
2023-04-16 10:56:00,1639732759,107022,"1,0030771759533816"
2023-04-16 10:57:00,1636566321,65,"1,003380470333595"
2023-04-16 10:58:00,2104593293,18,"1,0062374538431302"
2023-04-16 10:59:00,-2147483648,147485,"1,0059824103542867"
2023-04-16 11:00:00,2134712560,122,"1,004218866779955"
2023-04-16 11:01:00,1805097265,5,"1,0016292262288786"
2023-04-16 11:02:00,1887854274,32037,"1,0039786107266135"
2023-04-16 11:03:00,-2147483648,20,"1,005637182117422"
2023-04-16 11:04:00,-2147483648,375,"1,0039274409420154"
2023-04-16 11:05:00,1796975507,51,"1,0000696710091528"
2023-04-16 11:06:00,1508647281,1,"0,9992878802946024"
2023-04-16 11:07:00,1371861346,111540,"0,9997802680872958"
2023-04-16 11:08:00,1350204987,4468,"1,002348067682428"
2023-04-16 11:09:00,1471759957,2,"1,00720976952198"
2023-04-16 11:10:00,1779716332,3,"1,0091242217282037"
2023-04-16 11:11:00,1662371645,75777,"1,0083963608313764"
2023-04-16 11:12:00,1640965305,2682,"1,0084786841017332"
2023-04-16 11:13:00,2067029328,13,"1,0113854988407798"
2023-04-16 11:14:00,-2147483648,7,"1,0131667130181663"
2023-04-16 11:15:00,-2147483648,8133,"1,0132937140185942"
2023-04-16 11:16:00,-2147483648,3,"1,0112190138427186"
2023-04-16 11:17:00,1864996437,7,"1,008467364227356"
2023-04-16 11:18:00,1536058744,4,"1,006422798585012"
2023-04-16 11:19:00,1737414834,1,"1,00843052209407"
2023-04-16 11:20:00,2013222153,513,"1,010246161069787"
2023-04-16 11:21:00,-2147483648,102713,"1,0110930983042026"
2023-04-16 11:22:00,2052873982,51890,"1,0104913101673365"
2023-04-16 11:23:00,2081259027,3835,"1,0110966569311088"
2023-04-16 11:24:00,-2147483648,2,"1,012112861254226"
2023-04-16 11:25:00,1687329718,100,"1,0072027118035582"
2023-04-16 11:26:00,1650399275,9511,"1,0083225183385975"
2023-04-16 11:27:00,-2147483648,81,"1,0120561282905065"
2023-04-16 11:28:00,-2147483648,28972,"1,0086253054230176"
2023-04-16 11:29:00,1813557478,14,"1,0062083786012908"
2023-04-16 11:30:00,1830168218,411,"1,0084692791219916"
2023-04-16 11:31:00,1864326877,6416,"1,0086786905770095"
2023-04-16 11:32:00,1891736022,4126,"1,0088484885164173"
2023-04-16 11:33:00,1563808441,3,"1,0072433227012942"
2023-04-16 11:34:00,1967197598,21,"1,0115769151033482"
2023-04-16 11:35:00,-2147483648,9,"1,011211884929623"
2023-04-16 11:36:00,1725231701,52,"1,0083010154265235"
2023-04-16 11:37:00,1535043711,2,"1,0106269189023322"
2023-04-16 11:38:00,1435282899,54404,"1,0098994046683196"
2023-04-16 11:39:00,1329019215,62297,"1,009237911323608"
2023-04-16 11:40:00,1433519299,42,"1,0103742296288931"
2023-04-16 11:41:00,1626395036,201145,"1,0120582768796804"
2023-04-16 11:42:00,1819538184,203739,"1,01325244264174"
2023-04-16 11:43:00,-2147483648,49,"1,015095657046262"
2023-04-16 11:44:00,-2147483648,10,"1,0101872358084176"
2023-04-16 11:45:00,-2147483648,144049,"1,0094101222604106"
2023-04-16 11:46:00,-2147483648,231109,"1,0091398958317983"
2023-04-16 11:47:00,-2147483648,56385,"1,0090642316459573"
2023-04-16 11:48:00,-2147483648,-4,"1,009171280857884"
2023-04-16 11:49:00,-2147483648,10533,"1,0093869468716423"
2023-04-16 11:50:00,2128739697,77233,"1,0083775646636324"
2023-04-16 11:51:00,2060983447,24353,"1,00768915384559"
2023-04-16 11:52:00,1966580223,48772,"1,0070507339023111"
2023-04-16 11:53:00,1798370204,161842,"1,006815802030376"
2023-04-16 11:54:00,1703613675,50182,"1,0063874505284784"
2023-04-16 11:55:00,1663631089,9568,"1,0066239916601496"
2023-04-16 11:56:00,1652806433,853,"1,0070420029195528"
2023-04-16 11:57:00,1660594991,335,"1,0070903330626884"
2023-04-16 11:58:00,1749599092,45569,"1,0071048332142438"
2023-04-16 11:59:00,1622791797,88880,"1,0063160606420516"
2023-04-16 12:00:00,1526244698,97,"1,0063075635812648"
2023-04-16 12:01:00,1454513841,29195,"1,0061303103408936"
2023-04-16 12:02:00,1386170409,25940,"1,0057034798635762"
2023-04-16 12:03:00,1329664149,17213,"1,0050259934533945"
2023-04-16 12:04:00,1296508802,4940,"1,0035218692840469"
2023-04-16 12:05:00,1310359605,414,"1,005555541046093"
2023-04-16 12:06:00,1346555348,7290,"1,0057799813716173"
2023-04-16 12:07:00,1413839374,27701,"1,0050127434625422"
2023-04-16 12:08:00,1516019752,62698,"1,0043016875195765"
2023-04-16 12:09:00,1603445822,42661,"1,0047924580282033"
2023-04-16 12:10:00,1617625859,779,"1,0055282970451862"
2023-04-16 12:11:00,1612540243,143,"1,0054963809982862"
2023-04-16 12:12:00,1621339319,429,"1,0055512271439166"
2023-04-16 12:13:00,1725571036,62719,"1,0055538322491508"
2023-04-16 12:14:00,1750266360,3892,"1,005221914723871"
2023-04-16 12:15:00,2045370895,2,"1,0064622903470448"
2023-04-16 12:16:00,2135475790,42854,"1,0074508755112412"
2023-04-16 12:17:00,2039326136,51288,"1,006963309850848"
2023-04-16 12:18:00,-2147483648,1,"1,0089875460379631"
2023-04-16 12:19:00,-2147483648,3,"1,0060384828241176"
2023-04-16 12:20:00,-2147483648,996,"1,0014985517408828"
2023-04-16 12:21:00,2142148626,93552,"1,0015770878054764"
2023-04-16 12:22:00,2145201789,-52,"1,0033174919550478"
2023-04-16 12:23:00,-2147483648,145402,"1,0043228287098416"
2023-04-16 12:24:00,-2147483648,154467,"1,0046952317156936"
2023-04-16 12:25:00,2052139292,12,"1,001876826597587"
2023-04-16 12:26:00,1858400233,211804,"1,000993503935538"
2023-04-16 12:27:00,1774639513,40946,"1,0010082522589645"
2023-04-16 12:28:00,1695168777,34627,"1,0002954710716876"
2023-04-16 12:29:00,1619713713,30684,"0,9993913963396354"
2023-04-16 12:30:00,1580062385,8826,"0,9991424910499744"
2023-04-16 12:31:00,1563481795,1187,"0,9983910690984494"
2023-04-16 12:32:00,1563468388,67,"0,9973121262442128"
2023-04-16 12:33:00,1564822058,68,"0,9988321277735344"
2023-04-16 12:34:00,1592584244,4117,"0,9992210408810516"
2023-04-16 12:35:00,1784705328,205964,"1,0005330026267"
2023-04-16 12:36:00,1879624217,49390,"1,0013404038175855"
2023-04-16 12:37:00,1737313804,108389,"0,9996434586378689"
2023-04-16 12:38:00,1670785317,24406,"0,9990642037970826"
2023-04-16 12:39:00,1961444220,4,"1,0016887417473117"
2023-04-16 12:40:00,-2147483648,328,"1,0043138056338663"
2023-04-16 12:41:00,-2147483648,68518,"1,0016880435106184"
2023-04-16 12:42:00,-2147483648,1,"0,9996275807523964"
2023-04-16 12:43:00,2009899812,273179,"0,9993556586663763"
2023-04-16 12:44:00,1677853901,3,"0,9986230752349617"
2023-04-16 12:45:00,1449447092,305038,"0,9985407010886944"
2023-04-16 12:46:00,1315116543,103957,"0,9982336378368784"
2023-04-16 12:47:00,1224383119,47917,"0,9982021411944138"
2023-04-16 12:48:00,1176678084,12870,"0,9979008610697656"
2023-04-16 12:49:00,1151282599,3759,"0,9979028059146714"
2023-04-16 12:50:00,1175332036,2768,"0,9988662786307981"
2023-04-16 12:51:00,1228114337,15884,"0,9990905399023674"
2023-04-16 12:52:00,1254844439,3946,"0,9993668699527763"
2023-04-16 12:53:00,1260932139,107,"1,0000542192798296"
2023-04-16 12:54:00,1242994740,1811,"0,9999411441035746"
2023-04-16 12:55:00,1216262538,4025,"0,999772878475854"
2023-04-16 12:56:00,1182425757,6404,"0,9995056727670025"
2023-04-16 12:57:00,1148929691,6093,"0,9990240763119272"
2023-04-16 12:58:00,1120830426,4461,"0,9988467940162008"
2023-04-16 12:59:00,1102553167,1888,"0,9987314484248144"
2023-04-16 13:00:00,1084615543,291,"0,9983475845890578"
2023-04-16 13:01:00,1072087777,1064,"0,9988098645645913"
2023-04-16 13:02:00,1070060180,101,"0,9998259373865693"
2023-04-16 13:03:00,1068032491,31,"0,9999750001841704"
2023-04-16 13:04:00,1059904133,550,"1,0007360423711782"
2023-04-16 13:05:00,1034533899,3628,"1,0005758104587663"
2023-04-16 13:06:00,994290043,8641,"0,9997806536071322"
2023-04-16 13:07:00,958060732,7333,"0,9994433700579025"
2023-04-16 13:08:00,929965232,4467,"0,9992658184440738"
2023-04-16 13:09:00,905259807,3456,"0,9991096315674372"
2023-04-16 13:10:00,876138675,5198,"0,9995760049936421"
2023-04-16 13:11:00,860926849,1278,"0,9993712171536712"
2023-04-16 13:12:00,848071791,805,"0,9987479752635064"
2023-04-16 13:13:00,839604352,406,"0,9986942254279194"
2023-04-16 13:14:00,834527811,146,"0,9986620855437776"
2023-04-16 13:15:00,833512229,5,"0,9986556549845902"
2023-04-16 13:16:00,833512214,1,"0,9989809900050173"
2023-04-16 13:17:00,838592129,81,"0,9997722507058739"
2023-04-16 13:18:00,838588591,0,"0,9999887905288292"
2023-04-16 13:19:00,824038091,1198,"0,9998967660463096"
2023-04-16 13:20:00,794597038,2097,"0,9998189485714339"
2023-04-16 13:21:00,762800559,5546,"0,9992924268308592"
2023-04-16 13:22:00,737071469,3709,"0,9990208927786391"
2023-04-16 13:23:00,713053614,3064,"0,9983263567204604"
2023-04-16 13:24:00,691722245,2551,"0,9980824174707197"
2023-04-16 13:25:00,675136641,1565,"0,9979771528847136"
2023-04-16 13:26:00,657189054,2017,"0,9985146026277515"
2023-04-16 13:27:00,635543462,2666,"0,9983770258190408"
2023-04-16 13:28:00,623696937,798,"0,9983018128278499"
2023-04-16 13:29:00,612865133,701,"0,9984502559398206"
2023-04-16 13:30:00,604403081,460,"0,9988308357701696"
2023-04-16 13:31:00,592901272,752,"0,9987577349806817"
2023-04-16 13:32:00,580718502,844,"0,9986803895192973"
2023-04-16 13:33:00,564813628,1440,"0,9985793907867164"
2023-04-16 13:34:00,548231597,1566,"0,9984740586892608"
2023-04-16 13:35:00,538078085,587,"0,9984095403080189"
2023-04-16 13:36:00,538077430,0,"0,9984095327763423"
2023-04-16 13:37:00,538077430,0,"0,9984095327763968"
2023-04-16 13:38:00,538077430,0,"0,9984095327765072"
2023-04-16 13:39:00,542138518,93,"0,998435337816626"
2023-04-16 13:40:00,536047987,1100,"0,9983966432692499"
2023-04-16 13:41:00,522849869,992,"0,9983127646151155"
2023-04-16 13:42:00,504932746,1619,"0,9971673263109688"
2023-04-16 13:43:00,486662651,1657,"0,995801840018738"
2023-04-16 13:44:00,469043026,1779,"0,9956887173145053"
2023-04-16 13:45:00,458889306,591,"0,9956239587099498"
2023-04-16 13:46:00,448733532,626,"0,9958852432364871"
2023-04-16 13:47:00,438584507,590,"0,995820464895327"
2023-04-16 13:48:00,431815874,262,"0,9957772901471312"
2023-04-16 13:49:00,430461931,10,"0,9957686521165866"
2023-04-16 13:50:00,427077045,73,"0,9959644127122604"
2023-04-16 13:51:00,422339616,133,"0,9960429059206869"
2023-04-16 13:52:00,418279332,92,"0,9959626989355264"
2023-04-16 13:53:00,418278977,0,"0,9956909668099546"
2023-04-16 13:54:00,418278988,0,"0,9954735534933633"
2023-04-16 13:55:00,421324489,56,"0,995384302611478"
2023-04-16 13:56:00,424369466,63,"0,9950776667363501"
2023-04-16 13:57:00,431136792,285,"0,9947948238224954"
2023-04-16 13:58:00,432492423,10,"0,9948034241751135"
2023-04-16 13:59:00,436552091,108,"0,9945033082252026"
2023-04-16 14:00:00,436553454,88,"0,9941772329630397"
2023-04-16 14:01:00,430466829,166,"0,993323519122476"
2023-04-16 14:02:00,422018760,245,"0,9910434025269818"
2023-04-16 14:03:00,410178565,612,"0,9891188162927785"
2023-04-16 14:04:00,408127825,13,"0,9884519026166648"
2023-04-16 14:05:00,403052430,132,"0,9880386792967912"
2023-04-16 14:06:00,402035063,6,"0,9880863733684182"
2023-04-16 14:07:00,402035113,0,"0,9880863721557469"
2023-04-16 14:08:00,407111610,150,"0,9881190142141693"
2023-04-16 14:09:00,408125526,16,"0,9873106756337816"
2023-04-16 14:10:00,416243942,433,"0,9867649425318483"
2023-04-16 14:11:00,418955311,49,"0,9865648480617351"
2023-04-16 14:12:00,426056746,355,"0,9857957330698272"
2023-04-16 14:13:00,434522004,433,"0,9856869377778135"
2023-04-16 14:14:00,444340134,536,"0,986021921161856"
2023-04-16 14:15:00,454490493,596,"0,9861415404240371"
2023-04-16 14:16:00,462950057,418,"0,9861960025015692"
2023-04-16 14:17:00,462948971,7,"0,9850557450683538"
2023-04-16 14:18:00,462949567,0,"0,9848377850485251"
2023-04-16 14:19:00,456169251,404,"0,9864253878264246"
2023-04-16 14:20:00,449751651,70,"0,9915446581256039"
2023-04-16 14:21:00,446703245,80,"0,9922861441712997"
2023-04-16 14:22:00,443660483,50,"0,9921577319670593"
2023-04-16 14:23:00,440615346,43,"0,9918122112230696"
2023-04-16 14:24:00,440614333,0,"0,9919208683627008"
2023-04-16 14:25:00,441629571,5,"0,9919273625665854"
2023-04-16 14:26:00,442644797,5,"0,9919338625259932"
2023-04-16 14:27:00,443321653,1,"0,9920468527960835"
2023-04-16 14:28:00,446708020,43,"0,9927751422351888"
2023-04-16 14:29:00,446705665,1,"0,9932640638801907"
2023-04-16 14:30:00,449409052,84,"0,9920322525974771"
2023-04-16 14:31:00,450763493,45,"0,9904655931817679"
2023-04-16 14:32:00,450766752,0,"0,9903557152076145"
2023-04-16 14:33:00,450766758,0,"0,9903557091116592"
2023-04-16 14:34:00,449751895,2,"0,989914658029297"
2023-04-16 14:35:00,444676536,138,"0,9896646718497507"
2023-04-16 14:36:00,444675261,0,"0,9894473070194845"
2023-04-16 14:37:00,447720683,57,"0,9893581296207897"
2023-04-16 14:38:00,450766818,53,"0,9893776747580892"
2023-04-16 14:39:00,450766410,3,"0,9902474465698411"
2023-04-16 14:40:00,447721021,3,"0,9906622386907517"
2023-04-16 14:41:00,444675343,53,"0,9906427147856488"
2023-04-16 14:42:00,436553782,382,"0,9905906494074016"
2023-04-16 14:43:00,431141570,144,"0,9900669573171793"
2023-04-16 14:44:00,425726102,152,"0,9897061021345299"
2023-04-16 14:45:00,420304963,217,"0,9904867919063776"
2023-04-16 14:46:00,417263883,53,"0,9904669493563706"
2023-04-16 14:47:00,414212949,104,"0,9918614090158688"
2023-04-16 14:48:00,414218045,0,"0,9920779120066272"
2023-04-16 14:49:00,414218064,0,"0,9920778883810198"
2023-04-16 14:50:00,414218059,0,"0,992186565559215"
2023-04-16 14:51:00,414218044,0,"0,9924039852239912"
2023-04-16 14:52:00,422340417,381,"0,9924559553516041"
2023-04-16 14:53:00,427416407,148,"0,9924884419107011"
2023-04-16 14:54:00,432492577,148,"0,9925209279791213"
2023-04-16 14:55:00,440614764,380,"0,9925729028455693"
2023-04-16 14:56:00,444675389,95,"0,9925988821098553"
2023-04-16 14:57:00,448734959,109,"0,9922989071239856"
2023-04-16 14:58:00,453809092,185,"0,9916795018199619"
2023-04-16 14:59:00,461590655,411,"0,991023012387937"
2023-04-16 15:00:00,464667049,149,"0,9901256145195225"
2023-04-16 15:01:00,473098117,459,"0,9896840712897006"
2023-04-16 15:02:00,473101917,0,"0,989358077872885"
2023-04-16 15:03:00,473101648,3,"0,9901732809525139"
2023-04-16 15:04:00,473101969,0,"0,9901729453435566"
2023-04-16 15:05:00,466334000,265,"0,9901295521008044"
2023-04-16 15:06:00,456182030,597,"0,9900644517728282"
2023-04-16 15:07:00,444673006,801,"0,9902623817106947"
2023-04-16 15:08:00,432154306,916,"0,9902364136874554"
2023-04-16 15:09:00,416250194,1467,"0,9901343906180421"
2023-04-16 15:10:00,404055638,967,"0,9909261202802184"
2023-04-16 15:11:00,392208711,937,"0,9919375251549533"
2023-04-16 15:12:00,384776472,319,"0,9918893071554995"
2023-04-16 15:13:00,375633309,538,"0,9924833053006172"
2023-04-16 15:14:00,362443379,993,"0,9922899135046829"
2023-04-16 15:15:00,350265402,803,"0,9916682769453047"
2023-04-16 15:16:00,337060941,1009,"0,9915834640252416"
2023-04-16 15:17:00,324877900,859,"0,9915053299166816"
2023-04-16 15:18:00,314725207,597,"0,9914402031698221"
2023-04-16 15:19:00,304582460,526,"0,9903966515087383"
2023-04-16 15:20:00,294419708,2,"0,9901133178041299"
2023-04-16 15:21:00,287647959,292,"0,9906138703051504"
2023-04-16 15:22:00,284267377,66,"0,9905920065168112"
2023-04-16 15:23:00,276145802,383,"0,9905398403285988"
2023-04-16 15:24:00,270732707,159,"0,9901787462720144"
2023-04-16 15:25:00,266332681,105,"0,9898784275746355"
2023-04-16 15:26:00,257871995,413,"0,9897695770406576"
2023-04-16 15:27:00,249397589,498,"0,991239674573222"
2023-04-16 15:28:00,237556616,873,"0,9920334341678414"
2023-04-16 15:29:00,227074422,645,"0,992129024558976"
2023-04-16 15:30:00,216926439,582,"0,9917918072325888"
2023-04-16 15:31:00,205084609,788,"0,9912805018113551"
2023-04-16 15:32:00,196289235,408,"0,9901903451275802"
2023-04-16 15:33:00,186129743,593,"0,9899611309974748"
2023-04-16 15:34:00,175975671,600,"0,9898957761637873"
2023-04-16 15:35:00,168530244,322,"0,9898478556843514"
2023-04-16 15:36:00,162777718,190,"0,9897019862235981"
2023-04-16 15:37:00,154318836,410,"0,9894297795431811"
2023-04-16 15:38:00,152962881,10,"0,9894210204505267"
2023-04-16 15:39:00,146194911,267,"0,9893774308385364"
2023-04-16 15:40:00,146194615,2,"0,9893774274046464"
2023-04-16 15:41:00,144840964,10,"0,9893687082151352"
2023-04-16 15:42:00,142133697,42,"0,9893512695183176"
2023-04-16 15:43:00,142133649,0,"0,9893512689638323"
2023-04-16 15:44:00,136042445,216,"0,9893120305219344"
2023-04-16 15:45:00,136042203,0,"0,9893120277143902"
2023-04-16 15:46:00,136042193,0,"0,9895843184159242"
2023-04-16 15:47:00,136042193,0,"0,9898565124886488"
2023-04-16 15:48:00,136042177,0,"0,9902921528519698"
2023-04-16 15:49:00,136042203,0,"0,9902920570297565"
2023-04-16 15:50:00,136042203,0,"0,9902920570296968"
2023-04-16 15:51:00,136042022,0,"0,9914360769001846"
2023-04-16 15:52:00,136042023,0,"0,9925794968560816"
2023-04-16 15:53:00,136042170,0,"0,9920889130594676"
2023-04-16 15:54:00,130631574,158,"0,9913464808043028"
2023-04-16 15:55:00,127920620,41,"0,9912198712386417"
2023-04-16 15:56:00,127243458,2,"0,9912155103823539"
2023-04-16 15:57:00,123855124,79,"0,9923924240390394"
2023-04-16 15:58:00,122840662,15,"0,9949476895734528"
2023-04-16 15:59:00,117767234,150,"0,9950753012864851"
2023-04-16 16:00:00,117767877,25,"0,9948030040647087"
2023-04-16 16:01:00,117091423,1,"0,9941998612746"
2023-04-16 16:02:00,113708095,63,"0,9938512741266986"
2023-04-16 16:03:00,113706787,0,"0,9927627503317138"
2023-04-16 16:04:00,113706811,0,"0,9917824036588464"
2023-04-16 16:05:00,113706922,0,"0,9917819191346958"
2023-04-16 16:06:00,113706922,0,"0,9917819191346323"
2023-04-16 16:07:00,113706922,0,"0,9918363912330248"
2023-04-16 16:08:00,113706914,0,"0,9921087209213424"
2023-04-16 16:09:00,115399017,16,"0,9921195568059943"
2023-04-16 16:10:00,115737357,0,"0,9920127969692976"
2023-04-16 16:11:00,112357265,55,"0,9907937858285256"
2023-04-16 16:12:00,111676656,2,"0,9904619677282579"
2023-04-16 16:13:00,111676441,0,"0,9904619121264387"
2023-04-16 16:14:00,111676392,0,"0,9911156047315216"
2023-04-16 16:15:00,111676435,0,"0,9913332388634593"
2023-04-16 16:16:00,111676439,0,"0,9914421042487535"
2023-04-16 16:17:00,113030104,10,"0,9914508028494253"
2023-04-16 16:18:00,115737442,42,"0,9914682115004878"
2023-04-16 16:19:00,115737389,0,"0,9916860550754591"
2023-04-16 16:20:00,115651673,5723,"0,9921255310347613"
2023-04-16 16:21:00,115737394,0,"0,9921216717702211"
2023-04-16 16:22:00,112356579,57,"0,9911202493890864"
2023-04-16 16:23:00,110661500,15,"0,990945518539604"
2023-04-16 16:24:00,105585995,147,"0,9907495024792429"
2023-04-16 16:25:00,102877730,42,"0,9907320592880957"
2023-04-16 16:26:00,97463258,170,"0,9906972124935016"
2023-04-16 16:27:00,97463066,0,"0,9905883230442752"
2023-04-16 16:28:00,96786393,2,"0,9903661386334665"
2023-04-16 16:29:00,93402188,66,"0,9903443250956461"
2023-04-16 16:30:00,93402113,0,"0,9903443242304606"
2023-04-16 16:31:00,92725286,2,"0,990339966186624"
2023-04-16 16:32:00,89341234,66,"0,9903181760103335"
2023-04-16 16:33:00,87987510,10,"0,9903094584284141"
2023-04-16 16:34:00,81218033,269,"0,9904837575105352"
2023-04-16 16:35:00,79188543,24,"0,9905795762429338"
2023-04-16 16:36:00,75127884,96,"0,9905534253146366"
2023-04-16 16:37:00,75127773,0,"0,9903355707578454"
2023-04-16 16:38:00,69039245,211,"0,9898606579132448"
2023-04-16 16:39:00,67682701,10,"0,9898518192495976"
2023-04-16 16:40:00,60914420,1,"0,9889911016026659"
2023-04-16 16:41:00,60914415,0,"0,9887732284643916"
2023-04-16 16:42:00,56854675,94,"0,9884747157066427"
2023-04-16 16:43:00,55499051,11,"0,9890108111271488"
2023-04-16 16:44:00,48731086,268,"0,9890759368690029"
2023-04-16 16:45:00,48731525,0,"0,9894574005622878"
2023-04-16 16:46:00,48731528,0,"0,989729713185074"
2023-04-16 16:47:00,48731532,0,"0,9897296757231536"
2023-04-16 16:48:00,48054709,2,"0,9897253127217965"
2023-04-16 16:49:00,46701362,10,"0,9894986950850546"
2023-04-16 16:50:00,45348420,9,"0,9887275536116265"
2023-04-16 16:51:00,38579428,267,"0,9886835775127651"
2023-04-16 16:52:00,38579127,0,"0,9886835740194435"
2023-04-16 16:53:00,38579127,0,"0,9886835740194979"
2023-04-16 16:54:00,36548677,24,"0,9886704696624748"
2023-04-16 16:55:00,32487797,96,"0,9886442597532301"
2023-04-16 16:56:00,32487684,0,"0,9882628970135443"
2023-04-16 16:57:00,32487660,0,"0,9873370679495304"
2023-04-16 16:58:00,32487685,0,"0,9876636235974853"
2023-04-16 16:59:00,32487675,0,"0,9883175389533061"
2023-04-16 17:00:00,29103562,2,"0,988731356351641"
2023-04-16 17:01:00,28426191,3,"0,9894901098796564"
2023-04-16 17:02:00,22343191,211,"0,9881981683364944"
2023-04-16 17:03:00,22335275,0,"0,9872714464347283"
2023-04-16 17:04:00,22335287,0,"0,9872710114917832"
2023-04-16 17:05:00,22335286,0,"0,9870530837032435"
2023-04-16 17:06:00,20305723,23,"0,9866041237141133"
2023-04-16 17:07:00,20304801,0,"0,9869310372183725"
2023-04-16 17:08:00,17253175,57,"0,9888201600205736"
2023-04-16 17:09:00,14210224,55,"0,9898345276426349"
2023-04-16 17:10:00,14213360,0,"0,9898340073703553"
2023-04-16 17:11:00,14213359,0,"0,9895071456997351"
2023-04-16 17:12:00,10153847,95,"0,9891540357722368"
2023-04-16 17:13:00,10152400,0,"0,9891539718451635"
2023-04-16 17:14:00,10152390,0,"0,9881735667833299"
2023-04-16 17:15:00,10152400,0,"0,9881730804344928"
2023-04-16 17:16:00,8121947,24,"0,9881599649004968"
2023-04-16 17:17:00,8121920,0,"0,9881599645866458"
2023-04-16 17:18:00,5414657,42,"0,9881424765633768"
2023-04-16 17:19:00,4060968,10,"0,9881337315449392"
2023-04-16 17:20:00,1353652,1,"0,9881707518572201"
2023-04-16 17:21:00,-365,10,"0,9884345368441779"
2023-04-16 17:22:00,-3,0,"0,9884345015450304"
2023-04-16 17:23:00,-3,0,"0,988434501544975"
2023-04-16 17:24:00,-3,0,"0,9884345015450297"
2023-04-16 17:25:00,-3,0,"0,988434501544975"
2023-04-16 17:26:00,-3,0,"0,9884345015450297"
2023-04-16 17:27:00,-3,0,"0,9884345015449747"
2023-04-16 17:28:00,-3,0,"0,9884345015450297"
2023-04-16 17:29:00,-3,0,"0,9883254860345978"
2023-04-16 17:30:00,-3,0,"0,9881075203324754"
2023-04-16 17:31:00,-4060856,96,"0,9880812604827746"
2023-04-16 17:32:00,-4060963,0,"0,9880812592261968"
2023-04-16 17:33:00,-4060963,0,"0,9880812592261972"
2023-04-16 17:34:00,-4060963,0,"0,9880812592261969"
2023-04-16 17:35:00,-4060963,0,"0,9880812592261968"
2023-04-16 17:36:00,-4060963,0,"0,9880812592261969"
2023-04-16 17:37:00,-4060963,0,"0,9880812592261972"
2023-04-16 17:38:00,-4060963,0,"0,9880812592261969"
2023-04-16 17:39:00,-4060963,0,"0,9880812592261969"
2023-04-16 17:40:00,-4058294,386,"0,9878088738618324"
2023-04-16 17:41:00,-4060961,0,"0,9873185066445683"
2023-04-16 17:42:00,-4060963,0,"0,9871004194330975"
2023-04-16 17:43:00,-4399379,0,"0,9870982066482672"
2023-04-16 17:44:00,-6091425,16,"0,9870872632556401"
2023-04-16 17:45:00,-6091442,0,"0,9864879214149804"
2023-04-16 17:46:00,-4738598,10,"0,9858972175862605"
2023-04-16 17:47:00,-4061035,2,"0,9857924043942"
2023-04-16 17:48:00,-4060963,0,"0,9857923987967598"
2023-04-16 17:49:00,-4060963,0,"0,9857923987967053"
2023-04-16 17:50:00,-4060963,0,"0,9857923987967597"
2023-04-16 17:51:00,-4060963,0,"0,9857923987967055"
2023-04-16 17:52:00,-4060963,0,"0,9860649382197507"
2023-04-16 17:53:00,-4060963,0,"0,9861194142754912"
2023-04-16 17:54:00,-4060963,0,"0,9857924530189032"
2023-04-16 17:55:00,-4060961,0,"0,9850842318334688"
2023-04-16 17:56:00,-4060963,0,"0,9848115132349602"
2023-04-16 17:57:00,-1353608,43,"0,9848290257105584"
2023-04-16 17:58:00,233,10,"0,9850012877878151"
2023-04-16 17:59:00,-3,0,"0,9858190359481864"
2023-04-16 18:00:00,274085,26332,"0,9858271617559171"
2023-04-16 18:01:00,-92,-8,"0,9861457535026513"
2023-04-16 18:02:00,-3,0,"0,9862546702569376"
2023-04-16 18:03:00,-3,0,"0,9867998037989315"
2023-04-16 18:04:00,-3,0,"0,986799653225996"
2023-04-16 18:05:00,-3,0,"0,9866361937976447"
2023-04-16 18:06:00,-3,0,"0,9864726615278222"
2023-04-16 18:07:00,-3,0,"0,9866907151129423"
2023-04-16 18:08:00,-2030680,24,"0,9867865224291128"
2023-04-16 18:09:00,23,24,"0,9867996535412552"
2023-04-16 18:10:00,-3,0,"0,9867996532260392"
2023-04-16 18:11:00,-3,0,"0,986799653226039"
2023-04-16 18:12:00,-676827,2,"0,9867952747574664"
2023-04-16 18:13:00,186,2,"0,9870721865851293"
2023-04-16 18:14:00,-3,0,"0,987126659982042"
2023-04-16 18:15:00,-3,0,"0,9871266584789632"
2023-04-16 18:16:00,-3,0,"0,9871266584790176"
2023-04-16 18:17:00,-3,0,"0,9871266584790177"
2023-04-16 18:18:00,-338192,0,"0,9864706761159837"
2023-04-16 18:19:00,-2,0,"0,9864726479813027"
2023-04-16 18:20:00,87158,6116,"0,9856588673679203"
2023-04-16 18:21:00,-3,0,"0,985655223820703"
2023-04-16 18:22:00,-1353869,10,"0,9858099432495592"
2023-04-16 18:23:00,8,10,"0,9858186969227942"
2023-04-16 18:24:00,-3,0,"0,9864728648749465"
2023-04-16 18:25:00,-3,0,"0,9864726479730844"
2023-04-16 18:26:00,-1353719,10,"0,98651845973475"
2023-04-16 18:27:00,382,10,"0,9867996934025532"
2023-04-16 18:28:00,-3,0,"0,9867996532259856"
2023-04-16 18:29:00,-3,0,"0,9867996532259846"
2023-04-16 18:30:00,-3,0,"0,9867996532259848"
2023-04-16 18:31:00,-3,0,"0,987017661032472"
2023-04-16 18:32:00,-3,0,"0,987399167357566"
2023-04-16 18:33:00,-1354616,10,"0,9880989987537264"
2023-04-16 18:34:00,8,10,"0,9881074964295774"
2023-04-16 18:35:00,-3,0,"0,9879440368457572"
2023-04-16 18:36:00,-3,0,"0,9874537261462464"
2023-04-16 18:37:00,-1353196,10,"0,9871179615240374"
2023-04-16 18:38:00,-365,10,"0,986854199337076"
2023-04-16 18:39:00,-3,0,"0,9867996547334947"
2023-04-16 18:40:00,-5260,96,"0,9868004852943216"
2023-04-16 18:41:00,-1692050,16,"0,9867887070916381"
2023-04-16 18:42:00,15,16,"0,9867996534449452"
2023-04-16 18:43:00,-3,0,"0,9871267126603763"
2023-04-16 18:44:00,-3,0,"0,9871266584790191"
2023-04-16 18:45:00,-1692238,16,"0,9872246841834252"
2023-04-16 18:46:00,-1692069,0,"0,9878787948319104"
2023-04-16 18:47:00,388,16,"0,9881075229228701"
2023-04-16 18:48:00,-3,0,"0,9885435599183424"
2023-04-16 18:49:00,-3,0,"0,9887614714952467"
2023-04-16 18:50:00,-1353644,10,"0,9887527079357918"
2023-04-16 18:51:00,8,10,"0,9887614476219199"
2023-04-16 18:52:00,-3,0,"0,9887614474827076"
2023-04-16 18:53:00,-676752,2,"0,9886481214977344"
2023-04-16 18:54:00,-1353728,2,"0,9887527133533618"
2023-04-16 18:55:00,8,10,"0,9887614476219388"
2023-04-16 18:56:00,-3,0,"0,9887614474827076"
2023-04-16 18:57:00,-3,0,"0,9887614474826528"
2023-04-16 18:58:00,-3,0,"0,9887614474827076"
2023-04-16 18:59:00,-3,0,"0,9889794552413704"
2023-04-16 19:00:00,-3,0,"0,989091920867584"
2023-04-16 19:01:00,-3385169,66,"0,9893936101161317"
2023-04-16 19:02:00,-676782,42,"0,9894110323009294"
2023-04-16 19:03:00,-224,2,"0,9890885053463359"
2023-04-16 19:04:00,-3,0,"0,9887615015561528"
2023-04-16 19:05:00,-1015236,6,"0,9887548928161008"
2023-04-16 19:06:00,283,6,"0,9890339814079139"
2023-04-16 19:07:00,-3,0,"0,9890884542356979"
2023-04-16 19:08:00,-3,0,"0,9890884527356317"
2023-04-16 19:09:00,-3,0,"0,9890884527356861"
2023-04-16 19:10:00,-3,0,"0,9894699829919187"
2023-04-16 19:11:00,-3,0,"0,9897424414277618"
2023-04-16 19:12:00,-3,0,"0,9897424039262883"
2023-04-16 19:13:00,-3,0,"0,9897424039263424"
2023-04-16 19:14:00,-3,0,"0,9900694038647064"
2023-04-16 19:15:00,-3,0,"0,9900693498639668"
2023-04-16 19:16:00,-676827,2,"0,990064985855256"
2023-04-16 19:17:00,-4060889,66,"0,9900431656586176"
2023-04-16 19:18:00,-2030456,24,"0,9900562578825118"
2023-04-16 19:19:00,23,24,"0,9900693501760787"
2023-04-16 19:20:00,-3,0,"0,9900747668228708"
2023-04-16 19:21:00,-2707247,42,"0,9900518940319475"
2023-04-16 19:22:00,-676803,24,"0,990064986132688"
2023-04-16 19:23:00,0,2,"0,990069349898696"
2023-04-16 19:24:00,-3,0,"0,99006934986402"
2023-04-16 19:25:00,-1015236,6,"0,9900628038559148"
2023-04-16 19:26:00,3,6,"0,9900693499420473"
2023-04-16 19:27:00,-3,0,"0,990341822522932"
2023-04-16 19:28:00,-676864,2,"0,9903919344916823"
2023-04-16 19:29:00,148,2,"0,9906143045154291"
2023-04-16 19:30:00,-3,0,"0,9907232477291997"
2023-04-16 19:31:00,-3,0,"0,9907232417393759"
2023-04-16 19:32:00,-1353644,10,"0,9907145194978595"
2023-04-16 19:33:00,455,10,"0,9910503039771534"
2023-04-16 19:34:00,-3,0,"0,9916499280251628"
2023-04-16 19:35:00,-3,0,"0,9917041996679808"
2023-04-16 19:36:00,-676827,2,"0,9916998413684016"
2023-04-16 19:37:00,-75,2,"0,9915951822083208"
2023-04-16 19:38:00,-3,0,"0,9916498075567598"
2023-04-16 19:39:00,-338434,0,"0,9917020804644808"
2023-04-16 19:40:00,-3,0,"0,9917080111391482"
2023-04-16 19:41:00,-3,0,"0,991922264367665"
2023-04-16 19:42:00,-3,0,"0,9926854479971888"
2023-04-16 19:43:00,-3,0,"0,9936665360895344"
2023-04-16 19:44:00,-3,0,"0,9936660517550976"
2023-04-16 19:45:00,-338416,0,"0,9936638776467053"
2023-04-16 19:46:00,-1353650,5,"0,9936573552847112"
2023-04-16 19:47:00,8,10,"0,9936660518921407"
2023-04-16 19:48:00,-3,0,"0,9936660517549792"
2023-04-16 19:49:00,-3,0,"0,9936660517549246"
2023-04-16 19:50:00,-676827,2,"0,9936617035422504"
2023-04-16 19:51:00,0,2,"0,9936660517892829"
2023-04-16 19:52:00,-3,0,"0,993884059395088"
2023-04-16 19:53:00,-338453,0,"0,9939908300315059"
2023-04-16 19:54:00,-2030465,16,"0,993979957295222"
2023-04-16 19:55:00,23,23,"0,9939929980010915"
2023-04-16 19:56:00,-3,0,"0,9939929976926573"
2023-04-16 19:57:00,-3,0,"0,9939929976926024"
2023-04-16 19:58:00,-1353645,10,"0,9939843041428931"
2023-04-16 19:59:00,-676790,2,"0,9940431636429984"
2023-04-16 20:00:00,-3,0,"0,9943566559403832"
2023-04-16 20:01:00,-3,0,"0,9943200036210592"
2023-04-16 20:02:00,-3,0,"0,9943200029456358"
2023-04-16 20:03:00,-3,0,"0,9943200029455811"
2023-04-16 20:04:00,-3,0,"0,9942109873996152"
2023-04-16 20:05:00,-3,0,"0,9933394288558618"
2023-04-16 20:06:00,-3,0,"0,9930121544954403"
2023-04-16 20:07:00,-3,0,"0,9923583647399629"
2023-04-16 20:08:00,-3,0,"0,9923581493736899"
2023-04-16 20:09:00,-4059519,95,"0,9920051338602883"
2023-04-16 20:10:00,-677870,66,"0,9916998889329464"
2023-04-16 20:11:00,-224,2,"0,9913773047531586"
2023-04-16 20:12:00,-3,0,"0,9913772522452797"
2023-04-16 20:13:00,-676827,2,"0,99137289399389"
2023-04-16 20:14:00,-338416,0,"0,9913750731176884"
2023-04-16 20:15:00,71,0,"0,9915952604284329"
2023-04-16 20:16:00,-3,0,"0,991704263488841"
2023-04-16 20:17:00,-3,0,"0,9917042574982566"
2023-04-16 20:18:00,-3,0,"0,9917042574983111"
2023-04-16 20:19:00,-3,0,"0,9917042574983111"
2023-04-16 20:20:00,-1590,2,"0,9917070091549332"
2023-04-16 20:21:00,-3,0,"0,9917042575021288"
2023-04-16 20:22:00,-3,0,"0,9917042574983111"
2023-04-16 20:23:00,-1353793,10,"0,991804512078464"
2023-04-16 20:24:00,-2707595,10,"0,9920138036399082"
2023-04-16 20:25:00,43,42,"0,9920312039872371"
2023-04-16 20:26:00,-3,0,"0,9918132436551372"
2023-04-16 20:27:00,-1353496,10,"0,991695550830481"
2023-04-16 20:28:00,8,10,"0,9917042576362592"
2023-04-16 20:29:00,-3,0,"0,9917042574982566"
2023-04-16 20:30:00,-3,0,"0,9917042574983114"
2023-04-16 20:31:00,-1353645,10,"0,9916955438849685"
2023-04-16 20:32:00,8,10,"0,9917042576362877"
2023-04-16 20:33:00,-3,0,"0,9917042574982566"
2023-04-16 20:34:00,-338416,0,"0,9917020790892129"
2023-04-16 20:35:00,-2030465,16,"0,9916911870049536"
2023-04-16 20:36:00,-2030483,0,"0,991691186789276"
2023-04-16 20:37:00,-676818,10,"0,9916999007874312"
2023-04-16 20:38:00,0,2,"0,9917042575328179"
2023-04-16 20:39:00,-3,0,"0,9917042574982566"
2023-04-16 20:40:00,-1355882,10,"0,9916968793621491"
2023-04-16 20:41:00,453,10,"0,992031259890353"
2023-04-16 20:42:00,-3,0,"0,9920312034359907"
2023-04-16 20:43:00,-3,0,"0,9922492111155085"
2023-04-16 20:44:00,-677273,2,"0,9928989400614218"
2023-04-16 20:45:00,73,2,"0,9930121070375949"
2023-04-16 20:46:00,-3,0,"0,9933391003227469"
2023-04-16 20:47:00,-3,0,"0,9931210867013066"
2023-04-16 20:48:00,-2028675,23,"0,9922365181516163"
2023-04-16 20:49:00,-423,23,"0,9920312249015294"
2023-04-16 20:50:00,-3,0,"0,9912141160689923"
2023-04-16 20:51:00,-3,0,"0,9906145203078672"
2023-04-16 20:52:00,-3,0,"0,990396379140496"
2023-04-16 20:53:00,-3,0,"0,9908324185221936"
2023-04-16 20:54:00,-3,0,"0,990995809015784"
2023-04-16 20:55:00,-2030568,24,"0,991037168745304"
2023-04-16 20:56:00,-1353802,2,"0,9908235648914036"
2023-04-16 20:57:00,-140,10,"0,9907232469183057"
2023-04-16 20:58:00,-3,0,"0,9906142855244536"
2023-04-16 20:59:00,-1353347,10,"0,9903875965857235"
2023-04-16 21:00:00,-448,0,"0,9903971554781811"
2023-04-16 21:01:00,-2,0,"0,9921416994142285"
2023-04-16 21:02:00,-3,0,"0,9936672227822938"
2023-04-16 21:03:00,-676826,2,"0,9936617035480096"
2023-04-16 21:04:00,0,2,"0,993666051789283"
2023-04-16 21:05:00,-3,0,"0,9920324891012682"
2023-04-16 21:06:00,-3,0,"0,9912685251135168"
2023-04-16 21:07:00,-337839,0,"0,989578132313628"
2023-04-16 21:08:00,-282,0,"0,9887617844881118"
2023-04-16 21:09:00,-3,0,"0,9885434878553334"
2023-04-16 21:10:00,-676081,2,"0,9874498344780144"
2023-04-16 21:11:00,0,2,"0,9874536044490968"
2023-04-16 21:12:00,-3,0,"0,9874536044166413"
2023-04-16 21:13:00,-3,0,"0,988871485511532"
2023-04-16 21:14:00,-338602,0,"0,9894133636093202"
2023-04-16 21:15:00,-2,0,"0,9894153986817411"
2023-04-16 21:16:00,-3,0,"0,9894153986733093"
2023-04-16 21:17:00,-1015236,6,"0,9894088483387165"
2023-04-16 21:18:00,3,6,"0,9894153987514913"
2023-04-16 21:19:00,-3,0,"0,9894153986733638"
2023-04-16 21:20:00,-3,0,"0,9887658729089824"
2023-04-16 21:21:00,-3,0,"0,9890885053556979"
2023-04-16 21:22:00,-3,0,"0,9894154526924128"
2023-04-16 21:23:00,-3,0,"0,9894153986733105"
2023-04-16 21:24:00,-1353644,10,"0,989406664902573"
2023-04-16 21:25:00,8,10,"0,9894153988123549"
2023-04-16 21:26:00,-3,0,"0,9876187116636942"
2023-04-16 21:27:00,-3,0,"0,9859835848909891"
2023-04-16 21:28:00,-1354316,10,"0,9864640050951341"
2023-04-16 21:29:00,8,10,"0,9864726481123139"
2023-04-16 21:30:00,-3,0,"0,9864726479730063"
2023-04-16 21:31:00,-3,0,"0,9871268752765312"
2023-04-16 21:32:00,-2708008,43,"0,9873816232146797"
2023-04-16 21:33:00,492,43,"0,9875625836082464"
2023-04-16 21:34:00,-3,0,"0,988107646626688"
2023-04-16 21:35:00,-3,0,"0,988107496292008"
2023-04-16 21:36:00,-2030456,24,"0,9880943783171293"
2023-04-16 21:37:00,359,24,"0,9882709852679277"
2023-04-16 21:38:00,-3,0,"0,9884345150724797"
2023-04-16 21:39:00,-3,0,"0,9885434697568392"
2023-04-16 21:40:00,-675044,2,"0,9890874865987384"
2023-04-16 21:41:00,-2,2,"0,989088393445749"
2023-04-16 21:42:00,-3,0,"0,9886525813312868"
2023-04-16 21:43:00,-676677,2,"0,9884301553348637"
2023-04-16 21:44:00,-745,2,"0,9873451790499501"
2023-04-16 21:45:00,-2,0,"0,988489674868216"
2023-04-16 21:46:00,-3,0,"0,9887614848429128"
2023-04-16 21:47:00,-2030121,24,"0,9885848787351923"
2023-04-16 21:48:00,-312,24,"0,9884345132085819"
2023-04-16 21:49:00,-3,0,"0,988434501544975"
2023-04-16 21:50:00,-338416,0,"0,9884323159297344"
2023-04-16 21:51:00,-1014904,2,"0,9879375870522557"
2023-04-16 21:52:00,-947,6,"0,9870180653334658"
2023-04-16 21:53:00,-4,0,"0,986363843411955"
2023-04-16 21:54:00,-3,0,"0,9864181980245328"
2023-04-16 21:55:00,-676939,2,"0,9865773622046313"
2023-04-16 21:56:00,560,2,"0,9873994952601194"
2023-04-16 21:57:00,-3,0,"0,9877806238823555"
2023-04-16 21:58:00,-676827,2,"0,9877761762340705"
2023-04-16 21:59:00,-224,2,"0,9874536571119762"
2023-04-16 22:00:00,-3995,10,"0,9874579504459661"
2023-04-16 22:01:00,-338414,0,"0,9874514166492911"
2023-04-16 22:02:00,-338416,0,"0,9863076478548416"
2023-04-16 22:03:00,-506,0,"0,984838894883432"
2023-04-16 22:04:00,-3,0,"0,9841840663091016"
2023-04-16 22:05:00,-676827,2,"0,9841794583586032"
2023-04-16 22:06:00,-561,2,"0,9833667601545053"
2023-04-16 22:07:00,-4,0,"0,9818961502386316"
2023-04-16 22:08:00,-3,0,"0,9817860336063207"
2023-04-16 22:09:00,-1353494,10,"0,9816682696310962"
2023-04-16 22:10:00,-1353654,0,"0,983086221646667"
2023-04-16 22:11:00,-292,10,"0,9828759686727108"
2023-04-16 22:12:00,-3,0,"0,9823311674876195"
2023-04-16 22:13:00,-338660,0,"0,9830374751775632"
2023-04-16 22:14:00,-676885,0,"0,9831985700179096"
2023-04-16 22:15:00,826,2,"0,984402568509912"
2023-04-16 22:16:00,-3,0,"0,9845108596721298"
2023-04-16 22:17:00,-1015236,6,"0,9845042707501096"
2023-04-16 22:18:00,-676829,0,"0,9845064650423022"
2023-04-16 22:19:00,-262,2,"0,9841294692516643"
2023-04-16 22:20:00,-3,0,"0,9835474610803475"
2023-04-16 22:21:00,-2707213,43,"0,9835123850529326"
2023-04-16 22:22:00,-4061701,10,"0,9840486879091472"
2023-04-16 22:23:00,-2030794,24,"0,9838981914741716"
2023-04-16 22:24:00,-88,24,"0,983856903621936"
2023-04-16 22:25:00,-3,0,"0,9832031686703405"
2023-04-16 22:26:00,-676827,2,"0,98319855685042"
2023-04-16 22:27:00,-1353653,2,"0,9831941622734157"
2023-04-16 22:28:00,-291,10,"0,9829849899623913"
2023-04-16 22:29:00,-3,0,"0,9825491561221379"
2023-04-16 22:30:00,-676827,2,"0,9825446620499623"
2023-04-16 22:31:00,-676829,0,"0,983526053158628"
2023-04-16 22:32:00,-225,2,"0,9832030044323185"
2023-04-16 22:33:00,-3,0,"0,9825492176587618"
2023-04-16 22:34:00,-676376,2,"0,9818908693129144"
2023-04-16 22:35:00,-1014677,0,"0,9802549541128269"
2023-04-16 22:36:00,-674,6,"0,9796064641491536"
2023-04-16 22:37:00,-2,0,"0,9806422043008913"
2023-04-16 22:38:00,-1016873,6,"0,9822167178681169"
2023-04-16 22:39:00,-676716,0,"0,9825446574324976"
2023-04-16 22:40:00,-3,0,"0,9826754826726752"
2023-04-16 22:41:00,-3,0,"0,9828759665291251"
2023-04-16 22:42:00,-338359,0,"0,982710288735409"
2023-04-16 22:43:00,-338416,0,"0,9818931887555827"
2023-04-16 22:44:00,279,0,"0,9827128149220781"
2023-04-16 22:45:00,-3,0,"0,9828759596220566"
2023-04-16 22:46:00,-676489,2,"0,9823811942994836"
2023-04-16 22:47:00,-2029344,10,"0,981555244936395"
2023-04-16 22:48:00,-676818,10,"0,9815637013148314"
2023-04-16 22:49:00,0,2,"0,9815681030516762"
2023-04-16 22:50:00,-3,0,"0,9818951034041488"
2023-04-16 22:51:00,-1353644,10,"0,9818862482918567"
2023-04-16 22:52:00,-1341,10,"0,9809146331301114"
2023-04-16 22:53:00,-3,0,"0,9810231793532919"
2023-04-16 22:54:00,-3,0,"0,9815682543589955"
2023-04-16 22:55:00,-1353644,10,"0,9815592994237076"
2023-04-16 22:56:00,8,10,"0,981568103158441"
2023-04-16 22:57:00,-3,0,"0,981786110950812"
2023-04-16 22:58:00,-1016533,6,"0,9830337365580333"
