,mean voltage p.u.,P,Q
2023-09-19 22:00:00,"1,0043194293699642",-11,0
2023-09-19 22:01:00,"1,004704787696607",-11,0
2023-09-19 22:02:00,"1,007184099941983",-11,0
2023-09-19 22:03:00,"1,007896555911204",-11,0
2023-09-19 22:04:00,"1,0083366400455425",-11,0
2023-09-19 22:05:00,"1,0077864241278585",-11,0
2023-09-19 22:06:00,"1,0049288370272602",-11,0
2023-09-19 22:07:00,"1,0040446836188377",-11,0
2023-09-19 22:08:00,"1,002010383911768",-11,0
2023-09-19 22:09:00,"1,0021734370038564",-11,0
2023-09-19 22:10:00,"1,000853574296949",-11,0
2023-09-19 22:11:00,"0,9997527698947105",-10,0
2023-09-19 22:12:00,"1,0007431639225153",-11,0
2023-09-19 22:13:00,"1,0009628775179888",-11,0
2023-09-19 22:14:00,"1,0020638792101886",-11,0
2023-09-19 22:15:00,"1,002723911049406",-11,0
2023-09-19 22:16:00,"1,002393538530726",-11,0
2023-09-19 22:17:00,"1,0017334013467671",-11,0
2023-09-19 22:18:00,"1,0012379917987462",-11,0
2023-09-19 22:19:00,"1,0007427963646411",-11,0
2023-09-19 22:20:00,"1,000302433940082",-11,0
2023-09-19 22:21:00,"0,9991468190872085",-10,0
2023-09-19 22:22:00,"1,0019532441817358",-11,0
2023-09-19 22:23:00,"1,0000822543822878",-11,0
2023-09-19 22:24:00,"1,0000822543822878",-11,0
2023-09-19 22:25:00,"1,001623153658979",-11,0
2023-09-19 22:26:00,"1,0023934840880349",-11,0
2023-09-19 22:27:00,"1,0026136636458292",-11,0
2023-09-19 22:28:00,"1,0037142038069318",-11,0
2023-09-19 22:29:00,"1,0037142038069318",-11,0
2023-09-19 22:30:00,"1,0037142038069318",-11,0
2023-09-19 22:31:00,"1,0040442943296886",-11,0
2023-09-19 22:32:00,"1,0040442943296886",-11,0
2023-09-19 22:33:00,"1,0061354636869309",-11,0
2023-09-19 22:34:00,"1,008336544009136",-11,0
2023-09-19 22:35:00,"1,0080063342770893",-11,0
2023-09-19 22:36:00,"1,0080063342770893",-11,0
2023-09-19 22:37:00,"1,0080063342770893",-11,0
2023-09-19 22:38:00,"1,0067956447324449",-11,0
2023-09-19 22:39:00,"1,006025314303389",-11,0
2023-09-19 22:40:00,"1,0063004493436645",-11,0
2023-09-19 22:41:00,"1,0063555240354356",-11,0
2023-09-19 22:42:00,"1,0063555240354356",-11,0
2023-09-19 22:43:00,"1,0065757035932297",-11,0
2023-09-19 22:44:00,"1,0070158242902392",-11,0
2023-09-19 22:45:00,"1,0072909593305148",-11,0
2023-09-19 22:46:00,"1,0071258544644914",-11,0
2023-09-19 22:47:00,"1,006025314303389",-11,0
2023-09-19 22:48:00,"1,0066856145581924",-11,0
2023-09-19 22:49:00,"1,0070158242902392",-11,0
2023-09-19 22:50:00,"1,0070158242902392",-11,0
2023-09-19 22:51:00,"1,0070158242902392",-11,0
2023-09-19 22:52:00,"1,0063555240354356",-11,0
2023-09-19 22:53:00,"1,0062454938611831",-11,0
2023-09-19 22:54:00,"1,0070158242902392",-11,0
2023-09-19 22:55:00,"1,0070158242902392",-11,0
2023-09-19 22:56:00,"1,0070158242902392",-11,0
2023-09-19 22:57:00,"1,0070158242902392",-11,0
2023-09-19 22:58:00,"1,0066857337674822",-11,0
2023-09-19 22:59:00,"1,0058603286466554",-11,0
2023-09-19 23:00:00,"1,0053650140485857",-11,0
2023-09-19 23:01:00,"1,0061904191694124",-11,0
2023-09-19 23:02:00,"1,0063555240354356",-11,0
2023-09-19 23:03:00,"1,0058052539548843",-11,0
2023-09-19 23:04:00,"1,0056952237806318",-11,0
2023-09-19 23:05:00,"1,0056952237806318",-11,0
2023-09-19 23:06:00,"1,0056952237806318",-11,0
2023-09-19 23:07:00,"1,0053650140485857",-11,0
2023-09-19 23:08:00,"1,0053650140485857",-11,0
2023-09-19 23:09:00,"1,0055850743970902",-11,0
2023-09-19 23:10:00,"1,0063004493436645",-11,0
2023-09-19 23:11:00,"1,0067956447324449",-11,0
2023-09-19 23:12:00,"1,0070158242902392",-11,0
2023-09-19 23:13:00,"1,0066306590757117",-11,0
2023-09-19 23:14:00,"1,0063555240354356",-11,0
2023-09-19 23:15:00,"1,0063555240354356",-11,0
2023-09-19 23:16:00,"1,0063555240354356",-11,0
2023-09-19 23:17:00,"1,0066306590757117",-11,0
2023-09-19 23:18:00,"1,0073460340222855",-11,0
2023-09-19 23:19:00,"1,0076762437543323",-11,0
2023-09-19 23:20:00,"1,00767788292211",-11,0
2023-09-19 23:21:00,"1,0071810516969322",-11,0
2023-09-19 23:22:00,"1,0109777615428712",-11,100163
2023-09-19 23:23:00,"1,0113078310813162",-11,133987
2023-09-19 23:24:00,"1,011307777229658",-11,133971
2023-09-19 23:25:00,"1,010757781488837",-11,77659
2023-09-19 23:26:00,"1,0106476326697706",-11,66346
2023-09-19 23:27:00,"1,0106476266686633",-11,66344
2023-09-19 23:28:00,"1,0120239258526222",-11,207526
2023-09-19 23:29:00,"1,0139503301803685",-11,405051
2023-09-19 23:30:00,"1,013508575396192",-11,359443
2023-09-19 23:31:00,"1,0132883731860374",-11,336870
2023-09-19 23:32:00,"1,0132883492648894",-11,336863
2023-09-19 23:33:00,"1,0126284131128689",-11,269302
2023-09-19 23:34:00,"1,0126281981193317",-11,269236
2023-09-19 23:35:00,"1,0130683149869717",-11,314342
2023-09-19 23:36:00,"1,0132883731547535",-11,336870
2023-09-19 23:37:00,"1,0132883492648894",-11,336863
2023-09-19 23:38:00,"1,0132883492648894",-11,336863
2023-09-19 23:39:00,"1,0132883492648894",-11,336863
2023-09-19 23:40:00,"1,0129582143751483",-11,303036
2023-09-19 23:41:00,"1,012078434750386",-11,212996
2023-09-19 23:42:00,"1,0119679340175178",-11,201599
2023-09-19 23:43:00,"1,0119679279858815",-11,201597
2023-09-19 23:44:00,"1,0130138161247093",-11,308850
2023-09-19 23:45:00,"1,013618664924259",-11,370737
2023-09-19 23:46:00,"1,013013457076818",-11,308739
2023-09-19 23:47:00,"1,010211371959032",-11,22445
2023-09-19 23:48:00,"1,009437084170356",-11,0
2023-09-19 23:49:00,"1,009327059992714",-11,0
2023-09-19 23:50:00,"1,0093270539959862",-11,0
2023-09-19 23:51:00,"1,0093270539959862",-11,0
2023-09-19 23:52:00,"1,0093270539959862",-11,0
2023-09-19 23:53:00,"1,0093270539959862",-11,0
2023-09-19 23:54:00,"1,0093270539959862",-11,0
2023-09-19 23:55:00,"1,0093270539959862",-11,0
2023-09-19 23:56:00,"1,0093270539959862",-11,0
2023-09-19 23:57:00,"1,01042749707055",-11,43794
2023-09-19 23:58:00,"1,01064753143351",-11,66339
2023-09-19 23:59:00,"1,0104275210173848",-11,43801
2023-09-20 00:00:00,"1,00998735425079",-11,0
2023-09-20 00:01:00,"1,0116377929939404",-11,167778
2023-09-20 00:02:00,"1,0132896954575192",-11,337277
2023-09-20 00:03:00,"1,0132883492657836",-11,336863
2023-09-20 00:04:00,"1,013288349264889",-11,336863
2023-09-20 00:05:00,"1,0132883492648894",-11,336863
2023-09-20 00:06:00,"1,0132883492648894",-11,336863
2023-09-20 00:07:00,"1,0128483043220795",-11,291804
2023-09-20 00:08:00,"1,0116385162032164",-11,168000
2023-09-20 00:09:00,"1,0116377929924976",-11,167778
2023-09-20 00:10:00,"1,0111978676601745",-11,122731
2023-09-20 00:11:00,"1,0109776663092234",-11,100159
2023-09-20 00:12:00,"1,0114178782561778",-11,145269
2023-09-20 00:13:00,"1,0121883509097382",-11,224238
2023-09-20 00:14:00,"1,0122980689728114",-11,235419
2023-09-20 00:15:00,"1,012848358206744",-11,291820
2023-09-20 00:16:00,"1,0129582200328917",-11,303045
2023-09-20 00:17:00,"1,0122982780956835",-11,235483
2023-09-20 00:18:00,"1,0136743614105173",-11,376597
2023-09-20 00:19:00,"1,014609201894785",-11,472260
2023-09-20 00:20:00,"1,0152689234869543",-11,539739
2023-09-20 00:21:00,"1,0146088667903377",-11,472182
2023-09-20 00:22:00,"1,0141136891322384",-11,421436
2023-09-20 00:23:00,"1,013288685041794",-11,336966
2023-09-20 00:24:00,"1,0126282942268838",-11,269290
2023-09-20 00:25:00,"1,0126280789369797",-11,269224
2023-09-20 00:26:00,"1,0126280789369568",-11,269224
2023-09-20 00:27:00,"1,0129583871006962",-11,303072
2023-09-20 00:28:00,"1,0132884029938447",-11,336879
2023-09-20 00:29:00,"1,0132883492648903",-11,336863
2023-09-20 00:30:00,"1,0139487155982505",-11,404555
2023-09-20 00:31:00,"1,0139485006045823",-11,404489
2023-09-20 00:32:00,"1,012683930559936",-11,275106
2023-09-20 00:33:00,"1,012298136526036",-11,235439
2023-09-20 00:34:00,"1,0117480669372716",-11,179105
2023-09-20 00:35:00,"1,010648224986784",-11,66528
2023-09-20 00:36:00,"1,0107576378054135",-11,77615
2023-09-20 00:37:00,"1,01196877175266",-11,201832
2023-09-20 00:38:00,"1,0122981165912623",-11,235433
2023-09-20 00:39:00,"1,0122980630282554",-11,235417
2023-09-20 00:40:00,"1,0134534303191802",-11,353777
2023-09-20 00:41:00,"1,0139486214977078",-11,404527
2023-09-20 00:42:00,"1,0139485006045668",-11,404489
2023-09-20 00:43:00,"1,0140035643790273",-11,410131
2023-09-20 00:44:00,"1,0142786732395588",-11,438320
2023-09-20 00:45:00,"1,0142786359382805",-11,438309
2023-09-20 00:46:00,"1,01427863593828",-11,438309
2023-09-20 00:47:00,"1,01427863593828",-11,438309
2023-09-20 00:48:00,"1,014608705814552",-11,472133
2023-09-20 00:49:00,"1,0146086521379427",-11,472116
2023-09-20 00:50:00,"1,014498652694812",-11,460849
2023-09-20 00:51:00,"1,0136187471486524",-11,370787
2023-09-20 00:52:00,"1,013288403100748",-11,336879
2023-09-20 00:53:00,"1,0132883492648908",-11,336863
2023-09-20 00:54:00,"1,0139487155982505",-11,404555
2023-09-20 00:55:00,"1,0149392708378522",-11,506084
2023-09-20 00:56:00,"1,014608705975662",-11,472133
2023-09-20 00:57:00,"1,0144437170371456",-11,455223
2023-09-20 00:58:00,"1,0159301621585788",-11,607715
2023-09-20 00:59:00,"1,0157640207574572",-11,590476
2023-09-20 01:00:00,"1,0156122899700732",-11,577654
2023-09-20 01:01:00,"1,0153789552941317",-11,551033
2023-09-20 01:02:00,"1,0120834167026758",-11,214518
2023-09-20 01:03:00,"1,011638010204664",-11,167821
2023-09-20 01:04:00,"1,0116379121745434",-11,167790
2023-09-20 01:05:00,"1,0116379121745382",-11,167790
2023-09-20 01:06:00,"1,0116379121745385",-11,167790
2023-09-20 01:07:00,"1,0116379121745385",-11,167790
2023-09-20 01:08:00,"1,0113078310850832",-11,133987
2023-09-20 01:09:00,"1,0113077772296577",-11,133971
2023-09-20 01:10:00,"1,0117480131965222",-11,179089
2023-09-20 01:11:00,"1,0135098910346925",-11,359871
2023-09-20 01:12:00,"1,014389022201024",-11,449695
2023-09-20 01:13:00,"1,0139485962362231",-11,404519
2023-09-20 01:14:00,"1,0129586976490033",-11,303192
2023-09-20 01:15:00,"1,0118036388144491",-11,184902
2023-09-20 01:16:00,"1,0110880199381618",-11,111510
2023-09-20 01:17:00,"1,01031778540511",-11,32615
2023-09-20 01:18:00,"1,0103174918704263",-11,32525
2023-09-20 01:19:00,"1,0103174918703834",-11,32525
2023-09-20 01:20:00,"1,0103194289351427",-11,33118
2023-09-20 01:21:00,"1,0103174918722404",-11,32525
2023-09-20 01:22:00,"1,0103174918703834",-11,32525
2023-09-20 01:23:00,"1,0111430467142024",-11,117165
2023-09-20 01:24:00,"1,0119682643749115",-11,201701
2023-09-20 01:25:00,"1,0126282939914484",-11,269290
2023-09-20 01:26:00,"1,0122981168623215",-11,235433
2023-09-20 01:27:00,"1,0118029816050595",-11,184725
2023-09-20 01:28:00,"1,0116378064736653",-11,167782
2023-09-20 01:29:00,"1,0114728581426184",-11,150885
2023-09-20 01:30:00,"1,0113077906979024",-11,133975
2023-09-20 01:31:00,"1,011307777229656",-11,133971
2023-09-20 01:32:00,"1,0115828873539086",-11,162161
2023-09-20 01:33:00,"1,011637913670731",-11,167791
2023-09-20 01:34:00,"1,0116379121745385",-11,167790
2023-09-20 01:35:00,"1,0116379121745385",-11,167790
2023-09-20 01:36:00,"1,0108130305852931",-11,83357
2023-09-20 01:37:00,"1,011087804076166",-11,111444
2023-09-20 01:38:00,"1,011968310960771",-11,201715
2023-09-20 01:39:00,"1,0114729659602724",-11,150918
2023-09-20 01:40:00,"1,010989035348692",-11,103605
2023-09-20 01:41:00,"1,0116381203596183",-11,167853
2023-09-20 01:42:00,"1,012408361259327",-11,246776
2023-09-20 01:43:00,"1,0126282219818654",-11,269243
2023-09-20 01:44:00,"1,0126281981193097",-11,269236
2023-09-20 01:45:00,"1,0125181987847756",-11,257969
2023-09-20 01:46:00,"1,0115282720162504",-11,156657
2023-09-20 01:47:00,"1,0113078012561385",-11,133978
2023-09-20 01:48:00,"1,0113077772296568",-11,133971
2023-09-20 01:49:00,"1,0113077772296566",-11,133971
2023-09-20 01:50:00,"1,0117480131965222",-11,179089
2023-09-20 01:51:00,"1,012078106267832",-11,212895
2023-09-20 01:52:00,"1,0126283475803572",-11,269282
2023-09-20 01:53:00,"1,0136188491657272",-11,370819
2023-09-20 01:54:00,"1,0136183653194",-11,370670
2023-09-20 01:55:00,"1,013453430295408",-11,353777
2023-09-20 01:56:00,"1,0126285340272445",-11,269339
2023-09-20 01:57:00,"1,012628198119365",-11,269236
2023-09-20 01:58:00,"1,0127382094067952",-11,280507
2023-09-20 01:59:00,"1,0132884986546111",-11,336909
2023-09-20 02:00:00,"1,0131793526337336",-11,325903
2023-09-20 02:01:00,"1,0126283479953229",-11,269282
2023-09-20 02:02:00,"1,012078201939973",-11,212924
2023-09-20 02:03:00,"1,0113080703985975",-11,134061
2023-09-20 02:04:00,"1,0113077772296988",-11,133971
2023-09-20 02:05:00,"1,0113077772296564",-11,133971
2023-09-20 02:06:00,"1,011307777229656",-11,133971
2023-09-20 02:07:00,"1,011307777229656",-11,133971
2023-09-20 02:08:00,"1,0126290599321848",-11,269501
2023-09-20 02:09:00,"1,0129582675601458",-11,303060
2023-09-20 02:10:00,"1,014720306256601",-11,483867
2023-09-20 02:11:00,"1,0149388110838886",-11,505943
2023-09-20 02:12:00,"1,0144987421575955",-11,460876
2023-09-20 02:13:00,"1,0142786598100688",-11,438316
2023-09-20 02:14:00,"1,0142235751473636",-11,432669
2023-09-20 02:15:00,"1,0139485378985555",-11,404501
2023-09-20 02:16:00,"1,0139485006045603",-11,404489
2023-09-20 02:17:00,"1,0139485006045594",-11,404489
2023-09-20 02:18:00,"1,013288564118631",-11,336929
2023-09-20 02:19:00,"1,012463466694261",-11,252429
2023-09-20 02:20:00,"1,0119680490627148",-11,201634
2023-09-20 02:21:00,"1,0116379660130337",-11,167807
2023-09-20 02:22:00,"1,010977857790398",-11,100217
2023-09-20 02:23:00,"1,0113078310499044",-11,133987
2023-09-20 02:24:00,"1,0118580722847783",-11,190374
2023-09-20 02:25:00,"1,0119679339479537",-11,201599
2023-09-20 02:26:00,"1,0119679279858815",-11,201597
2023-09-20 02:27:00,"1,0119679279858818",-11,201597
2023-09-20 02:28:00,"1,0119679279858818",-11,201597
2023-09-20 02:29:00,"1,0119679279858818",-11,201597
2023-09-20 02:30:00,"1,0119679279858818",-11,201597
2023-09-20 02:31:00,"1,01185792868769",-11,190330
2023-09-20 02:32:00,"1,011307926755615",-11,134017
2023-09-20 02:33:00,"1,0118031008063373",-11,184737
2023-09-20 02:34:00,"1,0122981840656864",-11,235454
2023-09-20 02:35:00,"1,0122980630282612",-11,235417
2023-09-20 02:36:00,"1,012298063028254",-11,235417
2023-09-20 02:37:00,"1,012298063028254",-11,235417
2023-09-20 02:38:00,"1,0129585485404833",-11,303122
2023-09-20 02:39:00,"1,0126832977652485",-11,274888
2023-09-20 02:40:00,"1,0119692757410967",-11,202012
2023-09-20 02:41:00,"1,0119679279867788",-11,201597
2023-09-20 02:42:00,"1,0119679279858815",-11,201597
2023-09-20 02:43:00,"1,0111979458911051",-11,122779
2023-09-20 02:44:00,"1,0103178750908728",-11,32642
2023-09-20 02:45:00,"1,0103174918704565",-11,32525
2023-09-20 02:46:00,"1,010537526225336",-11,55070
2023-09-20 02:47:00,"1,0106475134699329",-11,66334
2023-09-20 02:48:00,"1,0106475074864167",-11,66332
2023-09-20 02:49:00,"1,0106475074864167",-11,66332
2023-09-20 02:50:00,"1,0098222493848397",-11,0
2023-09-20 02:51:00,"1,0096572772057846",-11,0
2023-09-20 02:52:00,"1,0088871080574653",-11,0
2023-09-20 02:53:00,"1,0080067187415382",-11,0
2023-09-20 02:54:00,"1,006466732370542",-11,0
2023-09-20 02:55:00,"1,005860511328042",-11,0
2023-09-20 02:56:00,"1,0063556458403868",-11,0
2023-09-20 02:57:00,"1,00734652135932",-11,0
2023-09-20 02:58:00,"1,0083370305074897",-11,0
2023-09-20 02:59:00,"1,0085016623127334",-11,0
2023-09-20 03:00:00,"1,0093270540084556",-11,0
2023-09-20 03:01:00,"1,0093270539959862",-11,0
2023-09-20 03:02:00,"1,0119679279937472",-11,201597
2023-09-20 03:03:00,"1,0107033606037812",-11,72215
2023-09-20 03:04:00,"1,0089969634746967",-11,0
2023-09-20 03:05:00,"1,0089969634732292",-11,0
2023-09-20 03:06:00,"1,0086668077742824",-11,0
2023-09-20 03:07:00,"1,008336598077612",-11,0
2023-09-20 03:08:00,"1,0083365440091374",-11,0
2023-09-20 03:09:00,"1,008336544009136",-11,0
2023-09-20 03:10:00,"1,008556747606046",-11,0
2023-09-20 03:11:00,"1,008941962319078",-11,0
2023-09-20 03:12:00,"1,0089968457566063",-11,0
2023-09-20 03:13:00,"1,0089968442639397",-11,0
2023-09-20 03:14:00,"1,0096574798604574",-11,0
2023-09-20 03:15:00,"1,009657263728056",-11,0
2023-09-20 03:16:00,"1,009272052816333",-11,0
2023-09-20 03:17:00,"1,0093270554946554",-11,0
2023-09-20 03:18:00,"1,008666969725884",-11,0
2023-09-20 03:19:00,"1,0086667537412055",-11,0
2023-09-20 03:20:00,"1,0083365440865295",-11,2
2023-09-20 03:21:00,"1,0066870850894811",-11,0
2023-09-20 03:22:00,"1,0045968581502132",-11,0
2023-09-20 03:23:00,"1,005034899776147",-11,0
2023-09-20 03:24:00,"1,0050348043165436",-11,0
2023-09-20 03:25:00,"1,0051449597361335",-11,0
2023-09-20 03:26:00,"1,0053650381366035",-11,0
2023-09-20 03:27:00,"1,0053650140485857",-11,0
2023-09-20 03:28:00,"1,0053650140485852",-11,0
2023-09-20 03:29:00,"1,0053650140485857",-11,0
2023-09-20 03:30:00,"1,0053650140485857",-11,0
2023-09-20 03:31:00,"1,0053650140485857",-11,0
2023-09-20 03:32:00,"1,004704811497684",-11,0
2023-09-20 03:33:00,"1,0044845583834143",-11,0
2023-09-20 03:34:00,"1,0040443908132213",-11,0
2023-09-20 03:35:00,"1,0039342701949507",-11,0
2023-09-20 03:36:00,"1,0033841448834675",-11,0
2023-09-20 03:37:00,"1,0033839940748963",-11,0
2023-09-20 03:38:00,"1,0022840574656895",-11,0
2023-09-20 03:39:00,"1,0010734963128194",-11,0
2023-09-20 03:40:00,"1,0010727667240409",-11,61
2023-09-20 03:41:00,"1,0007427282686523",-11,0
2023-09-20 03:42:00,"1,000412518611064",-11,0
2023-09-20 03:43:00,"1,0005775825955536",-11,0
2023-09-20 03:44:00,"1,001403314540122",-11,0
2023-09-20 03:45:00,"1,0014029741012422",-11,0
2023-09-20 03:46:00,"1,0008528552071032",-11,0
2023-09-20 03:47:00,"1,0007426799111747",-11,0
2023-09-20 03:48:00,"1,0004125185951087",-11,0
2023-09-20 03:49:00,"0,9983785010290902",-10,0
2023-09-20 03:50:00,"0,9983214155984944",-10,0
2023-09-20 03:51:00,"0,9997531294107125",-10,0
2023-09-20 03:52:00,"1,00008230855723",-11,0
2023-09-20 03:53:00,"0,9997522183528064",-10,0
2023-09-20 03:54:00,"0,9982125116590768",-10,0
2023-09-20 03:55:00,"0,9981013002089891",-10,0
2023-09-20 03:56:00,"0,9987618723209288",-10,0
2023-09-20 03:57:00,"0,9994221722515456",-10,0
2023-09-20 03:58:00,"1,0070447928504245",-11,0
2023-09-20 03:59:00,"1,011637912232923",-11,167788
2023-09-20 04:00:00,"1,0132883493381657",-11,336859
2023-09-20 04:01:00,"1,0124084506055593",-11,246803
2023-09-20 04:02:00,"1,0116931080582428",-11,173496
2023-09-20 04:03:00,"1,0096571445209914",-11,0
2023-09-20 04:04:00,"1,0071290275363527",-11,0
2023-09-20 04:05:00,"1,0044880061569748",-11,0
2023-09-20 04:06:00,"1,0015175286776503",-11,0
2023-09-20 04:07:00,"0,9986557241815026",-10,0
2023-09-20 04:08:00,"0,9951359886176285",-10,0
2023-09-20 04:09:00,"0,9943596770580838",-10,0
2023-09-20 04:10:00,"0,9938091967918965",-10,0
2023-09-20 04:11:00,"0,9936440128025502",-10,0
2023-09-20 04:12:00,"0,9934789675203997",-10,0
2023-09-20 04:13:00,"0,9934789538110277",-10,0
2023-09-20 04:14:00,"0,9975593692302902",-10,0
2023-09-20 04:15:00,"0,9994236929826371",-10,0
2023-09-20 04:16:00,"0,9998622902307527",-10,0
2023-09-20 04:17:00,"1,0000822785776784",-11,0
2023-09-20 04:18:00,"0,9998622778419232",-10,0
2023-09-20 04:19:00,"0,9991471346251283",-10,0
2023-09-20 04:20:00,"0,9991373090012272",-10,0
2023-09-20 04:21:00,"0,9990918646383165",-10,0
2023-09-20 04:22:00,"0,9974423576843888",-10,0
2023-09-20 04:23:00,"0,9964509173944848",-10,0
2023-09-20 04:24:00,"0,9964504241670556",-10,0
2023-09-20 04:25:00,"0,9946911395529494",-10,0
2023-09-20 04:26:00,"0,9924359314992909",-10,0
2023-09-20 04:27:00,"0,9938100539254704",-10,0
2023-09-20 04:28:00,"0,9931489641062952",-10,0
2023-09-20 04:29:00,"0,9924886634725176",-10,0
2023-09-20 04:30:00,"0,993479447859469",-10,0
2023-09-20 04:31:00,"1,0004366552108346",-11,0
2023-09-20 04:32:00,"1,0000823171548516",-11,0
2023-09-20 04:33:00,"0,9992022813197384",-10,0
2023-09-20 04:34:00,"1,001239942698338",-11,0
2023-09-20 04:35:00,"1,0052077401399022",-11,0
2023-09-20 04:36:00,"1,0055301706094328",-11,0
2023-09-20 04:37:00,"1,0050350454862036",-11,0
2023-09-20 04:38:00,"1,005034923525836",-11,0
2023-09-20 04:39:00,"1,0063563916598663",-11,0
2023-09-20 04:40:00,"1,0083628916559546",-11,0
2023-09-20 04:41:00,"1,008666799524386",-11,0
2023-09-20 04:42:00,"1,0092171738944722",-11,0
2023-09-20 04:43:00,"1,0070182251313091",-11,0
2023-09-20 04:44:00,"1,0065756816666045",-11,0
2023-09-20 04:45:00,"1,0070159205202265",-11,0
2023-09-20 04:46:00,"1,005696089824476",-11,0
2023-09-20 04:47:00,"1,0058052598795406",-11,0
2023-09-20 04:48:00,"1,00635567455694",-11,0
2023-09-20 04:49:00,"1,0063555240354467",-11,0
2023-09-20 04:50:00,"1,0063555240354356",-11,0
2023-09-20 04:51:00,"1,0063555240354358",-11,0
2023-09-20 04:52:00,"1,0063555240354356",-11,0
2023-09-20 04:53:00,"1,0063555240354356",-11,0
2023-09-20 04:54:00,"1,0064655602247787",-11,0
2023-09-20 04:55:00,"1,0067958181087615",-11,0
2023-09-20 04:56:00,"1,0076215073656138",-11,0
2023-09-20 04:57:00,"1,0104274970782423",-11,43794
2023-09-20 04:58:00,"1,0116385176775284",-11,168001
2023-09-20 04:59:00,"1,011637792992499",-11,167778
2023-09-20 05:00:00,"1,0120230634899836",-11,207260
2023-09-20 05:01:00,"1,012628378997093",-11,269292
2023-09-20 05:02:00,"1,012628198119325",-11,269236
2023-09-20 05:03:00,"1,012628198119309",-11,269236
2023-09-20 05:04:00,"1,012628198119309",-11,269236
2023-09-20 05:05:00,"1,011308637919013",-11,134235
2023-09-20 05:06:00,"1,0095472335551243",-11,0
2023-09-20 05:07:00,"1,0088870301042807",-11,0
2023-09-20 05:08:00,"1,0083366941919274",-11,0
2023-09-20 05:09:00,"1,0080063883947636",-11,0
2023-09-20 05:10:00,"1,0078329549853784",1652630,1885149
2023-09-20 05:11:00,"1,0074988867534425",104558247,1473965
2023-09-20 05:12:00,"1,00708119788276",112884552,2311111
2023-09-20 05:13:00,"1,0056573474896358",117196542,3336
2023-09-20 05:14:00,"1,0045061356724667",118976177,13
2023-09-20 05:15:00,"1,003357969414804",119290287,2779925
2023-09-20 05:16:00,"1,002711083001246",127310989,1996
2023-09-20 05:17:00,"1,0047886490534328",144775861,1414748
2023-09-20 05:18:00,"1,004827986249826",160157426,526
2023-09-20 05:19:00,"1,0048042807344202",172765326,353
2023-09-20 05:20:00,"1,004839341197992",186869373,0
2023-09-20 05:21:00,"1,0059895835272965",206847529,867
2023-09-20 05:22:00,"1,0062453390857633",221458947,469
2023-09-20 05:23:00,"1,0062913117525931",239991687,759
2023-09-20 05:24:00,"1,0063414254955405",260186136,902
2023-09-20 05:25:00,"1,0053845040750262",273257897,409
2023-09-20 05:26:00,"1,0059177719157002",288877698,531
2023-09-20 05:27:00,"1,0064543517360904",305654034,612
2023-09-20 05:28:00,"1,0065268994295558",324590854,11548023
2023-09-20 05:29:00,"1,0065401623207018",339140389,1292961
2023-09-20 05:30:00,"1,0065761287116537",354803453,546
2023-09-20 05:31:00,"1,0066147662184148",370385507,536
2023-09-20 05:32:00,"1,0066428209104896",381700907,283
2023-09-20 05:33:00,"1,0066759539528407",395065346,394
2023-09-20 05:34:00,"1,006721371133945",413386506,741
2023-09-20 05:35:00,"1,006571974400042",419650084,90
2023-09-20 05:36:00,"1,0067459728771226",423307092,28
2023-09-20 05:37:00,"1,0064923454386097",454040886,2122
2023-09-20 05:38:00,"1,0058664128453858",467535033,439
2023-09-20 05:39:00,"1,006401805971427",484019247,584
2023-09-20 05:40:00,"1,006921525151795",494157559,45
2023-09-20 05:41:00,"1,0073296211465657",512286434,15046463
2023-09-20 05:42:00,"1,008358786144362",510366403,34914486
2023-09-20 05:43:00,"1,0085873140208106",494405153,7346303
2023-09-20 05:44:00,"1,0087781642904816",548290324,33312897
2023-09-20 05:45:00,"1,00908464555154",628607103,81964519
2023-09-20 05:46:00,"1,0094052022192337",650791231,53147262
2023-09-20 05:47:00,"1,0087119054254732",656639875,31247339
2023-09-20 05:48:00,"1,0080307687728298",655138121,23042128
2023-09-20 05:49:00,"1,0083267937843772",640541047,24217822
2023-09-20 05:50:00,"1,0081564138143042",591395668,2251610
2023-09-20 05:51:00,"1,0080416640472465",538656201,9323038
2023-09-20 05:52:00,"1,0084950371243764",621430156,47043177
2023-09-20 05:53:00,"1,0096566394488395",730529912,77623074
2023-09-20 05:54:00,"1,009381109157053",756221511,73517570
2023-09-20 05:55:00,"1,0091266354512185",772992770,88634254
2023-09-20 05:56:00,"1,0091558985258964",795680697,76603420
2023-09-20 05:57:00,"1,009364104900326",821741115,91967270
2023-09-20 05:58:00,"1,0095881280898953",840077206,73567660
2023-09-20 05:59:00,"1,0090440975708148",858632328,30388818
2023-09-20 06:00:00,"1,008427114652908",887740313,66423183
2023-09-20 06:01:00,"1,007834824784514",912054014,19837825
2023-09-20 06:02:00,"1,0070587119572618",935749718,14729628
2023-09-20 06:03:00,"1,0069344195940175",967460462,71836687
2023-09-20 06:04:00,"1,0074597305429225",992229390,58332864
2023-09-20 06:05:00,"1,0079672542141942",1015788866,38268758
2023-09-20 06:06:00,"1,0078577193715652",984677254,23604082
2023-09-20 06:07:00,"1,007345225054351",993164395,30484631
2023-09-20 06:08:00,"1,0068356139330707",1072376004,58784804
2023-09-20 06:09:00,"1,0074491273128732",1124439671,128909275
2023-09-20 06:10:00,"1,0096185217432585",1157107349,179420990
2023-09-20 06:11:00,"1,0096647519041906",1177525408,178464554
2023-09-20 06:12:00,"1,0087003920508106",1183857365,132104766
2023-09-20 06:13:00,"1,008337582296159",1212912847,134202501
2023-09-20 06:14:00,"1,0086435321159524",1239031937,168984332
2023-09-20 06:15:00,"1,0091986573725964",1260342819,172989277
2023-09-20 06:16:00,"1,0092017003925158",1281209743,175985186
2023-09-20 06:17:00,"1,0093695912404013",1301610805,204292399
2023-09-20 06:18:00,"1,0094822334479543",1319357598,235394681
2023-09-20 06:19:00,"1,0095694552238348",1332944289,259657975
2023-09-20 06:20:00,"1,0109373949565803",1352536615,261655479
2023-09-20 06:21:00,"1,0116261069652626",1374934164,250694750
2023-09-20 06:22:00,"1,011602428022682",1397301491,264848857
2023-09-20 06:23:00,"1,011206148306269",1423080611,279947091
2023-09-20 06:24:00,"1,010977462477715",1448232540,297296195
2023-09-20 06:25:00,"1,0110238247785703",1468854328,320114934
2023-09-20 06:26:00,"1,0111135812003906",1487503125,339991665
2023-09-20 06:27:00,"1,0122666568535283",1506404920,344793125
2023-09-20 06:28:00,"1,0131054462668931",1525610508,356183480
2023-09-20 06:29:00,"1,0133109729462866",1546490987,376642654
2023-09-20 06:30:00,"1,0133541061773852",1565515003,375071809
2023-09-20 06:31:00,"1,0132085822007535",1582435709,364791185
2023-09-20 06:32:00,"1,0121055677199275",1603808190,362047675
2023-09-20 06:33:00,"1,0116156440177628",1627193307,362404073
2023-09-20 06:34:00,"1,0118784412070545",1649508047,357529126
2023-09-20 06:35:00,"1,011522732549596",1671288583,370518808
2023-09-20 06:36:00,"1,011678852132916",1692326174,368321967
2023-09-20 06:37:00,"1,0117279819069869",1712869970,367761129
2023-09-20 06:38:00,"1,011873633456064",1735750557,408298891
2023-09-20 06:39:00,"1,0118706933429331",1754454130,386213245
2023-09-20 06:40:00,"1,0119360198593284",1773330909,394841941
2023-09-20 06:41:00,"1,0123597930038717",1794582776,414471866
2023-09-20 06:42:00,"1,012408962843061",1816900276,412007921
2023-09-20 06:43:00,"1,0125089097007414",1839904105,431764831
2023-09-20 06:44:00,"1,0126308367391943",1863391993,460954160
2023-09-20 06:45:00,"1,0125253434669168",1883535278,440375850
2023-09-20 06:46:00,"1,0123536212661044",1905196051,437721104
2023-09-20 06:47:00,"1,0124496336367113",1927934721,456010153
2023-09-20 06:48:00,"1,0125184454867149",1946888637,466168179
2023-09-20 06:49:00,"1,0127276772723777",1965019182,491261457
2023-09-20 06:50:00,"1,013386437011252",1985545778,519145045
2023-09-20 06:51:00,"1,0150473638515805",2013002609,646698943
2023-09-20 06:52:00,"1,0175247107999863",2033456249,655699962
2023-09-20 06:53:00,"1,0178256172050155",2053514092,672256518
2023-09-20 06:54:00,"1,0179238938959891",2073132221,695310346
2023-09-20 06:55:00,"1,0183637477891894",2093659436,723535253
2023-09-20 06:56:00,"1,0194547986576252",2115868736,747680601
2023-09-20 06:57:00,"1,0198851053809712",2138636403,769445358
2023-09-20 06:58:00,"1,0210935923149889",-2147483648,840965859
2023-09-20 06:59:00,"1,02217602419007",-2147483648,858734654
2023-09-20 07:00:00,"1,0222383849597707",-2147483648,862998247
2023-09-20 07:01:00,"1,0223435682433917",-2147483648,886331626
2023-09-20 07:02:00,"1,0223755070960454",-2147483648,878024751
2023-09-20 07:03:00,"1,0225281535911346",-2147483648,876442778
2023-09-20 07:04:00,"1,0227984060034851",-2147483648,878750011
2023-09-20 07:05:00,"1,0224939619489706",-2147483648,870113716
2023-09-20 07:06:00,"1,0208522734075762",-2147483648,851030821
2023-09-20 07:07:00,"1,0208925886801237",-2147483648,851055058
2023-09-20 07:08:00,"1,020892520586265",-2147483648,856693509
2023-09-20 07:09:00,"1,0206323739878254",-2147483648,844201665
2023-09-20 07:10:00,"1,0207525146630256",-2147483648,877755083
2023-09-20 07:11:00,"1,02081323744803",-2147483648,885551851
2023-09-20 07:12:00,"1,0208903551311326",-2147483648,899923322
2023-09-20 07:13:00,"1,020176792750533",-2147483648,903312217
2023-09-20 07:14:00,"1,0207366235405164",-2147483648,937645854
2023-09-20 07:15:00,"1,021796872322118",-2147483648,955863496
2023-09-20 07:16:00,"1,0222271468047648",-2147483648,981025335
2023-09-20 07:17:00,"1,0226840417056302",-2147483648,1016842580
2023-09-20 07:18:00,"1,0227548883346989",-2147483648,1030449081
2023-09-20 07:19:00,"1,023012878135876",-2147483648,1033879238
2023-09-20 07:20:00,"1,023546766615951",-2147483648,1060678482
2023-09-20 07:21:00,"1,023606640313518",-2147483648,1067150840
2023-09-20 07:22:00,"1,0236242215971711",-2147483648,1052760982
2023-09-20 07:23:00,"1,023669743811982",-2147483648,1051303897
2023-09-20 07:24:00,"1,0237292045050397",-2147483648,1056196289
2023-09-20 07:25:00,"1,0238204046081054",-2147483648,1075723994
2023-09-20 07:26:00,"1,023886316087266",-2147483648,1087065505
2023-09-20 07:27:00,"1,0239737967048526",-2147483648,1108354705
2023-09-20 07:28:00,"1,023987862913435",-2147483648,1099665612
2023-09-20 07:29:00,"1,0237959821917242",-2147483648,1097474586
2023-09-20 07:30:00,"1,023357656764876",-2147483648,1083839330
2023-09-20 07:31:00,"1,0230668903453597",-2147483648,1082855981
2023-09-20 07:32:00,"1,0229715628181837",-2147483648,1118079828
2023-09-20 07:33:00,"1,0229219693806064",-2147483648,1124596639
2023-09-20 07:34:00,"1,0232829719864198",-2147483648,1146941601
2023-09-20 07:35:00,"1,0233446932379235",-2147483648,1137123317
2023-09-20 07:36:00,"1,0233808136679052",-2147483648,1139381652
2023-09-20 07:37:00,"1,023472522905979",-2147483648,1166132825
2023-09-20 07:38:00,"1,0235077760908349",-2147483648,1168731663
2023-09-20 07:39:00,"1,0236171899054325",-2147483648,1200553050
2023-09-20 07:40:00,"1,023649902213423",-2147483648,1199656333
2023-09-20 07:41:00,"1,0237145310539868",-2147483648,1211533311
2023-09-20 07:42:00,"1,0238315165405365",-2147483648,1246143054
2023-09-20 07:43:00,"1,0251241527075037",-2147483648,1270275030
2023-09-20 07:44:00,"1,0251898445153946",-2147483648,1238377075
2023-09-20 07:45:00,"1,025239355220526",-2147483648,1248819719
2023-09-20 07:46:00,"1,0257629065775944",-2147483648,1272491319
2023-09-20 07:47:00,"1,0257198379742714",-2147483648,1305990929
2023-09-20 07:48:00,"1,0254658175387628",-2147483648,1296548213
2023-09-20 07:49:00,"1,0248253295913052",-2147483648,1287936627
2023-09-20 07:50:00,"1,0242350447378623",-2147483648,1300015490
2023-09-20 07:51:00,"1,024284472796618",-2147483648,1309626949
2023-09-20 07:52:00,"1,024245390137011",-2147483648,1282939208
2023-09-20 07:53:00,"1,024309763551548",-2147483648,1298396835
2023-09-20 07:54:00,"1,0243755790088904",-2147483648,1310073177
2023-09-20 07:55:00,"1,0245027936691051",-2147483648,1345723514
2023-09-20 07:56:00,"1,0245603473463605",-2147483648,1354819627
2023-09-20 07:57:00,"1,0246265379690862",-2147483648,1369046011
2023-09-20 07:58:00,"1,024805764596508",-2147483648,1362661617
2023-09-20 07:59:00,"1,0249725152693965",-2147483648,1350991799
2023-09-20 08:00:00,"1,025044846678112",-2147483648,1366477851
2023-09-20 08:01:00,"1,0251033411100312",-2147483648,1374975337
2023-09-20 08:02:00,"1,025036628588924",-2147483648,1331528635
2023-09-20 08:03:00,"1,0251347748165338",-2147483648,1360913981
2023-09-20 08:04:00,"1,0251631365593656",-2147483648,1361892475
2023-09-20 08:05:00,"1,0234876685919276",-2147483648,1331531294
2023-09-20 08:06:00,"1,023448992323731",-2147483648,1375159119
2023-09-20 08:07:00,"1,0237868454504335",-2147483648,1389609230
2023-09-20 08:08:00,"1,023948962389275",-2147483648,1347789321
2023-09-20 08:09:00,"1,0235326523836892",-2147483648,1337855162
2023-09-20 08:10:00,"1,0226755192698231",-2147483648,1328239782
2023-09-20 08:11:00,"1,0230092246169045",-2147483648,1321190677
2023-09-20 08:12:00,"1,022834203534038",-2147483648,1330458440
2023-09-20 08:13:00,"1,022281331754985",-2147483648,1314893488
2023-09-20 08:14:00,"1,0221181880195744",-2147483648,1324804347
2023-09-20 08:15:00,"1,022017394802453",-2147483648,1360362108
2023-09-20 08:16:00,"1,0219991052428787",-2147483648,1385174377
2023-09-20 08:17:00,"1,0225468182059947",-2147483648,1422680753
2023-09-20 08:18:00,"1,0235896111581593",-2147483648,1440937034
2023-09-20 08:19:00,"1,024098234023992",-2147483648,1417722820
2023-09-20 08:20:00,"1,024189531115017",-2147483648,1447780718
2023-09-20 08:21:00,"1,024207585660601",-2147483648,1443557120
2023-09-20 08:22:00,"1,0242920594953058",-2147483648,1466927543
2023-09-20 08:23:00,"1,0242325122479796",-2147483648,1475494933
2023-09-20 08:24:00,"1,0240479466643972",-2147483648,1477935209
2023-09-20 08:25:00,"1,023640300198691",-2147483648,1479435482
2023-09-20 08:26:00,"1,0236893875439488",-2147483648,1491034877
2023-09-20 08:27:00,"1,0241617738834892",-2147483648,1499894179
2023-09-20 08:28:00,"1,0242455759407485",-2147483648,1525780943
2023-09-20 08:29:00,"1,0245143243390846",-2147483648,1508996974
2023-09-20 08:30:00,"1,0246609735959202",-2147483648,1536016025
2023-09-20 08:31:00,"1,0246900620596329",-2147483648,1535666673
2023-09-20 08:32:00,"1,0247326668106045",-2147483648,1540032823
2023-09-20 08:33:00,"1,0245704927115773",-2147483648,1505746221
2023-09-20 08:34:00,"1,0238086046279762",-2147483648,1519455163
2023-09-20 08:35:00,"1,023784487975281",-2147483648,1524265114
2023-09-20 08:36:00,"1,0236832947977452",-2147483648,1540491345
2023-09-20 08:37:00,"1,023442482950069",-2147483648,1496272272
2023-09-20 08:38:00,"1,023524406984226",-2147483648,1542892668
2023-09-20 08:39:00,"1,023235547718982",-2147483648,1523524209
2023-09-20 08:40:00,"1,023271615923137",-2147483648,1531307740
2023-09-20 08:41:00,"1,0233206622304496",-2147483648,1542979848
2023-09-20 08:42:00,"1,0233536387530051",-2147483648,1546966322
2023-09-20 08:43:00,"1,0234352574312309",-2147483648,1573490538
2023-09-20 08:44:00,"1,0234284738884991",-2147483648,1563141674
2023-09-20 08:45:00,"1,0236815042480687",-2147483648,1593455247
2023-09-20 08:46:00,"1,0241577237931112",-2147483648,1673344943
2023-09-20 08:47:00,"1,0247345556660774",-2147483648,1677415391
2023-09-20 08:48:00,"1,0249626344934328",-2147483648,1695373915
2023-09-20 08:49:00,"1,0258468607658615",-2147483648,1713466179
2023-09-20 08:50:00,"1,0258586096978457",-2147483648,1706052842
2023-09-20 08:51:00,"1,0258468083665682",-2147483648,1689450014
2023-09-20 08:52:00,"1,0258641541587132",-2147483648,1685221018
2023-09-20 08:53:00,"1,0261430030908445",-2147483648,1793189272
2023-09-20 08:54:00,"1,0262544978421682",-2147483648,1804346232
2023-09-20 08:55:00,"1,0272363868535077",-2147483648,1819950788
2023-09-20 08:56:00,"1,02747189810749",-2147483648,1820731308
2023-09-20 08:57:00,"1,027922852154418",-2147483648,1822818848
2023-09-20 08:58:00,"1,0279520719244273",-2147483648,1827726897
2023-09-20 08:59:00,"1,027518886983018",-2147483648,1817786280
2023-09-20 09:00:00,"1,0276695783106444",-2147483648,1823964963
2023-09-20 09:01:00,"1,0277146145012614",-2147483648,1833181903
2023-09-20 09:02:00,"1,0265359623660568",-2147483648,1828646589
2023-09-20 09:03:00,"1,0263324825399367",-2147483648,1777958533
2023-09-20 09:04:00,"1,0266550468378313",-2147483648,1764640098
2023-09-20 09:05:00,"1,0261396949356074",-2147483648,1768016761
2023-09-20 09:06:00,"1,0256373412307156",-2147483648,1776108840
2023-09-20 09:07:00,"1,0250789269121203",-2147483648,1762224741
2023-09-20 09:08:00,"1,0251085462585323",-2147483648,1769638839
2023-09-20 09:09:00,"1,0252994562260829",-2147483648,1772909900
2023-09-20 09:10:00,"1,025526545254888",-2147483648,1764911508
2023-09-20 09:11:00,"1,0254530326095754",-2147483648,1748621593
2023-09-20 09:12:00,"1,0254499863971214",-2147483648,1740934214
2023-09-20 09:13:00,"1,0242176368941756",-2147483648,1744195238
2023-09-20 09:14:00,"1,0244955288998978",-2147483648,1769204910
2023-09-20 09:15:00,"1,0246161760131174",-2147483648,1794500846
2023-09-20 09:16:00,"1,0245473751629388",-2147483648,1760893530
2023-09-20 09:17:00,"1,0245267859023703",-2147483648,1742643150
2023-09-20 09:18:00,"1,0245085293054186",-2147483648,1724411792
2023-09-20 09:19:00,"1,0245403501930763",-2147483648,1730446660
2023-09-20 09:20:00,"1,0246292082879418",-2147483648,1760229542
2023-09-20 09:21:00,"1,024624712030586",-2147483648,1771523907
2023-09-20 09:22:00,"1,0243546524059963",-2147483648,1757768812
2023-09-20 09:23:00,"1,0234969967913472",-2147483648,1657506975
2023-09-20 09:24:00,"1,0220098289689028",-2147483648,1597320153
2023-09-20 09:25:00,"1,0205448452175168",-2147483648,1639759179
2023-09-20 09:26:00,"1,020608805388818",-2147483648,1657959068
2023-09-20 09:27:00,"1,020591972397198",-2147483648,1641245293
2023-09-20 09:28:00,"1,0205933674888008",-2147483648,1632418370
2023-09-20 09:29:00,"1,0212379434191683",-2147483648,1622852806
2023-09-20 09:30:00,"1,0212470287883424",-2147483648,1625128882
2023-09-20 09:31:00,"1,0200876724621342",-2147483648,1639627374
2023-09-20 09:32:00,"1,0200368730757066",-2147483648,1618160913
2023-09-20 09:33:00,"1,0203182648958695",-2147483648,1645296441
2023-09-20 09:34:00,"1,0204055805723518",-2147483648,1679407313
2023-09-20 09:35:00,"1,0208781623210192",-2147483648,1690962502
2023-09-20 09:36:00,"1,0217771476413275",-2147483648,1696588340
2023-09-20 09:37:00,"1,0217797147657075",-2147483648,1692512245
2023-09-20 09:38:00,"1,0217879737049052",-2147483648,1690182764
2023-09-20 09:39:00,"1,0214219791414922",-2147483648,1668004065
2023-09-20 09:40:00,"1,0210735195006504",-2147483648,1656699698
2023-09-20 09:41:00,"1,02098370342847",-2147483648,1613033651
2023-09-20 09:42:00,"1,0201094601570737",-2147483648,1560476694
2023-09-20 09:43:00,"1,018283643388622",-2147483648,1559378091
2023-09-20 09:44:00,"1,0183491136699228",-2147483648,1574113412
2023-09-20 09:45:00,"1,0186268156534233",-2147483648,1613296361
2023-09-20 09:46:00,"1,0188630804465193",-2147483648,1640742058
2023-09-20 09:47:00,"1,019113255395961",-2147483648,1655759185
2023-09-20 09:48:00,"1,0198566240844182",-2147483648,1647542564
2023-09-20 09:49:00,"1,0201477534242986",-2147483648,1626615277
2023-09-20 09:50:00,"1,019983651486059",-2147483648,1641537094
2023-09-20 09:51:00,"1,0195475686982074",-2147483648,1639472049
2023-09-20 09:52:00,"1,0194995266375828",-2147483648,1621294405
2023-09-20 09:53:00,"1,019578612177606",-2147483648,1655563058
2023-09-20 09:54:00,"1,0200047591730528",-2147483648,1671739815
2023-09-20 09:55:00,"1,0199423014193203",-2147483648,1660534422
2023-09-20 09:56:00,"1,0199772644435936",-2147483648,1670719903
2023-09-20 09:57:00,"1,0209085719352529",-2147483648,1720351869
2023-09-20 09:58:00,"1,0210412626605505",-2147483648,1703818596
2023-09-20 09:59:00,"1,0207192050259042",-2147483648,1703032500
2023-09-20 10:00:00,"1,020767488737106",-2147483648,1719803338
2023-09-20 10:01:00,"1,0206040367463118",-2147483648,1716907852
2023-09-20 10:02:00,"1,0203533024487974",-2147483648,1673589361
2023-09-20 10:03:00,"1,0203328329667378",-2147483648,1658926177
2023-09-20 10:04:00,"1,0198084476499836",-2147483648,1653433748
2023-09-20 10:05:00,"1,019755611656924",-2147483648,1671627203
2023-09-20 10:06:00,"1,0194773700739486",-2147483648,1619698827
2023-09-20 10:07:00,"1,017986282341237",-2147483648,1608082874
2023-09-20 10:08:00,"1,018094580059123",-2147483648,1652279949
2023-09-20 10:09:00,"1,018400992098392",-2147483648,1649692756
2023-09-20 10:10:00,"1,019028557229034",-2147483648,1687169983
2023-09-20 10:11:00,"1,0194253494293644",-2147483648,1674543444
2023-09-20 10:12:00,"1,0200969023622746",-2147483648,1684314544
2023-09-20 10:13:00,"1,020152006059751",-2147483648,1701716581
2023-09-20 10:14:00,"1,020203081146427",-2147483648,1745016332
2023-09-20 10:15:00,"1,0205689754121383",-2147483648,1736766586
2023-09-20 10:16:00,"1,0206521058061635",-2147483648,1769182028
2023-09-20 10:17:00,"1,0211020530926531",-2147483648,1773408509
2023-09-20 10:18:00,"1,0212639851570855",-2147483648,1750970870
2023-09-20 10:19:00,"1,021230853062456",-2147483648,1741494545
2023-09-20 10:20:00,"1,0211132149072883",-2147483648,1761795383
2023-09-20 10:21:00,"1,0209560129864867",-2147483648,1749101285
2023-09-20 10:22:00,"1,02071039088963",-2147483648,1741984217
2023-09-20 10:23:00,"1,0207204427783472",-2147483648,1752663914
2023-09-20 10:24:00,"1,020782915630569",-2147483648,1760487120
2023-09-20 10:25:00,"1,0208279224557293",-2147483648,1775255849
2023-09-20 10:26:00,"1,0207296511291468",-2147483648,1732029573
2023-09-20 10:27:00,"1,0207821418169578",-2147483648,1759687572
2023-09-20 10:28:00,"1,020821326578146",-2147483648,1787475912
2023-09-20 10:29:00,"1,0209513320270964",-2147483648,1833827297
2023-09-20 10:30:00,"1,0209074326863026",-2147483648,1808166216
2023-09-20 10:31:00,"1,0212899182763266",-2147483648,1843338210
2023-09-20 10:32:00,"1,0216562575095676",-2147483648,1813078862
2023-09-20 10:33:00,"1,022197726386142",-2147483648,1816377136
2023-09-20 10:34:00,"1,022065376362961",-2147483648,1803580702
2023-09-20 10:35:00,"1,0211508122981992",-2147483648,1783871607
2023-09-20 10:36:00,"1,0211748684894757",-2147483648,1802067971
2023-09-20 10:37:00,"1,0211611672170977",-2147483648,1803073859
2023-09-20 10:38:00,"1,02106640492541",-2147483648,1764253102
2023-09-20 10:39:00,"1,02074961079804",-2147483648,1770972496
2023-09-20 10:40:00,"1,02075122201389",-2147483648,1773386004
2023-09-20 10:41:00,"1,0210072725453965",-2147483648,1790705813
2023-09-20 10:42:00,"1,0212981849549567",-2147483648,1778072433
2023-09-20 10:43:00,"1,021440297376162",-2147483648,1795587229
2023-09-20 10:44:00,"1,0214262377687298",-2147483648,1795504998
2023-09-20 10:45:00,"1,0214226031523506",-2147483648,1801697569
2023-09-20 10:46:00,"1,021374699154732",-2147483648,1790516482
2023-09-20 10:47:00,"1,021390208398022",-2147483648,1786446949
2023-09-20 10:48:00,"1,0214590265229353",-2147483648,1803198234
2023-09-20 10:49:00,"1,0215372202838604",-2147483648,1819816853
2023-09-20 10:50:00,"1,02152578752763",-2147483648,1807992487
2023-09-20 10:51:00,"1,0215721233023085",-2147483648,1826638627
2023-09-20 10:52:00,"1,0215813166709566",-2147483648,1826234497
2023-09-20 10:53:00,"1,0216070246278492",-2147483648,1836127498
2023-09-20 10:54:00,"1,0222677605931825",-2147483648,1838442248
2023-09-20 10:55:00,"1,0222532819176366",-2147483648,1828761922
2023-09-20 10:56:00,"1,022284408215401",-2147483648,1842160257
2023-09-20 10:57:00,"1,0223148690620936",-2147483648,1855912976
2023-09-20 10:58:00,"1,022259595282734",-2147483648,1834985279
2023-09-20 10:59:00,"1,0220013635864125",-2147483648,1822165083
2023-09-20 11:00:00,"1,02159944984554",-2147483648,1843265079
2023-09-20 11:01:00,"1,0217522145598712",-2147483648,1842645071
2023-09-20 11:02:00,"1,0225801490191866",-2147483648,1848954085
2023-09-20 11:03:00,"1,0225691628290758",-2147483648,1853067935
2023-09-20 11:04:00,"1,0219685109861032",-2147483648,1830752383
2023-09-20 11:05:00,"1,0217842749155406",-2147483648,1793283052
2023-09-20 11:06:00,"1,0217834552703422",-2147483648,1790399581
2023-09-20 11:07:00,"1,0216824318119166",-2147483648,1747884399
2023-09-20 11:08:00,"1,0208313273548113",-2147483648,1737315169
2023-09-20 11:09:00,"1,0202761385213734",-2147483648,1760033407
2023-09-20 11:10:00,"1,0207522008661976",-2147483648,1787425910
2023-09-20 11:11:00,"1,0209150716546207",-2147483648,1779406316
2023-09-20 11:12:00,"1,0214294821297956",-2147483648,1805788825
2023-09-20 11:13:00,"1,0213163496078794",-2147483648,1758984947
2023-09-20 11:14:00,"1,0212784028900097",-2147483648,1739591354
2023-09-20 11:15:00,"1,0213234381114884",-2147483648,1761415449
2023-09-20 11:16:00,"1,0207190600258964",-2147483648,1736741925
2023-09-20 11:17:00,"1,0206670695403786",-2147483648,1767327135
2023-09-20 11:18:00,"1,0206139848994402",-2147483648,1746307037
2023-09-20 11:19:00,"1,0208991670920422",-2147483648,1776946053
2023-09-20 11:20:00,"1,0209283711952488",-2147483648,1748606168
2023-09-20 11:21:00,"1,0209276036874928",-2147483648,1751233966
2023-09-20 11:22:00,"1,0209571147572611",-2147483648,1768866656
2023-09-20 11:23:00,"1,0209142831566496",-2147483648,1753256993
2023-09-20 11:24:00,"1,0210234183919684",-2147483648,1795997488
2023-09-20 11:25:00,"1,0213739127378014",-2147483648,1815332829
2023-09-20 11:26:00,"1,0217586146234672",-2147483648,1785584158
2023-09-20 11:27:00,"1,0221601097911333",-2147483648,1807337254
2023-09-20 11:28:00,"1,0222358540773298",-2147483648,1795783650
2023-09-20 11:29:00,"1,022130291609701",-2147483648,1801116547
2023-09-20 11:30:00,"1,02189353217448",-2147483648,1794434207
2023-09-20 11:31:00,"1,021931141462521",-2147483648,1807706165
2023-09-20 11:32:00,"1,0219643634881157",-2147483648,1817883875
2023-09-20 11:33:00,"1,0223660764914415",-2147483648,1874638125
2023-09-20 11:34:00,"1,023052656462883",-2147483648,1870391176
2023-09-20 11:35:00,"1,0236551054512486",-2147483648,1847663932
2023-09-20 11:36:00,"1,0233594179172265",-2147483648,1810595896
2023-09-20 11:37:00,"1,0220393357954276",-2147483648,1781490609
2023-09-20 11:38:00,"1,021901711117149",-2147483648,1791435365
2023-09-20 11:39:00,"1,0212047551808316",-2147483648,1772130518
2023-09-20 11:40:00,"1,0213257330545933",-2147483648,1784543194
2023-09-20 11:41:00,"1,022034261650651",-2147483648,1814937314
2023-09-20 11:42:00,"1,022569465371875",-2147483648,1809132824
2023-09-20 11:43:00,"1,0225644368819915",-2147483648,1806085489
2023-09-20 11:44:00,"1,0224762842102029",-2147483648,1815060761
2023-09-20 11:45:00,"1,0223373811289889",-2147483648,1849402419
2023-09-20 11:46:00,"1,0225775248866726",-2147483648,1867865479
2023-09-20 11:47:00,"1,0231831246851972",-2147483648,1848065040
2023-09-20 11:48:00,"1,0239569324479725",-2147483648,1875709177
2023-09-20 11:49:00,"1,0239574423140927",-2147483648,1859107192
2023-09-20 11:50:00,"1,0239360875818797",-2147483648,1857641464
2023-09-20 11:51:00,"1,0239389622797257",-2147483648,1868992911
2023-09-20 11:52:00,"1,0238987149906007",-2147483648,1860152568
2023-09-20 11:53:00,"1,0238891310196456",-2147483648,1854787294
2023-09-20 11:54:00,"1,0238234263489483",-2147483648,1833967685
2023-09-20 11:55:00,"1,0238467623500092",-2147483648,1822209152
2023-09-20 11:56:00,"1,0241126882033456",-2147483648,1822243252
2023-09-20 11:57:00,"1,0241150826311527",-2147483648,1845712739
2023-09-20 11:58:00,"1,0241462935905326",-2147483648,1885270043
2023-09-20 11:59:00,"1,0198897975811136",-2147483648,1202758517
2023-09-20 12:00:00,"1,026324169125452",-2147483648,1609053621
2023-09-20 12:01:00,"1,025983546012653",-2147483648,1901322730
2023-09-20 12:02:00,"1,0252878192597994",-2147483648,1912478576
2023-09-20 12:03:00,"1,025592025587074",-2147483648,1934957035
2023-09-20 12:04:00,"1,0260186233656456",-2147483648,1925160484
2023-09-20 12:05:00,"1,0259810595839425",-2147483648,1922693522
2023-09-20 12:06:00,"1,025678536165528",-2147483648,1911121400
2023-09-20 12:07:00,"1,0254852994870811",-2147483648,1966082295
2023-09-20 12:08:00,"1,0259919583211587",-2147483648,1938209300
2023-09-20 12:09:00,"1,0260627660774546",-2147483648,1875839664
2023-09-20 12:10:00,"1,0252802489218504",-2147483648,1848877243
2023-09-20 12:11:00,"1,0254149375426973",-2147483648,1891924751
2023-09-20 12:12:00,"1,0251793020222104",-2147483648,1889416962
2023-09-20 12:13:00,"1,0252443737429076",-2147483648,1928301850
2023-09-20 12:14:00,"1,025536209114404",-2147483648,1946845815
2023-09-20 12:15:00,"1,026050771011728",-2147483648,1923959999
2023-09-20 12:16:00,"1,0268830115624026",-2147483648,1876830959
2023-09-20 12:17:00,"1,0266683920347983",-2147483648,1829055266
2023-09-20 12:18:00,"1,0250652636924549",-2147483648,1860040862
2023-09-20 12:19:00,"1,0250763402008527",-2147483648,1855822637
2023-09-20 12:20:00,"1,0255234608027337",-2147483648,1869409575
2023-09-20 12:21:00,"1,0257139185472293",-2147483648,1900367941
2023-09-20 12:22:00,"1,0256296759211605",-2147483648,1766329124
2023-09-20 12:23:00,"1,0241428829891384",-2147483648,1516379943
2023-09-20 12:24:00,"1,026857224837418",-2147483648,1785634882
2023-09-20 12:25:00,"1,024701938645838",-2147483648,1580324901
2023-09-20 12:26:00,"1,0257191895893425",-2147483648,1833366126
2023-09-20 12:27:00,"1,0245310036778916",-2147483648,1745657732
2023-09-20 12:28:00,"1,021779235960668",-2147483648,1111265699
2023-09-20 12:29:00,"1,021695490126023",-2147483648,889074608
2023-09-20 12:30:00,"1,0237892007727645",-2147483648,1146114234
2023-09-20 12:31:00,"1,0229285536553592",-2147483648,1061540658
2023-09-20 12:32:00,"1,0254872329652147",-2147483648,1440623293
2023-09-20 12:33:00,"1,026368547453099",-2147483648,1800729851
2023-09-20 12:34:00,"1,0268034588980235",-2147483648,1897465264
2023-09-20 12:35:00,"1,0263213016792991",-2147483648,1921631342
2023-09-20 12:36:00,"1,025368944810643",-2147483648,1908822963
2023-09-20 12:37:00,"1,0234315963550298",-2147483648,1673468952
2023-09-20 12:38:00,"1,0221891056169248",-2147483648,1319409853
2023-09-20 12:39:00,"1,0223849713223043",-2147483648,939050579
2023-09-20 12:40:00,"1,0214557492583074",1385587760,548377789
2023-09-20 12:41:00,"1,0166500705274786",1181949020,307657224
2023-09-20 12:42:00,"1,0117325335207532",1279726160,250298846
2023-09-20 12:43:00,"1,0144808228547575",-2147483648,551387863
2023-09-20 12:44:00,"1,01659493308631",-2147483648,1058713466
2023-09-20 12:45:00,"1,017525277454072",-2147483648,1417026267
2023-09-20 12:46:00,"1,0164124488578905",-2147483648,1386723433
2023-09-20 12:47:00,"1,0148737058606478",-2147483648,1188898819
2023-09-20 12:48:00,"1,0144916979932626",-2147483648,1138507293
2023-09-20 12:49:00,"1,0116052588909614",-2147483648,609684203
2023-09-20 12:50:00,"1,0146923732267612",-2147483648,964397630
2023-09-20 12:51:00,"1,0163622020691467",-2147483648,1284618237
2023-09-20 12:52:00,"1,0168612648370925",-2147483648,1377499600
2023-09-20 12:53:00,"1,016430227241247",-2147483648,1397002094
2023-09-20 12:54:00,"1,0189822620979487",-2147483648,1257865229
2023-09-20 12:55:00,"1,0203802323228068",-2147483648,1421164542
2023-09-20 12:56:00,"1,0179798214203866",-2147483648,1186432724
2023-09-20 12:57:00,"1,0197848301288135",-2147483648,1333564273
2023-09-20 12:58:00,"1,0195256203789562",-2147483648,1266803746
2023-09-20 12:59:00,"1,020970286815347",-2147483648,1518082156
2023-09-20 13:00:00,"1,0207908117350657",-2147483648,1549236903
2023-09-20 13:01:00,"1,0206527923524158",-2147483648,1581540345
2023-09-20 13:02:00,"1,021242200950633",-2147483648,1641707573
2023-09-20 13:03:00,"1,0225500820668096",-2147483648,1627688723
2023-09-20 13:04:00,"1,0201582311730348",-2147483648,1306716329
2023-09-20 13:05:00,"1,0205652971037813",-2147483648,1318569242
2023-09-20 13:06:00,"1,0213122334936946",-2147483648,1446208477
2023-09-20 13:07:00,"1,0209320615783202",-2147483648,1377118184
2023-09-20 13:08:00,"1,0198623031903775",-2147483648,1274207054
2023-09-20 13:09:00,"1,0176695268326987",-2147483648,874468157
2023-09-20 13:10:00,"1,0170700550133775",1907372391,639471763
2023-09-20 13:11:00,"1,017809562268143",1832817552,610583005
2023-09-20 13:12:00,"1,017300770219468",1697947971,528772886
2023-09-20 13:13:00,"1,0180477989531975",1929709688,611834379
2023-09-20 13:14:00,"1,0181959977413202",1950662401,656154438
2023-09-20 13:15:00,"1,017128892775633",1530567164,486869698
2023-09-20 13:16:00,"1,0173177795893094",1504825046,451871657
2023-09-20 13:17:00,"1,0183300498096042",1913646623,608694797
2023-09-20 13:18:00,"1,0169556461746176",1798603621,558615368
2023-09-20 13:19:00,"1,0156562739962645",1385360342,426872508
2023-09-20 13:20:00,"1,015467846576294",1011268416,309130979
2023-09-20 13:21:00,"1,0158155235251127",1086346764,308769705
2023-09-20 13:22:00,"1,0164696391004635",1235636945,365247933
2023-09-20 13:23:00,"1,0159840862280938",1087553189,309268084
2023-09-20 13:24:00,"1,015367412802448",973034217,256269484
2023-09-20 13:25:00,"1,015367884633681",1001474966,274637756
2023-09-20 13:26:00,"1,0157982757171429",1131022899,325978901
2023-09-20 13:27:00,"1,0172899332319367",1598338804,484911582
2023-09-20 13:28:00,"1,0181018997908264",1745718223,566428448
2023-09-20 13:29:00,"1,0171165430922973",1421248218,453178633
2023-09-20 13:30:00,"1,0163124462037547",1173324814,363088965
2023-09-20 13:31:00,"1,0163386779193917",1194118171,351886769
2023-09-20 13:32:00,"1,0167095366207777",1319951379,380601570
2023-09-20 13:33:00,"1,0174278397453962",1534147022,469423844
2023-09-20 13:34:00,"1,0178354074140157",1662968695,511945246
2023-09-20 13:35:00,"1,0179164381633603",1849136249,591420249
2023-09-20 13:36:00,"1,0179334989529425",2007157603,623274971
2023-09-20 13:37:00,"1,0172302078645177",-2147483648,707118844
2023-09-20 13:38:00,"1,0164562568406463",-2147483648,672095807
2023-09-20 13:39:00,"1,0162418367654291",-2147483648,692208630
2023-09-20 13:40:00,"1,018221621906205",-2147483648,976209448
2023-09-20 13:41:00,"1,0173568156908073",-2147483648,934996671
2023-09-20 13:42:00,"1,0161636450827978",-2147483648,865703153
2023-09-20 13:43:00,"1,0158499301466055",-2147483648,840057692
2023-09-20 13:44:00,"1,018343921550778",-2147483648,1119029288
2023-09-20 13:45:00,"1,0189848920527755",-2147483648,1124262878
2023-09-20 13:46:00,"1,0186904008702204",-2147483648,1064371963
2023-09-20 13:47:00,"1,0186583479878997",-2147483648,1104958235
2023-09-20 13:48:00,"1,0187430632013843",-2147483648,1185241228
2023-09-20 13:49:00,"1,0188368476364305",-2147483648,1197274358
2023-09-20 13:50:00,"1,0184633356598929",-2147483648,1135625211
2023-09-20 13:51:00,"1,0182381913454537",-2147483648,1150697141
2023-09-20 13:52:00,"1,017670192107469",-2147483648,1149919846
2023-09-20 13:53:00,"1,0168344969590806",-2147483648,1061780320
2023-09-20 13:54:00,"1,0173230167223908",-2147483648,1099760620
2023-09-20 13:55:00,"1,0175976126513084",-2147483648,1099832803
2023-09-20 13:56:00,"1,0180485958918717",-2147483648,1023608146
2023-09-20 13:57:00,"1,0185014942078032",-2147483648,995403510
2023-09-20 13:58:00,"1,0181243416734391",-2147483648,1000625753
2023-09-20 13:59:00,"1,0164389748217126",-2147483648,809201329
2023-09-20 14:00:00,"1,0161735065388404",1742385815,564154129
2023-09-20 14:01:00,"1,0182204886180708",1808900162,624490461
2023-09-20 14:02:00,"1,0203939612590065",-2147483648,787522398
2023-09-20 14:03:00,"1,02099425745204",-2147483648,865241373
2023-09-20 14:04:00,"1,0216016144574311",-2147483648,911740407
2023-09-20 14:05:00,"1,020473238131917",-2147483648,783748924
2023-09-20 14:06:00,"1,0198043623888102",-2147483648,829795949
2023-09-20 14:07:00,"1,0185517418915986",2049074595,709204441
2023-09-20 14:08:00,"1,0191634141551356",-2147483648,776356621
2023-09-20 14:09:00,"1,020448569610188",-2147483648,990661367
2023-09-20 14:10:00,"1,021054168626692",-2147483648,1132614447
2023-09-20 14:11:00,"1,0209867733525038",-2147483648,1114629766
2023-09-20 14:12:00,"1,0209341409935833",-2147483648,1104005530
2023-09-20 14:13:00,"1,0208612503670906",-2147483648,1091773163
2023-09-20 14:14:00,"1,0208372551415883",-2147483648,1110421111
2023-09-20 14:15:00,"1,0206921839358898",-2147483648,1086458822
2023-09-20 14:16:00,"1,0205224569557865",-2147483648,1061224936
2023-09-20 14:17:00,"1,0201330949281702",-2147483648,1001663533
2023-09-20 14:18:00,"1,0193860870842606",-2147483648,953423910
2023-09-20 14:19:00,"1,0191889911671983",-2147483648,951055288
2023-09-20 14:20:00,"1,0189136765764848",-2147483648,909845632
2023-09-20 14:21:00,"1,0182036156984433",-2147483648,881049239
2023-09-20 14:22:00,"1,018091905062458",-2147483648,884163493
2023-09-20 14:23:00,"1,0183912494100948",-2147483648,881395768
2023-09-20 14:24:00,"1,0184569124878484",-2147483648,816062126
2023-09-20 14:25:00,"1,0179818534220868",-2147483648,743768742
2023-09-20 14:26:00,"1,0172078486525036",1957017677,647331297
2023-09-20 14:27:00,"1,0181785749160428",2078739053,705428629
2023-09-20 14:28:00,"1,0192455536872296",-2147483648,787686828
2023-09-20 14:29:00,"1,0196165354480369",-2147483648,819361537
2023-09-20 14:30:00,"1,01967240533912",-2147483648,823726516
2023-09-20 14:31:00,"1,019503072788552",-2147483648,801042430
2023-09-20 14:32:00,"1,019414987252249",-2147483648,776140995
2023-09-20 14:33:00,"1,0192339475018857",-2147483648,798056563
2023-09-20 14:34:00,"1,0193670302912972",-2147483648,801044131
2023-09-20 14:35:00,"1,0197422979028343",-2147483648,793837166
2023-09-20 14:36:00,"1,019557446257615",-2147483648,759022800
2023-09-20 14:37:00,"1,0188660741164255",2101841912,744170719
2023-09-20 14:38:00,"1,018785130170646",2069992456,742580622
2023-09-20 14:39:00,"1,0193225784586235",2073555896,734397872
2023-09-20 14:40:00,"1,019304892020154",2067987955,729602981
2023-09-20 14:41:00,"1,0193233300988689",2083125757,724187193
2023-09-20 14:42:00,"1,0193740064203969",2095437401,733669556
2023-09-20 14:43:00,"1,0194381777007009",2101727688,756002334
2023-09-20 14:44:00,"1,0194151645535785",2087837713,735971472
2023-09-20 14:45:00,"1,0196256401080883",2070230285,726807003
2023-09-20 14:46:00,"1,019555580010997",2044053244,723873367
2023-09-20 14:47:00,"1,0193862583572986",2004380754,690572783
2023-09-20 14:48:00,"1,0186907015829196",1851884309,642196766
2023-09-20 14:49:00,"1,0174030019007707",1491282407,505748278
2023-09-20 14:50:00,"1,0176620128140208",1499588017,514740959
2023-09-20 14:51:00,"1,0186510805540063",1449174922,522108557
2023-09-20 14:52:00,"1,018747938028132",1338611795,464686246
2023-09-20 14:53:00,"1,0181830851506657",1124745757,370302146
2023-09-20 14:54:00,"1,0184126436088488",1194836567,396904117
2023-09-20 14:55:00,"1,0173053901972815",1163639391,376477622
2023-09-20 14:56:00,"1,0170825049851475",1102796523,342973150
2023-09-20 14:57:00,"1,0182634285308194",1223392374,396939051
2023-09-20 14:58:00,"1,0192875457199264",1264838468,417907973
2023-09-20 14:59:00,"1,0195342223618151",1334204793,453458430
2023-09-20 15:00:00,"1,019124961585259",1317572144,435242121
2023-09-20 15:01:00,"1,0187519389737367",1287030511,448963732
2023-09-20 15:02:00,"1,019238297889573",1413273117,505448620
2023-09-20 15:03:00,"1,019964070923272",1476902283,515934211
2023-09-20 15:04:00,"1,0198542938077624",1427638226,495632782
2023-09-20 15:05:00,"1,0201352837171858",1507538762,535099446
2023-09-20 15:06:00,"1,020243257576959",1550253745,536932324
2023-09-20 15:07:00,"1,019601732628002",1524248291,497842748
2023-09-20 15:08:00,"1,017522116257993",1433665834,473649472
2023-09-20 15:09:00,"1,0165580386260589",1352979443,424423046
2023-09-20 15:10:00,"1,0180857116910786",1463224433,498454488
2023-09-20 15:11:00,"1,0188717456404053",1436822947,486757008
2023-09-20 15:12:00,"1,0189478675516157",1459885041,496007327
2023-09-20 15:13:00,"1,0189670768527468",1474995809,487970837
2023-09-20 15:14:00,"1,018803092559451",1422689868,471337470
2023-09-20 15:15:00,"1,018629737487827",1386864766,457126603
2023-09-20 15:16:00,"1,018150789616134",1342464423,413043633
2023-09-20 15:17:00,"1,017931022963486",1339575157,415961688
2023-09-20 15:18:00,"1,0176731286845488",1289136293,404559843
2023-09-20 15:19:00,"1,0176754493879647",1298121062,395628593
2023-09-20 15:20:00,"1,0175860854538463",1280835349,374166018
2023-09-20 15:21:00,"1,017299951014856",1182297532,353521394
2023-09-20 15:22:00,"1,016156038373326",1041778261,288759134
2023-09-20 15:23:00,"1,0164158873422395",1111430865,329463626
2023-09-20 15:24:00,"1,0167681304241427",1157161473,339051267
2023-09-20 15:25:00,"1,0169343008128833",1169298722,351226927
2023-09-20 15:26:00,"1,0169302427326037",1167151928,351771633
2023-09-20 15:27:00,"1,0168629889054923",1147358582,343198792
2023-09-20 15:28:00,"1,016823950464326",1126989391,348102654
2023-09-20 15:29:00,"1,0168696447701313",1105709607,342696272
2023-09-20 15:30:00,"1,0173005464743536",1069135016,329916358
2023-09-20 15:31:00,"1,0172546575313062",1057651308,321884042
2023-09-20 15:32:00,"1,0171884614727622",1045691085,305078678
2023-09-20 15:33:00,"1,0164083784637326",1010645273,288510526
2023-09-20 15:34:00,"1,015475025121318",944119004,262474542
2023-09-20 15:35:00,"1,0150798881941934",904601060,251706487
2023-09-20 15:36:00,"1,015197484979654",944479243,260712540
2023-09-20 15:37:00,"1,015156202336106",932426793,255388545
2023-09-20 15:38:00,"1,015231363377756",908169231,241781296
2023-09-20 15:39:00,"1,0153073639154182",880202726,232683434
2023-09-20 15:40:00,"1,0155080909111875",850954828,231822286
2023-09-20 15:41:00,"1,015542424562938",849931947,223667863
2023-09-20 15:42:00,"1,014851269722938",826306269,185297734
2023-09-20 15:43:00,"1,0103353000342057",800542617,79125248
2023-09-20 15:44:00,"1,007544574635458",771653478,20722072
2023-09-20 15:45:00,"1,007248957961548",751104919,9452093
2023-09-20 15:46:00,"1,006529680383194",729390173,6465723
2023-09-20 15:47:00,"1,0060234731811348",707210952,1208627
2023-09-20 15:48:00,"1,005437030800332",689898128,3779439
2023-09-20 15:49:00,"1,0054075623368866",675976620,6110330
2023-09-20 15:50:00,"1,0055564095150598",654430321,1780904
2023-09-20 15:51:00,"1,0059644430461292",640135880,1276
2023-09-20 15:52:00,"1,0059270561998452",625089345,501
2023-09-20 15:53:00,"1,0060005429049617",608790257,1802651
2023-09-20 15:54:00,"1,006488474249468",587616111,2385297
2023-09-20 15:55:00,"1,0064500980280833",567111170,3264318
2023-09-20 15:56:00,"1,0063131839573702",516915188,2366373
2023-09-20 15:57:00,"1,005670508604284",280842017,3395395
2023-09-20 15:58:00,"1,005149997338498",179027671,22055
2023-09-20 15:59:00,"1,0051287719229305",169354168,1302510
2023-09-20 16:00:00,"1,00506221440807",164323924,1749790
2023-09-20 16:01:00,"1,0047853048360167",164010327,1236001
2023-09-20 16:02:00,"1,0056339277461237",172223583,2462089
2023-09-20 16:03:00,"1,0061817137781994",194223901,1744050
2023-09-20 16:04:00,"1,0064038970613205",281354357,4470969
2023-09-20 16:05:00,"1,0058298149665572",232993249,1910093
2023-09-20 16:06:00,"1,005476191756699",177489739,6400
2023-09-20 16:07:00,"1,0054406715488813",165218257,2241530
2023-09-20 16:08:00,"1,0054922019193946",269395756,3500028
2023-09-20 16:09:00,"1,005193766204492",327146842,2595715
2023-09-20 16:10:00,"1,005152842835177",313036769,456
2023-09-20 16:11:00,"1,0048972456774423",276506043,2950
2023-09-20 16:12:00,"1,004613519904701",228734855,5053
2023-09-20 16:13:00,"1,0045533012875427",164183891,4348572
2023-09-20 16:14:00,"1,0050569474850766",142733101,1305271
2023-09-20 16:15:00,"1,005052484637823",138832231,1113566
2023-09-20 16:16:00,"1,0046352711745443",150621160,1821185
2023-09-20 16:17:00,"1,0044435964704197",161885956,1659048
2023-09-20 16:18:00,"1,004370258461982",131978271,1177231
2023-09-20 16:19:00,"1,004329843196838",113507139,1307541
2023-09-20 16:20:00,"1,004463064494294",101929297,0
2023-09-20 16:21:00,"1,0067601374582866",94358258,1149898
2023-09-20 16:22:00,"1,0072339698980888",87848956,0
2023-09-20 16:23:00,"1,0072185136044487",81667486,84
2023-09-20 16:24:00,"1,0072060729710552",76653605,55
2023-09-20 16:25:00,"1,0071948393803378",73078265,1062070
2023-09-20 16:26:00,"1,006969103488033",69814342,0
2023-09-20 16:27:00,"1,0065207409930552",66483310,23
2023-09-20 16:28:00,"1,005962362225382",63161372,23
2023-09-20 16:29:00,"1,0058443797189027",60012180,21
2023-09-20 16:30:00,"1,0058367419472942",56940857,20
2023-09-20 16:31:00,"1,0052807171296942",54534541,12
2023-09-20 16:32:00,"1,0045016834064613",50984609,27
2023-09-20 16:33:00,"1,0044933492349797",47753912,23
2023-09-20 16:34:00,"1,0044846715130429",44266521,26
2023-09-20 16:35:00,"1,0050307248246102",42534659,7
2023-09-20 16:36:00,"1,0051341159749034",39927759,15
2023-09-20 16:37:00,"1,0051304641454335",38461698,4
2023-09-20 16:38:00,"1,005127578226641",37301215,2
2023-09-20 16:39:00,"1,0049593483804358",36033237,3
2023-09-20 16:40:00,"1,00413233733454",35351808,13568
2023-09-20 16:41:00,"1,003473511998045",35845658,9
2023-09-20 16:42:00,"1,003473979877342",36120654,0
2023-09-20 16:43:00,"1,0038027825543512",35545668,0
2023-09-20 16:44:00,"1,0043513938548962",34859888,1
2023-09-20 16:45:00,"1,004788632167198",33690450,3
2023-09-20 16:46:00,"1,004453327582483",31648982,9
2023-09-20 16:47:00,"1,0031262810616055",28741688,18
2023-09-20 16:48:00,"1,0028388627203273",24139039,47
2023-09-20 16:49:00,"1,0027762619882632",21085454,20
2023-09-20 16:50:00,"1,0027636593410367",17334626,1455269
2023-09-20 16:51:00,"1,0034217746578156",15076025,975
2023-09-20 16:52:00,"1,004512908691899",11110718,34
2023-09-20 16:53:00,"1,0050522216867108",6893762,39
2023-09-20 16:54:00,"1,004824560383215",3935790,19
2023-09-20 16:55:00,"1,004713017895836",2175556,1293868
2023-09-20 16:56:00,"1,0047238004164494",2383802,5900577
2023-09-20 16:57:00,"1,0043914722827048",792,7583215
2023-09-20 16:58:00,"1,0040723691544842",1558105,10767839
2023-09-20 16:59:00,"1,0040468670429978",2006023,3338461
2023-09-20 17:00:00,"1,003824233985647",-11,0
2023-09-20 17:01:00,"1,0033840906112967",-11,0
2023-09-20 17:02:00,"1,004044630816875",-11,0
2023-09-20 17:03:00,"1,00437455825074",-11,0
2023-09-20 17:04:00,"1,004374504061737",-11,0
2023-09-20 17:05:00,"1,0034395043806568",-11,0
2023-09-20 17:06:00,"1,0030539776412974",-11,0
2023-09-20 17:07:00,"1,003604324529658",-11,0
2023-09-20 17:08:00,"1,0034940303103663",-11,0
2023-09-20 17:09:00,"1,0030540000706707",-11,0
2023-09-20 17:10:00,"1,0030539035521329",-11,0
2023-09-20 17:11:00,"1,003053903552128",-11,0
2023-09-20 17:12:00,"1,0029437602165596",-11,0
2023-09-20 17:13:00,"1,002393635045561",-11,0
2023-09-20 17:14:00,"1,0023934840880462",-11,0
2023-09-20 17:15:00,"1,0023934840880346",-11,0
2023-09-20 17:16:00,"1,0027237482091358",-11,0
2023-09-20 17:17:00,"1,0030539579053586",-11,0
2023-09-20 17:18:00,"1,0033840483710037",-11,0
2023-09-20 17:19:00,"1,0033839940748863",-11,0
2023-09-20 17:20:00,"1,0033857364139624",292423,64916
2023-09-20 17:21:00,"1,0031638390592852",53,14
2023-09-20 17:22:00,"1,0026136953710925",-11,0
2023-09-20 17:23:00,"1,0020634254427403",-11,0
2023-09-20 17:24:00,"1,0020632743559996",-11,0
2023-09-20 17:25:00,"1,0020632743559883",-11,0
2023-09-20 17:26:00,"1,0020632743559883",-11,0
2023-09-20 17:27:00,"1,002393538495012",-11,0
2023-09-20 17:28:00,"1,002723628942665",-11,0
2023-09-20 17:29:00,"1,0028337300383323",-11,0
2023-09-20 17:30:00,"1,0030538084863707",-11,0
2023-09-20 17:31:00,"1,0030537843428389",-11,0
2023-09-20 17:32:00,"1,0030537843428389",-11,0
2023-09-20 17:33:00,"1,003549221235722",-11,0
2023-09-20 17:34:00,"1,004044416444959",-11,0
2023-09-20 17:35:00,"1,004044294329696",-11,0
2023-09-20 17:36:00,"1,0040442943296883",-11,0
2023-09-20 17:37:00,"1,0040442943296888",-11,0
2023-09-20 17:38:00,"1,0042094127706196",-11,0
2023-09-20 17:39:00,"1,0043745176321788",-11,0
2023-09-20 17:40:00,"1,0043745576844063",685,0
2023-09-20 17:41:00,"1,004374504061737",-11,0
2023-09-20 17:42:00,"1,005310374970815",-11,0
2023-09-20 17:43:00,"1,0056952974437563",-11,0
2023-09-20 17:44:00,"1,005475068341217",-11,0
2023-09-20 17:45:00,"1,0058053081693263",-11,0
2023-09-20 17:46:00,"1,0060253383650533",-11,0
2023-09-20 17:47:00,"1,0060253143033893",-11,0
2023-09-20 17:48:00,"1,006355578228141",-11,0
2023-09-20 17:49:00,"1,0091658621194712",-11,0
2023-09-20 17:50:00,"1,011637792998189",-11,167777
2023-09-20 17:51:00,"1,011637792992239",-11,167778
2023-09-20 17:52:00,"1,011637792992239",-11,167778
2023-09-20 17:53:00,"1,0116377929922389",-11,167778
2023-09-20 17:54:00,"1,011637792992239",-11,167778
2023-09-20 17:55:00,"1,0116928567133734",-11,173419
2023-09-20 17:56:00,"1,0126286303974026",-11,269369
2023-09-20 17:57:00,"1,0126281981194012",-11,269236
2023-09-20 17:58:00,"1,0128482326472343",-11,291782
2023-09-20 17:59:00,"1,013618777316361",-11,370772
2023-09-20 18:00:00,"1,0142786369043288",-26,438290
2023-09-20 18:01:00,"1,0140586490218453",-11,415778
2023-09-20 18:02:00,"1,0136185800094808",-11,370711
2023-09-20 18:03:00,"1,0139485542850006",-11,404506
2023-09-20 18:04:00,"1,0146089862168983",-11,472194
2023-09-20 18:05:00,"1,015599422230799",-11,573710
2023-09-20 18:06:00,"1,0159291284556626",-11,607398
2023-09-20 18:07:00,"1,0154890292831107",-11,562322
2023-09-20 18:08:00,"1,0151039283332994",-11,522868
2023-09-20 18:09:00,"1,014278971349118",-11,438412
2023-09-20 18:10:00,"1,014939002134141",-11,506001
2023-09-20 18:11:00,"1,0152689766578715",-11,539771
2023-09-20 18:12:00,"1,015268923047151",-11,539755
2023-09-20 18:13:00,"1,01614958663974",-11,630049
2023-09-20 18:14:00,"1,0165894413977508",-11,675050
2023-09-20 18:15:00,"1,0163692399296855",-11,652478
2023-09-20 18:16:00,"1,0159291702577642",-11,607411
2023-09-20 18:17:00,"1,015929074966862",-11,607382
2023-09-20 18:18:00,"1,0164243990834618",-11,658148
2023-09-20 18:19:00,"1,0169194832866542",-11,708865
2023-09-20 18:20:00,"1,0066882735110572",-11,0
2023-09-20 18:21:00,"1,005146136705834",-11,0
2023-09-20 18:22:00,"1,0039349947134242",-11,0
2023-09-20 18:23:00,"1,0033841452807426",-11,0
2023-09-20 18:24:00,"1,0033839940748963",-11,0
2023-09-20 18:25:00,"1,003383994074885",-11,0
2023-09-20 18:26:00,"1,003549112524749",-11,0
2023-09-20 18:27:00,"1,0049257170183563",-11,0
2023-09-20 18:28:00,"1,0050348102373934",-11,0
2023-09-20 18:29:00,"1,0047597069379182",-11,0
2023-09-20 18:30:00,"1,0044296329876763",-11,0
2023-09-20 18:31:00,"1,0043745055746327",-11,0
2023-09-20 18:32:00,"1,0043745040617351",-11,0
2023-09-20 18:33:00,"1,0052002483456983",-11,0
2023-09-20 18:34:00,"1,0060256529094709",-11,0
2023-09-20 18:35:00,"1,0051452200878603",-11,0
2023-09-20 18:36:00,"1,0041549320196983",-11,0
2023-09-20 18:37:00,"1,0033842900179193",-11,0
2023-09-20 18:38:00,"1,0040445113979124",-11,0
2023-09-20 18:39:00,"1,0043745582899877",-11,0
2023-09-20 18:40:00,"1,0040445115926853",-11,0
2023-09-20 18:41:00,"1,003879322263988",-11,0
2023-09-20 18:42:00,"1,0040443078849948",-11,0
2023-09-20 18:43:00,"1,0043745583569064",-11,0
2023-09-20 18:44:00,"1,0047047680577077",-11,0
2023-09-20 18:45:00,"1,0052551345342355",-11,0
2023-09-20 18:46:00,"1,006025609341363",-11,0
2023-09-20 18:47:00,"1,0060253143034323",-11,0
2023-09-20 18:48:00,"1,006025314303389",-11,0
2023-09-20 18:49:00,"1,005970360321916",-11,0
2023-09-20 18:50:00,"1,0056952614060526",-11,0
2023-09-20 18:51:00,"1,005860222964253",-11,0
2023-09-20 18:52:00,"1,006025327851569",-11,0
2023-09-20 18:53:00,"1,0060253143033893",-11,0
2023-09-20 18:54:00,"1,0067409435980934",-11,0
2023-09-20 18:55:00,"1,0070158618169711",-11,0
2023-09-20 18:56:00,"1,00701582429024",-11,0
2023-09-20 18:57:00,"1,0072360279186767",-11,0
2023-09-20 18:58:00,"1,0076763399532256",-11,0
2023-09-20 18:59:00,"1,007676243754337",-11,0
2023-09-20 19:00:00,"1,0078963049167424",-11,8
2023-09-20 19:01:00,"1,0083366401551668",-11,0
2023-09-20 19:02:00,"1,0083365440091403",-11,0
2023-09-20 19:03:00,"1,008336544009136",-11,0
2023-09-20 19:04:00,"1,008336544009136",-11,0
2023-09-20 19:05:00,"1,0096029833431548",-11,0
2023-09-20 19:06:00,"1,009987427418657",-11,0
2023-09-20 19:07:00,"1,0099873542507924",-11,0
2023-09-20 19:08:00,"1,010537502275701",-11,55063
2023-09-20 19:09:00,"1,0108126123333767",-11,83253
2023-09-20 19:10:00,"1,010977655802331",-11,100155
2023-09-20 19:11:00,"1,0109776423335997",-11,100151
2023-09-20 19:12:00,"1,0109776423335997",-11,100151
2023-09-20 19:13:00,"1,0112527524293662",-11,128342
2023-09-20 19:14:00,"1,0115829038166273",-11,162166
2023-09-20 19:15:00,"1,0118028843910276",-11,184695
2023-09-20 19:16:00,"1,0119679414436498",-11,201601
2023-09-20 19:17:00,"1,0121880816698283",-11,224155
2023-09-20 19:18:00,"1,0122980690020256",-11,235419
2023-09-20 19:19:00,"1,012298063028254",-11,235417
2023-09-20 19:20:00,"1,0122989232588349",-11,235680
2023-09-20 19:21:00,"1,0122980630286194",-11,235417
2023-09-20 19:22:00,"1,012298063028254",-11,235417
2023-09-20 19:23:00,"1,0125182167397966",-11,257974
2023-09-20 19:24:00,"1,0129583096570474",-11,303073
2023-09-20 19:25:00,"1,012738227341102",-11,280513
2023-09-20 19:26:00,"1,0122981586604516",-11,235446
2023-09-20 19:27:00,"1,0114181652148302",-11,145357
2023-09-20 19:28:00,"1,0109777382466598",-11,100181
2023-09-20 19:29:00,"1,0109776423336043",-11,100151
2023-09-20 19:30:00,"1,01064768052032",-11,66361
2023-09-20 19:31:00,"1,0099873542508135",-11,0
2023-09-20 19:32:00,"1,010757631885038",-11,77613
2023-09-20 19:33:00,"1,0122992365983925",-11,235778
2023-09-20 19:34:00,"1,0126282515576477",-11,269252
2023-09-20 19:35:00,"1,0126281981193104",-11,269236
2023-09-20 19:36:00,"1,012628198119309",-11,269236
2023-09-20 19:37:00,"1,012628198119309",-11,269236
2023-09-20 19:38:00,"1,0123531626197757",-11,241069
2023-09-20 19:39:00,"1,0122980645273736",-11,235417
2023-09-20 19:40:00,"1,0122980630898115",-11,235414
2023-09-20 19:41:00,"1,012958548540443",-11,303122
2023-09-20 19:42:00,"1,0129583332590215",-11,303056
2023-09-20 19:43:00,"1,0122982781694398",-11,235483
2023-09-20 19:44:00,"1,0122980630282767",-11,235417
2023-09-20 19:45:00,"1,0124080743014747",-11,246688
2023-09-20 19:46:00,"1,01262822204421",-11,269243
2023-09-20 19:47:00,"1,012738209404197",-11,280507
2023-09-20 19:48:00,"1,0138390927970795",-11,393404
2023-09-20 19:49:00,"1,0139485065065623",-11,404491
2023-09-20 19:50:00,"1,014168654437748",-11,427047
2023-09-20 19:51:00,"1,0144987004073367",-11,460863
2023-09-20 19:52:00,"1,0164812737589743",-11,664345
2023-09-20 19:53:00,"1,01631428664176",-11,646846
2023-09-20 19:54:00,"1,0121964320770758",-11,226704
2023-09-20 19:55:00,"1,0119679537725237",-11,201606
2023-09-20 19:56:00,"1,0099873542526543",-11,0
2023-09-20 19:57:00,"1,0080082770935646",-11,0
2023-09-20 19:58:00,"1,0080063342789616",-11,0
2023-09-20 19:59:00,"1,0080063342770893",-11,0
2023-09-20 20:00:00,"1,0080129004513878",-11,0
2023-09-20 20:01:00,"1,0071813916041614",-11,0
2023-09-20 20:02:00,"1,0029526689336832",-11,0
2023-09-20 20:03:00,"1,0027237199577068",-11,0
2023-09-20 20:04:00,"1,00206361098855",-11,0
2023-09-20 20:05:00,"0,99975482975208",-10,0
2023-09-20 20:06:00,"0,9990920238555029",-10,0
2023-09-20 20:07:00,"0,9989817799088877",-10,0
2023-09-20 20:08:00,"0,9985416309265712",-10,0
2023-09-20 20:09:00,"0,9981013911031236",-10,0
2023-09-20 20:10:00,"0,998101294013237",-10,0
2023-09-20 20:11:00,"0,9980462804423149",-10,0
2023-09-20 20:12:00,"0,9977711818099859",-10,0
2023-09-20 20:13:00,"0,9977711438858312",-10,0
2023-09-20 20:14:00,"0,9981013486345286",-10,0
2023-09-20 20:15:00,"0,9982663529114577",-10,0
2023-09-20 20:16:00,"0,9981013076591091",-10,0
2023-09-20 20:17:00,"0,9982113302508152",-10,0
2023-09-20 20:18:00,"0,9984315280268944",-10,0
2023-09-20 20:19:00,"0,9986516479575303",-10,0
2023-09-20 20:20:00,"0,9997521074685899",-10,82
2023-09-20 20:21:00,"1,0000823088942377",-11,0
2023-09-20 20:22:00,"1,000247372868",-11,0
2023-09-20 20:23:00,"1,00096299000252",-11,0
2023-09-20 20:24:00,"1,0015682618574142",-11,0
2023-09-20 20:25:00,"1,002063396682835",-11,0
2023-09-20 20:26:00,"1,0016232503663929",-11,0
2023-09-20 20:27:00,"1,0014029983226838",-11,0
2023-09-20 20:28:00,"1,0014029741011847",-11,0
2023-09-20 20:29:00,"1,0020085018379594",-11,0
2023-09-20 20:30:00,"1,0023935580451584",-11,0
2023-09-20 20:31:00,"1,0023934840880375",-11,0
2023-09-20 20:32:00,"1,0023934840880349",-11,0
2023-09-20 20:33:00,"1,0023934840880353",-11,0
2023-09-20 20:34:00,"1,0023934840880349",-11,0
2023-09-20 20:35:00,"1,0023934840880353",-11,0
2023-09-20 20:36:00,"1,0023934840880349",-11,0
2023-09-20 20:37:00,"1,0032193483497405",-11,0
2023-09-20 20:38:00,"1,003604247440316",-11,0
2023-09-20 20:39:00,"1,0047053171322984",-11,0
2023-09-20 20:40:00,"1,0047047142344054",-11,15
2023-09-20 20:41:00,"1,004649640611544",-11,0
2023-09-20 20:42:00,"1,0043745417366208",-11,0
2023-09-20 20:43:00,"1,004374504061736",-11,0
2023-09-20 20:44:00,"1,0043745040617351",-11,0
2023-09-20 20:45:00,"1,0047046488270843",-11,0
2023-09-20 20:46:00,"1,0052000312496887",-11,0
2023-09-20 20:47:00,"1,0059155385992251",-11,0
2023-09-20 20:48:00,"1,006025320293308",-11,0
2023-09-20 20:49:00,"1,006025314303389",-11,0
2023-09-20 20:50:00,"1,006465650534886",-11,0
2023-09-20 20:51:00,"1,0066856385948657",-11,0
2023-09-20 20:52:00,"1,0066856145581933",-11,0
2023-09-20 20:53:00,"1,0066856145581924",-11,0
2023-09-20 20:54:00,"1,0066856145581926",-11,0
2023-09-20 20:55:00,"1,0069058181945258",-11,0
2023-09-20 20:56:00,"1,0072911522435863",-11,0
2023-09-20 20:57:00,"1,0073460355173898",-11,0
2023-09-20 20:58:00,"1,0073460340222855",-11,0
2023-09-20 20:59:00,"1,007346034022286",-11,0
2023-09-20 21:00:00,"1,0073838812281646",-11,0
2023-09-20 21:01:00,"1,0077863542951109",-11,0
2023-09-20 21:02:00,"1,008006358285746",-11,0
2023-09-20 21:03:00,"1,0080063342770895",-11,0
2023-09-20 21:04:00,"1,0080063342770893",-11,0
2023-09-20 21:05:00,"1,0080063342770893",-11,0
2023-09-20 21:06:00,"1,0080063342770895",-11,0
2023-09-20 21:07:00,"1,007731236785829",-11,0
2023-09-20 21:08:00,"1,0063014650672175",-11,0
2023-09-20 21:09:00,"1,0060253521942435",-11,0
2023-09-20 21:10:00,"1,0058052780314322",-11,0
2023-09-20 21:11:00,"1,0050901334292068",-11,0
2023-09-20 21:12:00,"1,0050348058394425",-11,0
2023-09-20 21:13:00,"1,005034804316539",-11,0
2023-09-20 21:14:00,"1,005034804316539",-11,0
2023-09-20 21:15:00,"1,005695440765092",-11,0
2023-09-20 21:16:00,"1,0060253684035405",-11,0
2023-09-20 21:17:00,"1,006135469711119",-11,0
2023-09-20 21:18:00,"1,0066858842395314",-11,0
2023-09-20 21:19:00,"1,0072361541588648",-11,0
2023-09-20 21:20:00,"1,0074598297829662",-11,0
2023-09-20 21:21:00,"1,008006482504916",-11,0
2023-09-20 21:22:00,"1,0080063342771002",-11,0
2023-09-20 21:23:00,"1,0080063342770893",-11,0
2023-09-20 21:24:00,"1,0080063342770893",-11,0
2023-09-20 21:25:00,"1,0071812670973994",-11,0
2023-09-20 21:26:00,"1,006960892922288",-11,0
2023-09-20 21:27:00,"1,007236041429444",-11,0
2023-09-20 21:28:00,"1,0073460400280134",-11,0
2023-09-20 21:29:00,"1,007346034022286",-11,0
2023-09-20 21:30:00,"1,007346034022286",-11,0
2023-09-20 21:31:00,"1,007346034022286",-11,0
2023-09-20 21:32:00,"1,007346034022286",-11,0
2023-09-20 21:33:00,"1,007346034022286",-11,0
2023-09-20 21:34:00,"1,007346034022286",-11,0
2023-09-20 21:35:00,"1,007346034022286",-11,0
2023-09-20 21:36:00,"1,007346034022286",-11,0
2023-09-20 21:37:00,"1,007346034022286",-11,0
2023-09-20 21:38:00,"1,0083921613383344",-11,0
2023-09-20 21:39:00,"1,0106475074899786",-11,66332
2023-09-20 21:40:00,"1,010207367496663",-11,21243
2023-09-20 21:41:00,"1,0095471143445591",-11,0
2023-09-20 21:42:00,"1,00899699423077",-11,0
2023-09-20 21:43:00,"1,0100973623048528",-11,9974
2023-09-20 21:44:00,"1,0106476572695215",-11,66378
2023-09-20 21:45:00,"1,0110877433203191",-11,111450
2023-09-20 21:46:00,"1,0109776483268869",-11,100153
2023-09-20 21:47:00,"1,0111976767367987",-11,122697
2023-09-20 21:48:00,"1,0116378887491888",-11,167807
2023-09-20 21:49:00,"1,0116377929922438",-11,167778
2023-09-20 21:50:00,"1,011637792992239",-11,167778
2023-09-20 21:51:00,"1,0116377929922389",-11,167778
2023-09-20 21:52:00,"1,0116377929922389",-11,167778
2023-09-20 21:53:00,"1,0122433010344023",-11,229844
2023-09-20 21:54:00,"1,0113082094412504",-11,134103
2023-09-20 21:55:00,"1,0118580720790171",-11,190374
2023-09-20 21:56:00,"1,0116379361202887",-11,167797
2023-09-20 21:57:00,"1,0116379121745387",-11,167790
2023-09-20 21:58:00,"1,0119679818024483",-11,201614
