;('LV4.101 Bus 1', 'L1');('LV4.101 Bus 10', 'L1');('LV4.101 Bus 11', 'L1');('LV4.101 Bus 12', 'L1');('LV4.101 Bus 13', 'L1');('LV4.101 Bus 14', 'L1');('LV4.101 Bus 15', 'L1');('LV4.101 Bus 16', 'L1');('LV4.101 Bus 17', 'L1');('LV4.101 Bus 18', 'L1');('LV4.101 Bus 19', 'L1');('LV4.101 Bus 2', 'L1');('LV4.101 Bus 20', 'L1');('LV4.101 Bus 21', 'L1');('LV4.101 Bus 22', 'L1');('LV4.101 Bus 23', 'L1');('LV4.101 Bus 24', 'L1');('LV4.101 Bus 25', 'L1');('LV4.101 Bus 26', 'L1');('LV4.101 Bus 28', 'L1');('LV4.101 Bus 29', 'L1');('LV4.101 Bus 3', 'L1');('LV4.101 Bus 30', 'L1');('LV4.101 Bus 31', 'L1');('LV4.101 Bus 32', 'L1');('LV4.101 Bus 33', 'L1');('LV4.101 Bus 34', 'L1');('LV4.101 Bus 35', 'L1');('LV4.101 Bus 36', 'L1');('LV4.101 Bus 37', 'L1');('LV4.101 Bus 38', 'L1');('LV4.101 Bus 39', 'L1');('LV4.101 Bus 4', 'L1');('LV4.101 Bus 40', 'L1');('LV4.101 Bus 41', 'L1');('LV4.101 Bus 42', 'L1');('LV4.101 Bus 43', 'L1');('LV4.101 Bus 44', 'L1');('LV4.101 Bus 5', 'L1');('LV4.101 Bus 6', 'L1');('LV4.101 Bus 7', 'L1');('LV4.101 Bus 8', 'L1');('LV4.101 Bus 9', 'L1');('MV1.101 Bus 52', 'L1');('metainfo', 'in the first', 'few indices')
2016-08-03 00:00:00;1.0;0.9999911244397;0.9999796752950768;0.9999979412810935;0.9999999999999999;1.0;1.0002518382481802;0.9999054447922896;1.0;1.0;0.9999824730003971;1.0001902370386433;1.0002032476686236;0.9999507316214119;0.9998631059063952;0.999865685356753;0.9998676973830954;0.999999574263626;0.9999995483748256;0.9999861546523502;0.9999922788832588;0.9999999999999999;0.9998671385718352;1.000247424425665;1.0002541839906542;0.9999849583604683;0.9999946070043473;0.9999897617939058;0.9999769274521892;0.9998845639334577;1.0;0.9999693816520007;0.9999976360895232;1.0;0.9998466079425083;0.9999086901516218;1.0;0.9999805392078105;1.0;0.999997972613737;0.9999879488012001;0.9999799571790827;1.0001967509321794;1.024999976158142;simulation#4499
2016-08-03 00:15:00;1.0;0.9999974834814916;0.9999856822002547;0.9999988776084663;1.0;1.0;1.0002472355412193;0.9999415351162281;1.0;1.0;0.99998841730524;1.000193381145088;1.0002055524630844;0.9999701326510486;0.9999197870728933;0.9999205215611862;0.9999215360522827;0.9999996753812072;0.9999996626363435;0.9999900204925178;0.9999947430702186;1.0;0.9999212465773775;1.0002438017589153;1.0002489462426747;0.9999899802956207;0.9999963886828863;0.999993795494946;0.9999766577558156;0.999884052995279;1.0;0.9999682491181943;0.9999993278549008;1.0;0.9998459780426541;0.9999052121007754;1.0;0.9999793644182157;1.0;0.9999994232670087;0.9999918863244674;0.999984889948711;1.0001998758076085;1.024999976158142;comment data format: active and reactive powers in Watts
2016-08-03 00:30:00;1.0;0.9999969767795371;0.9999841061204593;0.9999990065859246;1.0;1.0;1.0002465201310107;0.9999400396715025;1.0;1.0;0.9999874980402684;1.0001871488625966;1.0001997833326821;0.9999692821977352;0.9999184875792819;0.9999193651077132;0.9999203366660878;0.9999992326244084;0.999999216870394;0.9999885804852789;0.999992646861237;1.0;0.9999200274363765;1.0002428155798093;1.000248403171269;0.9999880438695867;0.9999956388980608;0.9999936176949561;0.9999878939912802;0.9999045508430829;1.0;0.9999666439618226;0.9999991939999419;0.9999999999999999;0.9998674305864893;0.9999003258079036;1.0;0.9999793644182158;1.0;0.999999308850935;0.9999895048565248;0.9999831037181176;1.0001938631758553;1.024999976158142;step time in minutes: 15
2016-08-03 00:45:00;1.0;0.9999943038017666;0.9999871874075771;0.9999994037388428;1.0;1.0;1.0002440966644677;0.9999555953977048;1.0;0.9999999999999999;0.9999903732339382;1.0001844992053515;1.0001971076711322;0.9999765584723155;0.9999390440152425;0.9999407011327868;0.9999414572857853;0.9999993214416204;0.9999993092809758;0.9999911373089012;0.9999941397693665;1.0;0.9999412109113746;1.000240592764204;1.0002457866564145;0.9999908975595088;0.9999965448710091;0.9999951301123585;0.9999844790836364;0.9998986109329877;0.9999999999999999;0.9999693402913041;0.9999984819608791;1.0;0.9998611340749813;0.9999083690801924;1.0;0.9999793644182156;1.0;0.9999986979312578;0.9999918107409527;0.9999867429796415;1.0001910130615188;1.024999976158142;start time of simulation: 2016-08-03 00:00:00+00:00
2016-08-03 01:00:00;1.0;0.9999956052758383;0.9999858858023957;0.9999993591466687;1.0;1.0;1.0002386282365066;0.9999526225514922;1.0;1.0;0.9999896745944179;1.0001812161860522;1.000194075650093;0.9999753244408436;0.999937480885458;0.9999387625930327;0.9999394728042045;0.9999996554678258;0.9999996446405927;0.9999905403281081;0.9999953071348294;1.0;0.9999392619268781;1.0002352646237458;1.0002402013325862;0.99999141416588;0.9999967195708771;0.999994874211196;1.000018543158587;0.9999526797345314;1.0;0.9999635237367555;0.999998827650833;0.9999999999999999;0.9999137543095892;0.9998906186373814;1.0;0.9999825399435113;1.0;0.9999989941499402;0.9999929054984584;0.9999849458005604;1.0001879572648575;1.024999976158142;end time of simulation: 2016-08-17 00:00:00+00:00
2016-08-03 01:15:00;0.9999999999999999;0.999991990747589;0.9999851487415272;0.9999993960883132;1.0;0.9999999999999999;1.0002412627111388;0.9999498245797961;0.9999999999999999;1.0;0.9999889389269899;1.0001749197158643;1.0001883606323791;0.99997319947744;0.9999303838950482;0.9999327089676527;0.9999335897967639;0.999999031953283;0.9999990176105391;0.9999896842269932;0.9999925252824109;1.0;0.9999332903495094;1.0002373547561147;1.0002431781262895;0.9999890806948389;0.9999958206237544;0.9999944321535421;0.9999936365020412;0.9999151388599359;1.0;0.9999689673987141;0.9999978673778929;1.0;0.9998782431469102;0.9999071293746634;1.0;0.999990860432545;1.0;0.9999981712290628;0.999989843258837;0.9999848311290553;1.0001817302262184;1.024999976158142;"[""terminal(s) with malfunction: ['LV4.101 Bus 37']"", 'type of malfunction: EVSE without P(U) control']"
2016-08-03 01:30:00;1.0;0.9999953868510812;0.9999891983855556;0.9999990813995586;1.0;0.9999999999999999;1.0002341333821136;0.999952984994983;1.0;1.0;0.9999908965445986;1.0001807213910343;1.0001921076692517;0.9999754691900536;0.9999321984942801;0.999933537364878;0.9999344973856487;0.9999994348875523;0.9999994282067076;0.9999923222001703;0.999994594865169;1.0;0.9999342053692637;1.000230787217391;1.0002358125618298;0.999991210962133;0.9999968180309592;0.9999949076355201;1.0000091143067105;0.9999376300813904;1.0;0.9999702683482935;0.9999987711803359;1.0;0.9998988108793208;0.9999108897421254;1.0;0.9999920672329302;0.9999999999999999;0.9999989462962422;0.9999922853731262;0.9999892333237108;1.0001866414775265;1.024999976158142;terminals with PVs: ['LV4.101 Bus 3', 'LV4.101 Bus 38', 'LV4.101 Bus 43', 'LV4.101 Bus 40', 'LV4.101 Bus 18', 'LV4.101 Bus 14', 'LV4.101 Bus 5', 'LV4.101 Bus 17', 'LV4.101 Bus 13', 'LV4.101 Bus 1']
2016-08-03 01:45:00;0.9999999999999999;0.9999962540093675;0.9999931237083849;0.9999994716018793;0.9999999999999999;1.0;1.0002262735911163;0.9999709664730713;0.9999999999999999;1.0;0.9999942823686486;1.0001981899486885;1.0002037168160933;0.9999846739960636;0.999957716219394;0.9999588038233228;0.9999594121974019;0.9999995451776986;0.9999995422121272;0.9999951077525748;0.9999962277486317;1.0;0.9999592203594876;1.000224458847078;1.0002272231534723;0.9999942547715008;0.9999978912093495;0.9999968199283176;1.0000372758270701;0.9999814223771254;1.0;0.9999691095830362;0.9999990018213112;1.0;0.9999407712650525;0.9999071766538162;0.9999999999999999;0.999990860432545;0.9999999999999999;0.9999991440375859;0.9999947763719065;0.9999932512900965;1.0002009589742218;1.024999976158142;terminals with EVSE: ['LV4.101 Bus 34', 'LV4.101 Bus 8', 'LV4.101 Bus 25', 'LV4.101 Bus 42', 'LV4.101 Bus 37', 'LV4.101 Bus 18', 'LV4.101 Bus 24', 'LV4.101 Bus 12', 'LV4.101 Bus 13', 'LV4.101 Bus 1']
2016-08-03 02:00:00;1.0;0.9999886649745562;0.9999862421261914;0.9999991900384708;0.9999999999999999;0.9999999999999999;1.0002290989997722;0.9999479381236492;0.9999999999999999;1.0;0.9999894390354527;1.0001950046406392;1.0002011507449695;0.9999715940481456;0.9999246149653225;0.9999278973836233;0.9999290229106046;0.9999995742636261;0.9999995650648107;0.9999912585109741;0.9999949962227941;1.0;0.9999286971551701;1.000226765816201;1.0002303163160084;0.9999912200268982;0.9999965633705201;0.9999941018055889;1.0000460173070669;0.9999927006859325;1.0;0.9999669511015655;0.9999969846200516;0.9999999999999999;0.9999503652307002;0.9999006415994649;1.0;0.9999912732606052;1.0;0.9999974149826882;0.9999925904199537;0.9999867628425784;1.000197588752979;1.024999976158142;
2016-08-03 02:15:00;1.0;0.9999836783909988;0.9999845226470035;0.9999992042106952;1.0;1.0;1.000230812635827;0.9999431714011584;1.0;1.0;0.9999883288908751;1.000190252359979;1.000197101484657;0.9999682036923899;0.9999158779747327;0.9999206045573563;0.9999219299000139;0.9999994118183226;0.9999993990066445;0.9999904313563001;0.9999941131165266;1.0;0.9999215402248857;1.0002280978614564;1.0002322139894086;0.999990241417953;0.9999960711330816;0.999993396454456;1.0000409729591635;0.9999893086892226;1.0;0.9999685174221858;0.9999956586458402;1.0;0.9999495405353961;0.9999053694485522;0.9999999999999999;0.9999904792909119;1.0;0.9999962782327605;0.9999915186923821;0.9999856314659088;1.00019287677999;1.024999976158142;
2016-08-03 02:30:00;1.0;0.9999866430152552;0.9999871377637481;0.9999993123722;1.0;1.0;1.000231427218711;0.9999520623361612;0.9999999999999999;0.9999999999999999;0.9999901861876153;1.000192072597862;1.000199004282154;0.9999732570810247;0.9999287733996275;0.9999326476223336;0.9999337696779406;0.999999424151193;0.9999994137607437;0.999991915015003;0.999994679464722;1.0;0.9999334343104431;1.000228858572189;1.000232741988831;0.9999914781959982;0.9999966064356328;0.9999944465462353;1.0000445818946784;0.9999911391835278;1.0;0.9999631762744616;0.9999964454481103;1.0;0.9999493455239721;0.9998893083966353;0.9999999999999999;0.9999920672329302;1.0;0.9999969521899263;0.9999924593086381;0.9999880786937002;1.000194945870432;1.024999976158142;
2016-08-03 02:45:00;1.0;0.999991053265654;0.9999913844762742;0.9999996389401642;1.0;1.0;1.0002275755006629;0.9999697708950842;0.9999999999999999;1.0;0.9999935444024834;1.000193005126229;1.0001992953680705;0.9999830261397777;0.9999550870380404;0.9999576923109764;0.9999583845188248;0.9999994149741643;0.9999994080710282;0.9999944010415749;0.9999956646521168;1.0;0.9999581615123739;1.0002254660491496;1.0002286311641835;0.9999938160237959;0.9999975392661593;0.9999964758180673;1.0000406284761305;0.9999879585739596;1.0;0.9999703805163536;0.9999976161121594;1.0;0.9999477263040775;0.9999109670547659;0.9999999999999999;0.9999908604325449;0.9999999999999999;0.9999979550369746;0.9999941707465336;0.9999919675782228;1.0001958299942104;1.024999976158142;
2016-08-03 03:00:00;1.0;0.9999914858218346;0.999989235018085;0.9999991810014528;1.0;1.0;1.0002290045953144;0.9999548052885205;1.0;1.0;0.9999912050995291;1.0001958041073693;1.000201935517566;0.9999755998770095;0.9999331572131257;0.9999356318262116;0.9999366590708104;0.9999995145278952;0.9999995061900712;0.999992861459829;0.9999951783039316;0.9999999999999999;0.9999363549650888;1.0002267257056756;1.000230215113381;0.9999920343161461;0.9999969929938212;0.9999949337495998;1.0000429935934425;0.9999899572755667;1.0;0.9999682483810426;0.9999977324376859;0.9999999999999999;0.9999487910122207;0.9999045589253863;1.0;0.9999912732606053;1.0;0.9999980552481219;0.9999930654223693;0.9999898257007345;1.0001985731262977;1.024999976158142;
2016-08-03 03:15:00;1.0;0.9999929316754104;0.9999895358755203;0.9999993119344056;1.0;1.0;1.000227762065351;0.9999584385994914;1.0;1.0;0.9999916030575482;1.0001950879040178;1.0002009641275045;0.9999777117367222;0.9999394435044211;0.9999415014659176;0.9999423828231341;0.9999993536790921;0.9999993452287793;0.9999927917008948;0.9999946292866606;1.0;0.999942105793126;1.00022557343473;1.0002289397524617;0.9999918216451265;0.9999969261426734;0.9999953721037973;1.0000530299624069;1.0000044346876802;1.0;0.9999679084547938;0.9999981163619727;0.9999999999999999;0.9999621025948694;0.9999035080188733;1.0;0.9999900664615023;1.0;0.9999983841932213;0.9999925638198893;0.9999898340925151;1.000197816600814;1.024999976158142;
2016-08-03 03:30:00;1.0;0.9999936541840018;0.9999904217774931;0.9999995078453637;1.0;0.9999999999999999;1.000227414637569;0.9999650120051281;1.0;1.0;0.9999926201402385;1.0001951973839636;1.0002011086796274;0.9999811579013609;0.999949857299251;0.9999517053175625;0.9999524029434598;0.9999993720003976;0.9999993644605285;0.9999934141683682;0.9999950862509527;1.0;0.9999521754999104;1.0002253668804588;1.0002284856529131;0.9999927477485819;0.9999972320420891;0.9999960876745972;1.0000466806148265;0.9999963151952038;1.0;0.9999680461210946;0.9999983086312987;1.0;0.9999552221976745;0.9999039143079916;1.0;0.9999900664615022;0.9999999999999999;0.9999985490887197;0.9999932905702683;0.9999905355410464;1.0001979954525337;1.024999976158142;
2016-08-03 03:45:00;0.9999999999999999;0.9999943046818122;0.9999910914952997;0.999999429246347;1.0;1.0;1.0002277633287469;0.9999653646919684;1.0;1.0;0.9999929808313825;1.0001981812599194;1.0002039577791728;0.999981464669864;0.9999502548175667;0.9999519151995537;0.9999526264380013;0.9999996049090486;0.9999995987875727;0.9999940253916856;0.9999961334923197;0.9999999999999999;0.9999524117454754;1.0002258413603848;1.0002287529227343;0.9999936456604065;0.9999975919841118;0.9999961519086766;1.0000413083838886;0.9999909218374328;1.0;0.9999697049997847;0.999998481445803;1.0;0.9999516692748258;0.9999089389145956;1.0;0.9999912732606052;1.0;0.9999986971721321;0.9999944525124193;0.9999912323017389;1.000200950285429;1.024999976158142;
2016-08-03 04:00:00;1.0;0.9999974114298397;0.999991655030402;0.9999993907061976;0.9999999999999999;1.0;1.0002295998045199;0.9999660400146634;1.0;1.0;0.9999931534242831;1.0002024515739794;1.0002077324107115;0.9999824269374832;0.9999520601800266;0.9999528170312704;0.9999534483095894;0.9999994747099227;0.9999994693906914;0.9999939213955595;0.999995524109066;1.0;0.9999532455097264;1.0002277876204988;1.000230582330876;0.9999930936328654;0.9999974959400039;0.9999963521861154;1.000044543531945;0.9999920441528686;1.0;0.9999625938963427;0.9999993084403119;1.0;0.9999507999117319;0.9998875743416874;1.0;0.9999912732606053;1.0;0.9999994064906091;0.9999937651586432;0.9999914323612366;1.0002051647699177;1.024999976158142;
2016-08-03 04:15:00;1.0;0.9999967600824253;0.9999901353436701;0.9999991968622572;1.0;1.0;1.0002276478267962;0.9999571809544286;1.0;1.0;0.9999915173353809;1.0001980979332958;1.0002030686935388;0.9999778504056;0.9999379428238527;0.9999388840421243;0.9999397333167241;0.9999990610348899;0.9999990534242719;0.9999924133541008;0.9999931960828563;1.0;0.9999394442035848;1.0002255458703027;1.0002288804582404;0.9999904235587916;0.9999965772341206;0.9999954017100168;1.0000355622427701;0.9999819191516521;1.0;0.9999717799656848;0.9999991362798794;1.0;0.999942961398211;0.9999152078739745;1.0;0.9999912732606054;1.0;0.999999259287956;0.9999909043645682;0.9999900752213339;1.000200597161054;1.024999976158142;
2016-08-03 04:30:00;1.0;0.9999979886700388;0.9999952976833522;0.999999570922961;0.9999999999999999;1.0;1.000225238699457;0.9999787337385082;1.0;1.0;0.9999959217725569;1.0002003560162003;1.0002055618961252;0.9999889214081426;0.9999689226535288;0.9999695075638853;0.9999699551611873;0.9999996753812069;0.9999996735083372;0.9999965563758508;0.9999972711454101;1.0;0.9999698147196062;1.0002236732636844;1.0002260371241785;0.9999958071766399;0.9999984961001981;0.9999977017848372;1.0000359546489679;0.9999841162262798;1.0;0.9999688980620879;0.9999994631379097;1.0;0.9999459429796476;0.9999065068668015;1.0;0.9999916544037752;1.0;0.9999995395484865;0.9999962051856571;0.9999953657788875;1.0002030692064543;1.024999976158142;
2016-08-03 04:45:00;1.0;0.9999961822582505;0.9999932218683146;0.9999994549618296;0.9999999999999999;1.0;1.0002259635122772;0.9999708678168707;0.9999999999999999;1.0;0.9999943148145911;1.0001979510341152;1.0002034875990864;0.9999846089386902;0.9999573776943335;0.9999584875505316;0.9999591092815019;0.999999565086687;0.9999995617522622;0.9999951943820924;0.9999963170324128;1.0;0.9999589153279839;1.0002241451563565;1.0002269141854954;0.9999943297018927;0.9999979224172433;0.9999968061760796;1.0000411882626281;0.9999892108535248;0.9999999999999999;0.9999685093076219;0.9999989823783114;1.0;0.9999492115789815;0.9999053422299016;1.0;0.999990479290912;1.0;0.9999991272346256;0.9999948745266316;0.9999933923457351;1.0002007200589873;1.024999976158142;
2016-08-03 05:00:00;1.0;0.9999953165243733;0.9999898865850158;0.9999990185685868;1.0;1.0;1.0002295515345152;0.9999526633210731;1.0;1.0;0.9999910572364753;1.0001981511258349;1.0002037511804365;0.9999752874209132;0.9999300836179739;0.9999314513272344;0.9999324817156306;0.9999992525333846;0.9999992444062963;0.9999925333383337;0.9999938347951206;1.0;0.9999321584148955;1.0002272690940655;1.00023085779502;0.9999906452770969;0.9999966606505261;0.9999948694104085;1.000044772582085;0.9999908823817203;0.9999999999999999;0.999965794956723;0.9999987503783592;1.0;0.9999487768989188;0.9998972011184025;1.0;0.9999916544037752;0.9999999999999999;0.9999989276885389;0.9999914775916078;0.9999901762934725;1.000200893345579;1.024999976158142;
2016-08-03 05:15:00;1.0;0.9999945204986436;0.9999905579871706;0.9999994233240692;1.0;1.0;1.0002298770067386;0.9999634780752128;1.0;1.0000000000000002;0.9999924902336457;1.0001996729135652;1.000205142849598;0.9999805634096723;0.9999474638633151;0.9999490573213453;0.999949789599346;0.9999993536790919;0.9999993470949285;0.9999933561994184;0.9999949014726582;1.0;0.9999495517614518;1.000227888977108;1.0002309480413947;0.9999924491015386;0.9999971752764455;0.9999959649041749;1.0000471911171809;0.9999984297278366;1.0;0.999961307063885;0.9999985399026268;1.0;0.9999582206716533;0.9998836833678497;1.0;0.9999912732606053;0.9999999999999999;0.9999987476896223;0.9999930288547767;0.9999906395105577;1.0002022899085539;1.024999976158142;
2016-08-03 05:30:00;1.0;0.9999972661562601;0.9999930865418467;0.9999995231985632;1.0;1.0;1.0002301648390206;0.999972732989772;0.9999999999999999;1.0;0.9999944854746753;1.0001380632924324;1.0001597867367369;0.9999857624251379;0.9999617656123908;0.9999625604854526;0.9999630696895934;0.9999997151991683;0.9999997117348729;0.999995212964503;0.9999970174645547;1.0;0.9999629158436911;1.0002251421877444;1.0002323523259145;0.9999949597395035;0.9999981369949154;0.9999970451428997;1.0000481801618866;0.9999970258577231;0.9999999999999999;0.9999610217923904;0.9999992708306291;0.9999999999999999;0.999955492380688;0.9998829601531076;0.9999999999999999;0.999989685320429;1.0;0.9999993746196086;0.9999956626505025;0.999992931253844;1.0001497783107693;1.024999976158142;
2016-08-03 05:45:00;1.0;0.9999978439814121;0.9999906485665745;0.9999992139472319;1.0;0.9999999999999999;1.0002299757202002;0.9999593345865909;1.0;1.0;0.9999919971684067;1.0000468816307506;1.0000901497315409;0.9999791497360007;0.9999419359997451;0.9999425622401744;0.9999433362952616;0.9999992724467546;0.9999992670257204;0.999992902263022;0.9999942249607969;1.0;0.99994308177928;1.0002200832843813;1.0002342834819578;0.9999914125345591;0.9999969467511209;0.9999956723960016;1.0000417107520523;0.9999903008885241;0.9999999999999999;0.9999678991247454;0.9999994247661789;0.9999999999999999;0.9999509503046868;0.9999037958536322;1.0;0.9999908604325448;1.0;0.9999995067028655;0.9999920892927139;0.9999904153311316;1.000070443832514;1.024999976158142;
2016-08-03 06:00:00;1.0;0.9999970494178282;0.9999935082418266;0.9999994312855044;0.9999999999999999;1.0;1.0002320197957528;0.9999715746982882;1.0;1.0;0.9999945532178666;1.0000529595739098;1.0000961245139444;0.9999851369638115;0.9999590705671866;0.9999599291239122;0.9999605160971029;0.9999997641984272;0.9999997610191776;0.9999955230713006;0.9999972136866428;1.0;0.9999603452415349;1.0002225125959376;1.0002360169473816;0.9999950841618936;0.9999982104293721;0.9999969155146262;1.0000362987221583;0.9999883395527552;1.0;0.9999664852162883;0.9999992129799342;1.0;0.9999528091559404;0.9998996199250584;1.0;0.9999908604325449;0.9999999999999999;0.999999324941242;0.9999958611278676;0.9999935503111042;1.0000764097679036;1.024999976158142;
2016-08-03 06:15:00;1.0;0.9999940144690653;0.9999894604333376;0.9999992199435628;0.9999999999999999;1.0;1.0002357818675447;0.9999561718434028;1.0;1.0;0.999991294793446;1.0000215464568343;1.0000720480693575;0.9999767926672076;0.9999361450404205;0.999937884832606;0.9999388034710562;0.9999992816192961;0.9999992730242059;0.999992509679211;0.9999941618501765;1.0;0.999938511587929;1.0002242752812107;1.0002407333096615;0.9999912057485009;0.9999967595915012;0.9999951813350026;1.0000399498972852;0.9999905888677634;1.0;0.9999613020475887;0.9999984053857817;1.0;0.9999533190106519;0.9998840982177789;1.0;0.9999916544037752;0.9999999999999999;0.9999986323875915;0.9999919554248963;0.9999896735062697;1.0000488068237343;1.024999976158142;
2016-08-03 06:30:00;1.0;0.9999931463869598;0.9999925371860962;0.9999997635359034;1.0;1.0;1.0002325663554403;0.9999761060397427;1.0;1.0;0.9999946860863358;1.0000164440475148;1.0000681086406844;0.999986633982717;0.9999659435829322;0.9999679314963071;0.9999684186394094;0.9999996539039102;0.9999996498525557;0.999995291991985;0.9999970388866346;1.0;0.9999682662955613;1.0002213088146772;1.0002372103544395;0.9999954073146323;0.9999981252090485;0.9999972258107365;1.0000311835724363;0.9999879147044699;1.0;0.99996766294971;0.9999981754439662;1.0;0.9999566017672804;0.9999032041924439;1.0;0.999990479290912;1.0;0.9999984355673924;0.999995863595662;0.9999927565141633;1.000044282510477;1.024999976158142;
2016-08-03 06:45:00;1.0;0.9999974825955671;0.9999907973779687;0.999999080683985;1.0;1.0;1.0002368902441667;0.9999566019596606;0.9999999999999999;1.0;0.9999917771675569;0.9999827423876022;1.0000434441971549;0.9999777049742548;0.9999367736715006;0.9999375049269873;0.9999383965612888;0.9999992832113442;0.9999992775912551;0.9999929824329933;0.9999941503736733;1.0;0.9999381118890958;1.000223295708702;1.0002427118179544;0.9999911728665708;0.9999968969555801;0.9999953725178944;1.000023935919802;0.9999744272375188;1.0;0.9999634657036599;0.9999993286013098;1.0;0.9999428694605909;0.9998908038495249;1.0;0.9999880973849141;1.0;0.9999994242293524;0.9999919342666941;0.999990792883808;1.0000158335332274;1.024999976158142;
2016-08-03 07:00:00;1.0;0.9999983497986166;0.9999931205205314;0.999999509197348;1.0;1.0;1.0002461393575013;0.9999713408268597;1.0;0.9999999999999999;0.9999941152822571;0.9999406616997039;1.0000138382061088;0.9999852806428061;0.9999586837839525;0.999959163742629;0.9999596988208178;0.9999991223343239;0.9999991181056483;0.9999944228409418;0.9999943273509384;1.0;0.9999594966054018;1.000230150403948;1.000252854263498;0.9999926370810961;0.9999973748002263;0.9999969455844148;0.9999441862810287;0.9999218552291635;1.0;0.9999562782184408;0.999999559217618;1.0;0.9999327516882703;0.999869526310971;1.0;0.9999884785248684;1.0;0.9999996219486128;0.9999926743671915;0.9999929591564339;0.9999806492348399;1.024999976158142;
2016-08-03 07:15:00;1.0;0.99999733879369;0.9999902050980098;0.9999991350740299;1.0;1.0;1.0002612922054168;0.9999546523268017;1.0;1.0;0.9999910425633395;0.9998864728927666;0.9999752221547461;0.9999766941259609;0.999932484715905;0.999933260558943;0.9999341950622336;0.9999984451298921;0.9999984349618921;0.99999164672423;0.9999903748257227;1.0;0.9999338403613778;1.00024145950048;1.0002697809901482;0.9999879350865677;0.9999957600427888;0.9999951611426332;0.99985573902378;0.9998690069097506;1.0;0.999958041936377;0.9999992895635982;1.0;0.9999305475250394;0.9998755727136451;1.0;0.9999373039342264;1.0;0.9999993904920251;0.9999877465824364;0.9999902914579816;0.9999349239304175;1.024999976158142;
2016-08-03 07:30:00;0.9999999999999999;0.9999865709670526;0.9999864219069596;0.9999994496198574;1.0;1.0;1.0002757404879261;0.9999514538194421;1.0;0.9999999999999999;0.9999894707432807;0.9998607892206581;0.9999581480564173;0.9999729343096495;0.9999266644482887;0.999930561001364;0.9999316717243182;0.99999841289245;0.9999983955824642;0.999990326690812;0.9999902088610803;0.9999999999999999;0.9999312684359968;1.0002539486294106;1.0002849468450739;0.99998776167513;0.9999952825379828;0.999994376806467;0.9998089351403082;0.9998263953156027;1.0;0.9999560456453563;0.9999964257685083;1.0;0.999908312423168;0.999870378138797;1.0;0.9999294232053236;1.0;0.9999969351804839;0.9999875482348698;0.9999873762930541;0.9999132132398163;1.024999976158142;
2016-08-03 07:45:00;1.0;0.9999923544292251;0.9999899440847206;0.99999933650227;1.0;1.0;1.0002763636668943;0.9999594958729445;1.0;0.9999999999999999;0.9999918433600823;0.9999015909794914;0.9999913170726281;0.9999781241058691;0.9999400386225193;0.9999422685346551;0.9999431656215056;0.9999992417969644;0.9999992327251236;0.9999929932004527;0.9999942498772878;0.9999999999999999;0.9999428766119745;1.0002567109324603;1.000284562768575;0.9999916733050581;0.9999968693479058;0.9999954575236922;0.999781734896899;0.9997936648133984;0.9999999999999999;0.9999487907449918;0.9999979616796454;1.0;0.9998822861248456;0.9998484607800626;1.0;0.9999296024443347;1.0;0.9999982511499081;0.9999922157418928;0.9999904205755908;0.9999502300831737;1.024999976158142;
2016-08-03 08:00:00;0.9999999999999999;0.9999153216506784;0.9999524699089625;0.9999985589098236;1.0;1.0;1.0003046768849715;0.999845609602592;1.0;1.0;0.9999673593045725;0.999821303017582;0.9999291860010645;0.9999055082737629;0.9997587056476016;0.9997832501200877;0.9997877470634964;0.999999473146141;0.9999993493714012;0.9999758276060401;0.9999896022621321;0.9999999999999999;0.9997865278900607;1.0002784975445953;1.0003156184290243;0.9999795580248216;0.9999902444731567;0.9999803237588988;0.9997849627471007;0.9997936634814578;1.0;0.9999371612656137;0.999977473562735;0.9999999999999999;0.9998811021447602;0.9998139872466457;1.0;0.9999283220001703;1.0;0.999980686103938;0.9999836930898311;0.9999604320272913;0.9998745631158451;1.024999976158142;
2016-08-03 08:15:00;1.0;0.9999635248303765;0.9999713834058389;0.9999978376394018;1.0;1.0;1.0002967997570176;0.9998791407814194;1.0;1.0;0.9999770437719209;0.9998790243839464;0.9999759523592554;0.9999319825051994;0.9998142218537992;0.9998248237141877;0.9998280246379428;0.9999993337701097;0.9999992783364278;0.9999830628949408;0.9999903067519834;0.9999999999999999;0.9998271364112877;1.0002739082260694;1.0003066289943279;0.9999820137158173;0.9999928139927482;0.999985856040208;0.9997828562080753;0.9997945706236442;1.0;0.9999308811695838;0.9999902894657746;1.0;0.999884774372553;0.9997952402685202;1.0;0.9999147690820929;1.0;0.9999916716845377;0.9999852433870562;0.9999751687644249;0.9999296107587565;1.024999976158142;
2016-08-03 08:30:00;0.9999999999999999;0.9999896785482383;0.9999896172249627;0.999999380070215;1.0;0.9999999999999999;1.0002876355044221;0.9999600070537771;1.0;0.9999999999999999;0.9999919241939786;0.9998491178507263;0.999954786579782;0.9999778522798015;0.9999405052943343;0.999943501623993;0.9999444382177646;0.9999995344412717;0.9999995255517705;0.9999934000390999;0.9999956169783117;1.0;0.9999441593396888;1.0002647715193491;1.0002970496839718;0.9999929170932698;0.9999972169808881;0.9999954007863084;0.9997675104265159;0.9997803813881276;1.0;0.9999341075675787;0.9999972523130901;1.0;0.9998773993572019;0.999805383859227;1.0;0.9999172787376697;1.0;0.9999976437985438;0.999993761489953;0.9999903677346565;0.9999063108175404;1.024999976158142;
2016-08-03 08:45:00;1.0;0.9999881606505046;0.9999876389515019;0.9999990801483658;0.9999999999999999;1.0;1.00029153158603;0.9999481980428154;0.9999999999999999;1.0;0.9999899628961194;0.9997457505133388;0.9998774429977211;0.9999716189523539;0.9999222616170049;0.9999256968907698;0.999926939622241;0.9999994639691595;0.9999994536201918;0.9999920326086879;0.9999946354280629;1.0;0.99992657532141;1.0002630047932095;1.0003033024555423;0.9999911123394939;0.9999965879936455;0.9999941065862966;0.9997637549232439;0.9997773622021704;1.0;0.9999282953665675;0.9999968488434273;1.0;0.9998777752539719;0.9997886468433623;1.0;0.9999198198090125;1.0;0.9999972979623408;0.9999922742689987;0.9999886439772264;0.9998171001785885;1.024999976158142;
2016-08-03 09:00:00;1.0;0.9999868594503092;0.9999856356566723;0.9999987836132737;1.0;1.0;1.0002905567453997;0.9999367322375593;1.0;1.0;0.9999880305065002;0.9997492069172884;0.9998795966713752;0.9999656014582503;0.9999048794726045;0.9999086900070286;0.9999102181303972;0.9999994532327718;0.9999994407410776;0.9999907012571113;0.9999939170152192;1.0;0.999909778048919;1.0002620790528853;1.000302380181663;0.9999895201440168;0.9999960334826475;0.9999928567229427;0.9997629388705529;0.9997785511043287;0.9999999999999999;0.9999304514138033;0.999996503233444;1.0;0.999879723116217;0.9997949237693871;1.0;0.999921788610268;1.0;0.9999970018123905;0.9999910729138499;0.9999868329560921;0.9998197530565827;1.024999976158142;
2016-08-03 09:15:00;1.0;0.9999879456788774;0.9999755361614516;0.999996928185231;0.9999999999999999;1.0;1.0002981545436633;0.9998719549522216;1.0;1.0;0.9999773831786026;0.999787677468;0.9999100559915228;0.9999332728386625;0.9998094337598198;0.9998129388126152;0.9998158997318818;0.9999993122647028;0.9999992783586156;0.9999829803923097;0.9999892652124311;1.0;0.9998150730946087;1.0002702073535192;1.0003102326341369;0.999979710904397;0.9999928869725941;0.9999861353791717;0.99976568757018;0.9997779481721774;1.0;0.9999251757737448;0.9999967896200549;0.9999999999999999;0.9998766945904711;0.9997790108961945;0.9999999999999999;0.9999428449621498;1.0;0.9999972464670729;0.9999835041345897;0.9999767991377877;0.9998539061503927;1.024999976158142;
2016-08-03 09:30:00;1.0;0.9999913411360304;0.9999796285511117;0.9999970615989768;1.0;1.0;1.0003064805354087;0.9998853667695996;1.0;1.0;0.9999804442645679;0.9997324083272421;0.9998716585962901;0.9999406952125807;0.9998289854671544;0.9998315011635479;0.9998341891247955;0.9999997366764025;0.9999997168909811;0.9999858828077477;0.9999919607438421;1.0;0.9998334639993421;1.0002754424336904;1.0003196769519502;0.9999831529061718;0.999994218108537;0.9999876834675849;0.9997296095673154;0.9997342447166199;1.0;0.9999155721605664;0.9999976940927843;1.0;0.9998454570281285;0.9997516381032776;1.0;0.9999260458353144;0.9999999999999999;0.9999980224260778;0.9999869621874742;0.9999807642297431;0.9998081192970146;1.024999976158142;
2016-08-03 09:45:00;1.0;0.9999904731008064;0.9999796241701846;0.9999979699443964;0.9999999999999999;1.0;1.000303557307742;0.9999053390138093;1.0;1.0;0.9999823448733011;0.9997843985632631;0.9999093374024633;0.9999505519287172;0.999862040080508;0.9998648038918441;0.9998668422513117;0.9999993015282599;0.9999992759557795;0.9999858768553318;0.9999911080611136;1.0;0.9998662573967091;1.0002757673309974;1.0003153288137265;0.9999840335251508;0.9999942683229646;0.999989725397272;0.999734415059512;0.9997252365658527;1.0;0.9999289267536509;0.999997463981095;1.0;0.999825457031456;0.9997910081929097;1.0;0.9999194073132643;0.9999999999999999;0.9999978254552088;0.9999866829574547;0.9999800507146003;0.999852207383735;1.024999976158142;
2016-08-03 10:00:00;1.0;0.9999946643405022;0.9999786342964457;0.9999966952589104;1.0;1.0;1.0003197075409902;0.9998747102740383;1.0;1.0;0.9999786933744866;0.9998192727985631;0.9999398676765545;0.9999360083116668;0.9998130893088114;0.9998146379557304;0.9998175193775831;0.9999992816192961;0.9999992563482292;0.9999842076578387;0.9999892395277058;0.9999999999999999;0.9998167114914619;1.000292189605422;1.0003316758092888;0.9999798386986137;0.9999932213689726;0.9999867083102068;0.9996374831689884;0.9995918084323944;1.0;0.9999333189549029;0.9999985788691499;1.0;0.9997106726633617;0.9998055914877071;1.0;0.9999087349932709;0.9999999999999999;0.9999987813638902;0.9999835375603522;0.9999795334246084;0.999884991199597;1.024999976158142;
2016-08-03 10:15:00;1.0;0.9999932184349215;0.9999573085093916;0.9999910302559425;1.0;0.9999999999999999;1.000321740085473;0.9996990343214042;1.0;1.0;0.9999525286007306;0.9998354882588576;0.999952562861953;0.9998474727515625;0.999543840324267;0.9995458050686339;0.9995531572652437;0.9999997749348926;0.9999996848645114;0.9999683662938443;0.9999810018106259;1.0;0.9995512086143659;1.0002918365164164;1.000335896433004;0.9999575890861051;0.9999864220186121;0.9999682980336578;0.999690874677694;0.9996789183825354;1.0;0.9999244545792907;0.9999981949767455;1.0;0.9997942036007065;0.9997778075387338;1.0;0.9999170768793028;1.0;0.9999984524475378;0.9999681131951994;0.9999606375814935;0.9998991780192059;1.024999976158142;
2016-08-03 10:30:00;1.0;0.9999928570527471;0.9999751364254803;0.9999956180767742;1.0;1.0;1.0003172024617244;0.9998425670898295;1.0;1.0;0.9999741989845172;0.999869698672857;0.9999775558178003;0.9999195052159436;0.9997628281418974;0.9997648983167694;0.999768672528433;0.9999996140815753;0.9999995849839621;0.9999819870963824;0.9999888801374;1.0;0.9997676532388529;1.000291813336713;1.0003285006017453;0.9999768290650408;0.9999923285858016;0.999983281329202;0.9996725457756045;0.9996696785403243;1.0;0.9999124699616591;0.9999980987852858;1.0;0.9997978025268022;0.99974223456008;1.0;0.9999201271248791;0.9999999999999999;0.9999983699504522;0.999982020109577;0.9999767957837415;0.9999283120432583;1.024999976158142;
2016-08-03 10:45:00;0.9999999999999999;0.999994374965052;0.9999745890841105;0.9999952839730527;0.9999999999999999;1.0;1.0003237684302964;0.9998337237901854;0.9999999999999999;1.0;0.9999729979960398;0.999862443681342;0.9999735918462603;0.9999153658942234;0.999749049127403;0.9997506803509116;0.9997546702580146;0.9999994930551107;0.9999994615272413;0.9999811841462748;0.999987809543864;1.0;0.9997535857794719;1.0002974831254479;1.000335530658053;0.9999751482026267;0.9999918570070694;0.999982421090875;0.9996294846752629;0.9996138910674348;1.0;0.9999167590535777;0.9999985022338015;1.0;0.9997520745521696;0.9997557079433939;1.0;0.9999185396971304;1.0;0.9999987157678627;0.9999805169830411;0.9999762806958531;0.9999229653779915;1.024999976158142;
2016-08-03 11:00:00;1.0;0.9999977001798388;0.9999848349761714;0.99999744554101;1.0;1.0;1.0003110222332583;0.9999060964637979;1.0;1.0;0.9999842602220752;0.9998572150346485;0.9999668222668451;0.9999523797485254;0.9998591819430297;0.9998598527189847;0.9998620243989655;0.9999992923557297;0.9999992782129958;0.9999883194274062;0.9999911991247349;1.0;0.9998614038520316;1.0002863272778328;1.0003216794077878;0.999984292358265;0.999994796555132;0.9999901122832153;0.999647812999718;0.9996335112895367;1.0;0.9999230933955238;0.9999993858146639;1.0;0.9997635452950892;0.9997739352330846;1.0;0.9999273683362105;1.0;0.9999994730411917;0.9999868595880811;0.9999854946828055;0.9999171216746825;1.024999976158142;
2016-08-03 11:15:00;1.0;0.9999970494178284;0.9999758372482782;0.9999950697278903;1.0;1.0;1.0003209905496515;0.9998330637144499;0.9999999999999999;1.0;0.999973472489377;0.9997950753692515;0.999923103824027;0.999915566659088;0.9997482200494787;0.9997490784251696;0.9997530931227162;0.9999998653160342;0.9999998342588837;0.9999820793658597;0.9999893745744685;1.0;0.9997520282215838;1.0002913583349682;1.000334066323621;0.9999763205253868;0.9999924037279084;0.9999824624780755;0.99963603453391;0.9996051522658052;1.0;0.9999229916759753;0.9999992129895471;1.0;0.9997326993054576;0.9997744494282947;1.0;0.999930543559304;1.0;0.9999993249496721;0.9999821816728506;0.9999774156657896;0.9998650323952422;1.024999976158142;
2016-08-03 11:30:00;1.0;0.9999947363487389;0.999975596257417;0.9999957333695562;1.0;1.0;1.000318903714735;0.9998458136227761;1.0;0.9999999999999999;0.9999745298547666;0.9997683127479078;0.9999010351753862;0.9999215102009033;0.9997679954709896;0.9997695217248984;0.9997731651445176;0.9999992417969644;0.9999992112611733;0.9999817203285707;0.9999873843841293;0.9999999999999999;0.9997721541425609;1.000288284019028;1.0003323514854463;0.9999758163216433;0.9999920081216408;0.9999836968975443;0.9996508687737303;0.9996372461588234;0.9999999999999999;0.9999192292553444;0.9999985983921637;1.0;0.9997685787847597;0.999763179548442;1.0;0.999920104492846;0.9999999999999999;0.9999987982355668;0.9999804737322575;0.9999769889244412;0.9998406826331124;1.024999976158142;
2016-08-03 11:45:00;1.0;0.999994808987254;0.9999931777155214;0.999999756436002;1.0;1.0;1.0003100464765948;0.9999774009235054;0.9999999999999999;1.0;0.9999949877564687;0.9997777021138322;0.9999070920869846;0.9999876152403597;0.9999678661779626;0.9999693737293661;0.9999698129834022;0.9999995344412715;0.9999995300121253;0.9999954033484127;0.999996562707039;1.0;0.9999696648534511;1.0002826438800556;1.0003211920745338;0.9999950982410182;0.999998077253928;0.9999974292765749;0.9996794701132232;0.9996605870281132;1.0;0.9999125380270779;0.9999986172182654;0.9999999999999999;0.9997791445535279;0.9997430595994927;1.0;0.9999327038960565;1.0;0.9999988141899546;0.9999953776871294;0.9999932628365742;0.9998482502638567;1.024999976158142;
2016-08-03 12:00:00;1.0;0.999992206593494;0.9999883110776131;0.9999987848329615;1.0;1.0;1.000307469036004;0.99994365668333;0.9999999999999999;1.0;0.9999896554881751;0.9997870526360683;0.9999128921883589;0.9999701502590446;0.9999156578246094;0.9999179159351241;0.9999192336837993;0.9999994424963209;0.9999994337526128;0.9999919178322053;0.9999942121656858;1.0;0.9999188481560363;1.000280100149499;1.0003188501167568;0.9999902645979005;0.9999964780029634;0.9999938028216798;0.9996785279099681;0.9996533567095239;1.0;0.9999246411952617;0.9999979260089592;1.0;0.999767244357129;0.9997788953102308;1.0;0.999932291112008;1.0;0.9999982218998787;0.9999916032970437;0.9999890541827805;0.9998554758663953;1.024999976158142;
2016-08-03 12:15:00;1.0;0.9999923529731015;0.9999921827644647;0.9999993990316802;1.0;1.0;1.0003158757186084;0.999967048453771;1.0;1.0;0.999993675725924;0.9998542077324845;0.9999663443635199;0.9999819228246178;0.9999506423220349;0.9999528656793539;0.9999536619971198;0.9999997749348924;0.9999997704585678;0.9999951085667557;0.9999971081027383;0.9999999999999999;0.9999534368584287;1.0002918923618285;1.00032568332252;0.9999947745222962;0.9999979759273696;0.999996247903951;0.9996326213658953;0.999596721391275;1.0;0.9999179289838226;0.999997963094257;1.0;0.9997233601765464;0.9997593668429433;1.0;0.9999372879895584;1.0;0.9999982530027964;0.999995653746126;0.9999928380117765;0.9999151297939106;1.024999976158142;
2016-08-03 12:30:00;1.0;0.9999861386801993;0.999987161770321;0.9999991868323574;0.9999999999999999;1.0;1.0003099091017944;0.9999494092500687;1.0;1.0;0.9999899685907211;0.9998594028702851;0.9999675783566032;0.9999718186740162;0.9999240663166225;0.999928093385884;0.9999293241079938;0.9999995328774369;0.9999995208954513;0.9999920503681989;0.9999950409107652;0.9999999999999999;0.9999289677954711;1.0002862978047937;1.0003196687260696;0.9999915910985581;0.999996666018656;0.9999941470589518;0.9996659222970938;0.9996398599016372;0.9999999999999999;0.9999228862913155;0.9999963096515696;1.0;0.9997572194626356;0.9997732941726393;1.0;0.9999376690888266;1.0;0.9999968351524559;0.9999927770378322;0.9999883028569292;0.9999177234429886;1.024999976158142;
2016-08-03 12:45:00;1.0;0.9999879442154179;0.9999885937046601;0.9999994448185827;1.0;1.0;1.0003111380519338;0.9999586829988176;0.9999999999999999;0.9999999999999999;0.9999914232675126;0.9999114881947104;1.000007306896931;0.999976841126623;0.9999387611290315;0.9999422600570638;0.9999432210994326;0.9999994823186413;0.9999994733658183;0.9999928713573105;0.9999953289388098;1.0;0.9999429321395995;1.000290273619697;1.000319746149166;0.9999925841236587;0.9999970184084956;0.9999951910759493;0.9996665741128519;0.999637978098518;1.0;0.9999145094841696;0.9999967910623984;1.0;0.9997542668724707;0.9997481283903559;1.0;0.9999329252058479;1.0;0.9999972483436917;0.9999934053171519;0.9999894090096834;0.9999631631104042;1.024999976158142;
2016-08-03 13:00:00;1.0;0.9999884499806406;0.9999868204655838;0.9999993981285555;1.0;1.0;1.0003080609073771;0.9999539995306049;1.0;1.0;0.999990288002572;0.9999321173129886;1.0000223353856366;0.9999745890132775;0.9999340084960191;0.9999373611308132;0.9999383303834862;0.9999995742636261;0.9999995634861432;0.9999917545194077;0.9999953480811761;0.9999999999999999;0.9999380457117463;1.0002883965909486;1.000316178997432;0.9999920361268879;0.999996801632704;0.9999947222578536;0.9996580199725887;0.9996330134230111;0.9999999999999999;0.9999265470781323;0.9999969254541166;0.9999999999999999;0.9997524198470574;0.9997837929084588;1.0;0.9999270189462134;1.0;0.9999973635371904;0.9999931935815192;0.9999872613870833;0.9999807579015908;1.024999976158142;
2016-08-03 13:15:00;1.0;0.9999893180505155;0.999987319324582;0.9999991660097872;0.9999999999999999;1.0;1.000312252371182;0.9999499816815516;1.0;1.0;0.9999900577948081;0.9999246301173788;1.0000178445852193;0.9999727423730547;0.9999268300255746;0.9999299345769992;0.9999310513708232;0.9999996049090488;0.9999995943981498;0.9999919225287608;0.9999952777403932;1.0;0.9999307300598117;1.0002918728022596;1.0003207056609884;0.9999916738008963;0.9999967710709932;0.9999943392702525;0.9996217184224496;0.9996125396883901;1.0;0.9999209019368572;0.9999971554671877;1.0;0.9997539967238427;0.9997670122745361;1.0;0.9999339526372668;1.0;0.9999975604207766;0.9999929907949824;0.9999879403430572;0.9999749720299294;1.024999976158142;
2016-08-03 13:30:00;1.0;0.9999779743071285;0.9999824904359188;0.9999996095272667;0.9999999999999999;1.0;1.000313607721359;0.9999469346239563;1.0;0.9999999999999999;0.9999880259757861;0.9999199090656172;1.0000128814074483;0.999968935896114;0.9999221063213352;0.9999285066752781;0.999929740064617;0.9999993520870344;0.9999993288236543;0.9999897752465035;0.9999940977494615;1.0;0.9999293703755127;1.0002930467479754;1.0003220817652732;0.9999906174470365;0.9999959191468969;0.9999935420929036;0.9996847561460576;0.9996595861840286;1.0;0.9999151816398459;0.9999941363151728;1.0;0.9997705732888359;0.999749916001549;1.0;0.9999329057562931;1.0;0.9999949711692601;0.9999916631573375;0.9999838208509092;0.9999693312296892;1.024999976158142;
2016-08-03 13:45:00;1.0;0.999943293621018;0.9999641578962936;0.999999159478155;1.0;1.0;1.0003276969598223;0.9998900892384167;1.0;1.0;0.9999758307864024;0.9999461829655306;1.000032103898237;0.9999334191552096;0.9998328862713135;0.9998493603865318;0.9998523023090605;0.9999993628516506;0.9999992705790182;0.9999809270458978;0.9999911853206768;1.0;0.9998514842105812;1.0003072495559435;1.0003362237770392;0.9999839143120192;0.9999925027528394;0.9999861316334592;0.9996731816286116;0.9996490599138494;1.0;0.99991602773332;0.9999849052601464;1.0;0.9997642165007055;0.9997521820169067;1.0;0.9999271664779704;1.0;0.9999870546604921;0.999986691151053;0.9999687460117115;0.999989334715159;1.024999976158142;
2016-08-03 14:00:00;1.0;0.9999488570076738;0.9999520204511441;0.9999987637206342;1.0;0.9999999999999999;1.000342857259446;0.9998564618512961;1.0;0.9999999999999999;0.9999676339615019;1.0000521599603782;1.000116667251237;0.9999176175662575;0.9997977232039222;0.9998125807905469;0.9998155808753074;0.9999995344412714;0.999999379355283;0.9999724494644512;0.99998908505143;1.0;0.9998147595166818;1.0003269014219671;1.0003496346687804;0.9999780442057153;0.9999903881538729;0.9999828081740406;0.9996257224715286;0.9996165232870027;1.0;0.9999051267856089;0.9999863846050062;1.0;0.9997570997297985;0.9997193793143098;1.0;0.9999199990381571;1.0;0.9999883233002828;0.9999826758451457;0.9999538748254105;1.000083962233639;1.024999976158142;
2016-08-03 14:15:00;1.0;0.9999560081033232;0.9999570184512699;0.9999989777016505;1.0;1.0;1.0003303447533591;0.9998732733274368;0.9999999999999999;1.0;0.9999711327538466;1.0000693915414272;1.0001273253882978;0.999927509216274;0.999822907042684;0.9998356813665663;0.9998382440170516;0.9999994731461411;0.9999993509696258;0.9999750698208474;0.9999898051387853;1.0;0.999837533360677;1.0003160685662482;1.0003364137055264;0.9999800594855772;0.9999913044033101;0.9999848811243748;0.9996628481889214;0.9996443805287878;1.0;0.9999174876998094;0.9999882899610533;0.9999999999999999;0.9997647124921263;0.9997559604556177;1.0;0.9999223294877768;0.9999999999999999;0.9999899578943979;0.9999840532853045;0.9999583009464423;1.0000980890995241;1.024999976158142;
2016-08-03 14:30:00;1.0;0.9999862121861149;0.9999777644528575;0.999998723794848;1.0;0.9999999999999999;1.0003073196934558;0.9999176644520017;1.0;1.0;0.9999830105793229;1.0000820745897065;1.0001343430125662;0.9999558792570579;0.9998838245886642;0.999887835736186;0.9998894487952856;0.9999992999643821;0.9999992677945257;0.999985428155847;0.9999917614457678;1.0;0.9998889756399829;1.0002949192413206;1.0003127410953292;0.9999855612437283;0.999994452821552;0.9999908263456764;0.9996753229837794;0.9996563336256937;0.9999999999999999;0.9999275179464809;0.9999963274655437;1.0;0.9997698683333073;0.9997855055393533;1.0;0.9999288823126714;1.0;0.9999968499148063;0.9999878069243813;0.9999777994158057;1.0001097606343043;1.024999976158142;
2016-08-03 14:45:00;1.0;0.9999896065386714;0.9999862333742181;0.9999990419815241;1.0;1.0;1.0003015881180835;0.9999444477325496;1.0;1.0;0.9999890096646538;1.000081098993825;1.0001329347146461;0.9999700222317888;0.9999188655674341;0.999921884158835;0.9999231019337795;0.999999453232772;0.9999994416912695;0.9999909506557411;0.9999942549128712;1.0;0.9999227434413516;1.000289651376823;1.0003067172875257;0.9999903018398666;0.9999963083622566;0.9999937743941304;0.9996808241235691;0.9996672016397647;1.0;0.9999204632751124;0.9999972327513493;1.0;0.9997819188951522;0.9997643049257303;1.0;0.999930937187844;1.0;0.9999976268930627;0.9999916513280372;0.9999867861000163;1.0001087850114145;1.024999976158142;
2016-08-03 15:00:00;1.0;0.9999897497081366;0.9999610949822744;0.9999932672787307;1.0;1.0;1.000318125557614;0.9997574206004652;1.0;1.0;0.9999600614493162;1.0000919306616791;1.000144664048275;0.9998761082306517;0.9996363517079546;0.999639321550052;0.9996450652450702;0.9999996140815752;0.9999995423284186;0.9999720292743292;0.9999836757075106;1.0;0.9996435281883206;1.0003026964397883;1.000325983155536;0.999964827980977;0.9999883581232436;0.9999742501368164;0.9996577038494447;0.999631567504703;1.0;0.9999259526679959;0.999997272399866;1.0;0.9997485705841711;0.9997811378927527;1.0;0.9999219483962155;1.0;0.9999976614705671;0.9999731268211176;0.9999633371627107;1.0001201200546201;1.024999976158142;
2016-08-03 15:15:00;1.0;0.9999909797540526;0.9999634603612286;0.9999934661618396;1.0;1.0;1.0003168538038487;0.9997672731169768;1.0;1.0;0.9999619675199846;1.0000897443150305;1.0001428527720222;0.9998813008321789;0.9996502883130692;0.9996529085481162;0.9996584522934551;0.9999996049090486;0.9999995421147875;0.9999735367767688;0.9999842601050131;1.0;0.9996569671595598;1.0003014964176489;1.0003246380271709;0.9999662370005323;0.9999888833321797;0.9999753333229618;0.9996681388221903;0.9996403021820965;1.0;0.9999206607032606;0.9999975978876493;0.9999999999999999;0.9997530215949142;0.9997652485765395;0.9999999999999999;0.999932524656471;1.0;0.9999979399172282;0.999974151518901;0.9999657000509028;1.0001182227867131;1.024999976158142;
2016-08-03 15:30:00;1.0;0.9999906183729524;0.9999779055354957;0.9999966718381217;0.9999999999999999;0.9999999999999999;1.0003042339790218;0.9998718573461614;0.9999999999999999;1.0;0.9999782193398903;1.0000775025153021;1.0001303922922584;0.9999337631220044;0.9998070423297535;0.9998097679802372;0.9998128243559483;0.9999993214416203;0.9999992927731965;0.9999841568318852;0.99998936567013;1.0;0.9998119732669466;1.000290645464141;1.0003106130852597;0.9999798698279959;0.9999931323206063;0.9999862405630151;0.9996841408406985;0.999666250156088;0.9999999999999999;0.9999303573216803;0.9999975017177954;0.9999999999999999;0.9997768658185582;0.999793952044651;1.0;0.9999201239358412;1.0;0.9999978574393373;0.9999836451616565;0.9999793929664957;1.0001058360715098;1.024999976158142;
2016-08-03 15:45:00;1.0;0.9999898240761909;0.9999862219628577;0.9999983848172778;1.0;1.0;1.0003038350012423;0.9999297599901086;1.0;1.0;0.9999874991591677;1.0000769954268438;1.0001305139903487;0.9999626868055738;0.9998937970462571;0.9998967551489804;0.999898470687737;0.9999995527864011;0.9999995388619958;0.9999907295079801;0.999993923580087;1.0;0.9998979883153393;1.0002912213446833;1.0003093696792176;0.9999888762715654;0.9999959949019995;0.9999922509597529;0.9996624916916855;0.9996598163340235;1.0;0.9999219051644175;0.9999972900073262;1.0;0.999786760159722;0.999768663995669;0.9999999999999999;0.9999010974584706;1.0;0.9999976757431277;0.9999908103672022;0.9999874136018952;1.0001056181053731;1.024999976158142;
2016-08-03 16:00:00;1.0;0.9999815132462675;0.9999815685928649;0.9999987817668189;1.0;1.0;1.0003075644340236;0.9999271620130188;1.0;1.0;0.9999856745860665;1.0000751865494866;1.000129363973011;0.999959719509159;0.9998921626541614;0.9998975288144636;0.9998992495857055;0.9999996554678257;0.9999996344421462;0.9999888017935924;0.9999942206832003;1.0;0.9998987730365789;1.000294840302091;1.00031302700607;0.999988913441489;0.9999955960324333;0.9999916304456108;0.9996122460023246;0.9996280695423554;1.0;0.9999287013551529;0.9999950797145338;0.9999999999999999;0.9997820081012859;0.9997890391411222;1.0;0.9999014785395842;1.0;0.9999957807665735;0.9999910508130869;0.9999829249939057;1.0001035951377064;1.024999976158142;
2016-08-03 16:15:00;1.0;0.9999864989590455;0.9999800102314755;0.9999986455238944;0.9999999999999999;1.0;1.0003114787287093;0.9999176729354974;1.0;1.0;0.9999833052480928;1.0000701695641434;1.0001235788446496;0.999955949899997;0.999877279237347;0.9998811979237707;0.9998829992126619;0.9999978323529489;0.9999978022816842;0.9999850906268413;0.9999855104690996;1.0;0.9998823736821513;1.0002980242821538;1.0003176547020372;0.9999807404452101;0.9999929064744593;0.9999908452855207;0.9996184011847918;0.9996206845288451;1.0;0.9999203397783657;0.9999964061319319;1.0;0.9997664951030072;0.9997641837880713;0.9999999999999999;0.9999288280128341;1.0;0.999996918209151;0.9999811016478516;0.9999808678342379;1.0000985029125984;1.024999976158142;
2016-08-03 16:30:00;1.0;0.9999902563651207;0.9999762740314344;0.9999989889797442;1.0;1.0;1.000306448407413;0.9999106431347331;1.0;0.9999999999999999;0.9999797980524509;1.0000421927637433;1.0000951249916659;0.9999531659624701;0.9998660386089614;0.9998688661112353;0.9998705677759171;0.9999944127383831;0.9999943598831253;0.9999784192106097;0.9999698883517002;1.0;0.9998697286994825;1.0002916012376128;1.0003138292469813;0.9999670476768724;0.9999881241952426;0.9999902584752904;0.9996400122267753;0.9996357667912408;1.0;0.9999286394963908;0.9999974053231248;1.0;0.9997687432126754;0.9997886265015016;1.0;0.9999583098040707;1.0;0.9999977750629847;0.9999636539889577;0.9999763780268126;1.0000705253195776;1.024999976158142;
2016-08-03 16:45:00;0.9999999999999999;0.9999913411360305;0.9999594784494811;0.9999948455540014;1.0;1.0;1.000314249808522;0.9997789303436472;0.9999999999999999;1.0;0.9999595808258273;1.0000906109363217;1.0001325940888943;0.9998872069650863;0.9996653602322494;0.9996678755169411;0.999672811178802;0.9999941612727152;0.9999940333804653;0.9999651242422959;0.9999608788160425;1.0;0.9996711043469713;1.0002991428662826;1.0003227638044894;0.9999478633471403;0.9999821671617831;0.9999765275049318;0.9996874154953578;0.9996639896569044;1.0;0.9999262843633692;0.9999976929265868;1.0;0.9997694309117796;0.999781149701962;1.0;0.9999733939536598;1.0;0.9999980213973757;0.9999489113343079;0.9999609403543464;1.0001130176114696;1.024999976158142;
2016-08-03 17:00:00;1.0;0.9999884499806406;0.999950553734175;0.9999901765380766;1.0;1.0;1.0003146082205794;0.9996622469057038;1.0;1.0;0.9999459040800063;1.0001970476086224;1.0002211960985428;0.9998280254231077;0.9994865073842961;0.9994898585186833;0.9994981394099207;0.9999989567614734;0.9999988208644139;0.999963052234315;0.9999752591120821;1.0;0.999495889270982;1.000302903832023;1.0003218404207914;0.999949694231712;0.9999836525449813;0.9999642370246616;0.9996854625789124;0.9996696161309625;1.0;0.9999262958944732;0.9999969254396263;1.0;0.9997784395033544;0.9997806835468774;0.9999999999999999;0.9999746007165455;1.0;0.9999973635244168;0.9999605137009508;0.9999546544285701;1.000209480624747;1.024999976158142;
2016-08-03 17:15:00;1.0;0.9999910509178461;0.9999765969923187;0.9999964040248953;1.0;1.0;1.0003056176103022;0.9998619335839607;1.0;1.0;0.9999764885536496;1.0002012876694313;1.0002231327907674;0.9999288673324979;0.9997911828883495;0.9997937779124447;0.9997970721205757;0.9999988265626495;0.9999987914668619;0.9999825507458285;0.9999865985713821;1.0;0.9997961238152546;1.0002980654034965;1.0003097445864768;0.9999767156668212;0.9999920968327886;0.9999852214849648;0.9996526878109459;0.9996409313002594;1.0;0.9999214219328434;0.9999976180088005;1.0;0.9997644700667507;0.9997663568613098;1.0;0.9999749818460131;1.0;0.9999979576196564;0.9999802525412461;0.9999781967765574;1.000212639268265;1.024999976158142;
2016-08-03 17:30:00;1.0;0.999979925337009;0.9999652077619219;0.9999943748569247;1.0;0.9999999999999999;1.0003124791546119;0.999789998581713;1.0;1.0;0.9999651820300347;1.0002109829331356;1.0002319920210279;0.9998904961585026;0.999680167178787;0.9996859998427882;0.9996912594638111;0.9999995742636262;0.9999995035032602;0.9999761233030192;0.999985789281339;1.0;0.9996898468760143;1.0003039513999508;1.0003173156746017;0.9999699793237502;0.9999897514061673;0.9999772376697802;0.9996733520172254;0.9996527947873832;1.0;0.9999148141014074;0.999994655588346;0.9999999999999999;0.9997647571050547;0.9997464714333051;0.9999999999999999;0.9999748220367866;1.0;0.9999954164518894;0.9999768536026283;0.9999687058706263;1.0002211027335557;1.024999976158142;
2016-08-03 17:45:00;1.0;0.9999917031405744;0.9999713779513433;0.9999950677674591;1.0;0.9999999999999999;1.0003045432397477;0.9998199087056944;1.0;1.0;0.9999700739861906;1.000205181883233;1.000225491730421;0.9999078799914726;0.9997270416435117;0.9997294554070449;0.9997337837091385;0.9999987270091417;0.9999986727948332;0.9999783409390526;0.9999836258048296;0.9999999999999999;0.9997325565706097;1.000296491066378;1.0003092069305455;0.999970514054278;0.9999901849983598;0.9999808552840073;0.9996578947243157;0.9996428224000604;1.0;0.9999274646093606;0.999997789496644;1.0;0.9997615954432122;0.9997841766309783;1.0;0.9999761886104859;0.9999999999999999;0.9999981039267438;0.9999754441939743;0.9999734087221053;1.0002157353836232;1.024999976158142;
2016-08-03 18:00:00;1.0;0.9999930763609807;0.9999829218782997;0.9999988793676372;1.0;1.0;1.000291262083477;0.9999292604537781;1.0;1.0;0.9999852330803335;1.0001853894379835;1.0002049979032317;0.9999630821969944;0.9998950479370716;0.9998970644634071;0.9998984857455712;0.9999971674503437;0.9999971411858846;0.9999856838429599;0.999983168932975;1.0;0.9998979134996676;1.0002848137182856;1.0002947153541217;0.999979681715711;0.9999927097718376;0.9999923285239714;0.9996937959097583;0.9996680016574604;0.9999999999999999;0.9999326833302145;0.9999981544208272;0.9999999999999999;0.9997676342590096;0.9997996532714608;1.0;0.99997577579296;1.0;0.9999984167651317;0.9999788986156518;0.9999830863565605;1.0001956535630703;1.024999976158142;
2016-08-03 18:15:00;1.0;0.999988594666017;0.9999843843697958;0.9999989381472975;1.0;1.0;1.000286257179585;0.9999362320732319;1.0;1.0;0.9999871890585714;1.0001865250163142;1.000207093359626;0.9999656933082643;0.9999054441719906;0.999908755366702;0.999910163513779;0.9999987086595263;0.9999986917321823;0.9999889139395632;0.9999905003541163;1.0;0.999909702772127;1.0002803205051223;1.0002891632311297;0.999986514753938;0.9999949703512389;0.999992873958602;0.9997388489222373;0.9996903406467835;1.0;0.9999388533589431;0.9999969637319845;0.9999999999999999;0.9997620130500318;0.9998182040576186;1.0;0.9999757757929599;1.0;0.999997396300321;0.9999872538500997;0.9999850992540276;1.0001970059323415;1.024999976158142;
2016-08-03 18:30:00;1.0;0.9999883796888566;0.9999833371638103;0.9999988452807289;0.9999999999999999;1.0;1.0002870913779205;0.9999323679130153;0.9999999999999999;1.0;0.9999865068409759;1.0001925263425653;1.0002123449750626;0.9999637032952344;0.9999009327941177;0.9999043141474041;0.9999057779132089;0.9999989997397902;0.9999989807824688;0.999988554985706;0.9999915106661408;1.0;0.9999053229573414;1.0002814031246015;1.0002898574778998;0.9999869394259912;0.9999951018480817;0.9999924592777155;0.9997622006151168;0.999715749329383;1.0;0.9999281136216864;0.9999969045726466;1.0;0.9997806290553187;0.999785788932865;1.0;0.9999750873018305;1.0;0.9999973448620356;0.9999881903464528;0.9999839298420863;1.0002025796343752;1.024999976158142;
2016-08-03 18:45:00;1.0;0.9999894618532053;0.9999879654199342;0.9999993666283934;0.9999999999999999;1.0;1.000283787238784;0.9999559585590214;1.0;1.0;0.9999908927719025;1.0002067032365725;1.0002234798627794;0.9999757748301014;0.9999360742611977;0.999939134250103;0.9999400909289039;0.9999995451776985;0.9999995351454078;0.999992352208853;0.9999953561562331;1.0;0.9999398075234741;1.000279361265717;1.0002858082157355;0.9999922501080912;0.9999969392048705;0.9999949688431787;0.9997456163728121;0.9997034964239345;1.0;0.9999331644154154;0.999997194431655;0.9999999999999999;0.9997758907062171;0.999800887860807;1.0;0.9999793644182157;0.9999999999999999;0.9999975940930916;0.9999932890815124;0.9999884747455633;1.000215166225615;1.024999976158142;
2016-08-03 19:00:00;0.9999999999999999;0.9999905457373449;0.9999863884221553;0.9999987238793208;1.0;0.9999999999999999;1.0002892549800355;0.9999375772469112;1.0;1.0;0.9999883225616443;1.000219190767518;1.0002340187801104;0.9999667606949901;0.9999072072162032;0.9999099521460981;0.9999113881723019;0.9999994134104282;0.9999994021148767;0.9999907630994795;0.9999937056244578;0.9999999999999999;0.9999109695108955;1.0002848190718723;1.0002914599297281;0.9999892942653348;0.9999960713133336;0.9999930978968137;0.9997184788468837;0.9996720643211109;1.0;0.9999294762932814;0.999997482914674;1.0;0.9997525705834931;0.9997900778456936;1.0;0.9999797452538721;1.0;0.9999978415049214;0.9999908203796732;0.9999871568612885;1.0002266611051076;1.024999976158142;
2016-08-03 19:15:00;0.9999999999999999;0.9999903284142966;0.9999824810296234;0.9999983876230192;0.9999999999999999;0.9999999999999999;1.0002851622982667;0.9999207223993201;1.0;1.0;0.9999849970784812;1.0002222745424174;1.0002347973183252;0.9999582528675454;0.9998837117305162;0.9998865169452172;0.9998882481510939;0.9999991713292862;0.9999991548709507;0.9999877966116478;0.9999915362220677;1.0;0.9998877349171484;1.0002808720049656;1.0002874396357635;0.9999858706721928;0.9999948686846493;0.9999913295487104;0.9997471525927211;0.9996925966001373;1.0;0.9999376031976294;0.9999974257209122;0.9999999999999999;0.9997578014433883;0.9998142710159188;1.0;0.9999797452538721;1.0;0.9999977927079292;0.9999877671997487;0.9999830238197795;1.000228467143965;1.024999976158142;
2016-08-03 19:30:00;1.0;0.9999897497081367;0.9999873954698285;0.9999990250355004;0.9999999999999999;1.0;1.0002842067749544;0.9999474689605679;1.0;1.0;0.9999898830383247;1.0002280457502066;1.0002401481339156;0.9999715731594271;0.9999230337609681;0.9999260044547758;0.9999271952158175;0.9999997964077687;0.9999997874623129;0.9999920885976195;0.9999959698137829;1.0;0.9999268678852401;1.0002806925346146;1.0002858893943207;0.9999920159783083;0.9999969347423118;0.9999940973272383;0.9997825793131031;0.9997078725988393;1.0;0.9999305643378846;0.999997272471121;1.0;0.99975101355973;0.9997933575961804;0.9999999999999999;0.9999797452538721;0.9999999999999999;0.9999976615339164;0.9999936541636406;0.9999880494287133;1.0002339684622257;1.024999976158142;
2016-08-03 19:45:00;1.0;0.9999836072415684;0.9999816564067595;0.9999986729013325;1.0;1.0;1.0002761913378881;0.9999251889000025;1.0;1.0;0.9999854434424729;1.0002127194424144;1.0002255100116577;0.9999591526365794;0.9998897634963467;0.9998945155375117;0.9998962423844334;0.999999615645458;0.9999995965933342;0.9999885593695268;0.9999938761489923;1.0;0.9998957614462267;1.000272037093338;1.0002782516521609;0.9999883773471167;0.9999954870802116;0.9999915139902744;0.9998639824004784;0.9997589539613572;1.0;0.9999448491657196;0.9999956384567781;1.0;0.9997564702855054;0.9998359889450049;1.0;0.9999797452538721;0.9999999999999999;0.9999962604706892;0.9999905694754339;0.9999827895813251;1.0002185937597208;1.024999976158142;
2016-08-03 20:00:00;0.9999999999999999;0.9999851251255887;0.9999811521354657;0.9999984680606613;1.0;0.9999999999999999;1.0002776533721054;0.9999195916237171;1.0;1.0;0.999984672019912;1.000216792598259;1.0002291631643823;0.9999566447148556;0.9998819037655603;0.9998862167880372;0.9998880461077801;0.9999996554678255;0.9999996377362342;0.9999880370491522;0.9999936854167869;0.9999999999999999;0.9998875410218844;1.0002735347196245;1.0002797393953184;0.9999876718911974;0.999995314702607;0.999990994236919;0.999846234916484;0.9997379712059683;1.0;0.9999476729861508;0.9999960419097678;1.0;0.9997400246819522;0.9998446289998623;1.0;0.9999801580724724;1.0;0.9999966062925872;0.9999901332318574;0.9999821434040097;1.0002225416040613;1.024999976158142;
2016-08-03 20:15:00;1.0;0.9999849092806724;0.9999793493690042;0.9999981146864415;1.0;0.9999999999999999;1.0002742280014212;0.9999062240998251;0.9999999999999999;1.0;0.9999823655921163;1.0002073762047003;1.0002199556163445;0.9999498830440264;0.9998602287024221;0.999864608555941;0.9998667815436645;0.9999990411259191;0.9999990152886071;0.999985990134005;0.9999902074377158;1.0;0.9998661430399668;1.0002695249144697;1.0002767624474835;0.9999836682108333;0.9999939848204858;0.999989587207231;0.9998475647630328;0.9997395972116809;1.0;0.9999590213699792;0.9999959833460389;1.0;0.9997402781494451;0.9998784884189835;1.0;0.9999801580724723;1.0;0.9999965556825035;0.999985853928813;0.9999806077335444;1.00021322368478;1.024999976158142;
2016-08-03 20:30:00;1.0;0.9999880168509891;0.9999827971168109;0.999998905862802;1.0;1.0;1.0002667723324583;0.9999344104046;1.0;1.0;0.999986825927486;1.000213546726866;1.0002247873994712;0.9999646611714987;0.9999069052344126;0.9999103850447935;0.9999117332679656;0.9999998378221839;0.9999998214741184;0.9999892545354693;0.9999952290573251;1.0;0.999911367444876;1.0002633342887415;1.0002684431545112;0.9999900491842737;0.9999961220058239;0.9999926580845784;0.9998923082839464;0.9997743652037837;0.9999999999999999;0.9999612676484659;0.9999968097965204;1.0;0.9997538740739694;0.9998850893397986;1.0;0.9999801580724722;0.9999999999999999;0.9999972642175048;0.9999922818757099;0.9999830617627502;1.0002188755881858;1.024999976158142;
2016-08-03 20:45:00;1.0;0.999991052388322;0.9999840712566271;0.9999987756618238;1.0;1.0;1.0002700171086567;0.9999342753758883;1.0;1.0;0.9999871575597116;1.0002378688991667;1.0002438275886438;0.9999651993553321;0.9999059312670663;0.9999085331659869;0.9999098874372498;0.9999996156454579;0.9999996009290426;0.9999894704205284;0.9999942361940471;1.0;0.9999095044475306;1.000267576109409;1.0002713664101448;0.9999892047788164;0.9999959685681088;0.9999927711694468;0.9998681964103578;0.9997538261475625;1.0;0.9999587713847942;0.9999976166584584;1.0;0.9997438771166841;0.9998777216666384;1.0;0.9999793644182157;0.9999999999999999;0.9999979558234386;0.9999911835891196;0.9999842359110352;1.000240512816739;1.024999976158142;
2016-08-03 21:00:00;0.9999999999999999;0.9999865718507245;0.9999817546390426;0.9999983486731371;0.9999999999999999;1.0;1.0002669822943886;0.9999179986508325;1.0;0.9999999999999999;0.9999846033323261;1.0002292640284434;1.0002356021773289;0.9999561292923005;0.9998784573919682;0.9998823570025283;0.9998842459980567;0.9999994026739881;0.9999993830090929;0.9999879375928142;0.9999924900841468;1.0;0.9998837075009845;1.0002639561157445;1.0002687122775038;0.9999865613252548;0.9999950147866163;0.999990886670712;0.9998951254618247;0.9997726401730725;1.0;0.9999623283573045;0.9999964252102667;1.0;0.9997486874183259;0.999888267796441;1.0;0.9999801580724721;1.0;0.9999969343850162;0.9999887717933351;0.9999828013318212;1.000231805885503;1.024999976158142;
2016-08-03 21:15:00;1.0;0.9999858484689707;0.9999813452369803;0.99999902098296;1.0;1.0;1.0002674626925134;0.9999327497836212;0.9999999999999999;1.0;0.9999860231450346;1.000228831427517;1.0002356254429512;0.9999633936125606;0.999904411341027;0.999908517762386;0.9999098899811302;0.9999995145278954;0.9999994932346148;0.999988187236057;0.9999937168582292;1.0;0.9999094951838018;1.0002647755574265;1.0002688737267058;0.9999886757085628;0.999995537399479;0.9999923923339674;0.9999122135018572;0.9997892958436037;1.0;0.9999582501945732;0.9999962334609658;1.0;0.9997593279243097;0.9998759665471383;1.0;0.9999797452538721;1.0;0.9999967702514971;0.999990572695324;0.9999816920734993;1.0002315737313767;1.024999976158142;
2016-08-03 21:30:00;1.0;0.9999898967482538;0.9999852126956166;0.9999992164122453;1.0;0.9999999999999999;1.0002610599720727;0.9999467529419843;1.0;1.0;0.999988902848723;1.0002280278256412;1.0002341334474845;0.9999712328824581;0.9999249687790728;0.9999279079562665;0.9999289580729014;0.9999996156454579;0.9999996007011773;0.9999905317916079;0.9999949869931537;1.0;0.9999286550438451;1.000258811435422;1.0002622278550073;0.9999909419179411;0.9999964585239328;0.9999940229536315;0.9999206381551198;0.9998062976787073;0.9999999999999999;0.9999584162128312;0.9999973087170171;1.0;0.9997772697759544;0.999876118570257;1.0;0.9999908604325448;1.0;0.9999976915959099;0.9999924689011703;0.9999853068855409;1.000230671717201;1.024999976158142;
2016-08-03 21:45:00;1.0;0.9999922809624345;0.9999837107426783;0.9999991616177054;0.9999999999999999;1.0;1.0002643732198242;0.9999427375249408;1.0;1.0;0.9999878810300444;1.000236307183956;1.0002415339237298;0.9999696935877749;0.9999219269234019;0.9999241725436367;0.9999251675599163;0.9999996539039103;0.9999996374726442;0.9999893465467478;0.9999947671906386;1.0;0.9999248816989859;1.0002623714829095;1.0002654467959138;0.9999901750761321;0.9999962140433475;0.9999937022480337;0.9999188326575418;0.9998036486018334;0.9999999999999999;0.9999561916653512;0.9999979433816598;1.0;0.9997752166230851;0.9998696248702128;1.0;0.9999908604325449;1.0;0.9999982359654491;0.9999919842333428;0.999983174849975;1.0002386350943693;1.024999976158142;
2016-08-03 22:00:00;1.0;0.9999917751523412;0.9999811456779049;0.9999985265658083;0.9999999999999999;1.0;1.000263725691035;0.9999222888692246;0.9999999999999999;1.0;0.999984795242579;1.0002324874740085;1.0002383056372997;0.9999593225789687;0.999890383118593;0.9998927749502214;0.999894295383094;0.9999996339949403;0.9999996146753127;0.9999874014358913;0.9999934856064125;1.0;0.9998938699969429;1.000261200704768;1.000265163282637;0.9999873463954867;0.9999953254718236;0.9999915485148686;0.9999134422060951;0.9997952037366548;1.0;0.9999604508458638;0.9999978089442021;1.0;0.9997667623686304;0.999882371136028;1.0;0.9999908604325448;1.0;0.9999981207318627;0.9999898469165062;0.999980931685633;1.0002351045548556;1.024999976158142;
2016-08-03 22:15:00;0.9999999999999999;0.999984546424889;0.9999818178573383;0.9999991004033512;1.0;1.0;1.0002666338124049;0.9999354808541356;1.0;1.0;0.9999865475101025;1.0002278269558655;1.0002346812146008;0.9999645093576472;0.999907804109104;0.999912282609563;0.9999136366089296;0.9999995941726014;0.9999995746391126;0.9999887503873239;0.999994287818397;1.0;0.999913252185157;1.0002639823028183;1.0002679948972655;0.9999894666021028;0.9999957730879908;0.9999926248602329;0.9999062024189738;0.9997837773853225;1.0;0.9999577310682631;0.9999958885020831;1.0;0.9997560465337075;0.9998743656677205;1.0;0.9999912732606052;1.0;0.9999964749778304;0.9999913299517877;0.9999823634047175;1.0002305133982647;1.024999976158142;
2016-08-03 22:30:00;1.0;0.9999895347470598;0.9999832473777365;0.9999987263152312;0.9999999999999999;1.0;1.0002626962171248;0.9999313357892936;0.9999999999999999;1.0;0.9999865997654109;1.000230155274013;1.0002362209710431;0.9999634191894592;0.9999014861436532;0.9999045269456218;0.9999059682420469;0.9999997151991682;0.9999996973902849;0.9999891727275348;0.9999945162059601;1.0;0.9999055693534035;1.0002602092973254;1.0002640541405887;0.9999891969394069;0.9999959223819047;0.9999923996515404;0.9999159202832443;0.9998038191465081;1.0;0.9999614396597757;0.9999972132407705;1.0;0.9997776290804;0.9998853225708925;0.9999999999999999;0.999990479290912;1.0;0.9999976100314651;0.9999913905199556;0.9999835544987506;1.0002327529921824;1.024999976158142;
2016-08-03 22:45:00;1.0;0.9999833948211337;0.9999712810216135;0.9999973171694106;1.0;1.0;1.0002680580584433;0.9998716004641356;0.9999999999999999;1.0;0.9999759387996952;1.0002276592997887;1.0002346430079467;0.9999321726176302;0.9998136949931018;0.9998185266001217;0.9998213214745829;0.9999996646403824;0.9999996133119932;0.9999812381720954;0.9999906359478135;1.0;0.9998205631921944;1.0002643322870688;1.000270254410402;0.9999805953045465;0.9999928716590599;0.9999858948387421;0.9999288259004856;0.9998150192142685;1.0;0.9999639859353732;0.9999955771148864;1.0;0.9997832195971355;0.9998928590472994;1.0;0.999990479290912;0.9999999999999999;0.9999962062025747;0.9999849029657784;0.9999720720710268;1.0002303322267043;1.024999976158142;
2016-08-03 23:00:00;1.0;0.9999900413917608;0.9999729146622361;0.9999972182586588;1.0;0.9999999999999999;1.0002675978016964;0.9998739955155345;1.0;1.0;0.9999766456718215;1.000233478387367;1.000239517081785;0.9999347112079403;0.9998189495275432;0.9998218470641708;0.9998244660946657;0.9999995834361864;0.9999995394813822;0.9999815249583583;0.9999902826615984;1.0;0.9998237483483279;1.0002641772950074;1.0002697130288751;0.9999802981534545;0.9999929804395522;0.9999864258529917;0.9999359315431695;0.9998225772953067;1.0;0.9999589319619567;0.9999973468477896;1.0;0.9997888410576309;0.9998777073329511;1.0;0.9999900664615023;1.0;0.999997724230919;0.9999845133557209;0.999972967543037;1.000236095470807;1.024999976158142;
2016-08-03 23:15:00;1.0;0.9999869329719167;0.9999750582972051;0.9999979491782267;1.0;0.9999999999999999;1.0002638391472822;0.9998950128293587;1.0;1.0;0.9999797269791405;1.0002271739064341;1.0002337054766803;0.9999446498824472;0.9998501539502198;0.9998539485160154;0.999856106800639;0.9999996447314055;0.9999996063922996;0.9999836340215561;0.999991877542021;0.9999999999999999;0.9998555144790262;1.0002606808201477;1.000265663637195;0.999983584917936;0.9999939136772457;0.9999884915888884;0.9999376456059026;0.9998257749927931;0.9999999999999999;0.9999615626161379;0.9999965211148663;1.0;0.9997918859593922;0.9998854679857154;0.9999999999999999;0.9999916544037751;1.0;0.9999970166309371;0.999987077239789;0.9999752243142784;1.0002298468320525;1.024999976158142;
2016-08-03 23:30:00;0.9999999999999999;0.9999863551568045;0.9999782142092598;0.999998165300755;0.9999999999999999;0.9999999999999999;1.0002582947681582;0.9999066704875342;1.0;1.0;0.9999821731041448;1.0002182775365795;1.000225638730885;0.9999503921753363;0.9998649708991275;0.9998689341253459;0.9998709478009981;0.9999996662042335;0.9999996373292881;0.999985872897828;0.9999928091251314;1.0;0.9998703950016721;1.0002550830879129;1.0002600855989745;0.9999855934403403;0.9999946246194988;0.9999896894223768;0.9999518936670565;0.9998492656472987;1.0;0.9999626789535411;0.9999963672518971;1.0;0.9998149349220862;0.9998886561532857;1.0;0.9999908604325449;1.0;0.999996884612144;0.9999886122285385;0.9999787997908591;1.0002213648447233;1.024999976158142;
2016-08-03 23:45:00;1.0;0.9999855599851648;0.9999786475698315;0.9999991316423054;1.0;1.0;1.0002598755088445;0.9999287314476779;0.9999999999999999;1.0;0.9999844487946636;1.0002167225237062;1.0002239685907761;0.9999613117952241;0.9999008847970177;0.9999050771375199;0.9999064004468321;0.9999991820656524;0.9999991495754442;0.9999861123746124;0.9999918766191463;1.0;0.9999059951990973;1.000256975784953;1.0002614156551362;0.9999866188380543;0.9999947257172409;0.9999919532215897;0.99995591934181;0.9998526458296919;1.0;0.9999632826368141;0.9999961559467461;0.9999999999999999;0.9998167651709222;0.9998905861011804;1.0;0.9999912732606054;1.0;0.9999967035769921;0.9999883337128689;0.9999785407850768;1.00021969204585;1.024999976158142;
2016-08-04 00:00:00;1.0;0.9999848381105254;0.9999799957308809;0.9999992603715443;1.0;1.0;1.0002604542758011;0.9999349952284562;0.9999999999999999;0.9999999999999999;0.9999857442708062;1.0002201389742122;1.0002271652785457;0.9999643125104432;0.999909742214286;0.9999141478684077;0.9999153753741853;0.9999994639691594;0.9999994368002613;0.9999874558539594;0.9999935503366498;1.0;0.9999150150765602;1.0002578017397217;1.000261805072479;0.9999886328122619;0.9999954025565515;0.9999925790138525;0.9999422528813361;0.9998476451463365;1.0;0.9999579122155553;0.9999959630089025;1.0;0.9998210973770422;0.99987437103514;1.0;0.9999908604325449;1.0;0.9999965377917254;0.9999904291706533;0.9999800397043433;1.0002229371125568;1.024999976158142;
2016-08-04 00:15:00;0.9999999999999999;0.9999862104727495;0.9999835663327825;0.9999997596011484;1.0;0.9999999999999999;1.0002546342476137;0.9999553739727183;1.0;1.0;0.9999893290219086;1.0002189088759845;1.0002257604240203;0.9999748262441793;0.9999408390611766;0.9999448439338305;0.9999455882956775;0.9999998378221838;0.9999998200356583;0.9999903280381852;0.9999964105725655;1.0;0.9999453812252821;1.0002525533192197;1.0002555587682147;0.999992788138212;0.9999968245011325;0.9999947660114311;0.9999330493642107;0.9998415406883097;1.0;0.9999654305037697;0.99999632890085;1.0;0.9998192253184034;0.9998968162730911;0.9999999999999999;0.9999916544037754;1.0;0.9999968517844252;0.9999943066546405;0.9999833640105767;1.0002217070108879;1.024999976158142;
2016-08-04 00:30:00;1.0;0.9999845481610716;0.9999782995558821;0.9999989338737997;1.0;1.0;1.0002593245303437;0.9999232336060911;1.0;1.0;0.9999838069324111;1.0002176052242429;1.0002244865002292;0.9999583498491068;0.9998915289440957;0.9998960138734344;0.9998975303367171;0.9999992509695417;0.9999992197990534;0.999985972285376;0.9999919228219083;1.0;0.9998970791407782;1.000256388333408;1.0002609114134045;0.9999862632576474;0.9999946220011078;0.99999133952264;0.9999455422476392;0.9998567662327976;1.0;0.9999573836031583;0.9999958870108953;0.9999999999999999;0.999831998264959;0.99987265920695;1.0;0.9999900664615025;1.0;0.9999964730571895;0.9999882202138692;0.9999784996556383;1.0002203049304959;1.024999976158142;
2016-08-04 00:45:00;1.0;0.9999897528995053;0.9999795169402971;0.9999987047868387;1.0;1.0;1.0002542391294333;0.9999221785151655;1.0;1.0;0.9999841708121333;1.00021800138656;1.000224647061789;0.9999588567809861;0.9998914011184207;0.9998943847979447;0.9998958541746916;0.9999995344412714;0.9999995092017672;0.9999864974500011;0.9999930012921077;1.0;0.9998954352314444;1.0002515309806828;1.0002557287365679;0.9999868968203085;0.9999950392017551;0.9999914479460762;0.9999510106454585;0.9998631820301336;1.0;0.9999635383516937;0.9999972695641466;1.0;0.999836553361084;0.9998910414819447;1.0;0.9999904792909119;1.0;0.9999976577597771;0.9999892963810084;0.9999792046204787;1.0002209305918397;1.024999976158142;
2016-08-04 01:00:00;1.0;0.999986716534936;0.9999811080686096;0.9999995027260281;1.0;0.9999999999999999;1.000246105226281;0.9999437296412879;0.9999999999999999;1.0;0.9999871046228197;1.0002086509531425;1.0002155758825382;0.9999690782578577;0.9999245523394016;0.9999284107846929;0.9999293562338609;0.9999996447314055;0.999999623494777;0.9999883322082485;0.9999947984291063;1.0;0.999929082760782;1.0002437716418855;1.0002472327176695;0.9999903223176659;0.9999959854441585;0.9999935713715272;0.999993849378306;0.9999138446439059;0.9999999999999999;0.999964344396286;0.9999964633640659;1.0;0.9998761593748094;0.9998931951581443;1.0;0.9999912732606053;1.0;0.9999969670392317;0.9999920692466248;0.9999807133061945;1.0002115242733376;1.024999976158142;
2016-08-04 01:15:00;0.9999999999999999;0.9999875133762989;0.9999851076652883;0.9999995588768633;1.0;0.9999999999999999;1.0002432393811391;0.9999540419607238;1.0;0.9999999999999999;0.9999896976737764;1.000206039778126;1.0002130785458654;0.9999744126876163;0.9999364867320066;0.9999401227593314;0.9999409910003394;0.999999686117619;0.9999996702293096;0.9999909371551667;0.9999957456659756;1.0;0.9999407407263518;1.0002409605390408;1.000244323275549;0.9999922368925379;0.9999967597524635;0.9999946820553128;1.0000012057328813;0.9999238883357865;1.0;0.9999650413256205;0.9999966733023568;1.0;0.9998849721091463;0.9998952560274423;1.0;0.9999920672329304;1.0;0.9999971462631502;0.9999935769456508;0.9999852128928843;1.0002090286250203;1.024999976158142;
2016-08-04 01:30:00;1.0;0.9999888113612637;0.999986005338783;0.9999991878800597;1.0;1.0;1.0002387713163725;0.9999469512097364;1.0;1.0;0.9999891519969083;1.0002008313701793;1.0002074899915068;0.9999711212990448;0.9999228515898646;0.9999260991701787;0.9999272418809606;0.9999993429426745;0.999999330360169;0.9999908160756273;0.9999939115628261;1.0;0.9999268953899839;1.0002362118950903;1.0002401289658418;0.9999902355691236;0.9999962258212138;0.9999940019334729;1.0000164116146606;0.9999466522268605;1.0;0.9999624858429158;0.9999970216222094;0.9999999999999999;0.999906412044186;0.999887458387419;1.0;0.999990479290912;1.0;0.9999974460134871;0.9999913654639421;0.999986528089258;1.0002037046679113;1.024999976158142;
2016-08-04 01:45:00;1.0;0.9999876557290734;0.9999850050198694;0.9999989176484437;1.0;1.0;1.0002348192047135;0.9999385932107484;1.0;1.0;0.9999879908943717;1.0001965688281655;1.0002034233208377;0.9999666912397356;0.9999096669154748;0.9999132516760861;0.9999146408753106;0.9999994946189099;0.9999994814512911;0.9999903271200147;0.9999941206729482;1.0;0.999914240217915;1.0002321036728612;1.0002362709299202;0.999989728105789;0.9999960681881329;0.9999930821627566;1.000040383806899;0.9999832600855871;1.0;0.999958639044197;0.9999967137250722;1.0;0.9999411918167301;0.9998756988205909;1.0;0.9999908604325448;1.0;0.9999971818246893;0.9999913132303302;0.9999858015345895;1.00019946891929;1.024999976158142;
2016-08-04 02:00:00;1.0;0.9999883773449917;0.999988205263494;0.9999996784197365;1.0;1.0;1.0002279658952034;0.9999632841285092;1.0;1.0;0.9999917496931635;1.0001908866591656;1.0001976481848693;0.999979239634678;0.9999476240301673;0.9999509957174932;0.9999517540728438;0.9999994946189098;0.9999994862652866;0.9999927008959181;0.9999955701209748;1.0;0.999951519260818;1.0002257406095094;1.000229041540402;0.9999930734491852;0.9999971236803006;0.9999956889573745;1.000042520009178;0.9999905038965348;1.0;0.9999696755322676;0.9999969066697357;1.0;0.9999499916573971;0.9999088345798293;0.9999999999999999;0.9999928612064205;1.0;0.9999973476192149;0.9999937912496634;0.9999886227421608;1.0001937867338144;1.024999976158142;
2016-08-04 02:15:00;1.0;0.9999883053360735;0.9999881060201269;0.9999994365814895;1.0;1.0;1.0002324992908673;0.9999578464410354;1.0;1.0;0.9999911986721997;1.000197065736858;1.0002036508773613;0.9999764932349028;0.9999386318396483;0.9999420258239483;0.9999429641110926;0.9999996355588404;0.9999996268580592;0.9999926953772558;0.9999958996609585;1.0;0.9999426918774357;1.0002302405822543;1.0002336154359637;0.9999929103455489;0.9999971254873599;0.9999951187201334;1.0000478443114493;0.9999953108992782;1.0;0.9999588707736521;0.9999968871810596;1.0;0.9999530347191083;0.9998763773077718;1.0;0.9999900664615023;1.0;0.9999973307780818;0.9999939719707186;0.9999887402461979;1.0001998638106544;1.024999976158142;
2016-08-04 02:30:00;1.0;0.9999942311654358;0.9999899401171705;0.9999990201580156;1.0;0.9999999999999999;1.0002293003876663;0.9999531103278874;1.0;1.0;0.9999912443258596;1.0001984138150393;1.0002042502167088;0.9999752998558551;0.9999306954655598;0.9999323715758951;0.9999334201363336;0.9999995037915089;0.9999994974752799;0.9999929688881717;0.9999949988254092;1.0;0.9999331096741441;1.0002270693810802;1.0002305321663467;0.9999916834776699;0.999996992194099;0.9999948727538587;1.0000437754048803;0.999991780032075;1.0;0.9999642408345362;0.9999984632739451;1.0;0.9999510254749399;0.999892522798515;1.0;0.9999904792909119;1.0;0.9999986820990217;0.9999927844306049;0.9999903537263535;1.0002012118926074;1.024999976158142;
2016-08-04 02:45:00;1.0;0.9999961831011397;0.999991386225942;0.9999992751412092;1.0;1.0;1.0002282506873368;0.9999624964427256;1.0;1.0;0.9999927080863638;1.0001991115378461;1.0002047025403373;0.9999804018956507;0.9999456332167488;0.9999467463170697;0.9999475192865607;0.9999994639691592;0.9999994585605361;0.9999937971362206;0.9999953269188084;1.0;0.999947278483755;1.0002262612693489;1.0002293338846646;0.9999927044739009;0.9999973589813993;0.9999959320304597;1.000042810053297;0.9999895008767987;1.0;0.9999653612142168;0.9999989817182663;0.9999999999999999;0.999948342223152;0.9998958786314864;1.0;0.9999912732606051;1.0;0.9999991263483251;0.9999934549166781;0.9999914557116969;1.000201909617366;1.024999976158142;
2016-08-04 03:00:00;1.0;0.9999956035471147;0.9999932579747274;0.9999997025907085;1.0;1.0;1.0002277157506907;0.9999762635018248;1.0;0.9999999999999999;0.999994847689931;1.0001970772969917;1.0002029781170263;0.9999872046684817;0.9999660291904727;0.9999673044320088;0.9999677645296732;0.9999994348875524;0.999999431391824;0.9999952359175746;0.999996045928363;1.0;0.999967603940031;1.000225880389711;1.0002286424807132;0.999994561073496;0.9999979274483981;0.999997344859386;1.0000473694380774;0.9999964999804414;1.0;0.9999614514966948;0.9999988290470971;0.9999999999999999;0.9999551329188429;0.9998841159777491;0.9999999999999999;0.999990860432545;1.0;0.9999989959890639;0.9999947665735242;0.9999933035252259;1.0002000064409935;1.024999976158142;
2016-08-04 03:15:00;0.9999999999999999;0.9999982059962013;0.9999938162861011;0.9999994079893544;1.0;0.9999999999999999;1.000225521247842;0.9999721339410587;1.0;0.9999999999999999;0.9999947348464777;1.0002009074241267;1.0002063791547042;0.9999856483302613;0.9999603880158615;0.9999609125672917;0.9999614645864272;0.999999846966566;0.999999844761823;0.9999956988721056;0.9999975743341659;1.0;0.9999613087232361;1.0002239025874309;1.000226342891263;0.9999953856141045;0.9999983533576374;0.9999970221148151;1.0000563115067034;1.0000094675893278;1.0;0.9999636145815282;0.9999995202814952;1.0;0.9999670207524839;0.9998905853472609;0.9999999999999999;0.9999916544037752;0.9999999999999999;0.9999995883002435;0.9999962592704025;0.9999937158266847;1.0002037807220772;1.024999976158142;
2016-08-04 03:30:00;0.9999999999999999;0.9999958928824688;0.999988541567848;0.9999987625453608;1.0;0.9999999999999999;1.0002298307451483;0.9999438358630606;1.0;1.0;0.99998960426353;1.0001983621994581;1.0002039348086065;0.9999709748009408;0.9999172595430712;0.9999184520443857;0.9999196650156181;0.9999992127110324;0.9999992039090598;0.9999914322635292;0.9999930983625055;1.0;0.9999192909232256;1.0002274012223742;1.0002312649612755;0.9999892073997153;0.9999962084988424;0.999993974051968;1.0000473402186318;0.9999955622714582;0.9999999999999999;0.9999640711614104;0.9999989056681741;1.0;0.999953709027593;0.9998920108811102;1.0;0.9999920672329304;1.0;0.9999990615727168;0.9999903273541635;0.9999887752991533;1.0002011312254686;1.024999976158142;
2016-08-04 03:45:00;1.0;0.9999941591150576;0.9999912254467308;0.9999996781754888;1.0;1.0;1.0002301244557381;0.9999704511655526;1.0;0.9999999999999999;0.9999934128301514;1.0001988939814446;1.0002043213843173;0.9999839930945988;0.999957900414018;0.9999595989092597;0.9999601570478266;0.9999992035666178;0.9999991972241619;0.9999937681053022;0.9999946568937489;1.0;0.9999599544652976;1.0002282040265713;1.0002311401953594;0.9999928728032421;0.9999972676438241;0.9999966769743844;1.0000420019814136;0.9999884819055935;1.0;0.999959940795012;0.9999984437268188;1.0;0.9999476232523263;0.99987957379049;1.0;0.9999908604325448;1.0;0.9999986652064725;0.999993020722269;0.9999912547745045;1.0002014625829276;1.024999976158142;
2016-08-04 04:00:00;1.0;0.9999944484884102;0.9999924564798557;0.9999995701833703;1.0;1.0;1.0002274042569237;0.9999721258081365;1.0;1.0;0.9999942875042883;1.0001991123188374;1.0002050596645886;0.9999848915270272;0.999960336507311;0.9999619523135955;0.999962524841749;0.9999998378221839;0.9999998340797438;0.999995240056785;0.9999975760494163;1.0;0.9999623629456466;1.0002256582748474;1.0002282404500262;0.9999954567853744;0.999998217515787;0.9999968641289161;1.0000449189636749;0.9999919622377407;1.0;0.9999663673293343;0.9999985204362268;1.0;0.999950262169122;0.9998989067638132;1.0;0.999991654403775;1.0;0.9999987308675242;0.9999962906293783;0.999992596792209;1.0002019856116309;1.024999976158142;
2016-08-04 04:15:00;1.0;0.9999976281282907;0.9999915077573512;0.9999992764145494;1.0;1.0;1.000227599420185;0.9999631283058399;1.0;1.0;0.9999928100074169;1.0001998682675328;1.0002053604794159;0.9999810087101684;0.9999474717656752;0.9999481649399667;0.9999488768623838;0.9999995053553236;0.9999995003552703;0.9999937861017126;0.99999549310014;1.0;0.9999486550102709;1.000225699268045;1.000228637711208;0.9999928231808038;0.9999974335487246;0.9999960580316827;1.0000442148913535;0.9999911995329436;1.0;0.9999663550208968;0.9999993662853075;1.0;0.99994973819568;0.9998988775058486;1.0;0.9999904792909119;1.0;0.9999994561641592;0.9999936300589428;0.9999913353587632;1.000202712511043;1.024999976158142;
2016-08-04 04:30:00;1.0;0.9999979886700389;0.9999909749693499;0.9999989415605749;1.0;1.0;1.0002284495820903;0.9999536789020591;1.0;1.0;0.9999914997923728;1.000199704684469;1.0002048369573775;0.9999763379275421;0.9999315407357177;0.9999321256242084;0.9999331164819332;0.9999991928020525;0.999999186972908;0.9999928760828269;0.9999936006529945;1.0;0.9999327993858353;1.0002262724353155;1.0002297447480126;0.9999904964867593;0.9999967187076862;0.9999950888667566;1.0000427428000265;0.999992679860707;1.0;0.9999627399062819;0.9999994631138611;1.0;0.9999532743436904;0.9998879853888211;0.9999999999999999;0.9999916544037752;1.0;0.9999995395273169;0.9999912400333424;0.9999910879168513;1.0002023775366813;1.024999976158142;
2016-08-04 04:45:00;1.0;0.9999961093619889;0.9999934269680288;0.9999995469459122;1.0;1.0;1.000226758338005;0.9999735476577098;1.0;1.0;0.9999946827071274;1.0001994624387196;1.0002049054330588;0.999985941569116;0.9999617189474767;0.9999628478907775;0.9999633946762897;0.9999996049090486;0.9999996017076945;0.9999954252581065;0.9999966429003759;1.0;0.9999632232176026;1.0002250326697344;1.0002276416194655;0.99999481913628;0.9999980699270896;0.9999970827144374;1.0000423104310787;0.9999897859643071;1.0;0.999965982545033;0.9999989634965664;1.0;0.9999491974608409;0.9998977445879691;1.0;0.999990860432545;1.0;0.9999991112331018;0.9999953225045997;0.9999935355435245;1.0002021756265496;1.024999976158142;
2016-08-04 05:00:00;0.9999999999999999;0.9999936524570195;0.9999937297362901;0.9999996956736452;1.0;1.0;1.0002277111802378;0.9999773348051024;1.0;1.0;0.9999952819673085;1.0001979073435863;1.0002039000547165;0.9999873525467143;0.999966563912719;0.999968405458969;0.9999689230490529;0.9999997060266074;0.9999997034812327;0.9999960472721777;0.999997386853066;1.0;0.999968766355293;1.0002259346543645;1.0002285581700847;0.9999958771585526;0.9999983504376798;0.999997375821788;1.0000437139179883;0.9999909248119009;1.0;0.9999615236877415;0.999998309982696;1.0;0.9999498271501609;0.9998843327950825;0.9999999999999999;0.9999916544037751;1.0;0.9999985508885606;0.9999963216487336;0.9999941302097404;1.0002007515815203;1.024999976158142;
2016-08-04 05:15:00;1.0;0.9999922800798071;0.9999897384773384;0.9999991422715714;1.0;1.0;1.0002331884639921;0.9999552879729537;1.0;1.0;0.9999914489977243;1.0002005795440119;1.000206747015614;0.9999760025168074;0.9999337563346336;0.999935998735776;0.9999370203934282;0.9999995635228243;0.9999995558087674;0.9999931528544356;0.9999954252460933;1.0;0.9999367211915848;1.0002309306637467;1.0002343892775365;0.9999922755812704;0.9999971159122277;0.9999950176132874;1.0000447281412395;0.9999925468310296;1.0;0.9999587448215991;0.9999979441726728;1.0;0.9999516108330374;0.9998760455394206;1.0;0.9999912732606052;1.0;0.9999982369661403;0.9999933505311062;0.9999903073395031;1.0002034237895445;1.024999976158142;
2016-08-04 05:30:00;1.0;0.9999963269051837;0.9999899089085283;0.9999990812857313;0.9999999999999999;1.0;1.000230716331129;0.9999546708490441;1.0;1.0;0.9999913111392215;1.0001536059251237;1.000170868908574;0.999976502006946;0.9999344478794142;0.9999355163763095;0.9999364424951547;0.9999994042378139;0.9999993971714131;0.9999926580478284;0.9999945609319266;1.0;0.9999361572425047;1.0002261640559862;1.0002328857146063;0.9999913317047384;0.9999969003954082;0.9999951217178938;1.0000437490576684;0.9999893165456004;1.0;0.9999641849379926;0.9999990206605917;1.0;0.9999475034155786;0.9998924504265619;0.9999999999999999;0.9999920672329301;1.0;0.9999991600018397;0.9999923095180144;0.9999899156770539;1.0001628111564842;1.024999976158142;
2016-08-04 05:45:00;1.0;0.9999969047705819;0.9999918047026765;0.9999994697874287;1.0;1.0;1.0002317233858655;0.9999683960424167;1.0;0.9999999999999999;0.9999935297285225;1.0000270407176182;1.0000762475709013;0.9999835116488649;0.9999559563695639;0.9999568562583663;0.9999574303988901;0.9999996355588404;0.9999996309218393;0.9999942936279154;0.9999963756696104;1.0;0.9999572538977709;1.0002209124123589;1.0002362616021745;0.9999940055036999;0.9999977801749337;0.9999965773966348;1.000043394147026;0.9999965955893024;1.0;0.999965276980311;0.9999991746342075;0.9999999999999999;0.9999592712408899;0.999895993720558;1.0;0.9999916544037751;0.9999999999999999;0.9999992921182981;0.9999947843690519;0.9999915653692035;1.0000537921279127;1.024999976158142;
2016-08-04 06:00:00;0.9999999999999999;0.9999969774081007;0.9999941279986778;0.9999996801839685;1.0;1.0;1.0002337386293163;0.9999782136516226;1.0;1.0;0.9999954087883418;1.000047165114964;1.0000918380644106;0.9999884557570844;0.9999690995770135;0.9999699804702141;0.9999703920653811;0.9999995742636261;0.9999995710136778;0.9999958258991266;0.9999967662072807;0.9999999999999999;0.9999702539989274;1.000223961751488;1.0002378256084794;0.9999953032238099;0.9999982397321772;0.9999976043902562;1.0000381424410998;0.9999905604678211;1.0;0.9999587137589252;0.9999991934615453;1.0;0.9999548489122356;0.9998762815053828;1.0;0.9999912732606053;1.0;0.9999993080735453;0.9999956156455437;0.9999940772177532;1.0000714363966783;1.024999976158142;
2016-08-04 06:15:00;0.9999999999999999;0.9999946651855096;0.9999911587513342;0.999999251426969;1.0;1.0;1.000233488913093;0.9999612794218827;1.0;0.9999999999999999;0.9999925436976085;0.9999371981938483;1.0000084089733687;0.9999794879722841;0.9999431148278721;0.9999446669331312;0.9999455132768343;0.9999995145278952;0.9999995087823211;0.999993842232605;0.9999955230027842;1.0;0.9999452567290332;1.0002178474927395;1.0002400415866628;0.9999928276159538;0.9999973689473368;0.9999957421360527;1.000034546833476;0.9999918618448742;1.0;0.9999677292609703;0.9999985782677796;0.9999999999999999;0.9999599902732843;0.9999035812414553;1.0;0.9999900664615025;1.0;0.9999987805293364;0.9999936538154238;0.9999914619444257;0.9999758524741307;1.024999976158142;
2016-08-04 06:30:00;1.0;0.9999904736873656;0.9999881725092803;0.9999991016221805;1.0;1.0;1.0002379394399707;0.9999500533388339;1.0;1.0;0.9999902482299615;0.999883306159271;0.9999679718848055;0.9999730112466323;0.999925623176095;0.9999283904949594;0.9999295379984232;0.9999993138567277;0.9999993037851697;0.9999919918496927;0.9999940230176971;1.0;0.9999291882080973;1.0002191785315806;1.0002458209883633;0.9999906852729098;0.999996501497225;0.9999943958732451;1.0000353018928658;0.9999968708043936;0.9999999999999999;0.9999622973266235;0.9999974634085954;1.0;0.999967380219614;0.9998874358507845;1.0;0.9999916544037752;1.0;0.9999978246485836;0.9999916365495317;0.9999888904700523;0.9999290438483027;1.024999976158142;
2016-08-04 06:45:00;1.0;0.9999786976654266;0.9999859234097269;0.9999995532919945;1.0;1.0;1.0002436073821352;0.9999539090752101;1.0;0.9999999999999999;0.9999901801168158;0.999876102222402;0.999963350218482;0.9999725840689345;0.9999298001660238;0.9999359938553831;0.9999372167775676;0.9999996845537501;0.9999996696142913;0.9999923096192695;0.9999961174008574;1.0;0.9999368731495833;1.0002243996020304;1.0002514817715387;0.9999930942527885;0.9999968934680591;0.9999943040433679;1.0000197328648417;0.9999688517286748;1.0;0.9999623310916106;0.9999943281347679;1.0;0.9999385529986657;0.9998876714121694;1.0;0.9999880973849139;1.0;0.9999951353636398;0.9999942112073801;0.9999877055497733;0.9999224368552021;1.024999976158142;
2016-08-04 07:00:00;1.0;0.9999411958825944;0.9999673861343897;0.9999993067255045;1.0;1.0;1.0002662026316906;0.9998997437325216;0.9999999999999999;1.0;0.9999780817106139;0.9998216077324944;0.9999226499892078;0.9999378639111062;0.9998430399093204;0.9998601119149666;0.9998630333790053;0.9999992724467545;0.9999991999278272;0.9999832053348041;0.9999916091110862;1.0;0.9998622143206438;1.0002425865148326;1.0002759862446842;0.9999854566614755;0.9999930354667164;0.9999870670900016;0.999957455611827;0.9999307911953531;1.0;0.9999579875092195;0.9999843502866437;1.0;0.9999354351413643;0.9998749793622538;1.0;0.9999892724926029;0.9999999999999999;0.9999865797755237;0.9999876499335313;0.9999727694661321;0.9998729039443887;1.024999976158142;
2016-08-04 07:15:00;0.9999999999999999;0.9999417032698575;0.9999678819303699;0.999999189643286;1.0;0.9999999999999999;1.0002756393974894;0.9998990646040888;1.0;1.0;0.9999783238247324;0.9999045493025898;0.9999882514283703;0.9999376184384926;0.9998421159651857;0.9998590481978263;0.9998620083198754;0.9999996339949402;0.999999560399789;0.9999838523572095;0.9999931628248149;1.0;0.9998612044451303;1.0002557602142237;1.0002838749447354;0.9999866734629334;0.9999935048575477;0.9999870150560272;0.99986574804414;0.9998803471511054;1.0;0.9999588052227291;0.9999844834511881;0.9999999999999999;0.9999384777810953;0.999877598008663;1.0;0.9999038160917496;1.0;0.9999866932898169;0.9999893240807047;0.9999732961706418;0.9999463758764993;1.024999976158142;
2016-08-04 07:30:00;1.0;0.9999749327381545;0.9999786854608897;0.9999985161485562;1.0;1.0;1.0002758656501332;0.9999132191208585;1.0;1.0;0.9999832178938387;0.9998025756406467;0.9999149927045976;0.9999514150860247;0.9998686483412393;0.999875903480634;0.9998781007977713;0.9999995436138538;0.9999995207198421;0.9999872957910039;0.9999930710310793;1.0;0.9998774911251411;1.0002506328267335;1.0002864309848725;0.999986983134002;0.9999947820506478;0.9999899066688276;0.99983734781623;0.9998623809660215;0.9999999999999999;0.9999496652660528;0.9999933341054774;1.0;0.9999385529986659;0.9998512575315431;0.9999999999999999;0.9999248835807576;1.0;0.9999942857826241;0.9999893842066975;0.9999809777865191;0.9998624498461166;1.024999976158142;
2016-08-04 07:45:00;1.0;0.9999857061253444;0.9999885356510905;0.9999994304055734;0.9999999999999999;1.0;1.0002715072660773;0.9999584398711192;1.0;0.9999999999999999;0.9999915433755654;0.9998670280719727;0.9999643769350535;0.9999762646994566;0.9999377788760179;0.999941936603985;0.99994296985149;0.9999997964077687;0.9999997873336209;0.9999934128716649;0.9999967564163005;1.0;0.9999426839304515;1.0002504118526019;1.0002801443458182;0.9999938350322164;0.9999974007872984;0.9999950710289838;0.999820429761699;0.9998507965254745;1.0;0.9999495626161283;0.9999961933434987;1.0;0.9999350589224792;0.999850693511401;0.9999999999999999;0.9999053965727475;0.9999999999999999;0.9999967349572013;0.9999950003981053;0.9999896641373428;0.9999193842856646;1.024999976158142;
2016-08-04 08:00:00;1.0;0.9999869346864881;0.999989277283386;0.9999993891313814;1.0;1.0;1.0002801744365808;0.9999589447276787;1.0;1.0;0.9999917577500429;0.9998094803982133;0.999922801928255;0.9999767636865186;0.999937665827286;0.9999414672290319;0.9999425045045565;0.9999995650866871;0.9999995552788505;0.9999934841006854;0.9999957744277223;1.0;0.9999422013062592;1.0002556559408515;1.000290243328251;0.9999930835861638;0.9999972041878868;0.9999951744811287;0.9998016572788412;0.9998315931026516;1.0;0.9999402037085168;0.9999965201483174;1.0;0.9999242784674013;0.9998234965631156;1.0;0.9998562325982636;1.0;0.9999970151705915;0.9999939493796403;0.9999904304083749;0.9998706750340793;1.024999976158142;
2016-08-04 08:15:00;1.0;0.9999814397662538;0.9999794255826131;0.999997786777929;1.0;0.9999999999999999;1.0002947229112031;0.9998987418257325;1.0;1.0;0.9999817632543226;0.9998742083078225;0.999973745272825;0.9999454360409484;0.999845613155531;0.9998509948143297;0.9998535407798614;0.9999992632979652;0.9999992398193555;0.9999864807082206;0.9999909215487818;1.0;0.9998528197979067;1.0002717889439319;1.0003045986777825;0.9999838585708007;0.9999940626111364;0.9999886662065075;0.9997572229688761;0.9997602335909676;1.0;0.9999364013732078;0.9999950616463484;1.0;0.9998560327816568;0.9998124645086989;0.9999999999999999;0.9998701967598727;1.0;0.9999957657827735;0.9999864713600758;0.9999815874094394;0.9999274712243302;1.024999976158142;
2016-08-04 08:30:00;1.0;0.9999851268555922;0.9999810880197578;0.9999976016645407;1.0;1.0;1.0002923483344217;0.9998993178362605;1.0;1.0;0.99998246216585;0.9998555395029414;0.999959891745131;0.9999464587323447;0.9998465334069659;0.9998508527788217;0.999853381180379;0.999999476273699;0.999999456524222;0.9999873749975444;0.9999918531514961;1.0;0.9998526797466569;1.0002685352101321;1.0003025752775678;0.9999846186581687;0.9999944955183999;0.9999888803764732;0.9997916971732822;0.9998082579734745;1.0;0.9999271954460623;0.9999960407540761;1.0;0.9998994494944056;0.9997849080095371;1.0;0.9998714486015335;0.9999999999999999;0.999996604666588;0.9999874892580048;0.9999830491564182;0.9999116950332727;1.024999976158142;
2016-08-04 08:45:00;1.0;0.9999863551568042;0.999985779876414;0.9999993030297907;0.9999999999999999;0.9999999999999999;1.0002961121308325;0.9999492015512315;1.0;1.0;0.9999894361524686;0.9997437356718559;0.9998771091968083;0.9999717574787481;0.9999261670808529;0.9999301305496383;0.9999312554207236;0.9999995865638545;0.9999995732692958;0.9999912457472722;0.9999951514322188;1.0;0.9999309307000038;1.000267375889994;1.000307887902996;0.9999915159545979;0.9999965760096224;0.9999941331647669;0.9997605133916843;0.9997707270721468;1.0;0.9999250001205917;0.9999963674022448;1.0;0.9998713728701532;0.9997791139813578;1.0;0.9998926762334729;0.9999999999999999;0.9999968847441965;0.9999928313874511;0.9999865006969986;0.9998158804820334;1.024999976158142;
2016-08-04 09:00:00;1.0;0.9999645351868601;0.99997425992757;0.9999988332025503;1.0;1.0;1.0003121165798354;0.9999084172430924;1.0;0.9999999999999999;0.9999811399292202;0.9997035440128869;0.9998475795041653;0.9999468938190007;0.9998607226657252;0.9998710258193246;0.9998734040372713;0.9999992939477416;0.9999992468544876;0.9999852594629368;0.9999917839133996;1.0;0.9998727293032389;1.0002800464352564;1.0003254001410415;0.9999856899418725;0.9999939199908137;0.999988954534795;0.9997592285802558;0.9997814919511342;1.0;0.9999086884747864;0.9999905596964362;1.0;0.999891461158678;0.999731090689479;1.0;0.9998622523437866;1.0;0.9999919039470628;0.999987879614239;0.999977317183684;0.9997800179177881;1.024999976158142;
2016-08-04 09:15:00;1.0;0.9999281866112014;0.9999577638793372;0.9999988249407551;1.0;1.0;1.000313160116953;0.999865997446107;1.0;1.0;0.999971249562506;0.9998392811495577;0.9999464649982343;0.9999183108947256;0.9997930571489619;0.9998138877093226;0.9998176642292528;0.9999995344412715;0.9999994235005367;0.9999782451394122;0.9999907997930425;1.0;0.9998166387484545;1.000287719797274;1.0003237303748689;0.9999819176521442;0.9999914058821601;0.9999829864263835;0.9997603572791316;0.9997620286615535;1.0;0.9999253453081868;0.9999808922158839;1.0;0.9998566679977012;0.9997792015045501;1.0;0.9999177684203042;1.0;0.9999836159112933;0.999985573593716;0.9999641389006382;0.9998930451497102;1.024999976158142;
2016-08-04 09:30:00;0.9999999999999999;0.9999763820989116;0.9999789793420084;0.9999982264632297;1.0;1.0;1.0002974376141125;0.9999078901043887;1.0;1.0;0.9999827949244067;0.9998798058253696;0.9999789288048962;0.9999490157632305;0.9998600615970102;0.9998669130278381;0.9998692688749752;0.999999686117619;0.9999996599734315;0.9999873811683913;0.9999933755967942;0.9999999999999999;0.9998686275160104;1.000274913047666;1.0003069548139807;0.9999867631508693;0.9999948214600414;0.9999894067822719;0.9997714985176295;0.9997822419002508;1.0;0.9999263658772626;0.9999937155080637;1.0;0.9998778061584945;0.9997824726871888;1.0;0.9998584436175648;1.0;0.9999946112939854;0.9999895235592777;0.9999813536380594;0.9999324908785547;1.024999976158142;
2016-08-04 09:45:00;1.0;0.9999033347246669;0.999948701269557;0.9999989086269555;1.0;1.0;1.000324166076573;0.99984373411737;1.0;1.0;0.9999659959408584;0.9997622621878199;0.9998883471754685;0.9999021349627052;0.9997545926184896;0.9997826427582324;0.9997873170597492;0.9999995941726016;0.999999428797886;0.9999748037254456;0.9999901493909366;1.0;0.999786059743458;1.000294104566059;1.0003365522325782;0.9999800929909529;0.9999899931124273;0.999979600075088;0.9997740839723078;0.9997771917894425;1.0;0.999924943469484;0.9999742760650908;1.0;0.9998697708026751;0.9997790742703785;1.0;0.9998581784213448;1.0;0.9999779418218596;0.9999843263142312;0.9999576778184673;0.9998246603500853;1.024999976158142;
2016-08-04 10:00:00;0.9999999999999999;0.999968289062691;0.9999776067270469;0.9999987092360416;1.0;1.0;1.0003073751219826;0.9999139458781847;1.0;1.0;0.9999830128069066;0.9997859448595476;0.9999094153641055;0.9999504377929801;0.9998676693015023;0.9998768683647116;0.9998791789013437;0.9999995237048813;0.9999994936913128;0.9999872980740852;0.9999931846695251;0.9999999999999999;0.9998785380678973;1.0002797397222296;1.0003188619201784;0.9999873874400631;0.9999947018512026;0.9999897000607219;0.9997467052722289;0.9997543000785067;1.0;0.9999145917467285;0.9999915624303153;1.0;0.9998599834276675;0.9997482508029986;0.9999999999999999;0.9999071956069895;1.0;0.9999927651301128;0.9999896373530283;0.9999806669597135;0.9998514123198301;1.024999976158142;
2016-08-04 10:15:00;1.0;0.9999824547619521;0.9999844404625504;0.9999990209515472;1.0;1.0;1.0003236013334451;0.999938831277955;1.0;1.0;0.9999878836038877;0.9997204865598599;0.9998656265544797;0.9999657628414443;0.9999078467291879;0.9999129491712514;0.9999144607440255;0.9999994747099227;0.9999994563364648;0.999990483372467;0.9999941853885714;1.0;0.9999140265191659;1.0002920731373883;1.0003365869359577;0.9999900149886604;0.9999960157469426;0.9999928866906295;0.9996694388848254;0.9996419370511385;1.0;0.9999139092140936;0.9999953279213711;1.0;0.9997623807507747;0.9997485034689799;1.0;0.9999075029054929;1.0;0.9999959927455541;0.9999914809198802;0.999985937586308;0.999798807605519;1.024999976158142;
2016-08-04 10:30:00;1.0;0.9999809371493622;0.9999824637074018;0.9999986641929878;1.0;1.0;1.0003127897739488;0.9999264276529739;1.0;1.0;0.9999859581147569;0.9997690744666774;0.9998997888660278;0.9999592304050149;0.9998891568576849;0.9998946981138612;0.9998965318403558;0.9999996861176191;0.9999996656529208;0.9999894228396491;0.999994395701565;1.0;0.9998960277445132;1.0002841097151107;1.0003246723123895;0.9999891164829778;0.9999957097639451;0.9999915296436707;0.9997090754709225;0.9996987197496049;1.0;0.999918152719451;0.9999949245372788;1.0;0.9998103635684163;0.9997598089081575;1.0;0.9999101374495554;1.0;0.9999956469828942;0.999991267125886;0.9999841999459836;0.9998393851922921;1.024999976158142;
2016-08-04 10:45:00;1.0;0.9999885229151667;0.9999865817740184;0.9999987365342762;0.9999999999999999;1.0;1.000322241892691;0.9999386608325198;1.0;1.0;0.9999886528826495;0.9998198915276768;0.9999413795288689;0.9999668987359013;0.9999082061498059;0.9999115396049607;0.9999130146529243;0.9999997151991682;0.9999997033395988;0.9999914454782902;0.9999951562676377;1.0;0.9999126068909867;1.0002957752163588;1.0003332141832093;0.9999906669450995;0.9999964991194988;0.999993125861456;0.9996854533475371;0.9996647487215315;1.0;0.9999123394985625;0.99999694440246;1.0;0.9997830832135747;0.9997437695777399;1.0;0.9999068148225438;1.0;0.9999973795976529;0.9999924818592467;0.9999876399906764;0.999885673219532;1.024999976158142;
2016-08-04 11:00:00;1.0;0.9999862121861149;0.99998517951344;0.9999990854141004;1.0;0.9999999999999999;1.0003219363769573;0.999942265416533;1.0;1.0;0.9999883947087402;0.999756321972118;0.9998923910210469;0.9999682405597526;0.999914487690807;0.9999184989613374;0.9999198273491614;0.9999993230336963;0.999999307082258;0.9999904568919474;0.9999936208048406;1.0;0.9999194306488248;1.000292367315592;1.0003341536100925;0.9999896988573148;0.9999959909466066;0.9999934023364315;0.9996907994206664;0.9996748448730711;1.0;0.9999133601656541;0.9999963277654172;1.0;0.9997938608214242;0.9997469684571352;1.0;0.9999015652140596;1.0;0.999996850176529;0.9999909241568523;0.9999861276034521;0.9998299325159555;1.024999976158142;
2016-08-04 11:15:00;1.0;0.9999825242203976;0.999983584199172;0.9999988142933742;1.0;1.0;1.0003150908328449;0.9999320029048651;1.0;1.0;0.9999868377055562;0.9997641593703785;0.9998963519032977;0.9999623568694562;0.9998974002783088;0.9999024705798393;0.9999041484853604;0.9999994241511929;0.9999994081630075;0.999989760887873;0.9999935645890482;1.0;0.9999036669880272;1.0002861041696873;1.000327117050652;0.9999889069828617;0.9999956660700583;0.9999921814497178;0.9997000357876532;0.999683849196592;1.0;0.9999155197399507;0.9999953493953884;1.0;0.9997970086740431;0.9997524301182724;1.0;0.9998979774000879;1.0;0.9999960122459777;0.9999905540610035;0.9999851473195641;0.9998353926221587;1.024999976158142;
2016-08-04 11:30:00;1.0;0.9999716129579681;0.9999790219540807;0.9999987944874645;1.0;1.0;1.0003190861931048;0.9999201627153178;1.0;1.0;0.9999842038322713;0.9997723136965134;0.9999028238334434;0.9999542255717887;0.9998785310840999;0.9998867664311035;0.999888857843712;0.9999997366764025;0.9999997113377661;0.9999881938634574;0.9999943996971432;1.0;0.9998882895478266;1.0002902580660566;1.0003309861106353;0.9999888019175551;0.9999952729811634;0.9999904883592873;0.9996954201072488;0.9996780833099619;1.0;0.9999141431453508;0.9999924466642612;1.0;0.9997923316642234;0.9997482702007195;1.0;0.9998925772700072;1.0;0.9999935232863061;0.9999911398882778;0.9999816074005249;0.9998418691669725;1.024999976158142;
2016-08-04 11:45:00;0.9999999999999999;0.999974360751213;0.9999803266036118;0.9999988961322163;1.0;1.0;1.0003267141989303;0.9999257691911871;1.0;0.9999999999999999;0.999985209323979;0.999803625674455;0.9999285394322013;0.9999575850860766;0.9998876090919837;0.9998950558117979;0.9998969649848948;0.9999996845537501;0.999999660164987;0.999988769753313;0.9999944539968811;0.9999999999999999;0.999896440944768;1.0002991659262097;1.0003380880106176;0.999989258940843;0.9999954974745395;0.9999911861033542;0.999685427825879;0.9996638066040995;1.0;0.9999118908804895;0.9999931755412639;0.9999999999999999;0.9997818854546849;0.999742499057761;1.0;0.9998951379977341;0.9999999999999999;0.99999414750186;0.999991368954956;0.999982575803137;0.9998703025150354;1.024999976158142;
2016-08-04 12:00:00;1.0;0.999979849253272;0.9999829861441211;0.9999990224658064;1.0;1.0;1.0003186252043532;0.9999350443595386;1.0;1.0;0.9999869861666361;0.9997502469412287;0.9998865068585471;0.9999633533370922;0.9999021220534892;0.9999079620130987;0.9999095762816875;0.9999994516406332;0.9999994344912169;0.9999897590653056;0.9999939025984123;0.9999999999999999;0.9999091134413408;1.0002888477257268;1.0003309133647917;0.9999894955333276;0.9999957381906931;0.999992387499733;0.9996879030713142;0.9996693883722501;0.9999999999999999;0.9999167319026686;0.9999946393366324;1.0;0.9997866515094594;0.9997565202682392;1.0;0.9999016389986888;1.0;0.9999954039785061;0.9999910507331073;0.999984672771604;0.9998235254461952;1.024999976158142;
2016-08-04 12:15:00;1.0;0.9999885220308138;0.999987442425313;0.9999990234228873;0.9999999999999999;1.0;1.0003196733433362;0.9999464493973471;1.0;1.0;0.9999896648387532;0.9997990576227085;0.9999244557739646;0.9999708129456719;0.9999196005029466;0.9999229307508469;0.9999242088737555;0.9999993919093608;0.9999993808057405;0.999991759711772;0.9999942077724772;1.0;0.9999238302165848;1.0002923925704676;1.0003309733045018;0.9999905880654759;0.9999964243287304;0.9999939390545884;0.9996648038279419;0.9996373211268763;0.9999999999999999;0.9999119054553192;0.9999969450244226;1.0;0.9997584113640794;0.9997419404036166;1.0;0.999913059873132;1.0;0.9999973804500397;0.9999917338095268;0.9999884304970451;0.9998669829239225;1.024999976158142;
2016-08-04 12:30:00;0.9999999999999999;0.9999671357188199;0.9999607751521038;0.99999873638097;1.0;1.0;1.000327684392975;0.9998749582699863;1.0;1.0;0.9999720196962621;0.9997902604109062;0.9999148287057976;0.9999305906214281;0.9998234872121914;0.9998330329104334;0.9998354806541864;0.9999981234046762;0.9999980215942359;0.9999747688884915;0.9999839145164805;0.9999999999999999;0.9998347055840539;1.0002990693324496;1.0003398503987309;0.9999752470740606;0.9999900566249387;0.9999855361424508;0.9996901664500799;0.9996565446458708;1.0;0.9999235993632989;0.9999912509475921;1.0;0.9997622053902478;0.9997758611017451;1.0;0.9999166477871505;1.0;0.9999924968851247;0.9999776214332682;0.9999614196379981;0.9998562465878819;1.024999976158142;
2016-08-04 12:45:00;1.0;0.9998842716192915;0.9999190864474048;0.9999989106231856;1.0;1.0;1.000367486047985;0.9997757481195212;1.0;0.9999999999999999;0.9999474064764093;0.9997778001981773;0.9999061137387727;0.999864027582418;0.9996699340961277;0.999703558193316;0.9997090172917047;0.9999983531568818;0.999997878326824;0.999955622938364;0.9999794669783368;1.0;0.9997074666675858;1.0003357577070888;1.0003807782651717;0.9999639997585531;0.9999833765914522;0.9999714998002657;0.9996928759669855;0.9996619532111856;1.0;0.9999101192331634;0.9999691846098849;1.0;0.9997698348699992;0.999735708627765;1.0;0.9999095033691086;1.0;0.9999735718755863;0.9999696030233336;0.9999264557711857;0.9998400876697476;1.024999976158142;
2016-08-04 13:00:00;0.9999999999999999;0.9999533341035419;0.9999600579298873;0.9999986160571874;1.0;1.0;1.0003305305970616;0.9998691266374267;1.0;1.0;0.9999716034520032;0.9998745733044474;0.9999784600900604;0.9999249008556902;0.9998075387797855;0.9998210857345559;0.9998241229283187;0.9999986227639481;0.999998510695344;0.9999761551417563;0.9999862451043077;0.9999999999999999;0.9998232279020849;1.0003059652485244;1.0003409937152603;0.9999773462542227;0.9999904935940014;0.9999843507307307;0.9996804648072631;0.9996463347503035;1.0;0.9999216177543362;0.9999875796219275;0.9999999999999999;0.999754623259861;0.9997695587639509;1.0;0.9999134726427967;1.0;0.9999893490724174;0.9999802444245683;0.9999629568941668;0.9999282698577509;1.024999976158142;
2016-08-04 13:15:00;0.9999999999999999;0.9999568711932175;0.9999652811449342;0.9999984967169026;0.9999999999999999;0.9999999999999999;1.0003276420246296;0.9998761928937036;1.0;1.0;0.9999739402420973;0.9998444940343135;0.9999537264112843;0.9999291807429271;0.9998116410037774;0.9998241475811174;0.999827233078787;0.9999977233884031;0.9999976423701349;0.9999781257283007;0.9999829828002531;1.0;0.9998262623039469;1.0003015263626829;1.0003389495494952;0.9999756316113303;0.9999901531435034;0.9999852610301667;0.9996825695488719;0.9996653978933773;1.0;0.999920645184657;0.9999885248377762;1.0;0.9997829969420594;0.9997671932559828;1.0;0.9999159277006893;1.0;0.9999901608613914;0.9999770745762957;0.9999688554821555;0.9999013686356081;1.024999976158142;
2016-08-04 13:30:00;1.0;0.9999881606505047;0.9999672014510356;0.9999970659374082;0.9999999999999999;1.0;1.000329316700762;0.9998476299482106;1.0;0.9999999999999999;0.9999700310171268;0.9997753928066968;0.9999000844271141;0.9999210898928725;0.9997715781400129;0.9997750128960987;0.9997782558475279;0.9999949519162766;0.9999948679116821;0.9999724402710616;0.9999684729472692;1.0;0.9997770494050058;1.0002986692214466;1.0003433715098173;0.9999602379825637;0.9999859797840421;0.9999835829882068;0.999657428211006;0.9996270459701728;0.9999999999999999;0.9999266221992134;0.9999968478079282;1.0;0.9997481360819928;0.9997859025913155;0.9999999999999999;0.9999138537291955;1.0;0.9999972970462292;0.9999597632943885;0.9999679825918244;0.9998429058713101;1.024999976158142;
2016-08-04 13:45:00;0.9999999999999999;0.9999833922397593;0.9999695046588442;0.9999970587150967;0.9999999999999999;1.0;1.00032370020832;0.9998566876044248;1.0;1.0;0.9999728478092429;0.9998590820012858;0.9999658848098262;0.9999246896541855;0.9997858579682863;0.9997906796914958;0.999793896024137;0.9999973482120411;0.9999972879261836;0.9999772238692415;0.9999796780476448;1.0;0.9997928645580806;1.000297878408726;1.000335312191649;0.9999704552322551;0.9999894318528075;0.9999843410264558;0.9996669218880367;0.9996393578286079;1.0;0.9999172715373028;0.9999955788967168;1.0;0.999756871288408;0.9997568448161128;1.0;0.9999118849329538;0.9999999999999999;0.9999962086798941;0.9999724454421857;0.999970881723084;0.9999164603868308;1.024999976158142;
2016-08-04 14:00:00;1.0;0.9999778270688278;0.9999688106512294;0.999997617330481;1.0;0.9999999999999999;1.0003157139798213;0.9998676007401504;1.0;1.0;0.9999739489769025;0.9999245873905935;1.0000133720275513;0.9999290601077134;0.9998032746799708;0.999809705854136;0.9998126691211425;0.9999976667854343;0.9999976052766996;0.9999779452058879;0.9999817858549901;1.0;0.9998117265145441;1.000293954376952;1.0003254966068527;0.9999732252446288;0.9999900943854894;0.9999852466857144;0.9997071017717377;0.9996796650757299;1.0;0.9999232459588011;0.9999940995054953;1.0;0.9997803143117748;0.999773791514911;1.0;0.9999045808022695;1.0;0.999994940605706;0.9999751786744863;0.9999703407887496;0.9999717070651479;1.024999976158142;
2016-08-04 14:15:00;1.0;0.9999781916127398;0.9999706457019281;0.9999974865022766;0.9999999999999999;1.0;1.000317128165039;0.9998704701078136;1.0;1.0;0.9999752403698233;1.0000235420723864;1.0000899159322865;0.9999305652966051;0.9998071869243412;0.9998135261990659;0.9998165045320531;0.9999984742157983;0.9999984168239923;0.9999799987221201;0.9999855514621238;1.0;0.9998156145671484;1.000300380614002;1.000324759922764;0.9999766399324063;0.9999913536217211;0.9999855605258466;0.9996879612473829;0.9996522179856224;1.0;0.9999213248322091;0.9999941931906269;1.0;0.9997546984540661;0.999767672505383;0.9999999999999999;0.9999043278148209;1.0;0.9999950196889803;0.9999794318358333;0.9999723655772775;1.00005840205381;1.024999976158142;
2016-08-04 14:30:00;0.9999999999999999;0.9999711027723273;0.9999709789690295;0.9999976546814353;1.0;1.0;1.0003101284621905;0.9998737913938622;1.0;1.0;0.9999759097747617;1.000044637817169;1.000103550065912;0.9999308415525829;0.9998085988480574;0.999816963645132;0.9998200776526955;0.9999985936781524;0.9999985470231662;0.9999811137519145;0.9999865395852021;1.0;0.9998191603938341;1.0002948681799342;1.000317099285283;0.9999781204739251;0.9999916745592098;0.9999856247011161;0.9996994941725618;0.9996680437269593;1.0;0.9999276849622077;0.9999923151657987;0.9999999999999999;0.9997672749565224;0.9997863213801808;1.0;0.9998983901582427;1.0;0.9999934121520936;0.9999807889489711;0.9999737561117028;1.0000749248609098;1.024999976158142;
2016-08-04 14:45:00;1.0;0.9999836824431025;0.9999737269008643;0.9999974976210373;1.0;1.0;1.0003147059803137;0.9998776543596692;1.0;1.0;0.9999769127271508;1.0000589970468163;1.0001159651290668;0.9999352775863402;0.9998170953543538;0.9998218378044275;0.9998246284509393;0.9999980972075325;0.999998048401024;0.9999810444563105;0.9999843098127836;1.0;0.9998237613977978;1.0002998898584194;1.0003216416349319;0.9999762069142824;0.9999914051391748;0.9999865442208914;0.9996926613924726;0.9996624367686208;0.9999999999999999;0.9999242203072256;0.9999956549959098;1.0;0.9997659267827513;0.999776359961253;1.0;0.9998675001125313;1.0;0.9999962735023173;0.9999783141331416;0.9999751268133679;1.0000890838792926;1.024999976158142;
2016-08-04 15:00:00;0.9999999999999999;0.9999903290424949;0.9999760702255345;0.9999975485892333;1.0;1.0;1.000319705301013;0.9998854765310873;1.0;1.0;0.9999785365360343;1.0000835809179167;1.000136770849839;0.9999405431592591;0.9998310519068867;0.9998338602935705;0.9998363379573422;0.9999982321307211;0.999998195314392;0.9999821157699136;0.9999852097474139;0.9999999999999999;0.9998355626434148;1.0003059848497384;1.000326161655535;0.999977411565556;0.9999920113822697;0.9999876433897166;0.9996848668501231;0.999649518462318;1.0;0.9999248447995616;0.9999974248113038;1.0;0.9997553447987186;0.9997792618075363;1.0;0.9998185739541625;1.0;0.9999977916039187;0.9999794940290619;0.9999766384729493;1.000112059214091;1.024999976158142;
2016-08-04 15:15:00;0.9999999999999999;0.9999847637491821;0.9999772689670018;0.9999975904624214;0.9999999999999999;1.0;1.0003088706520216;0.9998888072809279;0.9999999999999999;1.0;0.9999796080993185;1.0000585656094028;1.0001153921342008;0.9999411089484529;0.9998325120626765;0.9998369298794804;0.9998395574790261;0.9999986381919155;0.9999986076761067;0.9999839264857219;0.9999874257580387;1.0;0.9998387712138274;1.000294458711036;1.0003155082260256;0.9999798809083712;0.9999927632564148;0.9999877645990951;0.9996960613684629;0.9996759247567888;1.0;0.9999295560614566;0.9999959456795552;1.0;0.9997830275258848;0.999792347755152;1.0;0.9998242576645938;1.0;0.9999965237612496;0.9999821889641787;0.9999788550403262;1.000088652428899;1.024999976158142;
2016-08-04 15:30:00;1.0;0.9999791250122552;0.9999805624616779;0.9999988495902018;1.0;0.9999999999999999;1.0003091823503822;0.9999242130266083;1.0;1.0;0.9999847112695801;1.0000576334315527;1.0001146229983322;0.9999577716222484;0.9998855043031041;0.9998915476164477;0.9998933861478304;0.9999988050853166;0.999998781091415;0.9999874032637597;0.9999904010482888;1.0;0.9998928190214157;1.000295388677846;1.0003152389992132;0.9999856381612503;0.9999943813737391;0.9999912259586238;0.9996931510055412;0.9996631660438099;0.9999999999999999;0.9999252250226942;0.9999944482038162;1.0;0.9997664951030072;0.9997793682326581;1.0;0.9998317103335329;1.0;0.9999952406895058;0.9999868129453723;0.9999823038943622;1.0000874214174449;1.024999976158142;
2016-08-04 15:45:00;1.0;0.99998274267642;0.9999807722245876;0.999999132711872;1.0;1.0;1.0003098742758352;0.9999299090770002;1.0;1.0;0.9999849519314774;1.0000622636193444;1.000116915970295;0.9999613389276865;0.999895066383183;0.9999000794938976;0.9999016401270387;0.9999978627635873;0.9999978283745675;0.9999862182087211;0.9999864810886219;1.0;0.9999010799933505;1.0002963463513077;1.0003159575569291;0.9999827389651764;0.9999934023007605;0.9999919611342396;0.9996827872250584;0.9996480136574813;1.0;0.9999278092159761;0.999995405518743;1.0;0.9997517487557201;0.9997868430819046;1.0;0.9998940076762564;1.0;0.9999960597963009;0.9999826542844406;0.9999818852820069;1.0000910168208879;1.024999976158142;
2016-08-04 16:00:00;1.0;0.999980717275988;0.9999578016707762;0.9999986915844674;1.0;1.0;1.0003203331291006;0.9998526006034449;1.0;1.0;0.9999652288377704;0.9999996437546852;1.0000566617191453;0.9999220642337802;0.9997801480776886;0.9997857393129977;0.9997884398730913;0.9999899321880013;0.9999897448088509;0.9999618466023509;0.9999465280399803;1.0;0.9997870241295503;1.0003018069392886;1.0003302032775347;0.9999423731491494;0.9999790532471405;0.9999837287677508;0.9996997167096076;0.9996745252684752;1.0;0.9999313425879415;0.999994864623479;1.0;0.9997754590667555;0.9997967136468371;1.0;0.9999206331136734;1.0;0.9999955966730328;0.9999358035688682;0.9999578069826245;1.000029555213895;1.024999976158142;
2016-08-04 16:15:00;1.0;0.9999849084343555;0.9999781641901392;0.9999989562270405;1.0;1.0;1.0003043300168672;0.9999188209802543;1.0;1.0;0.9999824968846391;1.000051780447712;1.0001064435250058;0.999956208372602;0.9998798103908201;0.9998841870732681;0.9998858729375247;0.999997121349443;0.9999970835533479;0.9999833482986277;0.9999824257127695;1.0;0.9998852279044308;1.0002903721125984;1.0003107853224082;0.9999782517886157;0.9999918896324638;0.9999908950143344;0.9996753339771088;0.9996429480021288;0.9999999999999999;0.9999356249003672;0.9999959835784744;1.0;0.99974888530846;0.9998097972189999;0.9999999999999999;0.9999257896632453;1.0;0.9999965561884707;0.9999777421862375;0.9999788285275416;1.0000806915309133;1.024999976158142;
2016-08-04 16:30:00;1.0;0.9999766723051423;0.9999745976979728;0.9999984930043165;1.0;1.0;1.0003079460964635;0.9998995458611262;0.9999999999999999;1.0;0.9999794147940272;1.0000352287317051;1.0000944342241784;0.9999448734928895;0.9998480353329101;0.999854807253908;0.9998571516911103;0.9999974338731697;0.9999973851691292;0.9999819650183283;0.9999828498659492;1.0;0.9998563554369907;1.0002926779506103;1.0003149689132198;0.9999771942269354;0.9999913707920611;0.9999885366680598;0.9996581865318583;0.9996355088157347;1.0;0.9999295654128888;0.9999937909587207;1.0;0.9997526011689256;0.9997914576279899;1.0;0.999955006005025;1.0;0.9999946755445399;0.9999776238310791;0.9999764749224527;1.0000660570307627;1.024999976158142;
2016-08-04 16:45:00;1.0;0.9999808628042992;0.9999800199508453;0.9999992585565147;1.0;1.0;1.000304180513425;0.9999302117356407;1.0;1.0;0.9999846489999158;1.0000501572283695;1.0001057340346284;0.9999611194245799;0.9998952079047854;0.9999007616965424;0.9999023201960385;0.9999976269632305;0.9999975947487075;0.9999856859138063;0.9999854738750303;1.0;0.9999017440914241;1.0002903499154043;1.0003104058957637;0.999981986205958;0.9999930554447054;0.9999919172704205;0.999612663143643;0.9996160135495669;1.0;0.9999316467109354;0.999994906634241;1.0;0.9997617568890007;0.9997973417646473;1.0;0.9999733939536598;1.0;0.9999956324474872;0.9999815874292052;0.9999812533617302;1.000079287926412;1.024999976158142;
2016-08-04 17:00:00;1.0;0.9999815132462674;0.999980713281498;0.999998857119351;1.0;1.0;1.0003011617030229;0.9999238322599604;1.0;0.9999999999999999;0.9999844533367485;1.0000539523790233;1.0001089619309873;0.9999580465648139;0.9998846595955617;0.9998900257155969;0.9998918241786037;0.9999981923084778;0.999998165117353;0.9999865546122855;0.9999876332054155;1.0;0.9998912246254908;1.0002875322695424;1.0003072811848317;0.9999832697980554;0.9999936284845286;0.9999912820792088;0.9996483897366175;0.9996490324468568;1.0;0.9999313417659915;0.9999950795809334;1.0;0.999780779377451;0.9997964247889187;0.9999999999999999;0.9999740280894307;1.0;0.999995780648907;0.9999837472498156;0.999982234588189;1.000082817020795;1.024999976158142;
2016-08-04 17:15:00;1.0;0.9999811512860447;0.9999809221799718;0.9999989666597238;0.9999999999999999;1.0;1.0002931814787848;0.9999273948888411;1.0;1.0;0.9999850230431613;1.000195535213172;1.0002143269709447;0.9999597666782551;0.9998909264537165;0.9998963942890083;0.9998980916352997;0.9999984972522254;0.9999984737238535;0.9999871360611157;0.9999891628889525;1.0;0.9998975400438116;1.0002872825628109;1.0002961102259735;0.9999848175638876;0.9999941271196553;0.9999916406942287;0.9996677609039363;0.9996554631249558;0.9999999999999999;0.9999367168405239;0.9999949841880819;1.0;0.9997709098834638;0.9998117180291244;1.0;0.999974674485291;1.0;0.9999956991569612;0.9999855429517828;0.9999823415825595;1.0002045273370461;1.024999976158142;
2016-08-04 17:30:00;1.0;0.9999907638964918;0.9999819734071176;0.9999989408762808;1.0;0.9999999999999999;1.0002837597079353;0.9999284640975297;0.9999999999999999;1.0;0.9999848927525561;1.0001951226754353;1.000210520929435;0.9999622186295398;0.9998941620312838;0.9998968498329319;0.9998982993029873;0.9999973160028933;0.9999972875017383;0.9999854940416237;0.9999838019481864;1.0;0.9998977300614571;1.000278227211579;1.0002867992450344;0.9999801605696383;0.9999927790101645;0.9999921477915287;0.9997072095888863;0.9996939406831777;1.0;0.9999459419459942;0.9999975390940062;1.0;0.9997934568458057;0.9998390083327604;1.0;0.9999745146758148;0.9999999999999999;0.9999978891059121;0.9999795722445286;0.9999822650701163;1.0002029191680983;1.024999976158142;
2016-08-04 17:45:00;1.0;0.9999909071188522;0.9999851982897435;0.999998749933144;1.0;1.0;1.0002917050179425;0.9999338329377536;1.0;1.0;0.9999871370293726;1.000211584183916;1.0002272437076871;0.9999649502717624;0.9999009815717685;0.999903621469979;0.9999051015515176;0.9999985399631641;0.9999985204720225;0.9999889372073181;0.9999896336997522;1.0;0.9999046100719009;1.000286660263527;1.0002943336982562;0.9999855789116514;0.9999947684634527;0.9999927185018065;0.999678365520056;0.999642499318901;0.9999999999999999;0.9999410919748619;0.999997578947114;1.0;0.9997420330211694;0.9998250722054317;1.0;0.9999753946629328;1.0;0.9999979238616307;0.999986208070251;0.9999859023388951;1.0002195352927934;1.024999976158142;
2016-08-04 18:00:00;1.0;0.9999853458755845;0.9999763478670982;0.9999990767720554;1.0;1.0;1.0002932153677075;0.9999204072037037;1.0;1.0;0.9999823968018573;1.0002005659364737;1.0002182633775276;0.9999570784144811;0.999888202610994;0.9998924683177374;0.9998939276666671;0.9999983102110767;0.9999982686205253;0.99998358614144;0.9999875296097526;1.0;0.9998934255311553;1.0002876446995057;1.0002960247701742;0.9999822669577845;0.9999931811453365;0.9999910707933802;0.9996990461332198;0.9996670191889773;1.0;0.9999536460371273;0.9999960959409034;1.0;0.9997605562191845;0.9998628196370726;1.0;0.9999749818460131;1.0;0.9999966510945567;0.9999832515374412;0.999976173958555;1.000209245502317;1.024999976158142;
2016-08-04 18:15:00;1.0;0.9999736333290387;0.9999583462853787;0.9999990033614369;1.0;0.9999999999999999;1.0003023328852503;0.9998771434004027;1.0;1.0;0.9999711766646369;1.0002006205827403;1.0002188230937192;0.9999329993648622;0.9998349855014762;0.999842622190744;0.999844595585672;0.9999981171208067;0.9999980087731655;0.9999726736319398;0.9999835983330235;1.0;0.9998439447785585;1.0002961558076893;1.000305438371744;0.9999745443829582;0.9999898126319937;0.9999860288604787;0.9997059064784634;0.9996801042993223;0.9999999999999999;0.9999460034493599;0.9999929853033792;1.0;0.9997741357382371;0.9998394564425018;1.0;0.999975394662933;1.0;0.9999939861917002;0.9999770879176066;0.999957137504952;1.0002087716011532;1.024999976158142;
2016-08-04 18:30:00;1.0;0.9999858484689704;0.999974363569628;0.9999989202282563;1.0;1.0;1.0002858245007469;0.999910921118197;0.9999999999999999;1.0;0.9999803667895042;1.0002042170602596;1.0002177984728067;0.9999524234323985;0.9998737282789218;0.9998778345742712;0.9998794659385892;0.9999975641042478;0.9999975183400843;0.9999812885970069;0.9999836487029858;1.0;0.999878866275016;1.0002806370458328;1.000288676102238;0.9999781868028399;0.9999917827074303;0.9999901032484072;0.9997285174048318;0.9996862869325713;1.0;0.999956884067353;0.9999962329293693;0.9999999999999999;0.9997628042881593;0.9998719945934809;0.9999999999999999;0.9999748220367867;1.0;0.9999967697815083;0.999978636423978;0.9999741151799414;1.0002106790221177;1.024999976158142;
2016-08-04 18:45:00;1.0;0.9999890295612428;0.9999796926669136;0.9999992246897808;1.0;1.0;1.0002854571419044;0.9999320482253478;1.0;1.0;0.9999848192609935;1.0002237158324785;1.0002343800419573;0.9999636685022434;0.9999052411380789;0.9999084315563874;0.9999096218435592;0.9999983715063342;0.9999983378929711;0.9999855530917078;0.9999884813146822;1.0;0.9999091947389174;1.0002815819339688;1.0002875392935928;0.999984058517437;0.9999939298570105;0.9999924430119658;0.9997227690751758;0.9996867664553386;1.0;0.9999510350339341;0.9999970777129951;1.0;0.9997686956774293;0.9998543228153227;1.0;0.9999749818460131;1.0;0.9999974935365902;0.9999847114971759;0.999979291342101;1.000228797899113;1.024999976158142;
2016-08-04 19:00:00;1.0;0.9999884499806407;0.9999795198765902;0.9999990717035965;0.9999999999999999;1.0;1.0002793421543485;0.9999269186823792;1.0;0.9999999999999999;0.9999840640340976;1.0002087078431303;1.000220557711787;0.999960981445995;0.9998953338122917;0.999898686317415;0.9999000666192627;0.9999978981010273;0.9999978645138172;0.9999848635615521;0.9999861742193434;1.0;0.9998995563717259;1.000274861133806;1.0002818044052506;0.9999818276198145;0.9999931922323921;0.9999918863689546;0.9997597926517753;0.9997235112277908;1.0;0.9999556739776296;0.9999969250219323;1.0;0.9997917939012095;0.9998680902955348;1.0;0.9999746007165454;1.0;0.9999973631556058;0.9999820489046144;0.9999794773957863;1.0002144009607443;1.024999976158142;
2016-08-04 19:15:00;1.0;0.9999845473163286;0.999971438297085;0.9999984755209358;0.9999999999999999;1.0;1.000288157158618;0.9998943666144625;1.0;0.9999999999999999;0.9999776162555886;1.0002238139636732;1.0002332052475265;0.9999438464523512;0.9998493487381871;0.9998538302215565;0.9998558494742474;0.9999977034795393;0.9999976466148794;0.9999794566140254;0.9999832540889615;1.0;0.9998551576112403;1.0002836121664371;1.0002908256435077;0.999976366983923;0.9999911646671069;0.9999883159063677;0.999759202899232;0.9996986045138151;0.9999999999999999;0.9999554134968278;0.9999958871625371;1.0;0.9997550857605414;0.9998676650518807;1.0;0.9999749818460131;1.0;0.9999964734907195;0.9999775840229498;0.9999713360244126;1.0002278899774073;1.024999976158142;
2016-08-04 19:30:00;0.9999999999999999;0.9999853409648338;0.9999699403821544;0.999998178568091;1.0;1.0;1.0002913937419304;0.9998832626633855;0.9999999999999999;1.0;0.9999756752031322;1.000224046879369;1.0002331916526055;0.9999384312053868;0.9998318958527831;0.9998361417374853;0.9998384131325065;0.9999971671875999;0.9999971054464687;0.9999776335956807;0.9999802314024446;1.0;0.9998376173885073;1.0002864661296222;1.000294399979651;0.9999728845436021;0.9999900242105242;0.9999871902074665;0.9997817118910454;0.9997092939892878;0.9999999999999999;0.9999539419781195;0.9999960995659571;1.0;0.999752687361679;0.9998637192084627;1.0;0.9999753946629328;1.0;0.999996656095148;0.9999738621489095;0.9999698971179894;1.0002280440639588;1.024999976158142;
2016-08-04 19:45:00;0.9999999999999999;0.999988596385194;0.9999562275750445;0.9999938156357256;1.0;1.0;1.0002862826467558;0.9997555823702903;1.0;1.0;0.9999573930493566;1.0002187956122688;1.0002291494843172;0.9998749329786291;0.99963662099671;0.9996399378023401;0.9996454487815225;0.9999979104296238;0.9999978025324482;0.9999672091133693;0.9999758577309033;1.0;0.9996438534946583;1.0002790335583271;1.000291091006129;0.999957958156361;0.9999857157893439;0.9999739858538688;0.9998576433626276;0.9997582813168212;1.0;0.9999605242857652;0.9999969620299721;1.0;0.9997598821632154;0.9998830038806218;1.0;0.999974981846013;1.0;0.9999973941956904;0.999964388479594;0.9999576891345989;1.0002236772077944;1.024999976158142;
2016-08-04 20:00:00;1.0;0.9999860657885674;0.9999674241903377;0.9999966591420797;1.0;0.9999999999999999;1.0002817393236525;0.9998445481337148;1.0;1.0;0.9999709041992804;1.0002267603582966;1.0002339427345208;0.9999191242139106;0.9997707291002097;0.9997747746302532;0.999778155407397;0.9999977985477064;0.9999977303163707;0.9999759551885231;0.9999807796592047;1.0;0.999777112280968;1.00027668058003;1.0002850228241869;0.9999700423966469;0.9999893859324364;0.9999831798969598;0.9998857363505153;0.9997636046421022;1.0;0.9999558168226194;0.9999962902272971;1.0;0.9997438881016857;0.999868933014469;0.9999999999999999;0.9999749818460129;1.0;0.9999968186723484;0.9999731025564629;0.9999682767486092;1.0002297299102414;1.024999976158142;
2016-08-04 20:15:00;1.0;0.9999878713199211;0.9999777109017075;0.9999991534879435;1.0;1.0;1.0002693815679915;0.9999239667765927;1.0;1.0;0.9999829297897269;1.0002011608852919;1.000211626526086;0.9999593827848954;0.9998919712149116;0.9998954890605273;0.9998968605116277;0.9999975166732767;0.9999974769531338;0.9999833255651511;0.9999842501863172;1.0;0.9998963258500049;1.000265016205148;1.0002718589802981;0.9999798963393798;0.9999924500115202;0.9999915511088848;0.9999132256190049;0.9997924351280486;1.0;0.9999627488471358;0.9999967715916649;1.0;0.9997630883969746;0.9998895006692327;1.0;0.999975394662933;1.0;0.9999972318199607;0.9999797998138322;0.999977463765059;1.0002060559254786;1.024999976158142;
2016-08-04 20:30:00;1.0;0.9999902572497554;0.9999803525434011;0.9999990017681817;1.0;1.0;1.0002649301805604;0.9999285899060756;1.0;1.0;0.9999846962645411;1.000219689146971;1.0002264301126447;0.9999621806569693;0.9998989628140588;0.999901793654815;0.9999031119273126;0.9999983838349052;0.9999983528803406;0.999985772027013;0.9999883550672943;1.0;0.9999026520408963;1.000261783047295;1.0002667706719444;0.9999836934235437;0.9999939091707171;0.9999921358911705;0.9999131475680094;0.9997911780295632;1.0;0.9999686874760295;0.9999974052289943;1.0;0.9997606287885055;0.9999071958641239;1.0;0.999976188610486;0.9999999999999999;0.9999977746793369;0.9999844666542299;0.999980088739692;1.0002227070866794;1.024999976158142;
2016-08-04 20:45:00;1.0;0.9999896050621124;0.9999820568537834;0.9999992846999564;1.0;0.9999999999999999;1.000261422258078;0.9999412761484745;1.0;1.0;0.9999871270221629;1.0002123012440436;1.0002222826457379;0.9999684291961372;0.9999203568021436;0.9999233688213235;0.9999243767097243;0.9999995834361861;0.9999995618860872;0.9999884935471393;0.9999943635654092;1.0;0.9999240825242981;1.0002583860786423;1.000262896138288;0.9999897143085663;0.9999959237905763;0.9999934362737614;0.9999293905662345;0.9998183838870983;1.0;0.9999652026159537;0.9999972338729286;1.0;0.9997878773491728;0.9998965584810733;1.0;0.9999753946629331;1.0;0.9999976284860359;0.9999914891292605;0.9999815737293354;1.0002170517518432;1.024999976158142;
2016-08-04 21:00:00;1.0;0.9999909797540526;0.9999825554148011;0.9999991834159472;1.0;1.0;1.000263182322882;0.999940465659048;1.0;1.0;0.9999872265634611;1.0002282503120485;1.0002350017464752;0.9999682917010593;0.9999190685975754;0.9999216895371361;0.9999227181324917;0.9999996447314056;0.9999996232838164;0.9999887123922026;0.9999945693597376;1.0;0.9999224228007177;1.0002608320739383;1.0002643920375922;0.9999897918681748;0.9999960198342964;0.9999934077833452;0.9999267111432814;0.9998103254643947;1.0;0.9999628159937999;0.999997597675037;0.9999999999999999;0.9997782140036443;0.9998894642828903;1.0;0.9999733395988617;1.0;0.9999979397302382;0.9999916769167387;0.9999820184559135;1.0002313241363756;1.024999976158142;
2016-08-04 21:15:00;0.9999999999999999;0.9999857055485392;0.9999807148866099;0.9999990274307273;1.0;1.0;1.0002649499128218;0.9999316225865513;1.0;1.0;0.999985687262174;1.0002097997901496;1.0002207331312258;0.9999627924186252;0.9999034766799805;0.999907630932946;0.9999089988963402;0.9999995635228245;0.999999537338707;0.9999878499579103;0.999993832773621;1.0;0.999908608652754;1.000261429518585;1.0002666826967939;0.9999886233407135;0.999995497231119;0.9999922642264713;0.9999141897789532;0.9997969152342318;1.0;0.9999656831901786;0.9999961937568786;1.0;0.999768651092968;0.9998981323653771;1.0;0.999975615983353;1.0;0.999996735625317;0.9999906373503398;0.99998095808987;1.0002147991222776;1.024999976158142;
2016-08-04 21:30:00;1.0;0.9999861378383234;0.9999813368719624;0.9999990825398939;1.0;1.0;1.0002607837503978;0.9999342640013412;0.9999999999999999;1.0;0.99998617839169;1.0002203824034401;1.0002276922456352;0.9999642098825775;0.9999072460370775;0.9999112697813036;0.9999125797536621;0.9999995344412718;0.9999995107530922;0.9999882039865822;0.9999938656879661;1.0;0.9999122027167219;1.0002580460821484;1.0002621960276816;0.999988892792898;0.99999560295707;0.9999925599235483;0.9999243638192122;0.9998151226823231;1.0;0.9999664171502837;0.9999963100645991;1.0;0.9997869773753005;0.9999001146103866;1.0;0.9999912732606052;0.9999999999999999;0.9999968358201362;0.9999907745545806;0.9999815608607792;1.0002234271515125;1.024999976158142;
2016-08-04 21:45:00;0.9999999999999999;0.999988016850989;0.9999815722004104;0.9999989815730654;1.0;1.0;1.0002623467416618;0.9999333964277843;1.0;1.0;0.9999862330301938;1.0002130608364939;1.0002232461649971;0.9999641492651535;0.9999070006932216;0.9999104805039346;0.9999117721500341;0.9999997872351906;0.9999997648966129;0.9999884279739624;0.999994865658224;1.0;0.999911417654244;1.000259146671511;1.0002639145213992;0.9999895505630053;0.9999958990537776;0.999992547653602;0.9999238029535503;0.9998110480140392;0.9999999999999999;0.9999629749312571;0.9999968096712085;1.0;0.9997816289641573;0.9998898694013919;1.0;0.9999912732606052;1.0;0.999997264107183;0.99999180122961;0.9999815527363184;1.0002178113479014;1.024999976158142;
2016-08-04 22:00:00;1.0;0.9999891716352147;0.9999793906082634;0.9999992815065644;0.9999999999999999;1.0;1.0002629424662646;0.9999344735448668;0.9999999999999999;1.0;0.999985262495001;1.0002226600949415;1.0002296621255875;0.9999649227360257;0.9999117750203832;0.9999149143672548;0.9999159766718434;0.9999991928020524;0.999999164645129;0.9999863332056893;0.9999921381521951;1.0;0.9999156407935655;1.0002603021572378;1.0002643411714063;0.9999871528329333;0.9999949662600657;0.9999927047810355;0.9999124576759766;0.999805327087951;1.0;0.9999693161075766;0.9999971180645134;0.9999999999999999;0.9997824201792543;0.9999089380725994;1.0;0.9999904792909121;1.0;0.9999975290349971;0.9999887524702492;0.9999786230333783;1.000225747416613;1.024999976158142;
2016-08-04 22:15:00;1.0;0.9999882335450478;0.9999735445208652;0.9999986720771352;0.9999999999999999;0.9999999999999999;1.0002709910866274;0.99990786672991;0.9999999999999999;1.0;0.9999803546756278;1.0002179342192135;1.0002281937423279;0.9999513639676826;0.9998749496914916;0.9998783657218251;0.9998799292028776;0.9999993552427902;0.9999993128813537;0.9999825144036131;0.9999911091657397;1.0;0.9998794729573347;1.0002673742823227;1.0002728897312114;0.9999837363146827;0.9999937679447153;0.9999898813375843;0.9998810864815512;0.999781098555138;1.0;0.9999642886992429;0.9999968671884489;1.0;0.9997732025188247;0.9998939099091573;1.0;0.9999900664615023;1.0;0.9999973134910659;0.9999865624393185;0.9999725208605443;1.000222740596054;1.024999976158142;
2016-08-04 22:30:00;1.0;0.9999823068998908;0.9999779265524139;0.9999992195466293;1.0;1.0;1.0002664020560736;0.9999291142690427;0.9999999999999999;0.9999999999999999;0.9999843999764809;1.0002172649579115;1.0002262075529866;0.9999608583460472;0.9999014751963566;0.9999066058689094;0.9999079606791784;0.9999994854463323;0.9999994558412189;0.9999863539878228;0.999993288160946;1.0;0.9999075684196632;1.0002632601354178;1.00026795400904;0.999987896503037;0.9999950488326292;0.9999918605779559;0.999895627275299;0.9997954297690799;0.9999999999999999;0.999964254985885;0.9999952919287287;1.0;0.9997822252274088;0.9998937382177675;1.0;0.9999916544037754;1.0;0.9999959632065986;0.9999899274447229;0.9999780772421601;1.000220940069251;1.024999976158142;
2016-08-04 22:45:00;0.9999999999999999;0.9999713261938096;0.9999703166349769;0.9999991471338646;1.0;1.0;1.000269227659613;0.9999087844933;1.0;0.9999999999999999;0.9999795951072296;1.0002047586811111;1.0002161501349072;0.9999484339663122;0.9998720128096089;0.9998803405377178;0.9998821816866815;0.999999465532941;0.9999994077311812;0.9999823793722246;0.9999920125944598;1.0;0.9998816601752079;1.000265179513719;1.0002711620440117;0.9999851225363792;0.9999936759793013;0.9999892646955204;0.9999284730864276;0.9998211085997332;1.0;0.9999676450183682;0.9999923673274257;1.0;0.9997926405026596;0.9999039050869285;1.0;0.999989685320429;1.0;0.9999934544041916;0.999987816799528;0.999971115673661;1.0002090120894043;1.024999976158142;
2016-08-04 23:00:00;1.0;0.9999846207950274;0.9999739688939603;0.9999989458077368;1.0;1.0;1.0002624176047574;0.9999153048675509;1.0;1.0;0.9999815358943097;1.000208940276911;1.0002197945634927;0.9999543765929432;0.9998859828667492;0.9998904487651565;0.9998918975916742;0.9999998055803121;0.9999997658308405;0.9999838010826291;0.9999936213059681;1.0;0.9998915030601486;1.0002589629659047;1.0002640905187836;0.9999865744392343;0.9999945995258502;0.9999905077347023;0.9999415327765776;0.9998352521145882;1.0;0.9999679704766553;0.9999959056531714;1.0;0.9998025801978383;0.9999047146562028;1.0;0.9999896853204289;1.0;0.9999964888509112;0.9999896292199904;0.9999732312900329;1.0002138218243375;1.024999976158142;
2016-08-04 23:15:00;1.0;0.999985126855592;0.9999754296495209;0.9999991544095358;1.0;1.0;1.000264735670539;0.9999219217454131;1.0;1.0;0.9999825049682436;1.000220054339506;1.0002274931528787;0.9999578007523573;0.999893878670196;0.9998981982465849;0.9998995273252617;0.9999991115935822;0.9999990708617944;0.9999839806992465;0.9999910135585347;1.0;0.9998991156205186;1.000261759843844;1.0002663152171893;0.9999851019754362;0.9999941011280139;0.9999912188625529;0.9999374506072904;0.9998258791525135;1.0;0.9999630274681843;0.9999960401118485;1.0;0.9997921168286524;0.9998899202282789;0.9999999999999999;0.9999912732606052;0.9999999999999999;0.9999966041017408;0.9999870548517789;0.9999748259301554;1.0002230990865795;1.024999976158142;
2016-08-04 23:30:00;1.0;0.9999815149609877;0.999974895821099;0.999999000327747;1.0;1.0;1.0002597499928618;0.9999172131917825;1.0;1.0;0.999982018756853;1.0001995437687208;1.0002110216954976;0.9999547108648362;0.9998852137299921;0.9998905863564816;0.999892149036822;0.9999994547965408;0.9999994152170835;0.9999843149596376;0.9999923647676814;1.0;0.9998916999807487;1.0002559119810193;1.000261638617522;0.9999859756919074;0.9999943456577296;0.9999905785168237;0.999945061090324;0.9998363749624055;1.0;0.9999710203104214;0.999995078021405;1.0;0.9998010395877072;0.999913812064769;1.0;0.9999900664615023;1.0;0.9999957786707896;0.99998843549928;0.9999748994003672;1.0002045504994428;1.024999976158142;
2016-08-04 23:45:00;1.0;0.999982091936156;0.9999795452498804;0.9999997012055286;1.0;0.9999999999999999;1.0002588562460926;0.9999442500636229;1.0;1.0;0.9999866833658626;1.0002151272197197;1.0002232669611373;0.9999684121067325;0.9999254280449184;0.9999306290151341;0.9999315888116973;0.9999997366764025;0.9999997103259034;0.9999879559744815;0.9999952735283479;1.0;0.9999313180129823;1.0002562903569558;1.000260009921418;0.9999908337910377;0.9999959689074603;0.9999934297282352;0.9999418418933885;0.9998320162110134;1.0;0.9999688447217469;0.9999952327988173;0.9999999999999999;0.9997972898954639;0.999907321780917;1.0;0.9999916544037752;0.9999999999999999;0.9999959117964761;0.9999926398705157;0.9999794385261206;1.000218345590857;1.024999976158142;
2016-08-05 00:00:00;0.9999999999999999;0.999983753615731;0.9999786780985672;0.9999993062785144;1.0;1.0;1.0002572183085863;0.9999332177079648;1.0;1.0;0.9999851233136668;1.0002013657803797;1.0002123295205105;0.9999632049263238;0.9999084159113785;0.9999131332102574;0.9999143547632666;0.9999995850000666;0.999999557804461;0.9999868675734627;0.9999939371692561;1.0;0.9999140045160635;1.000253806010249;1.0002588371085261;0.9999887347597054;0.9999953625440083;0.9999923489568918;0.9999531110528593;0.999849730352973;0.9999999999999999;0.9999672341719643;0.9999956752474247;1.0;0.9998144837953605;0.9999024054497918;1.0;0.9999904792909121;1.0;0.9999962913170314;0.9999907630037401;0.9999785945629603;1.0002062472908386;1.024999976158142;
2016-08-05 00:15:00;1.0;0.9999836833151698;0.9999706522539317;0.999999181839357;1.0;1.0;1.0002596042660057;0.9999127296918972;1.0;1.0;0.9999799112138434;1.0002166609875627;1.0002242856746901;0.9999528839187496;0.9998856414330903;0.9998903874546237;0.9998917118366902;0.999999514527895;0.9999994597375663;0.9999814870071901;0.9999920069324307;1.0;0.999891329616086;1.0002567768107866;1.000261030584406;0.9999847850602002;0.999993819222769;0.9999901878776365;0.9999656501735928;0.9998637972110993;1.0;0.9999689012807851;0.9999956538576016;0.9999999999999999;0.9998246159362477;0.9999072045229723;0.9999999999999999;0.9999900664615022;1.0;0.9999962721995326;0.9999876718137215;0.9999693214311542;1.0002197057243067;1.024999976158142;
2016-08-05 00:30:00;1.0;0.9999867868112317;0.9999781182647779;0.9999993685510911;1.0;1.0;1.0002521146653953;0.9999337632800709;1.0;0.9999999999999999;0.9999848642843145;1.0001982291289901;1.0002088589013365;0.9999640902947632;0.999911814382537;0.9999156439499534;0.9999167060094462;0.9999994747099227;0.9999994470344333;0.9999861077650795;0.9999933334719132;1.0;0.9999163899600733;1.0002488472335342;1.0002536841123635;0.9999880682032256;0.9999951673245282;0.9999925318838693;0.999973664104048;0.9998795938309034;1.0;0.9999699859344605;0.9999964840366123;0.9999999999999999;0.9998417046162147;0.999910470874135;0.9999999999999999;0.9999912732606052;1.0;0.999996985528113;0.9999900322716603;0.999977369314395;1.0002031396756432;1.024999976158142;
2016-08-05 00:45:00;1.0;0.9999896802692244;0.9999830661576371;0.9999994021691496;1.0;1.0;1.0002470108275092;0.999946208540957;1.0;0.9999999999999999;0.9999880278163885;1.0002108868086814;1.0002177162219668;0.999970913666102;0.9999273063217001;0.9999303091144952;0.9999312224960099;0.9999995957364665;0.9999995764233272;0.9999892170965634;0.9999947313480733;1.0;0.9999309540182699;1.0002447050760876;1.0002481615749148;0.9999904920773708;0.9999961904257715;0.9999939535211962;0.999990068445602;0.9999062717160714;0.9999999999999999;0.9999651343561955;0.9999972508076705;1.0;0.999867892971527;0.9998956423103106;1.0;0.9999896853204289;0.9999999999999999;0.9999976418654642;0.9999920899655355;0.9999826262663941;1.0002139121713316;1.024999976158142;
2016-08-05 01:00:00;1.0;0.9999910540982602;0.9999856257268332;0.999999489901436;1.0;1.0;1.0002447735823399;0.9999542661909748;1.0;0.9999999999999999;0.9999898482146652;1.0001967608102698;1.0002068583008774;0.9999752340450329;0.9999381190678197;0.9999407275546269;0.999941511150043;0.999999686117619;0.9999996718339291;0.9999909032095072;0.9999956654553774;1.0;0.9999412831290879;1.0002419317248181;1.0002460996973432;0.9999920493532032;0.9999968021259953;0.9999948533278872;0.9999814696324143;0.9998989982191745;1.0;0.9999691570048691;0.9999976153105868;1.0;0.9998641765720866;0.9999077500055135;1.0;0.9999916544037752;1.0;0.9999979540289676;0.9999934388450965;0.9999852828367689;1.000201671349714;1.024999976158142;
2016-08-05 01:15:00;1.0;0.9999831749631645;0.9999809803683246;0.999999027811092;0.9999999999999999;1.0;1.000245837198898;0.9999311938507249;1.0;1.0;0.9999857089143384;1.0002014473254908;1.0002089941582566;0.9999620758394141;0.9999003495566894;0.9999052321704399;0.9999067214709636;0.9999993306141588;0.9999993051232381;0.999987990911999;0.9999929136850306;0.9999999999999999;0.9999062829993436;1.0002428158415966;1.000247419514157;0.9999880164810432;0.9999952447808388;0.9999921166974375;0.9999924090540667;0.99992574127515;1.0;0.999964135938237;0.9999955220089313;1.0;0.9998953617372073;0.9998924778642236;1.0;0.9999900664615025;1.0;0.9999961601512328;0.9999896926094757;0.9999817680722318;1.0002044168022843;1.024999976158142;
2016-08-05 01:30:00;1.0;0.9999825233736787;0.9999843922849849;0.9999992827185152;0.9999999999999999;1.0;1.000242178775693;0.9999453076404864;1.0;1.0;0.9999886754686517;1.000186138543499;1.0001974341804802;0.9999690411255475;0.9999199359446965;0.9999250031036586;0.9999262759097989;0.9999998071441848;0.9999997938751866;0.9999909590730173;0.9999959667802575;1.0;0.9999259277625996;1.0002387607251728;1.0002437591889906;0.9999919502039709;0.999996607235911;0.9999935691947043;0.9999918047557629;0.9999275515058285;1.0;0.999963526290956;0.9999953500086458;1.0;0.9998986746223414;0.9998906576538096;0.9999999999999999;0.9999912732606052;1.0;0.9999960130897093;0.999993624985697;0.9999854898334307;1.0001911184018188;1.024999976158142;
2016-08-05 01:45:00;1.0;0.9999904731008066;0.9999901258534686;0.9999994389865837;0.9999999999999999;1.0;1.000230919430952;0.9999631591882294;1.0;1.0;0.9999925552095683;1.0001869731686002;1.0001962938591111;0.9999795968631209;0.9999462799244515;0.9999490439686421;0.9999498773096713;0.9999998378221839;0.9999998331157125;0.9999940420449428;0.999997109629654;0.9999999999999999;0.9999496468469193;1.000228270410596;1.000232148687231;0.9999943798612813;0.9999977310967277;0.9999957649494706;1.0000146163424206;0.9999681161357761;1.0;0.9999663307990403;0.999997464167592;1.0;0.9999401721414365;0.9998988390866498;1.0;0.9999900664615025;1.0;0.999997825620075;0.9999954930548763;0.9999906823573305;1.0001914208602651;1.024999976158142;
2016-08-05 02:00:00;1.0;0.9999979886700389;0.9999929202126486;0.9999995384146847;1.0;1.0;1.0002251435026157;0.9999717158835203;1.0;1.0;0.9999941056498736;1.0001901434253035;1.0001969005347624;0.9999853962830604;0.9999595808036621;0.9999601657085541;0.9999606837184444;0.9999991928020526;0.9999991879403246;0.9999944240756444;0.9999946495433837;1.0;0.999960490930841;1.0002229808376122;1.0002262918454607;0.9999929204320672;0.9999974503151877;0.9999969690456296;1.0000387365760113;0.9999887514545817;0.9999999999999999;0.9999705841275452;0.9999994631020536;0.9999999999999999;0.9999505461257405;0.9999115613646307;1.0;0.9999900664615025;0.9999999999999999;0.9999995395169091;0.9999930344914801;0.9999927357061065;1.0001937067236168;1.024999976158142;
2016-08-05 02:15:00;1.0;0.9999981333177559;0.9999919193637438;0.9999993531836827;1.0;1.0;1.0002285556007953;0.9999653961824423;1.0;1.0;0.999993097455599;1.000184144761985;1.0001933421156208;0.9999822509247094;0.9999505095735137;0.9999510531385613;0.9999517062489836;0.9999992632979652;0.9999992581982606;0.9999937552404432;0.999994564084648;1.0;0.9999514828870626;1.000225819485776;1.0002299626255213;0.999992260897921;0.9999972455171829;0.9999963161058788;1.0000408244137964;0.9999870056871519;1.0;0.9999648095286168;0.9999995014238742;1.0;0.9999463635454118;0.9998942670887345;1.0;0.9999904792909121;0.9999999999999999;0.999999572318836;0.9999926968689388;0.9999917135120678;1.00018905523949;1.024999976158142;
2016-08-05 02:30:00;1.0;0.9999976290090596;0.9999915651963671;0.9999989286881746;0.9999999999999999;1.0;1.00022524475087;0.9999558356140223;1.0;1.0;0.9999921870985432;1.00019858287365;1.0002043050032188;0.9999773442261789;0.9999353783618699;0.9999360747735708;0.9999370367208713;0.9999997872351906;0.9999997829876246;0.9999939924282033;0.9999963541604912;0.9999999999999999;0.9999367689014101;1.0002232413983385;1.0002263465347248;0.9999929632656459;0.9999975716688856;0.9999952977740664;1.0000383418182912;0.9999853007630548;1.0;0.9999716192215811;0.9999993656784557;1.0;0.9999456140273633;0.9999146738121621;1.0;0.9999912732606053;1.0;0.9999994553239574;0.9999943368568777;0.9999917010147955;1.0002015523419394;1.024999976158142;
2016-08-05 02:45:00;1.0;0.9999937250951653;0.999993241040761;0.9999996188523798;1.0;1.0;1.0002259765644823;0.9999746057404582;1.0;1.0;0.9999948376247599;1.0001813305243281;1.0001910852785583;0.9999859949248354;0.9999628057476606;0.9999646282795916;0.9999651990630238;0.999999765757959;0.9999997628362332;0.9999957575839453;0.9999974759725752;1.0;0.9999650325729508;1.0002234080717678;1.000227146520295;0.9999956884795982;0.999998291980336;0.9999970937716961;1.000046797297918;0.999993212185893;0.9999999999999999;0.9999669400447316;0.9999983287857511;1.0;0.999950515619942;0.999900628327161;0.9999999999999999;0.9999896853204289;1.0;0.9999985668224297;0.9999963101641852;0.999993610235487;1.0001862409880165;1.024999976158142;
2016-08-05 03:00:00;1.0;0.9999935804488839;0.9999879543934718;0.9999989430814298;1.0;1.0;1.0002268425971694;0.9999453487238815;1.0;1.0;0.9999894524553733;1.0001873167525748;1.0001939133910152;0.9999712722298693;0.9999186871709802;0.9999205509557098;0.9999217494742706;0.9999988420185286;0.9999988330489868;0.9999909189070803;0.9999916057976062;1.0;0.9999213531920209;1.0002240362643353;1.0002284642974033;0.9999881987898736;0.9999957542504664;0.9999940363114062;1.000050170284731;0.9999975330783107;1.0;0.9999676262999355;0.9999982904127929;1.0;0.9999541132065749;0.9999026663387012;0.9999999999999999;0.9999892724926028;1.0;0.99999853397544;0.9999887861741422;0.9999883928567811;1.0001904866270455;1.024999976158142;
2016-08-05 03:15:00;1.0;0.9999973379070007;0.9999937551511024;0.9999994315055842;0.9999999999999999;1.0;1.0002241121620405;0.9999721396665838;1.0;0.9999999999999999;0.9999946927487832;1.000183120185992;1.000192329030262;0.9999854801751275;0.9999597824667817;0.9999605550856981;0.9999611321017577;0.9999997458489761;0.9999997432581684;0.9999956326751326;0.9999971630709922;1.0;0.9999609625773342;1.0002216509683333;1.0002252876583235;0.999995096362779;0.9999982292542341;0.999996987121442;1.0000524614577166;1.0000046377370986;1.0;0.9999692667261171;0.9999992902855895;1.0;0.9999629132136374;0.9999076078105484;1.0;0.9999896853204289;1.0;0.9999993914331337;0.9999958292721012;0.9999937942164858;1.000187982251828;1.024999976158142;
2016-08-05 03:30:00;0.9999999999999999;0.9999982780061899;0.9999919931676214;0.9999993298826888;1.0;0.9999999999999999;1.0002243140546634;0.9999663224702248;1.0;1.0;0.9999934326992842;1.0001978719664257;1.0002037732779643;0.9999827448364502;0.9999532996862125;0.9999538019064712;0.9999544131424274;0.9999998378221839;0.9999998346946751;0.9999944580952725;0.999997110819684;1.0;0.9999542410702774;1.0002225579713246;1.000225211151352;0.9999943805523999;0.9999979775803173;0.9999964189775628;1.00005150383789;1.0000019512693754;1.0;0.999971668671952;0.9999995397805134;1.0;0.9999595998586097;0.9999148334043321;0.9999999999999999;0.9999908604325449;1.0;0.9999996051510868;0.9999954942619602;0.9999916448945113;1.000200986017252;1.024999976158142;
2016-08-05 03:45:00;1.0;0.999998350643314;0.9999923655081007;0.9999995156801335;1.0;1.0;1.0002276130804821;0.9999703393470147;1.0;1.0;0.9999938036500264;1.0001836013541283;1.0001928989820037;0.9999847746898958;0.9999586242827232;0.9999591074984213;0.9999596160057193;0.9999993413505808;0.9999993359083008;0.9999941960345403;0.9999951850324172;1.0;0.9999594361315393;1.0002250001724142;1.0002289155971564;0.9999931717664522;0.9999975304206089;0.9999968394355498;1.0000446653805157;0.9999887931494865;1.0;0.9999650533861196;0.9999995585500929;1.0;0.9999456892424816;0.9998949519908642;1.0;0.9999916544037754;1.0;0.9999996210557023;0.9999935403836872;0.9999920065932041;1.0001885811998155;1.024999976158142;
2016-08-05 04:00:00;1.0;0.9999945931749572;0.9999912163715459;0.9999994528189884;1.0;0.9999999999999999;1.0002267504322868;0.9999660062240592;1.0;1.0;0.9999930521498428;1.0001949767882363;1.0002011345979078;0.9999818460874816;0.9999511229205179;0.9999526973657602;0.999953388117844;0.9999995037915091;0.9999994974961839;0.9999939700226925;0.9999957253878368;1.0;0.9999531717215208;1.0002247189142672;1.0002277999409999;0.9999933634910122;0.999997499733838;0.9999962310638845;1.0000402275629727;0.9999836577247896;1.0;0.9999731027443362;0.9999985587343563;1.0;0.9999415680836444;0.9999191805574675;1.0;0.9999900664615023;1.0;0.9999987636486641;0.9999940278309665;0.9999913299764468;1.0001979752971601;1.024999976158142;
2016-08-05 04:15:00;0.9999999999999999;0.9999919181094985;0.9999897757397155;0.9999990816686697;0.9999999999999999;1.0;1.0002274019649744;0.9999543585063804;1.0;1.0;0.9999914609336578;1.0001788369737672;1.000189311381495;0.9999754665042992;0.9999323685991226;0.9999347126833524;0.9999357760782502;0.9999997872351906;0.9999997820382707;0.9999934463458747;0.9999963639061862;1.0;0.9999354815885788;1.0002243221183247;1.0002288992207309;0.999992986709268;0.9999973677356933;0.9999949076649949;1.0000439729467316;0.9999894574988691;1.0;0.9999691131126432;0.9999978487478937;1.0;0.9999472637920881;0.9999071945821448;0.9999999999999999;0.9999908604325449;1.0;0.9999981554477166;0.9999943539011044;0.9999904165770549;1.0001840172334546;1.024999976158142;
2016-08-05 04:30:00;1.0;0.9999973387936899;0.9999936158937183;0.9999994856745418;1.0;1.0;1.000225158451995;0.9999724386900567;1.0;1.0;0.9999945614982718;1.0001855336216496;1.000193850497542;0.9999856280716184;0.9999598938776412;0.9999606697419458;0.9999612318952587;0.9999994547965408;0.9999994513928652;0.9999952241302854;0.9999958992316946;1.0;0.9999610458716715;1.0002227592208492;1.0002263583357642;0.9999940898282724;0.9999978692273084;0.9999970177521242;1.0000389857165906;0.9999871798992213;1.0;0.9999689066664375;0.9999992896517558;1.0;0.9999480132585395;0.9999065281794834;1.0;0.9999900664615023;1.0;0.999999390569304;0.9999944606736272;0.9999936533074428;1.0001899060944888;1.024999976158142;
2016-08-05 04:45:00;1.0;0.9999985673828307;0.9999929225761042;0.9999994159708456;1.0;1.0;1.0002252706849633;0.9999697319460532;1.0;1.0;0.9999940268021662;1.0001919277535796;1.0001990032107173;0.9999845141683064;0.9999572438083354;0.999957663337654;0.9999582237995853;0.9999995436138538;0.9999995400176026;0.9999947291677967;0.999996063458521;0.9999999999999999;0.9999580444480003;1.0002231743461198;1.0002263466094725;0.9999938776998295;0.999997817714132;0.9999967863097142;1.0000458465650883;0.9999934239671141;1.0;0.9999685318485428;0.9999996164367823;0.9999999999999999;0.9999515803312324;0.9999053947485944;1.0;0.9999900664615023;1.0;0.9999996707655183;0.9999944953030795;0.9999926758796033;1.0001957050132866;1.024999976158142;
2016-08-05 05:00:00;0.9999999999999999;0.9999974825955671;0.9999936705811602;0.9999994608066934;0.9999999999999999;1.0;1.000226168209357;0.9999721775701009;1.0;0.9999999999999999;0.99999456532771;1.0001830731227246;1.0001923522757057;0.9999855274834316;0.9999595400650911;0.9999602713372272;0.9999608410897608;0.999999503791509;0.9999995001639922;0.9999952919162377;0.9999960986857513;0.9999999999999999;0.9999606565035473;1.000223585620092;1.00022743703814;0.9999942223930658;0.9999979247087823;0.9999969966522402;1.0000457530617133;0.9999934451501682;1.0;0.9999684246592363;0.9999993286111686;1.0;0.9999517753384384;0.9999051138400362;1.0;0.9999896853204291;1.0;0.9999994242380503;0.9999946649512967;0.9999937042855679;1.000187983594968;1.024999976158142;
2016-08-05 05:15:00;1.0;0.9999968327203594;0.9999932767299013;0.9999992825863119;1.0;1.0;1.0002272796726892;0.9999673852207412;1.0;1.0;0.9999939863684656;1.0001978679157721;1.0002039522883146;0.9999829889463284;0.9999518077661285;0.9999527299903205;0.9999534535947857;0.9999996447314057;0.9999996407941463;0.9999951804280198;0.9999964652043426;1.0;0.9999532384433086;1.000225309073515;1.0002283151148;0.9999941454386002;0.9999979186368178;0.9999964695208161;1.0000482870238256;0.9999952713547949;1.0;0.999964393874771;0.9999991551416649;0.9999999999999999;0.9999524050284068;0.9998929579054702;0.9999999999999999;0.9999904792909119;1.0;0.999999275273524;0.999994909213548;0.99999350780644;1.0002009819665856;1.024999976158142;
2016-08-05 05:30:00;1.0;0.9999935812920324;0.9999922559998491;0.9999994948360585;1.0;0.9999999999999999;1.0002256164561407;0.9999694805954393;0.9999999999999999;1.0;0.9999939248495963;1.0001785159069378;1.0001887824006528;0.9999833901554773;0.9999553807076123;0.9999572478179717;0.9999579257252799;0.9999997366764024;0.9999997331019085;0.9999950378006007;0.9999970245525477;1.0;0.9999577290338365;1.0002228484421827;1.0002269018903436;0.9999948426972343;0.9999980033948619;0.9999965529075223;1.0000462468093838;0.9999924486227926;1.0;0.999969070385895;0.9999982898204121;1.0;0.9999497966489921;0.9999070375840643;1.0;0.9999916544037752;1.0;0.9999985331487027;0.9999956204122922;0.9999926193237162;1.0001836961649624;1.024999976158142;
2016-08-05 05:45:00;1.0;0.9999948107110177;0.9999928333240531;0.9999995239253952;1.0;1.0;1.0002270727739113;0.9999709885516206;1.0;1.0;0.9999941454061847;1.00019419338213;1.000200462099254;0.9999843903372967;0.9999570463930362;0.9999585604311029;0.9999591973682741;0.9999994026739881;0.9999993973003999;0.9999949156842942;0.9999956426794575;1.0;0.9999589880298853;1.0002250128161805;1.0002281385197187;0.9999938316554633;0.9999976944440043;0.9999967598151848;1.0000460981787238;0.9999936736769842;1.0;0.9999664117088315;0.9999986159486215;1.0;0.9999518058401303;0.9998990164471397;0.9999999999999999;0.9999900664615023;1.0;0.9999988124617608;0.9999941591789338;0.9999931465532336;1.0001972671017958;1.024999976158142;
2016-08-05 06:00:00;0.9999999999999999;0.999997988670039;0.9999920750952364;0.9999991044044944;1.0;1.0;1.0002297795469892;0.999960714625809;1.0;1.0;0.9999927931621179;1.0001872974781392;1.0001965864501898;0.9999798713354435;0.9999427658848324;0.9999433507798892;0.9999441755290661;0.9999995834361862;0.9999995789117999;0.9999941317905923;0.999995739692436;1.0;0.9999439294897308;1.000227043440804;1.0002311771196482;0.9999928664431234;0.9999975155731228;0.999995822281048;1.0000355056717314;0.9999860749344193;0.9999999999999999;0.9999631991950563;0.9999994631163166;1.0;0.9999495874743711;0.9998894266882875;1.0;0.9999916544037751;1.0;0.9999995395294803;0.9999938321148387;0.9999921010226311;1.000192248291046;1.024999976158142;
2016-08-05 06:15:00;1.0;0.9999981333177559;0.9999943972361706;0.9999992690248463;1.0;1.0;1.0002253111260477;0.9999699459923075;1.0;1.0;0.9999946914002166;1.000197898038211;1.000203817370852;0.9999845367063979;0.999955400773144;0.9999559443408503;0.9999566200037587;0.9999997366764024;0.9999997347511361;0.9999958858486553;0.9999970226858946;1.0;0.9999564239023813;1.0002234568634327;1.000226283648349;0.9999948356641729;0.9999982187320406;0.9999967918355916;1.0000432572570284;0.9999952614714019;1.0;0.9999677691695394;0.9999995014675088;1.0;0.9999566628253397;0.9999031232596404;1.0;0.9999908604325449;0.9999999999999999;0.9999995723571611;0.9999956161225743;0.9999945891991145;1.0002010120891185;1.024999976158142;
2016-08-05 06:30:00;1.0;0.9999982780061899;0.9999947212872901;0.9999996556270319;1.0;0.9999999999999999;1.0002256569438597;0.9999789481875445;0.9999999999999999;1.0;0.9999956265090499;1.0001833144427774;1.0001923918442772;0.9999890858755447;0.9999698684087232;0.9999703706373034;0.9999707624257743;0.9999994333237987;0.999999430408355;0.9999959087853063;0.9999961802669481;1.0;0.9999706196846155;1.000223218549387;1.0002268369847684;0.9999948723447876;0.9999981444160371;0.9999977355891285;1.0000374944780541;0.9999948306506122;1.0;0.9999677176964825;0.9999995397792697;1.0;0.9999609348249419;0.9999029562963645;0.9999999999999999;0.999990479290912;1.0;0.9999996051499968;0.9999949956866941;0.9999946134901756;1.0001881690598082;1.024999976158142;
2016-08-05 06:45:00;1.0;0.9999932919599583;0.9999906399914199;0.999999616507181;1.0;1.0;1.000234481315768;0.9999680522955092;1.0;1.0;0.999993047420939;1.000199891832997;1.0002064770972703;0.9999826148132587;0.9999546845358717;0.9999566343258921;0.9999572541556633;0.9999994317316754;0.9999994249317549;0.999993712838701;0.9999955316261591;1.0;0.9999570513521582;1.0002323782328473;1.0002355361452728;0.9999933810175411;0.9999974183453233;0.99999639035922;1.0000054593431558;0.9999635274439201;1.0;0.9999669073888044;0.9999982130991836;1.0;0.9999412364891642;0.9999006665102861;1.0;0.9999896853204289;1.0;0.9999984674770153;0.999993888034344;0.9999907203440944;1.000203034941591;1.024999976158142;
2016-08-05 07:00:00;1.0;0.9999896041670882;0.9999867133250588;0.9999990498238253;0.9999999999999999;1.0;1.000246071177946;0.999945805424204;1.0;1.0;0.9999893498706721;1.0001155551912764;1.000145367007625;0.999970711668558;0.9999205677754809;0.9999235765508706;0.9999247819998776;0.9999995037915088;0.99999949453959;0.999991324548335;0.9999945762939979;1.0;0.9999244302925241;1.0002387370254722;1.0002493421625565;0.9999907110542383;0.9999964601384509;0.9999939187938174;0.9999430151962242;0.9999211948508733;1.0;0.9999637543317851;0.9999972347617171;1.0;0.9999317178501721;0.9998915876054094;1.0;0.9999900664615025;0.9999999999999999;0.9999976295758578;0.9999920631822974;0.9999873229264371;1.0001311740216812;1.024999976158142;
2016-08-05 07:15:00;0.9999999999999999;0.9999844761113761;0.9999697511466055;0.9999989889703871;1.0;1.0;1.0002597844296772;0.9999068684182384;1.0;1.0;0.9999790204928101;1.0000995637378804;1.0001364850968186;0.999950106503987;0.9998778834491607;0.999882390654516;0.9998838168906976;0.9999997151991683;0.9999996645348553;0.999980974888653;0.9999925030031132;0.9999999999999999;0.9998834219618187;1.0002508957809249;1.0002636445903306;0.9999846038831909;0.9999937922006894;0.9999896138808954;0.9998619181243392;0.999875301669667;0.9999999999999999;0.9999673031516041;0.99999586707709;1.0;0.9999316426870827;0.9999021099615768;0.9999999999999999;0.999979745253872;1.0;0.9999964558243627;0.9999879701938422;0.9999682727770627;1.0001187207943236;1.024999976158142;
2016-08-05 07:30:00;0.9999999999999999;0.9999294175645721;0.9999588727952902;0.9999997190552831;1.0;1.0;1.00027353503694;0.9998890524679198;1.0;1.0;0.9999740191892179;1.0000517904974595;1.0000971195869364;0.9999301286508123;0.999831690114214;0.9998521749532449;0.9998552041413393;0.9999994747099227;0.9999993675797338;0.9999791972858523;0.9999917387839484;1.0;0.9998543709428074;1.0002614644077408;1.0002785449706455;0.9999844932756123;0.9999921168190621;0.9999854401115232;0.9998513035919594;0.9998681965374362;1.0;0.9999593949199445;0.9999812167481301;1.0;0.9999305780199045;0.9998784305151622;1.0;0.9999781576447028;1.0;0.9999838932295398;0.9999873483714975;0.9999642935443825;1.0000717388193954;1.024999976158142;
2016-08-05 07:45:00;1.0;0.9999401089599291;0.9999636478222211;0.9999993233891987;1.0;1.0;1.0002762075168312;0.9998925751105383;1.0;1.0;0.9999760381885264;1.0000527624327975;1.0000999009024243;0.9999340499551234;0.9998366701181192;0.9998540438801398;0.9998569583073337;0.9999995834361863;0.9999994983594164;0.9999812384082141;0.9999923634189327;1.0;0.9998561629013275;1.0002639219699567;1.000281376062857;0.9999851771572276;0.9999928062318518;0.9999862663911157;0.9998394165139998;0.9998615807316579;1.0;0.999955084647689;0.9999840642081896;1.0;0.9999316564697545;0.9998657561693143;1.0;0.9999789512991439;0.9999999999999999;0.9999863356779671;0.9999881014964918;0.9999684495066378;1.000074445437999;1.024999976158142;
2016-08-05 08:00:00;1.0;0.9999807881713879;0.9999815118492142;0.9999993179598706;1.0;1.0;1.0002657328551434;0.9999387191294529;1.0;1.0;0.9999867824649814;1.0000489974885902;1.0000989030106968;0.9999653867185043;0.9999113606602292;0.9999169271214202;0.9999182723341228;0.9999994364513012;0.9999994185194656;0.999988827109908;0.9999938749037874;1.0;0.999917879162381;1.0002540724973707;1.0002706889857975;0.9999895619428906;0.9999956639533523;0.9999928084403973;0.999832942467324;0.9998583249884119;1.0;0.9999524856465374;0.9999948893438048;0.9999999999999999;0.9999330806364678;0.9998582416627853;1.0;0.9999773636942599;1.0;0.9999956184537784;0.9999910606082277;0.9999824632743234;1.0000750172181405;1.024999976158142;
2016-08-05 08:15:00;0.9999999999999999;0.9999810097756514;0.9999810691089889;0.9999992140708283;1.0;1.0;1.0002678218978358;0.9999362143945244;1.0;1.0;0.9999864694404114;1.0000183848151982;1.0000769743364444;0.9999641561852001;0.9999085164014625;0.9999140387590315;0.9999154262845318;0.999999767321799;0.9999997426965079;0.9999888603141115;0.9999951428784276;1.0;0.9999150451861809;1.000254480281873;1.0002734056690776;0.9999903258651219;0.9999959430861748;0.9999925483627954;0.9998311392512772;0.9998566975605602;1.0;0.9999451781491994;0.9999949431747325;1.0;0.9999322109638186;0.9998362059278524;1.0;0.9999781576447029;1.0;0.9999956627737732;0.9999923313995412;0.9999819364117589;1.000049174099467;1.024999976158142;
2016-08-05 08:30:00;1.0;0.9999714691191061;0.999975434666036;0.9999995451460475;1.0;1.0;1.0002863879636898;0.9999280363220177;1.0;1.0;0.9999834050115982;0.9999078291170549;0.9999957616093657;0.9999581451580963;0.9998963682391728;0.9999046483341419;0.9999062144690767;0.999999062598581;0.9999990273336675;0.9999854258644532;0.9999916197391154;1.0;0.9999057370076601;1.000266477577002;1.0002946770299812;0.9999868202622053;0.9999942994669423;0.9999912957010338;0.9997540301580887;0.9997541137412295;1.0;0.9999492275645749;0.999992407302299;1.0;0.9998461118901689;0.9998496470368257;1.0;0.999976982561159;1.0;0.9999934892652945;0.9999882244346485;0.99997679226162;0.9999540404279629;1.024999976158142;
2016-08-05 08:45:00;1.0;0.9999792002523424;0.9999819389272316;0.9999996046456209;1.0;1.0;1.0002859320670299;0.9999464032243873;1.0;1.0;0.9999878526198959;0.9998946340218118;0.9999877263507558;0.999968922346403;0.9999234557855924;0.9999294900787559;0.9999306520380778;0.9999996447314056;0.9999996250967;0.9999896407993822;0.9999952669217909;1.0;0.9999303216451988;1.000265538473364;1.0002942779662236;0.999991401066151;0.9999961954908925;0.9999935407411723;0.9997576844476752;0.9997609735678804;1.0;0.999937458214306;0.9999944650743792;1.0;0.9998544504261094;0.9998145260417213;0.9999999999999999;0.9999773636942598;0.9999999999999999;0.9999952540130175;0.9999928691734861;0.999982880330794;0.9999442093907023;1.024999976158142;
2016-08-05 09:00:00;1.0;0.999982383006116;0.999980277528358;0.9999984162503803;1.0;1.0;1.0002834135868937;0.9999163921531962;1.0;1.0;0.9999840991982853;0.999888188304877;0.9999827118828891;0.9999544757922666;0.9998763862495195;0.9998815107828368;0.99988347472944;0.9999997872351907;0.9999997622844379;0.9999878615225491;0.9999941208617006;1.0;0.9998829434885778;1.000262198542512;1.000292339184639;0.9999878275548431;0.999995299860429;0.9999905397267802;0.9997740778440175;0.9997763911599887;0.9999999999999999;0.9999434190301876;0.9999953084018564;1.0;0.9998629809401585;0.9998322783345163;1.0;0.9999769825611592;1.0;0.9999959758768335;0.9999905262914122;0.9999816180081376;0.9999387652298433;1.024999976158142;
2016-08-05 09:15:00;1.0;0.9999793480977142;0.9999732474833101;0.9999982759072399;1.0;0.9999999999999999;1.0002868916789704;0.9998967068340688;1.0;1.0;0.9999793278487548;0.9999061828756048;0.9999962360991276;0.9999439738661186;0.9998512589321599;0.9998572645292269;0.9998594788096348;0.9999995129640783;0.9999994662605961;0.9999831779226044;0.9999915424473724;0.9999999999999999;0.99985886252925;1.0002662832609248;1.0002956639953537;0.9999836841108594;0.9999936545970246;0.9999883467141361;0.9997705468166943;0.9997773026510559;1.0;0.9999446114240106;0.9999945004683228;1.0;0.9998669399933774;0.999835639184299;1.0;0.9999777765129976;1.0;0.9999952830287335;0.9999868651010219;0.999974098806811;0.9999540994868389;1.024999976158142;
2016-08-05 09:30:00;1.0;0.9999745063003804;0.999981130821073;0.9999995781212471;1.0;1.0;1.0002870106892743;0.9999427028659738;1.0;0.9999999999999999;0.9999871671880349;0.9999300439672024;1.000013715978542;0.9999661149284168;0.999915094409786;0.9999225032363633;0.999923891683743;0.9999994241511929;0.999999398821887;0.9999892920257415;0.9999942244355111;0.9999999999999999;0.9999234862831126;1.000268289400745;1.0002947388593482;0.9999904486944049;0.9999957578689601;0.9999929555558901;0.9997412000182507;0.9997449082937878;1.0;0.9999452733527541;0.9999932131151474;1.0;0.9998437159511283;0.9998378591813574;0.9999999999999999;0.9999662487919363;1.0;0.9999941793432094;0.9999916897017193;0.9999828380676564;0.999974128517155;1.024999976158142;
2016-08-05 09:45:00;0.9999999999999999;0.9999458943593293;0.9999680328644024;0.9999993380219074;1.0;1.0;1.0002991744874292;0.9999034942051024;1.0;0.9999999999999999;0.9999787376254433;0.9998845829870291;0.9999793939369735;0.9999406813522458;0.9998518779490561;0.9998675951955649;0.9998702778683556;0.9999995850000667;0.999999514746129;0.9999835617447891;0.9999930315584709;0.9999999999999999;0.9998695434989937;1.0002771839879365;1.00030823232484;0.9999866970713909;0.9999935667781441;0.9999876519757944;0.9997429649368289;0.9997436275912905;1.0;0.9999400591265116;0.9999855983125409;1.0;0.9998410469969352;0.9998224171825243;1.0;0.9999746007165455;1.0;0.9999876491732459;0.9999892358343095;0.9999726030669502;0.999932787645089;1.024999976158142;
2016-08-05 10:00:00;1.0;0.99993273950288;0.9999586661039385;0.9999988984545624;1.0;1.0;1.0003145925517045;0.9998678202755106;0.9999999999999999;1.0;0.9999712695630059;0.9998761845697598;0.9999729134133907;0.9999201350383418;0.9997949561512127;0.9998144699990638;0.9998181238365049;0.9999983607699134;0.9999982493116137;0.9999770517306771;0.9999857100991759;1.0;0.9998170483308825;1.000290886155188;1.0003247001458162;0.9999778182343046;0.9999901084062464;0.9999833665274582;0.9996968566215998;0.9996710146710273;1.0;0.9999394335352426;0.9999821021997003;1.0;0.9997728907780145;0.9998213682448611;1.0;0.9999757757929599;0.9999999999999999;0.9999846530541278;0.9999800367967274;0.99996465178704;0.9999245333611421;1.024999976158142;
2016-08-05 10:15:00;1.0;0.9999368648773762;0.9999531076897068;0.9999992262567869;1.0;1.0;1.0003230418270104;0.9998567480348908;1.0;1.0;0.9999665380505186;0.9998952681020594;0.9999829133973738;0.9999153529043953;0.9997792614363705;0.999797608352071;0.9998011646714465;0.9999947449627191;0.9999945564720831;0.999968894725328;0.999968830413369;1.0;0.9997998613296135;1.0002996359779903;1.0003337157388985;0.999962547659169;0.9999847617706016;0.9999823332788949;0.9997065904695459;0.999682810187034;1.0;0.9999401082570771;0.9999831897750825;1.0;0.9997825119991376;0.999823488112559;1.0;0.9999710121228927;1.0;0.999985582870413;0.999960984091465;0.9999580296909276;0.9999389174962039;1.024999976158142;
2016-08-05 10:30:00;1.0;0.9999406939956754;0.999946888791314;0.9999996687994522;1.0;1.0;1.0003263379425669;0.9998592427433021;1.0;1.0;0.9999651103549417;0.9999815133964504;1.00005338226468;0.9999173526517445;0.9998001781066169;0.9998174119979656;0.9998202519479099;0.9999968745729084;0.9999966515127753;0.9999671369920925;0.9999775423955136;1.0;0.9998192862229923;1.000307729671702;1.0003345256966496;0.9999688442646747;0.9999867224277211;0.9999827159060022;0.9997118496716393;0.9996858539308868;0.9999999999999999;0.9999404195804249;0.9999842083375268;1.0;0.9997817796943304;0.999824089412871;1.0;0.9999626922392438;1.0;0.9999864564610939;0.9999701589727159;0.9999489930695153;1.000016782617954;1.024999976158142;
2016-08-05 10:45:00;1.0;0.9999469077867691;0.9999413739530661;0.9999990819486793;1.0;1.0;1.0003273924203064;0.999836481577014;1.0;1.0;0.9999607670001097;0.9999920286570467;1.000063513205035;0.9999071562740837;0.9997747348892975;0.9997901648268976;0.99979315515436;0.9999975517754123;0.99999731226859;0.9999634566024612;0.9999786942401448;1.0;0.999792197374469;1.0003090782955697;1.0003354555140385;0.9999671083330237;0.9999862538097412;0.9999805853970313;0.9997002420752124;0.9996757165636435;0.9999999999999999;0.9999428446871047;0.9999858618004819;1.0;0.9997761136696394;0.9998312713447981;1.0;0.9999741878982763;1.0;0.9999878743251588;0.9999703090351;0.9999418754778189;1.000027518003145;1.024999976158142;
2016-08-05 11:00:00;1.0;0.9999535513926515;0.9999701254742257;0.9999994610506598;1.0;0.9999999999999999;1.0003123390358655;0.999910936170329;1.0;1.0;0.9999798895640916;0.9999937849333577;1.0000645489540823;0.9999459560428222;0.9998644083115722;0.9998778956915874;0.9998802421049232;0.9999988939023382;0.9999988244731207;0.99998343506202;0.9999902852506257;1.0;0.9998795476858295;1.0002952881229468;1.0003195343986107;0.9999848455832377;0.999993123300494;0.9999887472435082;0.9996696818929535;0.9996480024991827;1.0;0.9999497070091643;0.9999876374647018;1.0;0.999761411589859;0.9998524759521122;1.0;0.9999761886104858;0.9999999999999999;0.9999893984433045;0.9999863954562965;0.9999737873176799;1.0000293437006116;1.024999976158142;
2016-08-05 11:15:00;1.0;0.9999425687021983;0.9999631026859203;0.9999988647796968;1.0;1.0;1.0003184711969701;0.9998781875951952;1.0;1.0;0.9999737689262163;0.9999798773849129;1.0000528208702115;0.9999273051973468;0.9998110946935417;0.999827768619194;0.9998310842714583;0.9999981723995498;0.999998077474651;0.9999787706173902;0.9999853717266503;1.0;0.9998300844665057;1.0002998882700356;1.0003265738421012;0.9999782628208254;0.9999906022632405;0.999984864203082;0.9996430196155403;0.9996324454729589;1.0;0.9999470924663533;0.9999847148767814;0.9999999999999999;0.9997616677081592;0.9998448051622358;1.0;0.99997736369426;1.0;0.9999868923232085;0.9999799681552749;0.999968263197253;1.0000158693164118;1.024999976158142;
2016-08-05 11:30:00;1.0;0.9999312194405751;0.9999575431482769;0.9999990735497452;1.0;1.0;1.0003134299877934;0.9998697725885937;1.0;1.0;0.9999711627492884;0.9999641986067375;1.000039357137323;0.9999208172586639;0.9997998011834445;0.9998197442474259;0.9998232903094446;0.9999986227639482;0.9999985071252657;0.9999768491522372;0.9999869141038727;1.0;0.9998222615036589;1.0002943963096793;1.0003215660745726;0.9999788950986398;0.9999903689924983;0.9999835042890802;0.9996792507388442;0.9996732541690502;1.0;0.9999521831158936;0.9999817006482313;1.0;0.9997903565158275;0.9998594317810708;1.0;0.9999784106530996;1.0;0.9999843097962615;0.9999813900915799;0.9999633280260667;1.0000006236320755;1.024999976158142;
2016-08-05 11:45:00;0.9999999999999999;0.999960922595782;0.9999721886419746;0.9999991478688777;1.0;1.0;1.0003162149768607;0.9999089712587041;1.0;1.0;0.9999802251521631;0.9999966159487726;1.0000679058985378;0.9999464453819092;0.9998614353897192;0.99987278835605;0.9998751222016599;0.9999986167191435;0.9999985594960639;0.9999836041965708;0.9999888552319318;1.0;0.9998744116544945;1.0002989540070186;1.000323628935057;0.9999833617296418;0.9999929106232902;0.9999888565745092;0.9996711603402253;0.9996610988571686;1.0;0.999940539123866;0.9999895978582718;0.9999999999999999;0.999782278261015;0.9998257521104477;0.9999999999999999;0.9999765697430273;1.0;0.9999910790432902;0.9999847065697253;0.999975352785389;1.0000329726914123;1.024999976158142;
2016-08-05 12:00:00;1.0;0.9999553623888983;0.9999704500364657;0.9999991101872491;1.0;1.0;1.0003146047850402;0.9999032799897802;1.0;0.9999999999999999;0.9999790607821472;0.999976257011446;1.0000514207962599;0.9999424584308659;0.9998509787428629;0.999863960640871;0.9998665448997999;0.9999985737692308;0.9999984998824835;0.9999829331850444;0.9999884504631379;1.0;0.9998657655094741;1.0002963195290442;1.000322446190357;0.9999827141371351;0.9999925351577069;0.9999880200102934;0.9996945284773205;0.9996781434287283;1.0;0.9999395664597365;0.999988114309547;1.0;0.9997866349604116;0.9998222373098923;1.0;0.9999757757929602;1.0;0.9999898055104863;0.9999841313360549;0.9999743296212016;1.0000143476554275;1.024999976158142;
2016-08-05 12:15:00;0.9999999999999999;0.9999682913537946;0.9999733385358363;0.9999990877386808;1.0;1.0;1.0003118041902088;0.9999109846782224;0.9999999999999999;1.0;0.9999806374714375;0.9999917241987236;1.000063524800376;0.999948936603518;0.999866911413753;0.999876120305233;0.9998782335735402;0.9999983822427402;0.9999983312124434;0.9999833467469328;0.9999877650809151;1.0;0.999877564576633;1.0002945108757118;1.0003192958888607;0.9999823554187813;0.9999927665461866;0.9999893770605257;0.9996781542173754;0.9996534503668721;1.0;0.99993805403532;0.999991559899561;1.0;0.9997635368964665;0.9998177175705936;1.0;0.9999741878982763;1.0;0.9999927619978913;0.9999834665281111;0.9999755539915107;1.0000288728985929;1.024999976158142;
2016-08-05 12:30:00;1.0;0.9999713244801307;0.9999779954175732;0.9999992047731286;1.0;1.0;1.0003061763821963;0.9999244833464356;0.9999999999999999;0.9999999999999999;0.999983793955015;1.0000016317516813;1.000070144768922;0.9999563343578793;0.9998847675809476;0.9998930889116093;0.9998949874772756;0.9999984666025562;0.9999984336007414;0.9999862451708028;0.9999890340230846;1.0;0.9998943808374366;1.000289772965808;1.000313267010274;0.9999847318593018;0.9999937473419338;0.9999909230898831;0.9996616523048631;0.9996369906791683;1.0;0.9999391239396309;0.9999923690982169;1.0;0.9997523001184543;0.9998206696968126;1.0;0.9999773636942599;1.0;0.9999934565665747;0.9999854098804665;0.9999803549483415;1.00003719079796;1.024999976158142;
2016-08-05 12:45:00;1.0;0.9999629438817518;0.9999715850420317;0.9999994446412948;0.9999999999999999;1.0;1.0003113884302874;0.9999140854773588;1.0;1.0;0.9999803681339394;0.9999909427528008;1.000062099699999;0.9999494251440184;0.9998717730352286;0.9998825310370305;0.9998845812107477;0.9999982950177511;0.9999982410720866;0.999982777497364;0.9999876058533657;1.0;0.9998839226853593;1.0002942238567614;1.0003187623591479;0.9999825848847536;0.9999925936283685;0.9999894767847415;0.999666191686301;0.999637228519962;1.0;0.9999428944157538;0.9999901377106779;1.0;0.9997490802545203;0.9998322792163398;1.0;0.9999746007165454;1.0;0.999991542728856;0.9999834437069881;0.9999740575740633;1.0000273687523298;1.024999976158142;
2016-08-05 13:00:00;1.0;0.9999732034362446;0.9999787732726518;0.9999990474151381;1.0;1.0;1.000308734009502;0.9999233836965461;0.9999999999999999;1.0;0.9999839953027878;1.000016901594312;1.0000828045353152;0.9999561560904907;0.9998830609677702;0.9998908383648135;0.9998927696851797;0.9999986335003885;0.9999985987366226;0.9999866960826881;0.9999896965238582;1.0;0.9998921661353684;1.0002929280398944;1.0003155865463493;0.9999851470886909;0.999993989234165;0.999990884758356;0.9996555756852743;0.9996402407353673;1.0;0.9999441972011814;0.9999928686490576;1.0;0.9997630187223324;0.9998363035541461;1.0;0.999974981846013;0.9999999999999999;0.9999938848048953;0.9999860782373904;0.999981067695242;1.000051160150001;1.024999976158142;
2016-08-05 13:15:00;1.0;0.9999811544560469;0.9999814394175784;0.9999994525959514;0.9999999999999999;1.0;1.0003126301062717;0.9999394233000376;1.0;1.0;0.9999864003781689;1.0000280515288635;1.0000925639766876;0.9999657961451874;0.9999104922181218;0.9999159732423165;0.9999173011208508;0.9999983332479532;0.9999983043343347;0.9999875103508622;0.9999890977018446;1.0;0.999916835160744;1.000297442547209;1.0003192033550115;0.9999857363720314;0.9999943314149603;0.9999928886604765;0.9996419826055374;0.9996145204493312;1.0;0.9999396352379164;0.99999498137093;1.0;0.9997371030351472;0.9998230854908593;1.0;0.9999738067674131;1.0;0.9999956954663937;0.9999858724259063;0.9999824798873006;1.0000620965454823;1.024999976158142;
2016-08-05 13:30:00;1.0;0.9999770368167115;0.9999753467885423;0.9999995948654539;1.0;1.0;1.000314876612686;0.999928003360943;1.0;1.0;0.9999828804854836;1.0000258783793816;1.000090512386986;0.9999592267218581;0.9998975431924522;0.9999042235189444;0.9999056232522718;0.9999980697185304;0.9999980212356583;0.9999836855062322;0.9999870918004539;1.0;0.9999051199273669;1.0002994804768162;1.0003215542869683;0.9999828509079502;0.9999930493213287;0.9999915130611676;0.9996788066171299;0.9996439295843282;1.0;0.9999378588645256;0.9999938842449876;1.0;0.9997496009734521;0.9998176843483668;1.0;0.9999765697430272;1.0;0.9999947542796157;0.9999831641667511;0.9999759466508854;1.0000597035609045;1.024999976158142;
2016-08-05 13:45:00;1.0;0.9999770334168202;0.9999688302705811;0.9999972448460603;1.0;0.9999999999999999;1.00031572437993;0.9998598528465039;1.0;0.9999999999999999;0.9999733242866896;1.0000099131088824;1.000078370598461;0.9999250062843317;0.9997902554487319;0.9997969220510088;0.9998001725717974;0.9999980820186916;0.9999980198130871;0.9999783469919914;0.9999832189012006;1.0;0.9997991835577786;1.0002981582927344;1.0003238248751534;0.9999738263400388;0.9999903800443782;0.9999844046695096;0.999679212088069;0.9996686370149416;1.0;0.9999348339174148;0.9999938871518487;1.0;0.999786699021137;0.999808355841839;0.9999999999999999;0.9999753946629328;1.0;0.9999947580443854;0.9999765090359534;0.9999707911284955;1.0000458367645717;1.024999976158142;
2016-08-05 14:00:00;1.0;0.9999745022435558;0.9999540500226706;0.9999945053672862;1.0;1.0;1.0003357458712003;0.9997640442142204;1.0;0.9999999999999999;0.9999576922719655;1.0000762090396964;1.0001321877639682;0.9998763680660782;0.9996463931680938;0.9996537836806728;0.9996593008932758;0.9999978674558457;0.9999977425596532;0.9999674068875708;0.999976451872404;1.0;0.999657700953458;1.0003189693082417;1.0003442197294383;0.9999596199046307;0.9999857511107074;0.9999742742347654;0.999660956303809;0.9996124483590534;0.9999999999999999;0.9999282290153071;0.9999932158430515;0.9999999999999999;0.9997200790317969;0.999789745735259;1.0;0.9999757757929598;1.0;0.9999941832538654;0.999965522563163;0.9999568305403289;1.000105120829118;1.024999976158142;
2016-08-05 14:15:00;1.0;0.9999782627923969;0.9999491456066191;0.9999926613895395;1.0;1.0;1.0003216783604947;0.9997116050821347;1.0;1.0;0.9999502284097486;1.0001990830575993;1.0002212300050972;0.9998507622328245;0.9995654137476115;0.999571725913761;0.9995785598176384;0.9999977034795393;0.999997541095382;0.999962789795194;0.9999725811580702;1.0;0.9995766022434719;1.0003108703144243;1.0003282279806258;0.9999517487062363;0.9999834729184585;0.9999689393369462;0.9997163665131884;0.9996927817508758;1.0;0.999936760454841;0.9999942130653384;1.0;0.9997881975413816;0.9998130928562943;0.9999999999999999;0.999975615983353;1.0;0.9999950371716569;0.9999593433340692;0.9999524363058273;1.0002097117064368;1.024999976158142;
2016-08-05 14:30:00;1.0;0.9999852003629606;0.9999613316637801;0.9999945470903665;0.9999999999999999;1.0;1.0003177904175218;0.99978327140343;1.0;1.0;0.999962329250221;1.0002268738289037;1.0002429950560539;0.9998881649752902;0.9996746097981736;0.9996789126708036;0.9996839665134764;0.999998062105368;0.9999979703500211;0.9999713853027471;0.9999784021443869;1.0;0.9996825020319382;1.0003097456984895;1.0003227135907444;0.9999628339699564;0.9999872707270142;0.999976742176633;0.9996847166289313;0.9996594404356003;0.9999999999999999;0.9999348197217965;0.9999960584900889;1.0;0.9997657735651375;0.9998075785797886;1.0;0.9999769825611591;1.0;0.9999966193603551;0.9999683260806969;0.9999634566947477;1.0002346804705344;1.024999976158142;
2016-08-05 14:45:00;1.0;0.9999820919361558;0.9999572606641303;0.9999947271316424;1.0;0.9999999999999999;1.0003217215957438;0.9997776959420812;1.0;1.0;0.9999602066461278;1.000213938648083;1.0002336166812664;0.9998847390172546;0.999669397220412;0.9996745968589196;0.9996796383052213;0.9999979271869223;0.9999978160219285;0.999968952440908;0.9999773628306132;1.0;0.9996781676263856;1.0003128784964546;1.000326949671037;0.9999613190342602;0.9999865239998849;0.9999760188685503;0.9996334321180009;0.9996286049232221;0.9999999999999999;0.9999346138216458;0.9999952324524538;1.0;0.9997632276845557;0.9998066171657425;1.0;0.9999765697430273;1.0;0.9999959114915512;0.9999669125234629;0.999959045428054;1.0002234802343197;1.024999976158142;
2016-08-05 15:00:00;0.9999999999999999;0.9999857029366097;0.9999587268973564;0.9999977878762885;1.0;1.0;1.0003149675845275;0.9998509815168968;1.0;1.0;0.9999682018660804;1.0002156022994888;1.0002335007351155;0.9999222787279439;0.9997952425327826;0.9997993865892117;0.9998019007013755;0.9999976301189658;0.9999975445003686;0.9999706460331171;0.9999797702432933;1.0;0.9998010736074291;1.0003082548269455;1.0003186816141436;0.9999688701854159;0.999988438434109;0.9999838206215921;0.9996409714403444;0.9996366511323144;1.0;0.9999395496663369;0.9999961947858804;1.0;0.9997680521809236;0.9998212507191983;1.0;0.99997736369426;0.9999999999999999;0.9999967374348993;0.9999718575956587;0.9999569413045447;1.0002244209648787;1.024999976158142;
2016-08-05 15:15:00;1.0;0.9999873686936563;0.9999605892382587;0.999998312135227;0.9999999999999999;1.0;1.0003219419151703;0.9998656972714548;1.0;1.0;0.9999700425508314;1.0002121780292856;1.0002310651334978;0.9999299759888055;0.999816538500587;0.9998202154322104;0.9998223327494768;0.9999966814830717;0.9999965592491189;0.9999707985395492;0.9999764320346034;1.0;0.9998215434656171;1.0003148884659374;1.0003258674550524;0.9999673724779217;0.9999879002360982;0.9999853944455704;0.9996494345770955;0.999645012403094;1.0;0.9999324477489421;0.9999966328303609;0.9999999999999999;0.9997741080667035;0.9998000311195396;1.0;0.9999801580724723;1.0;0.9999971115743439;0.9999687133981601;0.9999585367676718;1.0002216501212613;1.024999976158142;
2016-08-05 15:30:00;1.0;0.9999588294816862;0.9999540327294304;0.9999958984321977;1.0;1.0;1.0003336581418343;0.9997923114866055;1.0;1.0;0.9999608287736947;1.0001957843862967;1.000219605317635;0.9998874001947466;0.9996853468899812;0.9996973150906967;0.9997023816868411;0.9999975486473486;0.9999973980713994;0.9999691678539867;0.9999770653675025;1.0;0.9997008778594086;1.000323711562377;1.0003391287379233;0.9999631391458941;0.9999862754675523;0.9999765502133878;0.9996406703610924;0.9996313393260489;0.9999999999999999;0.9999275893074866;0.9999890375041672;1.0;0.9997633780704345;0.9997863968464418;1.0;0.9999781576447028;0.9999999999999999;0.9999905976352428;0.9999674379233512;0.9999581293645098;1.0002059792462568;1.024999976158142;
2016-08-05 15:45:00;1.0;0.9999773973261504;0.999948871390537;0.999992719434167;1.0;1.0;1.0003247575559424;0.9997110915118724;1.0;1.0;0.9999499455471391;1.0002006914764965;1.000222285921508;0.99985032784954;0.9995635705371445;0.9995701404070843;0.9995770070516202;0.9999972790693382;0.9999971161721062;0.9999622230287714;0.9999707337678128;1.0;0.9995750111253151;1.0003138450324556;1.0003314256100018;0.9999502550413099;0.9999829220118879;0.9999688501911269;0.9996694443765604;0.9996649358811402;1.0;0.9999348272847497;0.9999939810310686;1.0;0.9997869216936309;0.9998072381308016;1.0;0.9999789512991438;1.0;0.9999948376013633;0.999957331612475;0.9999523199458127;1.000210955758616;1.024999976158142;
2016-08-05 16:00:00;1.0;0.9999808642632123;0.999950666284892;0.9999950417020375;1.0;1.0;1.0003216437058136;0.9997647925121271;0.9999999999999999;1.0;0.999955412373926;1.000192726834452;1.0002125488739368;0.9998779987871809;0.9996514498780992;0.9996570088922263;0.9996620854315602;0.9999953610978687;0.9999952111731836;0.9999618815138841;0.9999651033567334;1.0;0.9996604256666954;1.0003115596277434;1.0003278393897965;0.9999498572807026;0.9999823270133318;0.9999746000963017;0.9996714610553525;0.9996700770679389;1.0;0.9999322954387821;0.9999949042496571;1.0;0.9997929165776921;0.9997995809722724;1.0;0.9999801580724724;1.0;0.9999956297456073;0.9999529275249619;0.9999518576207035;1.0002022614841795;1.024999976158142;
2016-08-05 16:15:00;1.0;0.9999758065903163;0.999963105989058;0.9999981620897352;1.0;0.9999999999999999;1.0003220583054266;0.9998631786273566;1.0;1.0;0.9999706129036724;1.0002016942701064;1.0002199264792893;0.9999264104444198;0.9997993302372217;0.9998063596794913;0.9998091498842946;0.9999956964555516;0.999995589332312;0.9999723352369848;0.9999726445304998;1.0;0.9998081146506157;1.0003141570028482;1.0003265709635378;0.9999650425101198;0.9999869677364637;0.9999846706630262;0.9996473583363193;0.9996290626197931;1.0;0.9999322711359423;0.9999935577239555;1.0;0.999752433832071;0.9997999095634621;1.0;0.9999801580724723;0.9999999999999999;0.9999944749198973;0.9999648959051632;0.9999639300790947;1.0002100065665573;1.024999976158142;
2016-08-05 16:30:00;1.0;0.9999692973665495;0.9999485923676135;0.9999956512399002;1.0;1.0;1.0003209201926628;0.9997718600515052;0.9999999999999999;1.0;0.9999555573299633;1.0001883958609135;1.0002076969488192;0.9998792465486542;0.9996600860715483;0.9996689776652301;0.9996740315649516;0.9999952736114435;0.9999951114481425;0.9999618139436531;0.9999653693046542;0.9999999999999999;0.999672371616053;1.0003108950218185;1.0003269653942097;0.9999510300862533;0.9999822695283981;0.9999748520378259;0.9996879508328854;0.9996747627523068;0.9999999999999999;0.9999330636936156;0.999991832178738;1.0;0.9997853199252845;0.9998017524459574;1.0;0.9999805392078105;0.9999999999999999;0.9999929975562859;0.9999536090975835;0.9999507758691898;1.0001968487957376;1.024999976158142;
2016-08-05 16:45:00;1.0;0.999917851023577;0.9999272620690087;0.9999941761302318;0.9999999999999999;1.0;1.000330128555752;0.9996863777986777;1.0;1.0;0.999940225758228;1.0001699659389407;1.000193449905871;0.9998259811810895;0.9995201620357329;0.999543969308124;0.9995520089038958;0.9999971058925987;0.999996796941398;0.9999542577134228;0.9999692612404475;1.0;0.9995496924807862;1.0003177292465213;1.0003370735455281;0.9999481537635664;0.9999799912850648;0.9999637151620019;0.9997186389507526;0.9996949679874472;0.9999999999999999;0.9999329255481743;0.9999781441656848;1.0;0.9997881392708073;0.999800772658606;0.9999999999999999;0.9999797452538721;0.9999999999999999;0.9999812608629034;0.9999553483565498;0.9999356649827651;1.0001771467477405;1.024999976158142;
2016-08-05 17:00:00;1.0;0.9999692330702399;0.9999629924983411;0.9999982852066656;1.0;1.0;1.0003109223325126;0.9998694194770914;1.0;1.0;0.9999722312595685;1.000210817985862;1.0002278208695146;0.9999282285932217;0.9998114225177168;0.9998203670492414;0.9998231046669448;0.9999980251760956;0.9999979335207098;0.9999757043101214;0.9999833326452161;1.0;0.9998222465055198;1.0003043744140514;1.000314367532261;0.9999744819024513;0.9999900077564027;0.9999850541557741;0.9996800407896232;0.9996570200456611;1.0;0.9999368282084536;0.9999918073133235;1.0;0.9997640384059363;0.9998126366420507;1.0;0.9999805392078106;0.9999999999999999;0.9999929732891278;0.9999768614997273;0.9999641800836361;1.0002179990879627;1.024999976158142;
2016-08-05 17:15:00;1.0;0.9999711840707041;0.9999709564348976;0.9999989165117199;1.0;1.0;1.0003011467656364;0.9999018007190468;1.0;1.0;0.9999786328569705;1.000205122238126;1.0002216390561132;0.9999448925401;0.9998560027250757;0.9998643814139666;0.9998665409450482;0.9999981294496433;0.9999980680674878;0.9999811349855419;0.9999859258182155;1.0;0.9998658420647859;1.0002951835825857;1.000304188342272;0.9999797725914876;0.9999919224173842;0.9999885312337801;0.9996781872526223;0.999662692805844;1.0;0.9999462600995119;0.9999923269195539;1.0;0.9997730160024552;0.9998407042607389;1.0;0.9999801580724722;0.9999999999999999;0.9999934188627342;0.99998100982948;0.9999725070894405;1.0002121722438202;1.024999976158142;
2016-08-05 17:30:00;1.0;0.999953333271973;0.9999570615758107;0.999999300207766;1.0;1.0;1.000313395562141;0.9998728342201336;0.9999999999999999;1.0;0.9999699060184175;1.0001837387105421;1.0002026087442262;0.9999267578968657;0.9998133759023277;0.9998269196789936;0.9998296500734812;0.9999961009509523;0.9999959643872406;0.9999715360814359;0.9999752482239412;1.0;0.9998286589143837;1.000305541677296;1.0003175306086673;0.999968476039721;0.9999872155385207;0.9999847244356305;0.9996821780454566;0.9996515625908913;1.0;0.9999441191501299;0.9999875791162215;0.9999999999999999;0.999753261153632;0.9998344967276622;1.0;0.9999797452538721;0.9999999999999999;0.9999893489243467;0.9999682805149638;0.9999593753783085;1.0001908444059409;1.024999976158142;
2016-08-05 17:45:00;1.0;0.9999366403475272;0.999947764302569;0.9999989526346481;1.0;1.0;1.0003226444320392;0.9998351171971996;1.0;1.0;0.9999616118789315;1.0001556529941764;1.0001757967722276;0.9999044602738304;0.9997467227372133;0.9997651000371979;0.9997690322963341;0.9999930289988586;0.9999928146633423;0.9999632702916377;0.9999599018599566;1.0;0.999767509844069;1.0003121737915242;1.000328559713555;0.9999531611038047;0.9999814724888413;0.9999800592435031;0.9996311060004646;0.9996198445594404;0.9999999999999999;0.9999425184869496;0.9999831379172984;1.0;0.9997496679381039;0.9998296349997842;1.0;0.9999801580724722;1.0;0.9999855414172578;0.9999503651733727;0.9999525180674448;1.0001623018887076;1.024999976158142;
2016-08-05 18:00:00;0.9999999999999999;0.9999896794320798;0.999970026338298;0.9999992012762305;0.9999999999999999;0.9999999999999999;1.0002976920868083;0.9998982319181644;1.0;1.0;0.9999755179195522;1.000185099701113;1.0001974668910207;0.999946800679818;0.9998507059123655;0.9998537052179203;0.9998554113748901;0.9999927408372673;0.9999926485162011;0.9999725326663629;0.9999616109913849;1.0;0.9998544539129808;1.0002904888092103;1.0003023102748807;0.9999588185484911;0.9999850644107324;0.9999889153915748;0.9997231586229974;0.9996926942667971;1.0;0.999948274502268;0.9999972494498861;1.0;0.9997789689166123;0.9998466076584333;1.0;0.9999785704640464;1.0;0.9999976409695019;0.9999539942390362;0.9999693496143137;1.0001911606769676;1.024999976158142;
2016-08-05 18:15:00;1.0;0.9999904010512811;0.9999621505111859;0.9999991461126213;1.0;1.0;1.0003021295255896;0.9998788518821982;0.9999999999999999;1.0;0.9999702767233567;1.0001891284415227;1.000200636118878;0.9999372049177758;0.9998290730990175;0.9998318591555829;0.9998336241503877;0.9999922034949075;0.9999920880216931;0.9999666452740158;0.9999576403326127;1.0;0.9998326135608132;1.0002948145109265;1.0003069182574245;0.999953288247031;0.9999829947430613;0.9999869079439723;0.999757817556294;0.9997202215943568;1.0;0.9999502227482139;0.9999974419586887;1.0;0.9997915403483494;0.9998530423465759;1.0;0.9999793644182157;1.0;0.9999978063721915;0.99994872152153;0.9999601621787796;1.0001947693102209;1.024999976158142;
2016-08-05 18:30:00;1.0;0.9999913417586899;0.9999755944712672;0.9999987947088578;1.0;1.0;1.0002954613184925;0.9999096113559189;1.0;1.0;0.9999802117472656;1.000217299896146;1.0002286914899803;0.9999528581386085;0.9998705319590198;0.9998730510802498;0.9998746609141447;0.9999965512849014;0.9999964993649774;0.9999803106743869;0.9999790719963256;1.0;0.9998739959058883;1.0002902908189306;1.000298551355679;0.9999742233045898;0.9999906146248728;0.9999901911415606;0.9997619326998941;0.9997221912380158;1.0;0.9999504984225868;0.9999976925001658;0.9999999999999999;0.9997909079603224;0.9998538780959304;1.0;0.9999789512991439;1.0;0.9999980207225053;0.9999735421475573;0.999975022549673;1.0002229409237255;1.024999976158142;
2016-08-05 18:45:00;1.0;0.9999868611782392;0.9999766774346197;0.999998555229094;1.0;1.0;1.0002973211050166;0.9999080685846543;1.0;1.0;0.9999809676543887;1.0002231369689933;1.0002351473203548;0.999951190532102;0.9998658699990867;0.9998696868869945;0.9998715579142952;0.9999976636574084;0.9999976182305041;0.9999826429993691;0.9999840567879795;1.0;0.9998709022248525;1.0002923287988448;1.0003001596428718;0.9999784672623697;0.9999920621701615;0.9999898478490181;0.9997428852056272;0.9997000768470943;0.9999999999999999;0.9999473484872434;0.9999965013277106;1.0;0.9997740911282915;0.9998443843798919;1.0;0.9999797452538721;1.0;0.9999969995261827;0.9999790593913599;0.9999770272762126;1.0002288070657217;1.024999976158142;
2016-08-05 19:00:00;1.0;0.9999822383253465;0.9999667349817947;0.9999984845172146;1.0;1.0;1.0003090913015007;0.9998769629391768;1.0;1.0;0.9999728374726476;1.0002062407964591;1.0002185572540871;0.9999346236180285;0.9998184720154939;0.9998236375924746;0.9998260403232302;0.9999944554493736;0.9999943599586419;0.999972780116974;0.9999679857947806;0.9999999999999999;0.9998250199506437;1.0003021498628986;1.0003134083839855;0.9999623804489385;0.9999862152536411;0.9999863844182147;0.9997610227013729;0.9997092310146957;1.0;0.9999476896646216;0.9999952683866095;1.0;0.9997737597726988;0.9998462991479206;0.9999999999999999;0.9999797452538722;1.0;0.9999959415907178;0.9999602814318951;0.9999670772726293;1.0002117564274595;1.024999976158142;
2016-08-05 19:15:00;0.9999999999999999;0.999970886348658;0.9999646518079703;0.9999994466797639;1.0;0.9999999999999999;1.0003084498335402;0.999892646874403;1.0;1.0;0.9999739557656202;1.0001967263188876;1.0002103809550653;0.9999402524836123;0.9998426896519479;0.9998511183255675;0.9998531884947972;0.9999946194528505;0.9999945285474365;0.9999731499556326;0.9999697601272712;0.9999999999999999;0.9998522670385319;1.0003015272454938;1.0003124969455823;0.9999654255160895;0.9999867109422464;0.9999875547626299;0.9997719575372525;0.9997140838312935;0.9999999999999999;0.9999492756484158;0.999992255792873;1.0;0.9997718739631817;0.9998512981583699;1.0;0.9999809520309267;1.0;0.9999933611100873;0.9999628816005003;0.9999655010803402;1.0002021958401346;1.024999976158142;
2016-08-05 19:30:00;1.0;0.9999832452306319;0.9999687643210612;0.9999989853861387;1.0;1.0;1.0003055195388975;0.9998934766852502;1.0;1.0;0.9999753850271547;1.0002062029931815;1.000218246306946;0.999943136066139;0.9998448528408254;0.9998497063578201;0.9998516540640618;0.9999946621623816;0.9999945790047762;0.9999744874462322;0.9999698524438084;0.9999999999999999;0.999850767797782;1.0002990722605554;1.0003094767429017;0.9999653053517619;0.9999871604993333;0.9999881573612741;0.9998369274152992;0.9997540321952146;1.0;0.9999482508758585;0.9999955413357555;1.0;0.9997765816805221;0.9998486795355251;1.0;0.9999793644182157;1.0;0.999996177442178;0.9999628966357285;0.9999686861268914;1.0002116435145207;1.024999976158142;
2016-08-05 19:45:00;1.0;0.9999849804404094;0.9999586069137658;0.9999986605055238;1.0;1.0;1.0003013675367447;0.9998609829293064;1.0;1.0;0.999967530728593;1.0001906284192141;1.0002026928739427;0.9999271462112462;0.9998027207139333;0.9998070747349547;0.9998093448238091;0.9999931392872133;0.9999930137077538;0.9999657427563063;0.9999607888950791;1.0;0.999808267062071;1.0002939782250562;1.000306100531742;0.9999543802913532;0.9999832623405024;0.9999848140170065;0.9998809529935148;0.9997733266657337;0.9999999999999999;0.9999531328953037;0.9999960009422485;1.0;0.9997658627308914;0.9998624609483239;1.0;0.9999793644182156;0.9999999999999999;0.9999965711432487;0.9999515394874605;0.9999571966368492;1.0001961998208866;1.024999976158142;
2016-08-05 20:00:00;1.0;0.9999888840364491;0.9999189483781814;0.9999985631847346;1.0;1.0;1.0003238738180456;0.999778379613658;1.0;1.0;0.9999442135946897;1.0002290411147758;1.0002406152375143;0.9998863307533135;0.9997285770731585;0.9997318050082212;0.9997337812375285;0.9999946789472347;0.999994319483654;0.9999410993021295;0.9999600403170623;1.0;0.9997328886933295;1.0003175225771381;1.0003278645033193;0.9999429616689879;0.9999784101348789;0.9999761716377681;0.9998962126672004;0.9997951900549273;1.0;0.9999458209056408;0.9999970328038778;1.0;0.999785707292194;0.9998400670594942;1.0;0.9999793644182156;1.0;0.999997455204799;0.9999462402664018;0.9999095298694265;1.0002346127304202;1.024999976158142;
2016-08-05 20:15:00;1.0;0.999987944215418;0.99996325376752;0.9999987755955899;1.0;1.0;1.000298262151391;0.9998836134106533;1.0;1.0;0.9999731455631394;1.0002248803252578;1.000236206647375;0.9999391043650067;0.9998449851597521;0.9998484837596486;0.9998501529931283;0.9999973280638765;0.9999972279676745;0.9999734686462198;0.9999803327711569;1.0;0.9998495268312352;1.0002934100368124;1.0003010591697503;0.9999721357018395;0.9999894903085308;0.9999873014036428;0.9998764929784125;0.9997767113271949;1.0;0.999954778575602;0.9999967892010503;1.0;0.9997741191189338;0.999867145297816;1.0;0.9999809520309266;1.0;0.9999972466972836;0.9999736273766732;0.9999608960393015;1.000230251574859;1.024999976158142;
2016-08-05 20:30:00;1.0;0.9999887393512967;0.9999712714664417;0.9999987146792302;1.0;1.0;1.0002795013272177;0.9998995970482382;0.9999999999999999;1.0;0.9999778797559815;1.000206591593422;1.0002179444955082;0.9999473069635275;0.9998603614069893;0.9998636311099739;0.9998653276593277;0.9999973602777666;0.9999973001460608;0.9999786527096322;0.9999818604965132;1.0;0.9998646965717407;1.0002746415315298;1.0002823123668398;0.9999753994570059;0.9999908574234637;0.9999890317130445;0.9999077656007977;0.9998034684111766;0.9999999999999999;0.9999647775575078;0.9999970011387423;0.9999999999999999;0.9997856767205483;0.999896337121121;1.0;0.9999805392078105;1.0;0.9999974282944087;0.9999761325377841;0.9999702521917982;1.0002120321168748;1.024999976158142;
2016-08-05 20:45:00;1.0;0.9999850522295125;0.999969513681128;0.9999985208613291;0.9999999999999999;1.0;1.0002795186974198;0.9998888663826715;1.0;1.0;0.9999758838078574;1.0001979473564842;1.0002094993851856;0.9999411867193693;0.9998408555164124;0.9998451874419542;0.9998472549136;0.9999965944969016;0.9999965336380163;0.9999768593885389;0.9999779697838637;1.0;0.9998464726299732;1.0002739792742574;1.000282811549705;0.9999714744836805;0.9999894467686711;0.9999877629702364;0.9999024967695004;0.9997966120904573;1.0;0.9999625417677074;0.9999960221830276;0.9999999999999999;0.9997799966688148;0.9998896511122234;1.0;0.9999801580724722;1.0;0.9999965895392785;0.9999715812296718;0.999969235723232;1.000203243248475;1.024999976158142;
2016-08-05 21:00:00;1.0;0.9999675621980049;0.9999668845433968;0.9999987237594323;1.0;1.0;1.0002812397717273;0.9998867177002881;1.0;1.0;0.9999754329258137;1.0001913202203303;1.000205078087991;0.9999366191885385;0.999833530685341;0.9998429231295924;0.9998454148633036;0.99999770214993;0.9999976410215405;0.9999782237567585;0.9999831398375891;1.0;0.9998445986950827;1.0002753967935851;1.0002843699459547;0.9999761642425388;0.9999905494604155;0.9999868145726848;0.9999005047268219;0.9997822144604549;1.0;0.9999657841399009;0.9999913725948083;1.0;0.9997598961548335;0.9998995774674697;1.0;0.9999817459866364;1.0;0.9999926038805523;0.9999774195325085;0.9999686478019434;1.0001966160772315;1.024999976158142;
2016-08-05 21:15:00;1.0;0.9999786247396273;0.999970557322678;0.9999985328562164;0.9999999999999999;1.0;1.0002802858364461;0.9998952157568175;0.9999999999999999;1.0;0.9999779570174233;1.0002127433135566;1.000224622807685;0.9999430807056012;0.9998513762232476;0.9998575885185371;0.9998596833298888;0.9999989368525389;0.9999988843183644;0.9999809350876545;0.9999888105601114;1.0;0.99985905806882;1.0002757238532656;1.0002826847564317;0.9999811472089978;0.9999926295486706;0.9999881582230177;0.9999038543413937;0.9997895296004583;1.0;0.9999663027737993;0.9999943085641578;1.0;0.9997678652988691;0.9999010040144533;1.0;0.9999801580724723;1.0;0.9999951187585692;0.9999837542126407;0.9999709385569853;1.0002177694665098;1.024999976158142;
2016-08-05 21:30:00;1.0;0.9999872968951761;0.9999776215587484;0.9999989569874734;1.0;1.0;1.000273058071332;0.999922864722838;1.0;0.9999999999999999;0.9999834694009002;1.0002182565776536;1.000228727960512;0.9999587040797835;0.9998936268889377;0.99989732636753;0.9998987147773823;0.9999992800554331;0.9999992448176026;0.9999853132819759;0.9999918846392891;1.0;0.9998982992853648;1.0002694930996885;1.0002748850465495;0.9999859865025003;0.9999945592626799;0.9999914100143356;0.9999251682746318;0.9998156457781661;1.0;0.9999719655957486;0.9999966151543541;1.0;0.999788623600191;0.9999179239309947;1.0;0.9999801580724722;1.0;0.9999970963251726;0.999988075964186;0.9999771998094117;1.0002231113642843;1.024999976158142;
2016-08-05 21:45:00;1.0;0.9999713287056754;0.9999446524087068;0.9999985240581847;1.0;1.0;1.0002921074076543;0.9998396289130103;1.0;1.0;0.9999626040859964;1.0002245344908383;1.0002367355316815;0.9999136340633615;0.9997934784708368;0.9998018153081468;0.9998041055871093;0.9999995344412718;0.9999993340103446;0.9999653197251821;0.9999868063005877;1.0;0.9998034708344483;1.0002875897166164;1.0002943505715063;0.9999728806419924;0.9999889732524211;0.9999819421526334;0.9999430814112272;0.9998270889287549;1.0;0.9999724261034405;0.9999923624750845;0.9999999999999999;0.9997899272041525;0.9999188850348678;0.9999999999999999;0.9999801580724722;1.0;0.9999934492404261;0.9999788185123757;0.9999415643253549;1.0002292291980674;1.024999976158142;
2016-08-05 22:00:00;1.0;0.9999715426237432;0.9999507806656086;0.9999989270290242;0.9999999999999999;1.0;1.0002859901308703;0.9998622363641145;0.9999999999999999;1.0;0.9999674049404901;1.0002215338678366;1.000233540987484;0.9999250682222779;0.9998235814234583;0.9998318451572952;0.9998338004941675;0.9999997872351905;0.9999996557390728;0.9999698513276353;0.9999895913602083;1.0;0.9998332715174937;1.0002818782436593;1.000287927193201;0.9999775477105132;0.9999906056858953;0.9999843627379698;0.999922763698181;0.9997969986913542;1.0;0.9999757413937337;0.9999924235811755;1.0;0.9997618600995603;0.9999290560302694;1.0;0.999989685320429;1.0;0.9999935026772412;0.9999828525353164;0.9999482412651063;1.000226139831631;1.024999976158142;
2016-08-05 22:15:00;1.0;0.9999859948740284;0.9999666534398656;0.9999992964477126;1.0;1.0;1.0002751595003114;0.9999079872008634;0.9999999999999999;1.0;0.9999779410462596;1.0002255620726457;1.0002356926956726;0.99995095775765;0.9998858017856475;0.9998898732900968;0.9998909787046637;0.9999998163167544;0.9999997430717403;0.9999790516056525;0.9999926829888113;1.0;0.999890675207645;1.00027211801076;1.0002765786151822;0.9999844055960935;0.9999936000944327;0.9999897734683209;0.9999249363533728;0.9998080470767321;1.0;0.9999751558256321;0.9999962693979201;1.0;0.999776275080914;0.9999269734902113;0.9999999999999999;0.9999912732606054;1.0;0.9999968003481982;0.9999880233809793;0.9999640082092507;1.0002301412325705;1.024999976158142;
2016-08-05 22:30:00;1.0;0.9999849827935067;0.9999776057370867;0.9999989776867635;1.0;1.0;1.0002654168011378;0.9999230194581411;1.0;1.0;0.9999835270285587;1.0002114005786795;1.0002214790732777;0.9999583240954307;0.9998926284531506;0.9998969926882051;0.9998984499382507;0.9999993122647027;0.9999992781022972;0.9999855715348668;0.999992106826416;0.9999999999999999;0.9998980186064982;1.0002618893673472;1.0002672171320626;0.999986295987663;0.9999946113333487;0.9999913320534584;0.9999295507431971;0.9998193359948911;1.0;0.999973599310238;0.9999960012578138;1.0;0.9997893006794943;0.9999221567573852;1.0;0.9999920672329303;1.0;0.9999965705298307;0.9999883729422814;0.9999775477067958;1.0002158812654631;1.024999976158142;
2016-08-05 22:45:00;1.0;0.9999729192000529;0.9999720011164062;0.9999985192861061;1.0;1.0;1.000276435178633;0.9998987866009508;1.0;0.9999999999999999;0.9999792466164493;1.0002129939602626;1.0002246048003454;0.9999437221727415;0.9998533630353857;0.9998612423887058;0.9998635008905319;0.9999996646403821;0.9999996065252138;0.9999832686401723;0.9999924363271463;1.0;0.9998628836177049;1.0002721260421734;1.0002785803308611;0.9999847773449586;0.9999937994787889;0.9999882873376285;0.9999319944661358;0.9998180225030502;1.0;0.9999701126108941;0.9999927878028154;1.0;0.9997861388803719;0.9999122023341384;1.0;0.9999920672329304;1.0;0.9999938136904845;0.9999879917057499;0.9999734476067432;1.000217474654184;1.024999976158142;
2016-08-05 23:00:00;1.0;0.9999715426237433;0.9999733693566458;0.9999991199531827;1.0;1.0;1.0002721994495023;0.9999156407392812;1.0;1.0;0.9999816091882248;1.0002084363642783;1.000220394383386;0.9999519248951357;0.9998799010106844;0.9998881652100134;0.9998899868861563;0.9999998378221837;0.9999997902517191;0.9999847784660988;0.999994194141371;0.9999999999999999;0.9998894965941277;1.0002682205763682;1.000274033919964;0.9999877064514683;0.9999946554000295;0.999989995374146;0.9999398571168201;0.9998255481904302;0.9999999999999999;0.9999767697046713;0.9999924253315703;1.0;0.9997904232940272;0.9999322343540471;1.0;0.9999916544037752;1.0;0.9999935042181123;0.9999905309821473;0.9999745972300744;1.0002130154458;1.024999976158142;
2016-08-05 23:15:00;1.0;0.999978262792397;0.9999746223947773;0.9999988709232992;1.0;1.0;1.0002610606881281;0.9999132694324552;1.0;1.0;0.99998164041258;1.000201821272182;1.0002129781522933;0.999952081968118;0.9998772989362934;0.9998836130719698;0.9998853931798047;0.9999996156454579;0.9999995772513479;0.9999845777578353;0.9999929697988692;1.0;0.9998848982397841;1.0002571951293802;1.000262956710141;0.9999863156939086;0.9999944179972434;0.9999900338839235;0.9999501031475386;0.9998426170190512;0.9999999999999999;0.9999761354292789;0.9999942133619328;1.0;0.9998063576261067;0.9999294776630752;1.0;0.9999912732606053;1.0;0.9999950374323007;0.9999890320954757;0.9999752352666644;1.0002064271452007;1.024999976158142;
2016-08-05 23:30:00;0.9999999999999999;0.9999941599958678;0.9999798207215038;0.99999889876486;1.0;0.9999999999999999;1.0002612124123722;0.9999279409096566;0.9999999999999999;1.0;0.9999847546859476;1.0002166051245547;1.0002256496585233;0.9999626349325843;0.9999032432658531;0.9999049449139107;0.999906095942624;0.9999994317316754;0.9999994085269988;0.999986245834416;0.9999927166906529;0.9999999999999999;0.9999057534907931;1.0002582064432128;1.0002627976481973;0.9999869003949514;0.9999950892133094;0.9999922329887948;0.999938001217297;0.9998255498358494;1.0;0.9999764159688961;0.9999984428065644;1.0;0.999791370509216;0.9999306656901837;1.0;0.9999908604325449;1.0;0.9999986640926947;0.9999890821168606;0.9999786167539894;1.0002211552074147;1.024999976158142;
2016-08-05 23:45:00;1.0;0.9999957490805221;0.9999840298101363;0.9999990336037508;1.0;1.0;1.0002594298491925;0.9999413518742918;1.0;1.0;0.9999878503470675;1.0002208569469844;1.0002293085934182;0.9999696932655878;0.9999213573230594;0.9999225944194902;0.9999235440113574;0.9999997872351906;0.9999997727167339;0.9999893152636093;0.999995169257361;1.0;0.9999232794402991;1.0002568647177332;1.000260731286187;0.9999902425191257;0.999996353499399;0.999993702767235;0.9999407140180904;0.999831849403803;1.0;0.9999739954919099;0.9999988665620242;1.0;0.9997987136338526;0.9999234166995115;1.0;0.9999916544037752;1.0;0.9999990277753809;0.9999923167527377;0.9999830491426801;1.0002251930883685;1.024999976158142;
2016-08-06 00:00:00;1.0;0.9999936524570194;0.9999842316181394;0.9999995136316844;1.0;1.0;1.0002541979083366;0.9999525704568137;0.9999999999999999;0.9999999999999999;0.9999891460479333;1.0002243945553695;1.0002306159413057;0.9999749109727386;0.9999393042260566;0.999941145722105;0.9999417920385154;0.9999998378221843;0.9999998243703115;0.9999899340379896;0.9999960495084195;1.0;0.9999416107439888;1.0002523390376203;1.000255091910183;0.9999919466888482;0.9999967734237355;0.999994786046294;0.9999465422284086;0.9998414678111717;1.0;0.9999757352484215;0.9999983097696976;1.0;0.9998076029983843;0.9999282199710353;1.0;0.999990479290912;1.0;0.9999985507000945;0.999993686109014;0.999983119285274;1.0002273641002906;1.024999976158142;
2016-08-06 00:15:00;1.0;0.9999903275640942;0.9999813627035813;0.9999991992256104;1.0;1.0;1.000258466225544;0.999937248313231;1.0;1.0;0.9999863187701628;1.0002200648192066;1.0002268951437019;0.9999665505750288;0.9999142912591977;0.9999170933032885;0.9999181690241232;0.9999992800554331;0.9999992563201324;0.9999875740668847;0.9999927686170449;1.0;0.9999178357359948;1.0002558956074439;1.0002598381579022;0.999988012629515;0.9999953599528921;0.9999930454981583;0.9999436506467504;0.9998384898570123;1.0;0.9999769032475377;0.9999974261165242;1.0;0.99980572811684;0.9999318736464219;0.9999999999999999;0.9999904792909121;1.0;0.999997793358276;0.999989581553642;0.999980805687686;1.0002231386183786;1.024999976158142;
2016-08-06 00:30:00;1.0;0.9999841156137947;0.9999810086943399;0.9999994479026255;1.0;1.0;1.0002548460583547;0.9999412606993363;1.0;1.0;0.9999867771149332;1.0002107970618996;1.0002185933244938;0.9999673158773984;0.9999184208751283;0.9999230365255269;0.9999241497796676;0.9999994165378928;0.9999993929980915;0.999988217193422;0.9999937531243092;0.9999999999999999;0.9999238161926564;1.0002520953311893;1.0002562023067099;0.9999894231437048;0.9999956400155858;0.999993204744375;0.9999523725402237;0.9998492959313385;1.0;0.9999747115530657;0.9999957707838226;0.9999999999999999;0.9998142273144839;0.9999249535350657;1.0;0.9999928612064208;1.0;0.9999963729353555;0.9999909113548421;0.9999811688217435;1.000213967010786;1.024999976158142;
2016-08-06 00:45:00;1.0;0.9999864288819453;0.9999830523899303;0.9999990247282595;1.0;1.0;1.0002482479592858;0.9999372634701361;1.0;1.0;0.999987252924045;1.000210855007877;1.0002179943303486;0.9999657716347448;0.9999104552875941;0.9999144028710029;0.9999157247549277;0.9999998179087892;0.9999998014164694;0.9999896063802572;0.999995365954231;1.0;0.9999153644601864;1.00024566933159;1.000249550218696;0.9999904985575698;0.9999962196803709;0.9999928885661045;0.9999694567832867;0.9998742015374389;1.0;0.9999749461471023;0.9999963855850232;0.9999999999999999;0.9998369685922237;0.9999254002059147;1.0;0.9999920672329304;1.0;0.999996899827618;0.9999925713179852;0.9999835190321031;1.000213824512601;1.024999976158142;
2016-08-06 01:00:00;1.0;0.9999864271663855;0.9999834801230262;0.9999991555839353;0.9999999999999999;1.0;1.0002453726051446;0.9999411112356171;1.0;1.0;0.9999877872785496;1.000206512173173;1.000213912463178;0.9999677084390516;0.9999162935899523;0.9999202346927986;0.9999214572296524;0.9999997550215153;0.9999997385379406;0.9999898720750406;0.999995322633281;1.0;0.9999211186438215;1.0002427842365682;1.000246661248108;0.9999907978889797;0.9999962999141484;0.9999932904943984;0.9999787256341724;0.999887790512616;1.0;0.999976854850136;0.9999963868422377;1.0;0.9998494578474922;0.9999310391751612;1.0;0.9999920672329303;1.0;0.9999969015424413;0.9999926610417709;0.9999838948544794;1.0002096262508997;1.024999976158142;
2016-08-06 01:15:00;1.0;0.999997121467947;0.999989107068724;0.9999995620229027;0.9999999999999999;1.0;1.000239137399475;0.9999645053367043;1.0;0.9999999999999999;0.9999920752706161;1.0002105582217722;1.0002163943601934;0.9999816005402459;0.9999535892249294;0.9999544254378231;0.999954922178743;0.9999995834361863;0.999999576236372;0.9999925016594795;0.9999957671717065;1.0;0.9999547623713446;1.000237360571;1.0002400418703137;0.9999929359918067;0.9999973138094119;0.9999961790602919;0.9999801846893017;0.9998988151219721;0.9999999999999999;0.9999774140205501;0.9999992324180627;1.0;0.999864794854676;0.9999325999026318;1.0;0.9999916544037751;0.9999999999999999;0.999999341737872;0.9999938815716852;0.9999882702325456;1.0002135567774078;1.024999976158142;
2016-08-06 01:30:00;1.0;0.9999964715928337;0.9999889761869355;0.9999990492750526;1.0;1.0;1.0002365953618806;0.9999527991146485;1.0;0.9999999999999999;0.9999909030666853;1.0002079822155094;1.000214087730452;0.9999755901762556;0.9999336284614919;0.9999346556120412;0.9999355633113279;0.9999997964077687;0.9999997895334576;0.9999924870450648;0.9999961056180371;1.0;0.9999353103965912;1.0002345525987508;1.0002376823067929;0.9999923277128404;0.9999972212367625;0.9999949319676463;0.9999776528625718;0.9999127666477706;0.9999999999999999;0.9999771926388854;0.9999990589953849;1.0;0.9998879560122147;0.9999317621629915;1.0;0.9999916544037754;1.0;0.9999991928149607;0.9999938856516454;0.9999887221320556;1.0002110827834998;1.024999976158142;
2016-08-06 01:45:00;1.0;0.9999937971444947;0.9999885533983138;0.9999991048194643;1.0;1.0;1.000239660451255;0.9999521357755607;1.0;0.9999999999999999;0.9999906563825932;1.0002065651733048;1.0002130852720073;0.99997472461453;0.9999311832565709;0.9999329833922397;0.9999339725252931;0.9999995957364665;0.9999995889250674;0.9999922565659399;0.9999952678311438;1.0;0.9999336841326802;1.000237372879009;1.0002408752498662;0.9999917106597236;0.9999969291586174;0.9999947528337023;0.9999783487521063;0.9999108252838331;1.0;0.9999730035682689;0.9999983482732907;1.0;0.9998847630243944;0.9999192794711842;1.0;0.999990479290912;0.9999999999999999;0.9999985836626359;0.9999929992633929;0.9999886814996379;1.000209708302869;1.024999976158142;
2016-08-06 02:00:00;1.0;0.9999906886866162;0.9999890137493345;0.9999993440228244;1.0;1.0;1.0002400096315858;0.9999580655813685;1.0;1.0;0.999991500107724;1.0002062888897458;1.000212619287883;0.9999770841685875;0.999938851019174;0.9999415481882811;0.9999424700777487;0.9999995850000665;0.9999995778428901;0.9999929528562955;0.9999956662265324;1.0;0.999942198610256;1.000237798409763;1.000241139532548;0.9999926988425514;0.9999971540924938;0.9999952423152042;0.9999855677388932;0.9999217091823932;1.0;0.9999686202141322;0.9999975225482981;1.0;0.9998951831486517;0.9999060405907562;1.0;0.9999912732606053;1.0;0.9999978760715434;0.9999937083491468;0.9999895047910405;1.000209113795245;1.024999976158142;
2016-08-06 02:15:00;1.0;0.9999938683009149;0.9999899576873015;0.9999993079896445;1.0;1.0;1.00023495289807;0.9999597406960273;1.0;1.0;0.9999919583592641;1.0002010245561839;1.000207670713671;0.999978561898725;0.9999419988624393;0.9999437734341304;0.9999446053386813;0.9999995344412717;0.9999995288209806;0.9999931857099033;0.9999954846335007;1.0;0.9999443539830964;1.0002327289396555;1.0002361073125854;0.9999926078708314;0.9999972266800241;0.9999955498930319;1.0000061787766457;0.9999455639315956;1.0;0.9999696240764642;0.9999983684214339;0.9999999999999999;0.9999134890876091;0.9999089504508896;1.0;0.9999916544037752;1.0;0.9999986013897403;0.9999935337110547;0.9999901164813761;1.0002042428819433;1.024999976158142;
2016-08-06 02:30:00;0.9999999999999999;0.9999970494178284;0.9999907750574802;0.9999990133304524;1.0;1.0;1.000235879735369;0.9999558547991724;1.0;1.0;0.9999918824673459;1.000209465233462;1.000214994256947;0.9999772417918206;0.9999362654963553;0.9999371240335005;0.9999380444238213;0.9999997458489763;0.999999740812962;0.9999935242728126;0.999996145406151;1.0;0.9999377846278996;1.0002339266956835;1.0002369501067025;0.999992747524218;0.9999974401532888;0.9999952759995553;1.0000237173103264;0.9999583466420239;1.0;0.9999626154635611;0.9999992129664363;1.0;0.9999180167520881;0.9998878829267744;1.0;0.999990860432545;1.0;0.999999324929392;0.9999940894242312;0.9999907891255093;1.0002122901479322;1.024999976158142;
2016-08-06 02:45:00;1.0;0.9999967600824253;0.9999908285414226;0.9999992695287294;1.0;1.0;1.0002314786101631;0.9999617379069821;1.0;1.0;0.9999925066679509;1.0002019306613672;1.00020817825093;0.9999801397183316;0.999946119234957;0.9999470604609247;0.9999477922378759;0.9999997167630141;0.9999997127770647;0.9999936740418195;0.9999963312264682;1.0;0.999947579988311;1.0002295027442805;1.0002325038593924;0.9999933727310129;0.9999975831268637;0.9999958780422881;1.0000294924123876;0.9999745506650676;1.0;0.9999680823247511;0.9999991363172488;1.0;0.9999373546975293;0.9999042297593577;1.0;0.9999896853204288;1.0;0.9999992593209155;0.999994489207606;0.9999906349730481;1.0002051296177397;1.024999976158142;
2016-08-06 03:00:00;1.0;0.9999937250951655;0.9999897975988236;0.9999994164686002;1.0;1.0;1.0002315175839223;0.9999616096052921;0.9999999999999999;1.0;0.9999920524797994;1.0001971823437137;1.0002037121178564;0.9999794675003242;0.9999451537503375;0.9999469762500958;0.9999477391958637;0.999999424151193;0.9999994183531498;0.999993018702661;0.9999950942125627;1.0;0.9999474982365546;1.0002293178219477;1.0002326601697704;0.9999924313383052;0.9999971306334362;0.9999957379310838;1.000044998931877;0.9999923772379531;1.0;0.9999635695101152;0.9999983287489514;1.0;0.999951100982109;0.9998906090813596;0.9999999999999999;0.999990860432545;1.0;0.9999985667900695;0.9999931667244562;0.9999898705737718;1.0002003254437926;1.024999976158142;
2016-08-06 03:15:00;1.0;0.9999921345461489;0.9999900904565783;0.9999992996112098;1.0;0.9999999999999999;1.0002288304156273;0.9999591919595295;1.0;1.0;0.999991929082792;1.0001928756209606;1.0001995273246098;0.9999779375456851;0.9999394901838599;0.9999417706868579;0.9999426918735047;0.9999993843288286;0.9999993779717591;0.9999932565330955;0.9999948708568251;1.0;0.9999424065214066;1.0002264651514967;1.000230075453013;0.9999921789742553;0.9999970517708492;0.999995420219534;1.0000552850447262;1.0000056090139282;1.0;0.9999675716457076;0.9999979064894338;1.0;0.9999621636711102;0.9999025985092507;1.0;0.9999920672329303;1.0;0.9999982050315682;0.9999928941920929;0.9999906242710536;1.0001959761421215;1.024999976158142;
2016-08-06 03:30:00;0.9999999999999999;0.9999934351293198;0.9999908491640821;0.9999991316350377;1.0;1.0;1.0002274760843022;0.9999580617378868;1.0;1.0;0.9999922334349405;1.0001955558704303;1.0002021202236409;0.9999776315961628;0.9999379565868363;0.9999398584333847;0.999940824951989;0.9999997872351905;0.999999783548436;0.9999940219849405;0.9999965747491227;1.0;0.9999405559306812;1.00022528532467;1.0002286050810856;0.999993472709775;0.9999975846604724;0.9999953577934381;1.000055501922025;1.0000070160155492;1.0;0.9999673509007024;0.9999982528299742;1.0;0.9999640977870465;0.9999019233984967;1.0;0.9999916544037752;1.0;0.9999985021284721;0.9999947141115128;0.9999913613552533;1.0001986989653981;1.024999976158142;
2016-08-06 03:45:00;1.0;0.9999971941057921;0.9999887221246437;0.9999983992139839;1.0;1.0;1.0002290080365825;0.9999368047474716;1.0;1.0;0.9999891147688529;1.00019961674842;1.0002056306979223;0.999967703538581;0.9999065810607255;0.9999073982280231;0.9999088131791624;0.9999996554678258;0.9999996507667795;0.9999917779700517;0.9999946497246046;1.0;0.9999084170287611;1.0002265488652011;1.000230445809188;0.999989883801115;0.9999965627519153;0.9999932971498255;1.0000492284833757;0.999999149119046;1.0;0.9999646099357608;0.9999992513125913;1.0;0.9999576520419453;0.9998936981942214;1.0;0.9999904792909119;1.0;0.9999993577524297;0.9999917763123486;0.9999890332542022;1.0002027172904782;1.024999976158142;
2016-08-06 04:00:00;1.0;0.9999974825955671;0.999993413213726;0.9999996718327226;1.0;1.0;1.0002273682807858;0.9999763807818779;0.9999999999999999;1.0;0.999994904393242;1.0001972277614417;1.0002033308251992;0.9999876383309363;0.9999672084767187;0.9999679397544627;0.9999683448312383;0.9999994930551105;0.9999994894443973;0.999995212763902;0.9999962547441009;1.0;0.9999682027847082;1.0002255634614141;1.0002282776056832;0.9999946505617933;0.9999980079496195;0.9999974346282252;1.0000476744967475;0.9999940832163084;1.0;0.9999699501581324;0.9999993285933431;1.0;0.9999511761512937;0.999909760152169;1.0;0.999989685320429;1.0;0.9999994242223208;0.9999949594486436;0.9999931784079166;1.000200397667323;1.024999976158142;
2016-08-06 04:15:00;1.0;0.9999943749650518;0.9999912385052679;0.9999994543180025;1.0;1.0;1.0002310032301722;0.999966163079863;0.9999999999999999;0.9999999999999999;0.9999931120434088;1.0001977726618294;1.0002044053690229;0.9999818858759104;0.9999514045196416;0.9999530360733202;0.9999537278234988;0.9999995758274733;0.9999995706383386;0.9999940884237626;0.9999960535556373;1.0;0.9999535162153963;1.0002289059158973;1.0002320634811992;0.9999936569018073;0.9999975965570133;0.9999962398490856;1.000044342773289;0.9999912607637754;1.0;0.999963934848896;0.9999985022303483;1.0;0.9999499469882785;0.9998916946457316;0.9999999999999999;0.9999924483761707;1.0;0.9999987157648058;0.9999943977088409;0.9999913691309605;1.0002010177827976;1.024999976158142;
2016-08-06 04:30:00;1.0;0.9999936541840019;0.9999912631933333;0.9999991734601389;1.0;1.0;1.0002269273465798;0.9999601106330471;1.0;1.0;0.9999925799476904;1.0001951304212973;1.0002016713006099;0.9999786968202361;0.9999408851600585;0.9999427331617883;0.9999436562714852;0.999999776498781;0.9999997707555267;0.9999942797225493;0.9999966455893983;1.0;0.9999433979094218;1.0002247666154465;1.0002280365791458;0.9999937053036262;0.9999976699811725;0.9999955776151743;1.0000368943390219;0.9999856783521459;1.0;0.999973347724219;0.9999983086929883;1.0;0.9999474892903323;0.999919912126312;1.0;0.9999912732606052;1.0;0.9999985491424138;0.9999948633649262;0.9999917737744597;1.000198273514928;1.024999976158142;
2016-08-06 04:45:00;1.0;0.9999953885776415;0.9999932176810449;0.9999994781428805;1.0;1.0;1.0002252275625652;0.9999711163101354;1.0;1.0;0.9999943368194345;1.0001937596157744;1.0001999548320997;0.9999845709522059;0.9999572295888769;0.9999585749957365;0.9999592153592057;0.9999995129640783;0.9999995084079703;0.9999952190608019;0.9999961366648011;0.9999999999999999;0.999959012852806;1.0002232328883038;1.00022625447992;0.9999942466304107;0.9999978706704468;0.9999967976378638;1.0000443328042903;0.999991265700929;1.0;0.9999713013761294;0.9999987699219997;0.9999999999999999;0.9999495569736726;0.9999137255717276;1.0;0.999990479290912;1.0;0.9999989445777878;0.9999947029844951;0.9999935170632243;1.0001968333341076;1.024999976158142;
2016-08-06 05:00:00;1.0;0.9999974834814914;0.9999934460311429;0.9999993230142225;1.0;1.0;1.0002262728843017;0.9999686728311847;1.0;1.0;0.9999941611712813;1.0001960208946374;1.0002023155929132;0.9999837654494065;0.9999540650942476;0.9999547996077193;0.9999554708167063;0.9999996049090488;0.9999996019570515;0.9999952011128231;0.9999963476082233;0.9999999999999999;0.99995526664774;1.000224281702613;1.0002273155878685;0.9999941360501876;0.9999979235260295;0.9999966313525787;1.0000472089162404;0.9999948500566728;1.0;0.9999669982022251;0.9999993279948578;1.0;0.9999527057552173;0.9999008228586983;1.0;0.9999920672329303;1.0;0.999999423389577;0.999994817040306;0.9999935625090788;1.0001992950453342;1.024999976158142;
2016-08-06 05:15:00;1.0;0.9999987120301002;0.9999958188133755;0.9999996488929889;1.0;1.0;1.000222769972928;0.9999819848182953;1.0;1.0;0.9999964736645158;1.0001958837203981;1.0002018328872948;0.9999906967228485;0.9999742948068713;0.9999746730078847;0.9999750233410734;0.9999997565853939;0.9999997553223224;0.9999969597092755;0.9999977979890792;1.0;0.9999749141633074;1.0002211620136177;1.0002235497413674;0.9999964951817205;0.9999987412195734;0.999998070437727;1.0000466352529063;0.9999998030513124;1.0;0.9999718324390019;0.9999996547887269;1.0;0.99996053064075;0.999915321914394;0.9999999999999999;0.999991654403775;1.0;0.9999997035936153;0.9999968876165046;0.9999957496371302;1.00019905362202;1.024999976158142;
2016-08-06 05:30:00;0.9999999999999999;0.9999971949888858;0.9999920777223642;0.9999990831855445;1.0;1.0;1.0002267523806856;0.9999602964581427;1.0;0.9999999999999999;0.9999928237326474;1.0001989792723027;1.0002048084733917;0.9999794990426052;0.9999418574503317;0.9999426778920951;0.9999435407323578;0.9999997151991682;0.9999997109916307;0.9999943559880526;0.999996321963817;1.0;0.9999432939171427;1.0002247659399053;1.00022782623672;0.9999933527747641;0.9999976704319012;0.9999957450644258;1.000049216573297;0.9999993706085853;1.0;0.9999638750704775;0.9999992506845249;1.0;0.9999578023792713;0.9998913670633537;0.9999999999999999;0.9999896853204288;1.0;0.9999993568937896;0.9999944729018753;0.9999922316970554;1.0002019777932254;1.024999976158142;
2016-08-06 05:45:00;1.0;0.9999929316754105;0.9999912066329311;0.9999993608677792;1.0;1.0;1.000227401148743;0.999964103179073;1.0;0.9999999999999999;0.9999929907667627;1.0001949900938485;1.0002016224862151;0.9999805571833755;0.9999474610482028;0.9999495190262003;0.9999503235902111;0.9999997749348924;0.9999997692307082;0.999994400518819;0.9999968725875167;1.0;0.9999500962836737;1.0002253080834924;1.0002284392610243;0.9999942323481181;0.9999977835500464;0.9999959636687286;1.0000443555054683;0.9999958803510249;1.0;0.9999708849946816;0.9999981163887389;1.0;0.9999566182078383;0.9999125049020218;1.0;0.9999916544037752;1.0;0.9999983842165092;0.9999952516698427;0.9999916321570331;1.0001981331870389;1.024999976158142;
2016-08-06 06:00:00;1.0;0.9999932910743745;0.9999922167126382;0.9999995075003463;1.0;0.9999999999999999;1.0002281453013857;0.999969410490157;1.0;1.0;0.9999938456703599;1.0001947785138203;1.0002013623298822;0.9999832997858041;0.999954841321036;0.9999567878659306;0.9999574777050421;0.9999995941726016;0.9999995893663564;0.9999948766711678;0.9999964075311473;1.0;0.9999572678854569;1.000226064601168;1.0002291824433251;0.9999943439972918;0.9999978229310367;0.9999965335825364;1.0000377571831296;0.9999904551419978;1.0;0.9999662612562809;0.9999982137801335;1.0;0.9999541299326052;0.999898581999996;1.0;0.9999912732606053;1.0;0.9999984683817379;0.9999949478528615;0.999992645465613;1.0001979216063455;1.024999976158142;
2016-08-06 06:15:00;0.9999999999999999;0.9999969767795372;0.9999949448463922;0.9999995696292505;1.0;1.0;1.0002273104841735;0.9999779260015563;1.0;1.0;0.9999957462757789;1.0001994563942793;1.0002054123849815;0.999988313882119;0.9999676459351932;0.9999685235067657;0.9999690041815287;0.9999997458489762;0.9999997437656766;0.9999965063404751;0.9999975477845863;1.0;0.9999688599847377;1.0002255940574534;1.000228154719671;0.9999959845871497;0.9999985250634587;0.9999975754942038;1.0000377094862056;0.9999899418642705;1.0;0.9999682059879976;0.9999991941877446;1.0;0.9999534552839816;0.999904493681254;1.0;0.9999908604325449;0.9999999999999999;0.9999993090170399;0.9999964871091782;0.9999951078353583;1.000202510757874;1.024999976158142;
2016-08-06 06:30:00;0.9999999999999999;0.9999973379070005;0.9999949487563536;0.9999994765792956;1.0;1.0;1.0002255941795868;0.9999760023302712;1.0;0.9999999999999999;0.9999955639261582;1.0001971074123979;1.0002033657416787;0.999987420280082;0.9999646560565035;0.9999654286791856;0.9999659629165931;0.9999998071441849;0.9999998054726124;0.9999965020513346;0.9999977008029823;1.0;0.9999658089360216;1.0002238042093616;1.0002264768555176;0.9999959404578284;0.9999985419427543;0.9999973902459216;1.0000387662921375;0.9999914638792133;0.9999999999999999;0.9999727153957515;0.9999992903035675;1.0;0.9999547596249674;0.9999180638317587;1.0;0.9999900664615026;1.0;0.9999993914490108;0.9999965847323351;0.9999951329321669;1.0002003525312075;1.024999976158142;
2016-08-06 06:45:00;1.0;0.9999971220957456;0.9999926799834421;0.9999992353386986;1.0;0.9999999999999999;1.0002328380297396;0.9999645926727746;1.0;1.0;0.9999933828854651;1.0002023172415644;1.0002082920251316;0.9999816434663602;0.9999476531712987;0.9999484926995658;0.9999492619530884;0.9999994333237988;0.9999994286537329;0.9999944931081355;0.9999953515475447;1.0;0.9999490199785055;1.0002307590327166;1.0002339731676526;0.9999929585498329;0.9999975144716429;0.9999961902116093;1.0000261028617812;0.9999694326261992;1.0;0.9999681788549812;0.9999992318058374;1.0;0.9999326035930307;0.9999045993511315;1.0;0.9999916544037752;1.0;0.999999340894898;0.9999935784426969;0.9999928647441998;1.000205390986196;1.024999976158142;
2016-08-06 07:00:00;0.9999999999999999;0.99999423204817;0.9999924737848807;0.9999997422564789;1.0;1.0;1.0002400993886498;0.9999753134208107;1.0;1.0;0.9999945130171626;1.0002076658835173;1.0002140067593464;0.9999864485167501;0.999965011468212;0.9999666908817602;0.999967167800083;0.9999995145278952;0.9999995100119792;0.9999949723499592;0.9999963464446532;1.0;0.9999670083722212;1.0002381943830658;1.000241027580701;0.9999947303649362;0.9999979218332047;0.9999971872029331;0.999969542270274;0.9999331673962318;1.0;0.999969065697625;0.9999984626346812;1.0;0.9999265626734918;0.9999074618180399;1.0;0.999992448376171;1.0;0.9999986812309403;0.9999950624951512;0.9999925583398879;1.000210739644586;1.024999976158142;
2016-08-06 07:15:00;1.0;0.9999945213797555;0.9999873574322081;0.9999994671632918;1.0;1.0;1.0002471964955937;0.9999583055147768;1.0;1.0;0.9999908665985708;1.0002058356063641;1.0002147561957346;0.9999779606823516;0.9999444217909379;0.9999460184898841;0.9999466797915707;0.9999997167630141;0.9999997048526087;0.9999917209628687;0.999995993247131;1.0;0.9999464860697167;1.0002447122041878;1.0002483782625395;0.999992605344793;0.9999971222361848;0.9999954203575742;0.9999322740929041;0.999918441169628;1.0;0.9999556091469505;0.9999985391611705;1.0;0.9999364101931713;0.9998667878777828;1.0;0.9999912732606052;1.0;0.9999987467325016;0.9999939164851634;0.9999867314255444;1.000210342854456;1.024999976158142;
2016-08-06 07:30:00;0.9999999999999999;0.9999961822582506;0.9999907064706643;0.9999989108729606;1.0;1.0;1.00024013544395;0.9999528170595446;1.0;1.0;0.9999914819999647;1.0001977892385019;1.0002067543898419;0.9999755432364665;0.9999302004445065;0.9999313102705406;0.9999323626607581;0.9999995559140854;0.9999995506969882;0.9999932889998747;0.9999951837488301;1.0;0.9999320548461157;1.0002372803575377;1.000241632304002;0.9999917770435338;0.9999971168677473;0.9999949238418022;0.9999236932379719;0.9999154042703396;0.9999999999999999;0.9999673340178705;0.9999989823776338;1.0;0.9999387480035665;0.9999020311454333;1.0;0.9999916544037752;1.0;0.9999991272340308;0.9999929637530641;0.9999910199524042;1.0002024372004998;1.024999976158142;
2016-08-06 07:45:00;1.0;0.9999942302771668;0.999990935340192;0.9999996638857624;1.0;1.0;1.0002442178637885;0.9999696137019949;1.0;1.0;0.9999932448387174;1.0002087431483853;1.0002153586287046;0.9999835899363126;0.9999571296317138;0.9999588025412506;0.9999593628386788;0.9999992740387541;0.9999992674627914;0.9999936467745268;0.9999948996705291;1.0;0.9999591646296521;1.000242082858864;1.0002453079607152;0.9999929728444861;0.9999972986907272;0.9999965929308483;0.9999112920547956;0.9999011851221682;0.9999999999999999;0.9999606312621656;0.9999984638594491;1.0;0.9999281345897252;0.9998819066960059;1.0;0.999989685320429;0.9999999999999999;0.9999986829196534;0.9999932450676946;0.9999908944345574;1.0002119689484683;1.024999976158142;
2016-08-06 08:00:00;1.0;0.9999780437577737;0.9999839151007427;0.9999992886314255;1.0;1.0;1.0002460280572651;0.9999433732108161;1.0;1.0;0.999988344035381;1.000199225239587;1.000207556804103;0.9999671731299635;0.9999145320961325;0.9999209003149894;0.9999223526324666;0.999999716763014;0.999999703069146;0.999990975695275;0.999995603982573;1.0;0.9999219509557685;1.000243037778317;1.0002474548145532;0.999991704072755;0.9999964138355395;0.9999931819228538;0.9999238722878858;0.9999100247342689;1.0;0.9999627003193132;0.9999941579890395;0.9999999999999999;0.9999305475250392;0.9998880824785754;1.0;0.9999912732606053;1.0;0.9999949908437166;0.9999932498430637;0.9999857238231996;1.0002022699232551;1.024999976158142;
2016-08-06 08:15:00;1.0;0.9999269662815254;0.9999615863324692;0.9999993723252503;0.9999999999999999;1.0;1.000266083746499;0.9998871457888268;0.9999999999999999;1.0;0.9999750224909647;1.0001686234663911;1.0001836085132454;0.9999286657446105;0.9998231864523219;0.9998444065349358;0.999847784416391;0.9999997673217991;0.9999996618843369;0.999981388747153;0.9999931937771223;1.0;0.9998468800612904;1.000260179566465;1.0002686406569024;0.999985931076502;0.9999927236408418;0.9999851390391318;0.9999358017362658;0.9999209240028738;1.0;0.9999581646555395;0.9999805587138434;1.0;0.9999370234371955;0.9998744506960338;0.9999999999999999;0.9999916544037751;1.0;0.9999833268208764;0.9999890408338546;0.999968215904323;1.0001717664767245;1.024999976158142;
2016-08-06 08:30:00;1.0;0.9999695206989457;0.9999755248401504;0.9999990652758346;1.0;1.0;1.0002685664663231;0.9999170003323923;1.0;1.0;0.9999823787426406;1.0001981961256299;1.0002102323959063;0.9999522059487161;0.9998762112795466;0.9998850672108021;0.9998870828959731;0.9999991637442366;0.9999991274677729;0.9999855669013692;0.9999915764572792;1.0;0.9998864943416897;1.0002641133757422;1.0002707487496982;0.9999860562875923;0.9999941236464706;0.9999900632454121;0.9998365607424042;0.9998014689815007;1.0;0.9999597064235395;0.9999918863706371;0.9999999999999999;0.9998423482119437;0.9998797470682605;0.9999999999999999;0.9999912732606053;1.0;0.9999930416145175;0.9999878756642921;0.9999777289588558;1.000202676753261;1.024999976158142;
2016-08-06 08:45:00;1.0;0.9999774674188612;0.9999839047585187;0.9999993724191782;1.0;1.0;1.0002570690828843;0.9999449427081181;1.0;1.0;0.9999884663152416;1.00020784151357;1.0002164780233123;0.9999678394069323;0.9999166387353094;0.9999231821579503;0.9999246022762622;0.9999995957364666;0.9999995787624878;0.99999092078712;0.9999951732363342;1.0;0.9999242005793505;1.0002539819838476;1.0002585404101585;0.9999915057069562;0.9999963136279891;0.9999933183721103;0.9998595623681;0.9998346328499311;1.0;0.9999618253408561;0.9999940026209947;1.0;0.9998721222823981;0.9998857846720753;1.0;0.9999920672329303;1.0;0.9999948568937873;0.9999928429178703;0.9999857586090865;1.0002110114530895;1.024999976158142;
2016-08-06 09:00:00;1.0;0.9999832484368514;0.9999842054578876;0.999999443935149;1.0;1.0;1.0002631769011985;0.9999487931896387;1.0;0.9999999999999999;0.9999889458471787;1.000222826477175;1.0002303666065167;0.9999709292194546;0.9999266533377833;0.9999315203310208;0.9999326368449404;0.999999807144185;0.9999997930344923;0.9999908479956999;0.9999961041404454;1.0;0.9999323297863364;1.0002606552621727;1.000264359667964;0.9999922690052314;0.9999966830954634;0.9999939605125705;0.9998564431690413;0.9998231940041695;1.0;0.9999526650142164;0.9999955403580664;1.0;0.9998584678158577;0.9998585521593714;0.9999999999999999;0.9999916544037751;1.0;0.9999961753829296;0.9999938605336546;0.9999849777782267;1.0002257960174405;1.024999976158142;
2016-08-06 09:15:00;1.0;0.9999490016757058;0.9999713093932102;0.9999995894986554;0.9999999999999999;1.0;1.0002708811145165;0.9999173269232167;1.0;1.0;0.9999814113474351;1.0001974987465216;1.000209063306732;0.9999482526792715;0.9998726525999402;0.9998874699575943;0.9998898201635765;0.9999997259399919;0.9999996673398468;0.9999856889679045;0.9999944704457058;1.0;0.9998891830789876;1.0002664850950875;1.0002727946793692;0.9999890836384565;0.9999944746492813;0.9999892298484495;0.9998607199717523;0.9998310772463198;1.0;0.9999586140038175;0.9999864248990981;1.0;0.9998661545550667;0.9998762687988231;0.9999999999999999;0.9999908604325449;0.9999999999999999;0.99998835782722;0.9999913088330042;0.9999756126404848;1.0002002968215296;1.024999976158142;
2016-08-06 09:30:00;1.0;0.9999366386208596;0.9999609673479738;0.9999992630316438;0.9999999999999999;1.0;1.0002767327813276;0.9998842716056862;0.9999999999999999;1.0;0.9999741885477682;1.0001879692966857;1.0002013474773932;0.9999291918714582;0.9998243736098362;0.9998427458351494;0.9998458568251203;0.9999994639691592;0.9999993784371687;0.999979655867125;0.9999913678061304;1.0;0.9998450013685896;1.00027124428679;1.000279215271061;0.9999836663784996;0.9999921539873807;0.9999852584218109;0.9998621644222775;0.999830464804561;0.9999999999999999;0.9999520898436546;0.9999831429300039;0.9999999999999999;0.9998643715575363;0.9998567017852108;0.9999999999999999;0.9999896853204289;1.0;0.9999855464432416;0.9999867263325782;0.9999659913713826;1.0001909119280592;1.024999976158142;
2016-08-06 09:45:00;1.0;0.9999768887357897;0.999980341037683;0.999999150314305;1.0;1.0;1.0002664541408925;0.9999321876677085;1.0;1.0;0.999985818544102;1.000217875036981;1.0002264082110899;0.9999613162900024;0.9999001328007926;0.9999068414797132;0.9999084483177695;0.999999675381207;0.9999996499162033;0.9999886423100962;0.9999946410600676;0.9999999999999999;0.9999080031171347;1.0002632833842222;1.0002679938871126;0.9999897605099443;0.9999956582706149;0.9999919590859726;0.9998441345067833;0.9998097445016777;1.0;0.9999565481642719;0.999993849168166;1.0;0.9998485135040849;0.9998702335692031;1.0;0.9999900664615023;1.0;0.9999947255399239;0.9999917182256435;0.9999818818870791;1.0002209488294236;1.024999976158142;
2016-08-06 10:00:00;1.0;0.9999888131222681;0.9999908052155922;0.9999998028499937;0.9999999999999999;1.0;1.0002605813162988;0.9999720298285205;0.9999999999999999;1.0;0.9999936479457904;1.0002229250144559;1.0002299523769338;0.9999837134413369;0.9999588579498006;0.9999621121385935;0.9999627533117782;0.9999995252687085;0.9999995187503904;0.9999944476490831;0.9999963068903543;1.0;0.9999625514550807;1.0002584029909145;1.0002616023389415;0.9999945746713029;0.9999976907606482;0.9999966185584949;0.9998266238617051;0.9997880607667734;1.0;0.9999592913477585;0.9999970204357563;1.0;0.9998307058786853;0.9998785547245062;1.0;0.9999916544037752;1.0;0.9999974443592685;0.9999949686170384;0.9999914683144339;1.0002259988224176;1.024999976158142;
2016-08-06 10:15:00;1.0;0.999989389217354;0.9999877048123383;0.9999991192884613;0.9999999999999999;1.0;1.0002675407787387;0.9999498774563776;0.9999999999999999;1.0;0.9999902056456952;1.0002319992496833;1.000238711167284;0.9999727081035212;0.9999261662494181;0.9999292452147928;0.9999303913906618;0.9999996462952393;0.9999996370096265;0.9999921914525677;0.9999954718057813;1.0;0.9999300652568415;1.0002651090427594;1.0002687989952472;0.999991855006382;0.9999968586077711;0.9999943328588194;0.9998104122673109;0.9997755606354148;1.0;0.9999528782888529;0.9999971756503385;1.0;0.9998265520138618;0.9998595258367831;1.0;0.9999916544037752;1.0;0.9999975781778683;0.9999932128549762;0.9999884174442187;1.0002349420105963;1.024999976158142;
2016-08-06 10:30:00;1.0;0.9999894626944698;0.9999848727073909;0.9999989553170905;1.0;1.0;1.0002893030719635;0.9999396434426533;0.9999999999999999;0.9999999999999999;0.9999880239949778;1.0002526406357883;1.0002593947430423;0.9999675780023239;0.9999128253642648;0.9999158885393314;0.999917172157397;0.9999995344412717;0.999999521129199;0.9999901344440975;0.999994273204533;1.0;0.9999168020487661;1.0002867089007834;1.0002906887453316;0.9999898174538631;0.999996121703442;0.9999932659304452;0.9997000554765081;0.9996457646186718;1.0;0.9999557420756643;0.9999971937594181;1.0;0.9997276378652693;0.9998695246620053;1.0;0.9999904792909119;1.0;0.9999975931969802;0.9999914648632598;0.9999852833877826;1.0002556102645688;1.024999976158142;
2016-08-06 10:45:00;1.0;0.99999134175869;0.9999803036366303;0.9999988594908643;1.0;0.9999999999999999;1.000288319327107;0.9999279398136176;1.0;1.0;0.9999850527536968;1.0002541279979216;1.0002605960944004;0.9999620718119694;0.9999011571845348;0.9999036763829234;0.99990495376119;0.9999995957364666;0.999999574653128;0.9999870049162055;0.9999935570170876;1.0;0.9999045895907158;1.0002858218467126;1.0002896751737844;0.999987778181024;0.9999953551044481;0.9999921176167758;0.9997256836819259;0.9996921413954715;0.9999999999999999;0.9999545386243609;0.9999976931904072;1.0;0.9997755424074779;0.9998656933175273;1.0;0.9999920672329304;1.0;0.9999980213294698;0.9999900808762072;0.9999796708509153;1.0002570708239393;1.024999976158142;
2016-08-06 11:00:00;1.0;0.9999898958685018;0.9999844947693374;0.9999991014618419;1.0;1.0;1.000280758165481;0.999942901197813;1.0;1.0;0.9999883058779783;1.000244711098918;1.0002519126972917;0.999969301500303;0.9999198921529729;0.9999228280693989;0.9999239516814259;0.9999998071441848;0.9999997942175656;0.9999902376968641;0.9999955801648382;0.9999999999999999;0.9999236427568617;1.0002783162646198;1.000281990073215;0.9999910553098318;0.9999965036073785;0.9999936231949768;0.999728284580584;0.9997001494276619;1.0;0.999954987363843;0.9999973093883615;1.0;0.9997843561916413;0.9998664603078626;1.0;0.999990860432545;0.9999999999999999;0.9999976924912151;0.9999929629782042;0.9999845324573841;1.0002479563721773;1.024999976158142;
2016-08-06 11:15:00;1.0;0.9999890312652124;0.9999888957616937;0.9999992051219265;1.0;0.9999999999999999;1.0002758852338594;0.9999543790702702;0.9999999999999999;1.0;0.9999911354442559;1.0002387096468255;1.0002457858106921;0.9999748873334774;0.999931793733478;0.9999349907410627;0.9999360856464744;0.9999996447314056;0.9999996349160927;0.9999930436395028;0.9999957933717704;0.9999999999999999;0.9999357728816877;1.0002734148613033;1.0002771389310836;0.9999926005909526;0.9999971178838026;0.9999947849280572;0.9997045836400988;0.9996943558049826;0.9999999999999999;0.9999599500943337;0.999997076911788;1.0;0.9997951813197407;0.9998809939669431;1.0;0.9999912732606053;1.0;0.9999974922201429;0.9999937629521238;0.9999897964894086;1.0002418238247972;1.024999976158142;
2016-08-06 11:30:00;1.0;0.9999897511832285;0.9999863000617338;0.9999985668956601;1.0;1.0;1.000274393441485;0.9999336778499901;0.9999999999999999;1.0;0.9999878952623632;1.0002362848661341;1.0002431386557862;0.9999646421033783;0.9999001290692664;0.9999031062717105;0.9999046966445215;0.9999994134104282;0.9999994013175778;0.9999907077917641;0.9999935265733342;0.9999999999999999;0.9999042374061851;1.0002714942987072;1.0002760192002986;0.9999888802250049;0.9999959513605374;0.9999926579453439;0.9997682652715658;0.9997317834922372;1.0;0.9999546851625454;0.999997271123105;0.9999999999999999;0.9997972651205497;0.9998653331356803;1.0;0.9999908604325448;1.0;0.9999976597389868;0.999990513951411;0.9999873598107735;1.0002393296626149;1.024999976158142;
2016-08-06 11:45:00;1.0;0.9999817984914666;0.9999803143932324;0.9999985180441319;1.0;1.0;1.0002792982881672;0.9999186850803672;1.0;1.0;0.9999843586459233;1.0002365278450134;1.0002443309134506;0.9999555322845259;0.9998800125090084;0.9998852795962635;0.9998871830252913;0.9999997872351907;0.9999997704713214;0.9999879892302932;0.9999942695705283;1.0;0.9998866676942526;1.0002761219643665;1.0002809666473202;0.9999881596919693;0.9999953731311423;0.9999907640557163;0.9997500106747435;0.9997120753277587;1.0;0.999958382197703;0.9999951597420785;1.0;0.9997834591701388;0.9998767059111844;1.0;0.9999904792909119;1.0;0.9999958508692881;0.999990776072201;0.9999816391485666;1.0002395458355287;1.024999976158142;
2016-08-06 12:00:00;0.9999999999999999;0.999983317871476;0.9999863049743767;0.9999990702578904;1.0;1.0;1.0002773810529362;0.9999446853985515;1.0;1.0;0.9999892728555865;1.0002353499330723;1.000243066435206;0.9999688896905333;0.9999160159908671;0.9999208508464276;0.999922267180665;0.9999997060266073;0.9999996945754357;0.9999919083393097;0.9999955914420334;0.9999999999999999;0.9999218742111013;1.0002745515178437;1.000278797497455;0.9999917378841003;0.9999966629438627;0.9999935393695818;0.9997600182520884;0.9997179589344924;1.0;0.9999558194604637;0.9999955618961331;1.0;0.9997837573157445;0.9998689746167416;1.0;0.9999908604325449;1.0;0.9999961949408792;0.9999932539997576;0.9999878557870491;1.0002384237792172;1.024999976158142;
2016-08-06 12:15:00;1.0;0.9999903290424949;0.9999848934297489;0.9999985422484103;1.0;1.0;1.0002851784913118;0.9999302666939563;1.0;1.0;0.9999870107556057;1.000246209524671;1.0002534333290867;0.9999630438146706;0.9998969350169051;0.9998997435886453;0.9999013247348435;0.9999994624052854;0.9999994471573659;0.9999897828933392;0.9999934511206987;1.0;0.9999008713572602;1.0002822331893617;1.000286817894684;0.9999883819574193;0.9999957572818517;0.999992324021569;0.9997686256585541;0.9997121238841686;0.9999999999999999;0.999958702281154;0.9999974250302204;0.9999999999999999;0.999768993503906;0.9998786558965295;0.9999999999999999;0.9999912732606052;1.0;0.999997791796811;0.9999902497277809;0.9999856176643308;1.0002494973704508;1.024999976158142;
2016-08-06 12:30:00;1.0;0.9999803559027066;0.9999614947273409;0.9999986634040812;0.9999999999999999;1.0;1.0002967494674346;0.9998809364513768;1.0;1.0;0.9999732554224202;1.000253169789143;1.0002609453778708;0.9999362467159503;0.9998438897748209;0.9998495863751831;0.9998514171255066;0.9999997458489763;0.9999996568024974;0.9999758415239028;0.9999908389410783;1.0;0.9998509180005926;1.0002936104635245;1.0002983712770277;0.9999806222328306;0.999992205479091;0.9999867109791205;0.9997763469605526;0.9997206216701361;1.0;0.9999580780992886;0.9999947717650909;1.0;0.9997744227936675;0.9998762550698495;1.0;0.9999916544037752;1.0;0.999995517131791;0.9999850664408751;0.9999596079249948;1.000256070044383;1.024999976158142;
2016-08-06 12:45:00;0.9999999999999999;0.9999850530783418;0.9999817362296978;0.999998663018006;1.0;1.0;1.0002900732928086;0.9999259155331698;1.0;1.0;0.9999855848188876;1.0002499926292021;1.0002575651597567;0.9999598038430719;0.9998921239106296;0.9998964593148747;0.999898117248411;0.9999998071441848;0.99999978682566;0.9999886937294316;0.9999946934363428;1.0;0.9998976678528918;1.0002871437259369;1.000291603903647;0.999989013817238;0.9999957393628307;0.9999916478436839;0.9997551374272974;0.9996909133680095;1.0;0.9999598210861893;0.9999960223771349;1.0;0.9997489575407769;0.9998823390678245;1.0;0.9999916544037751;1.0;0.9999965894131195;0.9999914490470572;0.9999825930663258;1.0002531068423026;1.024999976158142;
2016-08-06 13:00:00;1.0;0.9999638827775783;0.9999580979009928;0.9999981139796459;1.0;1.0;1.0003046516407175;0.9998573689938683;1.0;0.9999999999999999;0.9999697763009133;1.0002420132663088;1.0002521396112836;0.9999211070074143;0.9997985486074895;0.9998090322991955;0.9998119617706795;0.9999995650866871;0.9999994583078003;0.9999747378304896;0.9999892114611378;1.0;0.9998111611245336;1.0003000825087422;1.0003070142768211;0.99997805450455;0.9999910271008172;0.9999835623570947;0.9997554450433978;0.9996923999352371;1.0;0.999955611674657;0.9999903870914649;1.0;0.9997506984637258;0.9998693073362758;1.0;0.9999908604325449;1.0;0.999991756652035;0.9999827766801855;0.9999591078219288;1.000245058080227;1.024999976158142;
2016-08-06 13:15:00;0.9999999999999999;0.9999875116679996;0.9999617722332085;0.9999986485421574;1.0;1.0;1.0003131307173727;0.9998816106866859;1.0;1.0;0.9999731227382601;1.000270015575532;1.0002776462672696;0.9999380105298004;0.9998478396694314;0.9998514688706714;0.9998530723410896;0.9999993046840783;0.9999992163765821;0.9999748098947288;0.99998870852615;1.0;0.9998526020392642;1.0003100049119553;1.0003148449311985;0.9999786000786096;0.999991678535811;0.9999870773156011;0.9997515681250948;0.9996660438307262;1.0;0.9999423683321625;0.9999966732903719;1.0;0.9997166645411931;0.9998304854954764;1.0;0.999990860432545;1.0;0.9999971468598599;0.9999826246769536;0.9999588356055507;1.0002733303071696;1.024999976158142;
2016-08-06 13:30:00;1.0;0.9999925694524527;0.9999889000480756;0.999998964159378;1.0;1.0;1.0002957419513685;0.999949616663172;0.9999999999999999;1.0;0.9999905760096968;1.0002613376573617;1.0002681521003296;0.9999732112418952;0.9999256885401631;0.9999278482329593;0.9999289901097348;0.9999996662042336;0.9999996583038491;0.9999926157984697;0.9999955106020474;1.0;0.9999286665019919;1.000293308564097;1.0002970333857903;0.9999918104798733;0.999996984807575;0.9999944381044242;0.9997321718304877;0.9996420703345453;1.0;0.999950132170391;0.9999980208484144;1.0;0.9996969424497657;0.9998540660752824;1.0;0.999990479290912;1.0;0.9999983025978523;0.9999932235173957;0.9999894351275446;1.0002645561771895;1.024999976158142;
2016-08-06 13:45:00;1.0;0.9999888122440563;0.9999868299687571;0.9999987678440106;1.0;1.0;1.0002887879052227;0.9999401819567193;1.0;1.0;0.9999889328204182;1.0002524472621885;1.0002595469950837;0.9999677204278159;0.9999107986862042;0.999914049472706;0.9999154799342059;0.999999807144185;0.9999997974166217;0.9999917038698907;0.9999956383180874;1.0;0.9999150903400643;1.0002861351834553;1.000290183524371;0.9999911824321668;0.9999966798853666;0.9999932976235673;0.9997665595080504;0.9996925603854322;0.9999999999999999;0.999953205982983;0.9999970210959834;0.9999999999999999;0.9997422784328048;0.9998625964615523;1.0;0.9999908604325448;1.0;0.9999974452452058;0.9999930595431411;0.9999878244228384;1.0002555614829314;1.024999976158142;
2016-08-06 14:00:00;1.0;0.9999847645964183;0.9999830564266943;0.9999988437629634;1.0;1.0;1.0002928091851604;0.9999319795867189;1.0;1.0;0.9999865819755782;1.0002494500211065;1.0002570600059377;0.9999627908284794;0.9998994847087725;0.9999039060783097;0.9999054720510513;0.9999994134104283;0.9999993940007514;0.999989201971429;0.9999933958041799;1.0;0.9999050192273788;1.0002897594527083;1.0002944292790905;0.9999885896130287;0.9999955821905412;0.9999922689963159;0.9997651352431196;0.9996830977843156;1.0;0.9999517430846159;0.9999959450565998;1.0;0.9997292986536068;0.9998582353427016;1.0;0.999990860432545;1.0;0.9999965229091156;0.9999902948939737;0.9999841098778574;1.0002525642325175;1.024999976158142;
2016-08-06 14:15:00;0.9999999999999999;0.9999886675592534;0.9999854219370471;0.9999986915697326;1.0;1.0;1.0002776012476797;0.9999344218053816;1.0;1.0;0.9999876702711352;1.000237378239517;1.0002446861515757;0.9999647983488543;0.9999022407017006;0.9999055328044995;0.9999070658255924;0.9999994348875524;0.9999994220936128;0.9999903239599965;0.9999936353780694;1.0;0.9999066231704736;1.0002746584362914;1.0002792103921072;0.9999889998130134;0.9999959119471091;0.9999926898193882;0.9997938395637818;0.9997307492125481;1.0;0.9999549492411364;0.9999969827066492;1.0;0.999774336407845;0.9998665612622306;1.0;0.999990860432545;1.0;0.999997412384267;0.9999906463530549;0.9999863757189714;1.0002405966822512;1.024999976158142;
2016-08-06 14:30:00;1.0;0.9999906183729523;0.9999878924487432;0.9999988109597985;1.0;1.0;1.0002825405951161;0.999943798825816;1.0;1.0;0.9999897004874975;1.0002470590685457;1.0002542221500348;0.9999698994182976;0.9999164919720805;0.9999192179209433;0.9999205435032206;0.999999837822184;0.9999998304752615;0.9999922780448441;0.9999959675659332;1.0;0.9999201836322676;1.0002799736943482;1.0002838851959464;0.9999917427042582;0.999996929530972;0.9999937510806775;0.9997630524049579;0.9996883934191896;1.0;0.9999521857669936;0.9999975017825721;0.9999999999999999;0.9997377213659733;0.9998587223760528;1.0;0.9999912732606053;1.0;0.9999978574960887;0.999993540042148;0.9999887061299549;1.0002503333863166;1.024999976158142;
2016-08-06 14:45:00;0.9999999999999999;0.9999890269485092;0.999985576985022;0.9999992119274694;1.0;1.0;1.0002763742885394;0.9999472497963028;1.0;1.0;0.9999891300448225;1.0002387123167287;1.000245918648107;0.9999713177426552;0.9999248420999276;0.9999280228330578;0.9999291091834098;0.9999996462952391;0.999999635655536;0.9999908857162156;0.9999952087495881;1.0;0.9999287987775469;1.0002738836958056;1.000277634091642;0.9999912497361849;0.9999965565134058;0.999994043336178;0.999823599953741;0.9997457456344897;1.0;0.9999528741735262;0.999997080067283;0.9999999999999999;0.9997715340347346;0.9998604309144273;1.0;0.9999912732606053;1.0;0.9999974965212329;0.9999927638765308;0.9999858767850106;1.000241901711151;1.024999976158142;
2016-08-06 15:00:00;0.9999999999999999;0.9999896794320795;0.999988403008878;0.9999994212001165;1.0;0.9999999999999999;1.0002864882751334;0.9999576068877625;1.0;1.0;0.9999911243769768;1.0002471847820527;1.0002541749371103;0.9999766448194369;0.9999377631417978;0.9999407627085029;0.9999416941161149;0.9999992724467546;0.999999262908592;0.9999923221496069;0.999994279478097;1.0;0.9999413982327592;1.0002839866341977;1.000287782897379;0.9999915439200731;0.9999967014656562;0.9999951502441288;0.99977349832442;0.9996700494263904;1.0;0.9999478481696595;0.9999972516553657;1.0;0.999701710656179;0.9998460009216404;1.0;0.9999912732606054;1.0;0.9999976429147079;0.9999921847350732;0.9999889689236423;1.000250298986411;1.024999976158142;
2016-08-06 15:15:00;0.9999999999999999;0.9999840412553881;0.9999874048137829;0.9999993650962208;1.0;1.0;1.000279746653455;0.9999541194595977;1.0;0.9999999999999999;0.9999906689342183;1.0002373158297462;1.0002453326751302;0.9999737700063326;0.999931053562926;0.9999356817757022;0.9999368328489666;0.9999997458489763;0.9999997350424864;0.9999927420798904;0.9999962944046074;0.9999999999999999;0.999936512407285;1.0002770723854542;1.0002810226653753;0.9999930993647919;0.9999970991161781;0.9999945523075755;0.9998752960364289;0.9997579410502844;1.0;0.9999468443062142;0.9999957535327699;1.0;0.9997464146645018;0.9998428068547133;0.9999999999999999;0.999990860432545;1.0;0.999996358974525;0.9999943473618436;0.9999886988438361;1.0002406036462923;1.024999976158142;
2016-08-06 15:30:00;0.9999999999999999;0.9999523229134588;0.9999697374533043;0.999999489212734;1.0;1.0;1.0002900683240625;0.999912211552155;1.0;1.0;0.9999802186921631;1.0002151080470532;1.0002274546239531;0.9999463554569421;0.9998683318981293;0.9998821756317353;0.9998844720157373;0.9999997366764023;0.999999680679071;0.9999843135281171;0.9999940323644622;1.0;0.9998838498336001;1.0002855627127574;1.0002920475222932;0.9999880010459177;0.9999941518621058;0.9999888370667993;0.9998901573760802;0.9997592173313479;0.9999999999999999;0.9999456852360725;0.9999873110583761;1.0;0.999735278482208;0.9998391760304622;1.0;0.9999900664615026;1.0;0.9999891185790111;0.9999905307480113;0.9999732884812998;1.0002185671838733;1.024999976158142;
2016-08-06 15:45:00;1.0;0.9999446683925433;0.9999561334143313;0.9999993844426337;1.0;1.0;1.0002988752688553;0.9998789659147702;1.0;1.0;0.999971672986425;1.0002178917948195;1.000230638155837;0.9999280845908107;0.9998278254238321;0.9998439083363216;0.9998465798359013;0.9999996447314055;0.9999995118306905;0.9999759723285561;0.999991177956961;1.0;0.9998458525920182;1.0002939469607572;1.0003010616938381;0.9999821258465806;0.9999916455564133;0.9999849959295213;0.9999166983327191;0.999790326337207;0.9999999999999999;0.9999501321054525;0.9999852680471875;0.9999999999999999;0.9997593028104362;0.9998525430934078;1.0;0.9999888913511112;1.0;0.9999873650288462;0.9999859437548138;0.9999587510627056;1.0002210349599776;1.024999976158142;
2016-08-06 16:00:00;1.0;0.9999801400570614;0.9999603109311921;0.9999993331427065;1.0;1.0;1.0002913748636095;0.9998933619605602;1.0;1.0;0.9999740642651355;1.0002448068931205;1.0002531922905524;0.9999424436081028;0.9998669378885363;0.9998727015449689;0.9998740230823595;0.9999996447314057;0.9999995626090415;0.9999752974428296;0.9999909748494449;1.0;0.999873650738359;1.0002884423281888;1.0002927773919656;0.9999815935051544;0.9999923202197945;0.9999880014922654;0.9998942126999144;0.9997668858268514;0.9999999999999999;0.9999493619357069;0.9999947131900577;1.0;0.9997428463310484;0.9998500116389037;1.0;0.9999908604325448;1.0;0.9999954665161701;0.9999855709678095;0.9999575669933147;1.0002480253597574;1.024999976158142;
2016-08-06 16:15:00;1.0;0.9999385233804664;0.9999596548269256;0.9999991064812637;1.0;0.9999999999999999;1.0002910680221573;0.9998786777329728;0.9999999999999999;1.0;0.9999730951016533;1.0002014322255237;1.0002154238352294;0.9999267336919221;0.9998180348974052;0.9998358858929031;0.9998390319253919;0.9999995742636262;0.9999994683234754;0.9999786689851975;0.9999913738868094;1.0;0.9998381749885505;1.0002854796657832;1.0002936024551305;0.9999829832113436;0.9999919684779057;0.9999847355845185;0.9999246620686788;0.9998000244645561;1.0;0.9999459749984871;0.9999836375959471;1.0;0.9997664365165458;0.9998395079957283;1.0;0.9999900664615023;1.0;0.9999859682899709;0.9999864472672232;0.9999642708063885;1.000204835457768;1.024999976158142;
2016-08-06 16:30:00;1.0;0.9999411958825948;0.9999676394392988;0.9999995866966498;0.9999999999999999;1.0;1.0002912533862105;0.99990755288253;1.0;1.0;0.9999791266121852;1.0002025440279876;1.0002168254859343;0.9999417861337824;0.9998569228430272;0.9998739950857201;0.9998766599988952;0.9999996462952392;0.9999995769560196;0.9999839422959156;0.9999936462177625;1.0;0.9998759345955355;1.0002860046280395;1.0002935256127123;0.9999877216002562;0.9999937439027701;0.9999878818572674;0.9999007477432516;0.999771378309932;1.0;0.9999498346289175;0.9999843502993175;1.0;0.9997445260173584;0.9998517663222568;1.0;0.9999908604325449;1.0;0.9999865797866322;0.9999901239416891;0.9999726663868734;1.0002062922922001;1.024999976158142;
2016-08-06 16:45:00;1.0;0.999979780656223;0.9999824368144279;0.9999994328671193;1.0;1.0;1.0002851294534676;0.9999439070709821;1.0;1.0;0.9999878042385969;1.0002382382213322;1.000246847646943;0.9999677771584283;0.9999188447426028;0.9999247201438616;0.9999259867915796;0.9999997366764023;0.9999997145093297;0.9999899348811125;0.9999955424271552;1.0;0.99992563532287;1.000282232972476;1.0002864795212025;0.9999914453878795;0.999996283903347;0.9999933013880639;0.9998943603928571;0.9997636447398481;1.0;0.9999482715831409;0.9999946170986703;1.0;0.9997390388502777;0.9998475288875065;1.0;0.9999912732606052;0.9999999999999999;0.9999953835031798;0.9999930959605308;0.9999835294841807;1.000241552847665;1.024999976158142;
2016-08-06 17:00:00;1.0;0.99998173143717;0.9999827906255878;0.9999988919594466;1.0;0.9999999999999999;1.0002840768469432;0.9999316448463832;1.0;1.0;0.9999864804585893;1.0002362510385838;1.000244438141713;0.9999620111146907;0.9998973620669046;0.9999026711510715;0.9999043298765191;0.9999993230336964;0.9999993033257765;0.9999892382394017;0.9999930815626823;1.0;0.9999038463323189;1.000280790478097;1.0002857996663126;0.9999884570766815;0.9999954532610829;0.999992107534257;0.9999047972294035;0.9997768083367349;1.0;0.9999462243883736;0.9999951362312146;1.0;0.9997502808455071;0.9998415024365077;1.0;0.9999916544037751;1.0;0.9999958286642728;0.9999900033768443;0.999984300156378;1.000239469477691;1.024999976158142;
2016-08-06 17:15:00;1.0;0.9999887384651799;0.999988387976499;0.9999994768653413;1.0;1.0;1.0002813435260016;0.9999598293731421;1.0;1.0;0.9999915750426231;1.000234784831329;1.0002445116799155;0.9999775769905248;0.9999422580685384;0.9999455247939413;0.9999463979372912;0.9999998163167546;0.9999998086886861;0.9999930698429267;0.9999967946192979;1.0;0.9999461555029041;1.0002785665614462;1.0002826194858037;0.9999937903118999;0.9999974318658883;0.9999953439265463;0.9998973918223151;0.9997716277583438;1.0;0.9999463430712939;0.9999970028018572;1.0;0.9997490050866927;0.9998419633490497;1.0;0.9999908604325449;1.0;0.9999974300655793;0.9999950105182637;0.9999889036727947;1.0002393349968906;1.024999976158142;
2016-08-06 17:30:00;1.0;0.9999917751523412;0.999988171524644;0.9999993679958494;0.9999999999999999;0.9999999999999999;1.0002897626973732;0.9999563573225096;1.0;0.9999999999999999;0.9999908874745361;1.0002503266929315;1.0002576816367532;0.9999764358337003;0.9999373161927447;0.9999397081366416;0.9999405950461057;0.9999993230336961;0.9999993132467171;0.9999920046998348;0.999994344672264;0.9999999999999999;0.9999403144079547;1.0002872476337092;1.000291064451495;0.999991365210502;0.9999966910919269;0.9999951064539131;0.9999033493876608;0.9997805653055207;0.9999999999999999;0.9999525370675958;0.999997809041985;0.9999999999999999;0.9997595146029318;0.9998623331271786;1.0;0.9999912732606053;1.0;0.9999981208175768;0.9999921599559219;0.9999883771550728;1.0002537859515517;1.024999976158142;
2016-08-06 17:45:00;0.9999999999999999;0.9999838254085486;0.9999820290936544;0.9999992630800845;1.0;1.0;1.0002915907264631;0.9999373913067842;1.0;1.0;0.9999864754082674;1.0002401162232937;1.0002481375740009;0.9999653201005718;0.9999082485648679;0.9999129435995723;0.9999142909494393;0.999998618278559;0.9999985970820251;0.9999878839880074;0.9999901783040185;1.0;0.9999138398542161;1.000288250309087;1.0002933977044586;0.9999863715782594;0.9999946692972707;0.9999927939843983;0.9999045755632723;0.9997770020572222;0.9999999999999999;0.9999461266744892;0.9999956948345213;1.0;0.9997526346164312;0.9998424870311228;1.0;0.9999912732606052;0.9999999999999999;0.9999963082457004;0.9999869519468139;0.9999828314545121;1.0002433905183372;1.024999976158142;
2016-08-06 18:00:00;1.0;0.999980648657872;0.9999789230219706;0.9999985785977203;1.0;1.0;1.0002875601865713;0.9999165588718345;1.0;1.0;0.9999835931323997;1.000241454796577;1.0002497276097086;0.9999542129647512;0.999877601779131;0.9998832289036581;0.9998851429771234;0.9999996753812069;0.9999996495207158;0.9999870933961268;0.9999936196179797;1.0;0.9998846170059094;1.0002842249532877;1.000289301065492;0.9999873978363704;0.9999950334853307;0.9999904849241835;0.9999011029634802;0.9997719920210327;1.0;0.9999496105522568;0.9999948471254478;1.0;0.9997463841417559;0.9998519567717892;1.0;0.9999912732606054;1.0;0.999995580400007;0.9999899698569213;0.999980181712624;1.0002446441997443;1.024999976158142;
2016-08-06 18:15:00;1.0;0.999982382134747;0.9999785126446272;0.9999985988564842;1.0;0.9999999999999999;1.0002867041896824;0.9999168560419183;0.9999999999999999;1.0;0.99998347241534;1.0002428479967083;1.0002510269172333;0.9999547091746205;0.9998800530079226;0.9998851743135704;0.999886988428484;0.9999998071441849;0.9999997783611202;0.9999868209510479;0.9999941052228342;1.0;0.9998864979735479;1.0002835264592196;1.000288348806792;0.9999876662972572;0.9999951457844085;0.9999905853578426;0.9999170406105455;0.9997953654885345;0.9999999999999999;0.9999530158337712;0.9999953089588561;1.0;0.9997678907247751;0.9998622322150991;1.0;0.9999916544037751;1.0;0.9999959766714546;0.9999904474741429;0.9999793391506856;1.0002461067787165;1.024999976158142;
2016-08-06 18:30:00;1.0;0.9999904754035757;0.999981701615057;0.9999980484448334;1.0;1.0;1.000284771218196;0.999912371873335;1.0;1.0;0.9999839795952749;1.0002485531498606;1.0002553183392984;0.9999540778560263;0.9998714814134587;0.9998742550856857;0.9998762045627108;0.9999996049090487;0.9999995820920161;0.9999876256585633;0.9999929237177008;1.0;0.9998756643435827;1.0002817107933797;1.0002865426466947;0.9999862445607843;0.9999950642266355;0.9999904584953868;0.9999026644587947;0.9997719176884245;0.9999999999999999;0.9999586413037497;0.999997462038877;1.0;0.9997445260173582;0.9998792593243901;0.9999999999999999;0.9999916544037752;0.9999999999999999;0.9999978228343046;0.9999889678488442;0.9999823332317018;1.0002515979836868;1.024999976158142;
2016-08-06 18:45:00;0.9999999999999999;0.9999879442154177;0.9999728226231581;0.9999957899466484;1.0;1.0;1.0002949797140137;0.9998405935264214;1.0;1.0;0.9999731872432934;1.000253328757283;1.000260775801691;0.9999175239879062;0.9997601541162171;0.9997636524192779;0.9997674824939695;0.9999995850000665;0.9999995420807852;0.9999809931321698;0.9999886547500754;0.9999999999999999;0.9997664464795483;1.0002903587311043;1.0002979141384747;0.9999765195971075;0.9999920116726783;0.9999828615353807;0.9998975344984987;0.9997640453764032;0.9999999999999999;0.999965453699524;0.9999967910124703;0.9999999999999999;0.9997382281240882;0.9999009222229771;1.0;0.9999920672329303;1.0;0.9999972482996625;0.9999817226622154;0.9999747493843409;1.0002565740585019;1.024999976158142;
2016-08-06 19:00:00;1.0;0.9999873655141577;0.9999701493597576;0.9999958581754879;1.0;0.9999999999999999;1.0002953508057912;0.9998360736808685;1.0;1.0;0.9999716911227827;1.0002537428078517;1.000261022754189;0.9999151384666496;0.9997561941085307;0.9997598577387278;0.9997636599991198;0.9999995328774368;0.9999994855684881;0.9999792810934495;0.9999880430209115;1.0;0.999762627643356;1.000290759648198;1.0002982679410597;0.9999754432749022;0.9999915335056584;0.9999823636945975;0.9999005146123321;0.9997686438821421;0.9999999999999999;0.9999608322572617;0.9999966376305681;1.0;0.9997425762480047;0.9998867646040425;0.9999999999999999;0.9999908604325449;1.0;0.9999971170082956;0.9999808146223135;0.9999716452463846;1.0002568570326282;1.024999976158142;
2016-08-06 19:15:00;1.0;0.9999833196060446;0.9999769005142451;0.9999982737322476;1.0;1.0;1.0002867897833445;0.9999049886398057;1.0;1.0;0.9999814466242183;1.000241776891633;1.0002494432636406;0.9999489429907513;0.9998617649077857;0.9998666060023009;0.9998686822528678;0.9999993612595394;0.999999332042184;0.9999850048325934;0.9999914320492324;1.0;0.9998680916243161;1.0002833202522465;1.000288723410889;0.9999843935102329;0.9999940820394486;0.9999893894612402;0.9999123995740073;0.9997920981957498;1.0;0.9999594517854542;0.9999955603824372;1.0;0.9997670216845179;0.9998819258418559;1.0;0.999990860432545;1.0;0.9999961929991473;0.9999870756763823;0.9999777458898057;1.0002448217048316;1.024999976158142;
2016-08-06 19:30:00;1.0;0.9999709665183476;0.9999742682661926;0.9999988100965196;1.0;1.0;1.0002885550063567;0.9999083684897292;1.0;1.0;0.9999808759884651;1.0002267569581982;1.0002363820608893;0.9999481544717995;0.9998636363382856;0.9998720755117602;0.9998742519628965;0.9999989400085032;0.9999988937629051;0.99998422340501;0.9999900156412518;1.0;0.9998736054590681;1.0002843801327528;1.000290733105613;0.9999839144444442;0.9999934530595994;0.999989216675163;0.9999274953552262;0.9998064243041003;1.0;0.9999601496146484;0.9999922701900885;0.9999999999999999;0.9997754450244469;0.9998838692820342;1.0;0.9999904792909121;1.0;0.999993370470163;0.9999858107712052;0.9999763350708499;1.0002300156877817;1.024999976158142;
2016-08-06 19:45:00;1.0;0.9999751544489803;0.9999685694446767;0.9999980792276556;1.0;1.0;1.0002941089234327;0.9998783309248707;1.0;0.9999999999999999;0.9999752553667227;1.0002315138563314;1.000240392808627;0.9999339117670853;0.999821901855798;0.9998291125545029;0.9998317642095066;0.999998253603425;0.9999981949218588;0.9999789511714714;0.999984961038702;1.0;0.9998309446598082;1.0002894298355485;1.0002968075380052;0.9999767366006824;0.9999911123722159;0.9999862537101342;0.9999016145621519;0.999768043535208;0.9999999999999999;0.9999601856366546;0.9999933874092692;0.9999999999999999;0.9997400415581509;0.9998843048524663;1.0;0.9999908604325449;0.9999999999999999;0.99999432963692;0.9999790274909247;0.9999698683747181;1.0002346570642966;1.024999976158142;
2016-08-06 20:00:00;0.9999999999999999;0.9999479873999256;0.9999587343043519;0.9999970622218438;0.9999999999999999;1.0;1.000300327075584;0.9998311631502599;1.0;0.9999999999999999;0.9999676027051515;1.0002198388355776;1.0002322054738522;0.9999047719292286;0.9997428020568482;0.9997579003213144;0.9997623007593246;0.9999994838825328;0.9999993837954133;0.9999761085646839;0.9999881834158832;0.9999999999999999;0.9997611077102894;1.0002941209120688;1.000303613248795;0.9999761669261491;0.9999903274724489;0.9999801830351857;0.9999372928701461;0.9998168379075271;1.0;0.9999611729381684;0.999986157765158;1.0;0.9997833839595951;0.9998874900182159;0.9999999999999999;0.9999916544037751;1.0;0.999988129794736;0.9999812202093797;0.9999637640630056;1.0002230088131199;1.024999976158142;
2016-08-06 20:15:00;1.0;0.9999552847807952;0.9999504508144196;0.9999942415736665;1.0;0.9999999999999999;1.0003045638311794;0.9997503902818042;1.0;1.0;0.9999559273563801;1.0002314968337593;1.0002427116077364;0.9998656506524408;0.9996209446136214;0.9996339230068213;0.9996402381729564;0.9999996064728521;0.9999994612136724;0.9999688221980373;0.9999837296575095;1.0;0.9996385503448181;1.000297235651762;1.0003089389239757;0.9999650960739144;0.9999871850808698;0.9999720377674648;0.9999262037269973;0.9998014251683847;1.0;0.999963171867675;0.9999880998019953;1.0;0.9997692082578504;0.9998932385438877;1.0;0.9999912732606053;0.9999999999999999;0.9999897951543114;0.9999732791257948;0.9999557446013595;1.0002345416156648;1.024999976158142;
2016-08-06 20:30:00;0.9999999999999999;0.9999808642632122;0.9999761435157037;0.999998064473289;1.0;1.0;1.0002985203908643;0.9998981064922984;0.9999999999999999;1.0;0.9999804454868364;1.0002503322560894;1.0002583121564785;0.9999449869113942;0.9998494156517702;0.9998549757667754;0.999857316714391;0.9999992832113439;0.9999992434369603;0.9999845496443289;0.9999907512856611;1.0;0.9998566510266482;1.0002947437087744;1.0003006426459482;0.9999833560441743;0.9999937139783422;0.9999885622212112;0.9999083009703166;0.9997783747640523;1.0;0.9999637722728157;0.9999949054421409;1.0;0.9997517321825217;0.9998966335161431;1.0;0.9999912732606054;1.0;0.999995630793744;0.9999861344570138;0.9999775287809769;1.0002533770953312;1.024999976158142;
2016-08-06 20:45:00;1.0;0.9999862842400058;0.9999818213447739;0.999999011992093;1.0;1.0;1.0002892356123048;0.9999337423349943;1.0;1.0;0.9999862998633714;1.0002488375297034;1.0002561323925718;0.9999639720982336;0.9999056096081841;0.9999095985049344;0.9999109598075471;0.9999995252687086;0.9999995017310291;0.9999884632704513;0.9999938235752073;0.9999999999999999;0.9999105686329975;1.0002864582466686;1.0002906825008835;0.9999888587285858;0.9999956269272049;0.9999925109362577;0.9999140749261803;0.9997887711143936;1.0;0.9999625900445904;0.9999963471530446;1.0;0.9997611856983368;0.9998920649755346;1.0;0.9999920672329302;1.0;0.9999968669292238;0.9999907293258607;0.9999821879482083;1.000251882364395;1.024999976158142;
2016-08-06 21:00:00;1.0;0.9999808628042991;0.9999616314827028;0.9999975354844277;1.0;1.0;1.000300678812644;0.9998553137233136;1.0;1.0;0.9999706009151517;1.000254290225457;1.000262495813509;0.9999234788865123;0.9997995031599325;0.9998050564201093;0.9998077650961685;0.9999996662042336;0.9999995769986613;0.9999752704626472;0.9999891879255011;0.9999999999999999;0.9998070295849913;1.0002967573084378;1.0003028987263987;0.9999773096160116;0.9999913725452876;0.9999840637322065;0.999921500957031;0.999794902035177;1.0;0.9999658386097643;0.999994906047342;1.0;0.9997637764516094;0.9999017343119432;1.0;0.9999912732606054;1.0;0.9999956319289837;0.9999824510231483;0.9999609153214138;1.0002574603121852;1.024999976158142;
2016-08-06 21:15:00;1.0;0.9998732170295568;0.9999304346157878;0.9999985388710253;0.9999999999999999;0.9999999999999999;1.0003198136817508;0.9997910563508119;1.0;1.0;0.9999541121647203;1.0001689618175391;1.0001904883744255;0.9998695678280396;0.9996748526581589;0.999711679502041;0.9997177907556953;0.9999996339949402;0.9999992998765753;0.9999655534850281;0.9999872523100439;0.9999999999999999;0.9997161584627041;1.0003103247190739;1.000324014702091;0.9999733653123992;0.9999866897298779;0.9999727445386961;0.9999438103690846;0.9998166012857417;1.0;0.9999687678406041;0.9999662480751026;1.0;0.9997761998610143;0.9999098043622755;1.0;0.9999900664615025;0.9999999999999999;0.9999710543519091;0.9999793532887378;0.9999417947944454;1.0001719602484718;1.024999976158142;
2016-08-06 21:30:00;0.9999999999999999;0.99992197951419;0.9999537593107426;0.9999987093547382;0.9999999999999999;1.0;1.0002954473427188;0.999853653195183;1.0;1.0;0.9999685951346327;1.0001927240631683;1.0002080206905943;0.9999108403038374;0.9997745653974529;0.9997972251846243;0.9998013302545163;0.9999996049090486;0.9999994651165225;0.9999762476500491;0.9999903978211915;1.0;0.999800223339474;1.0002888497251359;1.0002984710993035;0.9999805676963258;0.999990736755916;0.9999814196820532;0.9999358321113861;0.9998142621015768;1.0;0.9999704213629914;0.9999792328505933;1.0;0.9997783278599832;0.999914035222673;1.0;0.9999916544037754;0.9999999999999999;0.9999821904687289;0.9999847109715302;0.999960621619093;1.0001956935140637;1.024999976158142;
2016-08-06 21:45:00;1.0;0.9999339751510959;0.9999590901536838;0.9999986141641125;1.0;0.9999999999999999;1.0002889026409534;0.9998653250305704;1.0;1.0;0.9999715869335951;1.0001967892879664;1.0002107867977486;0.9999191024421373;0.9997931472534959;0.9998123341528826;0.9998160489540815;0.9999995742636261;0.999999453958608;0.9999785015101973;0.999990807588369;1.0;0.9998150424905233;1.0002828787321851;1.0002917271264824;0.9999816854641458;0.9999915444065365;0.9999831449480641;0.999925538605498;0.9998020097404481;1.0;0.9999712147677655;0.9999824231868157;1.0;0.99976774854032;0.999915785625965;1.0;0.9999908604325449;1.0;0.9999849254639042;0.9999854828343292;0.9999649297361727;1.0001998765297837;1.024999976158142;
2016-08-06 22:00:00;1.0;0.9999774650665738;0.9999771716774436;0.9999986426295279;1.0;1.0;1.0002723706335133;0.9999134588071656;0.9999999999999999;0.9999999999999999;0.999982603180719;1.0002230646225598;1.0002315214790767;0.9999520286982423;0.9998729155340668;0.9998794488483068;0.9998814432051132;0.9999995451776984;0.9999995126522488;0.9999861253312592;0.9999928741707939;1.0;0.9998808869995396;1.0002688675073885;1.000274191008195;0.9999865415305692;0.9999946107278367;0.9999900273665303;0.9999200390460982;0.999800440570738;1.0;0.9999731676688273;0.9999940044208532;1.0;0.9997699240493035;0.9999216073133501;1.0;0.9999908604325449;1.0;0.9999948593866208;0.9999890537924606;0.9999786290281091;1.0002261384309508;1.024999976158142;
2016-08-06 22:15:00;1.0;0.9999804287958032;0.9999803129894638;0.9999989019672784;1.0;0.9999999999999999;1.0002681391194672;0.9999272531443038;1.0;1.0;0.9999852464435408;1.0002233922079897;1.0002314760984463;0.9999595487564039;0.9998938571727941;0.9998995349768968;0.9999011920750902;0.9999997366764026;0.9999997120290157;0.999988238308232;0.9999945223703696;1.0;0.9999007379587298;1.000265060565321;1.0002696876380215;0.9999890874847079;0.9999955658208504;0.9999915924062671;0.9999312092307704;0.9998199337657149;1.0;0.9999725145468139;0.9999947919080844;0.9999999999999999;0.9997895878107845;0.9999194255140712;1.0;0.9999912732606052;1.0;0.9999955342523258;0.9999913505933815;0.9999814832205386;1.0002264660173874;1.024999976158142;
2016-08-06 22:30:00;1.0;0.9999670573133067;0.9999711009697396;0.9999987701188959;1.0;1.0;1.0002721759055222;0.9999006392870313;1.0;1.0;0.9999790924186686;1.0002115644574774;1.000221230908096;0.9999435121794495;0.9998540001333733;0.999863542290713;0.9998658612300052;0.9999993429426743;0.9999992972413186;0.9999829864973048;0.9999913011758074;0.9999999999999999;0.9998652055154087;1.0002680621063489;1.0002742530738602;0.9999842454341891;0.9999933996046795;0.9999882525368006;0.9999337157937135;0.9998212303092873;1.0;0.9999738400713545;0.9999912379685025;1.0;0.9997893172886102;0.9999234015285686;1.0;0.9999912732606054;1.0;0.9999924881848262;0.9999869166079324;0.9999732034039197;1.0002145823726714;1.024999976158142;
2016-08-06 22:45:00;1.0;0.999983608089192;0.9999746542789194;0.9999987342523693;1.0;1.0;1.0002692079975586;0.9999110967686878;1.0;1.0;0.999981247122637;1.0002256518285886;1.0002332806195067;0.9999520658661302;0.9998763088670305;0.9998810641005137;0.9998827493473056;0.9999994747099226;0.9999994380415853;0.9999838580897225;0.9999920499362309;1.0;0.9998822694653328;1.0002660891503516;1.0002708672757528;0.9999851079335312;0.9999941514889369;0.9999900315416042;0.9999336973436213;0.9998228260391789;1.0;0.9999742782727408;0.9999956375046147;1.0;0.9997915348674563;0.9999245856696722;0.9999999999999999;0.9999912732606052;1.0;0.9999962593273657;0.9999878387615807;0.9999745276121725;1.0002286965927016;1.024999976158142;
2016-08-06 23:00:00;1.0;0.9999862848135354;0.9999777595266688;0.999998758167008;0.9999999999999999;0.9999999999999999;1.0002702557562964;0.9999194283077746;1.0;1.0;0.9999833118851627;1.0002308069085097;1.0002381030922953;0.9999567760973049;0.9998876599703101;0.9998916521280624;0.9998931968582155;0.9999996662042335;0.9999996309362147;0.9999858604557392;0.9999934166521339;0.9999999999999999;0.9998927673424524;1.0002674053250922;1.000271760990309;0.9999870113202999;0.9999949439369913;0.9999910094964082;0.9999529199895325;0.9998458845844009;1.0;0.9999763577945984;0.9999963462735983;1.0;0.9998103300385964;0.9999312284256089;1.0;0.9999924483761711;1.0;0.9999968658545815;0.9999896571846917;0.9999776455682995;1.000233851688315;1.024999976158142;
2016-08-06 23:15:00;1.0;0.9999852715391764;0.9999776506054274;0.999998980426972;1.0;1.0;1.0002621991637597;0.9999240565315284;1.0;1.0;0.9999838062290188;1.0002210788186738;1.000228816467871;0.9999589060353421;0.9998954214210052;0.9998996996602375;0.9999011060774537;0.9999997243760974;0.9999996956104664;0.9999860654372443;0.9999939576067374;1.0;0.9999007170019469;1.0002593867172636;1.000263624617821;0.9999878607109464;0.9999951474708402;0.9999914556379058;0.9999580906117495;0.9998575157299148;1.0;0.9999757916205904;0.9999960787155137;1.0;0.9998226683471657;0.9999288258762469;1.0;0.9999916544037752;1.0;0.9999966371521077;0.9999904152641876;0.9999774354496795;1.0002242972089614;1.024999976158142;
2016-08-06 23:30:00;1.0;0.9999644556551044;0.9999641953389089;0.9999992246430592;1.0;1.0;1.0002673121983638;0.9998956102683592;1.0;1.0;0.9999760267153226;1.0002059151257379;1.0002156952383272;0.9999404587749261;0.9998550361057987;0.9998653321970051;0.9998673842265183;0.9999994225873544;0.9999993587217982;0.999979034109543;0.9999909993418252;1.0;0.9998668042651297;1.0002634069956202;1.0002691794502128;0.9999830594379071;0.9999926256815481;0.9999876057413739;0.9999625580935991;0.9998581849613111;1.0;0.9999758588067352;0.9999905454662765;1.0;0.9998195955745135;0.9999288541786499;0.9999999999999999;0.999990860432545;1.0;0.9999918944443292;0.9999861968169975;0.999965020999863;1.0002088152439619;1.024999976158142;
2016-08-06 23:45:00;1.0;0.9999675705683201;0.9999709806792945;0.9999991654827065;1.0;1.0;1.0002656747321588;0.9999104948900132;1.0;1.0;0.9999802231515154;1.0002083037716938;1.0002180947188979;0.9999485378678926;0.9998723497955417;0.999881775191046;0.9998837251179307;0.999999765757959;0.9999997109468028;0.9999835410629013;0.9999936024493168;0.9999999999999999;0.9998831960570667;1.0002620083776284;1.0002673878055266;0.9999868137793596;0.9999941856686908;0.9999892885663386;0.99996102897833;0.9998579769816678;1.0;0.9999765265828161;0.9999913662263193;1.0;0.9998204481131322;0.9999307855155143;1.0;0.9999912732606052;1.0;0.9999925952649722;0.9999897142207985;0.9999724511793534;1.0002114178549988;1.024999976158142;
2016-08-07 00:00:00;1.0;0.9999738566972081;0.9999710201784957;0.999998864176437;0.9999999999999999;1.0;1.000263439823153;0.9999044623636697;1.0;1.0;0.9999794235941757;1.0002112524718227;1.0002201209094044;0.9999467682445707;0.9998651908954355;0.9998727902198103;0.999874747228115;0.9999995941726014;0.9999995427989711;0.9999826239404827;0.9999923315467096;1.0;0.9998742042764326;1.0002598953147928;1.0002652122484756;0.9999849916314002;0.9999937710403606;0.9999889233598418;0.9999738874975183;0.9998752720924452;1.0;0.9999707804926576;0.9999930392451959;1.0;0.9998356033765862;0.9999133230477638;1.0;0.9999916544037752;1.0;0.9999940300301907;0.999988001598938;0.9999717778019507;1.0002142971921024;1.024999976158142;
2016-08-07 00:15:00;0.9999999999999999;0.9999916310877668;0.9999840249286065;0.9999995965177335;1.0;1.0;1.0002541200802588;0.9999528026564745;1.0;1.0;0.9999889774419569;1.0002183963729843;1.000225067376239;0.9999746153016706;0.999937959791542;0.9999403964032346;0.9999410946604141;0.9999994333237987;0.9999994137185574;0.999989553274815;0.9999943569357038;1.0;0.9999408713508656;1.0002519376162373;1.0002552100289168;0.9999906866624528;0.9999962766996124;0.9999947214419682;0.9999654813367771;0.9998680923222946;1.0;0.9999754038366735;0.9999977697745187;1.0;0.999831613834492;0.999927150954224;0.9999999999999999;0.999991654403775;1.0;0.999998086881558;0.9999918875655173;0.9999832511228637;1.0002214701670291;1.024999976158142;
2016-08-07 00:30:00;1.0;0.9999869346864879;0.9999811806804775;0.9999992527682613;1.0;1.0;1.000261243011798;0.9999383967812161;1.0;1.0;0.9999865986871057;1.0002216299035545;1.0002292085528814;0.9999664378295554;0.9999154703206938;0.9999192716380602;0.9999203990627312;0.9999997151991683;0.9999996901966094;0.999988321342112;0.9999948229161093;1.0;0.9999200826896133;1.0002586708345167;1.0002625099704776;0.9999899214552292;0.9999959215179146;0.9999930209495572;0.9999681521892849;0.9998693645291535;1.0;0.9999706371469753;0.9999965198300863;1.0;0.9998320038446376;0.9999131221118743;1.0;0.9999908604325449;1.0;0.999997014893284;0.9999919215745771;0.9999810125299309;1.000224875101927;1.024999976158142;
2016-08-07 00:45:00;0.9999999999999999;0.9999946669014773;0.9999797740358218;0.9999989301250024;1.0;1.0;1.0002564532777494;0.9999290318547696;1.0;1.0;0.9999849038189443;1.0002248791369752;1.0002311144697311;0.9999632821868142;0.9999058611120134;0.999907419662866;0.9999085101497952;0.9999996049090488;0.9999995839067816;0.9999863883135179;0.9999935013325173;1.0;0.9999081957554005;1.0002541560715685;1.000257710117681;0.9999875859715301;0.9999953234375604;0.999992368498218;0.999970228619074;0.9998786215822776;1.0;0.9999715347966884;0.9999985767240804;1.0;0.9998439080700889;0.9999155711686536;1.0;0.9999924483761709;0.9999999999999999;0.9999987785631446;0.9999899586830204;0.9999783963919668;1.000227923898736;1.024999976158142;
2016-08-07 01:00:00;1.0;0.9999943758524944;0.9999835937564429;0.999999117364657;1.0;0.9999999999999999;1.0002513273093927;0.9999419622508822;1.0;1.0;0.9999877491435504;1.0002219708394329;1.0002278912846352;0.999969724367175;0.9999221703847602;0.9999238051358078;0.9999247471359934;0.9999997259399915;0.9999997082042354;0.9999891276452189;0.999994950758149;0.9999999999999999;0.999924480263323;1.000249261260854;1.0002524216082949;0.9999901401940716;0.9999962568675832;0.9999937071111397;0.9999887475150435;0.9999028537009673;1.0;0.9999711794640168;0.9999985013774957;1.0;0.9998644161917186;0.9999142580346285;1.0;0.9999908604325448;0.9999999999999999;0.9999987147086046;0.9999921090748087;0.9999826999570832;1.000224824841351;1.024999976158142;
2016-08-07 01:15:00;0.9999999999999999;0.9999933631226859;0.9999832969296455;0.9999992493415155;0.9999999999999999;1.0;1.0002479264013264;0.999943293190303;0.9999999999999999;0.9999999999999999;0.999987651678081;1.0002132420181136;1.000219636619629;0.9999701934670635;0.9999235506112378;0.9999254747568362;0.9999263882186439;0.9999993429426743;0.9999993245592187;0.9999886409949296;0.9999933706526637;1.0;0.9999261019964831;1.0002456044441712;1.0002491737676071;0.9999889979685953;0.9999958042348339;0.9999938046940116;1.000001405659158;0.9999222021251684;1.0;0.9999719433408378;0.9999982330379328;1.0;0.9998827070060292;0.9999164163580526;1.0;0.9999916544037752;1.0;0.9999984850179507;0.9999904450628653;0.999982486132352;1.0002162867444497;1.024999976158142;
2016-08-07 01:30:00;1.0;0.9999955323828509;0.999985214722615;0.999999418576344;1.0;1.0;1.0002445750493603;0.9999522469932138;1.0;1.0;0.9999893192191724;1.000212224043298;1.0002186284224688;0.9999751202657811;0.9999375301918338;0.9999388309810064;0.9999395090473671;0.9999995037915089;0.9999994874599452;0.9999899537665842;0.9999945761057741;1.0;0.9999392959865695;1.0002425042971044;1.0002456475402821;0.9999907252914308;0.9999964511421751;0.9999948281151749;1.0000113178938315;0.9999353906309454;1.0;0.9999725171352074;0.9999988086607117;1.0;0.9998939658788926;0.9999179819192524;1.0;0.9999904792909121;1.0;0.9999989780525426;0.9999920687689265;0.9999841443293566;1.000215423032592;1.024999976158142;
2016-08-07 01:45:00;1.0;0.9999940138399058;0.9999882323156682;0.9999991750427875;1.0;0.9999999999999999;1.0002416634498654;0.999953337779838;1.0;1.0;0.999990701798902;1.0002102913041402;1.00021665708772;0.9999753714267454;0.9999341656583784;0.9999359021270856;0.999936815871982;0.9999997167630137;0.9999997087939593;0.9999922012036049;0.9999958245916415;1.0;0.9999365557838861;1.000239520937489;1.0002427775460976;0.9999922078009207;0.999997076193387;0.9999948859213453;1.0000108099253682;0.9999366130807527;1.0;0.9999708390387468;0.9999984060817283;1.0;0.9998963507812393;0.9999129506075731;1.0;0.9999908604325449;1.0;0.99999863330381;0.9999936248155195;0.999988157505392;1.000213365073277;1.024999976158142;
2016-08-07 02:00:00;0.9999999999999999;0.9999936541840018;0.9999868524240577;0.9999990187275071;1.0;1.0;1.0002421447332426;0.999946433319986;0.9999999999999999;1.0;0.999989428937937;1.0002014139593032;1.0002098189554534;0.9999718263873493;0.999924005925174;0.9999258538957093;0.999926915215314;0.9999996156454579;0.9999996053041285;0.9999911468083353;0.999994953166166;1.0;0.9999266092411307;1.0002394213345371;1.00024355012475;0.9999908569071296;0.9999966064657074;0.9999941490423417;1.0000122558638624;0.9999372417404373;1.0;0.9999722822133214;0.9999983086128615;1.0;0.9998960359742688;0.9999173000804966;1.0;0.9999920672329302;1.0;0.9999985490726294;0.9999924082793598;0.9999867961644479;1.000205578625333;1.024999976158142;
2016-08-07 02:15:00;1.0;0.9999920645233367;0.999986247826428;0.9999990320946326;1.0;1.0;1.000242896612586;0.9999444482711108;1.0;1.0;0.9999888988327774;1.0002036038799444;1.0002108488348704;0.9999705107527033;0.9999199159445382;0.9999222251571339;0.9999233676715048;0.9999992923557297;0.9999992790255253;0.999990529815623;0.9999934609229391;1.0;0.9999230176856687;1.0002401997829775;1.0002443569430521;0.9999895252247877;0.9999960985933681;0.9999938747452339;1.0000140547115557;0.9999440222754711;1.0;0.9999710720720872;0.9999978856790175;1.0;0.9999048071350706;0.9999136289740241;1.0;0.999990860432545;1.0;0.999998186415575;0.9999907314992368;0.9999864335455289;1.0002070226409328;1.024999976158142;
2016-08-07 02:30:00;0.9999999999999999;0.9999923529731015;0.9999911276374941;0.9999998031743966;1.0;1.0;1.0002363637928808;0.9999737026538469;1.0;1.0;0.9999939175983615;1.0002035153957762;1.0002100050054668;0.9999852641981254;0.999963569349336;0.9999657927353978;0.9999662820249479;0.9999996462952392;0.9999996409406647;0.9999944606104448;0.9999968116598891;1.0;0.9999661285833867;1.0002344744592582;1.000237243117278;0.9999949478834067;0.9999979009000146;0.9999969406920131;1.0000221623836432;0.9999556849882385;0.9999999999999999;0.9999712639280252;0.999997963049047;1.0;0.9999153028559244;0.9999140383089506;1.0;0.9999928612064205;1.0;0.9999982529632939;0.9999955037019197;0.9999911990449006;1.0002065407361298;1.024999976158142;
2016-08-07 02:45:00;1.0;0.9999929290999476;0.9999885220156455;0.9999991120351062;1.0;1.0;1.0002302768097624;0.9999521956072663;1.0;1.0;0.9999906845957685;1.00019654276633;1.0002032198286643;0.9999745838595978;0.999930940774929;0.999932988959455;0.9999340008805104;0.9999996462952392;0.9999996399659749;0.9999923815682796;0.9999955188562679;0.9999999999999999;0.9999337100417319;1.0002279605143727;1.0002314906762442;0.9999919596742992;0.9999969932404291;0.9999947238848281;1.0000374736576703;0.9999890907458399;1.0;0.9999732370853226;0.9999981183061767;1.0;0.9999523744737262;0.9999197034480194;1.0;0.9999912732606052;0.9999999999999999;0.9999983868200302;0.9999932917156156;0.999988771340948;1.0001997126700404;1.024999976158142;
2016-08-07 03:00:00;1.0;0.9999937971444947;0.9999876498241798;0.9999990289458064;1.0;1.0;1.0002298995311896;0.9999478001096372;1.0;0.9999999999999999;0.9999897799925009;1.0001951744250852;1.0002016167781889;0.9999725468311101;0.9999246403372607;0.9999264404611503;0.9999275141475226;0.9999993536790919;0.9999993452827597;0.9999913463405375;0.9999939364166132;1.0;0.9999271865555514;1.0002274549602501;1.0002312467200682;0.9999902207776179;0.9999964142665994;0.9999943002329651;1.0000379284627592;1.0000001084900223;1.0;0.9999709193421648;0.9999983482409294;1.0;0.9999686399814672;0.9999126572764027;1.0;0.9999900664615026;1.0;0.9999985836340505;0.9999913785788787;0.9999877657526813;1.0001982749533724;1.024999976158142;
2016-08-07 03:15:00;1.0;0.9999926397237443;0.9999875076500399;0.9999993462816539;0.9999999999999999;1.0;1.0002304863015008;0.9999549117812754;1.0;1.0;0.9999905387590933;1.0001967622000971;1.0002031625620216;0.9999758905413844;0.9999368108814866;0.999938941769497;0.9999397944135255;0.999999503791509;0.9999994963944663;0.9999916928938283;0.9999949878907686;1.0;0.9999395354568675;1.000228280915881;1.000231630604106;0.9999916612056406;0.9999967939696885;0.9999949944325883;1.0000292326177338;0.9999902257360461;1.0;0.9999726436216467;0.9999980415916192;0.9999999999999999;0.9999611298365192;0.999917871824763;1.0;0.9999900664615023;1.0;0.9999983211535558;0.9999927669323748;0.9999874154024444;1.0001997607143733;1.024999976158142;
2016-08-07 03:30:00;1.0;0.9999930017403545;0.9999897443189408;0.9999992206458291;1.0;1.0;1.0002306969871748;0.9999576681368774;1.0;1.0;0.9999917599209907;1.0001982286763431;1.0002048485519583;0.999977345411591;0.9999387266066208;0.9999407557999541;0.999941667800113;0.9999997657579591;0.999999760156831;0.9999933634348924;0.9999964009874209;1.0;0.9999414116057125;1.0002285220897007;1.000231803040747;0.9999932070033248;0.9999974278113376;0.9999952972334291;1.0000269730605251;0.9999846522421738;1.0;0.9999695660468142;0.9999981371218076;0.9999999999999999;0.9999546535665881;0.9999085997470465;1.0;0.999990860432545;0.9999999999999999;0.9999984027651256;0.9999944721822713;0.9999900484400637;1.0002013717797102;1.024999976158142;
2016-08-07 03:45:00;0.9999999999999999;0.9999948098723099;0.999993664045242;0.9999997579979697;1.0;1.0;1.0002260732383101;0.9999788363532296;1.0;1.0;0.9999953906217938;1.0001942385621219;1.000200871584892;0.9999883343589413;0.9999699338785136;0.9999714446784533;0.9999718681273254;0.9999997060266074;0.9999997030360974;0.9999959246047848;0.9999974177252202;1.0;0.9999717361829032;1.0002242369541725;1.0002269294181483;0.9999959495050416;0.9999983809119998;0.9999975792190942;1.00004410968484;0.9999940296799386;1.0;0.9999732663423243;0.9999986166122738;1.0;0.9999540544261113;0.9999197142841001;1.0;0.9999900664615025;1.0;0.9999988133508965;0.9999963748696499;0.999993788616878;1.0001975127069844;1.024999976158142;
2016-08-07 04:00:00;0.9999999999999999;0.9999888823027987;0.9999856962284294;0.999998931481113;1.0;0.9999999999999999;1.0002299365203209;0.9999399266603722;1.0;1.0;0.999988220022456;1.0001880107278254;1.0001951993895033;0.9999676118840973;0.9999107866061381;0.9999140086274796;0.9999153712498262;0.9999991239218576;0.9999991122963559;0.9999902262003891;0.9999925692474159;1.0;0.9999149515899262;1.0002270019661141;1.0002315520593947;0.9999885797659436;0.9999957210967236;0.9999932747711643;1.000042245977208;0.9999873113105988;0.9999999999999999;0.9999728125880302;0.9999970417727093;1.0;0.9999455109472859;0.9999183617476985;1.0;0.999990860432545;0.9999999999999999;0.9999974637433701;0.9999896698514277;0.9999864840183104;1.0001911806044952;1.024999976158142;
2016-08-07 04:15:00;1.0;0.9999914858218347;0.9999879076431021;0.9999992204752609;1.0;1.0;1.0002290305371457;0.99995192546793;1.0;1.0;0.9999902658644491;1.0001917288600244;1.0001981524249608;0.9999741530913102;0.9999295266574807;0.9999320012615817;0.9999330334398301;0.9999991406795509;0.9999991300297821;0.9999915756143153;0.9999933209841405;0.9999999999999999;0.9999327018263626;1.0002265159127715;1.000230405814168;0.999990189351339;0.9999963141020548;0.9999946325953084;1.0000453652320398;0.9999917899226457;1.0;0.9999723410371824;0.999997732383143;1.0;0.9999495569736728;0.999916909171284;1.0;0.9999920672329303;1.0;0.9999980552003094;0.9999909007875808;0.9999883236925005;1.0001946579883632;1.024999976158142;
2016-08-07 04:30:00;1.0;0.9999870032444169;0.9999887985023798;0.9999994855800296;1.0;1.0;1.0002277578841101;0.999960350426733;0.9999999999999999;1.0;0.999991785147001;1.0001898989501714;1.0001970962064286;0.9999774951016424;0.9999412833310125;0.9999450494136393;0.9999459939155895;0.9999997167630137;0.9999997102380471;0.9999933881249152;0.9999964767600753;1.0;0.9999457257413873;1.0002254030523383;1.000228883824827;0.9999937125267804;0.9999973803731749;0.9999953278892976;1.0000476885424343;0.9999922930953266;1.0;0.9999728824556002;0.9999965422330686;1.0;0.9999483586471722;0.9999185555895923;1.0;0.9999924483761709;1.0;0.9999970355161014;0.9999947395863183;0.9999897024370376;1.0001929436054495;1.024999976158142;
2016-08-07 04:45:00;1.0;0.9999858458727562;0.999987416929082;0.9999992766785933;1.0;0.9999999999999999;1.0002272897863806;0.999951896870877;0.9999999999999999;1.0;0.9999903492328659;1.000186407610637;1.0001938755763982;0.9999730215996484;0.9999278902126665;0.9999319869730546;0.9999331576415754;0.9999995559140855;0.9999995483682304;0.999992309688084;0.9999952953131431;1.0;0.9999328187319466;1.0002246339986425;1.000228620034667;0.9999920388209812;0.9999967986036835;0.9999943992409493;1.0000511871914868;1.0000019055646931;1.0;0.9999721193915183;0.9999962355945711;1.0;0.9999599009404535;0.9999162325354184;1.0;0.9999908604325449;1.0;0.9999967730446011;0.9999931562086325;0.9999885427975151;1.0001895216257697;1.024999976158142;
2016-08-07 05:00:00;1.0;0.9999941591150577;0.999990647124922;0.9999993457922899;1.0;1.0;1.0002259552132;0.9999613353511857;1.0;1.0;0.9999922264849005;1.0001895137251533;1.0001960383050494;0.9999794153693345;0.9999429336881162;0.9999446321579357;0.999945461108588;0.9999991330707089;0.9999991267757895;0.9999931513377397;0.9999938488262304;1.0;0.999945182388733;1.000223573670623;1.000227249482596;0.9999914666068886;0.9999968563271717;0.9999957273087411;1.0000533855603497;1.0000042964370797;1.0;0.9999708573391068;0.9999984437468519;1.0;0.9999616396996902;0.9999124226638368;1.0;0.9999916544037754;1.0;0.9999986652240269;0.9999918293553329;0.9999909501567122;1.0001926836065869;1.024999976158142;
2016-08-07 05:15:00;1.0;0.9999956035471147;0.9999911077036283;0.9999990655736926;0.9999999999999999;1.0;1.0002267490353316;0.9999576239968765;1.0;1.0;0.99999222077584;1.0001980353783189;1.0002040097776415;0.9999778435813431;0.9999379764183668;0.9999392516241278;0.99994018372836;0.9999997657579591;0.9999997617915137;0.9999939279050247;0.9999963953143562;1.0;0.9999399222486882;1.0002246990232866;1.0002278417971484;0.9999931912062758;0.9999975573081573;0.9999954016761017;1.000053749950578;1.0000039634919888;1.0;0.999970045290003;0.9999988290631621;1.0;0.999960890158281;0.9999100095443063;0.9999999999999999;0.9999892724926029;1.0;0.9999989960032808;0.9999944613908945;0.9999913679042441;1.0002010048449832;1.024999976158142;
2016-08-07 05:30:00;1.0;0.9999976281282907;0.9999942862365057;0.999999455338411;1.0;1.0;1.0002258022384354;0.9999740332877799;1.0;1.0;0.9999951096514474;1.000200132403937;1.0002057265423712;0.9999864862260184;0.9999624939505153;0.99996318713522;0.9999637291027668;0.9999998071441847;0.9999998054243726;0.9999960353048333;0.999997550360753;1.0;0.9999635730900159;1.000224146319793;1.0002266361628054;0.9999955930446002;0.9999984143852105;0.9999971963985667;1.0000503412907793;1.000000135688964;1.0;0.9999702272340982;0.9999993663280367;1.0;0.9999580420574739;0.9999105767078753;1.0;0.9999912732606054;1.0;0.9999994562013028;0.9999963274554179;0.9999943292477939;1.0002030325053939;1.024999976158142;
2016-08-07 05:45:00;1.0;0.9999966162804181;0.9999914425792321;0.9999992388679463;0.9999999999999999;1.0;1.0002293535804614;0.9999615631986858;1.0;1.0;0.9999925946974266;1.0001980006689637;1.0002039861770486;0.9999800213629622;0.999943988557858;0.9999449743731531;0.9999457704680038;0.9999993628516505;0.9999993581449762;0.9999936557405611;0.9999948332934239;1.0;0.999945516496175;1.0002272209839038;1.000230524381676;0.9999922235391412;0.9999972148958761;0.9999958536664042;1.0000455682702363;0.9999937652854709;1.0;0.9999695850021078;0.9999990973510061;1.0;0.9999526305876713;0.9999087251064586;0.9999999999999999;0.9999920672329303;1.0;0.9999992256463003;0.9999928834685993;0.9999915124345234;1.000201045348904;1.024999976158142;
2016-08-07 06:00:00;1.0;0.9999924247661783;0.9999921979634334;0.9999997327596164;1.0;0.9999999999999999;1.0002267504881341;0.9999741915883453;1.0;1.0;0.9999943222833579;1.0001920272311762;1.0001987219781185;0.9999855255199037;0.9999624527357597;0.9999646538546026;0.9999652078756697;0.9999995145278953;0.9999995098225092;0.999994961070009;0.9999963336768584;1.0;0.9999650281778114;1.0002247092520526;1.0002277355538087;0.9999947005847286;0.9999978682913191;0.9999969956394256;1.0000479264215216;0.9999956134076184;1.0;0.9999729595881489;0.9999979825276042;1.0;0.9999531850579856;0.9999187956681116;0.9999999999999999;0.9999908604325449;0.9999999999999999;0.9999982697969648;0.9999950405412817;0.9999925556701692;1.0001951703150556;1.024999976158142;
2016-08-07 06:15:00;1.0;0.9999921345461488;0.9999877966059455;0.9999986778403693;1.0;1.0;1.0002263562442093;0.999940177860678;1.0;1.0;0.9999891365455775;1.000192414073171;1.000198753031312;0.9999683881958559;0.9999106124318927;0.9999128928690313;0.9999142918283577;0.9999995252687085;0.9999995175740062;0.999991636934316;0.9999943599327039;1.0;0.9999138907539213;1.0002237645373646;1.0002278089201055;0.9999900740743507;0.9999964242280692;0.9999934377349048;1.0000557425962056;1.0000083202807;1.0;0.9999757940005638;0.9999979065088636;1.0;0.9999656720577256;0.9999273143847396;1.0;0.9999920672329303;1.0;0.999998205048799;0.9999916372270922;0.9999885550111729;1.0001953432035162;1.024999976158142;
2016-08-07 06:30:00;1.0;0.9999958937677931;0.9999931422477684;0.9999995854775698;0.9999999999999999;1.0;1.0002266651419913;0.9999736986047663;1.0;1.0;0.9999945831454554;1.0001964650588584;1.000202542071803;0.9999859708320948;0.9999622368895363;0.9999634326899008;0.9999639607991253;0.9999995742636261;0.9999995699282606;0.9999952437754186;0.9999965067881841;1.0;0.9999637921017022;1.000224807220001;1.0002275987957088;0.9999947048619758;0.9999980078957277;0.9999970880889669;1.0000579356413093;1.000010998629199;1.0;0.9999766021425469;0.9999989050617326;1.0;0.9999679656557046;0.9999298390372485;1.0;0.9999912732606054;1.0;0.999999060733355;0.9999951722899174;0.9999932074522205;1.0001995097341243;1.024999976158142;
2016-08-07 06:45:00;1.0;0.9999974834814916;0.9999943930216151;0.9999996261893658;1.0;1.0;1.0002270170837413;0.999977757841182;1.0;1.0;0.9999954717569589;1.0001993607727804;1.000205099508044;0.9999883280632209;0.9999682902205768;0.9999690247444973;0.9999694546080552;0.9999996248224271;0.9999996224212514;0.9999959844711069;0.9999969627979286;1.0;0.9999693152837849;1.0002253304676287;1.0002278617788012;0.9999954258271718;0.9999983135853372;0.9999975783983607;1.0000587261277387;1.0000119691722171;1.0;0.9999778428528928;0.9999993279887447;0.9999999999999999;0.999968879661231;0.9999336856022021;1.0;0.9999900664615025;1.0;0.9999994233842572;0.9999958147208186;0.9999943457810428;1.0002023302433791;1.024999976158142;
2016-08-07 07:00:00;1.0;0.9999977728158999;0.9999935379328301;0.9999993203911005;1.0;1.0;1.0002263617832285;0.9999687364028913;1.0;1.0;0.999994150430756;1.0001981543305238;1.0002037834483994;0.9999838539458036;0.9999539607813892;0.9999546126138953;0.9999552820354826;0.9999995037915089;0.9999994997749566;0.9999951126024982;0.9999959026523572;1.0;0.9999550712467867;1.000224462598032;1.0002273897242062;0.9999937694016847;0.999997808226321;0.9999966491909136;1.0000569466012321;1.0000084663998745;1.0;0.9999771467620879;0.9999994046437217;0.9999999999999999;0.999964967121835;0.9999314867730784;0.9999999999999999;0.9999908604325449;1.0;0.999999488997763;0.999994329587964;0.9999936513114586;1.0002010834776802;1.024999976158142;
2016-08-07 07:15:00;1.0;0.9999964715928337;0.9999938996895946;0.9999993701904828;1.0;1.0;1.0002253682812112;0.9999708023350411;1.0;1.0;0.999994621998059;1.000185383156351;1.0001941925727238;0.9999846331961818;0.9999566860539215;0.9999577132281561;0.9999583761213543;0.9999997243760974;0.999999721740254;0.9999957569447951;0.9999970483483903;1.0;0.9999581825146652;1.0002229145125918;1.000226559866165;0.9999949645865172;0.9999981855491266;0.999996811459144;1.0000560062972526;1.0000100208180063;0.9999999999999999;0.9999740825248254;0.9999990590428354;1.0;0.9999681301092598;0.9999222191088089;1.0;0.9999916544037751;0.9999999999999999;0.9999991928565009;0.9999956873319804;0.9999941876479691;1.0001899655246678;1.024999976158142;
2016-08-07 07:30:00;1.0;0.9999929316754104;0.9999895670957042;0.9999989644994272;1.0;1.0;1.0002276867667668;0.9999511561966161;1.0;1.0;0.9999909827622072;1.0001838516677006;1.0001930261188012;0.9999740549849584;0.9999274832920728;0.9999295412289544;0.9999306692504261;0.9999996662042335;0.9999996593259515;0.9999930166817804;0.9999956219852938;1.0;0.9999303492851501;1.0002247748950084;1.0002291700595936;0.9999920662646034;0.9999970990572681;0.9999946139175123;1.0000480539962713;0.9999994475357958;1.0;0.9999756576030872;0.9999981164035218;1.0;0.9999588808785721;0.9999269508425161;1.0;0.999990860432545;1.0;0.9999983842293478;0.9999934134227152;0.9999901585482774;1.0001883878678088;1.024999976158142;
2016-08-07 07:45:00;0.9999999999999999;0.9999914849371221;0.9999912203147768;0.9999997016338328;1.0;1.0;1.0002287588322303;0.9999713276462772;1.0;1.0;0.9999937067358695;1.0001839763773643;1.000193204439184;0.9999839004135345;0.999958722952426;0.9999611943833937;0.9999618013497924;0.9999996033451531;0.9999995975399916;0.999994505527999;0.9999965481668536;1.0;0.9999616139601611;1.0002261914338224;1.0002299432043928;0.999994606105684;0.9999977940234109;0.9999966575575969;1.0000281688821804;0.9999709116418484;0.9999999999999999;0.9999776000362909;0.9999977330687142;0.9999999999999999;0.999932662348993;0.9999328385034296;1.0;0.9999920672329302;1.0;0.9999980561087369;0.9999951617718286;0.9999915764672939;1.0001884432079575;1.024999976158142;
2016-08-07 08:00:00;1.0;0.999994374965052;0.9999918032233777;0.9999994546166868;1.0;1.0;1.0002300920446385;0.9999673761185333;1.0;1.0;0.999993448988625;1.0001887727055696;1.0001973709296532;0.9999824954862637;0.9999525714990424;0.9999542030546249;0.9999548959760008;0.9999995635228245;0.9999995592043915;0.9999944435493026;0.9999961081718669;1.0;0.9999546831972612;1.0002275803323843;1.000231321099136;0.9999938501474221;0.9999976775453366;0.9999963670209162;1.0000329823536669;0.9999789802018001;1.0;0.9999751377091127;0.9999985022440827;1.0;0.9999409663158976;0.9999255244472908;1.0;0.9999912732606052;0.9999999999999999;0.9999987157769636;0.9999945174165745;0.9999920363332105;1.0001930949741458;1.024999976158142;
2016-08-07 08:15:00;1.0;0.9999888831511589;0.999988540806316;0.9999990491837955;1.0;1.0;1.0002316207282302;0.9999503797361716;1.0;1.0;0.9999906440444569;1.0001842252706017;1.000194094703383;0.999972860231314;0.9999257351974862;0.9999289605237179;0.9999301665394122;0.9999998071441849;0.99999979993072;0.9999929418134617;0.9999962733335644;1.0;0.9999298359511312;1.0002285615814244;1.0002331129687603;0.9999926478984658;0.9999971603980327;0.9999943656516906;1.000028595055691;0.9999743615021108;1.0;0.9999740619965094;0.9999970411884329;1.0;0.999937683661184;0.999922233949818;1.0;0.9999916544037752;1.0;0.9999974629245337;0.9999941451205822;0.9999895196912836;1.0001888634901699;1.024999976158142;
2016-08-07 08:30:00;1.0;0.9999588194960586;0.9999750300054839;0.9999988998307218;1.0;1.0;1.000257304921611;0.9999114129770182;1.0;1.0;0.9999820378838357;1.0001811500583082;1.0001945015984313;0.9999472809873845;0.9998623982571527;0.9998743294797316;0.9998768364386773;0.9999997550215151;0.999999720785106;0.9999868868201547;0.9999942263262814;1.0;0.9998761601834504;1.000252457974646;1.0002595583880256;0.9999882825995177;0.9999946846182988;0.9999890424453963;0.9999808259542625;0.9998884672526626;1.0;0.999972859017807;0.9999890468756648;0.9999999999999999;0.9998494522005354;0.9999194732744778;1.0;0.9999908604325449;1.0;0.9999906094924393;0.9999907928077688;0.999979000755837;1.000185616876279;1.024999976158142;
2016-08-07 08:45:00;1.0;0.9999067405034391;0.9999395560211929;0.99999658158048;0.9999999999999999;1.0;1.0002891731043506;0.9997710502784316;1.0;0.9999999999999999;0.9999547557341413;1.000158205965989;1.0001778072641292;0.9998662517613448;0.9996447975046687;0.999671901031886;0.9996782898577266;0.9999993122647027;0.9999990573054242;0.9999670678440103;0.9999843872518901;1.0;0.9996765620416164;1.000279803771552;1.000293866095148;0.9999686970127436;0.9999865210390653;0.9999721029672256;0.9999980971347188;0.9998984592436875;1.0;0.9999700437763432;0.9999751705013508;0.9999999999999999;0.9998503856634983;0.9999113130916758;1.0;0.9999908604325448;1.0;0.999978704802515;0.999975262877862;0.9999489179875879;1.0001624722474383;1.024999976158142;
2016-08-07 09:00:00;0.9999999999999999;0.999924365097765;0.9999590375066527;0.999999296344137;0.9999999999999999;1.0;1.0002717994587955;0.9998795247449755;1.0;1.0;0.9999733127232978;1.0001634345919488;1.000180846825379;0.9999243142446015;0.9998126175228612;0.9998345911968594;0.9998381240595717;0.9999997964077687;0.999999678528522;0.9999799720861234;0.9999928406171965;1.0;0.9998371809995532;1.000265282015348;1.0002746131097706;0.9999849335459237;0.9999922752290263;0.9999842287106936;0.9999988182700692;0.9999101361501522;1.0;0.9999704504512045;0.9999798666432735;1.0;0.999867054346642;0.999912251758455;0.9999999999999999;0.9999916544037752;1.0;0.999982733468505;0.9999883606057035;0.9999657404893655;1.0001677277005316;1.024999976158142;
2016-08-07 09:15:00;1.0;0.9999240773996365;0.9999532245297348;0.9999982985655316;1.0;1.0;1.000277806773269;0.9998437158837614;1.0;1.0;0.9999673739262022;1.000167013786685;1.0001847287822851;0.9999062594807636;0.999759734754837;0.9997817964523055;0.9997861330736416;0.9999997366764025;0.9999995908226298;0.999975656749012;0.9999903447206521;1.0;0.9997849745219176;1.0002706018798622;1.000281142661402;0.9999795920706073;0.999990539871092;0.9999804651522307;0.9999916821437972;0.9999047108446927;1.0;0.9999622086856684;0.9999797882845849;1.0;0.9998653770395335;0.9998875021503898;1.0;0.9999908604325449;1.0;0.9999826657616099;0.9999842672734973;0.9999600392863637;1.000171451490927;1.024999976158142;
2016-08-07 09:30:00;0.9999999999999999;0.9999359969868726;0.9999551155445106;0.9999984775329542;1.0;1.0;1.0002766257780917;0.9998533851858215;1.0;1.0;0.9999686915965946;1.000174150759318;1.0001904074714092;0.9999135073851664;0.9997795033628492;0.9997980982901261;0.9998018618158327;0.9999993122647027;0.9999991755098365;0.999975332179237;0.9999886946008621;1.0;0.9998008241767111;1.0002699816415332;1.0002797857736707;0.9999785448140188;0.9999904395596853;0.9999819728416771;0.9999798084634505;0.9998798873861928;1.0;0.9999643387899962;0.9999829619931259;1.0;0.9998377650355539;0.9998938877786022;1.0;0.9999912732606052;1.0;0.9999853879278165;0.999982589246674;0.9999601171967748;1.00017861754603;1.024999976158142;
2016-08-07 09:45:00;1.0;0.9999557187582159;0.9999653245167224;0.9999985342085493;1.0;1.0;1.0002728289506269;0.9998803661252763;1.0;1.0;0.9999750392503363;1.0001904574852691;1.0002041598971343;0.9999310366198808;0.9998215821634115;0.999834439151489;0.9998373921481287;0.9999993628516505;0.999999291019097;0.9999802139054419;0.9999903546554099;0.9999999999999999;0.9998365711390655;1.0002673913349318;1.0002754862185068;0.999981962994363;0.9999922818440331;0.9999856485273709;0.9999617423669199;0.9998697176201088;1.0;0.9999594467772634;0.9999882144939757;1.0;0.9998386204747594;0.9998795026718914;0.9999999999999999;0.9999916544037751;1.0;0.999989893322284;0.9999852573040251;0.9999686327002808;1.00019489529353;1.024999976158142;
2016-08-07 10:00:00;1.0;0.9999857046692864;0.9999832489722499;0.9999993228397338;1.0;1.0;1.0002638595431788;0.9999439780547346;0.9999999999999999;1.0;0.9999879260870643;1.0002139594163248;1.0002236277548062;0.99996900172546;0.9999207433774501;0.999924894456306;0.9999260294586402;0.9999995543502509;0.999999533649306;0.999989629025296;0.9999945937590706;1.0;0.999925699816081;1.00026077017061;1.0002653520440663;0.9999904394982972;0.9999961159055931;0.9999935563228204;0.9999546943055382;0.9998530784341917;1.0;0.9999593953470572;0.9999961944754563;0.9999999999999999;0.9998195846661208;0.9998794806775847;1.0;0.999990860432545;1.0;0.9999967365613631;0.9999919637765851;0.9999836227707259;1.0002182662720425;1.024999976158142;
2016-08-07 10:15:00;0.9999999999999999;0.999980789912293;0.9999592659721122;0.9999992429335588;1.0;1.0;1.0002764764396703;0.9998892525362435;1.0;0.9999999999999999;0.9999732117122511;1.0002216569827311;1.000232100100382;0.9999405044501413;0.9998618095706306;0.9998673822571738;0.9998687470980432;0.9999996263862428;0.9999995295166318;0.9999744670885322;0.9999905512041058;0.9999999999999999;0.9998683620837269;1.0002730780940858;1.0002780897376295;0.9999807734664523;0.9999920596718614;0.9999875879785142;0.9999710746550038;0.9998690842303536;1.0;0.9999656579016826;0.9999948863842943;0.9999999999999999;0.9998295356740055;0.999898351211245;1.0;0.9999912732606052;1.0;0.9999956152330342;0.999984912808103;0.9999563224245149;1.0002260487664922;1.024999976158142;
2016-08-07 10:30:00;1.0;0.9999777601233165;0.9999585683468464;0.9999989103153168;1.0;1.0;1.0002876116771697;0.9998790269991785;0.9999999999999999;1.0;0.9999718276588463;1.0002259719952715;1.0002371205344207;0.9999347428757455;0.9998427774539268;0.999849250731149;0.9998510237925794;0.9999993337701099;0.9999992204097611;0.9999737997765321;0.9999888038192919;1.0;0.9998505109449684;1.0002836193370022;1.0002896030641986;0.9999786641261881;0.9999913455827428;0.9999863838495283;0.9999593800759531;0.9998507625043129;1.0;0.999957067705055;0.9999940747491118;1.0;0.9998131995404383;0.9998731981793347;1.0;0.9999908604325448;1.0;0.9999949173267062;0.9999827217902463;0.9999564727272928;1.0002305351929963;1.024999976158142;
2016-08-07 10:45:00;1.0;0.9999485707489837;0.9999594229170277;0.9999994455859647;0.9999999999999999;1.0;1.0002987462456079;0.999887303988068;1.0;1.0;0.9999735758291548;1.0001999287201435;1.0002167644164761;0.9999330581610721;0.9998384435376554;0.9998533974930867;0.9998559094245485;0.9999992541253715;0.9999991396820591;0.9999773243128245;0.9999900100405743;1.0;0.9998551967467175;1.0002929175707171;1.0003013641975338;0.9999819664656938;0.9999917473512817;0.9999860406641055;0.999932941683791;0.9998141376939765;1.0;0.9999620329065713;0.9999863059208197;1.0;0.9997823867574795;0.999889661851396;0.9999999999999999;0.9999920672329302;1.0;0.9999882547032715;0.999984999391237;0.9999619890156315;1.0002055827219407;1.024999976158142;
2016-08-07 11:00:00;1.0;0.9999466902582289;0.9999636811389595;0.9999987479909521;0.9999999999999999;1.0;1.0002870794814132;0.9998810379954267;1.0;1.0;0.9999747716814701;1.000194632857677;1.0002104788922834;0.9999295509987595;0.9998207424668066;0.9998362335328393;0.999839333258995;0.9999997167630139;0.9999996255593073;0.9999805170331164;0.999992105680156;0.9999999999999999;0.9998384984857137;1.0002812261751428;1.0002897759041807;0.9999837243326972;0.9999925985822773;0.9999853287846533;0.9999509504231958;0.9998361906173506;1.0;0.9999603659447321;0.9999858085082;0.9999999999999999;0.9997987219094547;0.9998834695999943;1.0;0.9999900664615025;1.0;0.9999878289358575;0.9999873069566872;0.9999679444497036;1.0001996161506939;1.024999976158142;
2016-08-07 11:15:00;1.0;0.9999690850059995;0.9999741377858348;0.9999985630119868;1.0;1.0;1.0002691491710467;0.9999034562954925;1.0;1.0;0.999980600142439;1.000201065436277;1.0002132544895543;0.9999453207416228;0.9998556817068308;0.9998646549671726;0.9998670382241481;0.9999995957364667;0.9999995544152604;0.9999849749983629;0.9999926783374959;0.9999999999999999;0.9998663833229837;1.0002645857180654;1.0002714020832124;0.9999857686460759;0.9999941039025969;0.9999886306989821;0.9999576698827422;0.9998506493123355;0.9999999999999999;0.9999614219445363;0.999991772723431;1.0;0.9998133944929208;0.9998856829048135;1.0;0.9999908604325449;1.0;0.9999929449722836;0.9999885860790658;0.9999765886222219;1.000205601714456;1.024999976158142;
2016-08-07 11:30:00;1.0;0.9999734227046745;0.9999636575165887;0.9999957130008924;1.0;1.0;1.0002980212593822;0.9998156089369794;0.9999999999999999;1.0;0.999967273943487;1.0002302871928332;1.0002419317143574;0.999902050693783;0.9997225272415384;0.9997302494793737;0.9997347293212477;0.9999993138567277;0.9999992323052117;0.9999760535274966;0.9999860725114113;1.0;0.9997335034796313;1.0002918827862275;1.0003016376750224;0.9999723720878854;0.99999004861878;0.9999796283223018;0.9998701529569622;0.9997194689781793;1.0;0.9999600766433522;0.9999929246015133;1.0;0.9996928617678003;0.9998836073054351;1.0;0.9999904792909119;1.0;0.9999939319041442;0.999978058841373;0.999966645276;1.0002348236035439;1.024999976158142;
2016-08-07 11:45:00;0.9999999999999999;0.9999742186318591;0.9999769357497102;0.9999984739456902;1.0;1.0;1.0002883382341778;0.9999083662352461;0.9999999999999999;1.0;0.9999820667104102;1.0002241367176605;1.0002358689503632;0.999948805691285;0.9998625824381999;0.99987008006569;0.9998723399946418;0.9999995559140854;0.9999995198283046;0.999986219426789;0.9999927643694269;1.0;0.9998717147240397;1.0002839567170274;1.00029054813489;0.9999862241617539;0.9999944717487522;0.999989357118616;0.9998814639951489;0.9997425660869992;1.0;0.9999602189232607;0.9999931351307304;1.0;0.9997180571197604;0.9998839928170015;1.0;0.9999908604325449;1.0;0.9999941119534811;0.9999888399869035;0.9999791045017483;1.0002287751223127;1.024999976158142;
2016-08-07 12:00:00;0.9999999999999999;0.9999733506497576;0.9999799762170325;0.9999990281445982;1.0;1.0;1.000291085479855;0.9999279443635348;1.0;1.0;0.9999853436700352;1.0002272728430996;1.0002392398206876;0.9999584699806012;0.9998914352037529;0.9998991810847445;0.9999010217447137;0.9999997366764025;0.9999997093597491;0.999988759281449;0.9999947954357942;1.0;0.9999005193706055;1.000287049443296;1.0002929878475437;0.9999897220565922;0.9999955928127902;0.9999913676782254;0.9999108995589671;0.9997853336662915;0.9999999999999999;0.9999561326882963;0.9999929052320247;1.0;0.9997590160828799;0.9998726918677175;1.0;0.9999920672329303;1.0;0.9999939151676488;0.9999918191763583;0.999982186057146;1.0002319806357627;1.024999976158142;
2016-08-07 12:15:00;1.0;0.999979925337009;0.9999823312013977;0.9999988097010907;1.0;1.0;1.0002857670798053;0.9999287836169162;1.0;1.0;0.9999860726406902;1.0002272002438515;1.000238021044061;0.999960211147938;0.9998923024603101;0.9998981363620209;0.9998999172503167;0.9999994333237987;0.9999994104885583;0.9999892033191482;0.9999934427335492;0.9999999999999999;0.9998994093223477;1.0002818872684318;1.000287723620961;0.999988568615286;0.9999954611583606;0.9999917321172499;0.9999031018709598;0.9997726757381148;1.0;0.9999655362835033;0.9999946555431537;0.9999999999999999;0.9997456514127245;0.9999006754748303;1.0;0.9999912732606053;1.0;0.9999954164124698;0.9999903213767901;0.9999841310654087;1.0002317366405613;1.024999976158142;
2016-08-07 12:30:00;1.0;0.9999721172306392;0.9999786677593023;0.9999986900768542;1.0;1.0;1.0002864831482423;0.9999166147835166;0.9999999999999999;1.0;0.9999835818393379;1.0002199722333915;1.000231910398291;0.9999525481474387;0.9998726960205757;0.9998807784748619;0.9998829537674149;0.9999994731461411;0.999999444748812;0.9999875530178844;0.9999930280325319;1.0;0.9998823449444573;1.0002820765144518;1.0002886703422;0.9999873523380853;0.9999948057582346;0.9999901387951757;0.9999174210222948;0.9997952861742287;1.0;0.9999631392393332;0.9999925824173344;1.0;0.9997675760026111;0.9998933160482801;1.0;0.9999912732606054;1.0;0.9999936402833345;0.9999895046869092;0.9999812826161915;1.0002245838123087;1.024999976158142;
2016-08-07 12:45:00;1.0;0.9998852091388346;0.9999387627151627;0.9999990033013381;1.0;0.9999999999999999;1.0003232237939221;0.9998197334562438;0.9999999999999999;1.0;0.9999596617358777;1.0001646274911298;1.0001875788117387;0.9998863892199688;0.9997160565638874;0.999749402109399;0.999754778180846;0.9999986335003886;0.9999983501915856;0.9999689107970812;0.9999845771602308;1.0;0.9997532690306015;1.0003135527215201;1.0003276055555648;0.9999736468106243;0.9999871411295604;0.9999762667564835;0.9999171482289457;0.9997788390923352;1.0;0.9999587730964299;0.9999694408139546;1.0;0.9997436570649126;0.9998803801601044;1.0;0.9999908604325449;1.0;0.999973792344572;0.9999774528763844;0.9999492892027692;1.0001692388148766;1.024999976158142;
2016-08-07 13:00:00;1.0;0.9998502460602953;0.999919308028428;0.9999985561255038;1.0;1.0;1.0003462183214176;0.999759972550729;1.0;0.9999999999999999;0.9999464047882047;1.0001461603988864;1.0001737684997258;0.9998493140904301;0.9996215451564533;0.999665045696097;0.9996721824708609;0.9999978905207004;0.9999974292229362;0.9999583804270785;0.999978004476259;0.9999999999999999;0.9996701583684091;1.0003338458722724;1.0003519323802743;0.9999635681583083;0.9999825816693221;0.9999684744631995;0.999872004610081;0.9997430131135926;1.0;0.9999585233070996;0.9999601291174665;0.9999999999999999;0.9997303765617361;0.9998808334908958;1.0;0.9999900664615025;1.0;0.9999658064924671;0.9999683235648389;0.9999331260330289;1.00015089685977;1.024999976158142;
2016-08-07 13:15:00;1.0;0.9999297140129454;0.9999546892023302;0.9999985977986028;1.0;1.0;1.0003178424427217;0.9998508335742361;0.9999999999999999;1.0;0.9999678525046263;1.0001972612685872;1.000214445100188;0.9999109581187784;0.9997689791862684;0.999789409431888;0.9997934631797708;0.9999978567193428;0.9999977041162222;0.9999740011152244;0.9999824457392091;1.0;0.9997922472072236;1.0003101050191596;1.0003217214101492;0.9999736248652732;0.9999885871072873;0.9999814394966858;0.9998774699134519;0.9997699509598351;1.0;0.9999554240985074;0.9999812865605856;1.0;0.9997662138262602;0.9998712250989462;0.9999999999999999;0.9999904792909118;1.0;0.9999839501529402;0.9999758390374953;0.9999609735953561;1.000201797529513;1.024999976158142;
2016-08-07 13:30:00;1.0;0.9999152570786846;0.9999463265529563;0.9999982025706058;1.0;1.0;1.0003162459600137;0.9998206470385945;1.0;1.0;0.999961744330955;1.0001801493180633;1.000199149001582;0.9998929142935445;0.999721437486442;0.9997460327077201;0.9997509681313843;0.9999977097590946;0.9999975211007851;0.9999695555101661;0.9999801710482004;1.0;0.999749510074054;1.0003073701124399;1.0003207036787702;0.9999693898254578;0.9999867068704481;0.9999776748055986;0.9998893600059886;0.9997592567630388;1.0;0.9999609685427409;0.9999774466519268;1.0;0.9997386571180279;0.9998874700288987;1.0;0.9999908604325449;0.9999999999999999;0.9999806600564516;0.9999723727320154;0.9999540862936915;1.00018468550138;1.024999976158142;
2016-08-07 13:45:00;1.0;0.9997807231714364;0.9998645738918954;0.9999951475712987;1.0;1.0;1.0003678332108805;0.9995515208110619;0.9999999999999999;1.0;0.9999048677297098;1.000094090392495;1.0001303298024637;0.9997306437533833;0.9993066400613692;0.9993701562501944;0.9993826336952744;0.9999973558207255;0.9999963981198977;0.9999268562458807;0.9999632835827336;0.9999999999999999;0.999379168124584;1.0003492681394495;1.0003769146110608;0.9999335721243037;0.999970295512482;0.9999435619428663;0.9998979268460961;0.9997451113829794;1.0;0.9999604824977966;0.9999416544637985;1.0;0.999710748639603;0.999886591272122;1.0;0.9999912732606052;1.0;0.9999499765572187;0.9999447981750709;0.9998844536000657;1.000098770755258;1.024999976158142;
2016-08-07 14:00:00;0.9999999999999999;0.9997042438718942;0.9998444575064738;0.9999973824828348;0.9999999999999999;1.0;1.0003775159671373;0.9995516825710034;1.0;1.0;0.9998989304898869;1.000038645308233;1.0000846728616486;0.9997152586252218;0.9992955922379063;0.9993813247770735;0.9993948194842006;0.9999985355109056;0.99999715059533;0.9999231264353653;0.9999690698386441;1.0;0.9993911691410772;1.0003565271531638;1.000386749385512;0.9999398884281231;0.9999699036072175;0.9999401330356091;0.9999421463508299;0.9997865984258948;0.9999999999999999;0.9999597582103025;0.9999212773615529;0.9999999999999999;0.999733632652113;0.9998831204622797;0.9999999999999999;0.9999908604325449;0.9999999999999999;0.9999325007621579;0.9999517672555158;0.9998712690524904;1.0000433812599503;1.024999976158142;
2016-08-07 14:15:00;1.0;0.9997467438229929;0.999871234214604;0.9999979326190055;1.0;1.0;1.0003770074423939;0.9996312151793678;0.9999999999999999;1.0;0.9999170093782099;1.0000877558163805;1.00012829617644;0.9997636691484452;0.9994170229381555;0.999490588648958;0.9995019645467305;0.9999994639691593;0.9999982935633898;0.999937996389818;0.9999776887299033;0.9999999999999999;0.9994989362861394;1.0003592696251193;1.0003846254058952;0.9999535004877371;0.9999760260985353;0.9999503025237888;0.9999244000535666;0.9997627857370334;1.0;0.9999578341185239;0.9999325544440743;1.0;0.9997139545391346;0.9998780546010333;1.0;0.9999908604325449;0.9999999999999999;0.9999421576912082;0.9999639046235531;0.9998946709337343;1.0000923935885846;1.024999976158142;
2016-08-07 14:30:00;0.9999999999999999;0.9999200977017201;0.9999504796297652;0.9999981644352914;1.0;1.0;1.000317064439816;0.9998333422975609;1.0;0.9999999999999999;0.9999651741125403;1.0001972201279687;1.0002160083061933;0.9999002670343616;0.999743138395199;0.9997663282238238;0.999770949918999;0.999999382765018;0.999999223002427;0.9999737629439798;0.999988220412105;1.0;0.9997696916135451;1.0003092475801656;1.0003207521925968;0.9999770040686032;0.9999895290488298;0.9999792139586523;0.9998882723624797;0.9997540413884032;0.9999999999999999;0.9999550846597515;0.9999787358577168;1.0;0.9997322090844403;0.9998699184254052;0.9999999999999999;0.9999912732606053;1.0;0.9999817656682873;0.9999815934705611;0.9999577235566697;1.0002019761866507;1.024999976158142;
2016-08-07 14:45:00;1.0;0.9999548501865526;0.9999688106693042;0.9999986296883503;1.0;1.0;1.00029779014836;0.9998906292002868;0.9999999999999999;1.0;0.9999774819667944;1.000215173824851;1.0002291628460394;0.9999360249161167;0.9998335320064066;0.9998466338511129;0.9998495245545388;0.9999995237048814;0.9999994594011712;0.9999828082870301;0.9999918442747807;0.9999999999999999;0.9998487311980583;1.0002924057583835;1.0003003700996322;0.9999843327495078;0.9999931471921101;0.9999866888449763;0.9998660840081226;0.9997214899384177;1.0;0.9999585139857802;0.9999879855654967;1.0;0.999700048049888;0.9998790144720836;1.0;0.9999908604325448;0.9999999999999999;0.999989697687779;0.9999873614449245;0.9999727340057893;1.0002197101670167;1.024999976158142;
2016-08-07 15:00:00;1.0;0.9999755149363975;0.9999621136331184;0.9999950919551441;1.0;1.0;1.000294846883646;0.9997984342452733;1.0;1.0;0.9999648747929687;1.0002289530290907;1.000240375935429;0.9998938542327317;0.9996966666145186;0.9997037681720099;0.9997086507930898;0.9999993520870342;0.9999992723859883;0.9999746034285998;0.9999851953567127;0.9999999999999999;0.9997073217432609;1.0002884757898158;1.0002986956055366;0.9999700748995314;0.9999894178221581;0.9999779287030065;0.9998699360220166;0.9997286843037433;0.9999999999999999;0.9999548952809686;0.9999934847058556;1.0;0.9997068575260665;0.999867416546399;1.0;0.999990479290912;0.9999999999999999;0.999994413410291;0.999976445089052;0.9999651155602645;1.0002335162404152;1.024999976158142;
2016-08-07 15:15:00;1.0;0.9999799938966543;0.9999761888834798;0.9999975243775651;0.9999999999999999;1.0;1.0002890180424946;0.9998862244974247;1.0;1.0;0.9999794415040052;1.000230541242344;1.000241712448128;0.9999388602440322;0.9998293215402165;0.999835119745057;0.9998378883830364;0.9999997151991683;0.9999996869081976;0.9999849203609201;0.9999920887784011;0.9999999999999999;0.9998371405422367;1.0002844624251892;1.0002914889947159;0.9999835943193988;0.999993912133662;0.9999872976622134;0.9998726013360573;0.9997423304292855;1.0;0.9999455549800873;0.9999946776256544;1.0;0.9997263097116195;0.9998396824417812;1.0;0.9999904792909121;1.0;0.9999954367515577;0.999987240485642;0.9999781879565689;1.000235278102836;1.024999976158142;
2016-08-07 15:30:00;0.9999999999999999;0.9999285519029609;0.9999545249767853;0.9999986407180883;1.0;1.0;1.0003112269704262;0.9998551788698179;1.0;0.9999999999999999;0.9999689350959946;1.0002028251192072;1.000220408533434;0.9999129306846776;0.9997799996451925;0.9998007412752337;0.9998046335829968;0.9999996753812068;0.9999995436928409;0.9999761689684745;0.9999906011706575;1.0;0.9998035875425194;1.0003043602475263;1.0003143606408673;0.9999805660504528;0.9999909111900349;0.9999818566788613;0.9998443765294855;0.9997116000761946;1.0;0.9999426626450678;0.9999809846290152;0.9999999999999999;0.9997045931866647;0.9998310655384557;1.0;0.9999904792909119;0.9999999999999999;0.9999836935925817;0.9999848636263846;0.9999604327202146;1.0002075059908404;1.024999976158142;
2016-08-07 15:45:00;1.0;0.9998576097372144;0.9998929723703845;0.9999907941356587;1.0;1.0;1.0003410268468254;0.9995290575569895;1.0;1.0;0.9999128789500477;1.0001573354718403;1.0001837736772563;0.9997347832717093;0.9992725602407317;0.9993138863579796;0.9993266978113019;0.999999503791509;0.9999988833201775;0.9999387653861961;0.9999711799708175;1.0;0.9993232949460347;1.0003254273222844;1.0003495214569045;0.9999372474973773;0.9999749553622373;0.9999446144403282;0.999843255584214;0.9997235012342434;1.0;0.9999554789172032;0.9999620972059021;1.0;0.9997223352258957;0.9998691294990493;1.0;0.9999912732606052;1.0;0.9999674961752064;0.9999522792541384;0.9999087426664527;1.0001619467619667;1.024999976158142;
2016-08-07 16:00:00;1.0;0.9998336599389951;0.9999141515854661;0.999998297268839;0.9999999999999999;1.0;1.000318101792736;0.9997413412114995;1.0;1.0;0.9999435105188869;1.0001143916594968;1.000144102855648;0.9998368121633875;0.9995920948273468;0.9996402267620302;0.9996480873979209;0.9999994930551106;0.9999991710525378;0.9999584537185991;0.9999844933225628;1.0;0.9996459853213505;1.000305454071758;1.000323657821066;0.9999678785886116;0.9999835550363132;0.9999659566182647;0.9998725563901469;0.9997522448861903;1.0;0.999962064225771;0.9999557650664822;1.0;0.9997402169498344;0.9998890692694603;1.0;0.9999916544037751;1.0;0.9999620801922617;0.9999750019488988;0.9999297058221576;1.0001191741279083;1.024999976158142;
2016-08-07 16:15:00;0.9999999999999999;0.9999254472163535;0.999956813187409;0.9999990839482744;1.0;1.0;1.0003022578141412;0.9998688965275503;1.0;1.0;0.9999711481519381;1.000196887037479;1.0002126658832375;0.999919194354541;0.9997973630664958;0.9998190149593827;0.9998227187751245;0.999999281619296;0.9999991523487527;0.9999777041164694;0.9999898611341956;1.0;0.9998216946841859;1.0002957177589376;1.0003052396336414;0.999981429593141;0.9999910953691599;0.9999831596563475;0.9998708503163319;0.9997276966015645;1.0;0.9999629788592127;0.9999801561401856;1.0;0.9997043842203358;0.9998919459657191;1.0;0.9999912732606053;1.0;0.9999829823690395;0.9999846630924893;0.9999632979595622;1.0002003616325885;1.024999976158142;
2016-08-07 16:30:00;1.0;0.9999252986632549;0.9999574282861337;0.9999985878404697;0.9999999999999999;0.9999999999999999;1.000302085165019;0.9998597616799697;0.9999999999999999;0.9999999999999999;0.9999706560501037;1.0002037948678777;1.000218800218981;0.999914596586241;0.9997817571576751;0.9998034337039632;0.9998074882883716;0.999999825493692;0.999999714805124;0.9999785387562592;0.9999918416767863;1.0;0.999806410109121;1.0002956952592637;1.0003050098168058;0.9999824104061953;0.9999915622034877;0.9999822162930029;0.9998712619500209;0.9997315072842181;1.0;0.9999598414080003;0.9999801217749181;1.0;0.9997102724042449;0.9998827184085483;1.0;0.9999912732606052;1.0;0.9999829545346444;0.9999865622087464;0.9999644247485281;1.0002068395654562;1.024999976158142;
2016-08-07 16:45:00;1.0;0.9999289132384284;0.999961241631967;0.999998998226407;1.0;1.0;1.0002987641103054;0.9998781277418918;1.0;1.0;0.9999739562340401;1.0002021929057925;1.0002172725805816;0.9999245425489504;0.9998095276849676;0.9998301649209937;0.9998337576743077;0.9999998378221838;0.9999997433873613;0.9999808897436024;0.9999929688613418;1.0;0.9998328017728225;1.0002927185236679;1.0003014521588613;0.9999849304855934;0.9999925032167959;0.9999842896155408;0.9998800425108042;0.9997412285349934;1.0;0.9999585289216015;0.9999810814657641;1.0;0.9997173467494657;0.9998786748551909;0.9999999999999999;0.9999908604325448;1.0;0.9999837766549344;0.9999884570920153;0.9999678470874681;1.0002055267690446;1.024999976158142;
2016-08-07 17:00:00;0.9999999999999999;0.9998740832593513;0.9999354567601177;0.9999991358214341;1.0;1.0;1.0003178741685188;0.9998153734810955;1.0;1.0;0.9999585209405621;1.0001667592404493;1.0001883856128249;0.9998819726022934;0.9997092527884759;0.9997458263877872;0.9997514501837225;0.9999995559140854;0.9999992675067011;0.9999689579437963;0.9999885133961007;1.0;0.9997499405675464;1.0003086943007704;1.000321830187657;0.9999767484886987;0.9999878433095091;0.9999753466632073;0.9998892018633811;0.9997455403844414;1.0;0.9999604064910831;0.9999664801245574;1.0;0.9997156225701608;0.9998841176647446;1.0;0.999990479290912;1.0;0.9999712536185306;0.9999817071430654;0.9999469376614344;1.000169873194408;1.024999976158142;
2016-08-07 17:15:00;1.0;0.9999690850059995;0.999976574590445;0.999998995794152;1.0;1.0;1.0002847737931586;0.9999174245155321;1.0;1.0;0.9999827955258326;1.0002220904148036;1.0002320013278887;0.9999523393572916;0.9998748288628885;0.9998838022950676;0.9998858979295563;0.9999990717756329;0.9999990385353074;0.9999861512000964;0.9999912914145836;0.9999999999999999;0.9998852819092439;1.000280658194994;1.0002868570798111;0.9999859872982014;0.9999941388227398;0.9999900931358299;0.9998813613472383;0.9997476855153515;1.0;0.9999589752365073;0.9999917727525939;0.9999999999999999;0.999725557814383;0.9998797698494102;1.0;0.9999908604325448;0.9999999999999999;0.999992944997929;0.9999876315175941;0.9999791334909421;1.0002253781813033;1.024999976158142;
2016-08-07 17:30:00;0.9999999999999999;0.9999731316436312;0.9999762064547789;0.9999980832910192;1.0;1.0;1.000284971903255;0.9998978527396141;1.0;1.0;0.9999807442123257;1.000230234089605;1.0002396334052257;0.9999433181844991;0.9998451542689899;0.9998529536332639;0.9998555529825793;0.9999996447314057;0.9999996094151731;0.9999857703381603;0.9999926099356753;1.0;0.9998548447066035;1.0002808577853666;1.0002871481906397;0.9999852694532266;0.9999941993044391;0.9999882191056948;0.9998885906846429;0.9997617328102292;1.0;0.999958288813264;0.9999928494141036;1.0;0.9997405598188324;0.9998776198827118;0.9999999999999999;0.9999912732606053;0.9999999999999999;0.9999938681864131;0.9999883270121677;0.9999788223146041;1.0002335218828733;1.024999976158142;
2016-08-07 17:45:00;1.0;0.9999661154852739;0.9999781588269212;0.9999993091310377;1.0;1.0;1.0002885908391028;0.9999284189427092;1.0;1.0;0.9999847612156089;1.0002273885649706;1.0002374829446379;0.9999572902398313;0.9998905459347379;0.9999003523201058;0.9999022746824967;0.999999503791509;0.9999994811271739;0.9999881232952571;0.9999939588343733;0.9999999999999999;0.9999017345018465;1.000284758307182;1.0002903951976503;0.9999893020499472;0.9999951708591339;0.999991126178105;0.9998630561744571;0.9997278127235395;1.0;0.9999526860649119;0.99999099008402;0.9999999999999999;0.999712383568968;0.9998613509226495;1.0;0.9999912732606052;1.0;0.9999922764935205;0.9999910140386522;0.9999810424529532;1.0002305779232858;1.024999976158142;
2016-08-07 18:00:00;1.0;0.999969521561944;0.9999778864291066;0.9999988112392012;1.0;1.0;1.0002909079911664;0.9999174810982994;1.0;1.0;0.9999835306375028;1.0002348880698024;1.0002443835298995;0.9999524469918568;0.9998743857159225;0.9998832448780525;0.9998854130809598;0.9999996952901884;0.9999996644177387;0.9999876162788656;0.9999940857629614;1.0;0.9998848216957594;1.0002871135028315;1.000292773315169;0.9999883501317167;0.9999950375957101;0.9999901162122995;0.9998666357445473;0.9997228490169664;1.0;0.9999567206910337;0.9999918858999616;1.0;0.9997016995308118;0.9998736346442428;1.0;0.9999908604325451;1.0;0.999993040896158;0.9999907153538616;0.9999806366894003;1.0002379754292168;1.024999976158142;
2016-08-07 18:15:00;1.0;0.9999760918870777;0.9999834708433094;0.9999995200652974;0.9999999999999999;1.0;1.0002797121309293;0.9999471770163522;0.9999999999999999;1.0;0.9999885711864214;1.000228422577448;1.000237492152044;0.9999686944540159;0.9999204829303665;0.9999274142083555;0.999928767559277;0.9999996263862428;0.9999996104438553;0.9999908733748294;0.9999954403074587;1.0;0.9999283855640541;1.0002765957842223;1.00028115381806;0.9999919239544062;0.9999963771115649;0.9999934962462014;0.9998691341012902;0.9997300835969464;1.0;0.9999595248157186;0.9999936394812039;1.0;0.9997090884177662;0.9998813308053727;1.0;0.9999916544037751;0.9999999999999999;0.9999945465364849;0.9999932177124724;0.999985313597199;1.0002317371712532;1.024999976158142;
2016-08-07 18:30:00;1.0;0.9999749385955456;0.9999815615031653;0.9999992928057296;1.0;0.9999999999999999;1.000286030793967;0.9999378613345048;1.0;0.9999999999999999;0.9999869486995111;1.00023538260311;1.0002443750004795;0.9999637745800707;0.999907017218943;0.9999142954601541;0.9999158617295005;0.9999997565853939;0.9999997346592343;0.9999897887973087;0.9999954415822382;0.9999999999999999;0.9999154328872856;1.0002828288568764;1.0002875322796936;0.9999910772462435;0.9999960658284799;0.9999924715654303;0.9998434539341261;0.9997115760256028;0.9999999999999999;0.9999652178136288;0.9999933294950623;1.0;0.9997037520060063;0.9998990085589899;1.0;0.9999916544037751;0.9999999999999999;0.9999942796003126;0.9999928673604648;0.999983482810323;1.0002385719869153;1.024999976158142;
2016-08-07 18:45:00;1.0;0.9999713921404121;0.9999756005810416;0.9999984934184712;1.0;1.0;1.0002869887767571;0.9999046032632327;1.0;0.9999999999999999;0.9999811360415649;1.000228802984159;1.0002382332536104;0.9999463772900755;0.9998561159017086;0.9998643984112446;0.9998667782852744;0.9999992907918566;0.9999992601979915;0.999985315070248;0.9999914537518152;1.0;0.9998661028950117;1.0002828683423943;1.0002891463158037;0.9999849083540413;0.9999939163129014;0.9999888568509147;0.9998467371014943;0.9997191428161342;1.0;0.9999592653192846;0.9999923919494429;1.0;0.9997123835689681;0.99988082623666;1.0;0.9999908604325449;1.0;0.9999934778817677;0.9999873052851548;0.9999780553275613;1.0002319923469845;1.024999976158142;
2016-08-07 19:00:00;1.0;0.9999751569868592;0.9999803825092352;0.9999993832106879;0.9999999999999999;1.0;1.0002880720037173;0.9999358532124634;0.9999999999999999;0.9999999999999999;0.9999860128651457;1.0002316518181105;1.0002406969377062;0.9999628027640394;0.9999039945317824;0.9999112155847839;0.9999127694551923;0.9999990303895149;0.9999989998519762;0.9999881829208778;0.999992085836264;1.0;0.9999122929594499;1.0002845341954467;1.000289841002444;0.9999880881957316;0.9999949963970187;0.9999922655919563;0.9998603160809608;0.9997374495843523;1.0;0.9999589259018306;0.9999933858445459;0.9999999999999999;0.9997287329091866;0.9998800317942337;1.0;0.9999904792909119;1.0;0.9999943273523132;0.9999890996853678;0.999982160740268;1.000234883757073;1.024999976158142;
2016-08-07 19:15:00;1.0;0.9999727736681098;0.9999755710768115;0.99999870946668;0.9999999999999999;1.0;1.0002862965300092;0.9999107083444883;1.0;0.9999999999999999;0.9999818155558202;1.0002311597272964;1.000240585805977;0.9999496906051912;0.9998680109309843;0.9998759284944709;0.9998780522898866;0.9999995850000664;0.9999995445808317;0.9999856161036604;0.999992965471389;1.0;0.9998774648471646;1.000282502598173;1.000288208595964;0.999986498261789;0.9999944333276453;0.9999895380153185;0.999894568022062;0.9997674745757456;1.0;0.9999594359656683;0.99999275047615;1.0;0.9997440332677151;0.9998812234605782;1.0;0.9999908604325448;0.9999999999999999;0.9999937820621948;0.9999891042493175;0.9999774896458096;1.0002344339930207;1.024999976158142;
2016-08-07 19:30:00;1.0;0.9999328204018058;0.9999606460442058;0.9999990060481153;1.0;0.9999999999999999;1.0003010802818795;0.9998776617157362;1.0;1.0;0.9999735301925523;1.0001993379169691;1.0002158402922467;0.99992506728985;0.999811540365092;0.9998310680711683;0.9998345117265708;0.9999996861176191;0.9999995762507514;0.9999799485559175;0.9999920799522907;1.0;0.9998335843871606;1.000294788092104;1.0003038965187219;0.9999838884516546;0.9999922145025631;0.9999843892064446;0.9998927288863819;0.9997505992494492;1.0;0.9999583296605227;0.9999821147025525;1.0;0.9997206556382003;0.9998782655656515;1.0;0.9999912732606054;1.0;0.9999846604627791;0.999987354963516;0.999966513991544;1.0002037165305704;1.024999976158142;
2016-08-07 19:45:00;1.0;0.9999766696869119;0.9999801222581759;0.9999987986173645;1.0;1.0;1.0002848428481212;0.9999235557872882;1.0;1.0;0.9999848158826381;1.0002313278013681;1.0002409045701794;0.9999569448592194;0.9998853357388314;0.9998920981658717;0.9998939932399079;0.999999624822427;0.9999996004075945;0.9999882951454633;0.9999939732231661;1.0;0.9998934687187339;1.000281214865053;1.000286660093626;0.9999885418200836;0.9999953208631783;0.9999910529936143;0.9998737421684384;0.9997325794559339;1.0;0.999961469169112;0.999993793408848;1.0;0.9997092610633946;0.9998875677413543;1.0;0.9999916544037751;1.0;0.9999946786121122;0.9999907100955968;0.9999820479611123;1.0002349606201946;1.024999976158142;
2016-08-07 20:00:00;1.0;0.9998556344595335;0.9999239761183759;0.999998422654528;1.0;1.0;1.000316704682442;0.9997703167377511;1.0;1.0;0.9999498874223807;1.000148542931383;1.0001724038460647;0.9998557350484554;0.9996395709625104;0.9996813805485537;0.9996882704196678;0.9999996769450172;0.9999993898658789;0.9999630503400895;0.9999866621945906;1.0;0.9996864364423854;1.0003061283834886;1.0003213643679414;0.9999716564247147;0.9999855532662772;0.9999699020701523;0.9999209612720684;0.9997827270047484;1.0;0.9999580907989761;0.9999616004686818;0.9999999999999999;0.9997450385246628;0.9998775886991131;1.0;0.9999916544037752;1.0;0.9999670794885605;0.9999782032825317;0.9999373026210154;1.0001516300242814;1.024999976158142;
2016-08-07 20:15:00;1.0;0.9999682922212645;0.9999767304913627;0.9999990127734495;1.0;1.0;1.0002813934729593;0.9999187982120128;1.0;1.0;0.999983093221217;1.0002212699150301;1.000230968052701;0.9999528618933781;0.9998769843408485;0.9998861965717875;0.9998882809872335;0.9999993353337927;0.9999992961705387;0.9999866443739381;0.9999925254890504;1.0;0.9998876863935751;1.0002774470115592;1.0002833483063218;0.9999871284253596;0.9999945148365458;0.9999901975264908;0.9999178947840734;0.9997950131474169;1.0;0.999962253475142;0.9999915596237571;0.9999999999999999;0.9997650437699896;0.9998894338107529;0.9999999999999999;0.9999912732606053;0.9999999999999999;0.9999927614513551;0.9999890351367804;0.9999793686156311;1.0002243840387044;1.024999976158142;
2016-08-07 20:30:00;1.0;0.9999875101997352;0.9999810009552477;0.9999981861263596;1.0;1.0;1.0002723688814508;0.999912372247902;1.0;0.9999999999999999;0.9999836477690498;1.0002290539876173;1.0002365059956855;0.9999534946941098;0.9998701215028938;0.9998737442077137;0.9998757416322992;0.9999992218879923;0.9999992021334836;0.9999870658917204;0.9999913314850005;0.9999999999999999;0.9998751619556141;1.0002689499083146;1.0002743333913007;0.9999850708978356;0.9999945458068895;0.9999903401355867;0.9999049992273905;0.999785031195803;0.9999999999999999;0.9999638875898428;0.9999966759938587;1.0;0.9997603390283125;0.9998939122349142;1.0;0.9999916544037751;1.0;0.9999971498468639;0.9999872817201866;0.9999819731781595;1.0002322724035666;1.024999976158142;
2016-08-07 20:45:00;1.0;0.9999814397662539;0.9999749052114265;0.9999972420230051;1.0;1.0;1.000277257976997;0.9998767273532668;1.0;0.9999999999999999;0.9999778365633402;1.000230294096398;1.0002382737287592;0.9999343770282221;0.9998152578764965;0.9998206393719083;0.999823596004267;0.9999994639691594;0.9999994322947134;0.9999835174097056;0.9999903667117336;1.0;0.9998227811286621;1.000273110637024;1.0002796853875933;0.9999812653435542;0.999993182570981;0.9999863657913808;0.9998951462693616;0.9997705592134717;0.9999999999999999;0.9999655171636597;0.9999950615724065;0.9999999999999999;0.9997469214796242;0.999898900072415;0.9999999999999999;0.999990860432545;1.0;0.999995765717237;0.9999849784593106;0.9999768003129881;1.0002333814416327;1.024999976158142;
2016-08-07 21:00:00;1.0;0.9999856334960778;0.9999722163993844;0.9999960609548567;1.0;1.0;1.0002826111144048;0.9998450231175683;1.0;1.0;0.9999734574063669;1.0002404349334637;1.0002477626380684;0.9999192815898947;0.9997673950150082;0.999771571037562;0.9997752793974944;0.9999995758274735;0.9999995328800217;0.9999809406603597;0.9999888829439989;1.0;0.9997742747381776;1.0002780955650994;1.0002854410994804;0.9999771124043293;0.9999920772396549;0.9999832265829143;0.9998823423094803;0.9997506309959139;1.0;0.9999680653260719;0.9999961744682192;1.0;0.9997280534845877;0.9999068571246883;1.0;0.9999912732606054;1.0;0.9999967189596984;0.999982140764456;0.9999741533963766;1.000243452935768;1.024999976158142;
2016-08-07 21:15:00;1.0;0.9999842602964628;0.9999566083370589;0.9999933407974295;1.0;1.0;1.0003061974771572;0.999744966711638;1.0;1.0;0.9999564965222062;1.000247280260577;1.0002549568557095;0.999868732416706;0.9996150745741303;0.9996196474920961;0.9996256972316411;0.9999979104296238;0.9999977931666849;0.999967648591105;0.9999754849724666;1.0;0.9996239603089562;1.0002990864934822;1.0003110625895397;0.9999570940240138;0.9999854642941779;0.9999726951745964;0.9998495641044032;0.9997168334939861;1.0;0.9999648699149085;0.9999958089891376;1.0;0.9997074896636897;0.9998986999323469;1.0;0.9999908604325451;1.0;0.9999964056352382;0.9999637496733798;0.999959395363762;1.0002503944652326;1.024999976158142;
2016-08-07 21:30:00;1.0;0.9999781892835217;0.9999470581749059;0.9999943464070621;1.0;1.0;1.000300912181517;0.9997462386135739;1.0;1.0;0.9999531256205495;1.0002369543875465;1.00024539625464;0.9998681401024219;0.9996290947438371;0.9996354230681272;0.9996409043860423;0.9999979502518577;0.9999977844575856;0.9999624965068237;0.9999752385298883;0.9999999999999999;0.9996393196887957;1.0002940744472102;1.000305417237929;0.9999563414950711;0.9999845587456925;0.9999725378170486;0.9998893285667058;0.9997732874132673;1.0;0.9999651907943544;0.9999941943162743;1.0;0.9997569799480014;0.9998983910129233;1.0;0.9999904792909119;1.0;0.9999950215829644;0.9999632509462898;0.9999481155858949;1.0002400685600532;1.024999976158142;
2016-08-07 21:45:00;1.0;0.9999857029366099;0.9999572616540222;0.9999976578025651;1.0;1.0;1.0002943647996496;0.999845509109151;1.0;0.9999999999999999;0.9999671048568346;1.0002383258697656;1.0002458150787623;0.9999195144805115;0.9997883336995845;0.999792477727377;0.9997950708662863;0.999997766338696;0.9999976453319657;0.9999697587675048;0.999979933617349;1.0;0.9997942325467868;1.0002898149620194;1.0002972102763499;0.9999683853185831;0.9999882801381763;0.9999832220218272;0.9999140711939217;0.9998081856917754;1.0;0.9999619095390461;0.9999961941590745;0.9999999999999999;0.9997883424442376;0.9998882162317849;1.0;0.9999912732606053;0.9999999999999999;0.9999967368785933;0.9999717761548962;0.9999553125950904;1.000241440046542;1.024999976158142;
2016-08-07 22:00:00;1.0;0.999990547458582;0.9999586298825159;0.9999950093789369;0.9999999999999999;0.9999999999999999;1.000291055837476;0.9997883962854736;0.9999999999999999;1.0;0.9999616125115939;1.0002395920439453;1.0002461082552565;0.999891799843765;0.9996902741112695;0.9996930249470004;0.9996975283711015;0.9999977571660819;0.9999976467648866;0.9999689576789028;0.9999769443160601;1.0;0.9996961872164553;1.0002852891473057;1.000295019503863;0.9999614824304953;0.9999867298154248;0.9999774823187627;0.999938747563859;0.9998190058170173;1.0;0.999958699179821;0.9999974807959527;0.9999999999999999;0.9997834256275849;0.99987851370265;1.0;0.9999908604325448;1.0;0.9999978390335124;0.9999666654827833;0.9999589357568947;1.0002425057745903;1.024999976158142;
2016-08-07 22:15:00;1.0;0.9999868585987002;0.9999519868777305;0.9999925835058268;1.0;1.0;1.0002923640501007;0.9997167927582097;0.9999999999999999;1.0;0.9999516879224128;1.0002338133314959;1.0002409800049812;0.9998551119675202;0.999574766128399;0.9995785721497404;0.9995851560007947;0.99999759159312;0.9999974709951448;0.999963658238007;0.999972296565815;1.0;0.9995832563225432;1.0002848282127534;1.000297646078577;0.9999517840085039;0.9999837597078239;0.9999698665027118;0.999928596043235;0.9998052217593231;1.0;0.9999553877130632;0.9999965033301456;0.9999999999999999;0.999771344683415;0.9998684908343104;0.9999999999999999;0.9999920672329304;1.0;0.9999970021966939;0.999959143196369;0.9999544002509012;1.0002368313138206;1.024999976158142;
2016-08-07 22:30:00;1.0;0.9999812982658813;0.9999779936503026;0.9999988554255056;0.9999999999999999;1.0;1.0002798784327345;0.9999189173274896;1.0;0.9999999999999999;0.9999830414132065;1.0002271372119211;1.000235062868031;0.9999555231328823;0.9998811931571583;0.9998866294311449;0.9998883931888245;0.9999985905218275;0.9999985485617671;0.9999852718335313;0.99998892928956;1.0;0.9998878306778463;1.0002762254152915;1.0002819114775987;0.9999836509486724;0.9999936735734145;0.9999907481766821;0.9999200478297093;0.999803736187678;1.0;0.9999578587806767;0.999995020189893;1.0;0.9997758711365184;0.9998756009179355;1.0;0.9999912732606053;1.0;0.9999957290098251;0.9999848784925904;0.9999789692763168;1.0002301819805557;1.024999976158142;
2016-08-07 22:45:00;1.0;0.9999772526881303;0.999971729823465;0.999997902598753;1.0;1.0;1.000277623264254;0.9998808144694382;1.0;1.0;0.9999764829262007;1.0002129522161485;1.0002216546458724;0.9999355694537811;0.9998212909126523;0.9998279038053989;0.9998306531389617;0.9999977878114578;0.9999977236568881;0.9999801754716583;0.9999831927135394;1.0;0.9998297752560784;1.0002726951216974;1.0002805626184033;0.9999756900745528;0.9999909400920273;0.9999865957157554;0.999931283766152;0.999813631046247;1.0;0.999957869679962;0.9999939428959734;1.0;0.9997804480670955;0.9998751137403562;0.9999999999999999;0.999989685320429;1.0;0.9999948049621878;0.9999772598539011;0.9999735420481477;1.0002161415284316;1.024999976158142;
2016-08-07 23:00:00;1.0;0.9999885252021519;0.9999765600187644;0.9999987496530651;0.9999999999999999;1.0;1.0002763777068375;0.9999120363664378;1.0;0.9999999999999999;0.999981214639227;1.0002211658448499;1.0002282567658216;0.9999535087080289;0.9998733594545718;0.9998767026298305;0.9998783789382629;0.9999974200087071;0.999997371765484;0.9999822131179629;0.9999831360293499;1.0;0.9998777573570846;1.000272444033577;1.000278797374607;0.9999779319330524;0.9999918607868241;0.999990327324061;0.9999103896587191;0.9997940139416552;0.9999999999999999;0.9999583479889605;0.9999969416243759;1.0;0.9997687233047299;0.9998765971227507;1.0;0.9999908604325449;1.0;0.9999973762470199;0.9999781424975823;0.999976463205606;1.0002242531619088;1.024999976158142;
2016-08-07 23:15:00;1.0;0.9999891007322336;0.9999798753695098;0.9999991039716879;0.9999999999999999;1.0;1.000262675135659;0.9999277432803949;1.0;1.0;0.9999841434780119;1.0002097655784064;1.0002166520507128;0.9999615257901857;0.99989582375776;0.9998989885624697;0.9999003524563062;0.9999975441909714;0.9999975115080353;0.9999846328684218;0.9999846857924044;1.0;0.9998998217101337;1.0002590752662746;1.000264851950826;0.9999806976532192;0.9999928216613351;0.9999920006402484;0.9999314584577498;0.9998392082780457;1.0;0.9999642710913359;0.9999970978610759;1.0;0.9998178267749412;0.9998937211368149;1.0;0.9999916544037751;1.0;0.99999751126021;0.9999804583375579;0.9999798449799335;1.0002127834881727;1.024999976158142;
2016-08-07 23:30:00;1.0;0.9999867156520909;0.9999771764837342;0.9999989705251668;1.0;0.9999999999999999;1.0002679766721665;0.9999187025770777;1.0;1.0;0.9999822930961928;1.0002146374121952;1.0002216875557104;0.9999565080725636;0.9998835259828747;0.9998873810244254;0.9998889259313334;0.9999977265165153;0.9999976898622763;0.9999832552621881;0.9999849166547314;1.0;0.9998883603818955;1.0002642862253994;1.0002701821541071;0.9999800468826086;0.9999925043231319;0.9999909566036185;0.9999155560175136;0.9998185486537553;1.0;0.9999607384137446;0.9999964637354569;0.9999999999999999;0.9998006021642533;0.9998832801235933;1.0;0.999991654403775;1.0;0.9999969676688133;0.9999803633604131;0.9999771765609586;1.0002175801220283;1.024999976158142;
2016-08-07 23:45:00;1.0;0.99997703341682;0.9999748122175884;0.9999994078303315;1.0;1.0;1.0002655267146952;0.9999201028546592;1.0;1.0;0.9999814375547493;1.0001958821347197;1.0002043971003156;0.9999552686294849;0.9998823935185076;0.9998890607351612;0.999890711889756;0.999996956015502;0.9999969057981462;0.9999819287337888;0.999981794275543;1.0;0.9998900643894529;1.0002610749059393;1.0002680972848172;0.9999779273717463;0.9999914077875655;0.9999906925092765;0.9999350821000006;0.9998425390876458;1.0;0.999963783039073;0.9999938868406294;1.0;0.9998197153705208;0.9998922125987706;1.0;0.9999908604325449;0.9999999999999999;0.9999947577700742;0.9999771355978405;0.9999758129918561;1.0001989558595756;1.024999976158142;
2016-08-08 00:00:00;1.0;0.9999664853021866;0.9999702343199568;0.9999990645784907;1.0;1.0;1.000267951622606;0.9999028939378352;1.0;1.0;0.9999785309484357;1.0001969451626376;1.0002067438334439;0.9999445062895552;0.999856211788208;0.9998659454063544;0.9998681685762887;0.999998105083304;0.9999980403484385;0.9999811495160135;0.9999859650629579;1.0;0.9998674512569917;1.0002633084815067;1.0002704339395811;0.9999800559318724;0.9999918667213155;0.9999884493157454;0.9999626786855694;0.9998604623533366;1.0;0.9999630334548256;0.9999910790035323;1.0;0.9998231338481021;0.9998899673133552;1.0;0.9999916544037752;1.0;0.9999923495641875;0.9999811605128169;0.9999723149743577;1.000199989839365;1.024999976158142;
2016-08-08 00:15:00;1.0;0.9999742137686103;0.9999755106999133;0.9999994948583806;0.9999999999999999;1.0;1.000264979220901;0.9999252913387447;1.0;1.0;0.999982684296131;1.0002005599080712;1.0002094530654415;0.9999573162567161;0.9998907976559294;0.999898275907856;0.9998998728335883;0.9999979777454103;0.9999979324645301;0.9999839048192611;0.999986675128242;1.0;0.9998993112201996;1.0002609539411436;1.0002671405442218;0.9999824770497898;0.999992892370615;0.9999911189533208;0.9999531496887223;0.9998481868370087;1.0;0.9999599357085069;0.9999931385541658;1.0;0.999812745276302;0.9998806157849608;1.0;0.9999920672329303;1.0;0.9999941167794609;0.9999826945514987;0.9999767486819039;1.000203647161527;1.024999976158142;
2016-08-08 00:30:00;1.0;0.9999805005456014;0.9999798784868978;0.9999995302834341;1.0;1.0;1.0002553219829768;0.9999376290261482;0.9999999999999999;1.0;0.9999856294057304;1.000200153458598;1.0002081744506877;0.9999647744046388;0.9999095303395491;0.9999151859810083;0.9999164769691418;0.9999983256674102;0.999998296563944;0.9999865784589853;0.9999888826194643;1.0;0.9999160201760693;1.0002518799209212;1.0002571682799597;0.9999853044653652;0.9999941064564877;0.9999926760503824;0.9999664843627641;0.9998723629821663;1.0;0.9999643556858392;0.9999948111359008;0.9999999999999999;0.9998373919464291;0.9998936404788387;1.0;0.9999908604325449;1.0;0.9999955508638875;0.9999855330444605;0.9999806675787819;1.0002031981450918;1.024999976158142;
2016-08-08 00:45:00;1.0;0.9999904002043412;0.9999856658659652;0.9999994190621845;0.9999999999999999;1.0;1.0002426654392778;0.9999498081919143;1.0;1.0;0.9999889360641335;1.0001971178490097;1.0002040663173886;0.9999728753257126;0.9999272860361493;0.9999300691095591;0.9999310529365691;0.9999984113285497;0.9999983944022817;0.9999894531928961;0.9999899352521345;1.0;0.9999306828991942;1.0002397384136148;1.0002443142366033;0.9999871314115829;0.9999951307078042;0.9999943645070059;0.9999940204451373;0.999910793350594;1.0;0.9999693413812688;0.9999974450452083;1.0;0.9998712390342761;0.9999082738224422;1.0;0.9999908604325448;1.0;0.9999978094047748;0.9999870799334314;0.9999858558226842;1.000200260948886;1.024999976158142;
2016-08-08 01:00:00;1.0;0.9999950974750036;0.9999859754629811;0.9999992385683883;1.0;1.0;1.000242882534786;0.9999494780037264;1.0;1.0;0.9999892788870341;1.0002094542145175;1.0002158093227542;0.9999736468572223;0.9999310084803231;0.9999324300401765;0.9999332774702333;0.9999993796089554;0.999999363696049;0.9999902605597685;0.999993970544647;1.0;0.9999330111779691;1.0002406363785192;1.0002440944939965;0.9999901186805161;0.999996302078406;0.9999945231401071;1.0000075803894661;0.9999314552564331;0.9999999999999999;0.9999649958410639;0.9999986943390922;1.0;0.999891012440237;0.9998951428251491;1.0;0.9999912732606052;0.9999999999999999;0.9999988805177981;0.9999913590138495;0.9999853377037482;1.0002125973531606;1.024999976158142;
2016-08-08 01:15:00;1.0;0.9999961822582505;0.9999910394227358;0.9999994835571328;0.9999999999999999;1.0;1.0002333368380072;0.9999667139594833;1.0;1.0;0.9999930357665954;1.000203055513386;1.0002090951097526;0.9999825217257253;0.9999536308858514;0.9999547407378908;0.9999553407211892;0.9999995344412715;0.9999995284506473;0.9999937524444518;0.9999958233133875;1.0;0.99995515033653;1.0002314151559657;1.0002343285229156;0.999993391239343;0.9999975291779608;0.9999963712761711;1.0000162240324377;0.999947711918672;1.0;0.9999713529792733;0.9999989823342135;1.0;0.9999078945302144;0.9999141203982305;1.0;0.9999916544037752;1.0;0.9999991271958587;0.9999941134091226;0.9999908033649495;1.000206100208714;1.024999976158142;
2016-08-08 01:30:00;1.0;0.9999937259783624;0.9999904970702219;0.9999993833019507;1.0;1.0;1.0002355974105273;0.9999633798958655;1.0;1.0;0.9999926494450516;1.0002052114600044;1.0002115631032953;0.9999803539372567;0.9999479464271801;0.9999497721776329;0.9999505206605606;0.999999837822184;0.9999998322624479;0.9999939462644124;0.9999970242315103;1.0;0.9999503125066873;1.0002336346960263;1.0002365645529387;0.9999941838147248;0.9999977575434051;0.9999959213788968;1.0000093639507661;0.9999371812984942;1.0;0.9999688210617265;0.99999832813168;1.0;0.9998979251694864;0.9999065435335156;0.9999999999999999;0.9999912732606053;0.9999999999999999;0.9999985659412931;0.9999953474795958;0.9999906181791772;1.0002082561618952;1.024999976158142;
2016-08-08 01:45:00;1.0;0.9999942311654361;0.9999925073709296;0.9999994227744714;1.0;1.0;1.0002291335632516;0.9999686469685056;1.0;0.9999999999999999;0.9999939242790089;1.0001987121927547;1.0002049985857453;0.9999831028798368;0.9999539684735952;0.9999556446229412;0.9999563488952979;0.9999997657579589;0.9999997617670061;0.9999951388286739;0.999997100598108;1.0;0.999956147311575;1.0002271854211078;1.0002301010279997;0.9999948219262597;0.999998035540363;0.9999964929765771;1.0000356486642492;0.9999800310171376;1.0;0.9999681561948593;0.9999984632926576;1.0;0.9999401721414365;0.9999043569868616;0.9999999999999999;0.9999916544037751;1.0;0.9999986821154531;0.999995668340289;0.9999928701416975;1.000201756874861;1.024999976158142;
2016-08-08 02:00:00;1.0;0.9999957473442276;0.9999920761141992;0.9999993214906503;1.0;1.0;1.000225773555657;0.9999643562892399;0.9999999999999999;1.0;0.999993057236705;1.0001905875848165;1.0001970455016662;0.9999812553692504;0.9999468551675046;0.9999480857935047;0.9999488664476271;0.9999991637442364;0.9999991587931099;0.9999939505332002;0.9999941694035055;1.0;0.9999486025751393;1.0002234588460748;1.0002270403443467;0.999992006905573;0.9999971237124365;0.9999961098666184;1.0000396369031124;0.9999887297988473;1.0;0.9999709121454304;0.9999988680101739;1.0;0.9999497966489922;0.9999125865577758;1.0;0.9999928612064206;1.0;0.9999990296609925;0.9999922950519511;0.9999923690717518;1.0001938326824729;1.024999976158142;
2016-08-08 02:15:00;0.9999999999999999;0.9999974825955672;0.9999918826241764;0.999999119763406;1.0;1.0;1.0002266971940361;0.9999603749270171;1.0;1.0;0.9999926643222526;1.000197029382168;1.0002029569462532;0.9999795999198371;0.9999420211390911;0.9999427523984155;0.9999435923608713;0.999999503791509;0.9999994991778934;0.9999939676674198;0.9999953782442825;0.9999999999999999;0.9999433367380096;1.0002246092435887;1.000227848203675;0.9999925582132518;0.9999973909693181;0.9999957660435858;1.0000413140394218;0.9999903117926634;1.0;0.9999682221723722;0.9999993286090075;0.9999999999999999;0.9999507858004724;0.9999044763771532;1.0;0.999990479290912;1.0;0.999999424236144;0.9999934327041663;0.9999919672780438;1.0002001031105494;1.024999976158142;
2016-08-08 02:30:00;1.0;0.9999956035471148;0.9999925791652212;0.9999996409612428;1.0;1.0;1.000225715727679;0.9999733425704961;1.0;1.0;0.9999942924790529;1.000194243756505;1.0002003553781225;0.9999857374488661;0.9999620965428736;0.9999633717793943;0.9999638803230141;0.9999994424963208;0.9999994381688995;0.999994775674333;0.9999958933680186;1.0;0.9999637075307395;1.0002238045396583;1.0002266857308582;0.9999941466054044;0.9999977799802668;0.9999970398449285;1.0000424532387575;0.9999920565852071;1.0;0.9999712030428054;0.999998829025966;1.0;0.999952405028407;0.9999134526332322;1.0;0.9999916544037754;1.0;0.9999989959703574;0.9999944782377077;0.9999925691266142;1.000197288425009;1.024999976158142;
2016-08-08 02:45:00;1.0;0.9999914111900452;0.9999908749326123;0.9999993766587362;1.0;0.9999999999999999;1.0002273914422;0.9999627571224269;1.0;0.9999999999999999;0.9999926387659412;1.0001913182409259;1.000198084688201;0.9999795859543263;0.9999441408089814;0.9999466280292809;0.9999475081809684;0.9999994655329413;0.9999994605022893;0.9999939675904463;0.9999954818960696;1.0;0.9999472393099852;1.000225068035006;1.0002285842702694;0.9999930603807377;0.9999973412417632;0.9999957630342273;1.0000448420487733;0.999991441105545;1.0;0.9999689059575368;0.9999977148697144;0.9999999999999999;0.9999495264255596;0.9999065786881075;1.0;0.9999912732606053;1.0;0.9999980410133512;0.9999937201943588;0.9999915657416188;1.0001944322713474;1.024999976158142;
2016-08-08 03:00:00;1.0;0.9999935077694481;0.9999892783457018;0.9999991203978535;1.0;1.0;1.000226509218375;0.9999545745217703;0.9999999999999999;1.0;0.9999912807772293;1.0001942876874272;1.0002010299062263;0.999975892595342;0.9999345802602481;0.9999364630931729;0.9999374281704616;0.9999998378221839;0.9999998322253417;0.9999930485276177;0.9999965032633865;1.0;0.9999371630748412;1.000224304238138;1.0002276356552178;0.9999929793999609;0.9999973732911861;0.9999949956020954;1.000046931262225;0.9999947427591681;1.0;0.9999713661963779;0.9999982716237947;1.0;0.999952614148232;0.9999139388163079;1.0;0.9999912732606053;1.0;0.9999985180541298;0.9999944560067793;0.9999895010339823;1.0001975327970885;1.024999976158142;
2016-08-08 03:15:00;1.0;0.9999966880325528;0.999992896514678;0.9999994453094752;1.0;1.0;1.000226569000113;0.9999704191589194;1.0;1.0;0.9999941843742333;1.0001966939947202;1.0002030355511513;0.9999844840777651;0.9999577298650861;0.999958693441211;0.9999592870091146;0.9999997151991684;0.9999997114859182;0.9999951080248076;0.9999969072193845;0.9999999999999999;0.9999591109843389;1.0002246738697862;1.0002275206941826;0.9999947050051443;0.9999980524567538;0.9999967797642136;1.0000484383553394;0.9999994429234043;1.0;0.9999666797491119;0.9999991168030914;1.0;0.9999585355210359;0.9998998284415724;1.0;0.9999920672329302;0.9999999999999999;0.9999992424571551;0.9999954740565862;0.9999928919616248;1.0001999391121885;1.024999976158142;
2016-08-08 03:30:00;1.0;0.9999975554917839;0.9999918631301138;0.9999992891299658;1.0;1.0;1.0002266717402775;0.9999639018293902;1.0;0.9999999999999999;0.9999929529329549;1.0001953058716473;1.0002013516932622;0.9999813837035358;0.9999478128029757;0.999948524984458;0.9999492435279477;0.9999993321780672;0.9999993260030903;0.9999938256942104;0.9999948057824717;1.0;0.9999490077933298;1.0002245701664094;1.0002278246754661;0.9999923604192165;0.9999972813970096;0.9999961353886542;1.000044472929307;0.9999942150147032;1.0;0.9999725432044678;0.9999993474633254;1.0;0.9999539487028515;0.999917503477107;0.9999999999999999;0.9999904792909121;1.0;0.9999994402136019;0.9999929191254378;0.9999917977616618;1.0001984489658298;1.024999976158142;
2016-08-08 03:45:00;1.0;0.9999966880325526;0.9999930636276465;0.999999795628345;1.0;0.9999999999999999;1.0002258296421176;0.9999783340356555;1.0;1.0;0.999994992483295;1.0001949147659546;1.0002011543864602;0.9999884591044085;0.9999706985239096;0.9999716621125315;0.9999719995107922;0.9999995037915088;0.9999995001199197;0.9999951335037777;0.9999964047627729;0.9999999999999999;0.9999718760093403;1.0002240497030332;1.0002266974325895;0.9999949307284155;0.9999980445842076;0.9999976048983265;1.0000450503447529;0.9999923982967087;1.0;0.99996869814835;0.9999991167853785;1.0;0.9999507415207409;0.999905910186951;0.9999999999999999;0.9999920672329303;1.0;0.9999992424416099;0.9999951889981269;0.999992770475928;1.0001981040207228;1.024999976158142;
2016-08-08 04:00:00;1.0;0.999994954559014;0.9999893936165425;0.999999273266136;1.0;1.0;1.0002262844011383;0.9999576030483942;1.0;1.0;0.9999914173756793;1.0001934978477196;1.0001996098750554;0.9999776980276356;0.9999393948250062;0.9999408642331327;0.9999416971586892;0.9999993429426743;0.9999993351722387;0.9999924752670097;0.9999944601319265;1.0;0.9999414321084887;1.000224082739993;1.000227478799897;0.9999914966083644;0.9999968621335257;0.9999953696351122;1.0000463178408499;0.9999937127458006;1.0;0.9999737762815933;0.9999986549033206;1.0;0.9999515356636502;0.9999211858383684;1.0;0.9999912732606054;1.0;0.9999988461258359;0.9999923012747434;0.9999893599709513;1.0001964963522094;1.024999976158142;
2016-08-08 04:15:00;1.0;0.9999917013741102;0.9999896058410515;0.9999991884991909;1.0;1.0;1.0002288604187841;0.9999562932300617;0.9999999999999999;1.0;0.9999915690873755;1.0001868133485332;1.000195535781269;0.9999763936343838;0.9999356942944002;0.9999381020705419;0.9999390949460532;0.9999997151991682;0.9999997084941695;0.9999933228300966;0.999996146976668;1.0;0.9999388139450892;1.0002261620557515;1.000230194699185;0.9999929513497314;0.9999973180645201;0.9999950991843188;1.0000466318085675;0.9999938640502721;1.0;0.999968837997617;0.9999977908673106;1.0;0.999951716550045;0.9999063851881075;0.9999999999999999;0.9999924483761707;0.9999999999999999;0.9999981057430183;0.9999941747284047;0.9999901596114672;1.0001910182733464;1.024999976158142;
2016-08-08 04:30:00;1.0;0.9999946651855095;0.9999917090717121;0.999999554724775;1.0;1.0;1.0002270278279601;0.9999701590355822;1.0;1.0;0.9999937953844467;1.000191622393193;1.0001993423283377;0.9999839475491638;0.9999582694214425;0.9999598215502242;0.9999603976997773;0.999999837822184;0.9999998337101282;0.9999947258970342;0.9999974183758026;0.9999999999999999;0.9999602348516501;1.0002249119729507;1.0002280159681678;0.9999950930789051;0.9999980793278423;0.9999966679702785;1.000039982356743;0.9999899034357554;1.0;0.9999704843037197;0.9999985782711664;1.0;0.999951326538265;0.9999113093724453;1.0;0.9999900664615026;1.0;0.9999987805322961;0.9999960211489526;0.9999916964677075;1.00019548231397;1.024999976158142;
2016-08-08 04:45:00;1.0;0.9999969774081008;0.9999921273414176;0.999999330842441;1.0;0.9999999999999999;1.000226765587836;0.9999659479976862;1.0;0.9999999999999999;0.9999934073294654;1.0001976069807317;1.0002036733307456;0.9999822956165376;0.9999512915961409;0.9999521724736541;0.9999528526917781;0.9999996554678257;0.9999996513627881;0.9999944550537178;0.9999963585477921;0.9999999999999999;0.9999526496992059;1.0002248374909126;1.0002277702598341;0.9999938329701934;0.9999977679492946;0.9999963254600546;1.0000394593113735;0.9999887681273998;1.0;0.9999695274606517;0.9999991934625444;0.9999999999999999;0.9999500362719128;0.999908421962596;1.0;0.9999916544037754;1.0;0.9999993080744187;0.9999946998533675;0.9999920769833903;1.0002007210307329;1.024999976158142;
2016-08-08 05:00:00;1.0;0.9999958928824687;0.999990103147459;0.9999995693877964;1.0;1.0;1.000228923861255;0.9999660267472478;1.0;1.0;0.9999925294674935;1.0001965831744999;1.0002026587736352;0.9999821194572811;0.9999532928360827;0.9999544853803706;0.9999550512786664;0.99999930152826;0.9999992945260486;0.9999929375761966;0.9999947282425681;1.0;0.9999548535247622;1.000226912554611;1.0002299807971389;0.9999923820603237;0.9999971283764287;0.9999962874935932;1.0000391221275495;0.99998556670047;1.0;0.999970202136137;0.9999989056402722;1.0;0.9999455556240909;0.9999104958695175;1.0;0.999990479290912;1.0;0.9999990615480773;0.999992869343065;0.9999897229214015;1.0001996278501253;1.024999976158142;
2016-08-08 05:15:00;1.0;0.9999963260581914;0.9999895204738497;0.9999990648324841;1.0;1.0;1.0002277104630661;0.9999535984068317;1.0;1.0;0.9999910710660932;1.000195293110149;1.0002016789787724;0.9999759657037792;0.9999333485624475;0.9999344138012699;0.999935346014291;0.9999994639691594;0.9999994571329753;0.9999924683828296;0.9999947413663297;1.0;0.9999350633473744;1.0002254376458477;1.0002289569178118;0.9999913529348249;0.9999968993332669;0.9999950104851009;1.0000471376763327;0.9999975067797835;1.0;0.9999687110096724;0.9999990213058425;1.0;0.9999567379955955;0.9999059616021181;1.0;0.9999912732606054;1.0;0.9999991608750903;0.999992453808943;0.9999894584957644;1.0001985382230723;1.024999976158142;
2016-08-08 05:30:00;1.0;0.9999927844120179;0.9999904267727318;0.9999993056209951;1.0;1.0;1.0002273544215519;0.9999605733978073;1.0;1.0;0.9999922330516895;1.0001595189438621;1.0001743603668332;0.9999787629405572;0.9999420101840701;0.9999440997371742;0.9999449752613722;0.9999995252687085;0.9999995194424389;0.9999935819526838;0.9999955504987127;1.0;0.9999447117952069;1.0002233890563916;1.0002292096922096;0.9999928246766443;0.999997293638955;0.9999955915884462;1.0000524171192353;1.0000021572730189;1.0;0.999968141417787;0.9999980799746037;1.0;0.9999593464632078;0.9999042872674956;1.0;0.9999920672329303;1.0;0.9999983540097545;0.9999936737648693;0.9999908611316932;1.0001671532295042;1.024999976158142;
2016-08-08 05:45:00;1.0;0.9999934351293196;0.9999910204079591;0.9999993541697964;0.9999999999999999;1.0;1.0002298793181206;0.999963277672354;1.0;1.0;0.9999927701406374;1.0000081997259807;1.0000611501946488;0.9999802506656035;0.9999463348177017;0.9999482366801855;0.9999490404440932;0.999999624822427;0.9999996199363362;0.999994047513459;0.9999961450144571;1.0;0.9999488028232489;1.0002181079731893;1.0002348322529755;0.9999935390417911;0.9999975549797979;0.9999959007231971;1.0000445300432466;0.9999946543994337;1.0;0.9999693647386253;0.9999982528067272;1.0;0.9999552389797893;0.9999082760520901;1.0;0.9999916544037752;1.0;0.9999985021077669;0.999994416887902;0.9999913681271179;1.00003676344615;1.024999976158142;
2016-08-08 06:00:00;1.0;0.9999956761859287;0.9999927524960256;0.9999995551569645;0.9999999999999999;1.0;1.0002330819667153;0.9999726607815898;0.9999999999999999;1.0;0.9999944316032293;1.0000349005916247;1.00008276993054;0.9999854083757176;0.9999615134204346;0.9999627696486298;0.9999633055041875;0.999999837822184;0.9999998349710663;0.999995307360436;0.999997579547467;1.0;0.9999631532491853;1.0002226671632917;1.0002373981221087;0.9999954636333387;0.999998258016877;0.9999969719182662;1.0000405048576881;0.9999940946775658;1.0;0.9999643842848672;0.999998847870104;1.0;0.9999581618961537;0.999893395528195;0.9999999999999999;0.999990860432545;0.9999999999999999;0.9999990119404978;0.9999962961163457;0.9999927464745803;1.000060833936989;1.024999976158142;
2016-08-08 06:15:00;1.0;0.9999974834814918;0.9999926848739416;0.9999992448962315;1.0;1.0;1.00024009910452;0.9999651439015346;0.9999999999999999;1.0;0.9999934933820392;1.0000158901270215;1.0000698143368942;0.999981992853417;0.9999491228407945;0.9999498573506358;0.99995059286248;0.9999995742636262;0.9999995703282997;0.9999946329347051;0.9999959837514969;0.9999999999999999;0.9999503696400316;1.0002281622310876;1.0002451551250013;0.9999934949112208;0.9999977019831371;0.9999962629267397;1.0000451348147212;0.9999947784417987;1.0;0.9999740484201008;0.9999993279828895;1.0;0.9999561083037177;0.9999231914597266;0.9999999999999999;0.9999920672329303;0.9999999999999999;0.999999423379156;0.9999942769718928;0.9999927593718784;1.0000452662759367;1.024999976158142;
2016-08-08 06:30:00;1.0;0.9999950983620948;0.9999896687926367;0.9999990728746401;0.9999999999999999;0.9999999999999999;1.0002386188208936;0.9999534715375015;0.9999999999999999;1.0;0.9999910766679309;0.9998801864107242;0.999966272825772;0.9999756540556254;0.9999318010639602;0.9999332258701715;0.9999342174108552;0.9999992907918563;0.9999992830493563;0.9999924835993654;0.9999940426295525;0.9999999999999999;0.9999339070053146;1.0002196808276702;1.000246583257586;0.9999908635803536;0.9999967085982499;0.9999949456425454;1.0000418467539194;0.9999907960862702;1.0;0.9999659658151454;0.9999986938688938;1.0;0.9999528702126295;0.9998986843976946;1.0;0.999988097384914;1.0;0.9999988797995432;0.9999917232596591;0.9999898857633611;0.9999270232890668;1.024999976158142;
2016-08-08 06:45:00;1.0;0.9999911235559251;0.999991135850546;0.999999686510729;1.0;1.0;1.0002371086000934;0.9999702743626823;0.9999999999999999;1.0;0.999993498841545;0.9998916916795468;0.999974426505157;0.9999832993647152;0.9999564012780571;0.9999589777235116;0.9999596302225033;0.999999404237814;0.9999993985546917;0.9999942415832587;0.9999956291063217;1.0;0.999959416902598;1.0002191615795049;1.0002445065268306;0.9999937991946093;0.9999975146003965;0.9999965332546457;1.0000232617837734;0.99996687123723;1.0;0.9999713042313007;0.9999976369057916;1.0;0.9999323334316507;0.9999146670443643;0.9999999999999999;0.9999892724926027;1.0;0.9999979736369567;0.9999941365576543;0.999991610226425;0.9999364168235912;1.024999976158142;
2016-08-08 07:00:00;1.0;0.9999921354341527;0.9999903617168056;0.9999991121580635;1.0;1.0;1.0002535453908028;0.9999559835163394;0.9999999999999999;0.9999999999999999;0.9999917746443081;0.9999155731425389;0.9999968768418043;0.999976324033407;0.9999339427329756;0.9999362264683588;0.999937275426314;0.9999995941726015;0.9999995881250986;0.9999935942982905;0.9999956419501723;1.0;0.9999369711962002;1.0002356897016746;1.0002610019311018;0.9999925753531594;0.9999972414434337;0.9999950854161298;0.9999477306947037;0.9999228536392334;1.0;0.9999589751131183;0.9999979058810521;1.0;0.9999322582225588;0.999878166651547;1.0;0.9999888913511111;1.0;0.9999982041906877;0.9999936383202375;0.9999910891249713;0.9999595838402057;1.024999976158142;
2016-08-08 07:15:00;1.0;0.9999173399467034;0.9999536137696196;0.9999995922658013;1.0;1.0;1.0002864983166229;0.99986888912933;1.0;0.9999999999999999;0.999969604619332;0.9998566527286676;0.9999488420837155;0.9999176189874969;0.9997951166004325;0.9998190571991826;0.9998227992197006;0.9999979609880979;0.9999978437120006;0.9999750791906907;0.9999842235747264;1.0;0.9998216725044757;1.0002634473326668;1.0002962635865802;0.9999770314233857;0.9999891961046533;0.9999828418951254;0.9998896080570361;0.9998920262005977;0.9999999999999999;0.9999595923561326;0.9999780149847242;1.0;0.9999370093177674;0.9998806019499469;1.0;0.9998875574528621;1.0;0.9999811520519379;0.9999785924884322;0.9999607183422279;0.9999014567256448;1.024999976158142;
2016-08-08 07:30:00;1.0;0.9999492098225569;0.9999618087902515;0.9999990915022084;1.0;1.0;1.0002862963746402;0.9998768678913079;1.0;0.9999999999999999;0.9999721770444021;0.9997732919171144;0.9998856438884257;0.9999279916676734;0.9998101211723756;0.9998248414215348;0.9998279245411985;0.9999959479457463;0.999995855742507;0.9999747719746991;0.9999753068143391;0.9999999999999999;0.9998268299260966;1.0002587006348655;1.0002984343577717;0.9999695816610911;0.9999876858994423;0.9999850106790722;0.999873446923707;0.9998841785307305;1.0;0.9999582127743238;0.9999864883269595;1.0;0.9999404869754852;0.9998771715910679;1.0;0.9998727219583152;0.9999999999999999;0.9999884154109611;0.9999687887444033;0.9999659361448476;0.9998313476939386;1.024999976158142;
2016-08-08 07:45:00;1.0;0.9999582466588515;0.999972267118047;0.999999103110851;1.0;1.0;1.0002875701430598;0.9999083884291474;1.0;1.0;0.9999803985211162;0.9998121792235425;0.9999222224381538;0.9999456258985665;0.9998596053844242;0.9998717247563914;0.9998741628396289;0.9999990057606024;0.999998952724125;0.9999843535317148;0.999990639515144;0.9999999999999999;0.9998734521633724;1.000262362929225;1.0002980985844776;0.9999849093141808;0.999993391431222;0.9999886887895335;0.999869465153335;0.9998793388360556;1.0;0.999947434168159;0.9999888885051138;1.0;0.9999376531084274;0.9998451397867808;1.0;0.9998535460719518;1.0;0.9999904716943643;0.9999866898061107;0.9999758458578534;0.9998695909050683;1.024999976158142;
2016-08-08 08:00:00;1.0;0.9999643168060796;0.9999764225104625;0.9999995424782538;1.0;1.0;1.0002966326818767;0.9999280625625478;0.9999999999999999;1.0;0.9999837949888272;0.9998542980263158;0.9999564165609965;0.9999567234924727;0.9998898813559234;0.9999002419748896;0.9999021242961059;0.9999987162726609;0.9999986761247941;0.9999863464798356;0.9999904479927254;0.9999999999999999;0.9999015394301598;1.0002733654596547;1.0003063420328875;0.9999863634143321;0.9999940243004181;0.9999909994814299;0.9998510487301446;0.9998615957657007;1.0;0.9999372871272523;0.9999905030817157;0.9999999999999999;0.9999293633643749;0.999815648926363;0.9999999999999999;0.9998467837413624;1.0;0.9999918559610524;0.9999871496689057;0.9999792916812371;0.9999077868039299;1.024999976158142;
2016-08-08 08:15:00;1.0;0.9999765293329682;0.999981773885778;0.9999991828751895;1.0;0.9999999999999999;1.0002894254494172;0.9999347970864847;1.0;0.9999999999999999;0.9999864468546505;0.9997981335723225;0.9999144726767634;0.9999625512377981;0.9999009866264433;0.9999078067540904;0.9999094549694622;0.9999991422433024;0.9999991180524285;0.9999889977799638;0.9999925667057667;1.0;0.9999089615129574;1.0002636064877146;1.0003001536659755;0.9999884607971975;0.9999952428498865;0.9999922174093695;0.9998469122407089;0.9998605307499235;1.0;0.9999367709911983;0.9999937518034084;1.0;0.9999307871400068;0.9998139634586092;1.0;0.999828988632112;1.0;0.9999946414022067;0.9999896172321722;0.9999837432751258;0.9998602610810216;1.024999976158142;
2016-08-08 08:30:00;0.9999999999999999;0.9999711094632429;0.9999804696796569;0.9999990750492301;1.0;0.9999999999999999;1.0003059527700158;0.9999298898909522;1.0;1.0;0.9999858152654951;0.9997594957674844;0.9998901025291201;0.9999590030853027;0.9998929195081034;0.9999013110922556;0.9999031931846996;0.9999998378221839;0.9999998132340936;0.9999894373109007;0.9999954507958275;1.0;0.9999026870093007;1.0002773068503203;1.0003176916965177;0.999990571385716;0.9999958376539224;0.9999914800685795;0.9997639665207044;0.9997575641773212;1.0;0.9999368907027463;0.9999923101965147;1.0;0.9998499313611631;0.9998157453556564;1.0;0.9998404339073491;1.0;0.9999934053574898;0.9999926651574454;0.9999830746683429;0.9998290669711438;1.024999976158142;
2016-08-08 08:45:00;0.9999999999999999;0.9999720495015835;0.999979881941889;0.9999987731174101;1.0;0.9999999999999999;1.000313004038193;0.9999216983407452;1.0;0.9999999999999999;0.9999847080610884;0.9998323178081924;0.9999467159249603;0.9999550755051653;0.9998801504704314;0.9998882715744387;0.9998903611502205;0.9999997872351907;0.9999997617722818;0.9999887632592886;0.9999947418111705;1.0;0.9998897968817739;1.0002875464938301;1.0003235465075908;0.9999892628352938;0.9999954706307779;0.9999906647098395;0.9997481464830512;0.9997434019445706;0.9999999999999999;0.9999277305739604;0.9999925597112445;1.0;0.9998438498088029;0.9997886929796187;1.0;0.9998247447160639;0.9999999999999999;0.9999936190944833;0.9999915887383378;0.9999825593803031;0.999893070801428;1.024999976158142;
2016-08-08 09:00:00;1.0;0.9999661222311651;0.9999700017716056;0.9999973084092713;1.0;1.0;1.0003100743369018;0.9998648808745273;1.0;1.0;0.9999751125485765;0.9998309290267129;0.9999437413615634;0.999925354581251;0.9997940172192562;0.9998038487316955;0.9998073408928794;0.999999624822427;0.9999995767653559;0.9999820099332237;0.9999906780779095;1.0;0.9998063965053356;1.0002838122054039;1.0003213188722848;0.9999809484788107;0.9999925952581028;0.9999844843269518;0.9997320281738371;0.9997555913846434;1.0;0.999926496103006;0.9999909847571832;1.0;0.9998736966150924;0.9997836568651686;0.9999999999999999;0.9998448696748214;1.0;0.9999922693819552;0.9999850814034477;0.999973574092544;0.9998904043381422;1.024999976158142;
2016-08-08 09:15:00;1.0;0.99997219159714;0.9999794607398657;0.9999993354769734;1.0;1.0;1.0003155132840684;0.9999324353028707;1.0;1.0;0.9999854034501098;0.9997868358218072;0.9999118925489426;0.9999605015675169;0.9998980880646331;0.9999061582201084;0.9999078538093323;0.9999991422433026;0.9999991130356314;0.9999879753642372;0.9999924408415125;1.0;0.9999073478985078;1.000287838845396;1.0003269490873947;0.9999881779623031;0.9999949495696081;0.9999917889015499;0.9997222735973017;0.9997495892539787;0.9999999999999999;0.9999176944714269;0.9999925998071956;1.0;0.9998764408856219;0.999758504247688;1.0;0.999869473402065;1.0;0.9999936543680193;0.999989405127038;0.9999816052072323;0.9998534421978901;1.024999976158142;
2016-08-08 09:30:00;1.0;0.9999593346669304;0.9999707927557413;0.9999990440761625;1.0;1.0;1.0003171716191792;0.9999040129402402;1.0;1.0;0.9999793273135645;0.9998113525195554;0.9999288651876374;0.9999436298092468;0.9998548313726298;0.9998666520025579;0.9998690984193543;0.9999989415722419;0.9999988773896823;0.9999831762233193;0.9999899590725547;0.9999999999999999;0.9998683810524499;1.0002903800332454;1.0003283622299455;0.9999838077981988;0.999993018791335;0.9999882674241024;0.9997104335748243;0.999726883805532;0.9999999999999999;0.9999335890559716;0.9999891735705447;1.0;0.9998498478034242;0.9998054364602975;1.0;0.9998674220538865;1.0;0.999990714593664;0.9999857246501768;0.9999740125809423;0.9998729288730176;1.024999976158142;
2016-08-08 09:45:00;1.0;0.9999590436907689;0.9999735054482792;0.9999990109940499;0.9999999999999999;1.0;1.0003310829831025;0.9999104171805535;1.0;1.0;0.9999812802335492;0.9997987152595026;0.9999239605846311;0.999946798632199;0.9998627945554204;0.9998746914451863;0.9998771179701597;0.9999995834361863;0.9999995335634291;0.9999857206102013;0.999993299395426;1.0;0.9998764508313563;1.0003029971774189;1.0003426646546014;0.9999872862728072;0.999994280498028;0.999988933079629;0.9996937435349565;0.9996675452699152;1.0;0.9999187650134318;0.9999890985178349;1.0;0.9997796819247269;0.999763049529379;1.0;0.9998146096551498;1.0;0.9999906509884402;0.9999896811000547;0.999977111759779;0.9998645110817704;1.024999976158142;
2016-08-08 10:00:00;0.9999999999999999;0.9999681466767534;0.9999769092118402;0.9999989337904445;1.0;1.0;1.000328754511237;0.999917694008855;1.0;1.0;0.9999830972197747;0.999867417899889;0.9999760247089651;0.999952280893764;0.999875002997705;0.9998842533065565;0.999886391111957;0.999999473146141;0.9999994338430759;0.9999869019491319;0.9999930945685856;1.0;0.999885792144012;1.0003043051913834;1.0003389206634425;0.9999875221747268;0.9999946690572245;0.9999900767703588;0.9996868056928123;0.9996675096389253;1.0;0.9999249754152612;0.9999915219456251;1.0;0.9997850332341285;0.9997815303184268;0.9999999999999999;0.9998103026594722;1.0;0.9999927295180756;0.9999896249868911;0.999979648724854;0.9999247274135116;1.024999976158142;
2016-08-08 10:15:00;1.0;0.9999794175678094;0.9999803624188192;0.99999810652783;1.0;1.0;1.0003241592029724;0.9999088665316593;1.0;1.0;0.9999834107398857;0.9998867731188107;0.9999912814751581;0.9999501130709509;0.9998615366642305;0.9998675102355653;0.9998698353283;0.9999997872351907;0.9999997661035848;0.9999880551216522;0.999993855765992;1.0;0.9998692091435704;1.0003005954190507;1.0003341002911703;0.9999872063538153;0.9999951068410354;0.9999896373447784;0.9996788419764501;0.999654192607216;0.9999999999999999;0.9999130314239197;0.9999945224103473;1.0;0.9997718933962759;0.9997453995622531;1.0;0.9998161654161305;1.0;0.9999953029361612;0.9999900693141789;0.9999825576636798;0.999942619086235;1.024999976158142;
2016-08-08 10:30:00;1.0;0.9999779708627674;0.9999796928980975;0.9999983573120431;1.0;1.0;1.0003237030546732;0.9999121553104452;0.9999999999999999;0.9999999999999999;0.9999834294524625;0.9998987758335449;0.9999995445701565;0.9999514797181577;0.9998668806164864;0.9998732676120117;0.9998754796686613;0.9999995037915089;0.9999994821234474;0.999987540780413;0.9999928064799682;1.0;0.9998748633293187;1.0003008674564924;1.0003333531813823;0.9999866340636202;0.9999947972550428;0.9999899208833393;0.9996680877481836;0.9996397402249034;1.0;0.9999223320402466;0.9999941390389748;1.0;0.9997587459786831;0.9997732565121242;1.0;0.9998185692014379;1.0;0.9999949747806698;0.9999890405841306;0.9999818251339989;0.9999524736866037;1.024999976158142;
2016-08-08 10:45:00;1.0;0.9999841164893596;0.9999807668499728;0.9999989182959198;1.0;1.0;1.0003275830521992;0.9999247494705319;1.0;0.9999999999999999;0.9999843300676308;0.9998462545354024;0.9999581640311308;0.9999590198838826;0.999886585385968;0.999891204135551;0.9998929001915088;0.9999976835662758;0.999997649272942;0.9999857689193927;0.9999853857569191;1.0;0.9998922918937329;1.0003019946028875;1.000338591749809;0.9999813927976918;0.9999930287306363;0.9999914802254288;0.9996805567628765;0.9996525476253848;1.0;0.9999179792724011;0.9999957699463806;1.0;0.9997685619222215;0.99976069238522;1.0;0.9998145273222636;0.9999999999999999;0.9999963718957857;0.9999812726679702;0.9999819219573018;0.999906480087939;1.024999976158142;
2016-08-08 11:00:00;0.9999999999999999;0.9999862833639046;0.9999819349400476;0.9999991356812913;1.0;0.9999999999999999;1.000334443632365;0.9999329432394819;1.0;1.0;0.9999856122595301;0.9998469741795231;0.9999608487211452;0.999963571579001;0.9999003366836001;0.9999043223132832;0.9999057517756742;0.9999977723546764;0.9999977400427804;0.9999865287846303;0.9999861945404064;1.0;0.9999052197872512;1.000308691713297;1.0003454476769948;0.9999826698067097;0.9999934873930041;0.9999924254513582;0.9996477491997846;0.9996395730158812;1.0;0.9999108628273179;0.9999963475057777;0.9999999999999999;0.9997799103252915;0.9997401194581567;1.0;0.9997890589214891;1.0;0.9999968675438263;0.9999824098925592;0.9999826605368654;0.9999084277944834;1.024999976158142;
2016-08-08 11:15:00;1.0;0.9999891015725604;0.9999757314160729;0.9999990967274967;1.0;1.0;1.00032924359523;0.9999130105622377;1.0;1.0;0.9999800889228324;0.9998258801864988;0.9999386467312947;0.9999541172167777;0.9998715960085721;0.9998747639936137;0.9998763695465479;0.9999950084907939;0.9999949498082115;0.9999789337948193;0.9999726275342702;1.0;0.9998755975020606;1.0003023242593867;1.00034131237767;0.9999694386041392;0.9999888669234697;0.9999904511408831;0.9996002504672286;0.9996112479308291;1.0;0.9999273521395294;0.9999970965189754;1.0;0.9997740188708336;0.9997879206046395;1.0;0.999794963507788;1.0;0.9999975097754099;0.999966702743151;0.9999756640142028;0.9998869218570782;1.024999976158142;
2016-08-08 11:30:00;1.0;0.9999924238797343;0.9999865738099178;0.9999995648036323;0.9999999999999999;1.0;1.000331112925164;0.9999541709148668;1.0;1.0;0.999989443104256;0.9998256443522525;0.9999446901777881;0.9999754692100336;0.9999331391737857;0.9999353369829481;0.9999361865902835;0.999997757166082;0.9999977378423843;0.9999891446800749;0.9999872921675695;1.0;0.9999358059740201;1.0003047261640743;1.0003422744591088;0.9999853165100084;0.9999945467187253;0.999994902149821;0.9996197638480744;0.9996044874733669;1.0;0.9999177567995581;0.9999979828737797;1.0;0.9997510912361118;0.9997609326958475;1.0;0.9997922562247232;1.0;0.9999982704057249;0.9999843367875433;0.9999865948860273;0.9998903588838864;1.024999976158142;
2016-08-08 11:45:00;1.0;0.9999954597465663;0.9999872366775499;0.9999992247387202;1.0;1.0;1.0003292203726346;0.9999495642623994;1.0;1.0;0.9999893632766864;0.9998469379593632;0.9999616296420727;0.9999737613776899;0.9999270475323693;0.9999283673145678;0.9999293159875455;0.9999982994703448;0.9999982826694637;0.9999897672083489;0.9999893588211745;1.0;0.9999289473497779;1.0003039208697861;1.0003399108067816;0.9999865259115187;0.9999951265591723;0.9999945484666682;0.9996063082541534;0.9995972845408061;1.0;0.9999190363607244;0.9999987898631344;1.0;0.9997508211101849;0.9997642334799515;1.0;0.9998214173792318;1.0;0.9999989621226658;0.9999863940430246;0.9999870678239261;0.9999094760143058;1.024999976158142;
2016-08-08 12:00:00;1.0;0.9999966162804182;0.9999843511320003;0.9999994486669702;1.0;1.0;1.0003303554723322;0.9999475632515573;1.0;0.9999999999999999;0.9999878624295886;0.9998301530613021;0.999948520557462;0.9999729840893408;0.9999279129309095;0.9999288987303562;0.9999296680905913;0.9999978352419024;0.9999978115620942;0.999987334764951;0.9999869997367806;1.0;0.9999293140460457;1.0003042163061078;1.0003414280947625;0.9999841236133343;0.9999941893746023;0.9999943830070509;0.9996464063172796;0.9996352487631409;1.0;0.999914380582061;0.9999990969434011;1.0;0.9997740494089177;0.9997506061053482;1.0;0.999789209799724;1.0;0.9999992252876585;0.9999836205438721;0.9999833599494274;0.9998947852576076;1.024999976158142;
2016-08-08 12:15:00;0.9999999999999999;0.9999931472733701;0.9999848059277244;0.9999995103680727;1.0;1.0;1.0003190794259331;0.9999493894333141;1.0;1.0;0.9999883041570169;0.9998128806162095;0.9999323906087902;0.9999732089114873;0.9999283721594459;0.9999303632434012;0.9999312174164657;0.9999978658919167;0.9999978432374033;0.999988028728469;0.9999873818982924;0.9999999999999999;0.9999308432235742;1.0002926454797498;1.00033024922806;0.9999848057945657;0.9999943474689756;0.9999944306326535;0.99967940103061;0.9996616260783834;1.0;0.9999165507033961;0.9999981744369745;1.0;0.9997817545298745;0.9997556479601567;1.0;0.999851450990087;1.0;0.9999984343752454;0.9999841914128608;0.9999844207216712;0.9998778988885116;1.024999976158142;
2016-08-08 12:30:00;1.0;0.999991052388322;0.9999797342920991;0.9999991116370752;1.0;1.0;1.000331822960979;0.9999283898737977;1.0;1.0;0.9999841858466105;0.9998478329928374;0.9999613083910751;0.9999622376606289;0.9998986879369817;0.9999012898170541;0.9999025537510284;0.9999977249524002;0.9999976911448448;0.9999845707131524;0.9999854242867252;1.0;0.9999020619565816;1.0003062666063325;1.000342764260311;0.9999812199637507;0.9999930341727986;0.9999921470311278;0.99963082261573;0.999594241543669;1.0;0.9999081065956616;0.9999976161962012;1.0;0.9997242766389542;0.9997309817011697;1.0;0.9998578744463594;1.0;0.9999979554172317;0.999981230799078;0.9999792853595414;0.9999093983130594;1.024999976158142;
2016-08-08 12:45:00;1.0;0.999978480930721;0.9999772416114892;0.9999993628488579;1.0;1.0;1.0003517237884412;0.9999270648762478;1.0;1.0;0.9999834617401775;0.9998236419814918;0.9999471538158486;0.9999590494045434;0.9998936688601247;0.9998999260077216;0.9999014548202021;0.9999980421964358;0.999997999352352;0.9999846390773628;0.9999869958727444;0.9999999999999999;0.9999009156318376;1.0003240025280653;1.0003634054225212;0.9999828124209844;0.999993182437873;0.9999914800545432;0.9995755810287841;0.9995435755135226;1.0;0.9998952477372123;0.9999942696918872;1.0;0.9997024402081383;0.9996949452855507;0.9999999999999999;0.9998230010756055;1.0;0.9999950851693094;0.9999830778382524;0.9999781796285397;0.999889834568315;1.024999976158142;
2016-08-08 13:00:00;1.0;0.9999763846534967;0.9999778522104653;0.99999948975679;1.0;1.0;1.000344921576994;0.9999312734610396;1.0;1.0;0.9999842555100823;0.9997809334260254;0.9999134408570066;0.9999607476320911;0.9998991879033101;0.9999060493625345;0.9999075432677164;0.9999982428670854;0.9999982032676076;0.9999855343582732;0.9999882085235915;1.0;0.9999070273244366;1.0003154484120587;1.0003572331254742;0.9999842929459154;0.9999936281463438;0.999991834244236;0.999583353428477;0.9995805887177952;1.0;0.9999124096793092;0.9999937130033301;0.9999999999999999;0.9997499826884026;0.9997461709918002;1.0;0.9998183445270027;1.0;0.999994608181321;0.9999846044392974;0.9999790683499178;0.9998519115352881;1.024999976158142;
2016-08-08 13:15:00;1.0;0.9999854144550618;0.9999811400113222;0.9999993448391907;1.0;1.0;1.0003454887499417;0.9999360215009321;1.0;1.0;0.9999856734797289;0.9997486235224877;0.9998894909142199;0.9999649492696987;0.9999066128956071;0.9999108433475038;0.9999121325896938;0.999997853591123;0.9999978230075162;0.9999862892727734;0.9999866823862505;0.9999999999999999;0.9999116431591407;1.000314274598104;1.0003586166011758;0.9999832671162637;0.9999935947962566;0.9999927121398877;0.9995674874190557;0.9995590785505727;1.0;0.9999064452954719;0.9999961181784551;0.9999999999999999;0.9997325655322786;0.9997286666979485;1.0;0.9998201848270422;1.0;0.9999966715646167;0.9999830253602837;0.9999816262671714;0.9998248113323044;1.024999976158142;
2016-08-08 13:30:00;1.0;0.9999826674240311;0.9999794316520116;0.9999993263331833;1.0;1.0;1.0003334967905977;0.9999302221674431;1.0;1.0;0.9999842700966869;0.999732905119982;0.9998733481568585;0.999961490139069;0.9998965873724902;0.9999016097497595;0.9999030693857747;0.9999973235834874;0.9999972891858891;0.999984801889576;0.9999840483623147;1.0;0.9999024980022289;1.0003019921628795;1.0003468583214967;0.9999806768809135;0.9999926121867323;0.9999919929663291;0.9996538584911953;0.9996206067417723;1.0;0.9999210335781398;0.9999953886069445;1.0;0.9997466236503026;0.9997714222833266;1.0;0.9998407412068454;1.0;0.9999960464334658;0.9999799700458873;0.9999802535993112;0.9998086713246256;1.024999976158142;
2016-08-08 13:45:00;1.0;0.9999788373972445;0.9999771859193328;0.9999993676207808;1.0;1.0;1.0003346887746318;0.999926508818222;1.0;1.0;0.9999833108401747;0.9997921815858574;0.9999188948024937;0.9999588590864139;0.9998926539950619;0.9998987865397132;0.9999003180641812;0.9999978368060576;0.9999978010079228;0.9999843316459942;0.9999860846856592;1.0;0.9998997637634099;1.0003062092989337;1.0003467176780838;0.9999820217388704;0.9999929123628957;0.9999914452217737;0.9996514999660998;0.9996223402855251;1.0;0.9999152340656308;0.9999943698707843;1.0;0.9997509408910781;0.9997536413757174;1.0;0.9998344971182714;1.0;0.9999951729874306;0.9999820612305651;0.9999780917917535;0.9998601584105298;1.024999976158142;
2016-08-08 14:00:00;1.0;0.9999857773023935;0.9999802076173893;0.9999990454217875;1.0;1.0;1.0003171436390064;0.9999271199990398;1.0;1.0;0.9999844066625877;0.9999625813181955;1.0000439102004128;0.9999605480269399;0.9998929940566879;0.9998971260145971;0.9998986387845356;0.9999978813479892;0.9999978535304151;0.9999855378615814;0.9999862576830592;0.9999999999999999;0.999898092537281;1.0002981336801944;1.0003254425127321;0.9999821394692991;0.9999932700080945;0.9999918006446596;0.999662012507308;0.9996346890500261;1.0;0.9999225172812457;0.9999962131344751;1.0;0.9997534144134542;0.9997724620725315;0.9999999999999999;0.9998395191340465;1.0;0.9999967523697899;0.9999822433096315;0.9999807854849662;1.0000061642940823;1.024999976158142;
2016-08-08 14:15:00;1.0;0.9999849821718803;0.9999841319055541;0.9999996128303464;1.0;0.9999999999999999;1.0003198842966834;0.9999498300836099;0.9999999999999999;1.0;0.9999884715689051;1.0000034222549978;1.000076413389606;0.9999717969371764;0.9999266295005007;0.9999309905635061;0.9999320349833561;0.9999984205010102;0.9999983987818608;0.9999890761411047;0.9999900705199677;1.0;0.9999316496593352;1.0003031996079947;1.000327001948873;0.9999873869304514;0.9999950101294869;0.9999941378833941;0.9996672965828314;0.9996266680874827;1.0;0.999926691261092;0.999996002074443;1.0;0.9997375430077392;0.9997855550982898;1.0;0.9998404410002015;1.0;0.9999965715502022;0.9999872870294624;0.9999847828596725;1.0000423812751686;1.024999976158142;
2016-08-08 14:30:00;1.0;0.9999877283628484;0.9999807923831375;0.9999993614493644;1.0;1.0;1.000319801069209;0.9999355569750491;1.0;0.9999999999999999;0.9999853582989154;0.9999878168051456;1.0000633616121999;0.9999651753535647;0.9999072055298894;0.9999107712756319;0.9999119798350216;0.9999976209462148;0.9999975930550768;0.9999855722369583;0.9999855144732632;1.0;0.9999114953049967;1.0003021013541002;1.000327555353628;0.9999821377748119;0.999993248088689;0.9999927609347671;0.9996523840299809;0.9996142992987543;1.0;0.9999287170556427;0.9999967321954156;1.0;0.9997313372792407;0.9997914617146024;1.0;0.999846070621644;1.0;0.9999971974669982;0.9999816835197994;0.9999808670153175;1.0000283652209179;1.024999976158142;
2016-08-08 14:45:00;1.0;0.999988236705638;0.9999791306719592;0.9999987546633814;1.0;1.0;1.0003212613755952;0.9999183769615195;1.0;1.0;0.9999829878418327;1.000035499371555;1.0000999094708007;0.9999566393223748;0.9998807513795009;0.9998841805122987;0.9998858363193632;0.9999977587254908;0.9999977245698878;0.9999843209841353;0.9999851140692387;0.9999999999999999;0.9998852438732225;1.0003056038367715;1.000328310324994;0.9999802971056924;0.9999927353362743;0.9999909858074814;0.9996530092250848;0.9996145298882494;1.0;0.9999165771246579;0.9999968646650376;1.0;0.9997306186801284;0.9997544015749444;1.0;0.9998422776932401;1.0;0.9999973100597732;0.9999806171570085;0.9999794432710004;1.0000699783276081;1.024999976158142;
2016-08-08 15:00:00;1.0;0.9999810074870543;0.9999808969212282;0.9999998031390167;0.9999999999999999;0.9999999999999999;1.0003406110246646;0.999945455100808;0.9999999999999999;1.0;0.9999867026213642;1.000055621882556;1.0001196222391688;0.9999688032253305;0.999921026445675;0.9999265390359445;0.9999276270866868;0.999997996090319;0.9999979658652921;0.9999869380927194;0.9999879233453662;1.0;0.9999272005370216;1.0003255541645062;1.0003471206889347;0.9999852114818223;0.9999940417776326;0.9999935120041744;0.9995839979558869;0.9995779837769297;1.0;0.9999131372734861;0.9999949448726038;1.0;0.9997416349729279;0.9997466068714517;0.9999999999999999;0.999815220721448;1.0;0.9999956651759903;0.9999847668637727;0.9999815759699996;1.0000893787070355;1.024999976158142;
2016-08-08 15:15:00;1.0;0.9999797045687024;0.9999761764185642;0.9999992163724345;0.9999999999999999;1.0;1.00032604538668;0.999920085174395;0.9999999999999999;0.9999999999999999;0.9999820641699418;1.0000014009282037;1.000073735577897;0.9999558046441164;0.9998826936342007;0.9998885748238726;0.9998902319143007;0.9999973817506167;0.9999973402815773;0.9999829830265138;0.9999836764105177;1.0;0.9998896127011245;1.0003085480285563;1.0003338027039104;0.9999794335588434;0.9999920569876731;0.9999908086876855;0.9996389349928341;0.9996173434869288;1.0;0.9999242126162184;0.9999946004117378;0.9999999999999999;0.99974827245276;0.9997779717406519;1.0;0.9998532686841715;1.0;0.9999953706399246;0.9999791731418058;0.9999770393101098;1.0000396370860474;1.024999976158142;
2016-08-08 15:30:00;0.9999999999999999;0.9999844049382226;0.9999710452264324;0.9999989653603932;1.0;1.0;1.0003342433295361;0.9998987480240352;1.0;1.0;0.9999768750064191;1.0000279211307466;1.0000914927992923;0.9999460082222016;0.9998514969929171;0.9998560296621588;0.9998579277418634;0.9999949181107026;0.9999948442021213;0.9999761606226601;0.9999713450088069;1.0;0.9998570724633131;1.0003172607148167;1.000342376423161;0.9999670857359996;0.9999878634596073;0.9999887593535373;0.9996512044848962;0.9996243268794894;1.0;0.9999188036206587;0.9999958462503561;1.0;0.999749640203318;0.9997622894474744;1.0;0.9998462303959634;0.9999999999999999;0.9999964375046989;0.9999647616597453;0.9999711309767282;1.0000616770201887;1.024999976158142;
2016-08-08 15:45:00;1.0;0.9999868594503092;0.9999512663173644;0.999998339862227;1.0;1.0;1.0003453320898772;0.9998247234201324;1.0;1.0;0.9999585611528258;0.999988306676804;1.000048923232356;0.9999092809587363;0.9997394099000853;0.9997432198039218;0.9997462432526395;0.9999868270126304;0.9999866032519971;0.9999531554606845;0.9999308910636979;1.0;0.9997445249817345;1.0003244037941763;1.0003569079890422;0.9999266520914278;0.9999737320055743;0.9999810577807513;0.9996489567155555;0.9996242224510714;0.9999999999999999;0.9999212502068505;0.9999964975074559;0.9999999999999999;0.9997503254605213;0.9997691256611005;1.0;0.9998483726996266;0.9999999999999999;0.9999969967344469;0.9999175121159738;0.9999502693689509;1.0000206156789782;1.024999976158142;
2016-08-08 16:00:00;0.9999999999999999;0.9999868594503092;0.9999552188378923;0.9999989271859608;0.9999999999999999;1.0;1.000338214830117;0.9998474082575453;1.0;1.0;0.9999624881408095;0.9999894598176376;1.0000484939654102;0.9999206729219386;0.9997726730116742;0.9997764830422731;0.9997790219193851;0.9999870166962531;0.9999867933087785;0.9999562333750511;0.9999331659632303;1.0;0.9997774443079558;1.000318063069425;1.0003492994916712;0.9999306135166071;0.99997504533975;0.9999834216178926;0.9996812975860955;0.9996579554157663;1.0;0.9999343974086392;0.9999964970721128;1.0;0.9997710995104128;0.9998080135050912;1.0;0.9998316842696312;1.0;0.9999969963483083;0.9999208599746893;0.9999542333981623;1.0000209016300663;1.024999976158142;
2016-08-08 16:15:00;1.0;0.9999915584552816;0.9999806733393184;0.9999987466935698;1.0;0.9999999999999999;1.0003203154591482;0.9999207377109007;0.9999999999999999;0.9999999999999999;0.9999834943394408;1.0000614025176393;1.0001182675962859;0.9999584963893723;0.9998828517031053;0.9998853071861262;0.9998869019441868;0.9999970707910462;0.999997036371641;0.999984188737681;0.9999822320238578;1.0;0.9998862773178135;1.0003059598619615;1.000326990947925;0.9999781284767125;0.9999921138924965;0.9999913718670815;0.9996539188498746;0.9996284825308259;1.0;0.9999306890279452;0.9999977507687078;1.0;0.999750670783371;0.9997970011413472;1.0;0.9998362354696014;0.9999999999999999;0.999998070768268;0.999977545089598;0.9999808708999864;1.0000919792013758;1.024999976158142;
2016-08-08 16:30:00;1.0;0.999981947253602;0.999976168057746;0.9999986486651509;1.0;1.0;1.0003163884710045;0.9999067379486039;1.0;1.0;0.9999805091693854;1.0000563558114588;1.0001123247376429;0.9999495401684952;0.9998602117762009;0.9998654537495656;0.9998675039608372;0.9999970461617378;0.9999969979343246;0.999982100454489;0.9999814598860932;1.0;0.9998667578747615;1.0003018452386299;1.0003231664729546;0.999976497174676;0.9999912477033233;0.9999895055056801;0.9996801235384231;0.99965720693554;1.0;0.9999254536839137;0.9999951940975705;1.0;0.9997693891900307;0.9997802789710503;1.0;0.9999132890427016;0.9999999999999999;0.999995878660128;0.9999762844053487;0.9999773459403817;1.000085775820817;1.024999976158142;
2016-08-08 16:45:00;1.0;0.9999841147349218;0.9999728365155686;0.9999979654160208;1.0;1.0;1.0003178615402752;0.9998826956343412;1.0;1.0;0.9999764566414463;1.0000426316223017;1.0001012269808467;0.999937900186311;0.9998238762458984;0.9998284882143179;0.9998310550094395;0.9999963922632639;0.9999963416728029;0.999978624327093;0.9999770544085098;1.0;0.9998301272818468;1.0003020917839616;1.0003254324900612;0.9999706564488117;0.9999893839062752;0.9999870896831462;0.9996806479580225;0.9996460671063706;1.0;0.9999266080872584;0.9999957711110801;0.9999999999999999;0.999752782084825;0.9997842265906539;0.9999999999999999;0.9999564588187978;1.0;0.9999963735265082;0.9999705524209502;0.9999739628917687;1.0000736414177926;1.024999976158142;
2016-08-08 17:00:00;0.9999999999999999;0.9999841156137949;0.9999797656302255;0.9999990536214549;0.9999999999999999;1.0;1.0003160373908262;0.9999239568516358;1.0;1.0;0.9999835460700539;1.0000660118971545;1.0001194608399797;0.9999586227062025;0.9998850476545097;0.9998896631508565;0.9998913267511187;0.9999968562281314;0.9999968163951746;0.9999842041359667;0.9999816756864364;1.0;0.9998906689828209;1.000302221843132;1.0003224690362584;0.9999782386665953;0.9999918899026584;0.9999913957561156;0.999692824668092;0.9996560256127504;1.0;0.9999186124132474;0.999995770458735;1.0;0.9997571748949475;0.9997599822137259;0.9999999999999999;0.9999769825611592;0.9999999999999999;0.9999963726497592;0.9999771694361229;0.9999808212428256;1.0000942005595286;1.024999976158142;
2016-08-08 17:15:00;1.0;0.9999853466999198;0.9999682250035314;0.9999991623088252;1.0;1.0;1.0003171008482623;0.9998901205571117;1.0;1.0;0.9999735823369041;1.000132649806634;1.000159707576929;0.9999418399790152;0.9998342378080919;0.999838506543009;0.9998405254942806;0.9999914613421411;0.999991333037196;0.999970241362378;0.9999556606384116;1.0;0.9998393961082181;1.0003060142042288;1.0003235553452898;0.9999534344092993;0.9999830990975147;0.9999878671653714;0.9997049449574699;0.9996626925507077;1.0;0.9999329501480996;0.9999960926885962;1.0;0.9997528572785922;0.999801738337255;1.0;0.9999785704640465;1.0;0.9999966479382433;0.9999472730993179;0.9999683687588252;1.0001464583046615;1.024999976158142;
2016-08-08 17:30:00;1.0;0.9999885252021518;0.9999776913917354;0.9999990316775746;1.0;1.0;1.0003100941826477;0.9999168000064327;0.9999999999999999;0.9999999999999999;0.9999813927606368;1.0001584324824953;1.000185477849664;0.9999559000096856;0.9998755621275115;0.9998789053101352;0.9998805416388731;0.9999954496793899;0.9999953929635264;0.9999807605253097;0.999974896341205;1.0;0.9998797924327417;1.0003011396370491;1.0003148803028694;0.9999717741684272;0.9999897231117257;0.9999908222564214;0.9996936268925247;0.9996488553947659;1.0;0.9999289144235984;0.9999969413520335;1.0;0.9997421586545885;0.9997897210250057;1.0;0.9999785704640464;1.0;0.9999973760083825;0.9999693786126901;0.9999780238804392;1.000172455284775;1.024999976158142;
2016-08-08 17:45:00;1.0;0.9999866461923426;0.9999763586238423;0.9999989220643599;0.9999999999999999;0.9999999999999999;1.0003097265612877;0.9999106426432656;0.9999999999999999;1.0;0.9999802246208772;1.000141463188352;1.0001720482151077;0.9999524318348364;0.9998656198558983;0.9998695069146882;0.9998713185853088;0.9999952888039474;0.9999952284336943;0.999979830157002;0.9999738582778652;1.0;0.9998705120068399;1.000299828394002;1.0003149510389373;0.9999704342107886;0.9999892163561448;0.9999901007868256;0.9996586426897921;0.9996339519015117;1.0;0.9999292050124317;0.9999964417249352;1.0;0.9997494424322411;0.999790295443156;0.9999999999999999;0.9999789512991439;0.9999999999999999;0.9999969477030273;0.9999680414965811;0.9999769419463922;1.0001572958850176;1.024999976158142;
2016-08-08 18:00:00;1.0;0.9999851994877638;0.9999731553927448;0.9999980482954;1.0;1.0;1.0003077506246933;0.9998840415091592;1.0;1.0;0.9999763842976658;1.0001528854795054;1.0001804852014604;0.999938783779805;0.9998246019763887;0.9998289022487648;0.9998314280940702;0.9999955997901456;0.9999955292367914;0.9999778352273301;0.9999736857042207;1.0;0.9998304555762503;1.000298078274851;1.0003130242232374;0.9999679957632507;0.9999884832164053;0.9999872622284212;0.9997361316790675;0.9996911247833358;1.0;0.9999291100750434;0.9999960584642399;0.9999999999999999;0.9997686093871898;0.9997899849150285;1.0;0.9999789512991439;1.0;0.9999966196406209;0.9999669005109773;0.9999742728460723;1.0001669834149134;1.024999976158142;
2016-08-08 18:15:00;1.0;0.9999883053360735;0.9999704616574766;0.9999963951851168;1.0;1.0;1.0003020888300234;0.9998430666532767;1.0;1.0;0.9999714361697211;1.0001618711055227;1.0001880205648102;0.9999188307993421;0.9997621749676555;0.9997655683530273;0.9997691781846523;0.9999966508376791;0.9999965810131808;0.9999762446261217;0.9999758670400346;1.0;0.9997679943880025;1.000292399812382;1.0003075363364382;0.9999661547211824;0.9999882613693709;0.9999831209322427;0.9997706899518135;0.9997221936071263;1.0;0.9999257709313965;0.9999968865668631;1.0;0.9997844759764012;0.9997793075069135;1.0;0.9999845090018252;0.9999999999999999;0.9999973302353501;0.9999677840885247;0.9999720524003873;1.0001753908479578;1.024999976158142;
2016-08-08 18:30:00;1.0;0.9999901125643255;0.9999461324960229;0.9999909620037437;1.0;1.0;1.0003109415853797;0.9996659385361567;1.0;1.0;0.9999437209977514;1.0001887302409684;1.0002099042881543;0.9998301983876307;0.999496074607918;0.9994989456353894;0.99950675326075;0.9999966662946872;0.999996494069795;0.9999576708841257;0.9999651148521385;1.0;0.9995044670231162;1.000299159305748;1.0003185049508387;0.9999412814801454;0.9999804948004817;0.9999646677129119;0.9997798314363823;0.9997218707083709;1.0;0.9999316956724226;0.9999973666652864;1.0;0.9997750773203262;0.999796819224198;1.0;0.9999912732606053;1.0;0.9999977416638496;0.9999493815490862;0.9999489408613056;1.0001996479464714;1.024999976158142;
2016-08-08 18:45:00;1.0;0.9999907638964917;0.9999651576962236;0.9999965153879637;0.9999999999999999;0.9999999999999999;1.0002984760603142;0.9998325278238265;0.9999999999999999;0.9999999999999999;0.9999679601068568;1.0001762979443718;1.0001965998916278;0.9999140227192581;0.9997520372533956;0.999754724673;0.999758230801021;0.9999957655929733;0.9999956889981488;0.9999715599775734;0.9999710014704658;1.0;0.9997570122155341;1.0002896796922618;1.0003037253222729;0.9999607844018996;0.9999863017746363;0.9999821191552967;0.9997449678550485;0.9996870833918247;1.0;0.9999391677063523;0.9999975386021251;1.0;0.9997521497243098;0.9998192959965043;1.0;0.9999908604325449;1.0;0.9999978886736371;0.9999619002393545;0.999965504575469;1.0001867817695445;1.024999976158142;
2016-08-08 19:00:00;1.0;0.999980503147163;0.9999663039461609;0.9999980483420763;0.9999999999999999;1.0;1.0002969028310433;0.9998680626008044;1.0;0.9999999999999999;0.9999722233723355;1.0001740043059282;1.0001932295923115;0.9999298145782818;0.9998052558134677;0.9998109206129755;0.9998136309483003;0.9999956154812712;0.9999955351167653;0.9999738273577385;0.9999725917546728;1.0;0.9998126110342014;1.0002888291975611;1.000301531091419;0.9999654656095724;0.9999873313444643;0.9999853940051456;0.9997618952078274;0.9997071337272364;1.0;0.9999388612878676;0.9999948083798479;1.0;0.9997675144752817;0.9998181770035648;0.9999999999999999;0.9999912732606052;0.9999999999999999;0.9999955475305222;0.9999650380641073;0.9999670259150444;1.0001831868748046;1.024999976158142;
2016-08-08 19:15:00;1.0;0.9999274609913609;0.9999416802770047;0.9999971986516274;1.0;0.9999999999999999;1.0003124314764986;0.9997872837151263;1.0;1.0;0.9999557967760301;1.000145867368369;1.0001712611266746;0.9998786081501599;0.9996758092669703;0.9996968342150211;0.9997021860166483;0.9999964792489876;0.9999962607209973;0.9999634306368653;0.9999723751251415;1.0;0.9997005322504595;1.0003013787920105;1.0003182600671265;0.9999593963194385;0.9999836704656841;0.9999746874161645;0.9997817932615101;0.9997249202382817;1.0;0.9999429287220277;0.999980700537578;1.0;0.9997768629534793;0.9998303203616266;1.0;0.9999912732606053;1.0;0.9999834527122945;0.9999623509870489;0.9999478953732192;1.0001547605239407;1.024999976158142;
2016-08-08 19:30:00;1.0;0.9999701671207927;0.9999502473278096;0.9999941176295537;1.0;1.0;1.0003035153628135;0.9997440073662446;1.0;0.9999999999999999;0.9999538860735897;1.0001805001753088;1.0002004998157445;0.9998654304082855;0.9996132640977401;0.9996219138032775;0.999627993938192;0.999996911506836;0.9999967636124232;0.9999640311568228;0.9999711551541588;1.0;0.9996261790104647;1.0002933333721948;1.0003096387801618;0.9999536630571518;0.9999836202910865;0.9999719934222785;0.9998021296766649;0.9997427490375538;1.0;0.9999362676795973;0.9999920618228897;1.0;0.9997864565629934;0.9998102417350088;0.9999999999999999;0.9999908604325448;1.0;0.9999931935279822;0.9999590641004585;0.9999537827462629;1.0001893936388304;1.024999976158142;
2016-08-08 19:45:00;1.0;0.9999895330147466;0.9999602592934106;0.9999939265556376;1.0;1.0;1.0002889190123692;0.9997684417723135;1.0;1.0;0.9999604601401074;1.0001989381505132;1.0002160885448144;0.9998815922562687;0.9996542099752372;0.9996572435249852;0.9996625739909115;0.999998498581171;0.9999984077908994;0.9999704989060181;0.9999793398191237;0.9999999999999999;0.9996610673825831;1.000280665840775;1.0002939795548518;0.9999620998046438;0.9999872308570825;0.9999753777361874;0.9998873757124779;0.9997892376197791;1.0;0.9999450050420935;0.9999972142749953;1.0;0.9997823170363308;0.9998364551858004;1.0;0.9999904792909121;1.0;0.9999976115488023;0.9999687242558605;0.9999619848408697;1.0002076120842083;1.024999976158142;
2016-08-08 20:00:00;1.0;0.9999979895147534;0.9999666752173784;0.9999941554189915;0.9999999999999999;1.0;1.000280919248712;0.999788608450696;0.9999999999999999;1.0;0.9999646891134357;1.0001986751846097;1.0002142316760956;0.9998934122673944;0.9996829235705282;0.9996835115697273;0.9996883654301486;0.9999981370296862;0.9999980633247408;0.999973549504034;0.9999789252789401;1.0;0.9996869587743957;1.0002732049308614;1.0002857878298295;0.9999635011202335;0.9999880176471015;0.9999778413255698;0.9998911749201503;0.9997955334161439;1.0;0.9999522712889416;0.9999994622268537;1.0;0.9997876377793248;0.999858025967228;0.9999999999999999;0.9999904792909119;1.0;0.9999995384416845;0.9999689931983333;0.9999679237256924;1.0002070599457986;1.024999976158142;
2016-08-08 20:15:00;1.0;0.9999967600824254;0.9999830807845629;0.9999987870840878;0.9999999999999999;1.0;1.0002675018025349;0.9999286084320913;0.9999999999999999;1.0;0.9999852291627631;1.000180708669155;1.000196418767726;0.9999634953794645;0.9998962662684473;0.9998972074474896;0.9998985374073124;0.9999973634056553;0.9999973369049628;0.9999856228612041;0.9999838821633866;1.0;0.9998980029079296;1.0002620303259857;1.000270543256336;0.9999800179217908;0.9999929262547531;0.9999924133679327;0.9998804587975878;0.9997832436501964;1.0;0.9999592112776792;0.9999991359715872;1.0;0.9997775982157442;0.9998787505791973;1.0;0.9999912732606053;0.9999999999999999;0.9999992590153985;0.999979571667894;0.9999826765613349;1.0001890932797288;1.024999976158142;
2016-08-08 20:30:00;1.0;0.9999926414619571;0.9999647022210589;0.9999952865091738;1.0;1.0;1.00027498280405;0.9998064098409901;1.0;0.9999999999999999;0.9999654282738627;1.000178200023504;1.0001944314408169;0.9999012791999605;0.9997110528422417;0.9997131897494936;0.9997174791422184;0.9999968698518908;0.9999967793518874;0.9999718130147738;0.9999743975368003;0.9999999999999999;0.9997161320555228;1.0002669556185668;1.0002799780348277;0.999961325184175;0.9999868171879747;0.9999794650564157;0.9998912047096679;0.9997770131870827;1.0;0.9999743712331424;0.9999980396302136;1.0;0.9997580520318579;0.9999243258175399;1.0;0.9999916544037752;1.0;0.9999983188152545;0.9999646744033429;0.9999656557430989;1.0001865846130475;1.024999976158142;
2016-08-08 20:45:00;1.0;0.9999879450575286;0.9999459896725168;0.999993947053021;1.0;1.0;1.0002872946835448;0.9997221394385838;1.0;0.9999999999999999;0.9999474515759288;1.0001409512385935;1.0001575130638447;0.9998579654495691;0.9995802835098135;0.9995837844395851;0.9995898252741647;0.999991110565827;0.9999908664260123;0.9999526205718847;0.9999438934409287;0.9999999999999999;0.999587614113745;1.0002752241376949;1.0002954454892299;0.9999286026520121;0.9999753705170347;0.9999703939805353;0.9999028046061703;0.9997994573329794;1.0;0.9999723292631085;0.9999967873167105;1.0;0.9997819576838761;0.9999179781892101;1.0;0.9999916544037754;1.0;0.9999972447340594;0.99992812055495;0.9999474345126109;1.0001491909394975;1.024999976158142;
2016-08-08 21:00:00;1.0;0.9999897520637453;0.9999576028637875;0.9999982542184317;1.0;1.0;1.0002822731863754;0.9998417435670857;0.9999999999999999;1.0;0.9999634686329939;1.000124220326703;1.0001402907250363;0.9999184094009164;0.9997648405536338;0.9997678205985421;0.9997706040846043;0.9999889348711444;0.9999887397145278;0.9999594725289672;0.9999412952218564;1.0;0.9997690966398076;1.0002717429083607;1.0002892525286082;0.9999368132506186;0.9999774519590161;0.9999829667944897;0.9999081839432599;0.9998030142939572;0.9999999999999999;0.999974683426877;0.9999972657506354;1.0;0.9997827655585331;0.9999251787083456;1.0;0.9999912732606054;1.0;0.9999976546958363;0.9999295571247192;0.9999567520108414;1.0001323153158106;1.024999976158142;
2016-08-08 21:15:00;1.0;0.999991846945912;0.9999647251352877;0.9999988571457016;1.0;1.0;1.0002733035837854;0.9998728358333292;1.0;1.0;0.9999696687928326;1.0001258325797067;1.000141109137982;0.9999344654400348;0.9998100678723668;0.9998124372506647;0.9998146044171097;0.9999897011180218;0.9999895608712288;0.9999651106873838;0.9999466383280161;1.0;0.9998133126829506;1.000263756560721;1.0002795872396137;0.999944140633241;0.9999800456299364;0.9999863310993117;0.9999329582108569;0.9998230636912017;1.0;0.9999710592273644;0.9999978250521953;1.0;0.9997917464308214;0.999914141713355;1.0;0.9999908604325448;1.0;0.9999981345865764;0.9999366259571687;0.9999639213756404;1.0001336384327235;1.024999976158142;
2016-08-08 21:30:00;1.0;0.9999915575738936;0.9999803208840963;0.9999989392469262;1.0;1.0;1.0002619409237017;0.9999253642822891;1.0;0.9999999999999999;0.999983996962867;1.000175976713919;1.000191163495553;0.999960821074;0.999892333190969;0.9998947854516996;0.9998961855779773;0.9999974980884734;0.9999974627297324;0.9999845578861626;0.9999843186859078;0.9999999999999999;0.9998956420750336;1.0002565756656174;1.000264874263951;0.9999801226358168;0.9999927293528725;0.999991852760281;0.9999253977823913;0.9998125437483777;1.0;0.9999718053005396;0.9999977513309576;1.0;0.9997822724301132;0.9999164326043909;0.9999999999999999;0.9999904792909121;1.0;0.9999980715661295;0.9999799396634731;0.9999801317301754;1.0001837135879017;1.024999976158142;
2016-08-08 21:45:00;1.0;0.9999901851979465;0.9999783210551122;0.9999983848327255;1.0;1.0;1.0002622996035324;0.999907879823673;1.0;1.0;0.9999814078351644;1.000174546059085;1.0001897703177314;0.9999517631009144;0.9998643107039544;0.9998671637837521;0.9998690622226136;0.999997413964287;0.9999973752494222;0.9999830234993162;0.9999829509086929;1.0;0.9998683818219513;1.000256511207182;1.0002655515804282;0.9999775468960513;0.9999919090161564;0.999989971593017;0.9999306706280282;0.9998272517734212;1.0;0.9999728120571357;0.999997385670767;1.0;0.9998001705558133;0.9999195317126132;1.0;0.9999908604325448;1.0;0.9999977577778354;0.9999778463559155;0.9999786366883447;1.0001822077103122;1.024999976158142;
2016-08-08 22:00:00;1.0;0.9999872951891939;0.9999687888961799;0.9999990366086392;0.9999999999999999;1.0;1.0002737027759778;0.9998931156873663;1.0;1.0;0.9999748021545656;1.0001539113066495;1.0001691108951287;0.9999437481247723;0.9998438963024874;0.9998475890931519;0.9998494450755289;0.9999934455507566;0.9999933426449551;0.9999727060406549;0.9999643976531614;1.0;0.9998484976325109;1.0002661150809504;1.0002783630458132;0.9999606493536954;0.9999856456247279;0.9999882743418836;0.999928883659326;0.9998154045380836;1.0;0.9999734330873549;0.9999966147102083;1.0;0.9997839217097034;0.9999215612866562;1.0;0.9999904792909121;1.0;0.9999970965372855;0.999956852217291;0.9999682922113;1.0001613588534708;1.024999976158142;
2016-08-08 22:15:00;0.9999999999999999;0.9999859923077467;0.9999645390805615;0.9999983949845908;1.0;1.0;1.0002708045288615;0.9998669519846133;1.0;1.0;0.9999701997657103;1.0001431300165944;1.0001584901853224;0.9999303557915216;0.999803050773523;0.999807112182006;0.9998096036373452;0.9999926493683442;0.9999925465137448;0.9999688077726337;0.9999593062289764;1.0;0.9998084333341274;1.000262340483178;1.000276138157479;0.9999541975002102;0.9999834693686818;0.9999854965113163;0.9999325301196883;0.9998198369022496;1.0;0.9999709566194077;0.999996270725017;1.0;0.9997874454211951;0.9999139839172965;1.0;0.9999908604325448;0.9999999999999999;0.9999968024148594;0.9999503556973105;0.9999644210376385;1.0001505774831339;1.024999976158142;
2016-08-08 22:30:00;1.0;0.9999870058622579;0.9999712359901808;0.999998600082531;1.0;0.9999999999999999;1.0002645263700158;0.9998922015466414;1.0;0.9999999999999999;0.9999764098200525;1.000160742856501;1.0001757147631924;0.9999432478574192;0.9998424779041375;0.9998462533611218;0.9998482957215142;0.9999954163746914;0.9999953578856297;0.9999764475248134;0.9999730689744086;1.0;0.9998474374466393;1.0002577579353344;1.0002685448617525;0.9999678634428343;0.9999882866820332;0.9999881949299269;0.9999395696911613;0.9998331489107901;1.0;0.9999703544924444;0.9999965393529622;1.0;0.9998015327631721;0.9999121497939746;0.9999999999999999;0.9999912732606052;1.0;0.9999970320670364;0.9999663927698563;0.9999711639602664;1.0001680458749727;1.024999976158142;
2016-08-08 22:45:00;1.0;0.9999888857524746;0.9999646926009106;0.999998438928963;1.0;0.9999999999999999;1.0002783825864254;0.9998677239145637;1.0;1.0;0.9999700506284229;1.0001497504300507;1.000164486511728;0.9999313015530874;0.9998044849745431;0.9998077196571703;0.9998101146168329;0.9999920298386753;0.9999918956820973;0.9999679247761664;0.9999566038988701;0.9999999999999999;0.9998089262509782;1.000269842543129;1.000283865417964;0.9999519167807893;0.9999827385546731;0.9999856744832157;0.9999213720575906;0.9998012207241159;1.0;0.9999737867577536;0.9999970362548033;1.0;0.9997689462283643;0.9999227116323066;1.0;0.9999912732606053;0.9999999999999999;0.9999974576705543;0.9999473580598462;0.999964219028813;1.0001570533682576;1.024999976158142;
2016-08-08 23:00:00;1.0;0.9999883796888567;0.9999617254360631;0.9999978889451586;1.0;1.0;1.0002675020139542;0.9998473192295056;0.9999999999999999;0.9999999999999999;0.9999666720586071;1.0001353852321433;1.0001500476555736;0.9999209593252284;0.9997728274221336;0.9997762083422074;0.9997791043250206;0.9999916198070661;0.9999914984540772;0.9999652898233231;0.9999535493801682;0.9999999999999999;0.9997777555154399;1.0002584154309746;1.0002734229557766;0.9999476458165628;0.9999813349933186;0.9999835369800293;0.9999505647264044;0.9998407001900722;1.0;0.9999742940037549;0.9999969023664284;1.0;0.9998030176962929;0.9999237856942463;1.0;0.9999916544037751;1.0;0.9999973429222926;0.9999433020640003;0.9999615235414003;1.000142612856719;1.024999976158142;
2016-08-08 23:15:00;1.0;0.9999849813294621;0.9999676708031962;0.9999984579080504;1.0;1.0;1.000264755336096;0.9998793073140794;1.0;0.9999999999999999;0.9999734757698241;1.0001542238681111;1.0001691855332013;0.9999363611698782;0.9998231698668896;0.9998275272218021;0.9998298229998921;0.9999946820754857;0.9999945956722749;0.9999733868826188;0.9999690831948819;1.0;0.9998288466309179;1.0002574569278948;1.0002691741406289;0.999963394681096;0.999986646535274;0.999986749812764;0.9999579490577223;0.9998505553508785;1.0;0.9999730902679871;0.9999960013631615;1.0;0.9998116060130877;0.9999201392704015;1.0;0.9999912732606053;1.0;0.9999965712208463;0.9999615253775805;0.9999676637868574;1.0001613822599393;1.024999976158142;
2016-08-08 23:30:00;1.0;0.9999825953789425;0.9999664295943617;0.9999992104590137;1.0;1.0;1.0002643418788697;0.9998905278002158;1.0;1.0;0.9999736781514146;1.0001409038551337;1.0001561647703403;0.9999415172272721;0.9998401469546013;0.9998451913843879;0.9998471124394785;0.9999932786609749;0.9999931758256249;0.9999714973495459;0.9999635408073565;1.0;0.9998461361902258;1.0002566075443318;1.0002690552458144;0.9999597902683103;0.9999851443310994;0.9999878114372721;0.9999653936118167;0.9998595315215248;1.0;0.9999746047469237;0.9999953672273877;1.0;0.9998186372504005;0.9999245900496208;1.0;0.9999908604325449;1.0;0.999996027914543;0.9999558534072801;0.9999661839082498;1.0001480621516265;1.024999976158142;
2016-08-08 23:45:00;1.0;0.9999890269485091;0.9999742679375224;0.9999990744683994;1.0;1.0;1.0002540033348568;0.9999095432123807;1.0;1.0;0.9999792293468203;1.0001520656221463;1.0001663769931564;0.999952367150165;0.999868239661626;0.9998714202147055;0.9998730323925319;0.9999951510216749;0.9999950930768986;0.9999781428953501;0.9999729716286114;1.0;0.9998722685999909;1.0002475762693006;1.0002578291640982;0.9999693085426203;0.9999887837716243;0.9999900877481246;0.9999648513371885;0.9998694353894638;1.0;0.9999779306059408;0.9999970789384863;1.0;0.9998337007054985;0.9999343844605632;0.9999999999999999;0.9999904792909119;1.0;0.9999974955191353;0.9999669091329594;0.9999739361623048;1.0001591487885357;1.024999976158142;
2016-08-09 00:00:00;1.0;0.9999981342025192;0.9999822097390959;0.9999988581751181;1.0;1.0;1.0002529809567795;0.9999279348386858;1.0;0.9999999999999999;0.9999847048288301;1.000173450737471;1.000187015462121;0.9999634282190553;0.9998967286239532;0.999897275404988;0.9998985224415381;0.9999970906999143;0.9999970618852524;0.9999846368065854;0.9999825571504825;1.0;0.9998979906233558;1.0002478953917529;1.000255908767995;0.9999787430813109;0.9999924761071487;0.9999923982011455;0.9999702381924872;0.9998759927210006;1.0;0.9999731823922869;0.9999995003753607;1.0;0.9998395760177389;0.9999203150921383;1.0;0.9999904792909121;0.9999999999999999;0.9999995710910234;0.9999780445769628;0.9999814141071621;1.0001807538487337;1.024999976158142;
2016-08-09 00:15:00;1.0;0.999998350643314;0.9999822992572811;0.9999991453786521;1.0;1.0;1.0002509452919335;0.9999349897933246;1.0;1.0;0.9999855015823413;1.0001742125313657;1.0001873484788166;0.9999670159569515;0.9999091220912758;0.9999096052830525;0.9999106069819043;0.9999971902530238;0.9999971640633211;0.999984931145415;0.9999833551634877;1.0;0.99991014663932;1.0002461774731104;1.0002536567331575;0.9999799263025911;0.999992810403727;0.999993144172553;0.9999757445993154;0.9998832714027971;0.9999999999999999;0.9999710265476002;0.9999995581662887;1.0;0.9998457525282813;0.9999136863327704;1.0;0.9999904792909121;1.0;0.9999996207180869;0.9999791352907159;0.9999811471695034;1.0001812958546015;1.024999976158142;
2016-08-09 00:30:00;1.0;0.9999965442289716;0.9999840178830661;0.999999278650392;1.0;1.0;1.0002482235116454;0.9999426021773514;1.0;1.0;0.9999871751774929;1.0001722134072553;1.0001859791928183;0.9999704783444907;0.9999195572845816;0.9999205654141217;0.9999214851171498;0.9999977066076211;0.9999976847910874;0.9999868941480387;0.9999861646325445;1.0;0.999921082530633;1.000243619800688;1.0002507278306332;0.9999830444944363;0.9999938537164366;0.9999938647060088;0.9999831357971489;0.9998952604602428;1.0;0.9999719518802939;0.9999990775003154;1.0;0.9998574760855159;0.999916402215904;1.0;0.9999920672329303;1.0;0.9999992084873812;0.9999825458298939;0.9999831992564501;1.0001795165094831;1.024999976158142;
2016-08-09 00:45:00;1.0;0.9999938697821635;0.999982778455004;0.999999385083531;1.0;1.0;1.0002478306859792;0.9999420617979549;1.0;1.0;0.9999867351040808;1.000171092269472;1.0001849311239195;0.9999696720170862;0.9999192574133516;0.9999210385210272;0.9999219683391736;0.9999978030326357;0.9999977762062972;0.999986507127801;0.9999865771982834;1.0;0.9999215698537938;1.00024324223271;1.000250282687296;0.999983350871483;0.9999938369585214;0.9999936939658552;0.9999947559911693;0.9999110841437127;1.0;0.9999729834034129;0.9999983666327311;0.9999999999999999;0.9998713423481745;0.9999194173206082;1.0;0.999990860432545;1.0;0.999998599205411;0.999982980689315;0.999982061806467;1.000178250782032;1.024999976158142;
2016-08-09 01:00:00;1.0;0.9999948089872539;0.9999845069742002;0.9999995350050566;1.0;1.0;1.0002412496933175;0.9999501276001124;1.0;1.0;0.9999883262353769;1.0001674324054803;1.0001812785281337;0.9999739139043184;0.9999316300828784;0.9999331375796523;0.999933884174906;0.9999981111043843;0.9999980917256088;0.9999879756944867;0.9999883992968621;1.0;0.9999335554555677;1.0002369404295475;1.0002434892088896;0.9999855649950247;0.9999946260217589;0.9999945784149227;1.0000150486171053;0.9999448562964492;1.0;0.9999703300764803;0.9999986169279633;1.0;0.9999049856721559;0.999911229924161;1.0;0.9999916544037752;1.0;0.9999988139335714;0.9999852749001333;0.99998368837645;1.0001746602616497;1.024999976158142;
2016-08-09 01:15:00;0.9999999999999999;0.9999982788901884;0.9999850810338577;0.9999991758124668;0.9999999999999999;1.0;1.0002397620712848;0.9999427980359328;1.0;1.0;0.9999875281760808;1.0001808251222806;1.0001904145304388;0.9999709227387166;0.99991901200249;0.9999195174508786;0.9999204564413997;0.9999976222429331;0.9999975992738416;0.999987273208816;0.9999858233352187;1.0;0.9999200428696003;1.0002359747752272;1.000241981232984;0.9999827887819885;0.999993859214653;0.9999939563742408;1.0000213530137867;0.9999511465790423;1.0;0.9999729386397718;0.9999995388009143;0.9999999999999999;0.9999088668438028;0.9999189888407334;1.0;0.9999920672329302;1.0;0.9999996039843542;0.9999821802074087;0.9999842820276172;1.0001859595528506;1.024999976158142;
2016-08-09 01:30:00;1.0;0.9999958208736145;0.9999856923651047;0.9999991241941559;1.0;1.0;1.0002377695430822;0.9999416715791399;1.0;1.0;0.9999875729954819;1.000182341915154;1.0001901301081129;0.999969869936503;0.9999139408048409;0.9999151556285972;0.9999162661716201;0.9999972869170649;0.9999972671161704;0.9999874810175953;0.999984419917645;1.0;0.9999157839902753;1.0002340687205984;1.0002400380555083;0.9999817763183987;0.9999934996073236;0.9999937406800344;1.0000145340202033;0.9999532339380864;1.0;0.9999720260110235;0.9999988859396889;0.9999999999999999;0.9999178305338655;0.9999161893660458;0.9999999999999999;0.9999908604325449;1.0;0.9999990445198581;0.9999807080814388;0.999985571627215;1.00018631979826;1.024999976158142;
2016-08-09 01:45:00;1.0;0.9999972661562601;0.9999869134329825;0.9999990722959997;0.9999999999999999;1.0;1.0002341538443371;0.999943710933561;0.9999999999999999;1.0;0.9999882820234955;1.0001797117698283;1.0001877072932122;0.9999711848941537;0.999916684288628;0.9999174791258545;0.999918561261259;0.9999974370288173;0.9999974208388224;0.999988291546876;0.9999852148320947;1.0;0.9999180970721062;1.0002305046102755;1.0002363821953402;0.9999826198388261;0.9999938654967546;0.9999940156328875;1.0000242515764008;0.9999759602252931;0.9999999999999999;0.9999702292521341;0.9999992706432843;1.0;0.9999439337634054;0.9999106866745523;1.0;0.9999900664615026;1.0;0.9999993744542872;0.9999816559043643;0.9999867722603728;1.0001839035946023;1.024999976158142;
2016-08-09 02:00:00;1.0;0.9999969064942397;0.9999885856238889;0.999999382830696;1.0;1.0;1.00023225634494;0.9999555100485832;1.0;1.0;0.999990324886604;1.0001818521854398;1.0001897697506004;0.9999770339826827;0.9999351706645045;0.9999360770375174;0.9999368837166314;0.9999979104296239;0.9999978966777564;0.9999901224460302;0.9999880022986449;0.9999999999999999;0.9999365251314631;1.0002290455076435;1.0002341346603307;0.9999859571127822;0.9999949647013436;0.9999952301790264;1.0000257772902852;0.9999792769216356;1.0;0.999972144634651;0.9999991732133656;0.9999999999999999;0.9999475480809177;0.999916402046928;1.0;0.9999916544037752;1.0;0.9999992902583388;0.9999851388017704;0.9999883441061646;1.000185974649181;1.024999976158142;
2016-08-09 02:15:00;1.0;0.9999960384549674;0.9999875861760269;0.9999995363596498;1.0;1.0;1.0002341706108209;0.9999571079764511;1.0;1.0;0.9999901909051834;1.0001839088464102;1.0001920611247141;0.999977664383946;0.9999394156635406;0.9999405700909271;0.9999412706530344;0.9999980896274372;0.9999980738887271;0.9999898392139355;0.9999888308776755;1.0;0.9999409525288794;1.000231070163432;1.0002359299469097;0.9999866899844355;0.9999951259267864;0.9999953592776514;1.0000202588873492;0.9999767926119247;0.9999999999999999;0.9999721769736674;0.9999989431710808;1.0;0.9999485372769036;0.9999165081564844;1.0;0.9999912732606053;0.9999999999999999;0.9999990933487358;0.9999860652959212;0.9999871032845217;1.0001881006887743;1.024999976158142;
2016-08-09 02:30:00;1.0;0.9999939426752926;0.999981449041148;0.9999985955899544;1.0;1.0;1.000236337386142;0.9999204827356856;1.0;1.0;0.9999839236684144;1.0001796336660804;1.0001880507486454;0.9999588486969372;0.9998837245771284;0.999885486540894;0.9998870592216488;0.9999976023340754;0.9999975750558886;0.9999850266138198;0.999984515699592;1.0;0.9998864776647259;1.0002323037779381;1.000238796395142;0.9999799014385623;0.9999928248870122;0.9999914486144684;1.0000435150412983;0.9999881602647909;1.0;0.9999708551587572;0.9999983856099021;1.0;0.9999458842493949;0.999912556462198;1.0;0.9999912732606052;1.0;0.9999986152925191;0.9999799989482432;0.9999813880945431;1.0001838254905269;1.024999976158142;
2016-08-09 02:45:00;1.0;0.999998350643314;0.9999864798158434;0.9999992579034217;1.0;1.0;1.0002324414444657;0.9999472839474605;1.0;1.0;0.999988471923848;1.0001798252635057;1.0001875583724453;0.999973193300293;0.9999242250383991;0.9999247082374743;0.9999255988311656;0.9999974553740095;0.9999974376616974;0.9999880167945897;0.9999854130931279;0.9999999999999999;0.9999251862826072;1.0002290003948349;1.0002345383626923;0.9999829511482037;0.9999939390835669;0.9999944312240318;1.0000457646394314;0.9999874461330346;1.0;0.9999700906674878;0.9999995583356043;1.0;0.9999428415620473;0.9999102349992125;1.0;0.9999916544037752;1.0;0.9999996208672847;0.9999819412938233;0.9999858720141273;1.0001839477188923;1.024999976158142;
2016-08-09 03:00:00;1.0;0.9999982059962013;0.9999875989006037;0.9999996597027859;1.0;1.0;1.000229297750732;0.9999591003495508;1.0;0.9999999999999999;0.9999901339904761;1.0001760060232763;1.0001840209420128;0.9999790987211891;0.9999428371172047;0.9999433616594281;0.9999439348683212;0.9999974936041996;0.9999974757368336;0.9999889945205903;0.9999862648701994;0.9999999999999999;0.9999436084362304;1.0002260509822518;1.000231213578226;0.9999846598331129;0.9999944481429751;0.9999956563607209;1.0000556189475687;1.0000041071335593;1.0;0.9999729847396592;0.999999519967326;0.9999999999999999;0.9999594357461246;0.9999188484436449;1.0;0.9999920672329303;0.9999999999999999;0.999999588024164;0.9999832895528717;0.9999867713666458;1.0001802730438936;1.024999976158142;
2016-08-09 03:15:00;1.0;0.9999963269051837;0.9999850566774034;0.9999989003619897;0.9999999999999999;0.9999999999999999;1.0002312258454527;0.9999348997300452;1.0;1.0;0.9999865836327942;1.0001725754920325;1.000180954051784;0.99996656913156;0.9999033244989151;0.9999043929625531;0.9999056730043223;0.9999971687799873;0.9999971462298702;0.9999867777323755;0.9999835248244819;1.0;0.9999051379819055;1.0002272244333845;1.000233692744828;0.9999804453188681;0.9999930905822595;0.9999930543017507;1.0000532191667357;1.0000047671370005;1.0;0.999972624508593;0.9999990203626163;0.9999999999999999;0.9999625536968727;0.9999177891108086;1.0;0.9999912732606052;1.0;0.999999159739172;0.9999794773047348;0.999985007920566;1.0001769118681445;1.024999976158142;
2016-08-09 03:30:00;1.0;0.9999932910743745;0.9999838098641071;0.9999987875779371;1.0;0.9999999999999999;1.0002308273639238;0.9999308818765225;0.9999999999999999;1.0;0.9999861032693653;1.0001773900308697;1.0001858874883536;0.9999639476114658;0.9998985755662932;0.999900522001659;0.999901926817167;0.9999980835823976;0.9999980668949546;0.999987281026497;0.9999873093821607;1.0;0.9999014231286761;1.000227123981436;1.0002330067245866;0.9999832340824291;0.9999939715043227;0.9999925125422985;1.0000483067907244;0.9999949402476985;1.0;0.9999737280224785;0.9999982135984862;1.0;0.9999519256776607;0.9999211611440476;0.9999999999999999;0.9999912732606052;1.0;0.9999984682210583;0.9999834899594982;0.9999839400210854;1.000181581845913;1.024999976158142;
2016-08-09 03:45:00;1.0;0.999995532382851;0.999990062987045;0.9999990140431871;1.0;1.0;1.0002276428454655;0.9999529391061744;1.0;1.0;0.9999911703316093;1.0001859270497189;1.0001941431380932;0.9999754723845768;0.9999304963446788;0.9999317971247014;0.99993282211229;0.9999992800554331;0.9999992728201144;0.9999926583354529;0.9999939866957185;0.9999999999999999;0.9999325021610221;1.0002248367816762;1.0002291543177149;0.9999908008521791;0.9999967229684963;0.9999949082680537;1.0000471590101665;0.9999933208729145;1.0;0.9999729120091437;0.9999988088523925;1.0;0.9999503820066432;0.9999186549972586;1.0;0.9999916544037751;1.0;0.999998978220887;0.9999916546784264;0.999990341179425;1.0001901189005415;1.024999976158142;
2016-08-09 04:00:00;1.0;0.9999963986974636;0.9999915068151323;0.9999993375498452;1.0;1.0;1.0002276941139938;0.9999639997298182;1.0;1.0;0.9999928684258174;1.0001881849162246;1.000196163490593;0.999981202851703;0.9999479585858989;0.9999490048331133;0.9999497293718769;0.9999993612595393;0.9999993555107872;0.9999937628671687;0.9999949631447768;1.0;0.9999494941000953;1.0002251988130388;1.0002289873043906;0.9999925271038801;0.9999972899486312;0.9999960981243151;1.0000463471284633;0.999993183106492;0.9999999999999999;0.9999729033266739;0.9999990401162622;1.0;0.9999509224025864;0.999918650540376;1.0;0.9999904792909121;0.9999999999999999;0.9999991768155457;0.999993105985268;0.9999915184928818;1.0001923074060675;1.024999976158142;
2016-08-09 04:15:00;0.9999999999999999;0.9999959646737002;0.9999922196653027;0.9999992684144523;1.0;1.0;1.0002282300575904;0.9999643971746774;0.9999999999999999;1.0;0.9999932779254723;1.000189574081825;1.0001977333083247;0.9999813174537118;0.9999477468020442;0.9999489170756857;0.9999496916322939;0.9999995941726016;0.9999995901112104;0.9999945092456806;0.9999960573603507;1.0;0.9999494595410062;1.0002257665010015;1.0002294773006783;0.9999935335442915;0.9999976635824918;0.9999961226667694;1.0000460987606292;0.9999913982460531;1.0;0.9999732677213617;0.99999892515704;0.9999999999999999;0.9999484926075911;0.9999198049282612;1.0;0.9999916544037751;1.0;0.9999990784158381;0.9999943482809235;0.9999924418748811;1.0001937659479323;1.024999976158142;
2016-08-09 04:30:00;1.0;0.9999965433854632;0.9999918753868685;0.9999992072387082;1.0;0.9999999999999999;1.000227087743702;0.9999628532872905;1.0;1.0;0.9999930690700688;1.000189797992326;1.0001981489715586;0.999980656212317;0.9999464891302111;0.9999474940298594;0.9999482720606623;0.9999998378221838;0.9999998346339729;0.9999944888259462;0.9999969910772245;1.0;0.9999480561388003;1.0002246959432648;1.0002282687505244;0.9999941037007652;0.9999978754807102;0.9999959856099845;1.000046037067058;0.9999914972954799;1.0;0.9999728969428696;0.9999990784912439;1.0;0.9999486429463073;0.9999186477949589;0.9999999999999999;0.9999912732606052;1.0;0.9999992096639991;0.9999952893516959;0.9999919378891604;1.0001941344431082;1.024999976158142;
2016-08-09 04:45:00;1.0;0.9999952430085576;0.9999895137782802;0.9999988409178531;0.9999999999999999;1.0;1.0002266293416564;0.9999486343764359;1.0;1.0;0.9999906557129324;1.0001875643472076;1.0001958164905003;0.999973253607581;0.9999245745812172;0.9999259580436999;0.9999270924831128;0.9999996662042333;0.9999996599734124;0.999992701145425;0.9999954065667704;1.0;0.9999267708306764;1.0002239098389971;1.0002280647529984;0.9999915676586688;0.999997007280724;0.9999944479211005;1.0000528018647359;1.0000023615820492;0.9999999999999999;0.9999734337142884;0.9999987322270532;1.0;0.9999591960688861;0.999920199837983;1.0;0.9999912732606052;1.0;0.9999989126333971;0.9999930445664914;0.9999898257515705;1.000191756204892;1.024999976158142;
2016-08-09 05:00:00;1.0;0.9999931472733703;0.9999910033201197;0.9999993068172764;1.0;1.0;1.0002287390075373;0.9999615393388674;1.0;1.0;0.9999924894569825;1.000184946004162;1.0001936002044225;0.9999793160241526;0.9999426138748783;0.9999446049871922;0.9999454826282557;0.9999993628516508;0.9999993568284952;0.9999937335528131;0.9999949249200498;1.0;0.999945207218213;1.0002259826766;1.0002301437803516;0.9999924367357118;0.999997185290756;0.999995706568704;1.000050809739762;1.0000016164872503;1.0;0.9999692899449377;0.9999981748086659;1.0;0.9999599456070928;0.9999077813357172;1.0;0.999992448376171;0.9999999999999999;0.9999984347027197;0.999993040810159;0.9999915230368246;1.00018921306292;1.024999976158142;
2016-08-09 05:15:00;1.0;0.9999967609679059;0.9999933755530993;0.9999994466971996;1.0;1.0;1.000229004679969;0.9999711213003037;1.0;1.0;0.9999943823574897;1.0001909067788644;1.0001989676005265;0.9999848501987483;0.999957876602279;0.9999588210848065;0.9999594274257008;0.9999995543502509;0.9999995509513769;0.9999952235968428;0.9999962740287727;1.0;0.9999592367654022;1.0002266700654172;1.0002301666245035;0.9999942970442093;0.9999979294652872;0.9999968562318798;1.0000511687698252;1.000000272082953;1.0;0.9999670164276534;0.9999991357014619;1.0;0.9999577272088994;0.9999009859219742;1.0;0.9999916544037751;1.0;0.9999992584730276;0.9999948281408396;0.9999934860924471;1.0001950986505572;1.024999976158142;
2016-08-09 05:30:00;1.0;0.9999966162804179;0.9999922650578331;0.9999991810117019;1.0;1.0;1.000229054221237;0.9999624406335582;1.0;1.0;0.9999930313052853;1.0001179266368816;1.0001437566163656;0.9999804617812736;0.9999444139374508;0.9999453997531652;0.9999462271056055;0.9999994838825328;0.9999994790166534;0.9999943054261425;0.9999954518046859;1.0;0.9999459734019073;1.000222833960207;1.000231852113044;0.9999928601181027;0.9999974718891829;0.9999959448123763;1.0000465519148405;0.9999978281782543;1.0;0.999969803057756;0.9999990973642495;1.0;0.9999580420574736;0.999909439911351;1.0;0.999990479290912;1.0;0.9999992256578684;0.9999936133506836;0.9999925086516034;1.0001318465162272;1.024999976158142;
2016-08-09 05:45:00;1.0;0.9999988567181795;0.9999942268165707;0.9999994621064531;1.0;1.0;1.000232000947909;0.9999739701148238;1.0;0.9999999999999999;0.9999949922326388;1.0000193787741667;1.0000707792455557;0.9999866996755131;0.9999628477677489;0.9999631846177689;0.999963687327358;0.9999996447314057;0.999999641783662;0.9999956904750847;0.9999967933053796;1.0;0.9999635302481372;1.0002207966059995;1.0002366969084115;0.9999949029089691;0.9999982010609384;0.9999972400834586;1.0000391534942024;0.9999910677923932;1.0;0.9999695532975007;0.9999996931021374;1.0;0.99995468445932;0.9999089987505204;1.0;0.999992448376171;0.9999999999999999;0.9999997363880723;0.999995470227474;0.9999940832669725;1.000047466816714;1.024999976158142;
2016-08-09 06:00:00;1.0;0.9999960375704079;0.9999916378097514;0.9999989736630541;1.0;0.9999999999999999;1.0002332658246946;0.9999566215142811;1.0;1.0;0.9999922955315521;1.0000298761735313;1.000078749780045;0.99997742569958;0.9999355414907845;0.9999366926683185;0.9999376862979527;0.9999997167630139;0.9999997128589126;0.9999941284405818;0.9999961472923723;0.9999999999999999;0.9999374052084126;1.000222247019574;1.0002379874023077;0.9999929464457119;0.9999975239010557;0.9999953150703123;1.0000425289394153;0.9999938482561317;1.0;0.9999679673044288;0.9999989440559147;0.9999999999999999;0.9999560331300669;0.9999042325693402;1.0;0.9999900664615023;1.0;0.9999990944324608;0.9999941740387716;0.9999920289540593;1.0000563849347912;1.024999976158142;
2016-08-09 06:15:00;1.0;0.9999937971444948;0.9999915549724306;0.9999993612637645;1.0;1.0;1.0002351229928745;0.9999646885087781;1.0;1.0;0.9999931063338003;0.9999333760714447;1.0000060374166067;0.999981029306031;0.9999480913190649;0.9999498914851724;0.999950676241115;0.9999996140815751;0.9999996092153485;0.9999943525488649;0.9999961938895305;1.0;0.9999504428642891;1.0002192706247055;1.0002417131158958;0.9999937185230109;0.99999763745724;0.9999960623729862;1.000039892640677;0.9999934483125137;1.0;0.9999696149029191;0.9999983482898069;1.0;0.9999580420574735;0.999909405963214;1.0;0.999990860432545;1.0;0.9999985836772175;0.9999945276152256;0.9999919312859473;0.999972766007682;1.024999976158142;
2016-08-09 06:30:00;1.0;0.9999875828367069;0.9999891693864585;0.9999995838271456;1.0;1.0;1.000242633885339;0.999962764945783;1.0;1.0;0.9999920138461768;0.9999200255233441;0.9999965836136044;0.9999788185907306;0.9999443508815489;0.9999479548482876;0.9999488340653605;0.9999993306141587;0.9999993211353967;0.9999931669706666;0.9999949288478641;1.0;0.9999485559805992;1.0002257565013049;1.0002496425497376;0.9999926514347246;0.9999970157665776;0.9999956013244212;1.000031868361301;0.9999897815040713;0.9999999999999999;0.9999739308472415;0.9999966948674566;1.0;0.9999600207792557;0.9999228095431499;0.9999999999999999;0.9999912732606052;0.9999999999999999;0.9999971658436908;0.9999931313011067;0.9999900406956694;0.9999611202135171;1.024999976158142;
2016-08-09 06:45:00;1.0;0.9999927852617397;0.9999899636368825;0.9999991484133914;1.0;1.0;1.0002399782525877;0.9999557968727664;1.0;1.0;0.9999915218451052;0.9999835322989155;1.0000445567055312;0.999976361436469;0.9999342856913588;0.9999363784849681;0.9999373858991145;0.9999994333237986;0.9999994259637743;0.9999930991591296;0.9999948764521003;1.0;0.999937081313393;1.0002262875860501;1.0002457902161286;0.9999918636554366;0.9999969918569854;0.9999950925256421;1.0000138618513406;0.9999617113723187;1.0;0.9999746782676104;0.9999980793288332;1.0;0.9999324532162362;0.9999247804277919;1.0;0.9999845090018255;1.0;0.9999983531360622;0.9999927668653368;0.9999905117037271;1.000016475079398;1.024999976158142;
2016-08-09 07:00:00;1.0;0.9999965433854632;0.9999925052005714;0.9999993520580049;1.0;1.0;1.0002456921822491;0.9999667656465275;1.0;0.9999999999999999;0.9999935541966776;0.9999495316945651;1.000020785571171;0.9999826207498858;0.9999513593658382;0.9999523642703809;0.9999530639598784;0.9999994333237987;0.9999994286881252;0.9999944896238975;0.9999954724557706;1.0;0.9999528402732983;1.000230117446796;1.0002522117504822;0.9999932382784575;0.9999975625534208;0.999996392990589;0.9999542294144285;0.9999270389496849;1.0;0.9999675163031362;0.9999990784762894;1.0;0.9999318235565375;0.9999034079204452;0.9999999999999999;0.999982921080528;1.0;0.9999992096508626;0.9999937854213937;0.9999926328733341;0.999988340224426;1.024999976158142;
2016-08-09 07:15:00;1.0;0.9999805022713046;0.9999839034041937;0.9999992622833844;1.0;1.0;1.0002700719966189;0.999941332358209;0.9999999999999999;0.9999999999999999;0.9999877362284553;0.9999434359422774;1.0000191301931811;0.999966633217545;0.9999105159104543;0.9999161780602653;0.9999176379487281;0.9999988189820944;0.9999987989904873;0.9999896594258406;0.9999914996146729;1.0;0.9999171713384509;1.0002526886651033;1.0002774679005084;0.9999881026709738;0.9999952462233874;0.9999930673592116;0.9998633717141905;0.999872379024002;1.0;0.99995428785232;0.9999948101068364;1.0;0.9999297701127399;0.999864528859009;1.0;0.9999160074008219;1.0;0.9999955493519547;0.999988664210996;0.9999855592526505;0.9999835656696308;1.024999976158142;
2016-08-09 07:30:00;1.0;0.9999500843685452;0.9999698908189545;0.9999992309729182;1.0;0.9999999999999999;1.0002766711524764;0.9999044134246462;1.0;1.0;0.9999792046748884;0.9999190976603;0.9999990541955918;0.9999419854775717;0.9998515145645267;0.9998660134829012;0.9998686802522063;0.9999989109224979;0.9999988460900716;0.9999835278092178;0.9999901263971903;1.0;0.999867902806724;1.000257474018797;1.0002847784453062;0.9999843927327646;0.9999929500763689;0.9999879270122932;0.9998394659028939;0.9998541594825491;1.0;0.9999659434425637;0.9999867138694738;1.0;0.9999217953167837;0.9998992617542982;1.0;0.9999135941355879;1.0;0.9999886059698253;0.9999860927582633;0.9999743590542577;0.9999594526984139;1.024999976158142;
2016-08-09 07:45:00;1.0;0.9999513871137946;0.999968618279925;0.9999985558749191;1.0;1.0;1.0002845041979402;0.9998873401897782;1.0;1.0;0.999977096544116;0.9998490407959928;0.999949077728117;0.9999336639283442;0.9998257626157404;0.9998398923783655;0.9998429999557013;0.9999993644154437;0.9999992957646247;0.9999827925818101;0.9999910945731049;1.0;0.9998421384171908;1.0002610239560386;1.0002943918256042;0.9999836598229386;0.999992861607294;0.9999861974643451;0.9998375621596046;0.9998546590888351;1.0;0.9999603541601779;0.9999870582883683;0.9999999999999999;0.9999259609487007;0.9998832597364644;1.0;0.999867806710467;1.0;0.9999889004718651;0.9999865188898986;0.9999732427358204;0.9999004885502498;1.024999976158142;
2016-08-09 08:00:00;1.0;0.9999844058121652;0.9999840299934231;0.9999987208313541;1.0;1.0;1.0002789687587008;0.9999316790092866;1.0;1.0;0.9999870149645397;0.9999521979567632;1.0000298721452812;0.9999625619173593;0.9998976480905106;0.9999021842152841;0.9999038429716893;0.9999996355588405;0.999999618943987;0.9999900787339975;0.9999944288162654;0.9999999999999999;0.999903381330124;1.0002614121279048;1.0002863882634114;0.9999895188841122;0.9999959505387688;0.9999922232895678;0.9998326324824821;0.9998562590733077;1.0;0.9999497065229117;0.9999958470474505;1.0;0.99993354580226;0.99985152330312;1.0;0.9998154033394842;1.0;0.9999964378995029;0.9999914586858504;0.9999853951883434;0.9999936815846241;1.024999976158142;
2016-08-09 08:15:00;0.9999999999999999;0.9999897511832285;0.99998598247612;0.9999981870123372;1.0;1.0;1.0002887377112317;0.9999249116665868;0.9999999999999999;1.0;0.9999870516405303;0.9998544440265452;0.9999594950745453;0.9999602408457767;0.9998864468084107;0.9998894239701158;0.9998912814044085;0.9999998378221838;0.9999998296865105;0.999990822619136;0.9999949157355305;1.0;0.9998907817116516;1.0002654622567986;1.0002985342114297;0.99998931189673;0.999996185799495;0.9999917464578969;0.99982336379647;0.9998458068195561;1.0;0.9999225806725482;0.999997271171281;1.0;0.9999298285266585;0.9997715846183904;1.0;0.999827664710401;1.0;0.9999976597811898;0.9999917405263651;0.9999872788446983;0.9999113030659671;1.024999976158142;
2016-08-09 08:30:00;0.9999999999999999;0.9999789091837935;0.9999778353170797;0.9999974764259304;1.0;1.0;1.0003032034419428;0.9998884944724781;0.9999999999999999;1.0;0.9999802984239462;0.9998467482740231;0.9999555669357817;0.9999397872863535;0.9998298509036047;0.9998359608018994;0.9998388132005666;0.9999996662042336;0.9999996419983785;0.9999860159530912;0.9999921371015785;1.0;0.9998380399046011;1.0002782948127387;1.0003138584791647;0.9999840270055251;0.9999940986386546;0.999987493091692;0.9997913177734482;0.9997936866640363;1.0;0.9999197654455821;0.9999943899113026;1.0;0.9998803805104377;0.9997637432285941;1.0;0.9998539286613597;1.0;0.9999951903214239;0.9999874571279296;0.9999803755991485;0.9999049238201998;1.024999976158142;
2016-08-09 08:45:00;1.0;0.9999372949834241;0.9999652246979829;0.9999993986823156;1.0;1.0;1.0003161028567729;0.9998961089840945;1.0;1.0;0.9999768591979913;0.9998610163494485;0.9999637676243451;0.9999352495157843;0.9998374119665611;0.9998556195861594;0.9998586369654395;0.9999990487345624;0.9999989590897832;0.999981944343041;0.9999904272001218;1.0;0.999857777007913;1.0002919460032569;1.000326127920123;0.9999842022474816;0.9999924429942081;0.9999865149369168;0.9997212314346781;0.9997259904271115;1.0;0.9999370039795937;0.9999833110782104;1.0;0.9998368459569223;0.9998148159681189;1.0;0.9998736766401681;1.0;0.9999856883273849;0.9999862380504773;0.9999708647916163;0.999912977728977;1.024999976158142;
2016-08-09 09:00:00;1.0;0.9999708243684167;0.9999754810097695;0.9999988007493137;1.0;1.0;1.000307613436871;0.9999089706175626;1.0;0.9999999999999999;0.9999810907711136;0.9998101263765339;0.9999252527110047;0.9999484199708302;0.9998608325760234;0.9998693228224552;0.9998715924197261;0.9999980987998361;0.9999980452834054;0.9999840311899567;0.9999864847768514;1.0;0.9998708624539336;1.0002810880571817;1.0003189355298594;0.9999812462201229;0.999992579194915;0.9999892692498759;0.9997563089661489;0.9997677967879466;1.0;0.9999293881028775;0.9999922297211182;1.0;0.9998706375380613;0.999792309872884;1.0;0.9998727004426388;1.0;0.9999933348748312;0.9999820413608181;0.9999780278892134;0.9998711902779093;1.024999976158142;
2016-08-09 09:15:00;1.0;0.9999364317645167;0.9999624013459381;0.9999987835680664;0.9999999999999999;1.0;1.0003137000241655;0.9998771512751964;0.9999999999999999;1.0;0.9999740931428811;0.9997333797111954;0.9998680588658055;0.9999255401576361;0.9998100891796403;0.9998285639168382;0.999832037509098;0.9999997351125391;0.9999996345979117;0.9999807066129405;0.9999922731861293;1.0;0.9998311057341608;1.0002828918273834;1.0003263907016422;0.9999839893406334;0.9999924277978453;0.9999844928988574;0.9997568856852319;0.9997724830584308;0.9999999999999999;0.9999351881442013;0.9999830771315547;1.0;0.9998768586584552;0.999809720137346;1.0;0.9998884453216326;1.0;0.9999854861831192;0.9999875417212288;0.9999681764243477;0.9998027746680772;1.024999976158142;
2016-08-09 09:30:00;1.0;0.9999349126284641;0.9999612989011116;0.9999985545924228;1.0;1.0;1.0003302275017705;0.9998689199515429;1.0;1.0;0.999972843757763;0.9997534746970048;0.9998869733802389;0.9999211098084535;0.999796684854228;0.9998155917135855;0.9998193133135374;0.9999996845537502;0.999999586645327;0.9999799676483394;0.9999916258312099;1.0;0.9998183127942951;1.0002994545795167;1.000342969150348;0.9999828182006203;0.9999920208898655;0.9999835754073169;0.9997247462410849;0.9997180449545758;1.0;0.9999150234777898;0.9999826750942207;1.0;0.99982715101233;0.9997509480228863;1.0;0.999853294725424;0.9999999999999999;0.9999851422016096;0.9999865687241547;0.9999673979824887;0.9998221194045057;1.024999976158142;
2016-08-09 09:45:00;1.0;0.999963088557366;0.9999734757652646;0.9999990065674441;1.0;1.0;1.0003225297774592;0.9999109272490331;1.0;1.0;0.9999812443045509;0.9998870199710257;0.9999889006707655;0.9999478696970008;0.9998661046805597;0.9998768212789143;0.9998790940537747;0.9999995758274736;0.9999995305445216;0.9999853000697324;0.9999931416585256;1.0;0.999878466801915;1.0002994147913935;1.0003321210594933;0.9999869814379105;0.9999942621246984;0.999989157347422;0.999702271337188;0.9996844466720021;1.0;0.9999254463713758;0.9999901763642626;0.9999999999999999;0.9997946963703493;0.9997818799085866;1.0;0.9997944543352046;1.0;0.9999915758227007;0.999989437609748;0.9999763798163186;0.9999402932404582;1.024999976158142;
2016-08-09 10:00:00;1.0;0.9999782619156592;0.9999836373099572;0.9999993400371422;1.0;1.0;1.0003153699603233;0.9999439403385665;1.0;1.0;0.9999882632552454;0.9997762911608942;0.999905597669438;0.9999674953225028;0.99991592394296;0.9999222350765125;0.9999236423935098;0.9999996554678255;0.9999996369421086;0.9999907244669153;0.9999953332220409;1.0;0.9999232482498188;1.0002872797667852;1.0003268627725956;0.9999914827005159;0.9999963228831382;0.9999932457593703;0.9997027345788694;0.9996955102586077;1.0;0.9999295781261045;0.9999942143904822;1.0;0.9998119653450117;0.9997949267124067;1.0;0.9997844217101552;1.0;0.9999950386400115;0.999992953448142;0.999985323605456;0.9998456465448644;1.024999976158142;
2016-08-09 10:15:00;1.0;0.9999520321720143;0.9999690727431063;0.9999989693117267;1.0;1.0;1.0003250929630536;0.9998982398147178;1.0;1.0;0.9999784435508555;0.9997775205632685;0.9999055577466849;0.9999392849812283;0.9998446293246805;0.999858548821363;0.9998612882344572;0.9999995129640783;0.9999994520495955;0.9999833953930646;0.9999923165978848;0.9999999999999999;0.9998605338984482;1.0002961463778797;1.0003370437586843;0.9999854927860883;0.999993405011704;0.9999873673795231;0.9997024937925449;0.9996914382740606;1.0;0.9999266278136336;0.9999872357370748;1.0;0.999805881380675;0.9997858125518788;0.9999999999999999;0.9998324463208053;0.9999999999999999;0.9999890547376461;0.9999881974338702;0.9999731691592085;0.999844363377323;1.024999976158142;
2016-08-09 10:30:00;1.0;0.9999486320530729;0.9999664973932179;0.9999989914049991;1.0;1.0;1.000333803075813;0.9998897752858156;0.9999999999999999;1.0;0.999976212155107;0.9997403901443372;0.9998770129296003;0.9999343640757836;0.9998296554043056;0.9998445445382294;0.9998475111747172;0.9999983193836314;0.9999982503432527;0.9999806451768409;0.9999866581958518;1.0;0.9998466134271156;1.000302348808735;1.0003470081448531;0.999980218548466;0.9999914529032157;0.999986343589642;0.999682779205003;0.999664915756983;0.9999999999999999;0.9999200372287889;0.9999863349893349;1.0;0.9997857795762471;0.9997671850196624;1.0;0.9998338125401294;0.9999999999999999;0.9999882838614523;0.999981745454406;0.9999710183206054;0.9998117065504103;1.024999976158142;
2016-08-09 10:45:00;1.0;0.999955503152393;0.9999665838960343;0.9999989865135661;1.0;0.9999999999999999;1.0003246967373516;0.9998884348509113;1.0;1.0;0.99997547375638;0.9997982060461065;0.9999166236514776;0.9999350409489743;0.9998283446274797;0.9998412685524969;0.9998440921514591;0.9999970094959817;0.9999969253979233;0.9999784940665248;0.9999806341843771;1.0;0.9998431401787974;1.0002965395590668;1.0003368589197343;0.9999748959396153;0.9999897906911586;0.9999864769049682;0.9997044590961771;0.9996859228049536;1.0;0.9999294459893403;0.99998815553394;1.0;0.9997946856317513;0.9997937898009538;1.0;0.999854497869111;0.9999999999999999;0.9999898423688893;0.9999750007314528;0.9999703037371694;0.9998600148128406;1.024999976158142;
2016-08-09 11:00:00;1.0;0.9999571662126301;0.9999567154826792;0.9999985381721141;1.0;1.0;1.0003372505243746;0.9998494739140108;1.0;1.0;0.9999662520242454;0.9997730081199319;0.9998938102933849;0.9999157767525121;0.999769960210218;0.9997824064337815;0.9997858424184218;0.999993370633499;0.9999932064036984;0.9999673776072383;0.999962050500612;1.0;0.9997844743757469;1.0003064682805292;1.0003513408739144;0.999955814677152;0.9999831580074245;0.9999824364682242;0.9996965137993815;0.9996810236678076;1.0;0.9999280944150244;0.9999885945047357;1.0;0.9997956298916715;0.9997903167637164;1.0;0.9998521166118634;1.0;0.9999902182370051;0.9999530837402442;0.9999598642059948;0.9998362376298159;1.024999976158142;
2016-08-09 11:15:00;1.0;0.9999643184980964;0.9999556844352648;0.9999980927079472;0.9999999999999999;1.0;1.0003350986945378;0.999836182688172;1.0;1.0;0.9999639341032948;0.9996919381931019;0.9998309049098023;0.9999105351414105;0.9997506009710866;0.9997609666512678;0.9997645678673572;0.9999923305648835;0.9999921630927242;0.9999645800702406;0.9999564951682461;1.0;0.9997630834869595;1.0002999591973525;1.0003512638198238;0.999949824125812;0.9999813528935025;0.9999813476415211;0.9996948045280597;0.9996920022966963;0.9999999999999999;0.9999380041586783;0.9999904989740207;0.9999999999999999;0.9998138708434292;0.9998203693933514;1.0;0.9998416474420502;1.0;0.9999918517501246;0.9999464207460305;0.9999581699562082;0.9997656191733584;1.024999976158142;
2016-08-09 11:30:00;1.0;0.9999510961552485;0.9999634444937858;0.9999987406431707;1.0;1.0;1.000341357335984;0.999875525226666;1.0;1.0;0.9999730257173737;0.9997788290014772;0.9999056726773582;0.999927663787755;0.9998085400936024;0.9998227457745581;0.9998259224712774;0.9999970660705624;0.9999969550966271;0.9999768121447686;0.9999801436961724;1.0;0.9998248816402501;1.0003112009808832;1.0003543652369924;0.9999734026787417;0.9999891650480665;0.9999849300050616;0.999637975244685;0.999621721840381;1.0;0.9999291305675443;0.9999869817359301;0.9999999999999999;0.999758701365446;0.9997942012441099;1.0;0.9998501480770937;1.0;0.9999888355547903;0.999974009777452;0.9999676204787812;0.9998449492772518;1.024999976158142;
2016-08-09 11:45:00;1.0;0.9999432218653105;0.9999585946482876;0.9999983877065132;1.0;1.0;1.0003492321579883;0.9998561456921007;1.0;1.0;0.9999694647543027;0.9997901193967289;0.9999158945712189;0.9999163481559838;0.999778994487282;0.9997954899638485;0.9997992185853127;0.9999974462015511;0.9999973218695992;0.9999746819764096;0.999980732240702;1.0;0.9997980593084642;1.000319042952166;1.0003622546784525;0.9999723248030317;0.9999885862693996;0.9999825740874309;0.9996505963412624;0.9996440101468294;1.0;0.9999179616684063;0.9999848852704036;1.0;0.999784133225591;0.999761605246901;1.0;0.9998314979361675;1.0;0.9999870373828919;0.9999740113379457;0.9999635591252853;0.9998551071511104;1.024999976158142;
2016-08-09 12:00:00;0.9999999999999999;0.9999630173725397;0.99996777463916;0.9999986458865189;1.0;1.0;1.0003450911500618;0.9998837989056746;1.0;0.9999999999999999;0.9999751486163148;0.9997688471797708;0.9998995562078603;0.9999342175812633;0.9998219893324212;0.9998327310412399;0.9998355652007332;0.9999966141721809;0.9999965317744309;0.9999779248287496;0.9999784970848513;0.9999999999999999;0.9998345827396439;1.0003142105594829;1.0003585106279937;0.9999725287594812;0.9999892609353673;0.9999863071568883;0.9996573704815251;0.9996446373294318;1.0;0.9999206483256923;0.9999901552714745;1.0;0.9997807182312919;0.9997705754841483;1.0;0.9997834770944368;1.0;0.9999915572728776;0.9999724082182422;0.9999708735660657;0.9998379130072026;1.024999976158142;
2016-08-09 12:15:00;0.9999999999999999;0.9999007225954282;0.9999322837014871;0.999997961519842;1.0;1.0;1.0003560470090367;0.9997764699454144;0.9999999999999999;1.0;0.9999511099564505;0.9997455101845424;0.9998744912813177;0.9998678258408531;0.9996536069516916;0.9996823656354644;0.9996882804840878;0.999995115651708;0.9999948341019819;0.9999585827603696;0.9999661655888353;1.0;0.9996863831181811;1.0003223912877985;1.0003710441291032;0.9999540469629421;0.9999808356406564;0.9999724173784509;0.999670080940988;0.9996429961864415;1.0;0.9999334206340408;0.9999735897134738;1.0;0.9997630773480086;0.9998073213962378;1.0;0.9998553143062447;1.0;0.9999773573098516;0.9999554525296128;0.999941002422415;0.9998093257020426;1.024999976158142;
2016-08-09 12:30:00;1.0;0.9999370039713573;0.9999463263652786;0.9999961742113371;1.0;1.0;1.0003514469541162;0.9997767840634486;1.0;1.0;0.9999565491104517;0.9997976084372492;0.9999204224617172;0.9998752400806064;0.9996571811386421;0.9996754616385859;0.9996812015835946;0.9999971181932461;0.9999969334365908;0.9999658424351529;0.9999746310571365;1.0;0.9996794905667754;1.0003202063963248;1.0003654806090179;0.9999603870849295;0.9999845934938737;0.9999740093669176;0.9996551703194628;0.9996214718156191;1.0;0.9999303981478459;0.9999832346765214;1.0;0.9997443421806538;0.9997986023891594;1.0;0.999858489036771;1.0;0.9999856235333007;0.9999644647776954;0.9999526527940775;0.9998605465969259;1.024999976158142;
2016-08-09 12:45:00;1.0;0.9999854879758197;0.9999645225741494;0.999995311038101;1.0;1.0;1.0003453911041285;0.9998056789683729;1.0;1.0;0.9999655181387461;0.9998552495724966;0.9999678531491347;0.9998994820896141;0.9997063902170749;0.99971060406421;0.9997151352861781;0.9999971074567047;0.9999970198095351;0.9999726711641395;0.9999756265366122;1.0;0.999713741278933;1.0003172771855717;1.0003583853521683;0.9999626354380499;0.9999871061810204;0.9999790946098404;0.9996601003713443;0.9996365357720629;1.0;0.9999260539178855;0.9999961362198929;0.9999999999999999;0.9997654311392661;0.9997867174621793;0.9999999999999999;0.9998375733760582;0.9999999999999999;0.9999966865266128;0.9999661471643966;0.9999665949138352;0.9999159519759655;1.024999976158142;
2016-08-09 13:00:00;0.9999999999999999;0.9999927861484851;0.9999655344619968;0.9999985009034748;1.0;1.0;1.0003526467553274;0.9998681583691833;1.0;1.0;0.9999697274451707;0.9998424482978019;0.9999483352599535;0.9999323065916486;0.9998027132579925;0.9998048090211188;0.9998071548901875;0.9999903982494265;0.9999902641153022;0.9999662042447532;0.9999494497048076;1.0;0.999805865052143;1.000324485547173;1.0003663316008082;0.9999460697156719;0.9999808366053617;0.9999858858491775;0.9996586341285997;0.9996247503135345;0.9999999999999999;0.9999328761097274;0.9999980756375713;1.0;0.9997503085474247;0.9998082511965425;0.9999999999999999;0.999841125978686;1.0;0.9999983495696871;0.9999395450383103;0.9999649048501387;0.9998999758563812;1.024999976158142;
2016-08-09 13:15:00;1.0;0.9999935812920326;0.9999653948525434;0.9999979873335951;0.9999999999999999;1.0;1.000350286793237;0.9998576604360726;1.0;1.0;0.9999688552650602;0.9997954746112075;0.9999137787387062;0.9999271965861296;0.9997868556477629;0.9997887224434534;0.9997913781309945;0.9999911383255281;0.9999910161059353;0.9999666726546548;0.9999520980831725;1.0;0.9997900587342649;1.000319661380126;1.0003649246461848;0.9999473482521742;0.9999814139215611;0.9999848319072487;0.9996092884492339;0.9995888912934889;0.9999999999999999;0.9999346909095058;0.9999982872617013;1.0;0.9997381975564189;0.9998130999805848;1.0;0.99984299768506;0.9999999999999999;0.9999985308904229;0.9999420735889384;0.9999649576173457;0.9998598616586934;1.024999976158142;
2016-08-09 13:30:00;1.0;0.9999863527933593;0.999967384157576;0.9999984327222458;1.0;0.9999999999999999;1.0003393716626516;0.9998736891053358;1.0;1.0;0.9999719577716889;0.9997869340045172;0.9999066067036738;0.9999338180163576;0.999810187843077;0.999814141031043;0.9998166032621196;0.9999925464267911;0.9999924526522741;0.9999705353457804;0.9999594389947587;1.0;0.9998154334217423;1.0003092395201167;1.0003534082742052;0.9999551018337207;0.999983849130074;0.9999862216118995;0.9996857189923407;0.9996663760836207;1.0;0.9999327313971598;0.9999963675295694;0.9999999999999999;0.9997875205823088;0.9998066778540048;1.0;0.9998279755895595;1.0;0.9999968857509842;0.9999508225827468;0.9999676901237295;0.999851572846359;1.024999976158142;
2016-08-09 13:45:00;1.0;0.9999933639693184;0.9999665554374818;0.9999984778343264;0.9999999999999999;0.9999999999999999;1.0003509486492164;0.9998699608607149;1.0;0.9999999999999999;0.99997034080943;0.9997774847874242;0.9998991744782055;0.9999333340011821;0.9998047654415511;0.9998066926150314;0.9998090313631933;0.9999904917566564;0.9999903723558744;0.9999669183193121;0.9999500087287225;1.0;0.9998077499511369;1.000319559679598;1.0003659146137411;0.9999467469504262;0.9999811131318987;0.9999861082285664;0.9996742578150429;0.9996430087498205;1.0;0.9999331380962475;0.9999982299155751;1.0;0.9997654588165761;0.9998095642771346;1.0;0.9998273552771036;0.9999999999999999;0.9999984819539548;0.9999402488132083;0.9999660077455255;0.9998437127946257;1.024999976158142;
2016-08-09 14:00:00;0.9999999999999999;0.9999914858218346;0.9999859158743545;0.9999991481823545;1.0;1.0;1.000332918567672;0.9999436326032971;0.9999999999999999;1.0;0.9999882520569129;0.9999524651472713;1.0000412473687599;0.9999699868606796;0.9999161515604028;0.9999186261314034;0.9999198130288401;0.9999980943186539;0.9999980771107174;0.999989006731826;0.9999882020059244;1.0;0.9999193673805888;1.000312715164706;1.0003416272300043;0.9999852309452618;0.9999945867286703;0.9999937655363966;0.9996443288665517;0.9996288868698419;1.0;0.9999196427485606;0.9999977322798485;1.0;0.9997669130440229;0.9997669280980478;1.0;0.9998622276245703;1.0;0.9999980551095732;0.9999849901884762;0.9999863421057783;1.0000005285287092;1.024999976158142;
2016-08-09 14:15:00;1.0;0.999985343291951;0.9999815096897526;0.999998981063679;1.0;0.9999999999999999;1.0003344289099365;0.9999290419512518;1.0;1.0;0.999985191139661;1.0000188185885608;1.0000909737590404;0.999961428038414;0.9998944689969114;0.9998987249806208;0.9999002807162661;0.9999981218409499;0.9999980952046774;0.9999866808975081;0.9999875049810987;0.9999999999999999;0.9998997400338754;1.0003173986041072;1.0003418979854215;0.9999834362697835;0.9999937574366303;0.9999919838095965;0.9996646977603273;0.9996515318240423;1.0;0.999928679145639;0.9999960982128732;1.0;0.9997826958837054;0.999794068872805;1.0;0.9997766910440586;1.0;0.9999966540018936;0.999983719597144;0.999982394528863;1.00005734453269;1.024999976158142;
2016-08-09 14:30:00;1.0;0.9999879473823106;0.9999862055975444;0.9999994266586171;1.0;0.9999999999999999;1.0003276513641421;0.9999512935703795;1.0;0.9999999999999999;0.9999894487621137;1.0000380285963584;1.0001052393623375;0.9999731182672665;0.9999280925314868;0.9999316045049471;0.9999326555405941;0.9999986840590513;0.9999986657996274;0.9999903679658279;0.9999913197750422;1.0;0.9999322869554887;1.0003122888169733;1.0003342269497677;0.9999885493204984;0.9999955773527073;0.9999944139869;0.9996267772617073;0.9996227027907747;1.0;0.9999350377908689;0.999996788249613;1.0;0.9997691161743617;0.999811818302995;1.0;0.9997956798931956;1.0;0.9999972446537646;0.999988711071574;0.9999868430620312;1.0000740226208735;1.024999976158142;
2016-08-09 14:45:00;1.0;0.9999879456788773;0.9999868050481657;0.9999995115216079;1.0;1.0;1.0003292729872597;0.9999542815210963;0.9999999999999999;1.0;0.9999899349551631;1.0000659863088586;1.0001264745881122;0.9999746233463455;0.9999320214139159;0.9999355268964694;0.9999365223110691;0.9999985491397312;0.9999985307902176;0.9999906395431443;0.9999909367214673;1.0;0.9999361588888899;1.00031528449824;1.0003353062568652;0.9999885271218775;0.9999955640936559;0.9999947264498136;0.9996147127107367;0.999627719918685;1.0;0.9999337414132331;0.999996789500441;1.0;0.9997874454211949;0.9998079072089607;1.0;0.9997742330339439;1.0;0.9999972463624202;0.9999884105780595;0.9999874895748605;1.0000982978208135;1.024999976158142;
2016-08-09 15:00:00;1.0;0.9999884508644041;0.9999843911413132;0.9999992011408418;1.0;1.0;1.0003113689518142;0.9999414863580061;1.0;0.9999999999999999;0.9999876061959542;1.0000511497680664;1.0001105169557978;0.9999683003221693;0.9999136666297977;0.9999170224415743;0.9999182618843699;0.9999983515930271;0.9999983314881932;0.9999886374399789;0.9999892326436522;1.0;0.9999178204598399;1.0002973418248382;1.0003175331297225;0.9999859058449939;0.999994690869526;0.999993413492482;0.999687382812461;0.999676007930021;1.0;0.9999343779082649;0.9999969246555701;1.0;0.9997922870871961;0.999807685744261;1.0;0.999826893998988;1.0;0.9999973625300399;0.9999860432573655;0.999984948089171;1.0000828826464374;1.024999976158142;
2016-08-09 15:15:00;1.0;0.9999563694580352;0.9999717553124507;0.9999994496410854;1.0;1.0;1.0003253115728825;0.9999138719111513;1.0;1.0;0.9999806252198096;1.0000360728730924;1.0000992348418078;0.9999479983100504;0.9998677479392093;0.9998804178255142;0.9998827004657721;0.9999985232105817;0.9999984638077166;0.9999837905991448;0.9999888414460754;0.9999999999999999;0.9998819968239573;1.0003097217859431;1.0003320036670311;0.9999839317777158;0.9999929188900657;0.9999891780029183;0.9996904988829656;0.9996793963415148;1.0;0.9999344567328231;0.9999883874153176;0.9999999999999999;0.9997962147553275;0.999808678076502;1.0;0.9998621822517444;1.0;0.9999900414997717;0.9999849304021309;0.9999753307249726;1.0000676607151675;1.024999976158142;
2016-08-09 15:30:00;1.0;0.9999458918647297;0.9999650167867979;0.999999117136951;1.0;1.0;1.0003360363069935;0.9998892823004768;1.0;1.0;0.9999756802065168;1.0000274854180522;1.0000939439147705;0.9999335474148198;0.9998297039998817;0.9998454111331848;0.9998483749560301;0.999998422064969;0.9999983389780454;0.9999801194182404;0.9999870520853632;1.0;0.9998474851464408;1.0003191844450996;1.0003433327264664;0.9999804867550585;0.9999914166718165;0.9999861658141228;0.9995850496587888;0.9996067232814372;0.9999999999999999;0.9999267836718195;0.9999855999131111;1.0;0.9997789492530107;0.999785636045602;1.0;0.9998368091629422;1.0;0.999987651482716;0.9999821543989907;0.9999696003657007;1.0000601542742635;1.024999976158142;
2016-08-09 15:45:00;1.0;0.9999386672330379;0.9999624502383213;0.9999990977851617;1.0;1.0;1.0003237226654669;0.9998814170030192;1.0;1.0;0.9999739526659853;0.9999946048066239;1.0000648775289345;0.9999281456809159;0.9998155264739322;0.9998333328246988;0.9998366148271823;0.999998212221797;0.9999981148123368;0.9999788739010682;0.9999858057264069;1.0;0.9998356266596684;1.000305729272922;1.000331524932811;0.9999790091919398;0.9999906976493644;0.9999850372745177;0.9996713791381813;0.9996660092899565;1.0;0.9999311074008504;0.9999836765896263;0.9999999999999999;0.9997901309731839;0.9997973044500186;0.9999999999999999;0.9998775206931956;1.0;0.9999860019827641;0.9999806039838051;0.9999679107676189;1.0000288625984701;1.024999976158142;
2016-08-09 16:00:00;1.0;0.9999794160929845;0.9999840322284697;0.99999943627334;1.0;1.0;1.0003035125557338;0.9999448929702852;1.0;0.9999999999999999;0.9999881177875005;1.0000180722974752;1.000083186355131;0.9999682120709185;0.9999154831201774;0.9999214504370822;0.9999228343048036;0.9999986366280919;0.9999986188730017;0.9999897131656493;0.9999909457279561;1.0;0.9999223748948373;1.000288296475248;1.000310037265976;0.9999880104469501;0.9999951509234365;0.9999933965643258;0.9996569591357557;0.9996535299940416;1.0;0.9999424650281761;0.9999945236227975;1.0;0.9997822476773479;0.9998310626192192;1.0;0.999874825622155;1.0;0.999995304609093;0.9999882079631975;0.9999857562752344;1.0000523308932703;1.024999976158142;
2016-08-09 16:15:00;1.0;0.9999833196060445;0.9999828267890175;0.9999992530381546;1.0;1.0;1.000306684685928;0.9999380640389296;1.0;1.0;0.9999867127339094;1.0000433089370904;1.000102658275665;0.9999655565541555;0.999907022183952;0.9999118634975923;0.9999132725090734;0.9999982428670855;0.9999982191096956;0.9999880036461448;0.9999886544385717;1.0;0.9999127788833381;1.0002924718975574;1.000312933961383;0.9999852974780483;0.9999943191065784;0.9999928422422569;0.9996370192767672;0.9996385268001424;1.0;0.9999421985874014;0.9999955603498915;1.0;0.9997767431676815;0.9998302150290453;1.0;0.9998888834387746;1.0;0.9999961929704417;0.9999853568795559;0.9999839688320608;1.0000746772428666;1.024999976158142;
2016-08-09 16:30:00;1.0;0.999983680724765;0.9999823407317987;0.9999989834983146;0.9999999999999999;1.0;1.0003046039220211;0.9999303451082345;1.0;0.9999999999999999;0.9999856484896193;1.0000365731913388;1.0000966677613152;0.9999617529883518;0.9998942393029105;0.9998989756156637;0.9999006051336365;0.9999980345874185;0.9999980113643576;0.9999872773628273;0.9999873025836494;1.0;0.9999000389368662;1.0002899781907715;1.000311127019709;0.9999835538426397;0.9999937890953168;0.999992053686742;0.9996782188745676;0.9996628665902232;1.0;0.9999368492203838;0.9999956565040746;0.9999999999999999;0.9997780190592946;0.9998141562305259;1.0;0.9999105267304442;1.0;0.9999962754360896;0.9999836181092521;0.9999836803122099;1.0000683749689308;1.024999976158142;
2016-08-09 16:45:00;1.0;0.9999905482909224;0.9999851102090157;0.9999993030894925;1.0;1.0;1.0003006233160145;0.999944745458683;1.0;1.0;0.999987998121383;1.0000200091819431;1.0000837233037605;0.9999703520367609;0.9999183337725185;0.9999210884936269;0.999922211745493;0.9999978737390435;0.9999978543341348;0.9999883864968738;0.9999872759980278;1.0;0.999921767364204;1.0002855658596468;1.0003072785845277;0.9999845452101415;0.9999942703799212;0.9999938403361701;0.9997160670831777;0.9996989704845641;1.0;0.9999355658278191;0.9999974808045524;0.9999999999999999;0.9997998140455343;0.9998103027224657;1.0;0.9999443806183612;1.0;0.9999978387357195;0.9999840089750088;0.9999854554669864;1.000054267844092;1.024999976158142;
2016-08-09 17:00:00;1.0;0.9999898958685015;0.9999872434156558;0.9999995667436103;0.9999999999999999;1.0;1.0002967622464303;0.999956117926892;1.0;1.0;0.9999901221505834;1.0000766856933814;1.0001261109523665;0.9999759391675797;0.9999348952514546;0.9999378312119321;0.9999387391513421;0.9999982014810316;0.9999981851031048;0.9999903499506995;0.9999894627178227;1.0;0.9999383743509646;1.000284979278988;1.0003019723561626;0.999987422821171;0.9999952307508699;0.9999950010907372;0.9997004486096162;0.9996849951263966;1.0;0.9999443219112507;0.9999973092690159;1.0;0.9997905349256477;0.9998361366820732;1.0;0.9999644590287007;1.0;0.9999976923863513;0.9999868456934753;0.9999877008085759;1.0001030704820697;1.024999976158142;
2016-08-09 17:15:00;1.0;0.9999925694524525;0.999985715245667;0.9999993110822667;1.0;1.0;1.0003042954566352;0.9999450983026923;1.0;1.0;0.9999879645882205;1.0001890974299057;1.0002110162166256;0.9999709393373076;0.9999176888001771;0.9999198484756949;0.9999209511893824;0.9999971734716518;0.9999971523729096;0.9999877634727073;0.9999842303378568;0.9999999999999999;0.9999204631117738;1.0002976088938413;1.0003077412188393;0.9999820695334534;0.9999934834881681;0.9999939621645683;0.9996868047310964;0.9996567005859934;0.9999999999999999;0.9999393996652537;0.9999980205511897;1.0;0.9997605425776868;0.9998219620879951;1.0;0.9999666616021915;1.0;0.9999983023364855;0.9999806848939075;0.9999859926851581;1.000200593473796;1.024999976158142;
2016-08-09 17:30:00;1.0;0.9999947372361652;0.9999873723919737;0.9999989950322771;1.0;1.0;1.000302220323958;0.9999437472784933;1.0;1.0;0.999988730400731;1.000192991911487;1.0002152904537536;0.9999706971244721;0.9999157738629265;0.9999173035875486;0.9999184913711694;0.9999980238511423;0.9999980101128788;0.9999894879154161;0.9999878849758788;0.9999999999999999;0.9999180405496437;1.0002957885104429;1.0003054578575274;0.9999849554139912;0.9999946429910952;0.99999391520152;0.9997077978555229;0.99966912995495;1.0;0.9999409342412405;0.9999985976739275;1.0;0.9997613809834925;0.9998268253230794;1.0;0.9999678366633148;0.9999999999999999;0.9999987972980032;0.99998463725074;0.9999876746503689;1.0002048465404836;1.024999976158142;
2016-08-09 17:45:00;1.0;0.9999984235369169;0.9999904190039397;0.999999265958326;1.0;1.0;1.0003028919271497;0.9999580411579011;1.0;1.0;0.9999913929990611;1.0001899008270057;1.000214109293758;0.9999786108632545;0.9999382974254276;0.9999387615496188;0.9999395635890875;0.9999982934256977;0.9999982830456613;0.9999915665621049;0.9999898634814021;0.9999999999999999;0.9999392330757041;1.0002964830770085;1.000305998955605;0.9999877447325521;0.999995689997187;0.9999955589701068;0.9997227685749616;0.9996895689536283;1.0;0.9999453094345265;0.9999995773780536;1.0;0.9997802531230122;0.9998406790310809;1.0;0.9999708523155696;1.0;0.9999996370105084;0.999987282004021;0.9999902578059718;1.000203056672059;1.024999976158142;
2016-08-09 18:00:00;0.9999999999999999;0.9999908333331106;0.9999869621662415;0.9999994740753329;1.0;0.9999999999999999;1.0002987938039105;0.9999539397268764;1.0;1.0;0.999989838155139;1.0001791897123;1.0002043531885767;0.999975038748689;0.999932537329383;0.999935193147618;0.9999361194265335;0.9999983822427401;0.999998367421538;0.9999902458096563;0.9999900880772365;0.9999999999999999;0.9999357624785414;1.0002921173942452;1.0003019395741144;0.9999876784776687;0.9999953517919283;0.9999948148213649;0.9997290897683957;0.9996898110019028;1.0;0.9999438402509667;0.9999975607077214;0.9999999999999999;0.9997732220930355;0.9998351435639579;1.0;0.9999793644182156;0.9999999999999999;0.9999979087290234;0.9999874224936134;0.9999872534542186;1.0001923454164663;1.024999976158142;
2016-08-09 18:15:00;1.0;0.9999921354341528;0.9999880064913658;0.9999995905747006;1.0;1.0;1.000300042847665;0.9999588360132395;1.0;1.0;0.9999906611141287;1.000180799042695;1.000205746160831;0.9999777539050793;0.9999397474838053;0.9999420312324457;0.9999428291887461;0.9999982305666626;0.9999982150590562;0.9999906772039371;0.999989701409967;1.0;0.999942495341296;1.0002934403513344;1.000303163723592;0.999987777211054;0.9999954144145446;0.9999953779854782;0.9997598079560399;0.9997113261949814;1.0;0.9999487280535886;0.9999979056524544;1.0;0.9997798768835906;0.9998506947924293;1.0;0.999989685320429;0.9999999999999999;0.9999982039892208;0.9999871716035682;0.9999881753340965;1.0001939250610337;1.024999976158142;
2016-08-09 18:30:00;0.9999999999999999;0.9999943046818123;0.9999872789916865;0.9999991296890378;1.0;0.9999999999999999;1.000304135495014;0.9999469199786726;1.0;1.0;0.9999890598706295;1.0002047119855284;1.0002247649344875;0.9999721978981718;0.9999213439406258;0.9999230042746073;0.9999240893976191;0.9999981262933236;0.9999981068618099;0.9999896577533613;0.9999885176437527;1.0;0.9999236727466854;1.0002982904101843;1.000307083582334;0.9999857084875721;0.9999948490453714;0.9999942228983514;0.9997609974831803;0.9997037048133333;0.9999999999999999;0.9999543401198523;0.9999984812163076;1.0;0.9997678712473996;0.9998683470049566;1.0;0.9999916544037751;1.0;0.9999986969717936;0.9999854202637916;0.9999874692305014;1.0002153047911835;1.024999976158142;
2016-08-09 18:45:00;0.9999999999999999;0.9999917013741102;0.9999866830668938;0.9999993877686516;0.9999999999999999;1.0;1.000298957852697;0.999950568047996;1.0;0.9999999999999999;0.9999891971577421;1.000199112953544;1.0002186511580653;0.9999735162360075;0.999926709583348;0.9999291173378551;0.9999301192931328;0.9999979410791716;0.9999979245161283;0.9999894184744836;0.9999879381997162;1.0;0.9999297115203966;1.000293190696785;1.0003018534127328;0.9999856135085792;0.9999946819811714;0.9999944985257825;0.9997680391662227;0.9997202612783465;1.0;0.999949856950678;0.9999977906758891;1.0;0.9997860360291465;0.9998541269864967;0.9999999999999999;0.9999904792909121;1.0;0.9999981055737561;0.9999849484223087;0.9999869892369098;1.0002092451397346;1.024999976158142;
2016-08-09 19:00:00;1.0;0.9999854161818524;0.999983161050486;0.9999993554746732;1.0;1.0;1.0002979861437271;0.999940794097223;1.0;1.0;0.9999869658724438;1.0002022592141904;1.0002200099063783;0.9999673442269457;0.9999117452501686;0.9999159822264231;0.9999172599735882;0.9999979196064944;0.9999978954294183;0.9999876883195196;0.99998733921794;0.9999999999999999;0.9999167781925289;1.000292360520651;1.0003008364847956;0.9999843728197382;0.9999940312288016;0.9999932133135034;0.9997843624706834;0.9997325281400932;0.9999999999999999;0.9999590761725855;0.99999611707074;1.0;0.9997895878107844;0.9998817469058796;1.0;0.9999908604325449;1.0;0.9999966699838237;0.999983982120048;0.9999839787980398;1.0002109748506973;1.024999976158142;
2016-08-09 19:15:00;0.9999999999999999;0.9998888032433467;0.9999382844175728;0.9999993034910145;1.0;1.0;1.0003199872261783;0.999823866754116;1.0;0.9999999999999999;0.9999596209657057;1.000135391283237;1.000163892370429;0.9998892649601063;0.9997249658446894;0.999757190320956;0.9997622645942408;0.9999979442065412;0.9999977348786738;0.9999676145351649;0.9999817215304354;1.0;0.9997607864666614;1.000309083245944;1.000324945418463;0.999971499014394;0.9999863679076324;0.9999769054859419;0.9997786755575548;0.9997261544682083;1.0;0.9999563706115023;0.9999704184363782;1.0;0.9997832586036671;0.9998723980139514;0.9999999999999999;0.9999908604325449;1.0;0.9999746375991223;0.9999744158881895;0.9999479379800504;1.0001433120850516;1.024999976158142;
2016-08-09 19:30:00;1.0;0.9997918628705885;0.9998925517815087;0.9999990202276237;1.0;0.9999999999999999;1.0003446071878839;0.9997033654516289;1.0;1.0;0.9999314185687996;1.0000649696194712;1.0001057400662487;0.9998091770910454;0.9995323107041223;0.9995926754824257;0.9996016612648901;0.9999980115465769;0.9999973203432526;0.9999467200321173;0.9999756003634788;1.0;0.999599159557875;1.0003280418600466;1.0003518469700718;0.9999575417609888;0.9999784903605009;0.9999600153117347;0.9998270376638229;0.9997703047461236;1.0;0.999957615124095;0.9999446036980021;0.9999999999999999;0.9998067781738508;0.9998751547502989;1.0;0.9999916544037751;1.0;0.9999524998344778;0.9999640116637606;0.9999111668965169;1.0000728898635654;1.024999976158142;
2016-08-09 19:45:00;1.0;0.9999399019449703;0.9999620150181775;0.999998922055987;1.0;1.0;1.00030564975369;0.9998783981427949;1.0;1.0;0.999973706795792;1.0001787755661025;1.0002007987745158;0.9999268524115178;0.9998131565554942;0.9998306327051627;0.9998339366858281;0.9999989276800088;0.9999988196005563;0.9999792327443243;0.9999886705419415;1.0;0.9998329928970073;1.0002979837027006;1.000309198717398;0.9999809580077124;0.9999914224256129;0.9999847615209149;0.9998188701254901;0.9997425660671774;1.0;0.9999616139380941;0.9999839980106006;1.0;0.9997727540311581;0.9998881436755289;1.0;0.9999904792909119;1.0;0.9999862750714188;0.9999835700763866;0.9999671943129765;1.0001866698904514;1.024999976158142;
2016-08-09 20:00:00;1.0;0.9999289891472162;0.9999588875206484;0.9999992642395658;1.0;1.0;1.000306552328641;0.9998767190951188;1.0;1.0;0.9999724267760551;1.0001875592348621;1.0002057950263867;0.9999238286787159;0.9998081646228968;0.9998287958437689;0.9998322847874799;0.9999985952421201;0.9999984698217199;0.9999779963462658;0.9999872986590789;0.9999999999999999;0.9998312690674798;1.000299355132461;1.0003099016592585;0.9999799915662987;0.9999906926529735;0.999984124883085;0.9998775781402278;0.9997747648640313;1.0;0.9999617165253328;0.9999810967579486;0.9999999999999999;0.9997711523723399;0.9998889677628775;1.0;0.9999912732606053;1.0;0.9999837883161398;0.9999821355927071;0.9999651204708592;1.0001926242121357;1.024999976158142;
2016-08-09 20:15:00;1.0;0.9999352003027486;0.999959836731626;0.9999995345840045;1.0;1.0;1.0002983249884374;0.9998833546454821;1.0;1.0;0.99997285927959;1.0001755340347787;1.0001929261818931;0.9999284110198301;0.9998189771428657;0.999837795235277;0.999840947387395;0.9999972806335554;0.9999971537302452;0.9999765967716202;0.999981773433246;1.0;0.9998399280478585;1.0002909627103136;1.0003019567211782;0.9999758117326684;0.9999893547542072;0.9999850760227378;0.9998996386265552;0.9997936553300347;1.0;0.9999641661548754;0.9999827517903346;1.0;0.999779291969719;0.9998954649944791;1.0;0.9999920672329304;0.9999999999999999;0.9999852084576398;0.9999762373103742;0.9999652192522298;1.0001805699163406;1.024999976158142;
2016-08-09 20:30:00;1.0;0.9999670605474956;0.9999708583147048;0.9999992310122406;1.0;1.0;1.0002903422219225;0.999905005437224;1.0;1.0;0.9999784780663001;1.0001940041811717;1.0002074606113731;0.9999456907394296;0.9998563283696316;0.999865883624916;0.9998680851327927;0.9999967244616252;0.9999966578436555;0.9999799553386802;0.9999801319911052;0.9999999999999999;0.9998672767179169;1.0002843243455022;1.0002936306174273;0.9999755667084913;0.9999903189743341;0.999988696542489;0.999882972268217;0.9997802313557174;0.9999999999999999;0.9999661053386242;0.9999912345871512;0.9999999999999999;0.9997734281130539;0.9999014668697773;1.0;0.9999908604325451;1.0;0.9999924839985816;0.9999748984503118;0.9999731369541722;1.0001990959965708;1.024999976158142;
2016-08-09 20:45:00;0.9999999999999999;0.9999840395090565;0.9999696767230125;0.9999987555242302;1.0;1.0;1.0002935815193466;0.9998948293925104;1.0;1.0;0.9999766126665742;1.0002137442524737;1.0002250013308913;0.9999439794504673;0.9998505349817333;0.9998551563211499;0.9998570621950421;0.9999967045528;0.9999966379142735;0.99997730888728;0.9999788233909097;1.0;0.9998563301080978;1.000288269675765;1.000296703655479;0.9999726756058818;0.9999897734954831;0.9999883388705717;0.9999104963631186;0.9997895202591289;1.0;0.999968369728043;0.9999957537002689;1.0;0.9997647345704663;0.9999092831680426;1.0;0.9999916544037751;1.0;0.999996359717814;0.9999727149147859;0.9999693172452938;1.0002188093623485;1.024999976158142;
2016-08-09 21:00:00;1.0;0.9999902572497554;0.9999589855086624;0.999997716299618;0.9999999999999999;1.0;1.0003016576042414;0.9998512664133452;1.0;1.0;0.9999682499839914;1.0002364381055175;1.0002465980467037;0.9999233165079495;0.9997980653717161;0.999800895926819;0.9998032730675921;0.9999977050435188;0.9999975965376003;0.9999704149236399;0.9999799359325624;1.0;0.999802487235028;1.0002966969959803;1.0003046680644414;0.9999687687467157;0.999988534287979;0.999984019418996;0.9999130423671192;0.9998031398555284;1.0;0.9999686145469268;0.9999974040346868;1.0;0.9997835317476211;0.9999102247359273;1.0;0.9999920672329303;0.9999999999999999;0.9999977736248351;0.9999719364051008;0.9999565118735674;1.0002413297032935;1.024999976158142;
2016-08-09 21:15:00;1.0;0.9999872222997448;0.9999702507471492;0.9999992194643342;1.0;1.0;1.0002854376735717;0.9999103867521631;1.0;1.0;0.9999789292737244;1.0002204645378916;1.0002312722735782;0.9999524205940541;0.9998814076694007;0.9998851196789549;0.9998864030493774;0.9999981417498749;0.9999980847218299;0.999979288607408;0.9999857739874218;1.0;0.9998859353684776;1.000281355448998;1.0002876509760317;0.9999793589602524;0.9999920194960008;0.9999900926669261;0.9998884480780607;0.9997767128287727;1.0;0.9999668128658641;0.9999965970349911;1.0;0.9997625477617972;0.9999030896562955;1.0;0.9999908604325449;1.0;0.9999970815975864;0.9999807254494404;0.9999685637198388;1.0002255006456786;1.024999976158142;
2016-08-09 21:30:00;0.9999999999999999;0.9999484230439001;0.9999615451663567;0.9999990379802945;0.9999999999999999;1.0;1.000294565754378;0.9998807095961897;1.0;1.0;0.9999734255563067;1.0001936879470765;1.0002094611564722;0.9999297322396373;0.9998219943842888;0.9998369763410911;0.9998398912251478;0.9999984786679011;0.9999983723390053;0.9999776343266954;0.9999865112130041;0.9999999999999999;0.9998390182504499;1.000288299568877;1.0002976217748178;0.9999788814938017;0.9999908452509185;0.9999853587083983;0.9999040978973739;0.9997958266762307;1.0;0.9999635935098872;0.999986270465821;1.0;0.9997782832622247;0.9998933838792128;0.9999999999999999;0.9999916544037751;1.0;0.9999882256147313;0.9999810790421128;0.9999651498662884;1.0001987529553857;1.024999976158142;
2016-08-09 21:45:00;0.9999999999999999;0.9998775526775427;0.999930237221865;0.9999985618764252;1.0;1.0;1.0003148179302985;0.9997897608327173;1.0;1.0;0.9999533885356546;1.0001436647915074;1.0001685418558781;0.9998697757065554;0.999673068350088;0.999708642199474;0.9997146637293414;0.9999985232105814;0.9999981726174443;0.9999637111493593;0.9999821800625566;1.0;0.9997129771632729;1.000304197305174;1.0003197029419295;0.9999689182181105;0.9999852530835999;0.9999727798081021;0.9999429154333315;0.9998382140834162;1.0;0.9999608614735788;0.9999674000170549;1.0;0.9998088174209425;0.999884809103487;0.9999999999999999;0.9999900664615025;1.0;0.9999720416628984;0.9999736870550784;0.9999410869145622;1.0001487989142182;1.024999976158142;
2016-08-09 22:00:00;1.0;0.9998961865867028;0.9999388150179525;0.9999985100826098;1.0;1.0;1.0003056642029913;0.9998105993414391;1.0;1.0;0.9999585779212532;1.0001565994005348;1.000178664918796;0.999884018890953;0.9997070098759;0.999737151908388;0.9997424782378314;0.9999987652674639;0.9999985093119663;0.9999678339398227;0.9999843320797296;1.0;0.9997409914025226;1.0002963008947565;1.0003100137395675;0.9999721802591869;0.9999869850770983;0.9999757882476494;0.9999411983331722;0.9998277170207507;0.9999999999999999;0.9999643166697683;0.9999723672904034;1.0;0.999794083812996;0.9998951742887865;1.0;0.999990479290912;1.0;0.9999763033459721;0.999976661720436;0.9999479375106836;1.0001614906078642;1.024999976158142;
2016-08-09 22:15:00;0.9999999999999999;0.9999180803864601;0.9999486336950917;0.9999990521568591;0.9999999999999999;1.0;1.000303389767023;0.9998482719809175;1.0;1.0;0.9999658040168783;1.0001747288671585;1.0001943469082526;0.9999073316569861;0.9997692251892442;0.9997930269910758;0.9997970802249253;0.9999987484818534;0.9999985584092445;0.999972400446929;0.9999861136092847;1.0;0.9997959269005707;1.0002955274637342;1.0003070180331053;0.9999763506942771;0.9999889994111895;0.9999806619452672;0.9999369236240546;0.9998245224326201;1.0;0.9999623036444883;0.9999781914218586;1.0;0.9997936492852769;0.999889560323599;1.0;0.9999924483761707;0.9999999999999999;0.9999812964853059;0.99997973465826;0.9999551311625896;1.0001797937794588;1.024999976158142;
2016-08-09 22:30:00;1.0;0.9999420660137912;0.9999546591005095;0.9999983110350713;1.0;1.0;1.0002962863873093;0.9998462235182611;0.9999999999999999;1.0;0.9999670351346219;1.0001821368211248;1.0001987905333523;0.9999111253240462;0.9997679364783794;0.9997847690373243;0.9997885764442097;0.999997680677403;0.99999753887468;0.9999724564310584;0.9999809862074885;1.0;0.9997874128937995;1.0002887876009594;1.0003001763324368;0.9999714164593296;0.9999881633231607;0.9999814783524231;0.9999396450482925;0.9998288468231171;1.0;0.9999645115972853;0.999984576971458;1.0;0.9997977384332675;0.9998962344671419;0.9999999999999999;0.9999920672329302;1.0;0.9999867728479922;0.9999738278795235;0.9999591485582114;1.0001872421063223;1.024999976158142;
2016-08-09 22:45:00;1.0;0.9999195222107118;0.9999445657392297;0.9999983245767902;1.0;1.0;1.000299196861796;0.9998205586444561;1.0;1.0;0.999960932533682;1.000162998224412;1.0001823919885944;0.9998937066459862;0.9997263688976804;0.999749736747591;0.999754407385739;0.9999976376994719;0.9999974275247624;0.9999679586431011;0.9999795453896276;1.0;0.9997530138876229;1.0002904120304528;1.000303602785617;0.9999684425855663;0.9999863978806227;0.9999778246628757;0.9999360491577298;0.9998384006294874;0.9999999999999999;0.9999673763012735;0.9999785784728819;1.0;0.9998144977972834;0.9999042775070235;0.9999999999999999;0.9999908604325448;1.0;0.9999816296677742;0.9999715075119688;0.9999511671133878;1.0001680437220193;1.024999976158142;
2016-08-09 23:00:00;0.9999999999999999;0.9999526139301612;0.9999626122906324;0.9999987428601369;1.0;0.9999999999999999;1.0002801309566398;0.9998759809179192;1.0;1.0;0.9999730558159097;1.0001802075091957;1.0001951870376724;0.9999281972721786;0.999813445881318;0.999827212680915;0.9998302444314474;0.9999979609880978;0.9999978593004584;0.9999771796204843;0.9999839263188285;0.9999999999999999;0.9998293044425015;1.0002737116767704;1.000283429280575;0.9999763178161427;0.9999901673336292;0.9999850439547024;0.9999349075161181;0.9998450259659502;1.0;0.9999716904004374;0.9999873855609739;1.0;0.9998243594133868;0.9999166297938297;1.0;0.9999912732606054;1.0;0.9999891817040841;0.9999780732313555;0.9999661376840374;1.0001851278669345;1.024999976158142;
2016-08-09 23:15:00;1.0;0.9999805766433798;0.9999755093959214;0.9999986146699982;0.9999999999999999;1.0;1.0002680819677539;0.9999073582990482;1.0;1.0;0.9999808500731467;1.0001980678575462;1.0002097728465402;0.9999495685121439;0.9998643941554782;0.9998700435314233;0.9998720439704231;0.9999984097643546;0.9999983600004152;0.9999833930100933;0.9999874061180456;1.0;0.9998714065661148;1.000263384903264;1.0002706285118965;0.9999813286339081;0.9999928571972535;0.9999895078460239;0.9999286365493516;0.9998376262111943;1.0;0.9999722994726932;0.9999948271171573;1.0;0.9998178684165322;0.9999180718978752;1.0;0.9999920672329303;1.0;0.9999955631059357;0.9999827689775493;0.9999764809568306;1.0002031328880352;1.024999976158142;
2016-08-09 23:30:00;1.0;0.9999881623744551;0.9999766402647925;0.9999983471275611;1.0;0.9999999999999999;1.0002591002366459;0.99990404250927;1.0;1.0;0.9999806169747447;1.000192783029273;1.000203525596214;0.9999494290596218;0.9998603393969289;0.9998637809601502;0.9998657396650037;0.9999979470958138;0.9999979063512721;0.9999827345294134;0.9999850376623154;1.0;0.9998650807971987;1.0002544392215194;1.0002617950665769;0.9999788763199391;0.9999922786498247;0.9999894849966425;0.9999541948596155;0.9998647768560072;1.0;0.9999730526235162;0.9999968470837761;0.9999999999999999;0.999836441924871;0.999919968412033;1.0;0.9999904792909119;0.9999999999999999;0.9999972958058382;0.9999799689994923;0.999976906901866;1.0001978480329998;1.024999976158142;
2016-08-09 23:45:00;1.0;0.9999896785482383;0.9999775048750481;0.9999984889802178;0.9999999999999999;1.0;1.000257153070985;0.9999081248697934;1.0;1.0;0.9999811228988988;1.0001870478269956;1.0001977716514077;0.9999517871461187;0.9998656510348276;0.999868647140185;0.9998704913203273;0.9999973526691728;0.9999973128910713;0.9999825149818011;0.9999826662919411;1.0;0.999869820886735;1.0002523122109057;1.0002600133071644;0.9999772906349962;0.9999917607565313;0.9999899756524745;0.9999622650906002;0.9998675327855796;1.0;0.9999726107075798;0.9999972517711986;0.9999999999999999;0.9998336561190689;0.9999186203252776;1.0;0.9999916544037751;1.0;0.9999976433201552;0.99997752511054;0.9999776668217867;1.0001922089777082;1.024999976158142;
2016-08-10 00:00:00;1.0;0.9999951718384319;0.9999847921720814;0.9999990310041594;1.0;1.0;1.0002508365969867;0.9999389532952242;1.0;1.0;0.9999872277164737;1.0001914274759134;1.0002014595275348;0.9999683694172881;0.9999117998599346;0.9999132088886228;0.9999143528992659;0.9999979885102437;0.9999979667198239;0.9999877443923713;0.9999873066404871;1.0;0.9999139111083426;1.0002469676406112;1.0002530446866165;0.9999838344623644;0.9999941814810762;0.9999934268606093;0.999968375928442;0.9998806168117937;1.0;0.999973067915593;0.999998711766342;1.0;0.9998480926286325;0.9999198831261686;1.0;0.9999924483761709;1.0;0.9999988946332649;0.9999837335348178;0.99998453781958;1.0001965886492257;1.024999976158142;
2016-08-10 00:15:00;1.0;0.9999943038017667;0.9999846130076846;0.9999996496801424;1.0;1.0;1.0002501222370925;0.9999538742733312;1.0;1.0;0.9999889184421681;1.0001957679343285;1.0002055954018754;0.999975691243951;0.9999385210446629;0.9999401781613404;0.9999408130566209;0.9999985307907546;0.999998510019188;0.9999886445733392;0.9999904477102882;1.0;0.9999405431267823;1.0002469216776348;1.000251800357201;0.9999875337960196;0.9999952581719677;0.9999949455840454;0.9999715716711371;0.9998826216350699;1.0;0.9999735921634874;0.9999984817349169;1.0;0.9998481653498666;0.9999213590861323;1.0;0.9999912732606052;1.0;0.9999986977324021;0.9999876317578382;0.9999836650459225;1.000200757740333;1.024999976158142;
2016-08-10 00:30:00;1.0;0.9999930017403548;0.9999845069126877;0.9999993021735704;1.0;1.0;1.0002442751441842;0.9999445846229511;1.0;1.0;0.9999878192644515;1.0001862728496795;1.0001961358107943;0.9999707701204321;0.9999211672478292;0.9999231964055292;0.9999241909981086;0.9999981876167373;0.999998166664836;0.9999881297564194;0.9999885268121348;0.9999999999999999;0.9999238024467714;1.0002406389805165;1.0002462833246506;0.999985337226056;0.9999945686098082;0.9999939251602817;0.9999939200320572;0.9999155173857998;1.0;0.9999738435250629;0.9999981367989348;1.0;0.9998785528077605;0.9999218834645413;1.0;0.9999912732606053;0.9999999999999999;0.9999984024788264;0.9999852739213861;0.9999842280349197;1.0001911932372567;1.024999976158142;
2016-08-10 00:45:00;1.0;0.9999937971444948;0.9999800077739011;0.9999987496529306;1.0;1.0;1.000246053616708;0.9999220541495087;1.0;0.9999999999999999;0.9999837426590732;1.0001874655286276;1.0001974041689048;0.999959609413946;0.9998898326439145;0.9998916327051413;0.999893036057213;0.9999981462065878;0.999998115889586;0.999984813038045;0.9999868638590685;1.0;0.9998925371452015;1.0002420810025339;1.0002483354156848;0.9999817714332798;0.9999933776553773;0.9999916029992387;0.9999959286603652;0.9999217945422353;1.0;0.9999734778291977;0.999998347825245;1.0;0.999886287287039;0.9999207287173268;0.9999999999999999;0.9999908604325448;1.0;0.9999985832662622;0.9999825429098311;0.9999794025367181;1.0001924820985277;1.024999976158142;
2016-08-10 01:00:00;1.0;0.9999930025866856;0.9999819634331321;0.9999992848110226;0.9999999999999999;1.0;1.000242690582326;0.9999368535400666;0.9999999999999999;1.0;0.9999857477037386;1.000177649192737;1.000187688984484;0.9999668832627914;0.9999101652207141;0.9999121976129149;0.9999132812779457;0.9999973849066897;0.9999973568891509;0.9999855147111271;0.9999844543371355;1.0;0.999912813033341;1.0002385815918136;1.0002450631429043;0.9999812121046039;0.9999930954353388;0.9999931152300743;1.0000087150050474;0.9999414679572277;1.0;0.9999737195927918;0.9999981360159144;1.0;0.9999051333449334;0.9999214122338369;1.0;0.9999912732606053;1.0;0.9999984014855752;0.9999804983137422;0.9999814744186161;1.000182665713402;1.024999976158142;
2016-08-10 01:15:00;1.0;0.9999941585275378;0.9999878607410256;0.9999993758471563;1.0;0.9999999999999999;1.000237525963715;0.9999563364948885;1.0;0.9999999999999999;0.9999907230680289;1.0001886174653156;1.000198598674639;0.9999769050275384;0.9999392067592358;0.999940901890937;0.9999416869324931;0.9999993321780671;0.9999993214143027;0.9999915863633879;0.9999942768390665;1.0;0.9999414337161497;1.000234552131777;1.0002390077731436;0.999991146292883;0.9999966550381111;0.9999952028456666;1.0000117886480564;0.999948467480062;0.9999999999999999;0.9999720783006687;0.9999984443458737;0.9999999999999999;0.9999130659100982;0.9999163952335705;1.0;0.9999912732606052;0.9999999999999999;0.9999986660545213;0.9999920175229731;0.9999875845307098;1.0001936824479478;1.024999976158142;
2016-08-10 01:30:00;1.0;0.9999922065934941;0.999985166504038;0.9999992511409407;1.0;1.0;1.0002396904563189;0.9999476900745603;1.0;1.0;0.9999889315319804;1.0001907005184387;1.000200927150353;0.9999721736003726;0.9999279750166628;0.9999302331549932;0.9999311700997351;0.999999574263626;0.9999995612954973;0.9999902459333025;0.9999947772400257;1.0;0.9999308939218607;1.0002366596929855;1.0002411727422948;0.9999907215413608;0.9999964206740033;0.9999942191281668;1.0000055931680014;0.9999367603445617;1.0;0.9999726737790283;0.99999792587094;1.0;0.9999006527564707;0.999918227622587;0.9999999999999999;0.9999916544037752;1.0;0.99999822177713;0.9999922188328657;0.9999848202313402;1.0001957655116198;1.024999976158142;
2016-08-10 01:45:00;1.0;0.999991845212116;0.9999865327229918;0.9999991901161988;1.0;1.0;1.0002315926723253;0.9999495802902795;1.0;1.0;0.9999897196429901;1.000184115932395;1.0001942510269552;0.9999730522647253;0.999929204987526;0.9999315681461561;0.9999325521724959;0.9999997458489763;0.9999997372237366;0.9999913463275394;0.9999957293245147;1.0;0.9999322756469806;1.0002286237771434;1.0002330283361582;0.9999917915821201;0.9999968326840452;0.9999944042996102;1.0000337788318159;0.999982188360385;0.9999999999999999;0.9999746203207975;0.9999978297878058;1.0;0.9999450736813318;0.9999238836388771;0.9999999999999999;0.999990860432545;0.9999999999999999;0.9999981393763812;0.9999933798461694;0.9999865091276054;1.0001891056802696;1.024999976158142;
2016-08-10 02:00:00;1.0;0.9999933631226858;0.9999874632422461;0.9999990852425759;1.0;1.0;1.0002303224232572;0.9999497281914513;1.0;0.9999999999999999;0.9999900554688238;1.0001830268021201;1.0001933362923754;0.9999734289439897;0.9999288853588605;0.9999308095147247;0.99993181041528;0.999999776498781;0.9999997676655469;0.9999917926348734;0.9999958683481421;1.0;0.9999315316024423;1.0002273198715887;1.000231789874575;0.9999919133300761;0.9999969610848425;0.9999944823265138;1.0000429756398839;0.9999931998421253;1.0;0.9999743772946789;0.9999982332663299;1.0;0.9999538288649336;0.9999231080377915;1.0;0.9999928612064206;1.0;0.999998485220554;0.9999935353408758;0.9999874452912311;1.0001882169830874;1.024999976158142;
2016-08-10 02:15:00;1.0;0.9999942311654361;0.999990463369882;0.9999996094697753;1.0;0.9999999999999999;1.000228315168898;0.9999678413529826;1.0;1.0;0.9999929719280116;1.0001821013546524;1.0001918103878706;0.9999826974680541;0.9999553331733262;0.9999570093249597;0.9999575903464717;0.9999995129640782;0.9999995064607;0.9999935998169014;0.9999958274124078;1.0;0.9999574034409319;1.0002256329226271;1.0002295865994935;0.9999935356677587;0.999997487338959;0.9999964074734276;1.0000385976951138;0.9999917852023699;0.9999999999999999;0.9999751962673895;0.9999984632263261;1.0;0.9999553725942518;0.9999255453006761;1.0;0.9999912732606053;1.0;0.9999986820571424;0.9999941754095246;0.9999903348282246;1.0001870217217081;1.024999976158142;
2016-08-10 02:30:00;1.0;0.9999935086561599;0.9999882629660876;0.9999995045551666;1.0;1.0;1.0002304608008803;0.9999597823382755;1.0;1.0;0.9999911706947661;1.000180705329527;1.000190505862018;0.999978504128659;0.9999437442659936;0.9999456303614704;0.9999463531325877;0.999999160588515;0.999999149836996;0.9999917710319615;0.9999937540939174;1.0;0.9999461042562044;1.0002274880066007;1.0002319484172122;0.9999910595645647;0.9999965902553495;0.9999955351507389;1.000040340545417;0.9999916765211363;1.0;0.9999743826541385;0.9999982708916825;1.0;0.9999537536937552;0.9999231110710868;1.0;0.9999928612064205;1.0;0.9999985171042759;0.9999915874552688;0.9999880803012782;1.0001856256897148;1.024999976158142;
2016-08-10 02:45:00;1.0;0.9999924247661779;0.9999897057476613;0.9999994441775488;1.0;1.0;1.000226497246696;0.9999624732207502;1.0;1.0;0.9999922204357443;1.000178481651499;1.0001887321856815;0.9999796394556709;0.9999465650640257;0.9999487661478966;0.9999495311468803;0.9999996845537502;0.9999996774558194;0.9999934047554855;0.9999963103856013;1.0;0.999949307905044;1.000223638972405;1.0002278417110466;0.9999935289556813;0.9999974668655619;0.9999957724119816;1.0000426051345879;0.9999945963084976;1.0;0.9999783124698647;0.9999979824968992;1.0;0.9999560472408711;0.9999348778823982;1.0;0.999990479290912;1.0;0.9999982697700284;0.999994536819181;0.9999898878976369;1.0001835733878757;1.024999976158142;
2016-08-10 03:00:00;1.0;0.9999936533429049;0.9999899705514274;0.9999991454720673;1.0;1.0;1.000222465915908;0.9999566452625779;1.0;1.0;0.9999917618401281;1.0001753994096014;1.0001858112514168;0.9999769592266905;0.9999371342757639;0.9999389790131653;0.9999399205758822;0.9999998378221839;0.999999833248114;0.9999934982328759;0.9999966536953045;1.0;0.9999396616621362;1.0002195182550846;1.0002238843183495;0.9999933257261279;0.9999975083825584;0.9999952176501801;1.0000470159685453;0.99999954847916;0.9999999999999999;0.999979941457544;0.9999983093394542;1.0;0.9999596445221306;0.9999397252916659;1.0;0.9999916544037751;1.0;0.9999985500166929;0.9999947128384328;0.9999902654914041;1.0001806646581466;1.024999976158142;
2016-08-10 03:15:00;1.0;0.9999937971444947;0.9999902068649827;0.999998987209023;1.0;1.0;1.0002232120743146;0.9999533548303526;1.0;1.0;0.9999914446496706;1.0001761682384511;1.0001862970185784;0.9999753371074178;0.999930834070678;0.9999326342057179;0.9999337057325983;0.9999996968540165;0.9999996909561237;0.9999933945526354;0.999995875596477;1.0;0.9999334027683695;1.0002201599334033;1.0002247397909676;0.9999924526777473;0.9999972628231966;0.999994880452167;1.0000482132926225;1.0000038780389133;1.0;0.9999794295104667;0.9999983483028456;1.0;0.9999652068001651;0.9999381839894332;0.9999999999999999;0.999990479290912;1.0;0.9999985836887239;0.9999937649005203;0.9999907244146347;1.000181289013857;1.024999976158142;
2016-08-10 03:30:00;1.0;0.9999940144690652;0.9999909811818037;0.9999997807771667;0.9999999999999999;1.0;1.0002227948694653;0.9999717776888195;1.0;1.0;0.9999933983176722;1.0001710158481345;1.0001811429315663;0.9999846309006807;0.999960127953162;0.9999618677870756;0.9999623691595673;0.9999990212169462;0.999999014683969;0.9999934570441232;0.9999939268188064;1.0;0.9999621687154564;1.000219858254351;1.0002242327313593;0.9999923758432658;0.9999970610790961;0.9999968094660151;1.0000445313793116;0.9999976569603829;1.0;0.9999801626275369;0.9999984053843401;1.0;0.9999589255439626;0.9999403991103049;1.0;0.9999904792909121;1.0;0.999998632386325;0.9999922640180632;0.9999909317423211;1.0001761501112487;1.024999976158142;
2016-08-10 03:45:00;1.0;0.9999926406152916;0.9999905164041678;0.9999994456222965;1.0;1.0;1.000224119109543;0.9999642698238335;1.0;1.0;0.9999927110896873;1.0001757323877063;1.0001860803048763;0.9999805881835361;0.9999484878596621;0.9999506220174598;0.9999513789977857;0.9999996738172815;0.9999996675647328;0.9999938980625651;0.9999964053216197;1.0;0.9999511571112571;1.000221242973586;1.0002254727401676;0.9999938142219447;0.999997592734531;0.9999959698025227;1.000041611806871;0.9999925595668668;1.0;0.9999792031410631;0.9999980409853267;1.0;0.9999537090275927;0.999937506893836;1.0;0.9999900664615025;1.0;0.9999983203148672;0.9999947260829104;0.9999908025874376;1.0001808934800291;1.024999976158142;
2016-08-10 04:00:00;1.0;0.9999931463869597;0.999989450202782;0.999999109476478;1.0;1.0;1.000224733296956;0.9999542224760761;1.0;1.0;0.9999912196613544;1.0001769605912094;1.000187033951231;0.999975643007529;0.9999329671510779;0.9999349549988965;0.9999359624952608;0.9999996049090487;0.9999995977625769;0.9999929149875968;0.9999954943425562;0.9999999999999999;0.9999356699180098;1.0002216954423273;1.0002262459129905;0.9999921688301661;0.9999970975249329;0.9999949432719558;1.000040617905033;0.9999928157039175;1.0;0.9999799966729847;0.9999981754401603;1.0;0.9999549687507389;0.9999399122573593;1.0;0.9999920672329303;1.0;0.9999984355640237;0.9999933591333854;0.9999898405290032;1.0001820061592526;1.024999976158142;
2016-08-10 04:15:00;1.0;0.9999933631226859;0.9999906241517557;0.9999993446306685;1.0;1.0;1.0002237694578107;0.9999623581068139;1.0;1.0;0.9999925420351952;1.0001748313714829;1.0001854046021643;0.9999797733208905;0.9999454549511702;0.9999473791389192;0.999948186299595;0.9999996845537502;0.9999996794070738;0.9999938642440227;0.9999963341803398;1.0;0.9999479519736453;1.0002208155260077;1.0002251759679552;0.9999935809271067;0.9999975572604365;0.9999958014581409;1.0000394832525612;0.9999916575183858;1.0;0.9999787163660453;0.9999982332998937;1.0;0.9999542051559129;0.9999360470956671;1.0;0.9999912732606054;1.0;0.9999984852503258;0.9999945763081254;0.9999909095294568;1.0001801660914467;1.024999976158142;
2016-08-10 04:30:00;1.0;0.999993436605637;0.9999913830133126;0.9999993766289298;1.0;1.0;1.0002228318663189;0.9999649368529564;1.0;1.0;0.9999931303527102;1.00017717604333;1.0001871128613018;0.999981079396435;0.9999489014162463;0.9999508098605746;0.9999515824926627;0.9999997673217991;0.9999997628196956;0.9999944634888721;0.9999968683474384;1.0;0.999951363047123;1.0002200745011447;1.0002241343735552;0.9999942841049683;0.9999978143384238;0.9999960727703454;1.000039768056379;0.999992764126595;0.9999999999999999;0.9999802298097766;0.9999982514836254;1.0;0.9999555679409763;0.9999405908335716;1.0;0.9999908604325449;1.0;0.999998500333869;0.999995271601347;0.9999917357464778;1.0001821657565826;1.024999976158142;
2016-08-10 04:45:00;0.9999999999999999;0.9999932193231936;0.9999906641703321;0.9999996709572823;1.0;1.0;1.0002235209111279;0.9999688435827099;1.0;1.0;0.9999930538156611;1.0001723328674275;1.0001825597603495;0.999982999340578;0.9999554839645037;0.9999574527632276;0.9999580538952324;0.9999992035666179;0.999999196864377;0.9999934888087079;0.9999945722860183;1.0;0.9999578400100056;1.0002205707609375;1.0002249512528825;0.9999926779484961;0.9999971668172807;0.9999964705230983;1.0000413935381807;0.9999907604395517;1.0;0.99997910407683;0.9999981942969177;0.9999999999999999;0.9999511761512937;0.9999372114102126;1.0;0.9999924483761709;1.0;0.9999984515435016;0.9999928762428459;0.9999907638315801;1.0001774671373023;1.024999976158142;
2016-08-10 05:00:00;1.0;0.99999423204817;0.9999894794867425;0.9999989279185523;1.0;1.0;1.0002251872127648;0.9999495165802443;1.0;1.0;0.9999906291279991;1.0001751980138074;1.0001853477145157;0.9999734925996359;0.9999248168514624;0.9999264961975046;0.9999276371673519;0.9999993122647028;0.999999304764427;0.9999923998622676;0.9999939531237719;0.9999999999999999;0.9999272889832036;1.0002219047955843;1.000226903190209;0.9999905227757896;0.9999966067752172;0.9999944973131099;1.0000433699093498;0.9999951372781296;1.0;0.9999772168783909;0.9999984626289551;1.0;0.9999561976360548;0.9999315564019249;1.0;0.9999908604325449;1.0;0.9999986812259475;0.9999915155473347;0.9999899646686489;1.0001803591033727;1.024999976158142;
2016-08-10 05:15:00;1.0;0.9999957499624101;0.9999918537810467;0.9999990346135401;1.0;1.0;1.0002251750655746;0.9999582461743116;1.0;1.0;0.9999925110420992;1.0001780358521097;1.000188258065487;0.9999781797029829;0.9999375984075933;0.9999388387697491;0.9999398051427619;0.9999996140815753;0.999999608872123;0.9999942064939664;0.9999958125448671;1.0;0.9999395240197096;1.0002221487116194;1.0002266989392086;0.9999928367250781;0.9999974703589147;0.9999954709160018;1.0000424425119225;0.9999950059917375;1.0;0.9999762795626299;0.9999988661156117;1.0;0.999956827335175;0.9999287426159772;1.0;0.9999900664615025;1.0;0.9999990270763467;0.9999938749920186;0.9999922984472639;1.000183341538311;1.024999976158142;
2016-08-10 05:30:00;1.0;0.9999951718384319;0.9999932568056442;0.9999993406970227;1.0;1.0;1.0002232584943964;0.9999686486458734;1.0;1.0;0.9999942283775403;1.0001274435470555;1.000150045925817;0.9999832883940767;0.9999534771159688;0.9999548862033867;0.9999556149727288;0.9999998378221839;0.9999998353487604;0.9999955833461643;0.9999974315422797;1.0;0.9999554120014534;1.0002179436370948;1.0002255801937963;0.999995120704358;0.9999982009725594;0.999996532362725;1.0000446919028056;0.9999973008736123;1.0;0.9999765796679871;0.999998712105268;1.0;0.9999584461903918;0.999929683726512;1.0;0.9999912732606054;1.0;0.9999988949287327;0.999996042546343;0.9999936605567118;1.000139493541732;1.024999976158142;
2016-08-10 05:45:00;1.0;0.9999934366056372;0.9999914716156086;0.9999994485762566;0.9999999999999999;1.0;1.0002295726528756;0.9999664645628075;1.0;1.0;0.999993288233309;1.0000146647521637;1.0000660197803002;0.9999818467167287;0.9999511770469643;0.999953085495636;0.99995381363245;0.9999996554678255;0.9999996509569351;0.9999944236561528;0.9999964726041377;1.0;0.9999535980422006;1.0002182034042868;1.0002343355065315;0.9999940973655224;0.9999977344517049;0.9999962321379499;1.0000365495118426;0.9999919554203291;1.0;0.9999753960952558;0.9999982514688753;1.0;0.9999578917191657;0.9999264277558498;1.0;0.9999908604325448;1.0;0.9999985003209759;0.9999948953117267;0.999991793146532;1.0000423525410282;1.024999976158142;
2016-08-10 06:00:00;1.0;0.9999932184349214;0.999991221685095;0.9999995447654841;1.0;0.9999999999999999;1.0002289309986054;0.999967650171463;1.0;1.0;0.9999932058798675;1.000036912047597;1.0000821172062622;0.9999824021311764;0.9999529216439339;0.9999548871924078;0.9999555682374449;0.9999993903454122;0.9999993838153786;0.9999940144287699;0.9999953721656635;1.0;0.999955346439018;1.0002187476932516;1.000233251966412;0.9999932766492239;0.9999974169458078;0.9999963465145881;1.0000419159297378;0.9999983886041731;1.0;0.9999749591464251;0.9999981949362925;1.0;0.9999628685488645;0.9999250091394505;1.0;0.9999920672329303;1.0;0.9999984524116003;0.9999937239088085;0.9999915019402462;1.0000612159473783;1.024999976158142;
2016-08-10 06:15:00;1.0;0.9999930737470606;0.9999897153629193;0.9999989647059424;1.0;1.0;1.0002326827842063;0.9999511549627775;1.0;1.0;0.999990975364302;0.9999589214425241;1.0000243480079403;0.9999740898580879;0.99992700263365;0.999929009476473;0.9999301459875256;0.9999995037915089;0.9999994972692204;0.9999929056945264;0.9999949236096127;1.0;0.9999298124035337;1.000218017161057;1.0002389141569261;0.9999915095286553;0.9999969166915698;0.9999946215771194;1.000017362969482;0.9999819231903825;1.0;0.9999757167687584;0.999998156634942;1.0;0.999959391079466;0.9999275178231997;1.0;0.9999916544037751;1.0;0.999998419628177;0.9999926556984555;0.9999903463245433;0.9999942972342261;1.024999976158142;
2016-08-10 06:30:00;0.9999999999999999;0.9999937250951655;0.999991143994305;0.9999993777941706;1.0;1.0;1.0002372539924045;0.9999639362187878;1.0;1.0;0.9999928471503301;0.9999034127446952;0.9999838074109656;0.9999806361800976;0.9999472435841512;0.9999490660877183;0.9999498492400579;0.9999995344412715;0.9999995295138574;0.9999940060072825;0.9999957834924907;0.9999999999999999;0.9999496107010902;1.000219762174184;1.0002445146289667;0.9999932973318161;0.9999974762486027;0.9999959808730386;1.0000138774858038;0.999978589441338;1.0;0.9999782804258543;0.9999983287662575;1.0;0.999958086725689;0.9999356726710141;1.0;0.9999916544037751;1.0;0.999998566805295;0.9999940445238897;0.9999914653043971;0.9999470354291123;1.024999976158142;
2016-08-10 06:45:00;1.0;0.9999923529731016;0.9999906777873109;0.9999991051890383;1.0;0.9999999999999999;1.0002410486776594;0.9999568107933707;1.0;1.0;0.999992024420032;0.9998966692430113;0.9999798085782229;0.9999767812177455;0.9999352494111396;0.9999374727342328;0.9999385079876147;0.9999997167630141;0.9999997112658051;0.9999939199412233;0.9999962264019553;1.0;0.9999382159553137;1.0002228797411283;1.0002486063610987;0.9999931314081499;0.9999974476851673;0.9999951804185943;0.9999934005250614;0.9999503513471003;1.0;0.9999784282755505;0.9999979630925544;1.0;0.999933172224866;0.9999362773040763;1.0;0.999988097384914;1.0;0.9999982530013112;0.9999943102434202;0.9999913989607415;0.9999417003463784;1.024999976158142;
2016-08-10 07:00:00;1.0;0.9999753734222373;0.9999823759374061;0.9999995414427122;1.0;1.0;1.0002539286827046;0.9999440859441338;1.0;1.0;0.9999876670724402;0.9998679286677017;0.9999582923623522;0.9999669840791109;0.9999154023220501;0.9999225598605918;0.9999239716699734;0.9999991422433023;0.9999991194101951;0.9999896703935689;0.999993125743731;1.0;0.9999235403629342;1.000233674909228;1.0002623404063755;0.9999897532922409;0.9999955853871242;0.9999931380449556;0.999936407926474;0.9999137512596694;1.0;0.9999691446083661;0.9999934437740525;1.0;0.9999273262985386;0.9999084528617038;1.0;0.9999892724926028;0.9999999999999999;0.9999943770999565;0.9999905738759127;0.9999842683863722;0.9999157405976593;1.024999976158142;
2016-08-10 07:15:00;1.0;0.9999362871032136;0.9999634662190205;0.9999987894175913;1.0;0.9999999999999999;1.0002791091453578;0.9998793896019076;0.9999999999999999;1.0;0.9999747455286011;0.9998610140094094;0.9999557636913677;0.9999266390604901;0.9998121794432733;0.9998306955588058;0.9998341760077988;0.9999997243760974;0.9999996317982013;0.9999814082035492;0.9999924352853689;1.0;0.9998332416776746;1.0002565803117867;1.0002884810444503;0.9999844210611949;0.9999925993129062;0.9999847259520608;0.9998754478028204;0.9998822690862105;1.0;0.9999672837070996;0.9999830388833596;0.9999999999999999;0.9999334870606317;0.9999034242384864;1.0;0.9998947186547161;1.0;0.9999854534441108;0.9999878423966887;0.999969451044273;0.9999085167312814;1.024999976158142;
2016-08-10 07:30:00;1.0;0.9999854153418517;0.999985119782938;0.9999988374307653;1.0;0.9999999999999999;1.000266965672355;0.9999363420921286;1.0;1.0;0.999987784910268;0.9997862345851966;0.9999013663106945;0.9999651134603179;0.9999039647448388;0.9999081984307914;0.9999097506622944;0.999999353679092;0.9999993397580483;0.9999904119365999;0.9999934773531642;1.0;0.9999092972632424;1.0002415882343896;1.0002775542290536;0.999989164573061;0.9999958539121371;0.9999927548084053;0.9998532200231655;0.9998673571851089;1.0;0.9999642091322365;0.9999961180128084;0.9999999999999999;0.999931433564024;0.9998948753159458;1.0;0.9998709815266783;1.0;0.9999966711165149;0.9999905950845676;0.9999864481351903;0.9998483181725792;1.024999976158142;
2016-08-10 07:45:00;1.0;0.9999873646234714;0.9999858333164788;0.9999990384772902;1.0;0.9999999999999999;1.0002723001635843;0.9999420674863412;1.0;1.0;0.999988455364022;0.9997209043796456;0.9998528954458611;0.9999683841682072;0.9999130045995714;0.9999166655596972;0.9999180182326439;0.9999989523085516;0.9999989394568385;0.9999903079670669;0.9999919937075225;1.0;0.9999175891564419;1.0002433912510984;1.000284343113205;0.9999883737839115;0.9999955965958233;0.9999934345968732;0.9998384388360778;0.9998570854251869;1.0;0.9999603627027542;0.9999966383626521;0.9999999999999999;0.9999300681939082;0.9998839811182115;1.0;0.9998661771214908;1.0;0.9999971179580494;0.9999891505703836;0.9999868389725534;0.9997923639275258;1.024999976158142;
2016-08-10 08:00:00;1.0;0.9999930754804387;0.9999821268787388;0.9999971776995038;1.0;1.0;1.00028408958981;0.9998943922451748;1.0;1.0;0.9999823031387358;0.999832574157191;0.9999420982796666;0.999945574291845;0.9998417381833307;0.9998437513566241;0.9998462625414163;0.9999998378221838;0.9999998191339201;0.9999875168088262;0.9999929500117959;1.0;0.9998455909803343;1.000259397729528;1.00029469220553;0.9999847751668504;0.9999948525479109;0.9999886965732219;0.9998185893868516;0.999821390386177;1.0;0.9999520879502201;0.999998155369278;1.0;0.9998941581733586;0.9998593561636738;1.0;0.999861635719175;1.0;0.999998417903305;0.9999883799406912;0.9999832503053999;0.999892114703246;1.024999976158142;
2016-08-10 08:15:00;1.0;0.9999834651710757;0.9999852331298839;0.9999989083179773;1.0;1.0;1.0002877346093595;0.9999387622453771;1.0;1.0;0.9999882837789087;0.9997968987862491;0.9999151342965762;0.9999659364670676;0.9999077464646173;0.9999125496831156;0.9999140830114485;0.9999997872351905;0.99999977462394;0.9999912192001454;0.9999955665409421;1.0;0.9999136649781983;1.0002619218711795;1.0002983885752912;0.9999911526477284;0.9999964753301258;0.999992925818347;0.9998155525139113;0.9998235453478427;0.9999999999999999;0.9999441818972296;0.9999955983164251;1.0;0.9999017757741085;0.9998363447581718;1.0;0.9998438405345914;0.9999999999999999;0.9999962251551512;0.9999929932236375;0.99998672794054;0.9998605471538372;1.024999976158142;
2016-08-10 08:30:00;1.0;0.9999674267517161;0.9999747403627761;0.9999986050808017;1.0;1.0;1.0002952834242418;0.9999045457827427;0.9999999999999999;1.0;0.9999808615706749;0.9998576300439475;0.9999598521762555;0.9999455261995482;0.9998548863889535;0.9998643562090554;0.9998668092558906;0.9999992525333845;0.9999992105693206;0.999985145362875;0.9999913513285157;1.0;0.9998661119465706;1.0002718249335643;1.000305176704957;0.9999849473339165;0.9999937961111129;0.9999886741377728;0.9998098982471231;0.9998171503969105;0.9999999999999999;0.9999450543168973;0.9999913276629064;1.0;0.9998964400882313;0.9998386283983997;1.0;0.9998400545704478;1.0;0.9999925619445504;0.9999872454189205;0.9999776413085983;0.9999113882514814;1.024999976158142;
2016-08-10 08:45:00;1.0;0.999963162867522;0.9999716744094577;0.9999984187502099;0.9999999999999999;1.0;1.000312754830264;0.9998930741341698;1.0;0.9999999999999999;0.9999785981289727;0.9998361996377673;0.9999476060566128;0.9999389098747415;0.9998376014677929;0.9998483052618731;0.9998510605752112;0.9999993230336961;0.9999992690334621;0.9999835481651296;0.9999910027570241;0.9999999999999999;0.9998502887442285;1.0002871844889942;1.0003235232076901;0.9999836923851158;0.9999932383960716;0.9999872939583558;0.9997537415496992;0.9997547655026633;1.0;0.9999365679449107;0.9999901938993015;1.0;0.999853949074296;0.9998144478954856;0.9999999999999999;0.9998281230996432;1.0;0.9999915900392715;0.999986462737342;0.9999749518028819;0.9998946962705229;1.024999976158142;
2016-08-10 09:00:00;1.0;0.9999714005062199;0.9999778897063707;0.9999986786547265;1.0;1.0;1.0003018415678888;0.9999147355245218;1.0;0.9999999999999999;0.9999831232964571;0.9998611687222132;0.9999651476548242;0.9999514401368916;0.9998703328537435;0.9998786480678672;0.9998808553348916;0.9999995344412715;0.9999994965805301;0.9999871824540709;0.9999931578759452;1.0;0.999880242403124;1.0002783369203794;1.0003116762908633;0.999987267883161;0.9999947445931704;0.9999899031279927;0.9997827610224485;0.9997926271836007;1.0;0.9999370273186806;0.9999923854307254;1.0;0.9998842336650785;0.9998150157380612;1.0;0.9998354223780527;0.9999999999999999;0.99999346911689;0.99998956796811;0.9999805004828592;0.9999161653904349;1.024999976158142;
2016-08-10 09:15:00;1.0;0.9999713287056754;0.9999763311719542;0.999998395780807;1.0;1.0;1.0002986982526603;0.9999050407073471;1.0;1.0;0.9999816096200741;0.9998538566631122;0.9999591630663044;0.9999465564659108;0.9998564536514348;0.9998647910138669;0.9998672113770356;0.999999716763014;0.9999996795984835;0.9999862567679659;0.9999933596237064;1.0;0.9998665552054883;1.0002748458521298;1.0003087004201139;0.9999865441659099;0.9999945219311057;0.9999888898485597;0.9997775864168952;0.9997910522035459;1.0;0.999937167742621;0.999992365988356;1.0;0.9998855378669139;0.9998150047849569;1.0;0.9998962900115768;1.0;0.9999934523158129;0.9999894208966298;0.9999789350302231;0.9999095755034123;1.024999976158142;
2016-08-10 09:30:00;0.9999999999999999;0.9999360002250905;0.9999619342982758;0.9999990463825705;1.0;1.0;1.0003146490548604;0.9998816645630346;0.9999999999999999;1.0;0.9999743177055437;0.9997949353872955;0.9999143075362975;0.9999277126244974;0.9998179304279479;0.999836539091676;0.999839841332637;0.9999995344412717;0.9999994287263642;0.9999803265896384;0.9999916035070355;0.9999999999999999;0.9998389405373028;1.0002870525661889;1.0003260318398592;0.9999837725404297;0.9999922675333315;0.9999849406969924;0.9997835413318704;0.9997858265078639;1.0;0.9999367174618524;0.9999829599293935;1.0;0.9998738775139056;0.9998143371888134;1.0;0.9998611071960667;0.9999999999999999;0.9999853849128338;0.9999869476104509;0.9999674784727384;0.9998559096684593;1.024999976158142;
2016-08-10 09:45:00;0.9999999999999999;0.9999335373196124;0.9999604775995548;0.9999986270897679;1.0;1.0;1.0003188687242401;0.999868186621419;0.9999999999999999;1.0;0.9999724466807888;0.9998064495957484;0.9999237734494315;0.9999204763237888;0.9997957404080501;0.9998150350232757;0.9998187645429906;0.9999995758274735;0.9999994832234929;0.9999794703622257;0.9999911126386163;1.0;0.9998177543197004;1.0002913942091456;1.0003302940903018;0.999982349358457;0.9999917888134301;0.9999834471583942;0.9997608447880755;0.9997562283746328;0.9999999999999999;0.999930379282704;0.9999823120692315;1.0;0.9998502212743715;0.9997958153438197;1.0;0.9998340581922458;1.0;0.9999848319298856;0.9999859891847156;0.9999666168319753;0.9998661374330393;1.024999976158142;
2016-08-10 10:00:00;1.0;0.9999025397390942;0.9999462425425736;0.9999987499235787;1.0;1.0;1.00033877135767;0.9998338356798739;1.0;1.0;0.9999639148129391;0.999725441445049;0.9998633793211358;0.999897001831912;0.9997402045917875;0.9997684832484072;0.9997733450011412;0.9999992417969646;0.9999990636665467;0.9999727804861919;0.999987960937176;1.0;0.9997720137035891;1.0003059466988131;1.000352377236423;0.9999773605552199;0.9999890167758378;0.999978527697212;0.9997183753069355;0.9996977627893894;1.0;0.9999324548194561;0.9999740646789677;0.9999999999999999;0.999801139875612;0.9998032442693335;1.0;0.9998332223427088;1.0;0.999977760711766;0.9999815452418124;0.9999551866935852;0.999794280728486;1.024999976158142;
2016-08-10 10:15:00;1.0;0.9999470499497305;0.9999652868328186;0.9999990128687539;1.0;1.0;1.0003333956371212;0.999888862338783;1.0;1.0;0.9999758805016782;0.9997684168053508;0.9998989529217874;0.9999335592437405;0.9998301614963443;0.9998455411917319;0.9998484958369995;0.9999988878577195;0.9999987993768529;0.9999806778470576;0.9999890097598509;0.9999999999999999;0.9998476410944884;1.000303469224781;1.0003458601234165;0.9999819808790288;0.9999919898520551;0.9999861637902918;0.9996967409629383;0.9996838213893616;1.0;0.9999271981506015;0.9999859058837011;1.0;0.999800496357866;0.9997880440010796;1.0;0.9998203648759535;0.9999999999999999;0.9999879130745658;0.9999842499882798;0.9999697067953376;0.9998362803553721;1.024999976158142;
2016-08-10 10:30:00;1.0;0.9999762383028274;0.9999797667924275;0.9999990627873107;1.0;1.0;1.0003254788996983;0.9999266102086775;1.0;1.0;0.9999846545842785;0.9997809664513718;0.9999094248020556;0.9999583848111397;0.9998888798449395;0.9998957760615451;0.9998975719625016;0.9999986657140021;0.9999986341521788;0.9999870970161043;0.999989952070685;1.0;0.9998970062719451;1.000296813219276;1.0003374782153565;0.999985533174892;0.9999942103144195;0.9999913489075987;0.9996922818007905;0.9996834023841493;1.0;0.9999216366603698;0.9999936762870474;1.0;0.9998050094267273;0.9997718364050877;1.0;0.9998215206962029;1.0;0.9999945773965025;0.999986432097238;0.9999816853325677;0.9998497172735539;1.024999976158142;
2016-08-10 10:45:00;1.0;0.9999705993838922;0.9999728383509078;0.9999982533309598;1.0;1.0;1.0003259476632742;0.999890332585897;1.0;1.0;0.999978083696607;0.9998306088225363;0.999944822598752;0.9999390382180071;0.9998324643583275;0.999840985447103;0.999843703131219;0.9999979470958138;0.9999978925910349;0.9999818902394332;0.99998470251086;0.9999999999999999;0.9998428447335035;1.0002992046698196;1.0003375190198882;0.9999781131654208;0.9999915667727169;0.9999873218706459;0.9996909053433337;0.9996815923227533;1.0;0.9999350194178482;0.999992178522752;1.0;0.9998014406328813;0.9998113387255944;0.9999999999999999;0.999843096101026;0.9999999999999999;0.9999932940682352;0.9999794002006753;0.9999755676015991;0.9998911651889217;1.024999976158142;
2016-08-10 11:00:00;1.0;0.9999800682658514;0.9999642013272474;0.9999980443234184;0.9999999999999999;1.0;1.0003340677193768;0.9998642641777606;1.0;0.9999999999999999;0.9999711369004721;0.999868955985383;0.9999728883325872;0.9999278121140527;0.9998024368638024;0.9998082224098465;0.9998109136972023;0.9999959230494506;0.9999958160083575;0.999972852136162;0.9999736156388427;1.0;0.9998099203530085;1.0003085696063823;1.0003456165965903;0.9999657757315801;0.9999873667140113;0.9999849603468027;0.9997013021602896;0.9996863257326708;1.0;0.9999314530468089;0.999994693408469;0.9999999999999999;0.9997998863431331;0.9998006742571566;1.0;0.999837011503589;1.0;0.9999954494165164;0.9999659282063895;0.9999645397485449;0.9999245311328678;1.024999976158142;
2016-08-10 11:15:00;1.0;0.999970236520033;0.9999655795223646;0.999998547419359;1.0;1.0;1.000324799538636;0.9998808316239556;1.0;1.0;0.9999743244893602;0.9997955406435294;0.9999179440661914;0.9999341908537503;0.9998273402924714;0.9998359597698337;0.9998384656683469;0.9999978658919165;0.9999977928796422;0.9999772267449641;0.9999833725358199;1.0;0.9998376572564517;1.0002964811489807;1.0003369485691256;0.9999756054934178;0.9999904196105792;0.9999863024787301;0.999705176241223;0.9996971029610109;0.9999999999999999;0.9999364192325618;0.9999920830880121;1.0;0.9998117869727138;0.9998152594676212;1.0;0.9998454576704913;1.0;0.9999932128321843;0.9999773584199522;0.9999667936466949;0.9998605616401334;1.024999976158142;
2016-08-10 11:30:00;0.9999999999999999;0.9999409096242631;0.9999513996446772;0.9999981178182489;1.0;1.0;1.0003480788084733;0.9998354597313381;1.0;1.0;0.999964897825549;0.9997790135434177;0.9999083574968005;0.9999054856731227;0.9997549691599746;0.9997721354247725;0.9997760940652256;0.9999981847279074;0.9999980349505566;0.99997093804606;0.9999824399964704;1.0;0.9997749260921641;1.000317314383629;1.0003612360994865;0.9999714926873868;0.99998812194701;0.9999803013654903;0.9996832345502471;0.999656702821205;1.0;0.9999329963941079;0.9999842694993566;1.0;0.9997736539962503;0.9998067075040193;0.9999999999999999;0.9998263054071679;1.0;0.9999865093364;0.9999749550302662;0.9999555841682062;0.9998457967872848;1.024999976158142;
2016-08-10 11:45:00;1.0;0.9999062267788296;0.9999445558129763;0.9999987098340994;0.9999999999999999;0.9999999999999999;1.0003503850625957;0.9998277830180946;1.0;1.0;0.9999621578427075;0.999763593083854;0.9998933322127702;0.999894683043953;0.9997322425639308;0.9997594621545419;0.9997643071311416;0.9999981600992417;0.9999979556694614;0.9999700230687346;0.9999826805612245;1.0;0.9997629044184234;1.0003187846570258;1.0003637379043369;0.9999722575711627;0.9999873212704249;0.9999780321210654;0.9996996260451716;0.9996826970000605;1.0;0.9999317418154876;0.999975042170194;1.0;0.999797682736488;0.9998023979663834;0.9999999999999999;0.9998134712082307;1.0;0.9999785978982894;0.9999754495064801;0.999952901076842;0.9998281919405446;1.024999976158142;
2016-08-10 12:00:00;1.0;0.9999323119809934;0.9999528283760716;0.9999988120933088;1.0;1.0;1.0003476840660195;0.9998496036772976;0.9999999999999999;1.0;0.9999664488486518;0.9997956370603488;0.9999167390896605;0.9999108633816443;0.9997685464451666;0.9997882098798498;0.9997921053952958;0.9999965468284058;0.9999963778652283;0.999971087669131;0.9999764431429276;0.9999999999999999;0.9997908391965517;1.0003178991231823;1.000360632011822;0.9999683507329832;0.9999867382862627;0.9999814112491736;0.9996789569446796;0.999653686859687;1.0;0.9999352975470298;0.999981980616387;1.0;0.9997715396944171;0.9998130603954344;1.0;0.9998215435534149;1.0;0.9999845464451158;0.9999691304902443;0.9999584499622207;0.99985730722833;1.024999976158142;
2016-08-10 12:15:00;1.0;0.9999026920475982;0.9999398487934783;0.9999986622973356;1.0;0.9999999999999999;1.0003611087306878;0.9998126720587586;1.0;1.0;0.9999582161195878;0.9997486858685438;0.99988109237654;0.9998863486800899;0.9997078876597918;0.9997361567614913;0.9997413212104913;0.9999964962698644;0.9999962270639007;0.9999652805521165;0.9999744094523516;0.9999999999999999;0.9997397178818157;1.00032794045429;1.0003754509886336;0.9999641112284189;0.9999843639163787;0.9999762680532551;0.9996723600047955;0.9996652117295344;1.0;0.9999313496846676;0.9999740937657626;1.0;0.9997965991969214;0.9998019440265028;1.0;0.9998787918556908;0.9999999999999999;0.9999777824545946;0.9999658401384669;0.9999484814091564;0.9998144957639249;1.024999976158142;
2016-08-10 12:30:00;1.0;0.9998787052755645;0.9999246975783358;0.9999982899019664;1.0;1.0;1.0003852450590554;0.9997656543256099;1.0;1.0;0.9999476412538174;0.9997486889565353;0.999882442519924;0.9998578887041237;0.9996346782157014;0.9996699004499275;0.9996763504902847;0.9999955798814086;0.9999951596626077;0.9999563683883232;0.9999677088318505;1.0;0.999674344967534;1.0003503595862842;1.0004005466477153;0.9999547657232103;0.9999803684068445;0.9999702768875989;0.9996301091805341;0.9996266844968318;1.0;0.999919971778808;0.9999677083406746;1.0;0.9997796653168347;0.9997694962657254;1.0;0.9998891110724631;1.0;0.9999723073960738;0.9999569115886151;0.9999354354169254;0.9998135758904932;1.024999976158142;
2016-08-10 12:45:00;1.0;0.999927688131657;0.9999414564977153;0.9999984747260215;0.9999999999999999;1.0;1.0003663586806937;0.9998091393868774;1.0;1.0;0.9999566680055042;0.9997446672271333;0.9998755425335525;0.9998895828340685;0.9997065310964055;0.9997275354646263;0.9997321866327971;0.9999930384063974;0.9999927682890101;0.9999597731690751;0.9999584167754825;1.0;0.9997304758590664;1.000332355933445;1.0003818175460593;0.999949779085522;0.9999800916941656;0.9999769400868281;0.9996801171463607;0.9996552022828705;1.0;0.9999312979976649;0.9999807474563467;1.0;0.9997777905303828;0.9998033611925391;1.0;0.9998249200057197;1.0;0.9999834889318068;0.9999478501098181;0.9999471698737817;0.9998113729959397;1.024999976158142;
2016-08-10 13:00:00;1.0;0.9999660536075117;0.999962744148564;0.9999993948767779;1.0;0.9999999999999999;1.0003531801978796;0.9998840495730126;1.0;1.0;0.9999719783994457;0.9998148958011593;0.9999305804787961;0.9999349314034365;0.9998253875699542;0.9998352547257208;0.999837664533295;0.9999934305996327;0.9999933035773989;0.9999709318686081;0.9999641567918269;1.0;0.9998365704486131;1.0003242725397432;1.0003663064716906;0.999960306280246;0.9999848340913129;0.9999864318154558;0.9996616408708857;0.9996453389404393;1.0;0.999933597711945;0.999990960011769;1.0;0.9997788851561591;0.9998103308326939;1.0;0.9998120121338696;0.9999999999999999;0.9999922467199828;0.9999565379109511;0.9999644862388555;0.9998759368011166;1.024999976158142;
2016-08-10 13:15:00;1.0;0.9999729878399152;0.9999693120186691;0.9999987053185858;1.0;1.0;1.0003405505299314;0.9998885945363355;1.0;0.9999999999999999;0.9999756840299905;0.9998403955256125;0.9999518153060705;0.9999386234520918;0.999831726795779;0.9998395706422902;0.9998420465616557;0.9999957132079008;0.9999956306341592;0.9999769380376553;0.9999745748633019;1.0;0.9998410951170735;1.0003135464908346;1.0003525936352484;0.9999693436563664;0.9999884113695461;0.9999872217094079;0.9996514687597007;0.9996499153950213;1.0;0.999942919298251;0.9999928090957785;1.0;0.9997913288215213;0.9998369023396104;0.9999999999999999;0.9997967590822605;1.0;0.9999938333251683;0.9999681303621848;0.9999711314241668;0.9998995824380953;1.024999976158142;
2016-08-10 13:30:00;1.0;0.9999810097756515;0.9999694447942782;0.99999874538575;1.0;1.0;1.0003354729232055;0.9998873335672879;1.0;1.0;0.9999747199884538;0.9997931051057214;0.9999121505101344;0.9999395862056176;0.9998299305464713;0.9998354524700213;0.9998377568088568;0.9999938041798428;0.9999937063648237;0.9999740208732643;0.999965925827129;1.0;0.9998367166414227;1.0003061526295671;1.000348841374298;0.9999618522291984;0.9999860208787787;0.999987414732011;0.9996970177921244;0.9996797941348847;0.9999999999999999;0.9999400080712157;0.9999949414184369;0.9999999999999999;0.9997956439009654;0.9998275752166433;1.0;0.9997962690476799;1.0;0.9999956612335298;0.9999585060646029;0.9999703721806812;0.9998570255502782;1.024999976158142;
2016-08-10 13:45:00;0.9999999999999999;0.999971617198584;0.9999715406789806;0.9999989140342399;1.0;1.0;1.0003288243514838;0.9999006864610581;1.0;0.9999999999999999;0.99997830087572;0.999753884453702;0.9998860345551686;0.9999444197220035;0.9998509569948747;0.9998592083808235;0.9998614586131491;0.9999969927103222;0.9999969256428021;0.9999801263570658;0.9999809365535597;1.0;0.9998606561961417;1.000298274104543;1.0003419684640866;0.9999757031314961;0.9999905670466882;0.9999884316590872;0.9997055208655344;0.9996880188959552;0.9999999999999999;0.9999427956262898;0.9999924424137838;1.0;0.9997999140339267;0.9998356796527219;0.9999999999999999;0.9998190812165769;1.0;0.9999935180376758;0.9999755653478241;0.9999734278886817;0.9998243347885599;1.024999976158142;
2016-08-10 14:00:00;1.0;0.9999823086286084;0.9999697953529072;0.999998472083664;1.0;1.0;1.0003285448462198;0.9998854137662115;0.9999999999999999;1.0;0.999975286865962;0.9999225495149003;1.0000114345379139;0.9999388942870976;0.9998304848711447;0.99983562168144;0.9998379404170635;0.9999954941938004;0.9999954190886196;0.9999759887485259;0.9999731583883762;1.0;0.9998370149428804;1.000306258849456;1.000338798331567;0.9999675133492049;0.9999880569933184;0.999987281333555;0.9996788421592825;0.9996708373999103;0.9999999999999999;0.9999400576121864;0.9999952896019187;1.0;0.9997950420665072;0.9998262960214208;1.0;0.9998060986230597;1.0;0.9999959605506166;0.9999663065267475;0.999970394215303;0.9999700333771674;1.024999976158142;
2016-08-10 14:15:00;1.0;0.9999770302032024;0.9999717917137525;0.999998700031623;1.0;1.0;1.000316697470531;0.9998951433131977;1.0;1.0;0.9999773654567546;1.0000043049805922;1.000070646113583;0.9999427393472482;0.9998422056029664;0.9998488594742989;0.999851155101954;0.999996036499562;0.9999959733355427;0.9999785463758253;0.9999763567872509;1.0;0.9998502737173127;1.000299343795093;1.0003248043989688;0.9999713270032367;0.9999892432332321;0.9999880864810252;0.9997056351054836;0.9996966944845361;1.0;0.9999385096759128;0.9999938891915598;1.0;0.999807441154032;0.999820052554468;0.9999999999999999;0.9998298684032554;1.0;0.9999947610411462;0.9999702955391401;0.9999732585553434;1.000039071974001;1.024999976158142;
2016-08-10 14:30:00;1.0;0.9999768178207326;0.9999695070821395;0.9999980992445816;1.0;0.9999999999999999;1.0003264368143387;0.9998772759063015;0.9999999999999999;1.0;0.9999748032265653;1.0000263880347149;1.0000903913947963;0.9999337073053761;0.9998157195398407;0.9998224531589368;0.9998251921555431;0.9999964593402013;0.9999963860275045;0.999977296905927;0.9999771318228318;1.0;0.9998242238606916;1.0003094316995795;1.0003344551347;0.9999703541803273;0.9999889929154216;0.9999862058242016;0.9996953787580678;0.9996693311444856;1.0;0.9999453226124322;0.9999938280827337;1.0;0.9997769074963953;0.99984179647041;1.0;0.9998149848733171;1.0;0.9999947069911842;0.9999704763932843;0.9999711473722912;1.0000598547532;1.024999976158142;
2016-08-10 14:45:00;1.0;0.9999771780570353;0.9999667009689597;0.9999964478408193;0.9999999999999999;1.0;1.0003228169265852;0.9998375892266208;1.0;1.0;0.9999702841235798;1.000066376726567;1.0001230758928672;0.9999138496974562;0.9997557877137228;0.9997624127598008;0.9997662598327289;0.9999983316841113;0.9999982586408896;0.9999768647228671;0.9999830161544895;1.0;0.999765131493061;1.0003073595614291;1.000330206443082;0.9999717152814485;0.9999898035241597;0.999982082875501;0.9997138833102882;0.9997009529432398;1.0;0.9999384257566832;0.9999939254980054;1.0;0.9998074551700786;0.9998201986035853;0.9999999999999999;0.999784315258231;1.0;0.999994790868334;0.9999754803491548;0.9999690477470424;1.0000958663914472;1.024999976158142;
2016-08-10 15:00:00;1.0;0.9999734912885976;0.9999413658516481;0.9999906853811314;1.0;1.0;1.00033106109073;0.9996495956767142;1.0;1.0;0.9999411440837572;1.0000699925543115;1.0001265007272504;0.9998186648127512;0.9994692007563668;0.9994768857187422;0.9994854087997659;0.9999982934256978;0.9999981039529533;0.9999579381080531;0.9999716065947492;1.0;0.9994830485050535;1.0003121228863943;1.0003412115940822;0.999945664775705;0.999981576715167;0.9999622628174899;0.999711640360477;0.9996989475134935;1.0;0.9999337066829231;0.9999929464885958;0.9999999999999999;0.9998046666548944;0.9998050244618094;1.0;0.99983997569006;0.9999999999999999;0.9999939520649538;0.9999560924596333;0.9999460652130805;1.000099123830142;1.024999976158142;
2016-08-10 15:15:00;1.0;0.9999781901655542;0.9999619734407297;0.9999947161887316;1.0;1.0;1.000312102849841;0.9997882369450128;0.9999999999999999;1.0;0.9999633908966412;1.0000618037507132;1.0001171933251904;0.9998892591958161;0.9996789991663412;0.9996853310508631;0.9996904840110374;0.9999985048611034;0.9999984116910158;0.9999730739577118;0.9999808748690849;1.0;0.9996890245054252;1.0002960224520816;1.0003201139203677;0.9999656464624221;0.9999880602568711;0.999976968359543;0.9997182150087099;0.999712075695716;1.0;0.999945527280481;0.9999941946646274;0.9999999999999999;0.9998164644454579;0.9998397522990905;1.0;0.9998461691354394;1.0;0.9999950215895009;0.9999713541142187;0.9999651212362666;1.000090645655692;1.024999976158142;
2016-08-10 15:30:00;1.0;0.9999670630954116;0.9999684494610865;0.999997499900189;1.0;1.0;1.0003144485012763;0.9998647012105536;1.0;1.0;0.9999741809220722;1.0000604378076348;1.0001165713445395;0.9999254420642699;0.9997950878634723;0.9998046522938715;0.9998080194164315;0.999998875557316;0.9999988097069491;0.9999801114699418;0.9999872565949013;1.0;0.9998070553759691;1.0002996953649181;1.0003211909777538;0.9999779519370945;0.9999915011658149;0.9999844925855119;0.9997129371135586;0.9996909829720794;0.9999999999999999;0.99994515944074;0.9999912332747569;1.0;0.9997904874522443;0.9998393296534829;1.0;0.9998234150996894;1.0;0.9999924819408385;0.9999812591005602;0.9999715840144257;1.0000889154447878;1.024999976158142;
2016-08-10 15:45:00;0.9999999999999999;0.9999901125643252;0.9999837603976123;0.9999985904775026;1.0;0.9999999999999999;1.0002995965749097;0.999927661835339;1.0;1.0;0.999986132301173;1.0000695877879442;1.0001228046983508;0.9999616919935973;0.9998930679207999;0.9998959400886246;0.9998975409549018;0.9999989599174681;0.9999989436640915;0.9999884961217727;0.9999910646820062;1.0;0.9998970471644969;1.0002868615048437;1.0003052575516536;0.999986167543067;0.9999949526670266;0.9999920436872184;0.9997120186438744;0.9996970833708707;1.0;0.9999484744592221;0.9999973672151937;1.0;0.9997997053975053;0.9998490134852074;1.0;0.9998072311329377;1.0;0.9999977421485609;0.999987534909172;0.9999844080071341;1.0000980656856515;1.024999976158142;
2016-08-10 16:00:00;1.0;0.999963379299441;0.9999725900594724;0.99999873052022;1.0;0.9999999999999999;1.0003101289211538;0.9999015744439491;0.9999999999999999;1.0;0.9999797100699056;1.000053710245231;1.000110449146997;0.9999432236135851;0.9998502917441343;0.9998609320812223;0.9998634628049329;0.9999990120398989;0.9999989603202959;0.9999839023047158;0.9999901351944512;1.0;0.9998627282146939;1.0002959283999289;1.0003163305226912;0.9999837318159085;0.9999932053283328;0.9999881908068043;0.9997112581229842;0.9996912448461892;1.0;0.9999475966211945;0.9999902516371272;1.0;0.9997918079291522;0.9998464656432903;1.0;0.9998140895557774;1.0;0.9999916396194569;0.9999858261464923;0.9999757409514133;1.0000822627899004;1.024999976158142;
2016-08-10 16:15:00;1.0;0.9999799953742758;0.9999762404926743;0.9999982353746699;0.9999999999999999;1.0;1.0003051267775365;0.9999008729838247;1.0;1.0;0.9999806513737636;1.000060394003999;1.0001158171396822;0.9999462114871513;0.9998527011783048;0.9998585060948127;0.9998607921426468;0.9999988588000139;0.9999988269018314;0.9999842805576185;0.9999891095131146;0.9999999999999999;0.9998601111341203;1.0002913520804193;1.000311309010391;0.9999823270477324;0.9999933007544439;0.999988822159793;0.9997033130746525;0.9996885363843705;1.0;0.9999431347566953;0.999994676134883;1.0;0.9997945043578703;0.9998329173145756;1.0;0.9998531666119403;0.9999999999999999;0.9999954348329707;0.9999844702737463;0.99997772230461;1.0000893804358109;1.024999976158142;
2016-08-10 16:30:00;0.9999999999999999;0.9999414091558106;0.9999624113676735;0.9999988556691541;1.0;1.0;1.0003086880006926;0.999877310147752;1.0;1.0;0.9999736061109915;1.0000552625299022;1.000108039634763;0.9999266442960048;0.9998110449395897;0.9998280397256848;0.999831360326254;0.999998642672858;0.9999985516595712;0.9999789862850491;0.9999873808477293;1.0;0.9998303921883634;1.0002944984149185;1.0003149310889405;0.9999798013338722;0.9999910789925862;0.9999847285812843;0.9997214928407192;0.9997027749882751;0.9999999999999999;0.9999480810827265;0.9999844104218606;0.9999999999999999;0.9997981787696929;0.9998469646870333;1.0;0.9999061730835729;1.0;0.9999866326620437;0.9999821175194217;0.9999675252985444;1.0000801260105;1.024999976158142;
2016-08-10 16:45:00;0.9999999999999999;0.999971036000261;0.999974385700783;0.9999982351297472;1.0;1.0;1.0002927547452811;0.9998955650678636;1.0;1.0;0.9999796055766201;1.0001319392820776;1.0001659398106193;0.9999417478773718;0.9998414888188256;0.9998498957181132;0.9998525172977374;0.999998989003312;0.9999989450585162;0.9999840810153879;0.9999895886281474;1.0;0.9998517572075708;1.0002832114360392;1.0002972115365578;0.9999825896617435;0.9999931511704827;0.9999878890450119;0.9997278486058274;0.9997198862834905;1.0;0.9999496997187598;0.9999922918216518;1.0;0.9998164033033133;0.9998509439920005;0.9999999999999999;0.999968121346735;1.0;0.9999933901023845;0.999984939456808;0.9999770577518453;1.0001485640701246;1.024999976158142;
2016-08-10 17:00:00;1.0;0.9999776858175313;0.9999559048714284;0.9999934302408795;1.0;1.0;1.000304806770513;0.9997446186258805;1.0;1.0;0.9999565726210855;1.0001768370388078;1.0002016966669658;0.9998672473031405;0.9996129189327895;0.9996194032172961;0.9996256122775388;0.9999984021516589;0.9999983007897106;0.9999684480580812;0.9999778415395102;1.0;0.9996238679352027;1.0002942336219218;1.0003109346851384;0.9999593008581645;0.9999860312415751;0.9999723966544771;0.9996784855252102;0.9996744714402895;1.0;0.9999467412274746;0.9999940588238159;1.0;0.9997906072396449;0.9998421031938429;0.9999999999999999;0.9999722188804644;1.0;0.9999949045169633;0.9999664385230096;0.9999594817796809;1.0001889112691191;1.024999976158142;
2016-08-10 17:15:00;1.0;0.999975301665192;0.9999760872994189;0.9999983445932602;1.0;1.0;1.0002989776998938;0.9999026070867849;1.0;1.0;0.9999808905236858;1.0002173302012072;1.0002323302891098;0.9999461314966003;0.9998533598724307;0.9998605392178687;0.9998629094229933;0.9999989706582136;0.999998929836729;0.9999848116860651;0.9999898234645723;0.9999999999999999;0.9998622141314287;1.0002935659503596;1.0003017559409018;0.9999832595691527;0.9999934917368591;0.9999888003487786;0.999674830931215;0.9996532279901392;1.0;0.999953103873979;0.9999934242183104;1.0;0.9997615283937773;0.9998614960060134;0.9999999999999999;0.999975394662933;1.0;0.9999943601998832;0.9999853951264835;0.9999782137673603;1.000223835480257;1.024999976158142;
2016-08-10 17:30:00;1.0;0.9999736400047586;0.9999720193826253;0.9999973245599514;1.0;0.9999999999999999;1.000296144480324;0.9998701034655899;1.0;1.0;0.9999760244331473;1.000212738318661;1.0002279491228594;0.999929471145443;0.9998028605646332;0.9998105230799068;0.9998137574548298;0.999999031953283;0.9999989801494039;0.9999819114559904;0.9999882093840522;1.0;0.9998128392764696;1.0002900687249936;1.0002994164761194;0.9999791378872899;0.9999921932675265;0.9999853368933934;0.9997011499829307;0.999689357017263;1.0;0.999947531014603;0.9999929818094437;1.0;0.9997928719597344;0.999844255077107;1.0;0.9999757757929599;1.0;0.9999939807145076;0.9999824720171592;0.999974794469488;1.0002192435678459;1.024999976158142;
2016-08-10 17:45:00;1.0;0.999977035953763;0.9999796730947872;0.9999986634883448;0.9999999999999999;1.0;1.0002941175919446;0.9999192315215247;1.0;1.0;0.9999841859128878;1.000212036263859;1.0002285374609847;0.9999548318501017;0.9998786577259137;0.9998853346791959;0.9998873346369066;0.999999565086687;0.9999995390321998;0.99998783733575;0.9999934552929771;1.0;0.9998867783544658;1.0002889511369164;1.0002965962757018;0.9999877427940825;0.9999950774517242;0.9999906138381864;0.9996862052466362;0.9996774660704082;1.0;0.9999529635055976;0.9999938856280923;0.9999999999999999;0.9997884036695908;0.9998610592661474;1.0;0.9999749818460131;1.0;0.99999475579307;0.9999899892629108;0.999981629370766;1.000219484243502;1.024999976158142;
2016-08-10 18:00:00;1.0;0.9999740714333059;0.9999756994286266;0.99999766847427;1.0;1.0;1.0002924948954606;0.9998876731531955;1.0;0.9999999999999999;0.9999795615344982;1.0002257269384756;1.0002385052726805;0.9999383939712277;0.9998293582796528;0.9998368872359772;0.9998397630977496;0.9999998378221839;0.9999998064875254;0.9999853847152322;0.9999928683692678;0.9999999999999999;0.9998389956645294;1.0002875665851483;1.0002950548910206;0.9999846035821158;0.9999940817991422;0.9999871996327772;0.9997338945310938;0.9997078267734981;1.0;0.9999507432793766;0.9999930989511349;1.0;0.999792916577692;0.9998543017675878;1.0;0.99997736369426;1.0;0.9999940819442577;0.999988247134763;0.9999784578009613;1.000230931077526;1.024999976158142;
2016-08-10 18:15:00;1.0;0.999979201972894;0.9999777310619278;0.9999977614338837;1.0;1.0;1.0003024922192636;0.9998948861235966;1.0;1.0;0.9999809040611436;1.0002318158745431;1.0002457920042198;0.9999430434184705;0.9998411488565275;0.9998471891556103;0.9998498067804014;0.9999996462952393;0.9999996178013866;0.9999860331668611;0.9999923526890462;1.0;0.999849093809676;1.0002974309809929;1.0003051246316217;0.9999846636361898;0.9999942463174236;0.999988166084153;0.9997558416447548;0.9997159351689195;1.0;0.9999567695362835;0.999994463930016;0.9999999999999999;0.9997890751481247;0.999874356046194;1.0;0.999975394662933;1.0;0.9999952523984525;0.9999878833676027;0.9999799105429552;1.0002380320680937;1.024999976158142;
2016-08-10 18:30:00;1.0;0.9999841132614842;0.9999570968362318;0.9999924966184486;1.0;0.9999999999999999;1.0003171366497006;0.9997291594616515;1.0;1.0;0.9999555374768744;1.0002596025902941;1.0002692599494172;0.9998607811122322;0.9995896603050338;0.999594264618364;0.9996008729557527;0.9999991820656523;0.999999088140051;0.9999690891555149;0.9999802676541124;0.9999999999999999;0.9995990783095268;1.00030978544758;1.0003220281953633;0.9999597990982976;0.9999866078283264;0.9999710581322506;0.9997427027532594;0.9997128489469257;1.0;0.9999518181166551;0.9999957729833283;1.0;0.9997967219519911;0.999859767447176;1.0;0.9999773636942599;1.0;0.9999963757816708;0.9999684761794176;0.9999605529375818;1.0002637947498962;1.024999976158142;
2016-08-10 18:45:00;0.9999999999999999;0.9999858476221024;0.9999692152794813;0.9999953117807375;1.0;1.0;1.0003032814661124;0.9998198479351882;1.0;1.0;0.9999695042156191;1.000251066071715;1.0002596880694719;0.9999066890173068;0.9997276832893736;0.9997317857287668;0.999736133621234;0.9999990089122671;0.9999989624435361;0.9999779434505004;0.9999849403191684;0.9999999999999999;0.9997349210932531;1.0002977626147342;1.0003068116632325;0.9999717007147464;0.9999903378303097;0.9999806125393733;0.9997474731252998;0.9997066339763911;1.0;0.9999557414483723;0.9999962342151681;1.0;0.9997814619676879;0.9998707726291465;1.0;0.9999749818460129;1.0;0.9999967712198223;0.9999769262376397;0.9999715370146661;1.0002548109032918;1.024999976158142;
2016-08-10 19:00:00;1.0;0.9999913417586898;0.9999747770985783;0.9999957129727163;1.0;1.0;1.00030154952078;0.9998433793424705;1.0;1.0;0.9999740816610933;1.000265989228369;1.0002719650269787;0.999919601050076;0.9997634172017811;0.9997659360531412;0.9997697114230526;0.999999402673988;0.9999993661722637;0.9999816941709162;0.999988020603834;1.0;0.999768677009241;1.0002971976973092;1.0003044335796403;0.9999762347221252;0.9999920607313351;0.9999832972077416;0.9997362672385139;0.9996915798359762;1.0;0.9999529610141643;0.9999976933976479;1.0;0.9997680353052076;0.999862117503176;1.0;0.9999757757929599;1.0;0.9999980215106818;0.9999811262179343;0.9999765958297366;1.0002686622577142;1.024999976158142;
2016-08-10 19:15:00;1.0;0.9999961822582506;0.9999873589571061;0.9999980180629513;1.0;1.0;1.0002904442333072;0.9999253769681972;1.0;1.0;0.9999873733566977;1.0002624209066453;1.0002679089118203;0.9999617605189871;0.9998882991902485;0.9998894089697761;0.9998911523121887;0.9999996462952392;0.9999996355392397;0.9999907947236647;0.9999939390319317;0.9999999999999999;0.9998906691861754;1.0002878331299934;1.0002920347543343;0.9999883096981812;0.999996063640855;0.999992060357049;0.999771162055657;0.9997249552427033;1.0;0.9999540835291945;0.9999989823814365;0.9999999999999999;0.9997878463802528;0.9998653340760151;1.0;0.9999749818460131;1.0;0.9999991272373681;0.9999905893036904;0.9999880153924875;1.0002651633025963;1.024999976158142;
2016-08-10 19:30:00;1.0;0.999997627284037;0.999960437911942;0.9999923483617189;0.9999999999999999;0.9999999999999999;1.0003044976571955;0.9997342310125975;1.0;0.9999999999999999;0.9999567924723651;1.0002643851424244;1.0002699293037514;0.9998660275851243;0.9995994390882219;0.9996001287653231;0.9996063878433387;0.9999984742157982;0.9999983839266179;0.9999690657562533;0.9999771871745116;0.9999999999999999;0.9996046354039538;1.0002979648422508;1.0003092473332391;0.9999573004175422;0.9999861748210634;0.9999721488762812;0.9998133904624683;0.9997522987525141;1.0;0.999946059510713;0.9999993668078647;1.0;0.9997931420805682;0.9998411746850232;1.0;0.9999757757929598;0.9999999999999999;0.9999994569292565;0.9999651180717825;0.9999624947929392;1.0002672586227284;1.024999976158142;
2016-08-10 19:45:00;1.0;0.9999974834814918;0.9999753565520847;0.9999966755781495;1.0;0.9999999999999999;1.000292929270673;0.9998634122791026;1.0;1.0;0.9999755571939671;1.0002478021856662;1.0002532284395844;0.9999308925442693;0.9997966226462949;0.9997973570441175;0.9998003196130967;0.9999974600652092;0.9999974224514387;0.9999796390059617;0.9999804130053043;1.0;0.9997993627006322;1.0002884223752628;1.0002960619469194;0.9999714021341582;0.9999903178352164;0.9999856413328964;0.9998283311015755;0.9997448561648965;1.0;0.9999533832147587;0.9999993277205584;1.0;0.9997686341599467;0.9998634348937264;1.0;0.9999761886104859;1.0;0.9999994231488047;0.999973392542005;0.9999757062674921;1.0002506004013993;1.024999976158142;
2016-08-10 20:00:00;0.9999999999999999;0.9999846934274473;0.9999767545956212;0.9999980749786019;1.0;1.0;1.0002817470289767;0.999898352315696;0.9999999999999999;1.0;0.9999803043022183;1.0002328731552295;1.0002397379669667;0.9999458786636366;0.9998492333434079;0.9998536800728047;0.9998559485305717;0.9999983882872023;0.9999983479208355;0.9999835355270632;0.9999868071515422;1.0;0.9998552391612281;1.0002778543662645;1.000284104070899;0.9999800601677671;0.9999926807877727;0.9999887484041722;0.9999058191337212;0.9998127898879228;1.0;0.9999581380512174;0.9999959246143637;1.0;0.9998024630254284;0.999876636112273;1.0;0.9999821271211384;0.9999999999999999;0.9999965049256956;0.9999817915006617;0.9999778136087376;1.0002355729026924;1.024999976158142;
2016-08-10 20:15:00;1.0;0.9999801417730619;0.9999765058750223;0.9999987602225552;1.0;1.0;1.0002787423240154;0.9999118911862966;0.9999999999999999;1.0;0.9999815981411585;1.0002235389970981;1.0002309316823652;0.9999517658458745;0.9998697148162847;0.9998754849920205;0.9998774231542148;0.9999980772986494;0.9999980362766305;0.9999837645880498;0.9999862919176609;1.0;0.9998767788135233;1.0002748342113685;1.0002810096348724;0.9999809203810773;0.9999926984196442;0.9999899701355095;0.9999234525759901;0.9998148727663697;0.9999999999999999;0.9999591451843516;0.9999947128674715;0.9999999999999999;0.9997899777379995;0.9998795616954507;1.0;0.9999908604325449;1.0;0.9999954656307958;0.9999817603408656;0.9999776607205489;1.0002262119130032;1.024999976158142;
2016-08-10 20:30:00;1.0;0.9999888136979064;0.999978319727925;0.9999987584746256;1.0;1.0;1.0002832287306562;0.9999149888290513;1.0;0.9999999999999999;0.9999819832272779;1.0002265093195108;1.0002329821316034;0.9999550541028271;0.99987467712311;0.9998779343707044;0.9998796431290032;0.9999968900296035;0.9999968483594107;0.9999827115458715;0.9999810847977663;0.9999999999999999;0.9998789758610922;1.0002791544238272;1.0002858164195987;0.9999766729943355;0.9999914885857842;0.9999906535046075;0.9999062974709485;0.999809970033361;1.0;0.9999600938665136;0.9999970191092051;0.9999999999999999;0.9997982344809558;0.9998830093617781;1.0;0.999990479290912;1.0;0.9999974428935242;0.9999760779528375;0.999978617213195;1.0002292784234459;1.024999976158142;
2016-08-10 20:45:00;1.0;0.9999905465795139;0.9999818738432976;0.9999987943978205;1.0;0.9999999999999999;1.0002734270810936;0.9999257505817605;1.0;0.9999999999999999;0.9999847433998851;1.0002251821152353;1.00023143298056;0.999960813855611;0.9998904378694873;0.9998931860105064;0.9998947194947014;0.9999977464254075;0.9999977179313436;0.9999858891048472;0.9999855461857251;0.9999999999999999;0.9998941583430982;1.000269928783738;1.0002755936416148;0.9999813568353554;0.9999932149490572;0.999991855531589;0.9998988654821624;0.9997924935847405;1.0;0.9999640019011474;0.9999974819460887;1.0;0.999776623384391;0.9998938884424251;1.0;0.9999912732606052;1.0;0.9999978403484061;0.9999813803566792;0.9999822239909626;1.0002279512154957;1.024999976158142;
2016-08-10 21:00:00;1.0;0.999985630296652;0.9999830846207424;0.999998880580606;1.0;0.9999999999999999;1.000276989231749;0.9999320116940897;1.0;1.0;0.99998638243464;1.000233841028836;1.0002405333744149;0.9999629850667033;0.9998989299796741;0.9999030934722823;0.9999046414491315;0.9999989093586875;0.9999988896631642;0.9999885592488347;0.999991174021912;1.0;0.9999041580180097;1.0002739117303863;1.0002787193073335;0.9999867552012714;0.9999949666123982;0.9999923099480745;0.9998963194103095;0.9997855512208533;1.0;0.99996187623094;0.9999961770245301;1.0;0.9997692024252407;0.9998880637373718;1.0;0.9999916544037751;1.0;0.9999967224249149;0.999987860536997;0.9999840865498444;1.0002365139722713;1.024999976158142;
2016-08-10 21:15:00;1.0;0.9999837536157311;0.9999792286633669;0.9999983868892207;1.0;1.0;1.0002724681351032;0.9999120247696792;1.0;1.0;0.999982957721763;1.00023004602694;1.0002365786384253;0.9999525637847447;0.9998698370472175;0.9998745541640917;0.999876555475836;0.9999990702118368;0.9999990447166403;0.9999861873042656;0.9999906693350693;1.0;0.9998759641436351;1.0002691588219745;1.0002743730668031;0.9999845400573474;0.9999941832851685;0.9999901436583308;0.9999213521205546;0.9998171997303792;1.0;0.9999610889751244;0.9999956753890009;1.0;0.9997947273255466;0.9998851038631233;0.9999999999999999;0.9999908604325449;1.0;0.9999962914416745;0.9999865623685784;0.9999803674978202;1.000232499155333;1.024999976158142;
2016-08-10 21:30:00;1.0;0.9999851268555919;0.9999750629528595;0.9999973909290574;1.0;1.0;1.0002741817073997;0.9998794927504606;1.0;1.0;0.9999778337305477;1.0002286097341633;1.0002352328408917;0.9999364973828645;0.9998203270864185;0.999824646345062;0.9998274136559517;0.9999987086595263;0.9999986740519473;0.9999824451192495;0.9999870987973958;0.9999999999999999;0.9998265956023173;1.0002701190877865;1.000276700779476;0.9999786690220538;0.9999923430142111;0.9999868048133894;0.9999185145127985;0.9998094078832385;1.0;0.9999650432978616;0.999996040504337;1.0;0.9997852362395595;0.9998971671376077;1.0;0.9999912732606054;1.0;0.9999966044473626;0.9999814404886807;0.9999763962029647;1.0002312074483188;1.024999976158142;
2016-08-10 21:45:00;1.0;0.9999859923077467;0.9999835945597161;0.9999989677641153;0.9999999999999999;1.0;1.000268816402974;0.9999367334213588;1.0;1.0;0.9999873298527993;1.000231486032623;1.0002381829498972;0.9999654275612104;0.9999080115003124;0.9999120733351676;0.9999134719087837;0.999999624822427;0.9999996098442393;0.9999897459556107;0.9999945537267915;1.0;0.9999130779154164;1.0002661802674244;1.0002701965745282;0.999989873476351;0.9999960271045412;0.9999928186096635;0.9999089894822364;0.9997940526228695;1.0;0.9999720018843965;0.9999962725714729;1.0;0.9997697846290935;0.9999180951058134;1.0;0.9999912732606053;1.0;0.9999968040522218;0.9999916992589551;0.9999843386662491;1.0002341857763417;1.024999976158142;
2016-08-10 22:00:00;1.0;0.9999848366449822;0.9999801510316709;0.9999987230350491;1.0;1.0;1.0002635698621964;0.999922493201111;1.0;1.0;0.9999844046630605;1.0002231903435717;1.0002296684646388;0.9999580400515772;0.9998873526659136;0.9998917516440917;0.9998934257490458;0.9999992111472225;0.9999991860235311;0.9999870085349516;0.9999918294406118;1.0;0.9998929303179523;1.000260579706898;1.0002652373491303;0.9999862973381962;0.9999947461091887;0.9999912798086807;0.9999237994121859;0.9998160518582361;0.9999999999999999;0.9999738617738952;0.9999959645103126;0.9999999999999999;0.9997893172886102;0.9999229692040678;1.0;0.9999908604325449;1.0;0.9999965397187294;0.9999881644320983;0.9999808637433575;1.0002256896340287;1.024999976158142;
2016-08-10 22:15:00;0.9999999999999999;0.9999880176904118;0.9999817959432303;0.9999986165345996;1.0;1.0;1.0002645229026266;0.9999244886687039;1.0;1.0;0.9999852244548436;1.000228468981099;1.0002344635996194;0.9999596744319484;0.9998902724353309;0.999893755445161;0.9998953795018324;0.9999993306141588;0.9999993081205911;0.9999878681258446;0.9999924546558245;1.0;0.9998949056037881;1.0002617338128654;1.0002661096425842;0.9999869482380017;0.9999951090667254;0.999991620418005;0.9999068800602497;0.999790949640437;1.0;0.999977162267972;0.9999968090748955;1.0;0.9997658151993782;0.9999330323243831;0.9999999999999999;0.9999920672329303;1.0;0.9999972632785012;0.9999889042933172;0.9999823330755803;1.000230922105624;1.024999976158142;
2016-08-10 22:30:00;1.0;0.9999841859402478;0.9999782127729304;0.9999983455364875;1.0;1.0;1.0002642436093083;0.9999093082685486;1.0;1.0;0.9999823264378539;1.0002224786110907;1.0002291651287825;0.9999512877438945;0.9998673217129548;0.9998719082879253;0.999873909183321;0.9999992095833203;0.9999991804233631;0.9999856270086912;0.9999910506167708;1.0;0.9998733277316453;1.0002609671425742;1.0002661151308383;0.9999845045716514;0.9999941606392629;0.9999898760237598;0.9999119308695283;0.9998048378227216;1.0;0.9999748235787013;0.9999957916034706;1.0;0.999782392214015;0.9999257917706035;1.0;0.9999904792909122;1.0;0.9999963915540646;0.9999868338376386;0.9999791007808753;1.0002250472731413;1.024999976158142;
2016-08-10 22:45:00;0.9999999999999999;0.9999823068998905;0.9999779650835139;0.9999983809069154;1.0;0.9999999999999999;1.0002628592789882;0.9999094852158016;0.9999999999999999;1.0;0.9999823028992686;1.0002194212874123;1.0002264467789126;0.9999510014672564;0.9998670576042271;0.9998721881001772;0.9998742253017124;0.9999992816192962;0.9999992518701881;0.9999857472408975;0.9999914146986728;1.0;0.999873639355433;1.0002595119297613;1.0002647355228316;0.9999848813689296;0.9999942340440053;0.9999898163521568;0.9999201307072261;0.9998139319934158;1.0;0.9999751917958192;0.9999952920669971;1.0;0.9997889107338587;0.9999267833749401;1.0;0.9999900664615025;1.0;0.999995963329156;0.9999872652925806;0.9999790769834379;1.0002220457839597;1.024999976158142;
2016-08-10 23:00:00;1.0;0.9999876580177548;0.9999837590027916;0.9999990822166127;1.0;1.0;1.0002586182970108;0.9999398148186938;1.0;1.0;0.999987627542511;1.0002224651705252;1.0002288211145587;0.9999672943015849;0.9999137198642836;0.9999173144760957;0.9999185698789518;0.9999994930551106;0.9999994715304874;0.9999895909217624;0.9999940812506026;0.9999999999999999;0.9999182042863198;1.0002561029086146;1.0002599505455139;0.9999896514429905;0.9999959640672875;0.9999932017802985;0.999927075006586;0.9998174935215479;0.9999999999999999;0.999976401108609;0.9999967115852709;1.0;0.9997879495126794;0.9999302450762497;1.0;0.999990860432545;1.0;0.9999971790315639;0.9999912505754648;0.9999841646440796;1.0002250896750597;1.024999976158142;
2016-08-10 23:15:00;1.0;0.9999846199529111;0.9999765037871304;0.9999978813083518;1.0;1.0;1.000260142683122;0.9998950384737033;1.0;0.9999999999999999;0.9999802160196478;1.0002198637279214;1.0002262853158406;0.9999442071495096;0.9998457984723904;0.999850260934717;0.9998526075256863;0.9999992708828992;0.9999992418069767;0.9999843286142913;0.9999904620023399;1.0;0.9998519394904236;1.000256693577812;1.0002621801673148;0.9999827441879978;0.9999936362077015;0.9999884069307527;0.9999177419602394;0.9998032758280115;1.0;0.9999778753793708;0.9999959066523867;0.9999999999999999;0.9997743863063007;0.9999347022408253;1.0;0.999990860432545;1.0;0.9999964900341348;0.9999856616932212;0.9999774984458387;1.0002223168313418;1.024999976158142;
2016-08-10 23:30:00;1.0;0.9999842588336235;0.9999775132575461;0.9999984767091593;1.0;1.0;1.0002590575610908;0.9999106301924084;1.0;1.0;0.9999821589767343;1.0002167492656646;1.0002234274279507;0.9999519650794204;0.9998705745253962;0.9998751420348044;0.9998770441910305;0.999999122334324;0.9999990938370253;0.9999851237474159;0.9999906786125662;1.0;0.999876482580586;1.0002558156782497;1.0002609028830851;0.999984234287597;0.9999940167434153;0.9999900170843539;0.9999238117543633;0.9998128392539979;0.9999999999999999;0.9999774483396662;0.9999958105017758;1.0;0.999783603987635;0.9999333602384186;1.0;0.9999920672329303;1.0;0.9999964075715789;0.9999864438097117;0.9999781503492389;1.0002193179130017;1.024999976158142;
2016-08-10 23:45:00;0.9999999999999999;0.9999884525746766;0.999981237435691;0.9999990812485676;1.0;1.0;1.000254080258064;0.9999333345474154;1.0;1.0;0.9999857982221204;1.0002149121003927;1.0002211667437828;0.9999641991338502;0.9999060112846718;0.9999093735746395;0.99991064338333;0.999999008912267;0.9999989838373723;0.9999873027475414;0.9999914482702458;1.0;0.9999102400608076;1.0002513539716886;1.0002556003051972;0.9999867403907251;0.9999949127596389;0.9999925579197446;0.9999349391781145;0.9998313277052381;1.0;0.9999777808289865;0.999996923317676;1.0;0.9998017137319336;0.9999340802426812;1.0;0.9999908604325449;1.0;0.9999973607454243;0.9999880601647162;0.999981192954083;1.0002175365851087;1.024999976158142;
2016-08-11 00:00:00;1.0;0.9999865735646929;0.9999806739857244;0.9999989616874325;0.9999999999999999;1.0;1.0002514429605376;0.9999289135906825;1.0;1.0;0.9999851938074567;1.0002099102146342;1.000216592174146;0.9999616051781901;0.9998982975795282;0.9999022037710914;0.9999036421878278;0.9999990502984791;0.9999990276203238;0.9999871088419626;0.9999914399282873;1.0;0.9999031974409172;1.0002485195285153;1.0002530616469358;0.9999864525381891;0.9999947890204282;0.9999920212810981;0.999949333121561;0.9998512948399069;1.0;0.9999790713933848;0.9999964237866399;1.0;0.9998195649790252;0.9999379486611489;1.0;0.9999920672329304;1.0;0.999996932524808;0.9999879354090715;0.9999809725223188;1.0002126389518682;1.024999976158142;
2016-08-11 00:15:00;1.0;0.999977684109793;0.9999800300238143;0.9999994845666416;1.0;0.9999999999999999;1.0002521728465408;0.9999388932315447;1.0;1.0;0.9999863103055057;1.0002076696551412;1.000214970310625;0.999964841283609;0.9999122802057603;0.999918759928543;0.9999200898519689;0.9999994838825328;0.9999994574362567;0.9999882950526409;0.9999941002579567;1.0;0.9999197040250274;1.0002493785596362;1.0002535232909955;0.9999897694234179;0.9999955835652856;0.9999926899242276;0.9999493499529419;0.999854770701853;0.9999999999999999;0.9999785997773412;0.9999940602379732;1.0;0.9998246911139002;0.9999364247296351;0.9999999999999999;0.9999908604325449;1.0;0.9999949063667405;0.999991314256847;0.9999810728532875;1.0002101227286546;1.024999976158142;
2016-08-11 00:30:00;1.0;0.9999865718507244;0.9999811059278443;0.9999987508641829;1.0;1.0;1.0002470422588592;0.999925757764331;1.0;1.0;0.9999851422708127;1.0002088226505832;1.0002152625959178;0.9999600247267657;0.9998928163757941;0.9998967160423555;0.999898289678224;0.9999993612595394;0.9999993391684879;0.9999876560871278;0.9999926615077434;1.0;0.9998978311840369;1.0002442106683997;1.0002486077082122;0.9999872290385197;0.9999951199182884;0.9999916931987511;0.9999524927075008;0.9998705513000039;1.0;0.9999796341484627;0.9999964251120725;0.9999999999999999;0.9998456938524563;0.9999393470528603;1.0;0.999990860432545;1.0;0.9999969342986614;0.9999891767555134;0.9999816181783444;1.0002114203133494;1.024999976158142;
2016-08-11 00:45:00;1.0;0.9999953885776415;0.9999857269727114;0.9999993968496239;1.0;1.0;1.0002430615054325;0.9999518100985664;0.9999999999999999;1.0;0.9999893107091553;1.0002113181564383;1.0002166936279642;0.9999748713213702;0.9999349283486639;0.9999362737255177;0.9999370186000575;0.9999990594710629;0.9999990442805885;0.9999897698949629;0.9999926701072626;1.0;0.999936756823873;1.000240949943606;1.0002442503866256;0.9999892228101144;0.9999959555201107;0.9999947782702476;0.9999555771082778;0.9998847153482214;1.0;0.9999784949751374;0.9999987697175967;1.0;0.9998644161917187;0.9999357984727849;1.0;0.9999908604325448;1.0;0.9999989443993786;0.9999900094272689;0.999984917490032;1.0002139426317243;1.024999976158142;
2016-08-11 01:00:00;1.0;0.9999962540093676;0.999986017087789;0.9999995278893922;1.0;1.0;1.0002397040240663;0.9999554165565053;1.0;1.0;0.9999897317120656;1.000208890850793;1.000213943122116;0.999976860303766;0.9999409725133138;0.9999420600990315;0.9999426760605961;0.9999989475889517;0.9999989327671032;0.999989804749412;0.9999923569400366;1.0;0.9999424403305844;1.0002377054525136;1.0002408405175847;0.9999892265049783;0.9999959495398342;0.9999951912771496;0.999973530019842;0.9999111921881556;1.0;0.9999795512763925;0.9999990015932303;1.0;0.9998890621724029;0.9999388935090328;1.0;0.9999904792909121;1.0;0.99999914383597;0.9999897742614087;0.9999849947208076;1.0002113997850062;1.024999976158142;
2016-08-11 01:15:00;1.0;0.999998061308086;0.9999878357333618;0.9999991816905336;1.0;1.0;1.0002356701392543;0.9999525180244936;1.0;1.0;0.9999902264703628;1.0002077872147634;1.000212960158717;0.9999757660475393;0.9999348596221005;0.999935425505664;0.99993621315714;0.9999993015282602;0.9999992915773579;0.9999910707245742;0.9999938080030022;0.9999999999999999;0.9999359571060208;1.000233686916364;1.000236807221025;0.9999902594100223;0.9999964816736243;0.9999949670213195;0.9999740970792655;0.9999145748085572;1.0;0.9999786352999284;0.9999994818278719;0.9999999999999999;0.999893592373525;0.9999360200817436;1.0;0.9999912732606052;0.9999999999999999;0.9999995553829653;0.9999912965910586;0.9999870976143054;1.0002104868945163;1.024999976158142;
2016-08-11 01:30:00;0.9999999999999999;0.9999960384549675;0.9999877264696698;0.9999990806266031;1.0;0.9999999999999999;1.000234603957178;0.999950479208657;0.9999999999999999;0.9999999999999999;0.9999901679246832;1.000209185942655;1.0002143026706845;0.9999743368774403;0.9999312041205961;0.9999323585385024;0.9999332667778088;0.9999997151991683;0.9999997068243892;0.9999916354267692;0.9999955690581198;0.9999999999999999;0.9999330080275387;1.0002327280160093;1.000235633788367;0.9999916189729081;0.9999969245839557;0.9999946710176498;0.9999777630667405;0.9999144515550786;0.9999999999999999;0.9999792534989852;0.9999989433468855;1.0;0.999890173749292;0.9999378616715339;1.0;0.9999916544037752;1.0;0.9999990935030634;0.9999931872955076;0.9999873168367536;1.0002117142339169;1.024999976158142;
2016-08-11 01:45:00;1.0;0.9999904722104318;0.9999872490542978;0.9999992917042918;1.0;1.0;1.0002273995598356;0.999952557657677;1.0;1.0;0.9999902213997688;1.000194957700353;1.0002006861669066;0.9999742738559495;0.9999317782639622;0.99993453902325;0.9999355252333387;0.9999994532327717;0.9999994447071853;0.9999916463690292;0.9999947087927388;1.0;0.999935227618042;1.0002252056785024;1.0002285628466783;0.9999913476106154;0.9999966486819964;0.999994658438978;1.0000291239163017;0.9999745325357927;0.9999999999999999;0.999979148056782;0.9999974647254968;0.9999999999999999;0.9999371127139346;0.999937398289071;1.0;0.9999904792909119;1.0;0.999997826415908;0.9999924265722905;0.9999875593659543;1.0001974375482934;1.024999976158142;
2016-08-11 02:00:00;0.9999999999999999;0.9999949527868048;0.9999893054199275;0.9999993543646293;1.0;1.0;1.0002246241522643;0.9999578974662358;1.0;1.0;0.999991215624165;1.000190744181663;1.0001960441860098;0.9999778503292523;0.9999388786316535;0.9999403415484663;0.9999411663443165;0.999998776003874;0.9999987668112658;0.9999917853453756;0.9999920161361119;1.0;0.9999408636825291;1.0002223382938145;1.0002259539411429;0.9999895515165713;0.9999961759493436;0.9999954011117101;1.0000379518406903;0.999986444588519;1.0;0.999979105485053;0.9999986561042907;0.9999999999999999;0.9999475786304383;0.9999372183246511;0.9999999999999999;0.9999920672329303;1.0;0.9999988477932282;0.9999896519398445;0.9999893190129331;1.0001932992317977;1.024999976158142;
2016-08-11 02:15:00;1.0;0.9999972661562598;0.9999903424155819;0.9999988964003281;1.0;1.0;1.0002235333631977;0.9999508903857479;1.0;1.0;0.9999909640752616;1.0001930696096362;1.0001983952866027;0.9999747924661246;0.9999271744107641;0.9999279692563291;0.9999290325059642;0.999999120770585;0.9999991138059972;0.9999924279787878;0.9999931360266225;1.0;0.9999286913283509;1.0002212283810044;1.0002249057303634;0.9999898881441454;0.9999964882667957;0.9999947675581452;1.000029218548665;0.999982513779038;1.0;0.9999790532837911;0.9999992708071742;1.0;0.9999490471278457;0.999937032634798;1.0;0.9999912732606052;1.0;0.9999993745989549;0.9999906368645926;0.9999905371700274;1.0001957983009262;1.024999976158142;
2016-08-11 02:30:00;1.0;0.9999956761859288;0.9999908097317629;0.9999992360086144;1.0;1.0;1.000224224690792;0.9999600567244115;1.0;1.0;0.9999922150328684;1.0001952276153974;1.0002005641295506;0.9999790777794956;0.9999418814080606;0.9999431376115927;0.9999439684855096;0.9999993827650181;0.9999993765232718;0.9999933552180874;0.9999948299234301;1.0;0.9999437067666116;1.000222206283935;1.0002253460229167;0.9999920857759029;0.9999971303669092;0.9999956568390648;1.000034106920976;0.9999866858965893;1.0;0.9999792060129968;0.9999988478358496;1.0;0.9999512208191673;0.9999375151159517;1.0;0.9999908604325449;1.0;0.9999990119103581;0.9999928236854032;0.9999909271191244;1.0001978520484627;1.024999976158142;
2016-08-11 02:45:00;1.0;0.9999964715928338;0.9999915397020673;0.999999321159047;1.0;1.0;1.000223314673971;0.999964056489285;1.0;1.0;0.9999929350879931;1.0001968090389697;1.0002018702314754;0.9999812445786509;0.9999483379106804;0.9999493650763394;0.99995008567986;0.9999995037915089;0.9999994985816236;0.9999939379118584;0.9999955799862379;0.9999999999999999;0.9999498614358172;1.000221492890187;1.0002243112898095;0.9999930256447804;0.9999974669387642;0.9999961069246089;1.000037117380763;0.9999884042841364;0.9999999999999999;0.9999799453799028;0.9999990590135236;1.0;0.9999512208191672;0.9999397330887918;1.0;0.999990860432545;1.0;0.9999991928308619;0.9999937783376696;0.9999915247734459;1.000199337298946;1.024999976158142;
2016-08-11 03:00:00;1.0;0.9999958208736146;0.9999923877939728;0.9999996641294965;1.0;1.0;1.0002229707081858;0.9999733343488952;1.0;1.0;0.9999941884225989;1.0001953421131085;1.0002003967767572;0.9999857744264838;0.9999623598432185;0.9999635747258004;0.9999640634825443;0.9999993704364636;0.999999364810338;0.9999945572311277;0.999995562756344;1.0;0.9999638908398338;1.0002212610692316;1.000223869668903;0.9999938486823553;0.9999976707013075;0.9999970467609166;1.0000364904693133;0.9999913486693554;1.0;0.9999790573328292;0.999998886141069;0.9999999999999999;0.9999561976360549;0.9999370343953097;1.0;0.999990479290912;1.0;0.9999990446974591;0.999994104640655;0.9999923024945699;1.0001978219620018;1.024999976158142;
2016-08-11 03:15:00;1.0;0.9999917743100635;0.9999901317324184;0.9999993743554015;1.0;1.0;1.000223685292912;0.9999609160609648;1.0;1.0;0.9999921066447882;1.0001905905026898;1.0001964205960956;0.9999787279749363;0.9999420779539305;0.9999444666520825;0.9999453452737403;0.9999993397866774;0.9999993312887053;0.9999933038733244;0.999994789054157;1.0;0.999945067988783;1.000221499418557;1.0002248500627433;0.9999922616055029;0.9999970521074519;0.9999955830228439;1.0000403420014359;0.9999990077911276;0.9999999999999999;0.9999790661432748;0.9999978097124053;1.0;0.9999644878145859;0.9999370381965015;1.0;0.9999912732606056;1.0;0.9999981217123067;0.9999928638913984;0.9999906689196812;1.000193214923588;1.024999976158142;
2016-08-11 03:30:00;1.0;0.9999977728158999;0.999990251506841;0.9999990479619785;1.0;1.0;1.000223922875826;0.9999547570754318;1.0;0.9999999999999999;0.999991371900111;1.0001959153020268;1.000201041407759;0.9999768320845664;0.9999346319475761;0.9999352837674824;0.9999361885240671;0.9999992892278962;0.9999992809613769;0.9999925942705696;0.9999940448466625;1.0;0.9999359008240055;1.0002218541531946;1.0002251286480923;0.9999908710910428;0.9999967897659378;0.9999951896773422;1.000035897813172;0.9999923480243169;1.0;0.9999790631343576;0.999999404586195;1.0;0.9999582065647012;0.999937037186857;1.0;0.9999916544037751;1.0;0.9999994889476619;0.9999917269769909;0.9999901364600582;1.0001985687882429;1.024999976158142;
2016-08-11 03:45:00;1.0;0.9999963269051838;0.9999913595955366;0.9999995474825716;0.9999999999999999;1.0;1.000223432523603;0.9999673499161723;0.9999999999999999;1.0;0.9999929708328622;1.0001923515178115;1.0001972934642578;0.9999828701187563;0.999952851477555;0.9999539199941158;0.9999545303132813;0.9999988511911687;0.9999988446460736;0.9999931689460592;0.9999928968395777;1.0;0.9999542893070773;1.0002214174495567;1.0002245922749022;0.9999911157028716;0.9999967523356664;0.999996444326858;1.0000347524256485;0.9999881630275047;1.0;0.9999793313026996;0.9999990206517785;1.0;0.9999529148816166;0.9999378943074849;0.9999999999999999;0.9999916544037752;1.0;0.9999991599940948;0.9999909667205048;0.9999912721705976;1.000194804553756;1.024999976158142;
2016-08-11 04:00:00;1.0;0.9999977728158996;0.9999921439091757;0.9999993683669235;1.0;1.0;1.0002231353965934;0.9999668204268182;1.0;1.0;0.9999934461685748;1.0001976145080438;1.0002026876111128;0.9999828913223466;0.9999530111551045;0.9999536629869916;0.9999542908644364;0.9999995543502508;0.9999995494230153;0.9999942884438126;0.9999959340929963;1.0;0.9999540945424092;1.0002214069888977;1.0002240726358842;0.9999935137392167;0.999997666564385;0.9999964486664116;1.000033609735823;0.9999854680960046;1.0;0.9999789280990495;0.9999994046167829;0.9999999999999999;0.9999497828679361;0.9999366543056125;1.0;0.9999908604325449;1.0;0.999999488974346;0.9999942474909735;0.9999919468272465;1.000200238947372;1.024999976158142;
2016-08-11 04:15:00;1.0;0.9999951712564514;0.9999889918573074;0.9999993752985726;1.0;1.0;1.000224833564602;0.9999591502660241;1.0;1.0;0.9999914404731348;1.0001941235565937;1.0001998420816596;0.9999785182685978;0.9999429372139741;0.9999443429542924;0.9999450837043313;0.9999993827650178;0.9999993737459871;0.9999922871340393;0.9999946794067652;1.0;0.9999448456786435;1.0002228021970574;1.000225926926432;0.9999917429100774;0.9999969127322105;0.9999955387830874;1.0000323520081602;0.9999841936704226;0.9999999999999999;0.9999793435727158;0.9999987127006502;1.0;0.9999489131688275;0.9999378986650747;1.0;0.9999916544037754;1.0;0.9999988957575522;0.9999925681837182;0.9999887290251923;1.0001969216221593;1.024999976158142;
2016-08-11 04:30:00;0.9999999999999999;0.9999913402504913;0.9999865049440183;0.9999990405378902;1.0;0.9999999999999999;1.000227429345113;0.9999445178069136;1.0;1.0;0.999988933096943;1.0001917900102375;1.000197600599181;0.9999704058936459;0.9999187213531776;0.9999212340301743;0.9999224205899185;0.9999990563193069;0.9999990432836433;0.9999904934835909;0.9999924969151646;1.0;0.9999220424762447;1.0002248872407953;1.0002288759935691;0.999988819871207;0.9999958461913243;0.9999938536811691;1.0000279101095941;0.9999798357079053;1.0;0.9999791721639417;0.9999976946452958;1.0;0.9999461547607578;0.9999374078723553;1.0;0.9999900664615023;1.0;0.99999802321723;0.9999897099783426;0.9999869123823946;1.0001943741142723;1.024999976158142;
2016-08-11 04:45:00;1.0;0.9999935812920326;0.9999889570979108;0.9999992667911984;1.0;1.0;1.0002252415923634;0.9999560323943836;1.0;1.0;0.999991099177775;1.0001931683601057;1.0001988241313184;0.9999766346145771;0.9999364590321626;0.9999383261071915;0.9999392254240433;0.9999992800554331;0.9999992706828674;0.9999922456525103;0.9999941359021901;0.9999999999999999;0.9999389385108445;1.0002230541091344;1.0002264450973744;0.9999911489093619;0.999996702882353;0.999995148053637;1.0000304580743113;0.9999861883615291;1.0;0.9999786698154148;0.9999982897316135;1.0;0.9999535751236103;0.9999358716431821;1.0;0.9999912732606053;1.0;0.9999985330710408;0.9999919112575035;0.9999891076854172;1.0001958218390345;1.024999976158142;
2016-08-11 05:00:00;1.0;0.9999964715928338;0.9999925288554445;0.9999996032681976;1.0;1.0;1.0002228820293693;0.9999724773124191;1.0;1.0;0.9999941665803439;1.0001947173375794;1.000200091262572;0.9999854739037176;0.9999611687454519;0.9999621959242911;0.9999627023092632;0.9999994333237987;0.9999994290202826;0.9999946315725504;0.9999957736206176;1.0;0.9999625294414207;1.0002211240346157;1.0002238014611107;0.9999939349517176;0.9999977344408701;0.9999969851645801;1.0000360409334361;0.9999919806209304;1.0;0.9999764708053194;0.9999990590034199;0.9999999999999999;0.9999576073696227;0.9999292496433839;0.9999999999999999;0.9999908604325449;1.0;0.999999192822007;0.9999943009387906;0.9999924047653347;1.000197416982055;1.024999976158142;
2016-08-11 05:15:00;1.0;0.9999991460532046;0.9999919963588273;0.999999159695936;1.0;1.0;1.0002236966227196;0.9999615086759917;1.0;0.9999999999999999;0.9999927431572232;1.0001980838211844;1.0002029346887762;0.9999804979707747;0.999944466238145;0.9999447204018705;0.9999454783312706;0.9999993612595395;0.9999993559885256;0.9999937352754237;0.9999947701028318;1.0;0.9999452342813944;1.0002218322776286;1.000224778868685;0.9999920800558103;0.9999972548198391;0.9999959521528492;1.000038479196304;0.999993057884924;1.0;0.9999757334765066;0.9999997697346894;1.0;0.9999571726860678;0.9999270330864238;1.0;0.9999912732606053;1.0;0.9999998019821233;0.9999927753469149;0.99999181193266;1.0002006814560607;1.024999976158142;
2016-08-11 05:30:00;1.0;0.9999960384549675;0.9999898902443534;0.9999990884181726;1.0;1.0;1.0002230407619608;0.9999541775559969;1.0;1.0;0.9999911586851944;1.0001918546242228;1.0001972840057767;0.999976195223839;0.9999328896545555;0.9999340440744077;0.9999350006314606;0.9999991422433026;0.9999991347912288;0.9999923686205168;0.9999934050554642;0.9999999999999999;0.9999346890080499;1.0002207995010792;1.0002243375799886;0.999990376995575;0.9999965667113357;0.9999950583288528;1.0000359205477884;0.9999902372981574;0.9999999999999999;0.9999799208550423;0.9999989433792861;1.0;0.9999549993025107;0.9999396291881789;1.0;0.999990479290912;1.0;0.9999990935313976;0.9999910429821911;0.9999900085324203;1.0001945542609718;1.024999976158142;
2016-08-11 05:45:00;1.0;0.9999934357616929;0.9999893413375394;0.9999992368231089;0.9999999999999999;1.0;1.0002262116569829;0.9999558709153934;1.0;1.0;0.9999911887327525;1.0001318142882725;1.0001525471360266;0.9999765281223321;0.9999352350305397;0.9999371401916805;0.9999380806410565;0.9999991605885149;0.9999991529126222;0.9999923530475084;0.999993636947431;1.0;0.9999377745383371;1.0002208098252217;1.0002287368830804;0.9999907837020426;0.9999965954674432;0.9999951272729978;1.00002877473837;0.9999896748497135;1.0;0.9999772372176485;0.9999982520761606;1.0;0.99996053064075;0.9999316618565296;1.0;0.999990479290912;1.0;0.9999985011606473;0.999991384966191;0.9999896471893471;1.0001427212482028;1.024999976158142;
2016-08-11 06:00:00;0.9999999999999999;0.9999942311654361;0.9999916290810508;0.9999997866539425;1.0;1.0;1.0002314698771144;0.9999730288214216;1.0;1.0;0.9999936917912012;1.0000448927467478;1.0000878269298126;0.9999853030591562;0.9999609546382527;0.9999626307993091;0.9999631354615107;0.9999988297184361;0.9999988226613993;0.9999936335980608;0.9999931891512048;1.0;0.9999629207259236;1.0002216340233487;1.0002357138978395;0.9999919256574371;0.9999969308752568;0.9999969489380466;0.9999773366940602;0.9999541616310762;0.9999999999999999;0.9999774214338447;0.9999984632312486;1.0;0.9999512067004042;0.9999324021068545;1.0;0.9999912732606053;1.0;0.9999986820614747;0.9999915215832819;0.999991701188461;1.0000680212124142;1.024999976158142;
2016-08-11 06:15:00;1.0;0.9999961831011397;0.9999913238844473;0.9999992125405202;1.0;1.0;1.0002331091298018;0.9999610431085251;1.0;1.0;0.9999925508195318;0.9999736326011315;1.0000359557107747;0.9999796718880144;0.9999433245432634;0.9999444376410145;0.9999452550458399;0.9999995129640783;0.9999995072959712;0.9999937856249707;0.9999954651764816;1.0;0.9999450059963391;1.0002193362584373;1.0002389220174337;0.9999926956096068;0.9999973692274761;0.9999957803350235;0.9999719855059338;0.9999543444320428;0.9999999999999999;0.999978894843078;0.9999989817163496;1.0;0.9999563479809201;0.9999369892421945;1.0;0.9999912732606054;1.0;0.9999991263466561;0.9999935544997781;0.9999914361259318;1.0000075210725996;1.024999976158142;
2016-08-11 06:30:00;1.0;0.9999961102078839;0.9999922042126451;0.9999992293841483;1.0;0.9999999999999999;1.0002368186053974;0.9999634561212207;1.0;1.0;0.9999931638341407;0.9999652182076464;1.0000306362630345;0.9999808709668905;0.999946177464055;0.999947309646658;0.9999481116044223;0.9999995742636262;0.9999995697712516;0.9999944440835604;0.9999959153153601;1.0;0.9999478709136462;1.00022244379272;1.0002428559048127;0.9999933374423049;0.9999976094324414;0.9999960297984638;0.9999750671902939;0.9999593797360141;1.0;0.9999799140225644;0.9999989628492658;1.0;0.9999618793782487;0.9999403383546944;0.9999999999999999;0.9999880973849139;1.0;0.9999991103578182;0.9999941601667862;0.9999924481194935;1.0000007982251105;1.024999976158142;
2016-08-11 06:45:00;1.0;0.9999898958685016;0.999988614406372;0.9999994433054934;1.0;1.0;1.000243194291382;0.9999578430843012;0.9999999999999999;1.0;0.9999910820640346;0.9999478504115334;1.0000171178260036;0.9999768069481977;0.99993715706448;0.9999400930315985;0.9999410327082932;0.9999989001861753;0.9999988890218048;0.9999920080492563;0.9999926733948853;1.0;0.9999407085512981;1.0002275915927754;1.0002498167258511;0.99999027604779;0.9999962762378825;0.999995183425305;0.9999700761887728;0.9999404992088656;0.9999999999999999;0.9999796881224101;0.9999973094071308;1.0;0.9999379538238229;0.9999398754466204;1.0;0.9999876845582997;0.9999999999999999;0.9999976925076846;0.9999904495402824;0.9999892566132015;0.9999851091638052;1.024999976158142;
2016-08-11 07:00:00;1.0;0.9999421355610122;0.9999675057427362;0.9999993670540174;1.0;1.0;1.000262549149344;0.9999010448181291;1.0;1.0;0.9999781413970941;0.9999548934183876;1.0000218659189568;0.9999387027217416;0.9998450730887294;0.9998618748519239;0.999864735414693;0.9999990089122669;0.9999989334737371;0.9999829113587196;0.9999905043976282;1.0;0.9998639138915779;1.000245928762048;1.0002695690533772;0.9999846251454059;0.9999927595591708;0.9999872398324057;0.999917945141524;0.9999111625527074;0.9999999999999999;0.9999717385717569;0.9999845996039155;1.0;0.999938313329442;0.999915768766474;0.9999999999999999;0.9999876845582998;1.0;0.9999867933434299;0.9999864719245958;0.9999727548551037;0.9999875828603206;1.024999976158142;
2016-08-11 07:15:00;1.0;0.9999267473898303;0.9999591742293106;0.9999994845096765;1.0;1.0;1.0002845477580415;0.9998819955597243;1.0;1.0;0.9999731460821802;0.9999437163561384;1.0000163717578372;0.9999260394436954;0.9998156331814764;0.999836906936335;0.9998403072095323;0.9999986397837853;0.9999985241498632;0.9999785553747207;0.999987860337958;1.0;0.9998393179225258;1.0002661393260814;1.000292332194065;0.9999810085000052;0.9999909444119158;0.9999845895057269;0.9998771426221059;0.9998854395473202;1.0;0.9999629049364643;0.9999805025358312;1.0;0.9999368894831969;0.9998902198150361;1.0;0.999878954354297;1.0;0.9999832795115964;0.9999829828887739;0.9999655953350003;0.9999784519829993;1.024999976158142;
2016-08-11 07:30:00;0.9999999999999999;0.9999522511580101;0.9999719511639938;0.9999991404942735;1.0;1.0;1.0002812548873459;0.9999087174424545;1.0;1.0;0.9999806442312497;0.9999557238751897;1.0000293408665852;0.9999445867759027;0.9998583710713328;0.9998722369190637;0.9998748269757751;0.9999995850000665;0.9999995311923902;0.9999854205277358;0.9999933519858102;0.9999999999999999;0.9998741169547085;1.0002637454172445;1.0002885639767867;0.9999874101966476;0.9999941033485882;0.9999884723539345;0.9998476704941651;0.9998664450461201;1.0;0.9999613706348223;0.9999872917722097;1.0;0.9999344456879499;0.9998860474447401;1.0;0.9998254558810656;1.0;0.9999891019152467;0.9999897730270197;0.9999763200581945;0.9999927558330002;1.024999976158142;
2016-08-11 07:45:00;0.9999999999999999;0.9999469764781513;0.9999689748730556;0.999999461646551;0.9999999999999999;1.0;1.000301917308387;0.999907990877297;0.9999999999999999;0.9999999999999999;0.9999794271236622;0.9998122882584122;0.9999251308971011;0.9999431622917117;0.9998581603534469;0.9998735562367262;0.9998761247946012;0.9999992907918563;0.9999992230674092;0.9999837848883187;0.9999920141917469;1.0;0.999875399799461;1.00027613616129;1.000312529015675;0.999986258201328;0.9999934340007582;0.9999881687600352;0.9998337785441753;0.9998445005444028;1.0;0.9999573514472333;0.999985888098851;1.0;0.9999182705007805;0.9998763510321758;1.0;0.9997816562591095;1.0;0.9999878983314505;0.9999882861076806;0.9999734665058576;0.999870451633424;1.024999976158142;
2016-08-11 08:00:00;1.0;0.9999575218621909;0.9999744872508841;0.9999995573055025;1.0;1.0;1.0003007600867893;0.9999235803910304;1.0;1.0;0.9999828534536775;0.9998877538620241;0.9999825296731201;0.9999531215892635;0.9998820002594498;0.9998943200299879;0.9998964249283501;0.9999990518622622;0.9999990106407866;0.9999861348022725;0.99999178312189;1.0;0.9998958050758073;1.000278989280719;1.000309794169838;0.9999872687074085;0.9999941323366615;0.9999902510534853;0.9998368542360556;0.9998505433527191;1.0;0.9999530178232271;0.9999886984084355;1.0;0.9999255850757415;0.9998636440812019;1.0;0.9997570518082975;1.0;0.9999903096147518;0.9999885328215332;0.9999780789453865;0.9999367507270925;1.024999976158142;
2016-08-11 08:15:00;1.0;0.9999602696207288;0.9999756063770254;0.9999992935003963;1.0;1.0;1.0002988676827116;0.9999207566414178;1.0;1.0;0.9999829728393773;0.999790931901612;0.9999095391314294;0.9999522471959948;0.9998771458239589;0.9998886768290152;0.9998908727198198;0.9999991605885151;0.9999991196095669;0.9999866077271222;0.9999920950680312;1.0;0.9998902365686052;1.0002721398406078;1.0003099288778512;0.9999872633948172;0.9999942867335657;0.9999900697653679;0.9998048072497208;0.9997961246820282;1.0;0.9999537086285396;0.9999894273625395;0.9999999999999999;0.9998701414767216;0.999865485530677;1.0;0.9997841144385421;1.0;0.9999909339021146;0.999988764370479;0.9999791771907466;0.9998531773950974;1.024999976158142;
2016-08-11 08:30:00;1.0;0.9999652518766821;0.9999781577520997;0.99999940545373;1.0;1.0;1.000291846235956;0.9999297665821697;1.0;0.9999999999999999;0.9999847687722615;0.9998661955232554;0.9999651022514903;0.9999577821697637;0.9998915171160315;0.9999015878051031;0.9999035019308596;0.9999991283791309;0.9999990974790832;0.9999878083782346;0.99999242184748;1.0;0.9999029375958434;1.0002694136757537;1.0003011661707149;0.9999882062034423;0.9999947558238758;0.9999912240514616;0.9998391316298252;0.9998469413062436;1.0;0.9999506658954449;0.9999907567286528;1.0;0.9999164235631611;0.9998558547150184;1.0;0.9997491439733401;0.9999999999999999;0.9999920751484339;0.9999893999879326;0.99998119586332;0.9999179933824948;1.024999976158142;
2016-08-11 08:45:00;1.0;0.9999272401343829;0.9999602263840282;0.999999162389412;1.0;1.0;1.0003182730115185;0.9998788823531843;1.0;1.0;0.9999736022442405;0.9997787890321339;0.9999022718795761;0.9999246245008324;0.999811194020919;0.9998322691672926;0.99983581075074;0.9999996447314056;0.9999995634877041;0.9999802416538083;0.9999921814441463;0.9999999999999999;0.9998348547652033;1.0002896762197604;1.000330008041033;0.9999843471585087;0.9999921903387088;0.9999843142471094;0.9997554097880788;0.9997636475233865;0.9999999999999999;0.9999389528943312;0.9999806485438426;1.0;0.9998667981859384;0.9998221632893097;1.0;0.9997571763830382;1.0;0.9999834097080192;0.9999876212638003;0.9999667943158436;0.9998414272282764;1.024999976158142;
2016-08-11 09:00:00;1.0;0.9999574506986725;0.999975215195016;0.9999994490768426;1.0;0.9999999999999999;1.0003026234096923;0.9999239981502684;0.9999999999999999;1.0;0.9999834019303505;0.9997791115169904;0.9999022011773013;0.9999533137650267;0.9998827872856881;0.9998951326483959;0.9998972697436609;0.9999996539039103;0.9999996141249359;0.9999872780480724;0.9999944830470402;1.0;0.999896683634769;1.0002752304731521;1.0003138093328878;0.999989548765325;0.9999949548373703;0.9999902909995355;0.9997677822796077;0.9997812095307984;0.9999999999999999;0.9999510313628844;0.9999886783041481;1.0;0.9998804725344788;0.9998576155141969;1.0;0.9998066925259325;0.9999999999999999;0.9999902919316153;0.9999915103361662;0.9999789029610474;0.9998436191204118;1.024999976158142;
2016-08-11 09:15:00;1.0;0.9999521776729776;0.9999683060641091;0.9999989255377691;0.9999999999999999;1.0;1.0003070736132118;0.9998944883844545;1.0;1.0;0.9999775416386882;0.9996716443729052;0.9998202246483494;0.9999374246649242;0.999838246306503;0.9998521276316334;0.9998549453080412;0.9999989567614735;0.9999988872518781;0.9999822056672762;0.9999896456593662;1.0;0.9998541314042273;1.00027354892214;1.0003209886644684;0.9999829611850982;0.9999925340071284;0.9999869773356145;0.9997509640194034;0.9997614578907998;1.0;0.9999546534425985;0.9999872732550205;1.0;0.9998653159314984;0.9998686375556315;1.0;0.9998543220176833;1.0;0.9999890865322788;0.999985134568442;0.9999724411309219;0.9997497547132805;1.024999976158142;
2016-08-11 09:30:00;1.0;0.9999705308326257;0.9999728981510306;0.9999980724975363;1.0;1.0;1.0003041359649887;0.9998888791908088;1.0;1.0;0.9999784356046029;0.9997355432110324;0.9998701360019085;0.9999382857473069;0.9998324552646491;0.9998410116824474;0.9998437633991668;0.9999991912382552;0.999999144151595;0.9999833214743662;0.9999900417685443;1.0;0.9998429832746625;1.0002737143850535;1.000316960358286;0.9999823202528088;0.9999930469906009;0.9999871682642214;0.9997566061947603;0.999769152179626;1.0;0.9999547119068177;0.9999921566345604;1.0;0.9998723007963574;0.9998690520060916;1.0;0.9997644536619504;1.0;0.9999932739076575;0.9999851697943252;0.9999755168242133;0.9998072594983379;1.024999976158142;
2016-08-11 09:45:00;1.0;0.9999450272459045;0.9999585257914547;0.9999973792021022;0.9999999999999999;1.0;1.0003344008523731;0.9998377305658864;1.0;0.9999999999999999;0.9999682503027173;0.999715739103215;0.9998601945642625;0.9999074655449759;0.9997527182350564;0.9997686851845909;0.9997729440965625;0.9999995022276023;0.9999993876236344;0.9999764225170579;0.9999886710675969;1.0;0.9997717895395839;1.0003008885165603;1.0003485573217876;0.9999771835926967;0.9999905290349929;0.9999807334471233;0.9997166093798885;0.9996999459768919;0.9999999999999999;0.9999398816704881;0.9999853675048668;1.0;0.9998074802379231;0.9998265974375778;1.0;0.9997336786949833;1.0;0.9999874512865478;0.9999820074327636;0.9999636899814682;0.9997910904477136;1.024999976158142;
2016-08-11 10:00:00;1.0;0.9999736382690784;0.9999800018912751;0.9999992837943572;1.0;1.0;1.0003141854305893;0.9999332244472575;1.0;1.0;0.9999857724940929;0.9997320252183417;0.9998709133340946;0.9999611831423577;0.9999000103016679;0.9999076670680601;0.9999093238540531;0.9999994118183225;0.9999993840784038;0.9999884862367062;0.9999936502406784;1.0;0.9999088470441065;1.0002837991069133;1.000326663508439;0.999989192578299;0.9999953525030815;0.9999919307951146;0.9997125235239372;0.999709137658372;1.0;0.999945427637748;0.9999929830982693;1.0;0.9998232647460026;0.9998425861644856;1.0;0.999745764346494;1.0;0.999993982454586;0.9999907352010396;0.9999819769877841;0.9998063103300999;1.024999976158142;
2016-08-11 10:15:00;1.0;0.9999685063325106;0.999972980241843;0.999998170540956;1.0;0.9999999999999999;1.000318836271665;0.9998914314921672;1.0;1.0;0.9999788991872698;0.999708408745978;0.9998536570069119;0.9999391683038709;0.9998362363574365;0.9998453747969706;0.9998481034698995;0.9999994946189099;0.9999994531813924;0.9999839727387791;0.9999915771890008;1.0;0.999847350671818;1.0002863575330427;1.000332398071598;0.9999838822700964;0.9999935140430792;0.999987354331405;0.99970309725384;0.9996993757440245;0.9999999999999999;0.9999461693226931;0.99999161942662;1.0;0.9998174059019271;0.9998450711010941;1.0;0.9997830366706613;0.9999999999999999;0.9999928137547284;0.9999869746834731;0.9999757743478526;0.9997858254294304;1.024999976158142;
2016-08-11 10:30:00;1.0;0.9999693751947929;0.9999756383013925;0.9999987738019155;1.0;1.0;1.000320936285925;0.9999106573481913;1.0;1.0;0.9999817550071148;0.9997226972760713;0.9998644864120032;0.9999489922175453;0.9998649588069415;0.9998738527226592;0.9998761008873699;0.999999160588515;0.9999991189631706;0.9999855109671808;0.9999912506444005;1.0;0.9998754509943921;1.0002893797779329;1.0003340567986456;0.9999853113514072;0.9999939449889572;0.9999893932042686;0.9997005608848347;0.9996936534436476;1.0;0.9999514639002609;0.9999918486547674;0.9999999999999999;0.9998113970471906;0.9998612728151984;1.0;0.999816296954496;1.0;0.9999930096478769;0.9999873194706105;0.9999781972807474;0.9997982766092458;1.024999976158142;
2016-08-11 10:45:00;1.0;0.9999649683068057;0.99997297379961;0.999998387114199;1.0;1.0;1.000321164025325;0.9998949107032766;0.9999999999999999;1.0;0.9999791310185238;0.9997751090584434;0.9999032235106958;0.9999401964027399;0.9998391034564885;0.9998492791283358;0.9998520160383813;0.9999990180892097;0.9999989640856765;0.9999838463700165;0.9999897990277876;1.0;0.9998512276673206;1.0002920031870808;1.0003334448189507;0.99998289292444;0.9999930496119616;0.999987561364875;0.9996635339830481;0.9996713307725515;1.0;0.9999499293452602;0.9999906752813119;1.0;0.9998078116305754;0.9998555689320404;1.0;0.999838802508859;1.0;0.9999920032017116;0.9999852227213447;0.999976280759946;0.9998428882116606;1.024999976158142;
2016-08-11 11:00:00;0.9999999999999999;0.9999831029140135;0.9999840907498669;0.9999993020358181;0.9999999999999999;1.0;1.0003263915740659;0.9999444548222827;1.0;1.0;0.9999883016613341;0.9997656976799907;0.9999004066946104;0.9999687237786564;0.999918410692837;0.9999233157332327;0.9999245852907813;0.9999994134104283;0.9999993970021197;0.999990253768872;0.9999941654143485;1.0;0.999924210392847;1.000297182722389;1.00033839380401;0.9999903653902839;0.9999960650772134;0.9999935021407517;0.9996045788569684;0.9996261481996094;1.0;0.9999341198349904;0.9999955026532357;1.0;0.9997954794827856;0.9998097828210557;1.0;0.99982206160092;1.0;0.9999961434279963;0.9999916104440666;0.9999851242236448;0.9998383494828392;1.024999976158142;
2016-08-11 11:15:00;1.0;0.999980499696906;0.9999778443300382;0.9999974678159933;1.0;1.0;1.0003293103743525;0.999888204618561;1.0;1.0;0.9999801622573677;0.9997565262064049;0.9998937429247851;0.9999399569501508;0.999829824128361;0.9998354760626005;0.9998382914377689;0.9999994639691594;0.9999994382114867;0.9999856276719344;0.9999911861469203;1.0;0.999837513697638;1.0002984460087159;1.0003423988657354;0.9999831520099982;0.9999938358429461;0.9999875276216398;0.9995902686476855;0.9996044233431962;1.0;0.9999494561331275;0.9999948121497946;1.0;0.9997749741698365;0.9998561816380425;1.0;0.9998170852843422;1.0;0.9999955520622524;0.9999863775399696;0.9999801766099867;0.9998303738268444;1.024999976158142;
2016-08-11 11:30:00;1.0;0.9999784786471805;0.9999646100123877;0.9999947143441583;1.0;0.9999999999999999;1.0003257668075956;0.9997956722060714;1.0;1.0;0.9999654692341909;0.9997931625148565;0.9999195673088639;0.9998930592606946;0.9996895321713481;0.9996957782075835;0.9997008490741813;0.999999310700812;0.9999992365418645;0.9999757203453141;0.9999849448352843;0.9999999999999999;0.9996994676346745;1.0002953825983294;1.000339343828044;0.999969751804237;0.9999895392184611;0.9999777676374461;0.9996212468279018;0.9996438024865346;1.0;0.9999485406550527;0.9999942722042706;1.0;0.9998029730818296;0.9998512804258709;1.0;0.9998228006446125;1.0;0.9999950882854365;0.9999761218675113;0.9999679567703615;0.999860942891997;1.024999976158142;
2016-08-11 11:45:00;1.0;0.999982235738559;0.9999673366324079;0.9999957486050829;1.0;1.0;1.000327621072465;0.9998257078812589;1.0;1.0;0.9999694760270583;0.9997756236465165;0.9999070152725892;0.9999088978091986;0.9997388618519157;0.9997440172692134;0.9997481413976423;0.9999991207705848;0.999999055633077;0.9999773976672223;0.999985694630876;0.9999999999999999;0.9997469955363677;1.000296829529269;1.0003411577705146;0.9999727377129475;0.9999904534161044;0.9999810587431089;0.9996074720278292;0.9996305075705646;0.9999999999999999;0.9999552072601904;0.9999952718923566;1.0;0.9997960198052945;0.9998720029719282;1.0;0.9998248939000306;1.0;0.9999959455812057;0.9999779246516647;0.99996945531628;0.9998463974515587;1.024999976158142;
2016-08-11 12:00:00;1.0;0.9999842588336236;0.999970192205081;0.9999986219760907;0.9999999999999999;1.0;1.0003296171610065;0.999898043887849;1.0;1.0;0.9999780389748444;0.9997416147146387;0.9998824495111992;0.9999456329304757;0.9998604610425138;0.9998650285057227;0.999866811010163;0.9999990885568528;0.9999990343468782;0.9999803721543177;0.9999893705387644;1.0;0.9998662784883806;1.0002986078621443;1.0003425684371117;0.9999814565249431;0.999992821035168;0.9999886850797155;0.9995937758816098;0.9996103941759371;1.0;0.9999522328685629;0.9999958099636889;1.0;0.9997786595961239;0.9998635230210342;1.0;0.9998248745031131;1.0;0.9999964070958921;0.999984304630587;0.9999693902120654;0.9998177041091816;1.024999976158142;
2016-08-11 12:15:00;1.0;0.9998797122930924;0.9999192454890412;0.9999983724317899;0.9999999999999999;1.0;1.0003783769394161;0.9997641609178594;1.0;1.0;0.9999467800295858;0.9996674577210927;0.9998269591750348;0.9998573503248082;0.9996494512664518;0.9996843618574573;0.9996903473499383;0.9999993720003975;0.9999989689748213;0.9999571837537649;0.9999836220698849;0.9999999999999999;0.9996887297557526;1.000340242721858;1.0003941548543878;0.9999668085498509;0.9999843359192674;0.9999701593081171;0.9995924115639103;0.9996076280523669;1.0;0.9999354800593324;0.9999679827267559;1.0;0.9997808045123653;0.9998149494670405;1.0;0.9998430273980725;1.0;0.9999725444530687;0.9999739001785222;0.9999277312149907;0.999746530040194;1.024999976158142;
2016-08-11 12:30:00;1.0;0.999959551137597;0.9999641523085301;0.9999984019609919;1.0;1.0;1.0003542114432395;0.9998764816369778;0.9999999999999999;0.9999999999999999;0.9999742162880563;0.9997389446925351;0.9998847578938037;0.999929838713235;0.9998196228115389;0.9998313794224706;0.9998342490860163;0.9999996937262479;0.9999996098541118;0.9999794080821566;0.9999913585478917;1.0;0.9998334731805919;1.000321578369118;1.0003677344719883;0.9999821233776391;0.9999924177510573;0.9999853913185721;0.9995583328205893;0.9995650077136081;1.0;0.9999407133347069;0.999989231084396;1.0;0.9997477848598858;0.999831800252579;1.0;0.9998529557241254;1.0;0.9999907639783672;0.999986079073325;0.9999666472801064;0.9998160455321812;1.024999976158142;
2016-08-11 12:45:00;1.0;0.9999839718073598;0.9999811037018538;0.9999987547996316;1.0;1.0;1.0003261708434181;0.9999251453133227;1.0;1.0;0.9999850666797545;0.9997968390077037;0.999923480867914;0.9999591921338099;0.9998899024733112;0.9998945625817137;0.9998962468680613;0.9999992203241825;0.999999195211784;0.9999877403451064;0.9999921046000846;0.9999999999999999;0.9998957494035255;1.0002982391324733;1.0003378308755515;0.9999868678134918;0.9999949421547609;0.9999915191886158;0.9995662172533424;0.9995968966733898;1.0;0.9999471412295562;0.999995731906795;1.0;0.9997823645487405;0.9998480558758764;0.9999999999999999;0.9997717541659797;1.0;0.9999963393405654;0.999988607493741;0.9999821031850029;0.9998651282927893;1.024999976158142;
2016-08-11 13:00:00;1.0;0.9999805725922445;0.999978654529903;0.9999986213114939;1.0;1.0;1.0003323482076893;0.9999156190096996;0.9999999999999999;0.9999999999999999;0.9999831377579833;0.9998779425791202;0.9999853645285472;0.9999537356495595;0.9998749770965636;0.9998806102052779;0.9998825504333178;0.9999990196531449;0.9999989896507064;0.999986165680643;0.9999906966068197;1.0;0.9998819716148541;1.0003081141956023;1.000342599399992;0.9999849390755161;0.9999941775496587;0.9999903841009062;0.9995774189508451;0.9995927997266223;1.0;0.999950419052113;0.9999948308019729;1.0;0.9997678403501133;0.9998586905829319;1.0;0.9997244162436417;1.0;0.9999955678611582;0.9999867480032921;0.9999800010134774;0.9999354665826007;1.024999976158142;
2016-08-11 13:15:00;1.0;0.9999810801199028;0.9999788832284248;0.9999991322296049;0.9999999999999999;1.0;1.0003274834375362;0.9999281229532342;1.0;1.0;0.9999845261659572;0.9999160733767114;1.0000131522522844;0.9999601105736664;0.9998965998955339;0.9999020933452842;0.9999036043243781;0.9999990717756326;0.9999990406262793;0.9999865676664028;0.9999915475236698;1.0;0.9999031420067459;1.0003057405457005;1.0003366035609642;0.9999865792618611;0.9999946250428788;0.9999917057397726;0.9996129070176392;0.9996177821533034;1.0;0.9999507069218541;0.9999949638762947;1.0;0.999773119218598;0.9998589534881411;1.0;0.9997816113502729;1.0;0.999995681288384;0.999988069715343;0.9999796243983128;0.9999679625284567;1.024999976158142;
2016-08-11 13:30:00;0.9999999999999999;0.9999818051512195;0.9999742840019944;0.9999983654455881;1.0;1.0;1.0003228323059832;0.9999007699608119;1.0;1.0;0.9999799986573715;0.99984643770874;0.9999597740480027;0.999946508660414;0.9998574810730437;0.9998627741244084;0.9998648507709429;0.9999992310605809;0.9999991913101867;0.9999833321824273;0.9999905173298517;1.0;0.9998642509107182;1.0002973716680494;1.0003335899419072;0.9999831537280517;0.9999935302544553;0.999988877604125;0.9996411249917321;0.9996548083557946;1.0;0.9999446390013729;0.9999951541366866;1.0;0.9998034242004495;0.9998400263623337;1.0;0.9998308409761955;1.0;0.9999958435071724;0.9999858731222747;0.999974873995171;0.9999072841083424;1.024999976158142;
2016-08-11 13:45:00;1.0;0.9999826723264;0.9999740404850928;0.9999975274719001;0.9999999999999999;0.9999999999999999;1.0003306469916666;0.9998816238838868;0.9999999999999999;1.0;0.999978054245622;0.9999124158061131;1.00001207219635;0.999937068096383;0.9998260499947905;0.9998310916002724;0.9998337718219966;0.9999995650866871;0.9999995292707877;0.9999830886992126;0.9999909564193784;1.0;0.9998330367020939;1.0003077356824308;1.0003405094926108;0.9999819799653782;0.9999933553648019;0.9999869207335436;0.9995977124233042;0.9996116161673647;1.0;0.9999362949901769;0.9999953849001778;1.0;0.9997776261937714;0.9998154555156413;1.0;0.9998410566932748;1.0;0.9999960413548679;0.9999857189626744;0.9999752457810471;0.9999658252984062;1.024999976158142;
2016-08-11 14:00:00;1.0;0.9999770342551514;0.9999789444409636;0.9999988084508262;1.0;1.0;1.0003249418162143;0.9999199056766699;1.0;0.9999999999999999;0.9999837798715927;1.0000164121172983;1.0000876357048587;0.9999551734999818;0.9998798977209997;0.9998865681778856;0.9998884993295073;0.9999990518622625;0.9999990214800151;0.9999868207996455;0.9999911986848317;1.0;0.9998879251548912;1.0003082336938052;1.0003321237975493;0.9999859001005316;0.9999943934550419;0.99999068257642;0.9996203309649616;0.9996289870535846;1.0;0.9999435508515692;0.9999938868058044;1.0;0.9997819436966267;0.9998365351244669;1.0;0.9998327356796461;1.0;0.9999947574368605;0.9999875257350826;0.9999807517975063;1.000053850853858;1.024999976158142;
2016-08-11 14:15:00;1.0;0.9999750826563796;0.9999746837195225;0.9999982919221249;1.0;1.0;1.0003210476199527;0.9998979275223389;1.0;1.0;0.999979837246584;1.000059620594055;1.0001185679630544;0.9999437436535787;0.9998471745316002;0.9998544076746719;0.9998568399901779;0.9999988480354228;0.99999880530088;0.9999837465441247;0.9999889714484377;1.0;0.9998561197740109;1.0003064146062113;1.0003275621543855;0.9999820887636507;0.9999930597034183;0.999988303530178;0.9996918176038107;0.9996687890779064;1.0;0.9999388644390007;0.9999933682774096;0.9999999999999999;0.9997784366560549;0.9998217363816451;1.0;0.999822235231698;1.0;0.9999943131098824;0.9999842669240833;0.9999766847141104;1.0000901972233098;1.024999976158142;
2016-08-11 14:30:00;1.0;0.9999733472355794;0.9999673975576188;0.9999967103872527;1.0;1.0;1.0003190118582246;0.9998463335677872;0.9999999999999999;1.0;0.9999719053616599;1.000063286425791;1.0001212592439346;0.999917482490091;0.999769624452371;0.9997773563831749;0.9997810606045698;0.9999992907918563;0.9999992307997608;0.9999789431750559;0.9999878285779203;1.0;0.9997800370521656;1.0003038316910589;1.0003260243551124;0.9999765529432136;0.9999913238053411;0.9999828432534256;0.9997021822687767;0.9996729727786405;1.0;0.9999405795574802;0.9999929076463678;0.9999999999999999;0.9997740439536295;0.9998261567183622;0.9999999999999999;0.9998548258007496;0.9999999999999999;0.9999939185044405;0.9999811122288614;0.9999699883855395;1.0000932096971762;1.024999976158142;
2016-08-11 14:45:00;1.0;0.9999752982480434;0.9999276501713287;0.9999867764169539;0.9999999999999999;1.0;1.0003343402376812;0.9995331950293634;1.0;1.0;0.9999242089105727;1.0001040252171733;1.0001548947707177;0.9997605388739784;0.9992935280561659;0.999300690381704;0.9993121024598454;0.9999994747099227;0.9999992098330448;0.9999483821642511;0.9999697718038855;1.0;0.9993090654470522;1.0003149585786324;1.0003453385345578;0.9999337141679686;0.9999781323531868;0.9999501557320546;0.9997190422351254;0.9996815170408901;1.0;0.9999419488166915;0.9999934268655837;0.9999999999999999;0.9997702667656393;0.9998292985650623;0.9999999999999999;0.9998522130424484;1.0;0.9999943637414335;0.9999497611860982;0.9999334906121041;1.000130190949122;1.024999976158142;
2016-08-11 15:00:00;1.0;0.9999771036957665;0.999966132320552;0.9999957222555754;1.0;1.0;1.0003085663844424;0.9998211644926226;0.9999999999999999;1.0;0.9999686425313093;1.0000793605241094;1.0001306634628218;0.999905596698749;0.9997298597294306;0.9997364971051537;0.9997408533465546;0.9999990625985811;0.9999990008100033;0.9999770229986427;0.9999853188017686;1.0;0.999739642386527;1.0002941859190795;1.0003155407094293;0.9999722589921541;0.9999901547296254;0.999980376432544;0.9997271788099594;0.9997094081031379;1.0;0.999939287305538;0.9999939083040237;1.0;0.9998048616094456;0.9998209845630438;1.0;0.9998480935255526;0.9999999999999999;0.999994776955911;0.999977444674599;0.9999689688089012;1.0001058899535458;1.024999976158142;
2016-08-11 15:15:00;1.0;0.9999745054304736;0.9999671306666545;0.9999961537186367;1.0;0.9999999999999999;1.0003120485828887;0.999832818681357;1.0;0.9999999999999999;0.9999703396151655;1.0000828947790665;1.000134131145341;0.9999109207552108;0.9997470911911558;0.9997544955268614;0.9997586096443676;0.999999160588515;0.9999990984484879;0.9999782429933132;0.9999865146781185;0.9999999999999999;0.9997574692057473;1.0002979049832326;1.000318804703944;0.9999743719257927;0.999990739638672;0.9999814809840225;0.9997140257923829;0.9996894518874512;1.0;0.9999415169196639;0.999993213680116;1.0;0.9997866486304408;0.9998280350130786;1.0;0.99984315750575;1.0;0.9999941801438544;0.9999792191998506;0.9999701107039435;1.0001092045288644;1.024999976158142;
2016-08-11 15:30:00;1.0;0.9999625121986918;0.9999580839407344;0.999995353215186;1.0;1.0;1.0003234727221764;0.9997925236376333;1.0;1.0;0.9999628416985027;1.000119826087107;1.0001629604024147;0.9998882628660059;0.9996844536936146;0.9996953434981184;0.9997005612840442;0.999998992130916;0.9999988798457408;0.9999729107096228;0.9999834859464556;1.0;0.9996991188897283;1.0003100740318194;1.0003301523116634;0.9999685334134463;0.9999884456468852;0.9999767504145072;0.9997284197255054;0.9997075190819185;1.0;0.99992589723813;0.9999900209594238;1.0;0.999802658323458;0.9997812200610235;1.0;0.9998440759438749;1.0;0.9999914418461661;0.9999745196776502;0.9999624515595781;1.000140862886046;1.024999976158142;
2016-08-11 15:45:00;1.0;0.9999708201481579;0.9999550217339096;0.9999941253770394;1.0;1.0;1.000332121415125;0.9997593330872926;1.0;1.0;0.9999580821787425;1.0001776382150873;1.000209558856794;0.9998732574749899;0.9996369919066691;0.9996454639973059;0.9996513177044779;0.9999990395621048;0.9999989190077246;0.9999695997831654;0.9999815005044268;1.0;0.9996497114566909;1.0003206164207628;1.0003383216695092;0.9999636166358763;0.9999871621956351;0.9999736307733597;0.9996947110548511;0.999670948375173;1.0;0.9999321936595977;0.9999922331508103;1.0;0.9997780606830124;0.9998009855406353;1.0;0.9997789896066542;1.0;0.9999933394006931;0.9999709850269491;0.9999587100095118;1.0001931071064158;1.024999976158142;
2016-08-11 16:00:00;1.0;0.9999789826750025;0.9999769459105916;0.9999982522664954;1.0;1.0;1.0003041703867401;0.9999041025624233;1.0;1.0;0.9999815321607934;1.0001620100805404;1.0001934206145504;0.9999476354544192;0.9998580323540746;0.9998641266746894;0.9998663745670373;0.9999995451776985;0.999999519004547;0.9999856552602078;0.9999923441397504;1.0;0.9998657517083588;1.0002957208465963;1.0003080671647877;0.9999853053993856;0.9999943103304602;0.9999891201054228;0.9996874134013473;0.9996867729943468;1.0;0.9999415219006752;0.999994407941538;1.0;0.9998047558215425;0.9998275974087933;1.0;0.9998328289821625;0.9999999999999999;0.9999952052708525;0.9999881424858734;0.9999785212677046;1.0001777678908659;1.024999976158142;
2016-08-11 16:15:00;1.0;0.9999680014238608;0.999975790365478;0.9999986590568861;1.0;1.0;1.0003077434053333;0.9999083104538649;1.0;0.9999999999999999;0.9999816446104061;1.000155591611458;1.0001877398632493;0.9999475440496075;0.9998601337870717;0.9998694219686304;0.9998718042352623;0.9999992832113442;0.9999992469007832;0.9999858347028309;0.9999917274754468;0.9999999999999999;0.9998711276842777;1.0002988930817434;1.0003117597751359;0.9999856097502814;0.999994050415992;0.9999890961328044;0.9996733903408691;0.9996635432291127;1.0;0.9999451268757009;0.9999914843943358;1.0;0.999781704177296;0.9998385287896357;1.0;0.9998578201090691;1.0;0.9999926976946572;0.9999878036418028;0.999978702535987;1.00017099079351;1.024999976158142;
2016-08-11 16:30:00;1.0;0.9999721212956849;0.9999769535883906;0.9999986104460289;1.0;1.0;1.0003014823306333;0.9999096309089008;1.0;1.0;0.9999819653616202;1.0001503340433628;1.0001818264067353;0.9999490265344722;0.9998619644292703;0.9998700631227639;0.9998723632725189;0.9999988297184362;0.9999987914032232;0.9999856389665107;0.999989746256227;1.0;0.9998716765168194;1.0002926289418073;1.000305608061082;0.9999840031644535;0.9999936370474688;0.9999894031080111;0.9997184670724498;0.9997000146460305;1.0;0.9999437820869362;0.9999925789685181;0.9999999999999999;0.999796724457918;0.9998340430685362;1.0;0.9999323707675346;1.0;0.9999936357340284;0.9999856450341336;0.9999795348556373;1.0001656579337415;1.024999976158142;
2016-08-11 16:45:00;1.0;0.9999803576301864;0.9999803453685575;0.9999986795689608;0.9999999999999999;1.0;1.0002974740582515;0.9999209307564813;1.0;1.0;0.9999844184372749;1.0001472640020823;1.0001802235462665;0.999956357185397;0.9998817293347305;0.9998874326530903;0.9998893215484819;0.9999992095833202;0.9999991853179597;0.9999875450094798;0.9999919311678555;1.0;0.9998887695403514;1.0002888191230443;1.0003014238626753;0.9999865320420008;0.9999947482048726;0.9999909317709907;0.9997101029236184;0.999685563815019;1.0;0.999945347200694;0.9999947717598744;1.0;0.999781704177296;0.9998387016265777;0.9999999999999999;0.9999702184800997;1.0;0.9999955165275947;0.9999883372954336;0.9999819180691778;1.0001639641508464;1.024999976158142;
2016-08-11 17:00:00;1.0;0.9999876563111701;0.9999794800152264;0.9999973833951205;1.0;1.0;1.0002934695511703;0.9998908357132779;1.0;1.0;0.9999808477392786;1.0001786822472676;1.000203724437956;0.9999427014847064;0.9998355213271056;0.9998391091539738;0.9998417283633976;0.999999281619296;0.9999992570757092;0.9999857550328548;0.9999903817998322;1.0;0.9998409894108898;1.0002859633011183;1.0002972499492606;0.999982481544166;0.9999938259730045;0.9999880978897072;0.9997284532415537;0.9997082522157439;1.0;0.9999462424416393;0.9999967130110367;1.0;0.999799359697077;0.999841070263279;0.9999999999999999;0.9999706312933846;1.0;0.99999718089341;0.9999854930259081;0.9999810075563416;1.0001915487808861;1.024999976158142;
2016-08-11 17:15:00;1.0;0.999974722992186;0.9999663248222751;0.9999956809174322;1.0;1.0;1.0003030012830039;0.9998199525963924;0.9999999999999999;1.0;0.9999687204623691;1.0002040927555864;1.0002232592763416;0.9999045041753701;0.999726330097827;0.9997336738660835;0.9997381603686065;0.9999991637442364;0.9999991089258208;0.9999774812057751;0.9999858208687753;0.9999999999999999;0.9997369222536504;1.0002952408929888;1.0003073092365589;0.9999727543173399;0.9999902887243379;0.9999801543245138;0.9997353159448418;0.9996992644764463;1.0;0.9999520870977622;0.9999932710196101;1.0;0.9997805955450482;0.9998593776977447;0.9999999999999999;0.9999733939536599;1.0;0.9999942290680797;0.9999780285023244;0.9999696344055795;1.0002128418433718;1.024999976158142;
2016-08-11 17:30:00;1.0;0.9999809337085894;0.9999772571368601;0.9999976578512777;1.0;0.9999999999999999;1.0002915736574511;0.9998899147091926;1.0;1.0;0.9999798342045105;1.000196273872826;1.0002147751407693;0.9999408988115984;0.9998324465934417;0.9998379745300692;0.9998406867425356;0.9999987560905429;0.9999987226334244;0.9999844573101639;0.9999881375679297;1.0;0.9998398864979935;1.0002850958565046;1.000294988197711;0.9999807399512479;0.999992957531502;0.9999877193528524;0.9997418809649399;0.999715271866807;1.0;0.9999574121659163;0.9999949269962789;1.0;0.9997974740894658;0.9998746302991207;1.0;0.9999746007165456;0.9999999999999999;0.999995650362615;0.9999830791843912;0.9999793991049195;1.000205092367802;1.024999976158142;
2016-08-11 17:45:00;1.0;0.9999891742454377;0.9999613607042347;0.9999980818786572;1.0;1.0;1.0003154048379175;0.9998474121381499;1.0;1.0;0.9999658128318464;1.0001507497386248;1.0001699331079739;0.9999211541631082;0.9997700376056945;0.9997731862540052;0.999776062002712;0.9999897548342643;0.9999895970194547;0.9999628690575652;0.9999454209191734;1.0;0.9997745877779612;1.0003045353905349;1.0003223897630351;0.999941001887035;0.999979022159784;0.9999835589033852;0.9997289023603655;0.9996919615075223;1.0;0.9999565113218755;0.9999971130371208;1.0;0.9997755730313919;0.999873086282005;1.0;0.9999765697430272;1.0;0.9999975236953262;0.9999344104566273;0.9999612445330345;1.0001605104052869;1.024999976158142;
2016-08-11 18:00:00;1.0;0.9999824541878585;0.9999728170783163;0.9999972684401832;1.0;1.0;1.0003042262861928;0.9998697370810053;1.0;0.9999999999999999;0.9999757299982164;1.0002151625439353;1.0002307121159686;0.9999310570085496;0.9998038814828956;0.9998089800621667;0.9998120163513614;0.9999979625519027;0.9999979153793557;0.9999802983598198;0.999983290099636;0.9999999999999999;0.9998110752816233;1.0002977588842976;1.0003078969968484;0.9999747642749542;0.9999909235340282;0.9999856696976291;0.9997335785277816;0.9996747790851563;1.0;0.9999506526553905;0.9999953283360065;1.0;0.9997453559021701;0.9998552927732153;1.0;0.9999748220367868;1.0;0.9999959934142924;0.9999769523412562;0.9999745523728679;1.0002224659597712;1.024999976158142;
2016-08-11 18:15:00;1.0;0.9999828873179984;0.9999640580872767;0.9999948393038062;1.0;1.0;1.0003184283937225;0.9997958951260439;1.0;0.9999999999999999;0.999964824844386;1.0002256379791643;1.0002424514322288;0.9998940485258884;0.9996912398521938;0.999696210617319;0.9997011061089598;0.9999982979107006;0.9999982165744175;0.9999738042603172;0.9999803705095429;1.0;0.9996996997839137;1.0003104631327198;1.0003232008434897;0.999965797231281;0.9999882335229822;0.999977969713004;0.999755220601012;0.9997031826629151;1.0;0.9999453558607839;0.9999954439549318;1.0;0.9997723224834579;0.999840652268634;1.0;0.9999764099330397;1.0;0.9999960926992274;0.9999710330461004;0.9999666852346638;1.0002336644152954;1.024999976158142;
2016-08-11 18:30:00;1.0;0.9999892445313149;0.9999691331685399;0.9999954906502638;1.0;1.0;1.0003081306981472;0.9998221798185468;1.0;0.9999999999999999;0.99996920477786;1.0002246405764934;1.0002391904868582;0.9999085337875665;0.9997313795950554;0.9997344992977931;0.9997386731220306;0.9999978797842604;0.9999978218658313;0.9999763132266543;0.9999800045195798;0.9999999999999999;0.9997374272068349;1.0003009961859022;1.0003125066716851;0.9999676991515539;0.9999889998861603;0.9999809897892684;0.999747507923875;0.9996916095356042;1.0;0.9999583775611226;0.9999971370923618;1.0;0.9997596732242341;0.9998794106218648;1.0;0.9999805392078105;1.0;0.9999975451672551;0.999971548507117;0.999970966400406;1.0002318688460858;1.024999976158142;
2016-08-11 18:45:00;1.0;0.9999825209800985;0.9999750396791953;0.9999980799662943;1.0;1.0;1.0003012242540998;0.9998912344743206;1.0;1.0;0.9999784773160336;1.000215087766434;1.000228346504689;0.9999418871281;0.9998356889040417;0.9998407458174351;0.9998432219067873;0.9999970801966084;0.9999970453798941;0.9999810770258232;0.9999806945307095;0.9999999999999999;0.9998423662498845;1.000295243831034;1.000304696885887;0.9999745594385901;0.9999907156678072;0.9999879256746295;0.999738994770253;0.9997047788927024;1.0;0.999957137825883;0.9999953517579255;1.0;0.9997865597593447;0.9998753716222317;1.0;0.9999888913511112;1.0;0.9999960155365133;0.9999749144164328;0.9999765128718586;1.0002211457540502;1.024999976158142;
2016-08-11 19:00:00;1.0;0.9999889551997904;0.9999814858797651;0.9999985011570057;1.0;1.0;1.0002992302339242;0.9999182336699048;1.0;1.0;0.9999839232015529;1.0002331761328804;1.0002439588894299;0.9999567270498977;0.9998775728584071;0.9998807756920972;0.9998825858950883;0.9999979410791717;0.9999979165440193;0.9999858788831248;0.9999860364939045;1.0;0.9998819656436995;1.0002946713765088;1.0003018502885783;0.9999812249282268;0.9999932009816127;0.9999910098986854;0.9997502280499142;0.9997011623397678;1.0;0.9999584505477818;0.9999970604569502;1.0;0.9997711803555253;0.9998794024076367;0.9999999999999999;0.9999920672329302;1.0;0.9999974795703911;0.999981697441195;0.999982301829621;1.0002383201713925;1.024999976158142;
2016-08-11 19:15:00;1.0;0.9999872208282361;0.9999781195863796;0.9999980933544986;1.0;1.0;1.0002934144961693;0.9999005586536573;1.0;1.0;0.9999807228334412;1.000229868019077;1.0002391918539293;0.9999475014796482;0.9998507575209291;0.9998544628398041;0.9998566892855087;0.9999976392631529;0.9999976064064843;0.9999833034446477;0.9999836495085717;1.0;0.9998559384500383;1.0002887036839172;1.000296255726287;0.9999776955226951;0.9999919670700366;0.9999890909917849;0.9997849057928225;0.9997315250986394;0.9999999999999999;0.9999601840277497;0.9999965991476676;0.9999999999999999;0.9997856291542409;0.9998837852425372;0.9999999999999999;0.9999908604325449;0.9999999999999999;0.9999970840636313;0.9999784369117567;0.9999791613530312;1.0002340924817568;1.024999976158142;
2016-08-11 19:30:00;1.0;0.9999875828367069;0.999979813634161;0.9999982033816469;0.9999999999999999;1.0;1.0002871820535397;0.9999088370865423;1.0;1.0;0.9999825544381808;1.0002445438504757;1.0002505135301893;0.9999517305296293;0.9998644619111562;0.9998680655899619;0.9998701070038093;0.9999985355109057;0.9999985090579038;0.9999854845837234;0.9999880762630734;1.0;0.9998694676432396;1.000283718854813;1.000289306223172;0.9999820446353899;0.9999934766176213;0.9999899711032992;0.9998480354571497;0.9997726199933507;1.0;0.9999604121769844;0.9999966947273119;1.0;0.9997926710877095;0.9998843317793119;1.0;0.9999912732606053;1.0;0.9999971657200587;0.9999835741466236;0.9999807325238942;1.000246954446654;1.024999976158142;
2016-08-11 19:45:00;0.9999999999999999;0.9999866444838124;0.9999798810583859;0.9999981070687832;1.0;1.0;1.000279645434507;0.9999075665076435;1.0;1.0;0.9999826749513383;1.000238455509131;1.0002449362761776;0.9999509021917675;0.9998627228096013;0.9998666033536403;0.9998687137344292;0.9999990487345624;0.9999990248045548;0.9999861805571452;0.9999902928423653;1.0;0.9998680922231711;1.000276261761728;1.000281651108805;0.9999837992591597;0.9999940802556802;0.9999898000227093;0.9999249077914012;0.9998167114091858;0.9999999999999999;0.9999621805610945;0.9999964439716055;1.0;0.9997924651067648;0.9998894721538606;1.0;0.9999920672329302;1.0;0.9999969502831797;0.9999859709670659;0.9999809412896148;1.000241080055623;1.024999976158142;
2016-08-11 20:00:00;1.0;0.9999868577023028;0.9999830896610076;0.9999983411370658;1.0;1.0;1.000280024403174;0.9999214215864428;1.0;1.0;0.9999855543283062;1.0002445964406876;1.0002509172336447;0.9999579163155016;0.9998829783633932;0.9998867823139206;0.9998886392586686;0.9999996662042338;0.9999996525209902;0.9999890846300353;0.9999938873836536;1.0;0.9998881276629608;1.000277146837056;1.0002816408450548;0.9999880642522382;0.999995574694428;0.9999912608326611;0.9999099579463127;0.9997905271718123;1.0;0.9999618216342352;0.9999965045186677;1.0;0.9997660241386196;0.999888668865265;1.0;0.999990479290912;1.0;0.9999970035534778;0.9999904484875148;0.9999842517220512;1.000247151628391;1.024999976158142;
2016-08-11 20:15:00;1.0;0.9999867121548044;0.999970208636595;0.9999960861186191;1.0;0.9999999999999999;1.0002858803487527;0.9998406886233507;1.0;1.0;0.9999721232546377;1.0002447605826748;1.0002514148360178;0.9999173345256408;0.9997632199358865;0.9997670615141846;0.999770733170373;0.9999992907918563;0.9999992458666643;0.9999792009012358;0.9999872581939699;1.0;0.9997697181797954;1.0002814050017164;1.0002887488449186;0.9999752144150308;0.9999913860342758;0.999982820911213;0.9999186763670608;0.9998034206418303;1.0;0.9999663487558547;0.9999964666682217;1.0;0.9997778041854112;0.9999022978332396;1.0;0.9999908604325449;0.9999999999999999;0.9999969714678806;0.9999801281959089;0.9999716427179982;1.000247489414986;1.024999976158142;
2016-08-11 20:30:00;1.0;0.999990110830333;0.9999470243031633;0.9999901092053628;1.0;1.0;1.0003031585392912;0.9996538767564955;0.9999999999999999;1.0;0.9999437214451552;1.000250544535124;1.0002593052498465;0.9998241514793936;0.9994790980200687;0.9994819624995961;0.9994902063080373;0.9999991637442365;0.9999990162278415;0.9999607997988414;0.9999754029209343;1.0;0.9994879804237714;1.000294772520641;1.0003090311953051;0.9999487112576834;0.9999832690891867;0.9999634239392018;0.9999214857498406;0.9997913639269761;1.0;0.9999706902454386;0.9999973684669563;1.0;0.9997576897508098;0.9999159832023221;1.0;0.9999908604325449;1.0;0.9999977438591982;0.999960218316169;0.9999502288211157;1.0002546609954561;1.024999976158142;
2016-08-11 20:45:00;0.9999999999999999;0.9999884491339001;0.9999663213088411;0.9999948464805754;1.0;1.0;1.0002864716397284;0.999805504899888;1.0;1.0;0.9999671071836786;1.0002350788223715;1.0002452358051948;0.9998999977578247;0.9997106258387042;0.9997139744683092;0.9997185009588757;0.9999997872351906;0.9999997259435296;0.9999765048179814;0.9999872655080034;1.0;0.9997172960360102;1.0002808582141298;1.000289983111987;0.9999719987270165;0.9999905287915664;0.9999792129160664;0.9999264294320643;0.9998062395533143;0.9999999999999999;0.9999708419968427;0.9999969260757263;1.0;0.9997748823722502;0.9999156267208533;0.9999999999999999;0.9999924483761709;1.0;0.9999973643886484;0.9999788035209561;0.9999679701831907;1.0002398449605223;1.024999976158142;
2016-08-11 21:00:00;0.9999999999999999;0.9999867156520909;0.9999769819049831;0.9999974158733941;1.0;1.0;1.0002797927885558;0.9998873289663263;1.0;1.0;0.999979740518979;1.000226806218152;1.000237622950265;0.9999407531725928;0.9998340808714519;0.9998379357223678;0.9998405074047214;0.999999837822184;0.999999807856577;0.9999848866671873;0.9999924680821959;1.0;0.9998398199391445;1.0002755250462534;1.0002821478278467;0.9999836767962287;0.9999941324199939;0.9999876888112571;0.9999326413552456;0.9998176129924359;1.0;0.9999702276883503;0.9999964641880662;1.0;0.9997867823596401;0.9999137609198221;1.0;0.9999908604325449;1.0;0.9999969680686966;0.9999875616187454;0.9999780431702127;1.000231813085343;1.024999976158142;
2016-08-11 21:15:00;0.9999999999999999;0.9999872231775149;0.9999753876106838;0.999997125637411;0.9999999999999999;1.0;1.0002788461953194;0.9998764255739288;1.0;1.0;0.9999778380254538;1.0002238313327747;1.0002343762786223;0.9999353705413734;0.9998172043245572;0.9998209193413907;0.9998237377224647;0.9999994317316754;0.9999993922575167;0.999983184605806;0.9999900216025077;0.9999999999999999;0.9998229569325539;1.0002742646643223;1.0002814816701882;0.9999806763081786;0.9999931471048333;0.9999865667174624;0.9999143530857775;0.9997930409663867;1.0;0.9999686852395517;0.9999965972528425;1.0;0.9997644504695579;0.9999084374350194;1.0;0.9999920672329302;1.0;0.9999970814861466;0.9999844729920412;0.9999765046844579;1.000228722648774;1.024999976158142;
2016-08-11 21:30:00;0.9999999999999999;0.9999929316754104;0.9999695508825617;0.9999952650582562;1.0;0.9999999999999999;1.0002848528490174;0.9998223294528511;0.9999999999999999;0.9999999999999999;0.9999698526335815;1.0002334371946635;1.0002434705994216;0.9999093371292337;0.9997363366748366;0.9997383942183219;0.9997424481238237;0.9999994225873543;0.9999993624589881;0.9999779457882713;0.9999865944761155;1.0;0.9997413418805617;1.0002794595418456;1.0002882548592948;0.9999728285462773;0.9999908948494226;0.9999811517475038;0.9999309775715481;0.999810009333158;1.0;0.9999701053093755;0.9999981162297968;1.0;0.9997764254426378;0.9999132445247904;0.9999999999999999;0.999990860432545;1.0;0.9999983840777613;0.9999786402207244;0.9999706466228433;1.000238444095047;1.024999976158142;
2016-08-11 21:45:00;1.0;0.9999890278370414;0.999950884904098;0.9999950195847858;1.0;1.0;1.0002841996581209;0.9997729363045105;1.0;1.0;0.9999572774067791;1.000235163328573;1.0002420229712723;0.9998837243259208;0.9996762742352105;0.9996794574219238;0.9996839463642968;0.9999983316841112;0.9999981927774719;0.9999647277845093;0.999978146109102;0.9999999999999999;0.9996826492888339;1.0002786308108955;1.0002879570458227;0.9999605359497195;0.999986149092665;0.9999757854109383;0.9999477143746374;0.9998315569898225;0.9999999999999999;0.9999751012201892;0.9999970783179433;1.0;0.9997928384735206;0.9999271883282992;1.0;0.9999920672329302;1.0;0.9999974946716265;0.9999671788396538;0.9999499162058342;1.0002381619579728;1.024999976158142;
2016-08-11 22:00:00;1.0;0.9999872208282362;0.9999513044366702;0.999995781162676;1.0;1.0;1.0002827508679395;0.999789306062657;1.0;1.0;0.9999588979411469;1.0002299518517888;1.0002361806960822;0.999891584185989;0.9997012307544835;0.9997049355192313;0.9997089660500704;0.9999975764043758;0.9999974327373157;0.9999646284662201;0.9999757766486681;1.0;0.9997077365451169;1.0002773053133764;1.0002864389314223;0.9999600297781712;0.9999857647810733;0.9999774135875243;0.9999418299895974;0.9998257853166364;1.0;0.9999760247016382;0.9999965978553877;1.0;0.9997888046036504;0.9999297622631592;0.9999999999999999;0.9999908604325448;1.0;0.9999970829176008;0.9999651834739162;0.9999501069101981;1.0002324801955418;1.024999976158142;
2016-08-11 22:15:00;1.0;0.9999826689042809;0.9999612777597878;0.9999962580413231;1.0;1.0;1.0002795015476362;0.9998253884560682;1.0;1.0;0.9999673317699396;1.0002378749053058;1.0002449092120083;0.9999088147284871;0.9997494206084293;0.9997544488216801;0.999758100085406;0.9999996539039101;0.9999995677353956;0.9999742632183706;0.9999875477610524;1.0;0.9997571159101296;1.0002751193466166;1.0002822115094236;0.9999735650054928;0.9999904417159154;0.9999810244502026;0.999929606947049;0.999810507674942;1.0;0.9999763430091162;0.9999953870610598;1.0;0.9997764530343911;0.9999309666268762;0.9999999999999999;0.9999916544037751;1.0;0.9999960444682339;0.9999796628107884;0.9999615600067403;1.0002405285028395;1.024999976158142;
2016-08-11 22:30:00;0.9999999999999999;0.9999833196060445;0.9999453423012629;0.9999934585437186;1.0;0.9999999999999999;1.0002866056036115;0.9997260793139229;1.0;1.0;0.9999507540629643;1.0002412112574512;1.0002480860981897;0.9998590380478898;0.9996027775619196;0.9996076174024793;0.9996134707377674;0.9999992617059347;0.9999990921821086;0.9999620151701202;0.999979598341236;0.9999999999999999;0.9996118801600457;1.0002804295084955;1.0002907758608697;0.9999578320606215;0.9999853492637644;0.9999706431402574;0.999943770508406;0.9998263641506705;1.0;0.9999772539998515;0.999995559559539;1.0;0.9997880247346361;0.9999335126529297;0.9999999999999999;0.9999920672329303;1.0;0.9999961922723363;0.9999671550946728;0.9999458062476587;1.000243822296013;1.024999976158142;
2016-08-11 22:45:00;1.0;0.9999863542742606;0.9999290761387638;0.9999954473404457;1.0;0.9999999999999999;1.0002972638462917;0.9997369736316611;0.9999999999999999;0.9999999999999999;0.9999453981466394;1.0002529362567771;1.0002593251488563;0.9998650530128681;0.9996482068926491;0.9996521660149751;0.9996563345944269;0.9999988111056939;0.9999985061326576;0.9999513923553749;0.9999767471503452;0.9999999999999999;0.9996551553481386;1.000292248808238;1.00030058208085;0.9999544224046085;0.9999833363049871;0.9999717900093186;0.999948919856613;0.9998317075392321;1.0;0.9999786206802848;0.9999963639892894;1.0;0.9997914287335848;0.999937434545687;1.0;0.9999912732606053;1.0;0.9999968820248459;0.999963586504703;0.9999241137751637;1.0002554914657853;1.024999976158142;
2016-08-11 23:00:00;1.0;0.9999893909415223;0.9999536298481354;0.9999941011157625;1.0;1.0;1.0002729577146308;0.9997568813932871;1.0;1.0;0.9999565598613105;1.0002240783276275;1.000230212338628;0.9998757437524933;0.9996437377091626;0.9996468223054678;0.9996520635941657;0.9999980254430643;0.9999979152536583;0.9999657081795299;0.9999762021729546;1.0;0.9996505472684809;1.0002668398296262;1.0002772201711172;0.9999580304013801;0.9999856091950309;0.9999741512813672;0.9999446703562076;0.999829723732582;1.0;0.9999788855580425;0.9999971737889728;1.0;0.9997916712679304;0.9999379641760275;1.0;0.9999916544037751;1.0;0.9999975759318324;0.9999646805696886;0.9999541587854327;1.0002267028363947;1.024999976158142;
2016-08-11 23:15:00;1.0;0.9999891742454377;0.9999704202123921;0.9999979658560995;1.0;1.0;1.0002682590789291;0.9998838218660745;1.0;1.0;0.9999764125626617;1.0002271166407486;1.0002332784236951;0.9999394662948059;0.9998376197363468;0.9998407685974988;0.999842905770819;0.9999987484818534;0.9999986885100347;0.999979336980636;0.9999869863779065;0.9999999999999999;0.9998422561684153;1.0002647856849165;1.000270395439388;0.9999781879122447;0.9999919869781204;0.9999874023766353;0.9999200434174293;0.9998168211694772;1.0;0.9999795673884232;0.9999971158250107;0.9999999999999999;0.9997932730131137;0.9999399949309272;1.0;0.9999916544037752;1.0;0.9999975261543594;0.9999811556432694;0.9999696062309813;1.0002297411574883;1.024999976158142;
2016-08-11 23:30:00;1.0;0.999987871319921;0.9999682045335501;0.9999982341083675;1.0;1.0;1.0002675184058891;0.9998847842303706;1.0;0.9999999999999999;0.9999757254262284;1.0002258952552663;1.000232144217385;0.9999396955750289;0.9998422160148859;0.9998457336854517;0.9998477088364098;0.9999987883041634;0.9999987293514332;0.9999781897806045;0.9999871141652272;1.0;0.9998471046205433;1.0002641661952243;1.0002695340995822;0.9999782253228676;0.9999918379230074;0.9999874498204395;0.9999029344292762;0.999809749485357;1.0;0.9999780950600905;0.9999967713707251;1.0;0.9997971255338929;0.9999353771131058;1.0;0.9999928612064207;1.0;0.999997231624192;0.9999812670633872;0.9999669227055671;1.0002284794474157;1.024999976158142;
2016-08-11 23:45:00;1.0;0.9999809319601142;0.9999646726267806;0.999999221847235;1.0;0.9999999999999999;1.0002655255548336;0.9998961730963273;1.0;1.0;0.9999753017187887;1.000208360027287;1.0002157461916825;0.9999440289813788;0.9998612710191523;0.9998667926145702;0.9998683547595233;0.99999773725279;0.9999976640880184;0.9999757715179013;0.9999831277798272;1.0;0.9998677854342319;1.0002617447142106;1.000267702278744;0.9999759100877803;0.9999905508629503;0.9999883412991221;0.9999408583703394;0.999847056923686;1.0;0.9999780407357848;0.999994927034503;0.9999999999999999;0.9998208826777318;0.9999350969247958;1.0;0.9999912732606053;1.0;0.9999956509890595;0.9999773014478552;0.999963189126654;1.000211088760292;1.024999976158142;
2016-08-12 00:00:00;1.0;0.9999840421007488;0.9999691182273692;0.9999988772086988;1.0;1.0;1.0002595650085353;0.9998971565458655;1.0;0.9999999999999999;0.9999768133555724;1.0002011627921603;1.0002079705041198;0.9999451419374978;0.9998563447812209;0.9998609759045619;0.9998627515217332;0.999997122913256;0.9999970592022688;0.999977492470602;0.9999807128654752;1.0;0.9998620830072058;1.0002554695334824;1.0002620813855203;0.9999743320487371;0.9999902940740435;0.9999885807336123;0.9999659451268192;0.9998691558225585;1.0;0.9999785773933569;0.9999957517535558;1.0;0.9998325750947047;0.9999365785583929;1.0;0.9999916544037751;1.0;0.9999963571006274;0.9999748283375285;0.9999684228520601;1.0002037872407992;1.024999976158142;
2016-08-12 00:15:00;1.0;0.99998946269447;0.9999718260949636;0.9999992721504133;1.0;1.0;1.0002546553513065;0.9999144187854714;1.0;1.0;0.9999797011506233;1.0002057057012599;1.0002118299007408;0.9999548922610926;0.9998860240460736;0.999889087139036;0.9998902887716878;0.9999976193542477;0.9999975603124733;0.9999795035561739;0.9999837207930466;1.0;0.9998898059546831;1.0002513697303772;1.0002566480330652;0.9999780468786085;0.9999916562736579;0.9999906049236911;0.9999735499759159;0.9998804822852053;1.0;0.9999789876620497;0.9999971927403873;1.0;0.9998427687660506;0.9999374943074659;1.0;0.999990860432545;1.0;0.9999975923002113;0.999978635607799;0.9999701132960358;1.0002083301618188;1.024999976158142;
2016-08-12 00:30:00;1.0;0.9999962548953115;0.9999803823457765;0.9999994272172724;1.0;1.0;1.000245913377321;0.9999400209666485;1.0;0.9999999999999999;0.9999858313689025;1.0002119277418018;1.0002169814429398;0.9999691187049609;0.9999225327785912;0.999923623589418;0.9999243511930785;0.9999985522636586;0.99999851917586;0.9999856142630734;0.999989455130584;1.0;0.9999240583976756;1.0002436483460504;1.0002472633194504;0.9999851270366227;0.9999944146896682;0.99999357269811;0.9999895430049889;0.9999049325246739;0.9999999999999999;0.999978774815028;0.9999990006000076;0.9999999999999999;0.9998659009367274;0.9999366610115772;0.9999999999999999;0.9999912732606052;1.0;0.9999991426567764;0.9999858875168817;0.9999785823528954;1.000214436683633;1.024999976158142;
2016-08-12 00:45:00;1.0;0.9999969774081009;0.9999813933879945;0.9999994283521864;1.0;1.0;1.000246069233878;0.9999418730923176;1.0;1.0;0.9999863088121381;1.0002091490594547;1.0002145612256212;0.9999701950378458;0.9999240461796186;0.9999249270331307;0.99992564804798;0.999998320947704;0.9999982905404525;0.9999859326066451;0.9999885888824737;1.0;0.9999253407669393;1.0002436298645787;1.0002475384081628;0.9999846374930895;0.9999942920833613;0.999993798378805;0.9999816552787364;0.9998955901220279;0.9999999999999999;0.99997920676437;0.9999991929432429;1.0;0.9998585402552219;0.9999380048400649;1.0;0.9999916544037751;1.0;0.999999307617104;0.999985032249998;0.9999797080183137;1.0002119046005908;1.024999976158142;
2016-08-12 01:00:00;1.0;0.9999935086561597;0.9999813011548083;0.9999996174714098;1.0;1.0;1.0002410679463802;0.9999437129173054;0.9999999999999999;1.0;0.9999862845388658;1.0001956084075325;1.0002014097212846;0.9999704276205216;0.9999238884816948;0.9999257745397195;0.9999265510822489;0.9999976285269873;0.9999975989296216;0.9999854761710865;0.9999857895896431;1.0;0.9999261806570237;1.0002381807085337;1.000242819748247;0.9999827179190682;0.999993516441003;0.9999938487253347;0.9999991427285531;0.9999204066302251;0.9999999999999999;0.9999799359292624;0.9999982704414697;1.0;0.9998809654705414;0.9999400551017802;1.0;0.9999912732606051;1.0;0.9999985167069855;0.9999821294179836;0.9999801851594661;1.0001983371057488;1.024999976158142;
2016-08-12 01:15:00;1.0;0.999993653342905;0.9999788277550768;0.9999991070428186;1.0;1.0;1.000240040041127;0.9999269904850628;1.0;1.0;0.9999836386799271;1.0001976967969792;1.0002028994294436;0.9999620535350979;0.999899265531267;0.9999011101988061;0.9999022689773828;0.9999977448612798;0.9999977045320392;0.9999837465214931;0.9999852694958926;1.0;0.999901806223734;1.0002370445318458;1.0002419303122287;0.9999807413400515;0.9999929024210427;0.9999921038657967;1.0000195806381194;0.9999476258783218;0.9999999999999999;0.9999795763028522;0.9999983086477462;1.0;0.999904609451432;0.9999388348843474;0.9999999999999999;0.9999916544037752;1.0;0.9999985494070351;0.9999809156266164;0.9999777653895856;1.0002001072802555;1.024999976158142;
2016-08-12 01:30:00;1.0;0.9999960384549675;0.999985169619169;0.9999991932295642;1.0;1.0;1.000234377900487;0.9999441774936385;1.0;1.0;0.9999879662597733;1.0001963632760902;1.0002016554375768;0.9999711690013927;0.999921160645999;0.9999223150523101;0.99992327582751;0.9999981938722134;0.9999981743368913;0.9999882232684155;0.9999884464427956;1.0;0.9999228966052771;1.0002317248311576;1.0002360164286759;0.9999851420030068;0.9999946169182671;0.9999940086506026;1.0000155529930521;0.999947549528871;1.0;0.9999806947578146;0.9999989431452727;1.0;0.9999079529479411;0.9999422106823356;1.0;0.9999908604325448;0.9999999999999999;0.9999990933260346;0.9999851366938369;0.9999846005831012;1.0001989877121353;1.024999976158142;
2016-08-12 01:45:00;1.0;0.9999961102078838;0.9999891101503093;0.999999414139671;1.0;1.0;1.0002262895379703;0.9999592960859613;1.0;1.0;0.9999912819768121;1.0001939049963384;1.0001991138718223;0.9999787801622322;0.999942412233134;0.999943544411474;0.9999442682237465;0.9999988464715863;0.9999988363375389;0.9999916605140006;0.9999923353731662;1.0;0.9999439970505285;1.000224131735464;1.0002275387479778;0.9999898285768736;0.9999962727888235;0.9999955932996524;1.0000334404028122;0.9999823606138151;1.0;0.9999795831705788;0.9999989627358191;1.0;0.9999452381272992;0.999938673843935;1.0;0.9999908604325449;1.0;0.9999991102582505;0.9999900072297881;0.9999888085991973;1.0001964891058377;1.024999976158142;
2016-08-12 02:00:00;1.0;0.9999962540093675;0.9999873333573946;0.9999993130553414;1.0;1.0;1.0002266206107808;0.9999520025546444;0.9999999999999999;1.0;0.999989667317758;1.0001897991931323;1.0001951641099005;0.9999751472748375;0.9999317240841972;0.9999328116598557;0.9999336554556332;0.9999983607699136;0.9999983473389764;0.9999898695663934;0.9999897325177037;1.0;0.9999333186869936;1.0002241180311535;1.0002281353238145;0.9999869886232293;0.9999952800744837;0.9999948380704915;1.000021986653173;0.9999784929582897;0.9999999999999999;0.9999798347515003;0.9999990016349047;1.0;0.9999491364090034;0.9999393845441465;1.0;0.9999904792909121;1.0;0.999999143872843;0.9999868679262988;0.9999869323289564;1.000192479468585;1.024999976158142;
2016-08-12 02:15:00;1.0;0.9999971941057919;0.9999877661153993;0.9999991207129768;0.9999999999999999;1.0;1.0002300589165602;0.999949665798233;1.0;1.0;0.9999897409452341;1.0001974120985584;1.0002026945238878;0.9999741610900532;0.9999284913257338;0.9999293085109375;0.9999302264720069;0.999998808213119;0.9999987982369415;0.9999904975989081;0.9999915453948122;1.0;0.9999299015765437;1.000227727021178;1.0002314554874319;0.9999882638283454;0.9999957976671944;0.99999463494848;1.0000249375584773;0.9999806946514516;0.9999999999999999;0.9999747157570771;0.9999992512201339;1.0;0.9999502759460598;0.9999240943839832;1.0;0.9999912732606053;1.0;0.9999993576712163;0.9999887651592511;0.999987365186206;1.0002001117503074;1.024999976158142;
2016-08-12 02:30:00;1.0;0.9999950265694939;0.9999881358418615;0.999999104253064;1.0;0.9999999999999999;1.0002286994579876;0.9999504107213358;1.0;1.0;0.9999901163007654;1.0001980044424899;1.0002031603377408;0.9999741010336338;0.9999285728403007;0.9999300199056667;0.9999310059847479;0.9999991223343239;0.9999991129422457;0.9999913076164438;0.9999930454920765;1.0;0.9999306852045139;1.000226482007519;1.0002299870673934;0.999989680857781;0.9999962518287144;0.9999946224683766;1.0000291651273419;0.9999852368747559;1.0;0.9999753802078886;0.9999986743882436;1.0;0.9999534388476337;0.9999260488904268;1.0;0.9999912732606052;1.0;0.9999988629639993;0.999990483792685;0.9999881084246142;1.0002004842979841;1.024999976158142;
2016-08-12 02:45:00;0.9999999999999999;0.9999919898587586;0.9999908983589395;0.999999337838994;1.0;1.0;1.0002250071524819;0.9999628506222396;1.0;1.0;0.9999927848536128;1.0001952557343132;1.0002012469763557;0.9999797469127487;0.9999453925555737;0.999947714418077;0.9999485673363743;0.9999998378221839;0.9999998337906125;0.9999943504122828;0.9999970891787161;0.9999999999999999;0.9999483317268401;1.000223037733763;1.000225987847006;0.9999943313919316;0.9999977956316156;0.9999957964926592;1.0000479458845102;1.0000003140934635;1.0;0.9999753878776482;0.9999978681934012;1.0;0.9999601547260483;0.9999260516583093;1.0;0.9999916544037751;1.0;0.9999981722528302;0.9999954575808508;0.9999914352235981;1.0001979844315674;1.024999976158142;
2016-08-12 03:00:00;1.0;0.999995386851081;0.9999920269065266;0.999999415762349;0.9999999999999999;0.9999999999999999;1.0002247635013972;0.9999673214739502;1.0;1.0;0.9999935306276017;1.0001965329089828;1.000202144636232;0.999982669733892;0.9999528368135759;0.9999541757118079;0.9999548534960766;0.9999996263862428;0.9999996222977298;0.9999945462077339;0.9999963485769129;1.0;0.999954649104327;1.000222914089071;1.0002257227563236;0.9999940066605553;0.9999977702706688;0.9999964031606794;1.000055319654451;1.0000078652781945;0.9999999999999999;0.9999748958577248;0.9999987712020862;1.0;0.9999653266392309;0.9999245880634462;0.9999999999999999;0.999990479290912;1.0;0.9999989463154526;0.999994765057123;0.9999921492459021;1.0001992884153619;1.024999976158142;
2016-08-12 03:15:00;0.9999999999999999;0.999998350643314;0.999990934592123;0.9999991985516754;1.0;1.0;1.0002242090192532;0.9999595314554632;0.9999999999999999;1.0;0.9999920870022836;1.0001948327086565;1.0002001980589135;0.9999793471060862;0.9999419336323354;0.9999424168399681;0.999943191286227;0.9999991928020526;0.9999991870041873;0.999992938405404;0.9999938860051223;1.0;0.9999429310833916;1.0002221461788576;1.000225397584152;0.9999911567146395;0.9999968835313792;0.9999957132311066;1.0000515798197398;1.0000047721252974;0.9999999999999999;0.9999752326705125;0.9999995585656991;1.0;0.9999637829341221;0.9999255683941713;1.0;0.9999924483761707;1.0;0.9999996210693451;0.9999917285355198;0.9999907043091362;1.0001976575817995;1.024999976158142;
2016-08-12 03:30:00;1.0;0.9999973387936901;0.9999912689861219;0.999999205580277;0.9999999999999999;1.0;1.0002258803928872;0.9999607883499315;1.0;1.0;0.9999924525916604;1.0001994067288735;1.000204407312845;0.9999797765236244;0.9999434870070526;0.9999442628586273;0.9999450480980341;0.9999994333237986;0.9999994278675503;0.9999935406582601;0.9999950581771863;1.0;0.9999448019210095;1.0002239931830372;1.0002269455782073;0.9999922820269528;0.9999972532321207;0.9999958022238823;1.0000503708036725;1.0000013306811009;1.0;0.9999747320210551;0.9999992896292277;0.9999999999999999;0.9999596754230983;0.9999241009994462;1.0;0.999990479290912;1.0;0.999999390549604;0.9999930771229983;0.9999911993738727;1.000201961801137;1.024999976158142;
2016-08-12 03:45:00;1.0;0.9999954597465665;0.999991438724848;0.9999992361548734;1.0;1.0;1.0002272382166761;0.9999622062047469;1.0;0.9999999999999999;0.9999928173327652;1.0001995892695938;1.0002052703694237;0.9999801134868841;0.9999452296768758;0.9999465494830727;0.9999473544846509;0.9999997458489763;0.9999997407529562;0.9999942137715911;0.9999965676499841;1.0;0.9999471250238532;1.0002253343647416;1.0002282361984427;0.9999937233829413;0.9999977026228137;0.9999958719142733;1.0000469342635874;0.9999936481740376;0.9999999999999999;0.9999750405356194;0.9999987900756596;0.9999999999999999;0.9999510254749399;0.9999250683770877;0.9999999999999999;0.9999916544037751;1.0;0.9999989623098875;0.9999948118339907;0.999991606077138;1.00020238735045;1.024999976158142;
2016-08-12 04:00:00;1.0;0.999994158527538;0.9999927991895031;0.9999996634805067;1.0;1.0;1.0002264778513015;0.9999748991302096;0.9999999999999999;1.0;0.9999946996975528;1.0001995769780365;1.0002051048284;0.9999862297678574;0.9999643547665598;0.999966049940893;0.9999665625106897;0.9999998071441847;0.99999980382153;0.999995497643214;0.9999976188644298;1.0;0.9999664142264642;1.0002248488104606;1.000227251672441;0.999995754064228;0.9999982991952375;0.9999971421164767;1.0000434149642412;0.9999900419224078;1.0;0.9999745565376784;0.9999984444782428;1.0;0.9999485983231708;0.9999236079855548;1.0;0.9999900664615023;1.0;0.9999986661715277;0.9999964457456418;0.9999929555586037;1.0002022014225145;1.024999976158142;
2016-08-12 04:15:00;1.0;0.9999930746361595;0.9999895565263798;0.9999992427109798;1.0;1.0;1.0002273001505078;0.9999575461526825;0.9999999999999999;1.0;0.9999916256485818;1.0001961046269334;1.0002021885116446;0.9999772968780843;0.9999385905191718;0.999940600630336;0.999941503068525;0.9999996447314055;0.9999996378579669;0.9999931019759006;0.9999958509514878;1.0;0.9999412409025759;1.0002251874173589;1.0002284017881249;0.9999927297969581;0.9999972556981529;0.9999952865313981;1.0000507171386712;0.9999991387474211;1.0;0.9999748882997166;0.9999981559863605;1.0;0.9999560777982995;0.9999245853396971;1.0;0.9999912732606053;0.9999999999999999;0.9999984187517077;0.9999938599040101;0.9999898252301406;1.000198958555046;1.024999976158142;
2016-08-12 04:30:00;1.0;0.9999974834814918;0.9999925476506433;0.9999991447201533;1.0;0.9999999999999999;1.0002247308245171;0.9999624279859617;1.0;1.0;0.9999931472292515;1.0001973526712202;1.0002027786514542;0.9999806290139345;0.9999445684507647;0.9999453029572606;0.9999461221196624;0.9999995344412718;0.9999995305365517;0.9999944487452362;0.9999956623219514;1.0;0.9999458741138904;1.0002227775092118;1.000225815447484;0.9999930154213175;0.9999975605898825;0.999995980021188;1.0000453442434953;0.9999939308716531;0.9999999999999999;0.999975059180733;0.9999993279872559;1.0;0.9999527503747598;0.9999250754884916;1.0;0.999990860432545;1.0;0.9999994233829607;0.9999938364609081;0.9999927161992563;1.0002001507458198;1.024999976158142;
2016-08-12 04:45:00;1.0;0.9999972667423876;0.9999916314691312;0.9999990371794442;1.0;1.0;1.0002256823160776;0.9999572970231929;0.9999999999999999;0.9999999999999999;0.9999921819025916;1.0001965659812724;1.000201893129157;0.9999780081319394;0.9999365175721351;0.9999373157571729;0.9999382535320757;0.9999992832113441;0.9999992780552924;0.9999935253786236;0.9999942540075588;1.0;0.9999379567296973;1.0002235457323012;1.0002269193518634;0.9999914120138509;0.9999970105834128;0.9999954357554218;1.0000489466837175;0.9999996904542612;1.0;0.9999748857885111;0.9999992701195586;1.0;0.9999584461903919;0.999924585196375;1.0;0.9999920672329303;1.0;0.9999993736897622;0.9999921114257982;0.9999918602023568;1.000199294682101;1.024999976158142;
2016-08-12 05:00:00;1.0;0.9999975561171954;0.9999923944083609;0.9999994239119878;1.0;0.9999999999999999;1.0002256367979119;0.9999680372325899;0.9999999999999999;0.9999999999999999;0.9999935858958892;1.000198043264549;1.0002031441222825;0.9999834587613109;0.9999540763167537;0.9999547918232513;0.9999554083349026;0.9999993138567277;0.9999993088736499;0.999994213582094;0.9999949724176762;1.0;0.9999551981392824;1.0002238004651012;1.0002266554890051;0.9999928743295358;0.99999743876902;0.9999965667650891;1.0000526735050348;1.000004712144883;1.0;0.9999723094704308;0.999999346772528;1.0;0.9999628685488646;0.9999168028737876;1.0;0.9999912732606053;0.9999999999999999;0.9999994393014477;0.9999932588019045;0.9999922851791775;1.0002006677050026;1.024999976158142;
2016-08-12 05:15:00;1.0;0.9999945204986437;0.999992004463023;0.9999995463588159;1.0;1.0;1.0002262240989825;0.9999705440027418;1.0;1.0;0.9999939372467094;1.0001995993988215;1.0002050829280364;0.9999841122173184;0.9999583066505093;0.9999599001258181;0.999960490932593;0.9999998071441848;0.9999998026232559;0.9999948911387493;0.9999973289969551;1.0;0.9999603220802064;1.0002245465981978;1.000227044946015;0.9999950857455062;0.9999980850892841;0.9999967019234929;1.000051041145041;1.000002655043256;1.0;0.9999715082438838;0.9999985399331244;1.0;0.9999611298365192;0.9999143726137627;1.0;0.9999912732606053;1.0;0.9999987477163509;0.999995950461692;0.9999920856783003;1.000202223843358;1.024999976158142;
2016-08-12 05:30:00;1.0;0.9999936541840017;0.9999884474919414;0.9999991099388895;1.0;1.0;1.0002299692901953;0.9999520076937197;0.9999999999999999;0.9999999999999999;0.9999905869743116;1.0001633665998764;1.0001780497931505;0.9999746262856796;0.9999309527488583;0.9999328007322319;0.9999337930417198;0.9999995650866871;0.9999995557863277;0.999992168220911;0.9999951215458689;1.0;0.999933501665124;1.0002259697238234;1.00023187577544;0.999991574229062;0.9999968755570182;0.9999947308991838;1.0000483689764932;0.9999962361973681;1.0;0.9999735584758807;0.9999983086405272;1.0;0.9999538594187035;0.9999206584848469;1.0;0.9999904792909121;0.9999999999999999;0.9999985490967673;0.9999928321885873;0.9999885878950195;1.000170971864551;1.024999976158142;
2016-08-12 05:45:00;1.0;0.9999957490805222;0.9999910928446368;0.99999945289402;1.0;1.0;1.0002309004661518;0.9999651453579428;1.0;1.0;0.999992753450371;1.0000488551660638;1.000091387406794;0.9999816463657539;0.9999497212831272;0.9999509584146495;0.9999516384937234;0.999999133070709;0.9999991262257221;0.999993338996957;0.9999940115586794;1.0;0.9999513989113048;1.0002211607315883;1.0002351201402566;0.999991843825904;0.9999970042621174;0.9999961897764614;1.000040809622343;0.99999362089262;1.0;0.9999724059683789;0.9999988667026579;1.0;0.9999567826642766;0.9999174162857403;0.9999999999999999;0.9999912732606052;1.0;0.999999027898986;0.9999921082215363;0.9999910839161233;1.0000718682056742;1.024999976158142;
2016-08-12 06:00:00;1.0;0.9999975554917838;0.9999933346425293;0.9999994938142278;1.0;1.0;1.0002274947043717;0.9999721641900904;1.0;0.9999999999999999;0.9999944456847365;1.0000599020815415;1.0000998318548942;0.9999855339563536;0.9999601318129288;0.9999608440031849;0.9999613856952999;0.9999995145278953;0.9999995109510033;0.9999950950749579;0.9999961213606632;1.0;0.9999612092388298;1.000218578996075;1.0002312931163275;0.9999942083815518;0.9999979030153278;0.9999969979792014;1.0000391253479406;0.999996451312889;0.9999999999999999;0.999974284212929;0.9999993474855906;1.0;0.9999623140686891;0.9999229657949851;0.9999999999999999;0.9999908604325448;1.0;0.9999994402331366;0.9999946766831761;0.9999932595824798;1.000081614288363;1.024999976158142;
2016-08-12 06:15:00;0.9999999999999999;0.9999987838236062;0.9999940056416524;0.9999992676865455;1.0;1.0;1.0002254652881557;0.9999692214689585;1.0;1.0;0.9999944497909461;1.0000601346942393;1.0001000464481373;0.9999843019257795;0.9999551484710474;0.9999555044005225;0.9999561544379083;0.9999997366764025;0.9999997342423642;0.9999955687216444;0.9999969339094653;1.0;0.999955965073388;1.0002165770254077;1.0002292588469266;0.9999946311149767;0.9999981508873957;0.999996742761443;1.0000387653908223;0.999995965210903;1.0;0.9999771160654233;0.9999996742367664;1.0;0.9999617595386807;0.9999314430366033;1.0;0.9999912732606052;1.0;0.9999997204009082;0.9999954644883723;0.9999940180950381;1.000081922110122;1.024999976158142;
2016-08-12 06:30:00;1.0;0.9999948810366849;0.9999924349328501;0.9999993827127786;1.0;0.9999999999999999;1.000233739530388;0.9999673400537838;1.0;1.0;0.9999936757233865;1.0000781694429397;1.0001149546134038;0.999982578169694;0.9999518164958746;0.9999533016841154;0.9999540277667598;0.9999995850000665;0.9999995806546156;0.999994795889562;0.9999962147772236;1.0;0.9999538077758529;1.0002253637244414;1.000237332618482;0.9999939625171238;0.999997765077464;0.9999963841366829;1.000025929955007;0.9999863449643936;1.0;0.9999788094129028;0.9999986367674676;1.0;0.9999587167644635;0.999936866408822;1.0;0.9999912732606053;1.0;0.9999988310845378;0.9999946452046186;0.9999927629828645;1.0000979737242754;1.024999976158142;
2016-08-12 06:45:00;1.0;0.9999809345957417;0.999985053681234;0.9999992944094761;0.9999999999999999;0.9999999999999999;1.0002429807173991;0.9999464915889936;0.9999999999999999;0.9999999999999999;0.999989008665711;0.9999748888761633;1.000037837024961;0.9999693154686574;0.9999196117154986;0.9999251433792555;0.9999264823759157;0.9999996447314056;0.9999996304317764;0.9999913578428202;0.9999954209986138;1.0;0.9999261054406097;1.00022871373163;1.0002489435980426;0.9999917456914978;0.9999965205152818;0.9999936260981758;0.9999875345913252;0.9999510024029675;1.0;0.9999753568877862;0.9999949264915875;0.9999999999999999;0.9999386589971171;0.9999267042151344;1.0;0.9999900664615025;1.0;0.9999956496149246;0.9999931281634302;0.9999865763385621;1.0000080646330523;1.024999976158142;
2016-08-12 07:00:00;0.9999999999999999;0.9999326741187786;0.9999604142875206;0.9999994061077582;1.0;1.0;1.0002708458197727;0.9998851697401536;1.0;1.0;0.9999740057742463;0.999944955388216;1.0000155327213387;0.9999288112756035;0.9998235940703865;0.999843156841025;0.9998463399087016;0.9999991192067124;0.9999990025187795;0.9999793244660746;0.999989981317795;1.0;0.9998454413335134;1.000253265073032;1.0002782145122013;0.9999827526561446;0.9999917181929382;0.999985162282373;0.9999390216485815;0.9999205020727285;1.0;0.9999674500404688;0.9999820772875628;1.0;0.9999347605214959;0.9999030168464619;1.0;0.9999908604325451;1.0;0.9999846290585104;0.9999853010576358;0.9999659850851655;0.9999789608691451;1.024999976158142;
2016-08-12 07:15:00;1.0;0.9999512393676229;0.9999663378278243;0.9999995346392437;1.0;0.9999999999999999;1.0002757398050715;0.9999048559580248;1.0;1.0;0.9999780080013767;0.9999116235758232;0.9999941219469933;0.9999424349537348;0.9998594624054041;0.9998736208974743;0.9998759586914586;0.999999299964382;0.9999992197925164;0.9999816927831414;0.9999915406561005;1.0;0.9998752950064368;1.0002564424288745;1.0002837310416928;0.9999851239909183;0.9999930449703675;0.9999880084990578;0.9998544793305594;0.9998719820048787;1.0;0.9999569488946641;0.9999870220210403;1.0;0.9999352398082761;0.9998717560895107;1.0;0.9999900664615023;1.0;0.9999888706805711;0.9999874585814742;0.9999695434287942;0.9999534529954262;1.024999976158142;
2016-08-12 07:30:00;1.0;0.9999813677194056;0.9999799083343238;0.9999989887402363;0.9999999999999999;1.0;1.0002627666217285;0.9999250439708046;1.0;1.0;0.9999842712204738;1.0000130325360232;1.0000686497242566;0.9999586283163185;0.9998879493211091;0.9998933535453842;0.9998950537019429;0.999998183135884;0.99999815502107;0.9999860937317856;0.9999876018958265;1.0;0.9998944793497794;1.0002490800878603;1.0002688797151484;0.9999832650706527;0.9999935670685707;0.9999914019695068;0.9998531987087005;0.9998714178478563;1.0;0.999960549475773;0.9999950418502768;1.0;0.9999350001392737;0.999882468282758;0.9999999999999999;0.9999377167167998;1.0;0.9999957486701732;0.9999837222629173;0.9999811720723362;1.0000422211463285;1.024999976158142;
2016-08-12 07:45:00;1.0;0.9999852715391764;0.9999846826005697;0.9999994422619326;0.9999999999999999;1.0;1.0002708376225895;0.9999487234825127;1.0;1.0;0.999988814537236;0.9998576388793292;0.9999557636477172;0.9999712994192692;0.9999254595645714;0.9999297379323275;0.99993084037304;0.9999991115935822;0.9999990947209041;0.999990140537567;0.999993029674044;0.9999999999999999;0.9999304882486848;1.0002492124276225;1.000279829829429;0.9999897222949435;0.999995873946842;0.999994036600747;0.9998356433354415;0.9998595548728875;0.9999999999999999;0.9999496800602592;0.9999960789120089;0.9999999999999999;0.9999346994220203;0.9998508149837676;1.0;0.999938715982053;0.9999999999999999;0.999996637324809;0.9999904884496572;0.9999853774749449;0.9999103915063839;1.024999976158142;
2016-08-12 08:00:00;0.9999999999999999;0.9999844034769743;0.9999821460234493;0.9999984377769676;1.0;1.0;1.000275490549901;0.9999204859111323;0.9999999999999999;1.0;0.9999850179138862;0.9998359570258543;0.9999407572773084;0.9999569457830467;0.9998807065572518;0.9998852327813257;0.9998871390445294;0.9999993413505807;0.9999993196858776;0.9999883687390655;0.9999924497545588;1.0;0.9998865917084501;1.000251983308143;1.000285425707867;0.9999868668134435;0.9999950630868111;0.9999910551348605;0.9998370631358451;0.9998552651828831;1.0;0.9999483566288498;0.999995848974156;1.0;0.9999276831613921;0.9998471608574419;1.0;0.9999284274616497;1.0;0.9999964405067129;0.9999888673515801;0.9999835564817675;0.9998923087016736;1.024999976158142;
2016-08-12 08:15:00;1.0;0.9999860675035241;0.99998260179802;0.9999982558249116;1.0;1.0;1.0002852241015014;0.9999180313739322;1.0;1.0;0.9999850080327518;0.9999036686695355;0.9999948433069824;0.9999560406935671;0.9998772300884019;0.999881282552441;0.999883248700266;0.9999995850000664;0.9999995663153811;0.9999887095352348;0.9999933574770675;1.0;0.9998827027025564;1.000264618119388;1.000293987038435;0.9999873745172082;0.9999953308986465;0.999990868818608;0.9997838567187576;0.9997835458300002;1.0;0.9999488684891733;0.9999962894627527;1.0;0.9998661380552322;0.9998491531670778;1.0;0.999922636803897;1.0;0.9999968173911746;0.9999897629737017;0.9999839389060611;0.9999526663144671;1.024999976158142;
2016-08-12 08:30:00;1.0;0.9999467614691607;0.999966358739905;0.9999989720782383;1.0;0.9999999999999999;1.0002974551879482;0.9998918827133959;1.0;1.0;0.9999769275467135;0.9998036400547718;0.9999182328211131;0.9999350209859296;0.9998352793975183;0.9998507451020355;0.9998536697266692;0.9999997151991682;0.999999639258065;0.9999823674443528;0.9999928586248761;1.0;0.9998528808771402;1.0002712414796466;1.0003082649670754;0.9999854461493664;0.9999932028795206;0.9999864735774344;0.999818304283004;0.9998270000695244;0.9999999999999999;0.9999439516446663;0.9999858288947714;1.0;0.9999031551998558;0.9998347360317161;1.0;0.9999265323911309;1.0;0.9999878468631727;0.9999885868159644;0.9999708404875984;0.9998627457675349;1.024999976158142;
2016-08-12 08:45:00;1.0;0.9999610647091532;0.999974992956088;0.9999993113977578;1.0;1.0;1.0003043060249344;0.9999212403246932;0.9999999999999999;1.0;0.9999830066288067;0.9998171193045182;0.9999318891824591;0.9999526478265004;0.999880730528418;0.9998920326194816;0.999894127484763;0.999999767321799;0.9999997283989781;0.9999868545446099;0.9999946834173661;0.9999999999999999;0.9998935604295848;1.0002787324419906;1.0003147707800093;0.99998928299066;0.9999949697670583;0.9999901526917151;0.9997073915905564;0.9997108563462075;1.0;0.9999468218748502;0.9999896384841973;1.0;0.9998252148673636;0.9998441752573318;1.0;0.9999317502235648;1.0;0.9999911147766308;0.9999915529485708;0.9999781357419124;0.9998773164471784;1.024999976158142;
2016-08-12 09:00:00;1.0;0.9999586800260947;0.9999704881366976;0.9999991893910546;0.9999999999999999;1.0;1.0003034736296406;0.9999075827523239;1.0;1.0;0.9999798100758663;0.9998406081399683;0.9999485606574064;0.9999453074254221;0.9998623398973392;0.9998743319666471;0.999876639670932;0.9999994854463321;0.9999994310233613;0.9999837502777881;0.9999925232100602;0.9999999999999999;0.999875996899983;1.000279020574681;1.0003135767292026;0.9999861612766575;0.9999937584213516;0.9999886200029443;0.9997023698527597;0.9997323851623569;0.9999999999999999;0.9999429023633657;0.999989004152244;0.9999999999999999;0.999861164661154;0.9998317856446014;1.0;0.99992657446102;1.0;0.9999905710017276;0.999988631821423;0.9999734551965503;0.9998969043810687;1.024999976158142;
2016-08-12 09:15:00;1.0;0.9999520336114346;0.9999686138411734;0.9999991061221424;1.0;0.9999999999999999;1.0003107875222896;0.9998998445607329;1.0;0.9999999999999999;0.999978322584016;0.9997173841475196;0.9998561682457842;0.9999400851907593;0.9998475088992131;0.9998614350160989;0.9998640913715487;0.9999992326244085;0.9999991679737241;0.9999828298030424;0.999991136611923;0.9999999999999999;0.9998633392174487;1.0002795422625264;1.000323687300133;0.9999846166077416;0.9999930596176845;0.9999875317005579;0.9996977736367313;0.9997379627355102;0.9999999999999999;0.9999316332239369;0.9999872343001267;0.9999999999999999;0.9998760955175386;0.9997988563211194;1.0;0.9999333185411027;1.0;0.9999890528731645;0.999986946351437;0.9999725623743441;0.9997901150566564;1.024999976158142;
2016-08-12 09:30:00;1.0;0.9999107826989551;0.9999466239528704;0.999998878238304;0.9999999999999999;1.0;1.0003251319399016;0.9998399868917086;1.0;0.9999999999999999;0.9999646284460815;0.9997478451172398;0.9998784266160002;0.9999017155597932;0.9997555504455934;0.9997814669900166;0.9997858756996629;0.9999995252687085;0.9999993406418564;0.9999726305976968;0.9999892104494319;1.0;0.9997846833762657;1.000294320639323;1.0003378390454989;0.9999784151919311;0.9999895315169168;0.9999794999844759;0.9997211431848804;0.9997462525857432;1.0;0.9999336016819258;0.9999762504986984;1.0;0.9998677425793232;0.9998045314690218;1.0;0.9999210685192551;1.0;0.9999796324024576;0.9999829243548636;0.9999540088017692;0.9998132170686547;1.024999976158142;
2016-08-12 09:45:00;1.0;0.9999677135566379;0.9999778076931133;0.9999991958577261;0.9999999999999999;0.9999999999999999;1.0003009116338988;0.9999260667923137;0.9999999999999999;1.0;0.9999844422519648;0.9997961806295687;0.9999160120691255;0.9999564002708883;0.9998884319364052;0.9998978096345335;0.9998997346019143;0.9999997657579589;0.9999997328773069;0.9999879993250801;0.999994881295734;1.0;0.9998992121025573;1.0002744284872411;1.000311769351013;0.9999897320128631;0.9999953716408576;0.9999909349386726;0.9996895042869383;0.9997050064980642;1.0;0.9999488963334179;0.9999914063502395;0.9999999999999999;0.9998312850588086;0.9998501785036418;1.0;0.9999274737973921;1.0;0.9999926302539772;0.9999918871558877;0.9999804218332145;0.9998596112376471;1.024999976158142;
2016-08-12 10:00:00;1.0;0.9999525379364728;0.9999732406849408;0.9999996627192542;1.0;1.0;1.0003127086556336;0.9999236864511435;1.0;1.0;0.9999827073105255;0.9997388281924862;0.9998737489667281;0.9999521694615151;0.9998824956883353;0.9998962694319864;0.999898429966548;0.9999996447314056;0.999999596361382;0.9999865475459359;0.9999944565214886;1.0;0.9998978370524235;1.0002828266861352;1.0003248434037475;0.9999895666668724;0.9999947490098452;0.9999900484088508;0.9996843250261921;0.9996851643686163;1.0;0.9999396931486143;0.9999873703224276;1.0;0.9998084245265647;0.9998235436524926;0.9999999999999999;0.9999168464918423;1.0;0.9999891701019654;0.9999914981793111;0.9999772058372223;0.9998094784530223;1.024999976158142;
2016-08-12 10:15:00;1.0;0.9999183658321522;0.9999432220477433;0.9999989241898529;1.0;0.9999999999999999;1.0003320572197034;0.9998349025706806;1.0;0.9999999999999999;0.999962566596128;0.9998194620914342;0.9999346552837063;0.9999006761841108;0.9997562116411449;0.9997799141249184;0.9997839966311041;0.9999993337701099;0.9999991248073863;0.9999694466781259;0.9999875566189664;1.0;0.9997828766415341;1.0003046133938251;1.000343441629357;0.9999759004298214;0.9999887384607541;0.9999792648063285;0.9996796020749458;0.9996796423866602;1.0;0.9999447962323459;0.9999782709265629;1.0;0.9998031234687274;0.9998384402971137;0.9999999999999999;0.9999207963495151;1.0;0.999981366089712;0.9999806356545486;0.9999486833955545;0.9998769294230639;1.024999976158142;
2016-08-12 10:30:00;1.0;0.9999450278379053;0.9999422056500284;0.999999312337515;1.0;1.0;1.000343577985881;0.9998444284061584;1.0;1.0;0.9999621682514626;0.9998087583840449;0.9999302551813766;0.9999107794728592;0.9997873039114553;0.9998032747361686;0.9998061044340919;0.9999981433136164;0.9999979193224332;0.9999649801050355;0.9999817823969125;1.0;0.9998052303490188;1.0003152735828165;1.0003554679894087;0.9999703956645082;0.9999873044129733;0.9999813452109739;0.999664814152362;0.99966270146013;1.0;0.9999280954156794;0.9999853632058061;1.0;0.999793710435416;0.99978933322718;1.0;0.9999157996362115;1.0;0.9999874472218324;0.9999740023866632;0.9999427727801773;0.9998715268206615;1.024999976158142;
2016-08-12 10:45:00;1.0;0.9999767474606721;0.9999588363523573;0.9999992747376373;1.0;0.9999999999999999;1.0003345955395186;0.9998839712477684;1.0;1.0;0.999971824681935;0.9998681208868789;0.9999754524644257;0.9999370294467093;0.999846681671429;0.9998534443412191;0.9998551314213951;0.9999976177905618;0.9999975048429728;0.9999722312722583;0.9999816746516863;1.0;0.9998545208780938;1.000309914527825;1.0003451632359601;0.9999734038626437;0.9999894397193122;0.9999868630257801;0.999654265323841;0.9996462979887948;1.0;0.9999187185210199;0.999993806216365;0.9999999999999999;0.9997787822800625;0.9997612877624219;0.9999999999999999;0.9999166129581878;1.0;0.9999946874609634;0.9999751684084134;0.9999570351392917;0.9999253256141268;1.024999976158142;
2016-08-12 11:00:00;0.9999999999999999;0.9999688708435388;0.999962464316252;0.9999974584154627;1.0;1.0;1.0003398470052163;0.9998494431012893;0.9999999999999999;1.0;0.9999699673431578;0.9998077040804851;0.9999308867427137;0.9999181250739604;0.9997776040894688;0.9997866500732331;0.9997900475545136;0.9999980712821493;0.9999979755197398;0.9999750561971624;0.9999824687328024;1.0;0.999789019153749;1.000310790686447;1.00035250435326;0.9999722062476214;0.9999894236565097;0.9999829556862644;0.9996416797603955;0.9996310563787446;1.0;0.9999203882230063;0.9999917120996248;1.0;0.9997698488104515;0.9997677919358903;1.0;0.9999229987104088;0.9999999999999999;0.9999928919519362;0.9999752716470464;0.9999644939533285;0.9998730501879352;1.024999976158142;
2016-08-12 11:15:00;1.0;0.9999652584775102;0.9999582378102416;0.9999961812518018;1.0;1.0;1.0003356712916007;0.9998099702270857;0.9999999999999999;0.9999999999999999;0.9999643645773366;0.9997701044197492;0.9999009395755364;0.999897576485122;0.9997141359171478;0.9997242309032738;0.9997287826169565;0.9999980896274372;0.9999979850135844;0.9999720748169312;0.9999804005853882;1.0;0.9997274520668327;1.0003041697791395;1.0003496068459976;0.9999672931876077;0.9999878706228449;0.9999786879229465;0.9996555666362998;0.9996384085542859;1.0;0.9999339066017656;0.9999907507371589;1.0;0.9997676007872695;0.9998082407633759;1.0;0.9999198232394584;1.0;0.9999920674632728;0.9999716769644282;0.9999615140356926;0.9998393936679474;1.024999976158142;
2016-08-12 11:30:00;1.0;0.9999722676631887;0.9999721575922129;0.9999985850292867;1.0;1.0;1.000327166416067;0.9998964450061303;1.0;1.0;0.9999784270477294;0.9998451356434014;0.9999561955037837;0.9999424222572808;0.9998449520598718;0.9998530157793926;0.9998554193148759;0.9999978889569309;0.9999978319790046;0.9999813758772339;0.9999846534714038;0.9999999999999999;0.9998546394282715;1.0003012942430614;1.0003383220193798;0.9999784037197765;0.9999915980276769;0.9999880222408722;0.9996286959238135;0.9996164441694539;1.0;0.9999288906377207;0.9999926155042747;1.0;0.9997560328845382;0.9997921873783321;1.0;0.999920998196881;1.0;0.9999936663635913;0.9999794849543413;0.9999741531207813;0.9999040728858436;1.024999976158142;
2016-08-12 11:45:00;1.0;0.9999672812588224;0.9999743435435022;0.9999991969029653;1.0;1.0;1.0003208294843144;0.9999153998133178;1.0;0.9999999999999999;0.9999814860213427;0.9998851710486631;0.999985212239887;0.9999509475648448;0.9998722383298398;0.9998817463978125;0.999883818449641;0.9999983408566108;0.9999982890986568;0.9999841009519272;0.9999879172978776;1.0;0.9998831573862993;1.0002976855333992;1.0003306502940699;0.9999829742709075;0.9999929587678302;0.9999897941980264;0.9996638861338846;0.999657125664198;1.0;0.9999348335243039;0.9999912896066496;1.0;0.9997851835647611;0.9998094380550443;0.9999999999999999;0.9999211036612767;1.0;0.9999925296807306;0.9999838368412812;0.9999768080943219;0.9999377248830472;1.024999976158142;
2016-08-12 12:00:00;0.9999999999999999;0.999958248353782;0.9999667416655719;0.9999992770020099;1.0;0.9999999999999999;1.0003303308571452;0.9998979113097918;1.0;1.0;0.9999767417428947;0.9998828032072783;0.999983697498748;0.9999403481882203;0.9998477377508216;0.9998598634837047;0.9998622692413149;0.9999978045966936;0.9999977197231891;0.999979405000738;0.9999844735875439;1.0;0.9998614828552782;1.0003064918295694;1.0003405230273432;0.9999785635146786;0.999991029440077;0.9999875751738261;0.9996627201752512;0.9996531523426418;0.9999999999999999;0.9999319482960163;0.9999888863730834;1.0;0.9997814203388296;0.9998012548534937;1.0;0.9999079637380653;1.0;0.9999904692185948;0.999979412670379;0.9999694853371943;0.9999351993398753;1.024999976158142;
2016-08-12 12:15:00;1.0;0.9999440847673093;0.9999522549134056;0.9999986950311909;1.0;1.0;1.0003454600812267;0.9998483048112865;0.9999999999999999;1.0;0.9999659686025343;0.999902128455769;0.9999983457044169;0.9999125822739697;0.999774752508411;0.9997909803901104;0.9997944818424825;0.9999968056697511;0.9999966506636676;0.9999698371268725;0.9999770600468599;1.0;0.9997933373863858;1.0003212820699767;1.000356133039868;0.9999680564624173;0.9999868915162419;0.9999817722953916;0.9996237836401568;0.9996187848400181;1.0;0.999923448146572;0.999985118125693;1.0;0.9997647235695808;0.9997760164955641;1.0;0.9998959569712044;1.0;0.999987238564861;0.9999694716952924;0.9999557819351064;0.9999509814801765;1.024999976158142;
2016-08-12 12:30:00;1.0;0.9999407618791766;0.9999472172509747;0.9999986301406891;0.9999999999999999;1.0;1.0003526965594594;0.9998364098561612;1.0;1.0;0.9999630828139933;0.9998742545641476;0.9999797843055471;0.9999059369205117;0.9997614683072907;0.999778662934264;0.9997822924185716;0.9999973605116775;0.9999971950245397;0.9999674797190099;0.999978591875741;1.0;0.9997811532008134;1.0003267389740544;1.0003639793379602;0.9999680401198374;0.9999866960275263;0.9999803847340069;0.999603841128364;0.9995862927214156;1.0;0.9999354694961503;0.9999842332451819;1.0;0.9997350334417058;0.9998135492310635;1.0;0.9999016642048539;1.0;0.999986479542553;0.9999706257478793;0.999950354280679;0.999927980140831;1.024999976158142;
2016-08-12 12:45:00;1.0;0.999954565677064;0.9999541264353025;0.9999990243624688;1.0;0.9999999999999999;1.0003407620758966;0.9998642542143492;0.9999999999999999;1.0;0.9999685048559563;0.9998660460560901;0.9999732109457999;0.999922677597506;0.9998075705796012;0.999820774343672;0.9998235088304294;0.9999978292257928;0.9999976849319441;0.9999714051900395;0.999982042339214;1.0;0.999822637755174;1.0003153803728397;1.0003516222602387;0.9999729023651609;0.9999887402837886;0.9999838686541787;0.999645338583146;0.999647327685104;1.0;0.9999255767850479;0.9999879027791442;1.0;0.9997886767003709;0.9997822605523181;1.0;0.9999044267295951;0.9999999999999999;0.9999896248863742;0.9999752372575115;0.9999555480092946;0.9999216210418339;1.024999976158142;
2016-08-12 13:00:00;1.0;0.9999711094632427;0.9999687215835779;0.999998623437534;1.0;1.0;1.0003436701498636;0.999890411949545;1.0;0.9999999999999999;0.9999766012262142;0.9998871866694974;0.9999923830510822;0.9999391612032617;0.999839936886815;0.9998483280263116;0.9998507122400735;0.9999981708355318;0.9999981019069818;0.9999795920897682;0.9999853598658845;1.0;0.9998499571949039;1.0003191532677755;1.0003542121614515;0.9999782061934365;0.9999913977840493;0.9999873368676923;0.9996168192544235;0.9996137606870215;1.0;0.9999064454501106;0.9999923093181984;1.0;0.9997671832070584;0.999726293852093;1.0;0.9999044267295949;1.0;0.9999934045876022;0.9999799351392206;0.999970188714092;0.9999428322802848;1.024999976158142;
2016-08-12 13:15:00;1.0;0.9999517459928573;0.9999604881988305;0.9999976698284619;0.9999999999999999;1.0;1.00033907611934;0.9998478963960681;1.0;1.0;0.9999696468908721;0.9998338523123467;0.9999496696041068;0.9999139225284998;0.9997694272951517;0.9997834414948998;0.9997872907821697;0.9999986947955732;0.9999985934704452;0.9999762426266816;0.9999855935368817;1.0;0.9997861873124151;1.0003114609580055;1.0003509718337213;0.9999753456812341;0.9999900250022556;0.9999820814265985;0.9996350887546553;0.9996156939230809;1.0;0.9999338286686001;0.9999871558599782;1.0;0.9997508572665913;0.9998079086152935;1.0;0.999899484791544;1.0;0.9999889850880526;0.9999789260781674;0.9999647398394093;0.9998939753795311;1.024999976158142;
2016-08-12 13:30:00;1.0;0.9999733498234891;0.9999737310544476;0.9999989833024139;0.9999999999999999;1.0;1.0003230598613893;0.9999109353865678;1.0;1.0;0.9999807921930707;0.9999301665184942;1.0000209787620633;0.9999499238756272;0.9998697568841736;0.9998774993388706;0.9998794726420579;0.9999986596927625;0.9999986138964762;0.9999833916402615;0.9999888005465634;1.0;0.9998788598926638;1.0003020670541498;1.0003320010359917;0.999982955976295;0.9999931181845627;0.9999895838002807;0.999655166215043;0.9996384549227316;1.0;0.9999326468243064;0.9999929054674426;1.0;0.9997651580995229;0.9998031550766889;0.9999999999999999;0.9999055822032832;1.0;0.9999939156797977;0.9999844991742745;0.999975177686388;0.9999780842790509;1.024999976158142;
2016-08-12 13:45:00;1.0;0.9999633770369685;0.9999665970470069;0.9999988893287963;0.9999999999999999;1.0;1.0003260545037898;0.9998898571044076;1.0;1.0;0.9999758280710181;0.9999711155276205;1.000050128625012;0.9999373395595182;0.9998374854245583;0.9998481157873511;0.9998506139347535;0.9999979856206971;0.9999979161771315;0.9999788507928019;0.9999846473914891;0.9999999999999999;0.9998498159523723;1.0003067845976328;1.0003344688470872;0.9999778090366795;0.9999909746240283;0.9999869593023056;0.9996559825109972;0.9996435665023737;1.0;0.9999310238255713;0.9999902531300349;0.9999999999999999;0.9997715422731723;0.9997979747361753;1.0;0.9999260458353144;1.0;0.9999916418369811;0.9999792376476951;0.9999687929607743;1.0000118772797588;1.024999976158142;
2016-08-12 14:00:00;1.0;0.9999589699488058;0.9999663797401558;0.9999990803527314;1.0;1.0;1.0003242384215771;0.9998932352748146;1.0;0.9999999999999999;0.9999762201227612;1.0000078367286789;1.0000770994589498;0.9999381503296597;0.9998413019667133;0.9998532144328527;0.9998557233049827;0.9999980943186536;0.9999980192112939;0.9999793483971341;0.9999854348992956;1.0;0.9998549301226859;1.0003070230098883;1.000331759992143;0.9999789142040969;0.9999912050162981;0.9999871243640801;0.9996105263988525;0.9996096159796151;1.0;0.9999326446790774;0.9999890796327641;1.0;0.9997573334196682;0.9998017801584356;1.0;0.9999698373520335;1.0;0.9999906352844775;0.9999802874244202;0.9999690673301002;1.0000429488064417;1.024999976158142;
2016-08-12 14:15:00;1.0;0.9999734210028997;0.9999719395593527;0.9999987859981869;1.0;0.9999999999999999;1.0003284828607892;0.9999010963888354;1.0;1.0;0.999978838870721;1.0001393193773416;1.0001787379669824;0.9999449975129314;0.99985427128286;0.9998619880340858;0.9998641739536028;0.9999980008103379;0.9999979457914878;0.9999813460443563;0.9999853140569873;1.0;0.999863459117817;1.0003176929887354;1.0003335189704965;0.9999792036814996;0.999991837909596;0.999988556905907;0.9996112258416856;0.9996053061558308;1.0;0.9999207182340225;0.999992925437654;1.0;0.999752105119887;0.9997666420638744;0.9999999999999999;0.9999726000082539;1.0;0.9999939332455108;0.9999803147909051;0.9999734442217691;1.000159078240112;1.024999976158142;
2016-08-12 14:30:00;1.0;0.9999775385887403;0.9999782378845756;0.9999992034963188;1.0;1.0;1.0003190288534385;0.9999256573190469;1.0;1.0;0.9999837876729182;1.0001949624651192;1.0002193086468072;0.9999581643264064;0.9998894952705499;0.9998960129319592;0.9998976905950375;0.999998207530021;0.9999981681636756;0.9999854994533557;0.9999877707840977;1.0;0.999897123866292;1.0003118512957556;1.0003224747200024;0.9999834829958686;0.9999934577106911;0.9999912984382602;0.9996496426966394;0.9996428336986246;1.0;0.9999230233555436;0.9999940222264786;1.0;0.9997736094178579;0.9997729388704678;1.0;0.9999726000082539;1.0;0.9999948741397144;0.9999839357435917;0.9999796328840194;1.0002067477457097;1.024999976158142;
2016-08-12 14:45:00;1.0;0.9999844761113764;0.9999797681901207;0.9999993186300321;0.9999999999999999;1.0;1.0003123794955198;0.9999329719076451;1.0;1.0;0.9999849566975512;1.0002044105363057;1.00022550613792;0.999963224771406;0.9999035934074724;0.9999081007287217;0.999909417720189;0.9999981509222191;0.9999981162711878;0.9999858189959739;0.9999877359483247;1.0;0.9999089418404745;1.0003061335507712;1.0003154370968474;0.9999837882417538;0.9999937234251385;0.9999923509582984;0.9996332659425268;0.999634258908272;1.0;0.99992566746157;0.9999958673652477;1.0;0.9997728015629158;0.9997799407452331;1.0;0.9999726000082539;1.0;0.9999964560786213;0.9999840385132113;0.9999801252335362;1.0002148946561538;1.024999976158142;
2016-08-12 15:00:00;0.9999999999999999;0.999991992469965;0.9999810663355763;0.999998987688714;1.0;1.0;1.000308921299229;0.9999278540626073;1.0;1.0;0.9999844783601932;1.0001997470842758;1.0002204218604425;0.9999621560435491;0.999895372224491;0.9998977037185397;0.9998990641319366;0.9999973558207254;0.9999973235754275;0.9999848517710075;0.9999838361285285;1.0;0.9998985210945611;1.000302382590136;1.0003123444322044;0.9999799834524913;0.9999927066330843;0.9999921318869865;0.9996133904702394;0.9996204850322691;1.0;0.9999333650143526;0.9999978657764412;1.0;0.9997685007084354;0.9998029952407381;1.0;0.9999730128233562;1.0;0.9999981692120399;0.999979524230712;0.9999809237428074;1.0002105203251008;1.024999976158142;
2016-08-12 15:15:00;1.0;0.9999911964501298;0.9999712424227583;0.9999984192351119;1.0;0.9999999999999999;1.0003202244477527;0.9998945707374657;1.0;1.0;0.9999775109640756;1.0002049683475953;1.000228116114634;0.9999452743827514;0.9998543970214436;0.9998569541239478;0.999858730689023;0.9999979502518578;0.99999789357105;0.999978952507669;0.9999840602415027;1.0;0.9998581199274021;1.0003131336654547;1.0003238746352041;0.9999766420927899;0.9999914091597066;0.9999886107388221;0.9995723093069315;0.999590271893503;1.0;0.9999292115784428;0.9999976549475174;1.0;0.999759720762635;0.9997909225484106;1.0;0.9999738067674131;1.0;0.9999979888979524;0.9999783086957229;0.9999699504623724;1.0002170429175106;1.024999976158142;
2016-08-12 15:30:00;0.9999999999999999;0.9999892454175429;0.9999657251194005;0.9999991938538972;1.0;1.0;1.0003223615982384;0.9998991539358035;0.9999999999999999;1.0;0.9999757504065515;1.0002151135918442;1.0002353423866164;0.999947174225543;0.9998690547784909;0.9998721781556942;0.9998734530287858;0.9999975166732767;0.9999974339644857;0.999975376087182;0.9999820618471421;1.0;0.9998729437612874;1.0003160468328685;1.000325607400837;0.999974915658921;0.9999904316648237;0.9999889866197759;0.9995913353531998;0.9995974308316686;0.9999999999999999;0.9999299637584619;0.99999713509016;1.0;0.9997534867057991;0.9997929993605214;1.0;0.9999730128233562;1.0;0.9999975430968068;0.9999760866989523;0.9999630821728732;1.000225453235967;1.024999976158142;
2016-08-12 15:45:00;0.9999999999999999;0.9999866436028287;0.9999651084001006;0.9999993227326789;1.0;1.0;1.00031842827276;0.9999008073779232;1.0;1.0;0.9999758113789085;1.0001883799636346;1.0002143400199004;0.9999474826704925;0.9998718113723453;0.9998756887061185;0.9998769418498429;0.9999977265165154;0.9999976390036045;0.9999755290416248;0.9999831063960121;0.9999999999999999;0.9998764530058233;1.0003110302367797;1.0003220328052378;0.9999759546692245;0.9999906814763773;0.9999890471786267;0.9996632438815963;0.9996373739032587;1.0;0.9999326003049256;0.9999964430313891;1.0;0.9997510440890326;0.999800836100314;1.0;0.9999733939536599;0.9999999999999999;0.9999969497544209;0.9999773030482472;0.9999626109670186;1.0002016803727953;1.024999976158142;
2016-08-12 16:00:00;1.0;0.9999878004137553;0.9999781291344105;0.9999990985350348;0.9999999999999999;1.0;1.0003102743681;0.999922844115626;1.0;1.0;0.999982845803336;1.0001977320443165;1.0002184073498093;0.9999588010743307;0.9998885737303389;0.999892117071761;0.9998935680679061;0.9999971687799873;0.9999971266309778;0.9999831734896729;0.9999827280828059;1.0;0.999892988104515;1.0003035705711927;1.0003137765637358;0.999978630338222;0.9999920401572595;0.9999914299137092;0.9996511008853167;0.9996188982411999;1.0;0.9999284084141905;0.999996751432245;1.0;0.9997334208180895;0.9997880849290444;1.0;0.9999726000082539;1.0;0.999997214085155;0.9999781248436806;0.9999781234058818;1.000208216094161;1.024999976158142;
2016-08-12 16:15:00;1.0;0.9999904019350893;0.9999769462896286;0.9999991217096262;1.0;1.0;1.0003054852968583;0.9999205816038479;0.9999999999999999;1.0;0.9999819947615158;1.0002032719864684;1.0002211072510796;0.9999581827765303;0.9998874209671411;0.999890210431708;0.9998915701616103;0.9999968562281312;0.9999968097794579;0.9999817936197877;0.9999810763337793;1.0;0.9998909922797483;1.0002993019628028;1.0003088395566704;0.999976867528872;0.9999914539551302;0.9999912988474475;0.9996606688699512;0.9996305880480518;1.0;0.9999402226950843;0.9999974431491532;1.0;0.9997413785248792;0.9998232946037621;1.0;0.999974981846013;1.0;0.9999978071272897;0.999976149683023;0.9999763413658662;1.00021237971395;1.024999976158142;
2016-08-12 16:30:00;1.0;0.9999947378205021;0.999980896114207;0.9999990122409337;0.9999999999999999;1.0;1.0003081269620138;0.9999298476641543;1.0;0.9999999999999999;0.9999847884274795;1.0002213507308946;1.0002379841836058;0.9999637083329426;0.9999019759464303;0.9999035089818679;0.9999046858744798;0.9999979486880424;0.9999979203739158;0.999985192654077;0.9999864148344393;1.0;0.9999042326484545;1.00030284353145;1.0003109147149196;0.9999820465759005;0.9999934520633802;0.9999924551874378;0.9996522039301937;0.999624072847742;1.0;0.999926756229378;0.9999985966559669;1.0;0.9997404930124628;0.9997831958290452;0.9999999999999999;0.9999761886104857;1.0;0.9999987960996531;0.9999823211257187;0.9999800604627921;1.0002300999696407;1.024999976158142;
2016-08-12 16:45:00;1.0;0.99999733879369;0.9999850592886467;0.9999995198438736;0.9999999999999999;1.0;1.00030487233799;0.9999511449317295;1.0;1.0;0.9999885351466424;1.0002226772532257;1.000238579767778;0.9999749292553748;0.9999336553039341;0.9999344311478802;0.9999351048263425;0.9999979594287115;0.9999979402581246;0.9999879074504434;0.9999877389442176;1.0;0.9999347846422433;1.0003001268236675;1.0003073227927375;0.999985029460842;0.9999945163134913;0.9999947893869758;0.9996563264620498;0.9996274931901156;1.0;0.9999316889526744;0.9999992893336983;1.0;0.9997420525503841;0.9997981993820448;1.0;0.9999769825611591;1.0;0.9999993902895549;0.9999845550636843;0.9999839584460872;1.0002312068038226;1.024999976158142;
2016-08-12 17:00:00;1.0;0.9999976281282907;0.9999666546952776;0.9999949098594695;1.0;1.0;1.0003161540204863;0.9998047525086651;1.0;1.0;0.9999661947395949;1.0002309387392398;1.000246402623658;0.9999014486645738;0.9997096725814265;0.9997103655908731;0.9997146823381055;0.9999976759576454;0.9999976045959118;0.9999733815234096;0.9999777504511201;1.0;0.9997133845649865;1.0003086470239304;1.000320859438479;0.9999638237052986;0.9999879282604889;0.9999795105719399;0.9996556499563288;0.9996141519176531;0.9999999999999999;0.999932932695258;0.9999993659584396;1.0;0.9997223880937544;0.9998019639274268;1.0;0.999974440907502;1.0;0.999999455877085;0.9999682429535022;0.9999672788664308;1.0002392476644497;1.024999976158142;
2016-08-12 17:15:00;1.0;0.9999921345461488;0.999944182373116;0.9999905910582446;1.0;0.9999999999999999;1.0003192848863625;0.9996544476137922;1.0;1.0;0.9999418532042443;1.000219391880078;1.0002359017299498;0.9998248296478662;0.9994812157443143;0.999483495202153;0.9994914787490587;0.9999969987313665;0.9999968150862091;0.9999564213448351;0.9999657556414049;1.0;0.9994891695627984;1.0003084944860874;1.0003264668902865;0.9999405909882206;0.9999803393618805;0.99996354520283;0.9996818494947083;0.9996593480837013;1.0;0.9999332243887208;0.9999979058703441;1.0;0.9997659239467522;0.9998017695653553;1.0;0.9999884785248688;1.0;0.999998204482442;0.9999495783655302;0.9999466009454593;1.0002278948559447;1.024999976158142;
2016-08-12 17:30:00;1.0;0.9999888831511589;0.9999598261957462;0.9999940814658534;1.0;1.0;1.000311820152802;0.9997685823880937;0.9999999999999999;1.0;0.9999599219476787;1.0002174259521022;1.0002335425067084;0.9998815310750047;0.9996524699951101;0.9996556944399073;0.9996610298151013;0.9999974294201093;0.9999973349788289;0.9999690821573747;0.9999746602050937;1.0;0.9996594469767136;1.0003032838321602;1.0003171854607558;0.9999583414745924;0.9999858924739492;0.9999753645165486;0.9996710656394678;0.9996440881766528;1.0;0.99994135358771;0.9999970407418634;1.0;0.9997527820848253;0.9998268439080057;1.0;0.9999900664615023;1.0;0.9999974625296273;0.9999636466524882;0.9999617131263854;1.0002254876982049;1.024999976158142;
2016-08-12 17:45:00;1.0;0.9999888831511589;0.9999692527726588;0.9999960485830698;1.0;0.9999999999999999;1.0003116452815402;0.9998366203765973;1.0;1.0;0.9999709896325353;1.0002268261655982;1.0002429675617934;0.9999157120387945;0.9997572782944414;0.9997605030773045;0.9997641889490864;0.9999985140380538;0.9999984559995213;0.999977435776063;0.9999835169824893;0.9999999999999999;0.9997631157717556;1.00030483570074;1.000315623595651;0.9999716648655258;0.9999902049805014;0.9999824773293983;0.9996698145069427;0.9996394596057007;1.0;0.9999357021579712;0.9999970408406182;1.0;0.9997479548176866;0.9998102678935471;1.0;0.9999892724926028;1.0;0.999997462617024;0.9999758377534658;0.999970399295369;1.000234901518315;1.024999976158142;
2016-08-12 18:00:00;1.0;0.9999983506433141;0.999986529995603;0.9999985806962414;0.9999999999999999;0.9999999999999999;1.000294169327159;0.9999343431593721;0.9999999999999999;1.0;0.9999875519215183;1.0002213394069241;1.0002360705593687;0.9999666946660829;0.9999041023424443;0.9999045855317954;0.9999059055190346;0.9999985554198462;0.9999985406790598;0.999989027497172;0.9999895321841439;1.0;0.9999054572111687;1.000289461231676;1.000296700121006;0.999985266178675;0.9999949023520474;0.9999930830657415;0.9996988390053521;0.9996602286678146;0.9999999999999999;0.9999368564833857;0.9999995584782598;1.0;0.99975264572804;0.9998129889707141;1.0;0.9999900664615023;1.0;0.9999996209927337;0.9999860056865936;0.9999863588873752;1.0002292969339852;1.024999976158142;
2016-08-12 18:15:00;1.0;0.9999958928824688;0.9999806492100008;0.999997837126072;1.0;1.0;1.0003053603305538;0.9999029543556388;1.0;1.0;0.9999819225514783;1.0002272991689571;1.0002420268313408;0.9999504382907459;0.9998568573550909;0.9998580497843697;0.9998600937071187;0.9999980896274374;0.9999980629212892;0.9999845343790583;0.999985596370076;1.0;0.9998594224289067;1.0002998909685843;1.0003084707895256;0.9999792196968589;0.9999928043624845;0.9999897031782201;0.9997319745953199;0.9996569790075046;1.0;0.999939781677311;0.9999989055059456;1.0;0.9997214911689705;0.9998234677200885;1.0;0.9999908604325448;1.0;0.999999061429332;0.9999805334792241;0.9999807889908681;1.0002350853478765;1.024999976158142;
2016-08-12 18:30:00;0.9999999999999999;0.9999953150590372;0.9999715632821723;0.9999955215435602;1.0;1.0;1.0003058197220978;0.9998300692496752;0.9999999999999999;0.9999999999999999;0.9999709259686905;1.0002280812451294;1.0002424636337828;0.9999137093519169;0.9997452499273468;0.9997466108072898;0.999750493855162;0.9999981600992419;0.9999981073031121;0.9999776607037221;0.9999815737297841;1.0;0.9997493440318326;1.0002990793178392;1.0003099709178036;0.9999694753215163;0.9999897946769392;0.999982065865876;0.9997442661909572;0.9996791256269644;1.0;0.9999360842626077;0.9999987515299118;1.0;0.9997430247458841;0.9998113432802261;1.0;0.999989685320429;1.0;0.9999989293107258;0.9999734656471814;0.99997266512651;1.0002356379295358;1.024999976158142;
2016-08-12 18:45:00;1.0;0.9999922800798069;0.9999733883001944;0.9999967910614729;1.0;1.0;1.000307728281943;0.9998635599447588;1.0;1.0;0.9999753391882049;1.0002328939406029;1.0002472947844607;0.9999299233350994;0.999799435167544;0.9998016772674647;0.9998046356654587;0.9999986258917285;0.9999985813850916;0.9999802872399199;0.9999855397422014;0.9999999999999999;0.9998037615754705;1.0003018829752015;1.0003111212776539;0.9999756035246113;0.9999915507432794;0.9999854340218192;0.9997208387384685;0.9996538270324735;1.0;0.9999458361799463;0.9999979439081577;1.0;0.9997253991483719;0.9998413073449723;1.0;0.9999904792909121;1.0;0.9999982367330873;0.9999789943102427;0.999973850950423;1.0002402502286551;1.024999976158142;
2016-08-12 19:00:00;1.0;0.9999902581304454;0.9999548677766722;0.9999932421654607;0.9999999999999999;1.0;1.000311482907887;0.9997432038029355;1.0;1.0;0.9999560827279681;1.0002396912494527;1.0002540373519495;0.9998690432185021;0.9996214496656974;0.9996242829652668;0.9996300368408911;0.9999993720003976;0.9999992547931862;0.999967612138374;0.9999814076784882;1.0;0.9996284801404051;1.0003038982388377;1.0003162494548947;0.9999612199091024;0.999986970550453;0.9999727542741733;0.9997669079161291;0.9996951010646373;1.0;0.9999388573527906;0.999997404572508;1.0;0.999746698837752;0.9998193102636255;1.0;0.9999900664615025;1.0;0.9999977737981952;0.9999699223844177;0.9999560190014414;1.0002468761738195;1.024999976158142;
2016-08-12 19:15:00;1.0;0.9999902581304454;0.9999642089432623;0.999995694323771;1.0;1.0;1.0003064523266536;0.9998204182266115;1.0;0.9999999999999999;0.999967797468782;1.000238526190167;1.0002529212209503;0.9999078374698323;0.9997406735521098;0.9997435071896041;0.9997473026079715;0.9999997060266074;0.9999996345759832;0.9999752533311058;0.999987457557768;1.0;0.9997462841887542;1.0003004753420346;1.0003099253768921;0.9999729970954162;0.9999906314530304;0.999980831490726;0.9997607799681396;0.999689127836029;0.9999999999999999;0.9999472713226604;0.9999974046223404;1.0;0.9997429941361989;0.9998449593930177;1.0;0.9999908604325448;1.0;0.9999977738419529;0.999979361062292;0.9999642895273261;1.0002457379290095;1.024999976158142;
2016-08-12 19:30:00;1.0;0.999990835068309;0.9999843483325898;0.9999992378619396;1.0;0.9999999999999999;1.0002977894213554;0.9999447030736254;1.0;1.0;0.9999881906313987;1.0002309130663916;1.0002446918048409;0.9999703931728159;0.9999225253491072;0.9999251876427131;0.9999262191787479;0.9999992203241825;0.9999992019760787;0.9999894218535879;0.9999930736089754;1.0;0.9999258933184065;1.000293782012572;1.0002997416514225;0.9999891021410999;0.9999958195383257;0.9999938470019755;0.9997389371006593;0.9996723309660567;1.0;0.9999459410496065;0.9999975594075312;1.0;0.9997367882907382;0.9998411225323987;1.0;0.9999916544037752;1.0;0.9999979069761243;0.9999902632691111;0.9999842088854624;1.0002378281217452;1.024999976158142;
2016-08-12 19:45:00;1.0;0.9999919915909636;0.999984446687089;0.9999993635317073;1.0;1.0;1.000295121971216;0.9999486392831513;1.0;1.0;0.9999887256715043;1.000232393741252;1.000245871979688;0.9999726008633201;0.9999304772760347;0.9999328056060456;0.9999336654882401;0.9999995145278952;0.9999994989259026;0.9999897823914865;0.9999945163139576;1.0;0.9999334053816018;1.0002914436540307;1.0002968499492244;0.9999905171164658;0.9999962964569078;0.9999943062326891;0.9997953255027996;0.9996916838563122;0.9999999999999999;0.9999496258821052;0.9999978667154469;1.0;0.9997174107438632;0.9998526789255243;1.0;0.9999912732606052;1.0;0.9999981703417756;0.9999919379624528;0.9999839111548312;1.0002392238950666;1.024999976158142;
2016-08-12 20:00:00;0.9999999999999999;0.999977324445132;0.999977919316342;0.9999989083614467;1.0;1.0;1.00029843634167;0.9999214458867312;1.0;1.0;0.9999837833651593;1.000224744652676;1.0002395043553733;0.9999559996755237;0.9998857323963959;0.9998923234636713;0.9998941028032088;0.9999996952901885;0.9999996621120218;0.9999869314981534;0.9999939948219236;1.0;0.9998936136486352;1.000293855907382;1.00030059372805;0.9999881463296588;0.9999951085539374;0.999990850800878;0.999821427194828;0.999698495636067;1.0;0.9999492787623625;0.9999939627418658;1.0;0.9997049747528942;0.9998515791240077;1.0;0.9999908604325448;1.0;0.9999948221159649;0.9999905623291029;0.9999792165743847;1.000231258770948;1.024999976158142;
2016-08-12 20:15:00;1.0;0.9999783348057321;0.9999799979073882;0.9999993299358267;1.0;1.0;1.0002972541594748;0.9999359398184864;1.0;1.0;0.9999860753718547;1.0002240214559694;1.0002389283487938;0.9999634869956961;0.9999081445646565;0.9999144365679438;0.9999158397329734;0.9999997366764026;0.9999997099293637;0.9999884350155649;0.9999950191964997;1.0;0.9999154523745172;1.0002929454434193;1.000299194530467;0.9999902427364326;0.9999957982487568;0.9999924081503413;0.9998825081148063;0.9997653386017805;0.9999999999999999;0.9999344726717764;0.999994233083882;1.0;0.9997545815998576;0.9998073480943054;1.0;0.9999908604325449;0.9999999999999999;0.9999950544775119;0.9999922034277366;0.9999810200285566;1.0002306877121308;1.024999976158142;
2016-08-12 20:30:00;1.0;0.9999844008843769;0.9999809958016178;0.9999994944969351;1.0;1.0;1.0002876262794824;0.9999424657149414;0.9999999999999999;1.0;0.9999869076125389;1.0002183712113217;1.000232504146653;0.9999679898865481;0.9999208317920772;0.9999253484397992;0.9999264068249453;0.9999994639691594;0.9999994423754648;0.9999882585941412;0.9999940199086603;1.0;0.9999260909881541;1.0002836237958868;1.0002894635308328;0.9999897107267889;0.9999957294467822;0.9999933455690977;0.9998951588803631;0.9997691639039502;1.0;0.9999490085152445;0.9999958507218649;0.9999999999999999;0.9997475483206735;0.9998505146147096;1.0;0.9999916544037751;1.0;0.9999964429550705;0.9999912296075724;0.9999810320771999;1.0002250374298256;1.024999976158142;
2016-08-12 20:45:00;1.0;0.9999825945255025;0.9999808186123825;0.9999991833260066;1.0;1.0;1.0002945247376402;0.9999349493438843;1.0;1.0;0.9999861556524487;1.0002263555206306;1.000240277845671;0.9999638533775446;0.9999074059212119;0.9999124474344989;0.9999138075448128;0.9999996248224272;0.9999996029785386;0.9999883603594651;0.9999943908922578;1.0;0.9999134236633253;1.0002904104074104;1.0002964461305461;0.9999895097710356;0.9999956969780552;0.9999924871860982;0.9998830088529728;0.9997507487460962;1.0;0.9999414514167677;0.9999953700265564;1.0;0.9997315267000871;0.9998284170710878;1.0;0.9999904792909121;0.9999999999999999;0.9999960306988442;0.9999914257507975;0.9999814270307212;1.0002327809197091;1.024999976158142;
2016-08-12 21:00:00;1.0;0.9999684368565727;0.999970802749818;0.9999992306587212;1.0;1.0;1.0002999948018727;0.9999112186578977;1.0;1.0;0.9999800799195188;1.0002148426508004;1.0002309554762192;0.999949074041295;0.9998736809995326;0.9998828518689915;0.9998847423078233;0.9999994440601769;0.9999993826047995;0.999982985999612;0.9999921790242728;1.0;0.9998842063326789;1.0002949130591985;1.000302328197699;0.9999856454606366;0.9999937880805229;0.9999893957311586;0.9998956625796296;0.9997648050241139;1.0;0.9999450859011535;0.9999915973640731;1.0;0.9997411780829045;0.9998389727159732;1.0;0.9999908604325448;1.0;0.9999927937453881;0.9999881579064295;0.9999721060419272;1.000221482039511;1.024999976158142;
2016-08-12 21:15:00;0.9999999999999999;0.9999698786459928;0.99997273030247;0.9999992829980922;0.9999999999999999;0.9999999999999999;1.0002956949347368;0.9999166452173889;1.0;1.0;0.9999813337484391;1.0002125005979965;1.0002281959489807;0.9999521037228435;0.9998807486223349;0.9998894865741967;0.9998912869418626;0.9999993843288287;0.9999993374965473;0.9999840641998815;0.9999922943427857;0.9999999999999999;0.9998907704582858;1.0002907433661035;1.0002979777118541;0.9999862847086445;0.9999940745837342;0.999990033838;0.9998912935087614;0.9997579229966349;1.0;0.9999368339593132;0.9999919848714074;0.9999999999999999;0.9997341644659407;0.9998135747932612;1.0;0.9999892724926027;1.0;0.9999931273523256;0.9999885103314099;0.9999740771980143;1.0002190146365273;1.024999976158142;
2016-08-12 21:30:00;0.9999999999999999;0.9999781155456118;0.9999776238602167;0.9999995300111207;1.0;1.0;1.0002837080333193;0.9999353830522617;1.0;1.0;0.9999851257306204;1.0002121401317263;1.0002267045860418;0.999963168327196;0.9999109446569052;0.9999172905894034;0.9999185385302422;0.999999767321799;0.9999997368904046;0.9999870356766296;0.9999949637612222;1.0;0.9999181941282025;1.000279599615857;1.0002855138855733;0.9999899252869652;0.9999955653441974;0.9999923389591207;0.9999074606083371;0.9997842336022821;1.0;0.9999463102517379;0.9999941770424438;1.0;0.9997584755267539;0.9998413729272952;0.9999999999999999;0.9999920672329302;1.0;0.9999950073003808;0.9999920303285945;0.9999780372505197;1.0002186058640845;1.024999976158142;
2016-08-12 21:45:00;1.0;0.9999779751762958;0.9999761748826703;0.9999991130878633;1.0;0.9999999999999999;1.0002891619381278;0.9999224382313163;1.0;1.0;0.9999831709819954;1.000215904186799;1.000230528958272;0.9999566237485529;0.9998904473913419;0.9998968507892166;0.9998984452213929;0.9999996263862428;0.9999995852944119;0.9999857417032237;0.9999935829493543;1.0;0.9998979998474309;1.00028471576512;1.0002912311296273;0.9999876691125449;0.9999948596837633;0.9999909747219122;0.9998921839976287;0.9997639795179601;1.0;0.9999450170143416;0.9999941354151718;1.0;0.9997413450416722;0.9998376627471076;1.0;0.9999912732606053;1.0;0.9999949700758279;0.9999900551528482;0.9999768510827451;1.0002223892113535;1.024999976158142;
2016-08-12 22:00:00;0.9999999999999999;0.9999861401315144;0.9999746068626814;0.9999992835824771;0.9999999999999999;0.9999999999999999;1.0002847585403607;0.9999233155734238;1.0;1.0;0.9999823020740962;1.0002162998070685;1.000229680721678;0.999958695798155;0.9998981250305009;0.9999021585737982;0.9999033461498132;0.9999990916846082;0.9999990463586895;0.9999833841535619;0.9999908963903671;0.9999999999999999;0.9999029702495591;1.0002806475929025;1.0002867666098458;0.9999849713899954;0.9999940217990849;0.9999914013866666;0.9999146224448189;0.9997906697135457;1.0;0.9999460147305035;0.9999963076011676;1.0;0.999761712330186;0.9998402731248769;1.0;0.9999928612064206;1.0;0.9999968327456086;0.9999869125118114;0.9999735537198198;1.0002226692832932;1.024999976158142;
2016-08-12 22:15:00;0.9999999999999999;0.9999852715391765;0.9999765188095586;0.9999993369529044;0.9999999999999999;1.0;1.0002807725959026;0.9999292372889232;0.9999999999999999;0.9999999999999999;0.999983823613228;1.0002128070203578;1.0002267340796511;0.9999615058448139;0.9999056755029844;0.999909953786091;0.9999111007344483;0.9999994838825328;0.9999994506573446;0.9999852069674324;0.9999930881579832;1.0;0.9999107630113818;1.0002767592374189;1.0002826461828533;0.9999874455733938;0.9999948849464229;0.9999919920136858;0.9999150110886308;0.9997964776289427;1.0;0.9999470214674614;0.9999960785424656;0.9999999999999999;0.9997698628221037;0.9998431373650369;1.0;0.9999916544037752;1.0;0.9999966369997931;0.9999895888016107;0.9999757866833762;1.0002194173435688;1.024999976158142;
2016-08-12 22:30:00;0.9999999999999999;0.999985703824993;0.9999753527058861;0.999999077738385;1.0;0.9999999999999999;1.0002726873462444;0.9999215310604637;1.0;1.0;0.9999826684427636;1.0002059512142982;1.000220138131105;0.9999577237549067;0.9998950735494225;0.9998992212646626;0.9999005259597453;0.9999997673217991;0.9999997305292776;0.9999846129845473;0.9999938193851793;0.9999999999999999;0.9999001666375007;1.0002686328499195;1.0002745780418;0.999987290411772;0.9999948752153828;0.9999912040585847;0.9999224261567268;0.9998083970714922;1.0;0.999962724168869;0.9999961948184055;0.9999999999999999;0.9997799660691536;0.9998898282429963;1.0;0.9999912732606053;1.0;0.9999967371655719;0.9999900764222142;0.9999745379762992;1.000212735129922;1.024999976158142;
2016-08-12 22:45:00;0.9999999999999999;0.9999836816060247;0.9999719980548843;0.9999993288284164;0.9999999999999999;1.0;1.0002761285283732;0.9999193037718482;1.0;1.0;0.9999811307792662;1.000207144608608;1.000221374600219;0.9999561932400244;0.9998950481822033;0.9998997877443822;0.9999009856234138;0.999999606472852;0.9999995598563451;0.9999825476178265;0.9999928378134203;1.0;0.9999006431058023;1.000272064767351;1.0002779970427946;0.999986094896041;0.9999942642670738;0.9999908800629155;0.9999226618598028;0.9998085714531462;1.0;0.9999618632244026;0.9999956553513116;1.0;0.9997801890198681;0.9998873508360457;1.0;0.9999916544037751;1.0;0.9999962741177411;0.999988841518547;0.9999707195783387;1.000213810752289;1.024999976158142;
2016-08-12 23:00:00;1.0;0.9999862816376542;0.9999780007976571;0.9999991745266735;1.0;0.9999999999999999;1.0002644639381484;0.9999283008680644;1.0;1.0;0.9999841544437695;1.000194843034332;1.0002086924703226;0.9999612446942865;0.9999016413449238;0.9999056204771549;0.9999068840530523;0.9999991836576294;0.9999991562701332;0.9999856471027634;0.9999917995059568;0.9999999999999999;0.9999064946206604;1.0002602425652873;1.000266523980962;0.999986432160463;0.9999946449751721;0.9999919425060528;0.9999357842158514;0.999825975097642;1.0;0.9999656082928459;0.9999963489447836;1.0;0.9997944151158532;0.999898136296405;1.0;0.9999912732606054;1.0;0.9999968694169158;0.9999881993894943;0.9999776077440237;1.000201482290286;1.024999976158142;
2016-08-12 23:15:00;1.0;0.9999847637491821;0.9999776637536838;0.9999992231477843;0.9999999999999999;1.0;1.0002665126302168;0.9999287573063789;1.0;1.0;0.9999841860247942;1.0001957478312442;1.0002101013697167;0.9999611717709973;0.9999025301496796;0.9999069482758619;0.9999082156689261;0.9999993858925573;0.9999993600380234;0.9999858344466797;0.9999927366450219;1.0;0.9999078394114688;1.000262274545081;1.0002685248194352;0.9999872759154228;0.9999948783474666;0.9999919280226277;0.9999297529171349;0.9998168561500356;1.0;0.999962065596801;0.9999959455002186;1.0;0.9997860497035173;0.9998875740921587;1.0;0.999991654403775;1.0;0.9999965236022724;0.999989255614514;0.9999773667861992;1.0002025584834238;1.024999976158142;
2016-08-12 23:30:00;0.9999999999999999;0.9999862842400059;0.9999789686978443;0.9999992519523886;1.0;1.0;1.0002685247295289;0.999933103656488;1.0;1.0;0.9999851713687821;1.0002225749484546;1.0002313856625245;0.9999636494464856;0.9999092196125173;0.9999132085236688;0.9999143738745087;0.9999995850000664;0.9999995574671592;0.9999867896138448;0.9999938584457819;1.0;0.9999140384026521;1.0002656070914897;1.0002699579859213;0.9999885535048969;0.9999953760453367;0.9999924408401759;0.9999192506330598;0.9997995447217384;1.0;0.9999635693784596;0.9999963470167419;0.9999999999999999;0.9997687539404744;0.999892124024647;0.9999999999999999;0.9999916544037752;1.0;0.9999968668099501;0.9999906285925931;0.999978559521393;1.0002264505261997;1.024999976158142;
2016-08-12 23:45:00;1.0;0.9999782636262254;0.9999770081189296;0.9999991165446657;1.0;1.0;1.0002669270445226;0.9999244464029673;1.0;1.0;0.9999837243370011;1.0002223732077564;1.000230106323282;0.9999576944753367;0.9998929273007708;0.9998992447924301;0.999900821046944;0.9999996952901883;0.9999996610929407;0.9999863465022591;0.9999940496584201;1.0;0.9999003852825653;1.0002639577109957;1.0002683890168647;0.999988276569507;0.9999950918750481;0.9999912014974369;0.9999270582043008;0.9998112567577618;0.9999999999999999;0.9999664006946118;0.9999942128230094;1.0;0.9997792750918395;0.999900388168434;1.0;0.9999912732606053;1.0;0.9999950366550977;0.9999906575582802;0.9999777585309612;1.0002251019789914;1.024999976158142;
2016-08-13 00:00:00;1.0;0.9999832484368513;0.9999765810481208;0.9999993403914538;1.0;0.9999999999999999;1.000266653582577;0.9999292979435468;0.9999999999999999;1.0;0.9999838970433027;1.0002253039904476;1.0002325313859128;0.9999611287996554;0.9999045483456759;0.9999094152313207;0.999910632066524;0.9999995252687085;0.9999994877951063;0.9999854878551421;0.9999933335083516;0.9999999999999999;0.9999102788719733;1.0002639906429536;1.000267975703032;0.9999877525266656;0.9999949513854957;0.9999919110900021;0.9999311473026588;0.9998156150317051;1.0;0.9999646350229038;0.9999955398988465;1.0;0.9997822724301134;0.9998949718920777;1.0;0.9999928612064207;1.0;0.9999961749798865;0.9999899014863471;0.999976195594323;1.0002281021432415;1.024999976158142;
2016-08-13 00:15:00;1.0;0.9999867877005194;0.999980320198547;0.9999995401215741;1.0;1.0;1.0002633389422768;0.9999422216842375;1.0;1.0;0.9999865279577158;1.0002248267371094;1.0002314237759498;0.9999683368580262;0.9999225886454461;0.9999264214991621;0.9999273624963364;0.9999993321780671;0.9999993064108205;0.9999874556515561;0.9999932993330329;0.9999999999999999;0.9999270682804612;1.0002609329518113;1.00026455291674;0.9999889125612996;0.9999954762973124;0.9999934147697428;0.9999353758083417;0.9998252634027563;1.0;0.9999610218596542;0.9999964834093086;1.0;0.9997933345190589;0.9998840304347459;1.0;0.9999912732606052;1.0;0.9999969846726893;0.9999903553519481;0.9999798153312641;1.000227526462854;1.024999976158142;
2016-08-13 00:30:00;1.0;0.9999943758524945;0.9999800991911058;0.9999988136843488;1.0;0.9999999999999999;1.0002610205760292;0.9999268890427545;0.9999999999999999;1.0;0.9999847897594659;1.0002319552341643;1.0002374080420424;0.9999621523672225;0.9999013484516162;0.9999029831686227;0.9999041820092024;0.9999995436138537;0.9999995199521914;0.9999864937601038;0.9999931543001789;0.9999999999999999;0.9999038348317999;1.0002587767071474;1.0002622964059888;0.9999871856936394;0.9999952232617154;0.9999921321360824;0.9999299859545164;0.9998212464407854;1.0;0.9999651071426034;0.9999985012923013;1.0;0.9997915960410939;0.9998962399750496;1.0;0.9999920672329303;0.9999999999999999;0.9999987146334521;0.9999895307430733;0.9999789648451903;1.0002345529570087;1.024999976158142;
2016-08-13 00:45:00;1.0;0.9999977007636104;0.9999820145303409;0.9999989455439615;1.0;1.0;1.0002560181653426;0.9999353913081946;1.0;1.0;0.999986428101782;1.0002303141771274;1.0002358512847211;0.9999670851352702;0.9999154555975392;0.999916129743409;0.9999170682729779;0.9999998071441849;0.999999786797012;0.999987795464088;0.9999947366414431;1.0;0.9999168080060686;1.000254079399359;1.0002570845227672;0.9999891210472828;0.999995976012993;0.9999931572056409;0.999943746575198;0.9998374368200629;0.9999999999999999;0.999967982036893;0.999999384839826;0.9999999999999999;0.9998039202293934;0.9999046804860015;1.0;0.9999912732606052;1.0;0.9999994718808287;0.9999915259325168;0.9999804312237774;1.000233187559555;1.024999976158142;
2016-08-13 01:00:00;0.9999999999999999;0.9999968327203593;0.9999878106889925;0.9999995217589064;1.0;1.0;1.000253582084964;0.9999601704595645;1.0;1.0;0.9999910459437753;1.0002253459405137;1.0002305900523931;0.9999793626770546;0.9999474835695432;0.9999484057897472;0.9999489679630325;0.9999993413505809;0.9999993298941902;0.9999913789090648;0.9999944119043849;1.0;0.9999487739807488;1.0002517670175293;1.0002545627071813;0.9999913954199607;0.9999967558453541;0.9999957121452323;0.9999442803721734;0.9998381595437236;1.0;0.9999633265498189;0.9999991549769037;1.0;0.9998047306376171;0.999890675764378;1.0;0.9999916544037752;1.0;0.9999992751287252;0.9999922218720172;0.9999869052306622;1.0002279995048085;1.024999976158142;
2016-08-13 01:15:00;1.0;0.9999943758524944;0.9999829345865414;0.9999990864952436;1.0;1.0;1.0002519253723197;0.9999391149359792;1.0;0.9999999999999999;0.9999870914644596;1.0002218704735706;1.0002273721411683;0.9999682943995648;0.9999176681443568;0.9999193028880439;0.9999202983238155;0.9999994225873544;0.999999403751712;0.9999883274904882;0.9999934469231782;1.0;0.9999199961351556;1.0002497668713572;1.0002531286701584;0.9999886471467645;0.9999957353749644;0.9999934102550585;0.9999575979570626;0.9998610346676771;1.0;0.9999675443602268;0.9999985013543001;1.0;0.999827604886136;0.9999031937906452;1.0;0.999990479290912;1.0;0.9999987146881483;0.9999903565972181;0.9999820401449666;1.0002244949765446;1.024999976158142;
2016-08-13 01:30:00;1.0;0.9999943032150429;0.9999809808538737;0.9999989388950246;0.9999999999999999;1.0;1.000250816980892;0.9999319358964964;1.0;1.0;0.9999856977603888;1.0002221538474116;1.0002277521345468;0.9999646740797822;0.9999088774560504;0.9999105311918505;0.9999116229267753;0.9999996646403824;0.9999996422592728;0.9999872747539139;0.9999939997262927;1.0;0.999911312391932;1.0002486788770908;1.0002519950423543;0.9999883470726407;0.9999956125868693;0.9999926559019633;0.9999783306802948;0.9998906647253136;1.0;0.9999607086430476;0.9999984824788043;0.9999999999999999;0.9998546924553079;0.9998824342238715;1.0;0.9999928612064208;1.0;0.9999986986892837;0.9999906490008355;0.999979845926011;1.0002248267596148;1.024999976158142;
2016-08-13 01:45:00;1.0;0.999997266742388;0.9999822299183525;0.9999990532513294;1.0;1.0;1.0002479336113252;0.9999374405553142;1.0;1.0;0.9999865841251981;1.0002207099288458;1.0002258469448606;0.9999680294983927;0.9999175812086791;0.9999183793786015;0.9999192851791633;0.999999424151193;0.9999994042798046;0.9999875777805166;0.9999932070594545;1.0;0.9999190066649578;1.0002459238748003;1.0002490847311696;0.999988092560223;0.9999955946609058;0.9999933543292143;0.9999768551421058;0.9998889297278534;0.9999999999999999;0.9999651313341826;0.9999992698608421;0.9999999999999999;0.9998531517402612;0.9998956901517646;0.9999999999999999;0.9999912732606052;1.0;0.9999993734628684;0.9999899471423727;0.9999807472863635;1.0002233344287748;1.024999976158142;
2016-08-13 02:00:00;0.9999999999999999;0.9999963995826426;0.9999851902415428;0.9999992409399746;1.0;1.0;1.000247261946821;0.9999477402738763;1.0;0.9999999999999999;0.9999887413095566;1.0002166165316722;1.0002222288209512;0.9999730307665291;0.9999298002374358;0.9999308497108967;0.999931656809447;0.9999992724467547;0.9999992565730513;0.9999894985505244;0.9999933085617001;1.0;0.9999313936070394;1.0002451551813247;1.0002484402875433;0.9999893116848871;0.9999960320968441;0.9999943953331419;0.9999698445253863;0.9998801909912632;0.9999999999999999;0.9999688545990207;0.999999039307242;1.0;0.9998458943644498;0.9999069789039022;1.0;0.9999928612064207;1.0;0.9999991757984481;0.9999905283077597;0.9999842188754962;1.0002194414663397;1.024999976158142;
2016-08-13 02:15:00;0.9999999999999999;0.9999965442289713;0.9999887661301228;0.9999994307921057;1.0;1.0;1.0002366068512967;0.9999596187463363;1.0;1.0;0.9999912889603169;1.0002058909628166;1.0002113096752123;0.9999790277560536;0.9999444052300527;0.9999454133846447;0.9999460801040106;0.999999140679551;0.9999991315673962;0.999991750080426;0.9999935888893778;1.0;0.9999458445676422;1.000234585259266;1.0002377348067288;0.9999908079511194;0.9999966013992395;0.9999956447663436;1.0000097450596739;0.9999406237825902;1.0;0.9999674997216166;0.9999990777363377;1.0;0.9999029041267751;0.9999025696204933;1.0;0.999990860432545;1.0;0.9999992086947325;0.9999913589151109;0.9999882325082943;1.0002086196890854;1.024999976158142;
2016-08-13 02:30:00;0.9999999999999999;0.99999444848841;0.9999869461088975;0.9999989337659922;1.0;1.0;1.0002349883163972;0.999944201166154;1.0;1.0;0.9999891131515686;1.000204395313248;1.0002098396865355;0.9999708654660036;0.9999198663647825;0.9999214821056722;0.9999226063336936;0.9999993321780671;0.9999993211007496;0.9999907566974016;0.9999935881692863;1.0;0.999922263947286;1.0002327039949186;1.000236298131384;0.999989553004028;0.9999962030809065;0.999993949633011;1.0000223384290756;0.9999564081183494;1.0;0.9999659431585027;0.9999985203394366;1.0;0.9999159328356491;0.9998977763262796;1.0;0.9999920672329303;1.0;0.9999987307828972;0.9999908386105899;0.9999869355396699;1.0002069929645159;1.024999976158142;
2016-08-13 02:45:00;0.9999999999999999;0.9999954605891705;0.9999911240864542;0.9999991134541312;1.0;1.0;1.0002284450768852;0.9999583714553513;1.0;1.0;0.9999922607431054;1.0002002767309723;1.0002058326682464;0.9999781854523104;0.9999388536220397;0.9999401766770069;0.9999410919727905;0.9999996248224269;0.9999996192633657;0.9999938088966107;0.9999958276065912;1.0;0.999940825030803;1.0002264302342287;1.0002295423487229;0.9999928058461823;0.9999974119628479;0.9999954717816152;1.0000378582915468;0.9999806825185141;1.0;0.9999689793944068;0.9999987894322808;1.0;0.9999391830088598;0.9999067962205702;1.0;0.999990479290912;1.0;0.9999989614382688;0.9999938739911707;0.9999914023232964;1.0002030054419244;1.024999976158142;
2016-08-13 03:00:00;0.9999999999999999;0.9999969774081008;0.9999916360540414;0.9999991445458388;1.0;1.0;1.0002268945913106;0.9999607204957583;1.0;1.0;0.9999927013768867;1.000201182360062;1.0002064925578722;0.9999796703666524;0.9999431759377216;0.9999440568080857;0.9999448785589954;0.9999997167630139;0.9999997126803474;0.9999941191576165;0.9999963229211581;1.0;0.9999446426556388;1.0002250461830293;1.0002278982727917;0.9999933531310012;0.9999976378166602;0.999995780652883;1.000048064484802;1.0000000929051092;1.0;0.9999673826430392;0.9999991934729819;0.9999999999999999;0.9999598704343954;0.9999019629492446;1.0;0.9999920672329302;1.0;0.9999993080835379;0.9999944748350205;0.9999916823411683;1.0002038820219876;1.024999976158142;
2016-08-13 03:15:00;1.0;0.9999963995826427;0.9999923669616048;0.9999995004722204;1.0;1.0;1.000227417243397;0.9999701430143785;1.0;1.0;0.9999939149386751;1.000199163019278;1.0002048282221416;0.9999842859221927;0.9999576589217551;0.999958708424455;0.9999592831649953;0.9999995850000666;0.9999995803427987;0.9999946633659926;0.9999963007398762;1.0;0.9999591029612657;1.0002256164936372;1.0002283457452301;0.9999941623993789;0.9999978321964192;0.9999967382010698;1.0000481291493624;1.0000011871420136;1.0;0.9999643741439288;0.9999990394994182;1.0;0.9999614893034979;0.9998928814129268;1.0;0.9999908604325449;1.0;0.9999991759670034;0.9999947927651421;0.9999922966487125;1.000202016956117;1.024999976158142;
2016-08-13 03:30:00;1.0;0.9999976281282907;0.9999907563672255;0.9999992346605875;1.0;1.0;1.000228241343354;0.9999600471215885;1.0;1.0;0.9999921010984641;1.0001990577599487;1.000204412722129;0.9999794607204318;0.999942798457397;0.9999434916284486;0.9999442581445488;0.9999992525333847;0.9999992454620183;0.9999929793395343;0.9999941834913422;1.0;0.9999440042143003;1.0002262108982352;1.0002293955560482;0.9999914504182373;0.9999969537722166;0.9999957358955063;1.0000303842171665;0.9999827605615699;1.0;0.9999703674909045;0.9999993662673743;0.9999999999999999;0.9999486876165353;0.999910939001482;1.0;0.9999916544037752;1.0;0.9999994561485003;0.9999920738720932;0.9999905649355898;1.0002018267878845;1.024999976158142;
2016-08-13 03:45:00;0.9999999999999999;0.9999931463869599;0.9999907361750628;0.9999993195086339;1.0;1.0;1.000228570649633;0.9999621602361947;1.0;1.0;0.9999925816488431;1.0001993504279223;1.0002051431108274;0.9999796294901513;0.9999448986885452;0.9999468865600836;0.9999477159126334;0.9999997351125393;0.9999997288910517;0.9999940047214358;0.9999965542941857;1.0;0.9999474792972729;1.0002266139931066;1.0002295723182075;0.9999937606446885;0.9999976244888081;0.9999957708252144;1.0000411713650401;0.9999900251396233;1.0;0.9999693636299887;0.9999981754362793;1.0;0.9999505018447421;0.9999079346742404;1.0;0.9999904792909121;0.9999999999999999;0.9999984355605886;0.9999948167398216;0.9999910922439434;1.0002020500849031;1.024999976158142;
2016-08-13 04:00:00;1.0;0.9999940144690652;0.9999913003749055;0.9999993903630183;1.0;1.0;1.0002290980319695;0.9999648572996148;1.0;0.9999999999999999;0.9999930090882956;1.000199438340834;1.0002051759149926;0.9999811551265624;0.9999488586521945;0.9999505984665006;0.9999513522379005;0.9999995941726016;0.9999995880929998;0.9999941565720126;0.999996086480658;0.9999999999999999;0.9999511256108996;1.000227146792208;1.0002301108511793;0.999993603644808;0.9999975880109898;0.9999960877091999;1.0000378039312654;0.9999858513723601;1.0;0.9999673754304992;0.9999984054207659;1.0;0.9999471298272898;0.9999019599412502;1.0;0.9999920672329301;1.0;0.9999986324183071;0.9999943992337532;0.9999915698995895;1.000202167049499;1.024999976158142;
2016-08-13 04:15:00;1.0;0.9999950974750037;0.9999904802777091;0.9999990829394882;0.9999999999999999;1.0;1.0002266470454395;0.9999559637517513;1.0;1.0;0.9999917409464217;1.000196343730031;1.0002022064150922;0.9999769085980112;0.9999353406617028;0.999936762227715;0.9999377241161826;0.9999995344412717;0.9999995291200741;0.999993302059515;0.999995281929738;1.0;0.9999374385884969;1.0002244916380667;1.0002278271989589;0.9999921382750244;0.9999971656888761;0.9999952070878882;1.000043939366738;0.9999907850668357;1.0;0.9999696021015342;0.9999986945274352;0.9999999999999999;0.9999492421339102;0.9999086391944193;1.0;0.9999908604325449;1.0;0.9999988806847688;0.9999931864564447;0.9999907614597873;1.000199217014871;1.024999976158142;
2016-08-13 04:30:00;1.0;0.9999964715928336;0.9999920597387104;0.9999994617450622;0.9999999999999999;1.0;1.0002259429094957;0.9999686551636338;0.9999999999999999;1.0;0.999993653597967;1.000197639784648;1.0002033794810459;0.9999835543460031;0.9999556923880717;0.9999567195612856;0.999957319040994;0.9999996156454579;0.9999996115488902;0.9999944745573769;0.9999963345689992;0.9999999999999999;0.9999571344821061;1.0002241225091455;1.0002268819548732;0.9999940411131678;0.9999977928740642;0.9999965867259951;1.0000407691662074;0.9999885344325335;1.0;0.9999707905807006;0.9999990590215149;1.0;0.9999485231598217;0.9999122097902813;1.0;0.9999916544037752;0.9999999999999999;0.9999991928378601;0.9999947683204613;0.9999919554078018;1.0002005398788776;1.024999976158142;
2016-08-13 04:45:00;1.0;0.9999968321318448;0.9999909709319357;0.9999991583958054;0.9999999999999999;0.9999999999999999;1.0002288676947195;0.9999588398291746;1.0;1.0;0.9999921226224742;1.0002011961305546;1.0002063120773554;0.9999786993538755;0.9999401776825503;0.9999410965641533;0.9999419437641575;0.9999993735924678;0.9999993678828029;0.9999933006535361;0.9999946935620649;1.0;0.9999416771101719;1.0002268812986708;1.000229996542191;0.9999918347967226;0.9999970942741818;0.999995578629119;1.000047119017778;0.9999973653313933;1.0;0.9999645138428235;0.999999155829744;1.0;0.9999566628253396;0.9998933594289355;1.0;0.999990479290912;1.0;0.9999992761831538;0.9999926175870534;0.9999910010753131;1.000203780258891;1.024999976158142;
2016-08-13 05:00:00;1.0;0.9999931463869598;0.9999889857633222;0.9999989363013446;1.0;1.0;1.0002272909893144;0.999948507602684;1.0;0.9999999999999999;0.9999903793115367;1.0001944182450133;1.0002003374847388;0.9999727733828541;0.9999233583828746;0.9999253462115911;0.999926518119921;0.9999993644154438;0.999999357408347;0.9999922453636592;0.9999941301608422;0.9999999999999999;0.99992616545851;1.0002248851903763;1.0002286423572484;0.9999905992762358;0.9999965945401803;0.9999943482405238;1.0000470250678168;0.9999985513489941;1.0;0.9999691610383344;0.9999981754329204;1.0;0.9999584015746027;0.9999073138252227;1.0;0.9999900664615025;0.9999999999999999;0.9999984355576156;0.9999916818404094;0.9999895452725291;1.0001971872601048;1.024999976158142;
2016-08-13 05:15:00;1.0;0.9999928570527472;0.999989430934769;0.9999993234634075;0.9999999999999999;1.0;1.0002287979654425;0.9999594063466236;1.0;1.0;0.9999918566443919;1.000199375992811;1.000205384310244;0.9999781901327892;0.9999423171411344;0.999944387687668;0.9999452187472626;0.9999998378221839;0.9999998331903164;0.9999933068410242;0.999996786937401;1.0;0.9999449888843489;1.0002268442379363;1.00022977570541;0.9999936342512636;0.9999975349755834;0.9999954729637622;1.0000482885243802;0.9999976611224987;1.0;0.9999639065692685;0.9999980987916735;1.0;0.9999561083037176;0.999891521954687;1.0;0.9999912732606052;1.0;0.9999983699561237;0.9999949410357838;0.9999895750654056;1.0002021740730707;1.024999976158142;
2016-08-13 05:30:00;0.9999999999999999;0.9999959664027087;0.9999904760842071;0.9999990662325492;1.0;1.0;1.0002286713871564;0.9999556637473718;1.0;1.0;0.9999916685011625;1.0001985927059374;1.0002043976167356;0.9999769264203103;0.9999352070749412;0.999936383836288;0.9999373294168613;0.9999994838825328;0.9999994778027143;0.9999931507522158;0.9999950139208522;1.0;0.9999370446317383;1.0002265181856296;1.0002298653437027;0.9999918498792472;0.9999970891982107;0.9999952104223495;1.0000300349292306;0.999988851503549;1.0;0.9999663510774494;0.9999989238722552;1.0;0.999958281736055;0.9998988298321828;1.0;0.9999912732606053;1.0;0.9999990766739263;0.9999928648951746;0.9999906418988205;1.0002014928029301;1.024999976158142;
2016-08-13 05:45:00;1.0;0.9999956035471146;0.999990494996796;0.9999991276151153;1.0;1.0;1.000229822643023;0.9999568492356121;1.0;1.0;0.9999917650285184;1.0002004814490635;1.0002058792872488;0.9999774540012367;0.9999368074835319;0.999938082687802;0.9999390021230095;0.999999382765018;0.9999993767130757;0.9999931057428316;0.9999946484527271;1.0;0.9999387171218727;1.000227725486594;1.0002310011962756;0.9999916658637864;0.9999970040424542;0.9999953200397474;1.000020102550074;0.9999810303988299;1.0;0.9999666717819181;0.999998829031459;1.0;0.9999549993025106;0.9998998266621095;1.0;0.9999916544037751;1.0;0.9999989959752205;0.9999925130043505;0.9999906846105342;1.0002031349473937;1.024999976158142;
2016-08-13 06:00:00;1.0;0.999998350643314;0.9999940072003627;0.9999992995097816;0.9999999999999999;1.0;1.0002282236982611;0.9999699236875048;1.0;1.0;0.9999945496084702;1.0002038938178177;1.0002091572911833;0.9999845668817084;0.9999561931148758;0.9999566763293991;0.99995731554776;0.9999997749348926;0.9999997725782899;0.9999956735761412;0.9999971605029294;1.0;0.9999571317099197;1.0002265505481465;1.00022910819087;0.9999948929920685;0.9999982213845995;0.9999967977698053;1.0000101451852448;0.9999707123824058;1.0;0.9999690964478551;0.9999995586056373;1.0;0.9999478488042705;0.9999071245623903;1.0;0.9999908604325449;1.0;0.9999996211041308;0.9999957423281842;0.9999940514075837;1.000206662859142;1.024999976158142;
2016-08-13 06:15:00;1.0;0.999992423030314;0.9999903152184288;0.9999993610518163;0.9999999999999999;1.0;1.0002307089943894;0.9999612421393562;1.0;1.0;0.9999922295867911;1.0001980690717223;1.0002040048532579;0.9999790265107407;0.9999429048769843;0.999945099450911;0.9999459570011593;0.9999994134104283;0.9999994075110568;0.9999934391403247;0.9999951093999601;1.0;0.9999456904176731;1.0002285532993465;1.0002318493033595;0.9999925329284349;0.9999971684564136;0.999995646429214;1.0000223236573353;0.9999830933759611;0.9999999999999999;0.99996202152148;0.9999979837890127;1.0;0.9999563033602666;0.9998858216166384;1.0;0.9999908604325449;1.0;0.99999827151784;0.9999932198029697;0.999990763603437;1.0002007977766516;1.024999976158142;
2016-08-13 06:30:00;1.0;0.9999952438912266;0.9999903730522026;0.9999992439756724;1.0;1.0;1.0002281581036094;0.9999601814717737;1.0;1.0;0.9999922416836134;1.000200996916552;1.0002067071965282;0.9999790500158766;0.9999435044416337;0.999944891175836;0.9999456905851911;0.9999998362301312;0.9999998300702394;0.9999936532628076;0.9999967957999659;1.0;0.9999454689313771;1.0002262937749855;1.0002291190129067;0.9999936586451554;0.9999976412840271;0.9999956503824871;1.0000404268789826;0.9999944809050201;0.9999999999999999;0.9999714283433886;0.999998731571467;1.0;0.9999578779407203;0.9999141522499548;1.0;0.9999912732606053;1.0;0.9999989117510123;0.9999949567382366;0.9999903598513218;1.0002037950013463;1.024999976158142;
2016-08-13 06:45:00;0.9999999999999999;0.9999956043931858;0.9999892267274947;0.9999988729378382;1.0;1.0;1.0002367980468916;0.9999488850169931;1.0;1.0;0.9999905870969737;1.0002086476702514;1.000214359719532;0.9999734520989475;0.9999257963689334;0.9999270748159941;0.9999281656334955;0.999999716763014;0.9999997112628012;0.999992555367683;0.9999956091097031;1.0;0.9999278589937891;1.000234662803299;1.00023798085501;0.9999917047659265;0.9999970441627762;0.9999944894713423;1.0000163315063906;0.9999642308988077;1.0;0.9999711882624522;0.9999988284077347;0.9999999999999999;0.9999333534294751;0.9999138651958067;1.0;0.999990479290912;1.0;0.9999989951208191;0.9999932541281915;0.9999893776341935;1.0002114725824125;1.024999976158142;
2016-08-13 07:00:00;1.0;0.9999963269051838;0.9999915398777429;0.9999992610280439;1.0;1.0;1.0002398728934512;0.9999617595881394;1.0;1.0;0.9999925677581897;1.0002082646269272;1.000213836244886;0.9999800627227988;0.9999435028442458;0.9999445713508172;0.9999453822359168;0.9999991315069521;0.9999991256004052;0.9999934824346969;0.9999938495032408;1.0;0.9999451081558042;1.0002377073009887;1.0002411009650158;0.9999914695165776;0.9999969504429669;0.9999958618282074;0.9999803620189441;0.9999378249847913;0.9999999999999999;0.9999655336825347;0.9999990206706629;1.0;0.9999243890752623;0.9998968348037078;1.0;0.999990479290912;1.0;0.999999160010686;0.9999918300139361;0.9999917150676854;1.0002110627320528;1.024999976158142;
2016-08-13 07:15:00;0.9999999999999999;0.9999953150590372;0.9999866291180495;0.9999994835207372;1.0;1.0;1.0002442492787869;0.9999564847956014;1.0;1.0;0.999990267098538;1.000204989482561;1.0002128650616025;0.9999772086261877;0.9999422411206325;0.9999436022687253;0.999944250020063;0.999999393501449;0.9999993807541343;0.9999907962912505;0.9999944208162976;1.0;0.9999440371962074;1.0002418455439692;1.0002454637569858;0.9999910862838687;0.9999965949716352;0.999995264154806;0.9999189666066779;0.9999095497674394;1.0;0.999965315093475;0.9999987515688166;1.0;0.9999339663503622;0.9998959501837655;0.9999999999999999;0.9999912732606052;1.0;0.999998929345082;0.9999921016856232;0.9999858044973112;1.0002089803064007;1.024999976158142;
2016-08-13 07:30:00;1.0;0.9999878730470846;0.9999856497751244;0.9999989097150908;0.9999999999999999;1.0;1.0002433307796113;0.9999406436727616;1.0;0.9999999999999999;0.9999885712367997;1.0001981975618845;1.000207430685142;0.9999677628137766;0.9999130234183707;0.999916547840319;0.9999179022903709;0.999999837822184;0.9999998261349053;0.9999911278894756;0.9999957513457784;0.9999999999999999;0.9999175348302054;1.0002403058755658;1.0002448353489113;0.9999912493952254;0.9999966122365548;0.9999933049307684;0.999905018844396;0.9999014665715672;1.0;0.9999684205548733;0.9999967709017064;1.0;0.9999335316800164;0.9999052568551067;1.0;0.9999912732606052;1.0;0.9999972306064742;0.9999931726902576;0.9999864392180358;1.0002024156063336;1.024999976158142;
2016-08-13 07:45:00;1.0;0.9999358531595945;0.999962124734635;0.9999990776308932;1.0;1.0;1.0002674530618512;0.9998830199361812;1.0;1.0;0.9999745735563791;1.0001787806472136;1.0001923528098564;0.9999283718222761;0.9998201391167036;0.9998387793881527;0.9998420508620078;0.9999996447314057;0.999999540921345;0.9999806064708979;0.9999921709452464;1.0;0.9998411658870511;1.000261885339145;1.0002699711483005;0.9999843577513954;0.9999924619492263;0.9999850779900323;0.9998929207228819;0.9998868635354629;1.0;0.9999619048109291;0.9999829235973964;1.0;0.9999221826824302;0.9998857253615837;1.0;0.9999908604325449;1.0;0.9999853547564809;0.9999876173138228;0.9999676580964832;1.000181765577724;1.024999976158142;
2016-08-13 08:00:00;1.0;0.9999354178308898;0.9999624554520661;0.9999993726676556;1.0;0.9999999999999999;1.000265088509779;0.9998899095241296;1.0;1.0;0.9999753311003269;1.0001536434015386;1.000172344590695;0.9999317515886217;0.9998307639972335;0.9998495218935868;0.9998525990892425;0.9999994026739882;0.9999993009681053;0.9999807148370177;0.9999915081111425;1.0;0.9998517482196466;1.0002584887348285;1.0002680023986903;0.9999844108891317;0.9999924059345431;0.9999857806081294;0.9999033901759374;0.999897296926243;0.9999999999999999;0.9999686580542602;0.9999828099075682;1.0;0.9999288981550936;0.9999060953746848;1.0;0.9999912732606053;0.9999999999999999;0.9999852580663612;0.999987139619747;0.999967866608886;1.00015941119559;1.024999976158142;
2016-08-13 08:15:00;1.0;0.9999857061253445;0.9999864933400009;0.9999994738590388;1.0;1.0;1.0002581993078181;0.9999543625128534;1.0;1.0;0.999990222526681;1.0002078220122859;1.0002175112217064;0.9999742154675741;0.9999333541928159;0.9999375119023853;0.999938536900656;0.9999994946189099;0.9999994810559973;0.9999917467161691;0.9999950906372672;1.0;0.9999382319895543;1.0002551607099843;1.000259649059345;0.9999919717056344;0.9999966946774476;0.99999464330754;0.9998560868138429;0.9998277289418703;1.0;0.9999634372532455;0.9999961932604456;1.0;0.9998648953825713;0.9998908094182777;1.0;0.999991654403775;1.0;0.9999967348850266;0.9999929734849969;0.9999872973129635;1.000212138740816;1.024999976158142;
2016-08-13 08:30:00;1.0;0.9999864254337751;0.9999857058034916;0.999999179319086;1.0;1.0;1.0002497194777222;0.9999461669613814;1.0;1.0;0.9999890890076971;1.0002133057858387;1.000219760946998;0.999970253481676;0.9999210800956257;0.9999250147151978;0.9999262350905148;0.9999995742636262;0.9999995611624418;0.9999911167773906;0.9999949429492917;1.0;0.9999258843998546;1.0002472450327513;1.0002509956861905;0.9999911021311293;0.9999964649295965;0.9999938211855903;0.9998892354037019;0.9998821456003187;1.0;0.9999618380198908;0.9999963881884011;1.0;0.9999182373341801;0.999885581987443;1.0;0.999990860432545;1.0;0.9999969033361025;0.999992501381189;0.9999865322904546;1.0002159034602482;1.024999976158142;
2016-08-13 08:45:00;1.0;0.9999899710784422;0.9999899349751098;0.999999282004958;1.0;1.0;1.000263878554837;0.9999589431441027;1.0;1.0;0.999992030825446;1.0002330472236365;1.000238936570486;0.9999773658544606;0.9999388289571437;0.9999417556734546;0.9999427397787193;0.9999997764987811;0.9999997676156336;0.9999938216051194;0.9999966306259145;1.0;0.9999424653811307;1.0002617993286134;1.000264929187207;0.9999936753586051;0.999997515617007;0.9999952995734843;0.9998268211596182;0.9997898170260676;1.0;0.9999576157779037;0.9999973263589927;1.0;0.9998333244477969;0.9998735711203006;1.0;0.9999900664615023;1.0;0.9999977058978847;0.9999948396328782;0.9999907390408015;1.0002355755752141;1.024999976158142;
2016-08-13 09:00:00;0.9999999999999999;0.9999839694649469;0.9999835020559978;0.9999990387887538;1.0;0.9999999999999999;1.0002660513298258;0.9999378368305324;1.0;1.0;0.999987474762993;1.0002271638948514;1.000234117317387;0.9999655751133948;0.9999089940898197;0.9999136444636841;0.9999150632411609;0.9999996753812069;0.9999996582524934;0.9999899700137724;0.9999948952517154;1.0;0.9999146674808993;1.0002633667313352;1.000267423142094;0.9999903368386059;0.999996123747823;0.9999928477234434;0.9998475948925936;0.9998167693754071;0.9999999999999999;0.9999510724867455;0.9999957339745107;0.9999999999999999;0.9998565317258934;0.999853836780785;1.0;0.9999912732606052;1.0;0.9999963420705038;0.9999921486346006;0.9999844908086251;1.0002298636269045;1.024999976158142;
2016-08-13 09:15:00;1.0;0.9999823060496877;0.9999845051075248;0.999999319045452;1.0;1.0;1.0002615733786258;0.9999446265504999;1.0;0.9999999999999999;0.9999883389881578;1.0002156369391146;1.0002228512441607;0.9999686574739555;0.9999167010389697;0.9999218285331021;0.9999231563818866;0.9999989905671831;0.9999989749484641;0.9999901059544902;0.9999923930195703;0.9999999999999999;0.9999227365138339;1.0002585829567048;1.000263147790235;0.9999890401799219;0.9999956061421382;0.9999934895727643;0.9998534423002104;0.9998338465372101;1.0;0.9999519102520311;0.99999529283746;1.0;0.9998770704903419;0.9998561640309264;1.0;0.999990860432545;0.9999999999999999;0.9999959643120105;0.9999897260772425;0.9999858409636749;1.0002183656919719;1.024999976158142;
2016-08-13 09:30:00;1.0;0.999979994786687;0.9999832121190456;0.9999994733568157;1.0;1.0;1.0002682113811208;0.9999454513773699;1.0;1.0;0.9999880729598435;1.0002241094960758;1.0002311148335918;0.9999686053437583;0.999919377143076;0.999925179115136;0.9999264519879528;0.9999992433889819;0.9999992248149193;0.9999898557493385;0.9999935252304326;0.9999999999999999;0.9999260642981102;1.0002654165069091;1.0002696166794622;0.9999900110848312;0.9999958119024533;0.9999934763956561;0.9998325381898092;0.999798858635025;1.0;0.9999479859002747;0.9999946769336232;1.0;0.9998427015868369;0.9998446030042919;1.0;0.9999908604325449;0.9999999999999999;0.999995435838112;0.999990982017814;0.9999844886114717;1.000226562609909;1.024999976158142;
2016-08-13 09:45:00;1.0;0.9999560743563001;0.9999721633229238;0.9999989235642371;1.0;0.9999999999999999;1.0002895313615916;0.9999051204913045;1.0;1.0;0.9999803638167513;1.0002247180178478;1.0002350071583228;0.9999435683847213;0.9998545697919452;0.9998672993562637;0.9998698947282195;0.9999997764987812;0.9999997366556671;0.9999853169393934;0.9999938990190339;1.0;0.9998691967353194;1.0002852589836575;1.0002915437013506;0.9999874023682837;0.9999942379209595;0.9999882684387272;0.9996743584959406;0.9996642696396343;1.0;0.9999514031101432;0.9999883159065001;0.9999999999999999;0.9997765647513768;0.9998555352459556;0.9999999999999999;0.9999920672329303;1.0;0.9999899825236703;0.9999901823065912;0.9999760743944542;1.0002273157218964;1.024999976158142;
2016-08-13 10:00:00;1.0;0.9999784786471807;0.9999799148886643;0.999999090858543;1.0;1.0;1.0002880815700086;0.9999301020698725;1.0;1.0;0.9999854160077738;1.000244563721828;1.0002520272347595;0.9999605877656418;0.999898162864582;0.9999044102043368;0.9999060034583105;0.9999996753812069;0.9999996520817586;0.9999881866283167;0.9999944554161722;1.0;0.9999055618289734;1.0002851479169679;1.0002895404432304;0.9999893288323688;0.9999955453128491;0.9999918091779995;0.999699686544425;0.9996667864839429;1.0;0.999945630135654;0.9999942721682027;1.0;0.999759166458733;0.9998383776922638;0.9999999999999999;0.9999912732606052;1.0;0.9999950882537088;0.9999913995521607;0.9999811695422469;1.0002471614774182;1.024999976158142;
2016-08-13 10:15:00;1.0;0.9999117919514552;0.9999526655350655;0.9999993084074167;1.0;0.9999999999999999;1.0003102087074374;0.9998632376633203;1.0;1.0;0.9999693700571289;1.0001998884963945;1.0002159810201297;0.9999136126355823;0.999786902173509;0.9998125171624974;0.999816544891168;0.9999996140815752;0.9999994619051367;0.999976793927806;0.9999912007434962;1.0;0.9998154589514299;1.0003034832210438;1.0003131388110384;0.999982382031773;0.9999909633650385;0.9999819885274832;0.9997539049323975;0.9996885064815711;1.0;0.9999468513449198;0.9999765219612633;1.0;0.9997457348329332;0.9998424268292122;0.9999999999999999;0.9999908604325449;1.0;0.999979866032157;0.9999860667142867;0.9999604523650993;1.0002025881548278;1.024999976158142;
2016-08-13 10:30:00;0.9999999999999999;0.9999228443850269;0.9999566461385242;0.9999994023126446;0.9999999999999999;1.0;1.0003095726825881;0.9998752048168709;1.0;0.9999999999999999;0.9999717678692476;1.0002066189086363;1.0002214361643835;0.999921847952797;0.9998068977989331;0.999829297201876;0.9998328567797423;0.9999992218879925;0.9999990945911564;0.9999779211803137;0.9999900028576885;0.9999999999999999;0.9998318664205749;1.0003033060865125;1.0003123823235835;0.9999821540374576;0.9999912029346409;0.9999837114204317;0.999775814129975;0.9997080987899151;1.0;0.9999415543725183;0.999979465505382;0.9999999999999999;0.9997575313354794;0.999826958220935;1.0;0.9999908604325449;1.0;0.9999823908732587;0.9999850703837271;0.999963222901274;1.0002093879575051;1.024999976158142;
2016-08-13 10:45:00;1.0;0.9999474893457733;0.9999681134680339;0.9999990780072467;1.0;0.9999999999999999;1.0003094930088854;0.9998982104076162;0.9999999999999999;1.0;0.9999781976114275;1.0002351513049315;1.0002464988589694;0.9999383263814342;0.9998435578667246;0.9998588366220518;0.9998616583523277;0.999999624822427;0.9999995447920005;0.9999833866712704;0.9999928721010062;1.0;0.999860890217092;1.0003047400035556;1.0003116905917837;0.9999860751754417;0.9999934590198768;0.9999871577964606;0.999754324706297;0.999682653896984;1.0;0.9999391742047447;0.9999860164879394;1.0;0.9997386766012041;0.9998203483577426;1.0;0.999990479290912;1.0;0.999988005546088;0.9999888576473829;0.999972702106238;1.0002377199995265;1.024999976158142;
2016-08-13 11:00:00;1.0;0.9999313018704282;0.9999581437509836;0.9999992094235783;1.0;0.9999999999999999;1.0003143527803895;0.9998755605171076;1.0;1.0;0.9999721853397772;1.0002192793458287;1.0002329859120644;0.9999237053289179;0.9998098927977708;0.9998298561685107;0.9998332432308483;0.9999991621522795;0.9999990353126046;0.9999779261322009;0.9999895524358807;1.0;0.9998322940376392;1.0003084380525054;1.000317079762471;0.9999815083365843;0.9999912540690811;0.9999840963254787;0.9996974229935229;0.9996577841848284;1.0;0.9999410966898611;0.9999817113524319;1.0;0.9997496985265293;0.9998257169739323;1.0;0.9999908604325449;1.0;0.999984315033701;0.9999844639325907;0.9999637520974815;1.0002220216234996;1.024999976158142;
2016-08-13 11:15:00;1.0;0.9999732002209961;0.9999747867456807;0.999999309313903;1.0;1.0;1.0002993693401483;0.999919833194179;1.0;1.0;0.9999819636983666;1.0002389094655786;1.000247220398017;0.999954379600415;0.9998825381649212;0.9998903024797291;0.9998920594060183;0.999998253603425;0.999998212884029;0.9999837684421335;0.9999875783244019;0.9999999999999999;0.9998914750700261;1.0002954695659907;1.0003014658552345;0.9999827691176092;0.999992996572628;0.9999905120737048;0.999720783370429;0.9996723691633548;1.0;0.9999330550788097;0.9999928710859448;1.0;0.9997517655894348;0.9998014354870733;1.0;0.9999912732606054;1.0;0.9999938881564776;0.9999834987844545;0.9999761937258752;1.000241609229334;1.024999976158142;
2016-08-13 11:30:00;1.0;0.999981516656051;0.9999748013889488;0.9999993061461179;1.0;1.0;1.0002922253898765;0.9999185353228197;1.0;1.0;0.9999811660422929;1.0002280398533014;1.000235627844412;0.9999553675170769;0.9998822070718878;0.9998875861872034;0.9998891458772563;0.9999969130703482;0.9999968588948132;0.9999813958982101;0.9999813685105965;1.0;0.9998885194121641;1.0002880252115123;1.0002947279173227;0.9999772165534192;0.9999912837323762;0.9999907103188513;0.9997700243188504;0.9997043942837703;1.0;0.9999452576355883;0.9999950762916922;1.0;0.9997559465409992;0.999837636651559;1.0;0.9999912732606053;1.0;0.999995776546505;0.9999765185055344;0.9999751507765801;1.0002309132291956;1.024999976158142;
2016-08-13 11:45:00;1.0;0.9999776105961372;0.9999748873715452;0.9999993248849516;1.0;1.0;1.000299853300805;0.9999217645573832;0.9999999999999999;1.0;0.999982201528311;1.0002451854933547;1.000253020979883;0.9999562230271789;0.999888764885014;0.9998952602158646;0.9998968104146496;0.9999984817960996;0.9999984394290056;0.9999836915673094;0.9999885252334733;1.0;0.9998962964242788;1.0002963224147017;1.0003017493223576;0.9999834481958821;0.9999933166009399;0.9999908927681047;0.9997550815459751;0.9996822904048649;1.0;0.9999331949149125;0.9999940416840222;1.0;0.9997371196406724;0.9998019611822337;0.9999999999999999;0.9999912732606054;0.9999999999999999;0.9999948909521844;0.999984491301069;0.9999754751582405;1.0002479278420522;1.024999976158142;
2016-08-13 12:00:00;1.0;0.9999920651010502;0.9999827340405923;0.9999989895331953;1.0;1.0;1.000292306057412;0.9999343683928601;0.9999999999999999;1.0;0.9999862702720046;1.0002523221576052;1.000258471620669;0.9999654423514738;0.9999067421371663;0.9999090546517914;0.9999102902452317;0.9999986410804955;0.999998616348737;0.999987455535807;0.9999898886444786;1.0;0.9999098701294235;1.0002894668920013;1.0002939715515415;0.9999855176966199;0.9999946370169882;0.9999928166448107;0.9997524117533377;0.9996926512386833;0.9999999999999999;0.999941867294977;0.9999978847304611;1.0;0.9997543697258335;0.9998278805002745;1.0;0.9999916544037751;0.9999999999999999;0.9999981852796211;0.999986375002571;0.9999825239148472;1.0002551397431456;1.024999976158142;
2016-08-13 12:15:00;1.0;0.9999974108036634;0.999987443069325;0.9999992418096845;1.0;1.0;1.000300397701821;0.9999497470346657;1.0;0.9999999999999999;0.9999892562848;1.0002601737961878;1.0002655064759012;0.9999742442724048;0.9999272186164704;0.9999279721285036;0.9999288744537214;0.9999978475425512;0.9999978315729128;0.9999891888270735;0.9999873442425885;0.9999999999999999;0.9999284863156478;1.000297623753935;1.000302147437203;0.9999848380178917;0.9999945948013348;0.9999946498714992;0.9997515174597741;0.9996809003710393;1.0;0.9999355848536183;0.9999993089469714;1.0;0.9997405847418538;0.9998106943556496;0.9999999999999999;0.999990860432545;1.0;0.9999994072404041;0.9999841776982691;0.9999870771125368;1.0002629161859784;1.024999976158142;
2016-08-13 12:30:00;1.0;0.9999974825955672;0.99998259033308;0.999999506298206;1.0;1.0;1.0002994176262339;0.999939167311692;1.0;1.0;0.9999852662322023;1.00023683782763;1.0002423468444677;0.999968940497574;0.9999108441733635;0.9999115754098881;0.9999125241104263;0.9999950682214346;0.9999950303493395;0.9999828666856041;0.9999743978987192;1.0;0.9999119289251919;1.0002952916774335;1.000302238057008;0.9999731098812594;0.9999903879209693;0.9999935397373628;0.9996911607462802;0.9996447859433014;1.0;0.9999425772904758;0.9999993278294909;1.0;0.9997358942401204;0.9998304612382559;1.0;0.9999916544037751;1.0;0.999999423546152;0.999969557332288;0.9999818236973325;1.0002396821762696;1.024999976158142;
2016-08-13 12:45:00;1.0;0.9999959664027085;0.9999807724990103;0.9999994549521135;1.0;1.0;1.000303443659;0.9999335116727978;1.0;0.9999999999999999;0.9999839568781227;1.0002371436303201;1.0002431106769263;0.9999657898382117;0.9999027668400602;0.9999039435632302;0.9999050030575488;0.99999492728315;0.9999948807751696;0.9999816360262077;0.999973417504221;1.0;0.9999043688664293;1.000299070343536;1.0003064047815473;0.9999717784266041;0.9999898634762473;0.9999928807660265;0.9997432465370367;0.9996834009222639;1.0;0.9999368019368624;0.9999989229247324;0.9999999999999999;0.9997505204055289;0.9998136928741442;1.0;0.9999900664615026;1.0;0.9999990758409489;0.9999682669767647;0.9999800434814541;1.0002401325701602;1.024999976158142;
2016-08-13 13:00:00;1.0;0.9999935086561599;0.9999861318394208;0.999999101034154;0.9999999999999999;1.0;1.0002953397038354;0.9999441571544447;0.9999999999999999;1.0;0.999988469010972;1.0002555053602749;1.0002613806001;0.999970655788002;0.9999185999377398;0.9999204859857894;0.9999215983704145;0.999998422064969;0.9999984055375138;0.9999893215562426;0.9999896100133594;0.9999999999999999;0.9999211952894616;1.0002925517222458;1.0002970057317568;0.9999863112177088;0.9999950115882508;0.9999939041700101;0.9997499993945494;0.999679829500127;1.0;0.9999378165034486;0.999998270805883;1.0;0.9997386518195174;0.99981651859496;0.9999999999999999;0.9999908604325448;1.0;0.9999985170286765;0.9999864955663528;0.9999862062679535;1.0002582745444846;1.024999976158142;
2016-08-13 13:15:00;1.0;0.9999928570527472;0.9999843171706766;0.999999093941879;1.0;1.0;1.0002929352046683;0.9999384174910074;1.0;0.9999999999999999;0.9999869642684943;1.0002481780289596;1.0002539581172731;0.9999676452263973;0.9999098809902626;0.9999119514696319;0.9999131558415609;0.9999977846834239;0.999997763994262;0.9999874468984198;0.9999864558774941;1.0;0.9999126838918277;1.0002898044102395;1.0002948759928956;0.9999831894359437;0.9999938812564316;0.9999932777877863;0.9997705150725656;0.9996845687934368;1.0;0.9999434444056602;0.9999980984946486;1.0;0.9997274435567965;0.9998333402410238;1.0;0.9999912732606053;1.0;0.9999983696924722;0.9999828236970396;0.9999843623577837;1.0002508510107078;1.024999976158142;
2016-08-13 13:30:00;1.0;0.9999754428887434;0.999978360699179;0.9999992974767647;1.0;0.9999999999999999;1.0003033768340932;0.999927257108999;1.0;0.9999999999999999;0.9999839741974199;1.0002419183744033;1.0002502922643983;0.9999585514585471;0.999890460630389;0.9998975859023346;0.9998992896028742;0.9999980283324376;0.9999979939696152;0.999985617928838;0.9999871596629032;0.9999999999999999;0.9998987034654236;1.0002994059743202;1.000305553229174;0.9999832469741349;0.9999933113669527;0.9999913827322974;0.9997717161284865;0.9996790727703491;1.0;0.9999362667380424;0.9999934649422367;1.0;0.9997196974902518;0.9998124490502118;1.0;0.9999916544037752;1.0;0.9999943963273683;0.9999833789451691;0.9999800894321452;1.0002448053049744;1.024999976158142;
2016-08-13 13:45:00;1.0;0.9998840528444187;0.9999153121583573;0.9999991106915036;1.0;1.0;1.0003401827126281;0.9997521323294052;1.0;1.0;0.999940108404257;1.0001186232600285;1.000138674144437;0.9998521236344139;0.9996156056487577;0.9996492817317926;0.999655443225087;0.9999891700862739;0.9999886280287016;0.999942489657987;0.9999381479166388;1.0;0.9996530642898688;1.0003261670492696;1.0003482761556495;0.9999286222836175;0.9999711299073735;0.9999690165686791;0.9998106576074631;0.9997095253166373;1.0;0.9999434301168553;0.999969124839467;1.0;0.9997305017671136;0.9998331933529416;1.0;0.9999908604325451;1.0;0.9999735213954271;0.9999238073727972;0.9999243011982525;1.0001215656873805;1.024999976158142;
2016-08-13 14:00:00;1.0;0.9998990104325189;0.9999404701041629;0.9999993779162331;1.0;1.0;1.0003281749214712;0.9998310855242549;0.9999999999999999;1.0;0.9999606071236607;1.000183346116297;1.0002013847166416;0.9998948453079658;0.9997375147538433;0.9997668663991669;0.9997715602627061;0.9999969911467692;0.9999967122901954;0.9999669400494513;0.9999776336974614;0.9999999999999999;0.9997701153325067;1.0003193091790406;1.0003324952902939;0.9999683605276529;0.9999855835044912;0.9999780239711967;0.9998130904493999;0.9997191449905556;0.9999999999999999;0.9999426235448815;0.9999731101889751;0.9999999999999999;0.9997434955103631;0.9998311102091805;1.0;0.9999912732606052;1.0;0.9999769378617507;0.9999700303691215;0.9999489536153289;1.0001862193637985;1.024999976158142;
2016-08-13 14:15:00;1.0;0.9999773244451319;0.9999752820033607;0.9999987346331611;1.0;1.0;1.000303530000365;0.9999081717462681;1.0;1.0;0.9999808078589517;1.0002441079281212;1.000252248988964;0.9999493300039587;0.999863627400329;0.9998702183218922;0.9998722846211175;0.9999980987998363;0.9999980520002244;0.9999832474729409;0.9999862036572017;1.0;0.9998716081016843;1.0002993740318498;1.0003058977200239;0.9999805902526951;0.9999925000855446;0.999989461165879;0.9997833681825631;0.9996908563683974;1.0;0.9999476598223334;0.9999939624233697;0.9999999999999999;0.9997269363523387;0.9998468634353399;1.0;0.999990479290912;1.0;0.9999948218374239;0.9999815578739859;0.9999767321295059;1.000246994865012;1.024999976158142;
2016-08-13 14:30:00;1.0;0.9999931481558358;0.9999884730250598;0.9999994371992312;1.0;0.9999999999999999;1.0002912798808132;0.9999582557084177;1.0;1.0;0.9999910603237052;1.0002573265654746;1.000262936244053;0.9999776628365546;0.9999402864816064;0.9999422808347904;0.9999430861594603;0.9999990303895148;0.9999990191175839;0.9999917557721388;0.9999931377223933;1.0;0.9999428064517899;1.0002890559771187;1.0002925108320524;0.9999904933587986;0.9999964146591377;0.9999953604730425;0.9997810141395098;0.9996887219993714;1.0;0.9999408538137633;0.9999981740666234;1.0;0.9997248363554347;0.9998255945904102;1.0;0.9999904792909119;1.0;0.9999984337449458;0.9999908889347939;0.9999884992618107;1.0002599243542114;1.024999976158142;
2016-08-13 14:45:00;1.0;0.9999946651855095;0.999989889564065;0.9999993839079868;1.0;1.0;1.0002895693518128;0.999960488201808;1.0;1.0;0.999991812651771;1.000254968532212;1.000260962033961;0.9999790898990696;0.9999428277029954;0.9999443798078087;0.9999451651319234;0.999999059471063;0.9999990508875982;0.9999925424533571;0.9999934242508776;1.0;0.9999448927211544;1.0002872977967656;1.0002908260311587;0.9999909545838704;0.9999966583228753;0.9999956583380887;0.9997883196005722;0.9996766033305605;1.0;0.9999402015601067;0.999998578200881;1.0;0.9997000646118224;0.9998236429660127;1.0;0.9999908604325449;1.0;0.9999987804707413;0.9999912951853841;0.9999899506132316;1.0002578823076491;1.024999976158142;
2016-08-13 15:00:00;1.0;0.9999956761859287;0.9999884789368348;0.9999991036652287;1.0;1.0;1.0002784690139601;0.999950616651135;1.0;1.0;0.9999901405099838;1.0002430928622288;1.0002488837393364;0.9999743354134515;0.999928110890401;0.9999293670766335;0.9999303563156922;0.9999988158261378;0.999998804278401;0.9999911068902712;0.9999917327397406;0.9999999999999999;0.9999300132152497;1.00027597770846;1.0002799318174544;0.999988635344092;0.9999959182640303;0.9999946701836192;0.999838447924602;0.9997175533716314;1.0;0.9999554419840508;0.9999988477439988;1.0;0.9997166116161074;0.9998687719419608;1.0;0.9999908604325449;1.0;0.9999990118293663;0.999989058543869;0.9999884812000054;1.000245966281366;1.024999976158142;
2016-08-13 15:15:00;1.0;0.9999477740573902;0.9999646510011945;0.9999991333344512;1.0;1.0;1.0002970772683848;0.9998893472348135;1.0;0.9999999999999999;0.9999754805334362;1.0002107867037462;1.000222718965841;0.999933940025964;0.9998313379077194;0.9998465141895814;0.9998493911152158;0.9999983806788165;0.9999982831435245;0.999979652991705;0.9999867603735815;1.0;0.999848521248995;1.0002915888836736;1.0002998205394371;0.9999800989318022;0.999991314036687;0.9999862382268131;0.9998649020397996;0.9997351870071993;1.0;0.9999499807741574;0.9999860965741671;0.9999999999999999;0.9997206725011804;0.9998522839143325;1.0;0.9999916544037751;1.0;0.9999880759830487;0.9999817729862415;0.999968843969072;1.0002137003504805;1.024999976158142;
2016-08-13 15:30:00;1.0;0.999936420419175;0.9999591767170523;0.9999994097268354;1.0;0.9999999999999999;1.0003003633723213;0.9998813349582358;1.0;1.0;0.999972758182507;1.0002038462188412;1.0002168837443577;0.9999276714838222;0.9998195438702315;0.9998379731086611;0.9998410795490877;0.9999983010343998;0.9999981965271564;0.9999771986333894;0.999986035254513;1.0;0.999840143761869;1.0002944112889527;1.0003032435198203;0.9999789635613519;0.9999904604057224;0.9999849330195468;0.9998511397804747;0.9997117595644727;1.0;0.9999481233154399;0.9999830858654659;0.9999999999999999;0.9996973517844095;0.9998468486592547;1.0;0.9999904792909119;1.0;0.99998549805037;0.9999807566977512;0.9999640738006986;1.0002065884541997;1.024999976158142;
2016-08-13 15:45:00;1.0;0.9999838974575551;0.9999816210162229;0.9999993306299453;1.0;1.0;1.0002880300865447;0.9999370452960195;1.0;1.0;0.9999860977787436;1.0002355197828559;1.0002428734262505;0.9999651596862246;0.9999073051441739;0.9999119778362666;0.9999133132085491;0.9999981310133026;0.9999981036754714;0.9999870661351334;0.999988014469985;0.9999999999999999;0.999912831100299;1.0002846126095988;1.0002899554183287;0.9999845525162967;0.9999940220318412;0.999992757492861;0.9998715468831109;0.9997497870695541;1.0;0.9999506429451546;0.9999957141965101;1.0;0.9997384175540912;0.9998552149466715;1.0;0.9999908604325449;1.0;0.9999963249741887;0.9999845652613593;0.9999823966587356;1.0002384335016383;1.024999976158142;
2016-08-13 16:00:00;0.9999999999999999;0.9999247277973298;0.9999537148667756;0.9999993350024278;1.0;1.0;1.0003101571348219;0.9998632177117767;1.0;1.0;0.999968559342276;1.0001908859086748;1.0002057912274587;0.9999161776074965;0.9997873288381572;0.999809203538606;0.9998129377521408;0.9999970862467181;0.9999969209259171;0.999973264946365;0.9999797956908408;1.0;0.9998117517688682;1.000302762379272;1.0003138873852542;0.9999726009809945;0.999987929124459;0.9999825158997383;0.9998628272223302;0.9997279121190529;0.9999999999999999;0.9999426156755404;0.9999799599794608;0.9999999999999999;0.9997126396660193;0.9998306174805442;0.9999999999999999;0.9999912732606053;1.0;0.9999828128728844;0.9999734207444224;0.9999601058841702;1.0001938285486291;1.024999976158142;
2016-08-13 16:15:00;1.0;0.9999746477728346;0.9999742625070295;0.9999991905512564;1.0;1.0;1.0002861132563996;0.9999123365366372;1.0;1.0;0.9999802863609211;1.0002116201557285;1.0002200689313243;0.9999508961356867;0.9998674232862766;0.9998747773467268;0.9998767408076776;0.9999964627305418;0.9999964130071229;0.9999811172562717;0.9999793068878867;1.0;0.9998759766232524;1.0002812089464435;1.0002890220488871;0.9999754068764846;0.9999905370417616;0.9999897870162253;0.9998657841011998;0.9997386048289517;1.0;0.9999554706312463;0.9999932535463187;1.0;0.9997250481293762;0.9998689945685276;1.0;0.9999912732606053;0.9999999999999999;0.9999942152103679;0.9999742174097142;0.9999759439899382;1.0002144934844535;1.024999976158142;
2016-08-13 16:30:00;1.0;0.9999823813009429;0.9999771951221389;0.999998935763711;0.9999999999999999;1.0;1.000288076817434;0.999915601522146;1.0;1.0;0.9999817837356798;1.000226166656017;1.0002334016630368;0.9999540786213306;0.9998740001280575;0.9998791181449564;0.999880929136786;0.9999969942739731;0.9999969508294332;0.9999827975550244;0.9999817127086709;0.9999999999999999;0.9998802423000946;1.0002838006427792;1.0002906811524153;0.9999774627685197;0.9999915481068513;0.9999904500775949;0.9998596229621108;0.999733513727638;1.0;0.9999487913597341;0.9999953092165478;1.0;0.9997231290348954;0.9998489682248163;1.0;0.999990479290912;0.9999999999999999;0.9999959772021362;0.9999768805490032;0.9999781872666574;1.0002289089525709;1.024999976158142;
2016-08-13 16:45:00;1.0;0.9999655427187017;0.9999732896854877;0.9999997622682726;0.9999999999999999;1.0;1.0002975879493536;0.9999235805995403;1.0;0.9999999999999999;0.9999815973038269;1.0002023044020383;1.000216616798148;0.9999547198767132;0.9998849837253273;0.9998949782370576;0.9998967623214714;0.9999973526691728;0.9999972969589921;0.9999826747977417;0.9999840255280749;1.0;0.9998961076819499;1.0002919896866334;1.0003004492556113;0.9999804599122658;0.9999918925281488;0.9999905755682992;0.9998226853753389;0.9997002085360618;1.0;0.9999464697499278;0.9999908312919875;1.0;0.9997057325128464;0.9998423636587742;1.0;0.9999900664615023;1.0;0.9999921383150897;0.999979861844149;0.9999755202161829;1.000207760423463;1.024999976158142;
2016-08-13 17:00:00;1.0;0.9999453891858237;0.9999622683347691;0.9999994924337543;1.0;1.0;1.0003026892741704;0.9998889961279419;1.0;1.0;0.9999740679679366;1.000188258521552;1.0002042371963764;0.9999332832594102;0.9998302237637889;0.9998460902667405;0.9998489032236387;0.9999970079037104;0.9999968939019513;0.999976873283487;0.9999806897658261;1.0;0.9998479539360092;1.000295771204882;1.0003062121794877;0.9999750722048458;0.9999893923137471;0.9999860943619338;0.9998729538005858;0.9997490902200774;1.0;0.9999453320999382;0.9999854618270232;1.0;0.9997360193012363;0.9998387442774627;1.0;0.999990479290912;1.0;0.9999875318474785;0.999975114098508;0.9999664378069676;1.0001932248758358;1.024999976158142;
2016-08-13 17:15:00;1.0;0.9999852715391765;0.9999777857250173;0.9999990465476677;1.0;1.0;1.0002869231167768;0.9999189721451894;1.0;1.0;0.9999821483001707;1.0002233730953813;1.000230530074572;0.9999563508352868;0.9998796822676219;0.9998839604395116;0.999885612186155;0.999996563585497;0.999996520551373;0.999982455204312;0.9999799758718785;1.0;0.9998849370188608;1.000282591629067;1.000289615248145;0.9999762305604756;0.9999911723268645;0.9999909224760704;0.9998673220496591;0.9997404163373135;0.9999999999999999;0.9999415631445321;0.999996078335708;1.0;0.9997269226940471;0.9998268611101973;1.0;0.9999916544037751;1.0;0.9999966368176351;0.9999750563214144;0.9999783780892703;1.0002262732642253;1.024999976158142;
2016-08-13 17:30:00;1.0;0.9999798515733086;0.9999794503685256;0.9999993259626812;1.0;0.9999999999999999;1.000293895089867;0.9999302026341654;1.0;1.0;0.9999844211677613;1.0002319656528704;1.0002400472932904;0.9999609086948912;0.999895344481655;0.9999011942351632;0.9999027449099105;0.9999975517754123;0.9999975138819577;0.9999853560465802;0.9999851524814063;1.0;0.999902165591017;1.00028988875708;1.000296180358855;0.9999817190590855;0.9999929077435422;0.9999918701876117;0.9998456893832249;0.9997086171376701;1.0;0.9999502773021771;0.9999946368162335;1.0;0.9996986888781229;0.9998541697176428;0.9999999999999999;0.9999912732606052;1.0;0.9999954008499526;0.9999812314179132;0.9999807070217956;1.0002349971443034;1.024999976158142;
2016-08-13 17:45:00;1.0;0.9999771045833875;0.9999740358535735;0.9999989229785327;1.0;1.0;1.0003002416266378;0.9999102406716516;1.0;1.0;0.9999806545127472;1.000243715486124;1.0002516636690018;0.9999503348831519;0.9998696772419903;0.9998763187909937;0.9998782194720822;0.9999983639259717;0.9999983207310877;0.9999828543592332;0.9999873795665386;0.9999999999999999;0.9998776050795569;1.000296371660341;1.000302393792305;0.9999815870912063;0.999992751374749;0.9999896707795205;0.9998465956265222;0.99971065342901;1.0;0.9999407498766795;0.9999939072420392;0.9999999999999999;0.9997022091221086;0.9998259389854023;0.9999999999999999;0.9999912732606052;0.9999999999999999;0.9999947757158897;0.9999828590187391;0.9999750240627973;1.0002464846376937;1.024999976158142;
2016-08-13 18:00:00;0.9999999999999999;0.9999305018870878;0.999959453640668;0.9999993859579073;1.0;1.0;1.0003059707041475;0.9998812927365719;1.0;1.0;0.9999731564260586;1.0002069966128662;1.0002208432182633;0.9999264463806302;0.9998164835354454;0.999836656454536;0.9998399744453803;0.9999987683952057;0.9999986576139946;0.9999784831402774;0.999988278782658;0.9999999999999999;0.9998390158064389;1.0002998954515976;1.0003088056002636;0.9999811161295405;0.9999910904634542;0.9999846756463411;0.9998541599632719;0.9997210350813938;1.0;0.9999473811137035;0.9999815044395188;1.0;0.9997098796998303;0.9998451342471089;1.0;0.9999912732606053;1.0;0.9999841396471569;0.9999833414103765;0.9999653380684779;1.0002097656627806;1.024999976158142;
2016-08-13 18:15:00;1.0;0.9999297124023678;0.9999617219990927;0.9999993779474878;0.9999999999999999;0.9999999999999999;1.0003033081834816;0.9998872089231903;1.0;0.9999999999999999;0.9999748594435905;1.0002058584721554;1.0002203178210471;0.9999292441011269;0.999823747321824;0.9998441721750323;0.9998474769691412;0.9999993321780672;0.9999992222514231;0.999980702771147;0.999991214426612;1.0;0.9998465613227473;1.0002973730031264;1.0003059686484874;0.9999842025652421;0.9999921946715851;0.9999852567994492;0.9998657105461087;0.9997332841506646;1.0;0.9999474641692626;0.9999812888185369;0.9999999999999999;0.9997178981846686;0.999845052077986;1.0;0.9999908604325449;1.0;0.999983952725104;0.9999868319362076;0.9999680114235505;1.0002089031760157;1.024999976158142;
2016-08-13 18:30:00;1.0;0.9999763143290773;0.999980640765934;0.9999989407147711;1.0;1.0;1.0003056620080484;0.999926708443196;1.0;0.9999999999999999;0.9999851764032236;1.0002532570759852;1.000261577520574;0.999958438832726;0.9998886553937922;0.9998955456128755;0.9998973947313016;0.9999991315069521;0.9999991021168712;0.9999881536714521;0.9999920360977493;1.0;0.999896847706064;1.0003021032286477;1.000307522665496;0.9999873070806008;0.9999948740173111;0.9999913609733478;0.9998536120091349;0.9997174020252931;1.0;0.9999443575434728;0.9999936926064057;1.0;0.9997085482895205;0.9998384651015466;1.0;0.999990479290912;1.0;0.9999945899336581;0.9999887389776692;0.9999827142360785;1.000256170846437;1.024999976158142;
2016-08-13 18:45:00;1.0;0.9999758025210334;0.999980996201729;0.9999991299435932;1.0;1.0;1.0002942910274644;0.9999324897292174;1.0;1.0;0.9999860631020109;1.0002445144666252;1.0002528886846491;0.9999612602354135;0.9998986425945724;0.9999056564094322;0.9999073394453285;0.9999995053553236;0.9999994854385501;0.999988963027787;0.9999940060902726;1.0;0.9999068622922499;1.000291016163553;1.0002959140737795;0.9999894049182195;0.9999955384351535;0.9999919514020611;0.9998493199474129;0.9997163951051022;0.9999999999999999;0.9999539524072569;0.9999935627945189;1.0;0.999708292188199;0.9998660485356828;0.9999999999999999;0.9999908604325449;1.0;0.9999944808943915;0.9999910933544229;0.999982903610108;1.0002474282116094;1.024999976158142;
2016-08-13 19:00:00;1.0;0.9999805005456015;0.9999851234600645;0.9999995990817427;1.0;1.0;1.0002892488175597;0.9999534763295274;1.0;1.0;0.999989769967984;1.0002453788502907;1.0002531610231011;0.9999727384007796;0.9999313148306312;0.9999369705953067;0.9999380879910817;0.9999996355588404;0.9999996231689531;0.9999915782563331;0.9999957598055788;0.9999999999999999;0.9999377686705145;1.0002865902396676;1.0002904865818707;0.9999925927473939;0.9999967240723667;0.9999943374689235;0.9998477320971386;0.9997110228852512;1.0;0.9999546657153093;0.999994811485825;1.0;0.9997007219678317;0.9998677451527865;1.0;0.9999908604325449;0.9999999999999999;0.999995551173623;0.9999937349584014;0.999986408751102;1.000248292597793;1.024999976158142;
2016-08-13 19:15:00;1.0;0.9999305713711709;0.9999606684834593;0.9999991748439152;0.9999999999999999;1.0;1.0003018729045323;0.9998804556821045;1.0;1.0;0.999973793794893;1.0002053402192574;1.0002198907412003;0.9999260547476733;0.9998146532504434;0.9998347940442509;0.9998382143852559;0.9999994532327717;0.9999993609416282;0.9999799894630662;0.9999913233875432;1.0;0.9998372768489987;1.0002958906327097;1.0003045760542464;0.9999836346172671;0.9999920308907615;0.9999846048362551;0.9998641608575961;0.9997306075123246;1.0;0.9999575601982562;0.9999815265005677;0.9999999999999999;0.999715578339581;0.9998760818060823;1.0;0.9999912732606053;1.0;0.9999841596455502;0.9999866792309678;0.9999667922928078;1.0002085027014036;1.024999976158142;
2016-08-13 19:30:00;1.0;0.9999731258069641;0.9999798363043806;0.999998919765916;0.9999999999999999;1.0;1.0002909552208454;0.9999236863759453;1.0;1.0;0.9999846070739795;1.0002355153779923;1.0002441485884763;0.9999563130064665;0.9998828711956035;0.9998906480216451;0.999892640059136;0.9999990916846082;0.9999990697190325;0.9999878732993452;0.9999917773381811;0.9999999999999999;0.9998920526694647;1.0002871992712854;1.0002929090064967;0.9999869621928631;0.9999946703242378;0.999990924365435;0.9998488538118881;0.9997160592909407;0.9999999999999999;0.9999583933196902;0.9999928540441513;1.0;0.9997073783661161;0.9998790857025933;1.0;0.9999908604325448;1.0;0.999993874384978;0.9999884015669561;0.9999823326223591;1.0002383887753619;1.024999976158142;
2016-08-13 19:45:00;1.0;0.9999739244456757;0.9999826843557685;0.9999993957823982;1.0;1.0;1.0002920231412455;0.999942733783583;0.9999999999999999;1.0;0.9999879537599247;1.0002440578356702;1.000252543970094;0.99996602843321;0.9999133551626127;0.9999209162609609;0.9999224288770828;0.9999998867889346;0.9999998698430205;0.99999081907182;0.9999963771353582;1.0;0.9999220232686161;1.0002890242425084;1.0002933914720022;0.9999923753881882;0.9999964928082193;0.9999929421754332;0.999866231073903;0.9997432747456835;1.0;0.9999583444436738;0.9999930626155815;0.9999999999999999;0.999734217459819;0.9998793922768315;1.0;0.9999916544037751;1.0;0.999994051799684;0.9999941096636317;0.9999848271595533;1.000246902204841;1.024999976158142;
2016-08-13 20:00:00;1.0;0.999939606905378;0.9999645389871191;0.9999993036437369;0.9999999999999999;1.0;1.0003085185514489;0.9998944342337146;1.0;1.0;0.9999766848003104;1.0002273512193285;1.0002399220568519;0.9999348734843161;0.999838680316318;0.9998562168055707;0.9998591477472822;0.9999998378221838;0.9999997574984633;0.9999821633140874;0.9999936454799537;1.0;0.9998583658334755;1.000303510861202;1.0003107193265188;0.9999864797574713;0.9999932703053448;0.9999864404207558;0.9998830394626435;0.9997554520056301;1.0;0.9999591522200351;0.9999839265045747;1.0;0.9997390891672343;0.9998825481643442;1.0;0.9999912732606054;1.0;0.9999862160746495;0.9999896088907374;0.9999695477257132;1.000230050951887;1.024999976158142;
2016-08-13 20:15:00;1.0;0.9999795630891063;0.999981088984657;0.999999200199251;1.0;1.0;1.0002900738011724;0.9999350598707776;1.0;0.9999999999999999;0.9999863012560775;1.000244440955206;1.0002522716500728;0.9999632921235919;0.999905151959223;0.999911087704422;0.9999125670594546;0.9999995237048812;0.9999994997279888;0.9999887181308498;0.9999940881964293;1.0;0.9999121447396788;1.0002870821340153;1.000291562355154;0.9999894732035253;0.9999956254160804;0.999992370035993;0.9998699199772666;0.9997431088602724;1.0;0.9999593998616016;0.9999945598714096;1.0;0.9997299169388815;0.9998820224343085;1.0;0.9999912732606051;0.9999999999999999;0.999995334677361;0.9999911822148443;0.9999822876384378;1.000247314378216;1.024999976158142;
2016-08-13 20:30:00;0.9999999999999999;0.9999294909971542;0.9999587721093189;0.9999992750958938;1.0;1.0;1.000306498995398;0.9998776961136149;1.0;1.0;0.9999726370889395;1.0002066681489787;1.000221097815091;0.9999244344537139;0.9998113080496929;0.999831776727453;0.9998351959657152;0.9999990303895151;0.9999989154526092;0.9999783914487593;0.999989218593347;0.9999999999999999;0.9998342290764214;1.0003003449433836;1.0003093355532875;0.9999815764506926;0.9999912353413458;0.9999842553497088;0.9998685349403843;0.9997326945718417;1.0;0.9999586121566002;0.999981234835684;0.9999999999999999;0.9997152439225487;0.9998795260513726;0.9999999999999999;0.9999908604325449;0.9999999999999999;0.9999839082401992;0.9999842402979621;0.9999647605591693;1.0002096860493992;1.024999976158142;
2016-08-13 20:45:00;1.0;0.9999611291182144;0.9999727338552116;0.9999990309156351;1.0;1.0;1.0002923655946028;0.9999099785483142;0.9999999999999999;1.0;0.99998098888546;1.0002311172155527;1.00024121152621;0.9999470285329966;0.9998651093364563;0.9998763595925103;0.9998786636190674;0.9999998163167546;0.9999997799126221;0.9999853001413921;0.9999941742068982;1.0;0.9998780450112611;1.0002883795805584;1.0002942295374397;0.9999877719998297;0.999994457927346;0.9999889876753242;0.9998702733538269;0.9997431325914474;1.0;0.9999523609077656;0.9999896639582039;1.0;0.9997292817687132;0.9998603312225691;1.0;0.999990479290912;1.0;0.9999911396039506;0.99999054251582;0.999975736782724;1.0002339615479245;1.024999976158142;
2016-08-13 21:00:00;1.0;0.999986064945245;0.9999846643104616;0.999999265087172;1.0;0.9999999999999999;1.0002835812201076;0.9999463357541899;0.9999999999999999;1.0;0.9999888176748291;1.0002476485585095;1.0002544638914415;0.9999702632218892;0.9999233912165886;0.9999274341072556;0.9999285766614037;0.9999998378221838;0.9999998244984345;0.9999908255914987;0.9999960373022504;1.0;0.9999282649078226;1.0002812109996104;1.0002847390967218;0.9999919144543312;0.9999966812803087;0.9999938225279682;0.9998674497542189;0.9997409945024054;1.0;0.9999558138500614;0.9999962913651333;1.0;0.9997279502924279;0.9998704861327771;0.9999999999999999;0.9999916544037751;1.0;0.9999968199784738;0.9999936636078194;0.9999852088126943;1.0002504177209677;1.024999976158142;
2016-08-13 21:15:00;0.9999999999999999;0.9999831749631646;0.9999825000642011;0.9999994636022783;1.0;1.0;1.0002877494932412;0.9999449392488574;1.0;1.0;0.9999877796731091;1.0002461864132157;1.00025345614642;0.9999689810224921;0.9999220576112778;0.999926940331031;0.9999280682688517;0.999999514527895;0.9999994953472776;0.9999894053301502;0.9999945148763957;1.0;0.9999277376915118;1.0002851391179248;1.0002890252357146;0.9999905184952449;0.9999960305852811;0.9999935532637132;0.9998685701147085;0.999743926662073;1.0;0.9999530114980223;0.9999955220954285;0.9999999999999999;0.9997318107851485;0.9998622337700859;1.0;0.9999912732606054;1.0;0.9999961602275736;0.99999193739355;0.9999830393445778;1.0002490039814729;1.024999976158142;
2016-08-13 21:30:00;1.0;0.9999836801367279;0.9999825508509178;0.9999992776009522;1.0;1.0;1.000284336048023;0.9999400648611282;1.0;0.9999999999999999;0.9999871485629469;1.000239903860798;1.0002472102660953;0.9999666366566065;0.9999130827544942;0.9999178158250384;0.9999191052819661;0.9999991514159223;0.9999991320720311;0.9999888734434986;0.9999926745301997;1.0;0.9999187067843676;1.0002814316046083;1.0002858511761974;0.9999886406914773;0.9999954503143178;0.9999930674107997;0.9998858570808252;0.9997689830514549;1.0;0.9999520182274448;0.9999956572580813;1.0;0.9997545174699438;0.9998589765654904;1.0;0.9999912732606053;1.0;0.9999962764019459;0.9999897724564987;0.9999833076966452;1.0002427772707743;1.024999976158142;
2016-08-13 21:45:00;1.0;0.9999797086029554;0.9999777269307594;0.9999989035945565;1.0;1.0;1.0002839286654708;0.9999211912699343;0.9999999999999999;1.0;0.999983628639303;1.0002395022257162;1.0002472632665507;0.9999563512077391;0.9998869362233959;0.9998928337749338;0.9998945287156645;0.9999996554678257;0.9999996258349481;0.9999865306075075;0.9999937159730531;1.0;0.9998940589574;1.000280851938613;1.0002854929105054;0.9999877613090841;0.9999950210186626;0.9999909258191343;0.9999009382313919;0.9997886241859344;1.0;0.9999595921830602;0.9999945974907779;1.0;0.9997705815049425;0.999881612709524;1.0;0.9999904792909119;0.9999999999999999;0.9999953665584557;0.9999901930716995;0.9999785929341307;1.0002423465819323;1.024999976158142;
2016-08-13 22:00:00;0.9999999999999999;0.9999681452245216;0.9999726274280466;0.9999991843422846;1.0;1.0;1.0002852775446052;0.999914601380988;1.0;1.0;0.9999812717467189;1.0002303015159624;1.0002395987976718;0.9999507292230588;0.9998772121496338;0.9998864559009124;0.9998883677796133;0.999999776498781;0.999999731492761;0.9999845818951278;0.9999939594790466;1.0;0.9998878494744522;1.000281748280906;1.0002869297341825;0.9999875570443006;0.9999944925861513;0.9999897494022246;0.9998971733360343;0.999782713639312;0.9999999999999999;0.9999608892069581;0.9999915230353612;0.9999999999999999;0.9997643166983047;0.9998853010417242;1.0;0.999990479290912;1.0;0.9999927310801545;0.9999902917551905;0.9999742578806076;1.0002331884130047;1.024999976158142;
2016-08-13 22:15:00;0.9999999999999999;0.99981488618775;0.9998996724997234;0.9999992088685218;1.0;0.9999999999999999;1.0003206652195824;0.9997289122885676;1.0;1.0;0.9999369692323465;1.0001138989837848;1.0001423234558249;0.999826730968668;0.9995822998276249;0.9996359080852963;0.999643740738116;0.9999994946189099;0.9999990038543417;0.9999511023681459;0.9999832600786545;1.0;0.9996416461283345;1.000308260177068;1.0003258928156267;0.9999653013045123;0.9999817075336324;0.9999637618729534;0.9999108957680224;0.9997841848686195;0.9999999999999999;0.9999637869354124;0.9999507566129372;1.0;0.9997534365942307;0.9998931723834146;1.0;0.9999912732606052;1.0;0.9999577827793988;0.9999730024916722;0.9999149405237829;1.0001166677759605;1.024999976158142;
2016-08-13 22:30:00;1.0;0.9998497424153453;0.9999174512603742;0.9999992486660383;1.0;1.0;1.0003210863698948;0.9997759910280682;1.0;1.0;0.999947963412545;1.0001498962569073;1.0001737183089936;0.9998572350409884;0.9996553246660511;0.9996989827732092;0.9997054212057455;0.9999995850000664;0.9999990972008109;0.9999594845970557;0.9999859698158922;1.0;0.9997036994643209;1.0003107988164515;1.0003254363520957;0.9999709759871921;0.9999848978294634;0.9999700938279787;0.9999193400012346;0.9997949492341314;1.0;0.999964219739253;0.9999599917925897;0.9999999999999999;0.999762247004558;0.9998943554242128;1.0;0.9999916544037751;1.0;0.999965687859434;0.9999773948190311;0.999929829043193;1.0001525205710269;1.024999976158142;
2016-08-13 22:45:00;1.0;0.9999101249026364;0.9999465334412055;0.9999990865619084;0.9999999999999999;1.0;1.000298504191682;0.9998443887084596;1.0;1.0;0.9999650363940205;1.0001835875013958;1.000200324011836;0.9999038170888022;0.9997628689909145;0.9997889440360481;0.9997932134002359;0.999999473146141;0.999999291595801;0.9999726624231061;0.9999892248975902;1.0;0.9997920540562949;1.0002913945653131;1.0003016685729207;0.9999787824890276;0.9999895884866182;0.999979936342257;0.9999151057009603;0.9997982300797024;1.0;0.9999567633207979;0.9999760836272201;1.0;0.9997714364915152;0.9998720726840921;1.0;0.9999900664615025;1.0;0.9999794922093469;0.9999830862859677;0.9999537879132451;1.0001865301198778;1.024999976158142;
2016-08-13 23:00:00;1.0;0.9999207489097756;0.9999502053306629;0.9999990473208991;1.0;1.0;1.0002942348816897;0.9998536093310381;1.0;1.0;0.9999672184874809;1.0001921453399654;1.000207100637645;0.9999105694262548;0.9997793110385801;0.99980231736087;0.9998061979940706;0.9999995543502507;0.9999993916678437;0.9999741262384562;0.9999899331278128;1.0;0.9998051465382194;1.000287847535204;1.0002971031677201;0.9999798665443497;0.9999902926477715;0.9999813476816446;0.9999013811468854;0.9997771097957592;0.9999999999999999;0.9999664834203652;0.9999789074581377;1.0;0.9997505731216536;0.9999012151025187;1.0;0.9999916544037751;0.9999999999999999;0.9999819123904091;0.9999840697090657;0.999956296321247;1.0001948449774989;1.024999976158142;
2016-08-13 23:15:00;1.0;0.9999170548775952;0.999950030946236;0.9999995968590433;1.0;1.0;1.0002890677923673;0.9998653134276355;0.9999999999999999;0.9999999999999999;0.9999685062941663;1.0001850707646383;1.000200476213717;0.9999157422702561;0.9997981219624359;0.9998221616128324;0.9998257377713528;0.9999997167630138;0.9999995746714155;0.9999748172146438;0.9999913753227607;1.0;0.999824777746036;1.0002828805581132;1.0002916927088026;0.9999821236405518;0.9999908352361216;0.9999824321447874;0.9999198519421811;0.9998057860268995;0.9999999999999999;0.9999636038715959;0.9999779346211202;0.9999999999999999;0.9997780021130483;0.9998923512444989;1.0;0.9999912732606052;1.0;0.9999810816803588;0.9999860924461182;0.9999560789348401;1.0001877703830768;1.024999976158142;
2016-08-13 23:30:00;1.0;0.9999562222100041;0.9999650390246347;0.9999993124635898;1.0;1.0;1.0002797970846498;0.9998991271310624;1.0;1.0;0.9999770494152297;1.0002157818715969;1.0002261958523109;0.9999405628557249;0.9998558905915831;0.9998685919191986;0.9998708516938769;0.9999999066979197;0.999999831793838;0.9999809766973095;0.9999936151408478;1.0;0.9998702510561271;1.0002758081119785;1.00028157297786;0.9999859523050232;0.9999934496552342;0.9999876207151372;0.999913830593275;0.9998017401563982;1.0;0.999963407229551;0.9999883507199182;1.0;0.9997769381137305;0.9998916865170177;1.0;0.999990860432545;0.9999999999999999;0.9999900110300798;0.9999893664971998;0.999967221157032;1.0002184547667723;1.024999976158142;
2016-08-13 23:45:00;1.0;0.9999859202602946;0.9999808096979486;0.9999993136854035;1.0;1.0;1.0002691355400863;0.9999375068121547;1.0;1.0;0.9999861577576452;1.0002272450315006;1.0002341312598628;0.9999657970665194;0.999912688647798;0.999916772839802;0.9999179460805399;0.9999991207705848;0.9999990967240218;0.9999875047044002;0.9999922060129058;1.0;0.9999175759872908;1.0002663953990845;1.000270582396361;0.9999877645459501;0.9999951378778082;0.9999928897871888;0.9999165898216371;0.9998090533141334;1.0;0.9999617032733329;0.9999962528282526;1.0;0.9997858101829817;0.9998866448732998;0.9999999999999999;0.9999924483761707;1.0;0.9999967869863334;0.9999890560960597;0.999980841717357;1.0002300431897249;1.024999976158142;
2016-08-14 00:00:00;1.0;0.9999868594503092;0.9999778794281907;0.9999991184309297;1.0;1.0;1.0002663367101676;0.9999278204834862;0.9999999999999999;1.0;0.9999841956298717;1.0002289796853954;1.0002357466553584;0.9999611184860356;0.999902211796756;0.9999060223210138;0.9999072668048683;0.9999995941726016;0.9999995653602024;0.9999859705628459;0.9999935339032091;0.9999999999999999;0.9999069111725085;1.0002637890497061;1.0002676511444004;0.9999877399186018;0.9999951122802294;0.9999919145317852;0.9999234122879563;0.9998204159444519;1.0;0.9999648909875872;0.999996502881338;1.0;0.999796543521245;0.9998958926317355;1.0;0.9999916544037752;1.0;0.9999970015003167;0.9999900464152746;0.9999773126924738;1.0002317778484722;1.024999976158142;
2016-08-14 00:15:00;1.0;0.9999828121089138;0.9999805264291904;0.9999991608256413;0.9999999999999999;1.0;1.000263740284631;0.9999338522915211;1.0;1.0;0.9999859371171755;1.0002241334358022;1.00023109374496;0.9999633439774286;0.9999061500028804;0.9999111310838226;0.999912499395885;0.9999996462952392;0.9999996242564428;0.9999881634790602;0.9999943975801991;0.9999999999999999;0.9999121148636656;1.0002610754984835;1.0002650810908351;0.9999893923905133;0.999995659415605;0.9999923812651125;0.9999190421746632;0.9998154359980014;1.0;0.9999626839443185;0.9999954272340867;1.0;0.9997924761317513;0.9998890547186724;1.0;0.999989685320429;1.0;0.9999960795070799;0.9999913830413787;0.999981065649303;1.000226757944714;1.024999976158142;
2016-08-14 00:30:00;1.0;0.9999768192601307;0.9999785066685459;0.9999997368457092;0.9999999999999999;0.9999999999999999;1.0002640210523548;0.9999416871039561;1.0;1.0;0.9999860987887828;1.000218942780397;1.0002266700888618;0.9999660601917967;0.9999193878479059;0.9999261287452083;0.9999272742530548;0.9999996662042336;0.9999996308412497;0.99998771369669;0.9999949440883185;0.9999999999999999;0.9999269496906876;1.0002613573184367;1.0002652197938902;0.9999905482221414;0.9999957260115083;0.999992936394119;0.9999278566518885;0.999828944824933;1.0;0.9999648906411848;0.9999938273983292;1.0;0.9998049954034778;0.9998954737832525;1.0;0.9999916544037751;0.9999999999999999;0.9999947057849934;0.99999227318192;0.9999791156417686;1.0002215672756891;1.024999976158142;
2016-08-14 00:45:00;1.0;0.9999887401925945;0.9999797992684369;0.9999989518347769;1.0;1.0;1.0002605833778009;0.9999281468585407;1.0;1.0;0.999984883061139;1.000224059611447;1.0002305392773385;0.9999616540525058;0.9999004970882064;0.9999037701793944;0.999905090169984;0.999999453232772;0.9999994267525701;0.9999867963541144;0.9999930052430113;1.0;0.9999047048061045;1.0002579806963037;1.000261989483969;0.9999874382188539;0.9999951489278559;0.9999920275695706;0.9999343020903988;0.9998282261486355;0.9999999999999999;0.9999679959730942;0.9999970011990689;1.0;0.9997983878015768;0.9999049183599381;1.0;0.9999900664615023;1.0;0.9999974280463484;0.999989523162302;0.999979466255852;1.0002268287085996;1.024999976158142;
2016-08-14 01:00:00;0.9999999999999999;0.9999957499624101;0.9999817827594479;0.9999987126981121;1.0;1.0;1.0002575753930047;0.9999280222605506;0.9999999999999999;0.9999999999999999;0.999985429047052;1.0002267152869568;1.0002322842431144;0.9999629938388349;0.9999008774266507;0.9999021177432561;0.999903365689782;0.9999993015282601;0.9999992783138747;0.9999871252131023;0.9999922228164875;1.0;0.9999029886302873;1.0002551621929647;1.000258994713931;0.9999866153370368;0.9999951340928135;0.9999923076400817;0.9999597086314137;0.9998601152786025;1.0;0.9999594321386719;0.9999988658066349;1.0;0.9998249026499592;0.999878966455272;1.0;0.9999924483761711;1.0;0.9999990268063496;0.9999885923757744;0.9999808829550005;1.0002294708764874;1.024999976158142;
2016-08-14 01:15:00;1.0;0.99999668891611;0.9999879252909262;0.9999994573790594;1.0;1.0;1.0002488869523436;0.9999586805380903;1.0;1.0;0.9999908789653752;1.0002190123741241;1.0002243601237915;0.9999785827357173;0.9999443173010065;0.999945284109638;0.9999459147870322;0.9999992004108285;0.9999991864582044;0.9999912690290613;0.9999937291400451;1.0;0.9999456929138187;1.0002469330046968;1.0002499683763288;0.9999907445653404;0.999996552420103;0.9999955489106392;0.9999669800258387;0.9998813505368616;1.0;0.9999668252068928;0.9999991159868195;1.0;0.9998502518643121;0.9999009380437277;1.0;0.9999912732606052;1.0;0.9999992414340506;0.999991437786925;0.9999871733528147;1.000221712084175;1.024999976158142;
2016-08-14 01:30:00;1.0;0.9999945204986439;0.9999881388683037;0.9999991289898459;1.0;1.0;1.0002473924500013;0.9999523512230021;1.0;1.0;0.9999905898401321;1.0002057053984885;1.0002148328938871;0.9999749744770011;0.9999330958552831;0.9999346892904174;0.9999356118397983;0.9999998071441848;0.9999997991635055;0.9999921781800145;0.9999961449215997;1.0;0.9999353557737778;1.0002447134993173;1.0002487132644158;0.9999923543797987;0.9999971450979029;0.9999948034074493;0.9999549808188245;0.9998738926941264;0.9999999999999999;0.9999667659729696;0.9999985398816592;1.0;0.9998493075057661;0.999900767432202;1.0;0.999990860432545;1.0;0.9999987476712221;0.9999939267342541;0.9999879870254526;1.0002103268107365;1.024999976158142;
2016-08-14 01:45:00;1.0;0.9999935804488838;0.9999870420224581;0.9999993737979539;1.0;0.9999999999999999;1.0002403212293773;0.9999551951434222;1.0;1.0;0.9999904252528475;1.0001947261558628;1.0002044879914556;0.9999762157964948;0.9999389293015895;0.9999407931240489;0.9999415683464774;0.999999675381207;0.9999996658905167;0.999991515899383;0.9999956751668887;1.0;0.9999413417740131;1.0002375554672358;1.0002416469951478;0.9999921300631399;0.999996952534392;0.9999950602019418;0.9999847381517866;0.9999199912523011;1.0;0.9999669936108073;0.9999982903665579;0.9999999999999999;0.9998931882452271;0.9999010956604281;1.0;0.9999916544037752;1.0;0.9999985339346544;0.9999934792499895;0.9999866320019412;1.00019963062136;1.024999976158142;
2016-08-14 02:00:00;1.0;0.9999956770698688;0.9999865077318582;0.9999991233761294;1.0;1.0;1.000242145786907;0.9999479927109731;1.0;1.0;0.9999892994145105;1.0002103381397758;1.0002162568285375;0.9999730145750149;0.9999278162547015;0.9999290756860342;0.9999299973321142;0.9999993353337926;0.9999993233602926;0.999990445571295;0.999993703685216;1.0;0.9999297084246519;1.0002399156284472;1.000243388363374;0.9999898176335974;0.9999962588654997;0.9999943948131965;0.9999729009445224;0.9999045597285833;1.0;0.9999703442864554;0.9999988471351702;1.0;0.9998798899379475;0.9999112322534767;0.9999999999999999;0.9999924483761709;1.0;0.9999990109884962;0.999991037360385;0.9999860033097283;1.0002132808369604;1.024999976158142;
2016-08-14 02:15:00;1.0;0.9999959655203908;0.9999861367312721;0.999999306519963;1.0;1.0;1.0002383332866467;0.999951135507113;1.0;1.0;0.999989470678152;1.000208018486524;1.000213509289836;0.9999746528882113;0.9999339213712176;0.9999350948854219;0.9999358698545094;0.9999992724467545;0.9999992621757638;0.9999901915660253;0.999993573020351;1.0;0.9999356150986243;1.0002362756868488;1.0002394768499578;0.9999899139573402;0.9999962371101695;0.9999947358973315;1.000008095986373;0.9999418729174054;1.0;0.9999640286439825;0.9999989243985458;1.0;0.9999063533059962;0.9998921315262671;1.0;0.999990479290912;1.0;0.9999990774428434;0.9999909771757002;0.9999853367880351;1.000210747218597;1.024999976158142;
2016-08-14 02:30:00;0.9999999999999999;0.9999968327203596;0.99998857785727;0.9999992738942672;0.9999999999999999;1.0;1.00023265489637;0.999956212933515;1.0;1.0;0.9999909356884135;1.0002046694680198;1.000209860459734;0.9999773762551056;0.9999394561993031;0.9999403784121034;0.9999411348522796;0.9999993644154435;0.9999993551794681;0.9999917871978664;0.9999943545371367;1.0;0.9999408914153608;1.0002307164863524;1.0002337388657523;0.9999911223617712;0.9999967506445275;0.9999953015622801;1.0000219497130645;0.9999573479519648;1.0;0.9999721324283859;0.999999155052878;1.0;0.9999175515653234;0.9999164033736997;1.0;0.9999920672329303;1.0;0.9999992751956029;0.9999920675379744;0.9999880672391201;1.00020729392586;1.024999976158142;
2016-08-14 02:45:00;1.0;0.9999927132538403;0.9999889078724559;0.9999995688221913;1.0;1.0;1.0002293857551645;0.9999639594308556;1.0;1.0;0.9999921238038058;1.000201760713401;1.0002073450511386;0.9999804445512227;0.9999509175831119;0.9999530327388849;0.9999536732639418;0.9999998378221839;0.9999998302069928;0.9999930952230577;0.9999969819162546;1.0;0.9999534934917943;1.0002276603396023;1.0002302137009675;0.9999940903568264;0.9999976098257429;0.9999959386507319;1.0000514673082408;1.0000002369934597;0.9999999999999999;0.9999666986297185;0.9999980597660447;1.0;0.9999571867985196;0.9998999068722141;1.0;0.9999904792909121;1.0;0.99999833622928;0.9999952768281802;0.9999887230930402;1.000204315791678;1.024999976158142;
2016-08-14 03:00:00;0.9999999999999999;0.9999950992047154;0.9999884723682514;0.9999988142074047;1.0;1.0;1.0002261657592717;0.9999457962877514;1.0;1.0;0.9999899577507122;1.0001972633884784;1.0002029916680597;0.9999717965349425;0.999921232156827;0.9999226602050415;0.9999238191371901;0.9999996646403824;0.9999996559216853;0.9999920247107965;0.9999951897897597;1.0;0.999923490936093;1.000223948919392;1.0002274060795735;0.9999910711526093;0.9999968095157535;0.9999941440009777;1.0000562024201451;1.000008508152174;1.0;0.9999731049990938;0.9999986932410174;0.9999999999999999;0.9999654769896069;0.9999191376648588;1.0;0.9999924483761709;1.0;0.9999988789416752;0.9999926744587871;0.9999886565059796;1.0002000614628277;1.024999976158142;
2016-08-14 03:15:00;1.0;0.9999958217158841;0.9999916294055208;0.9999995155713121;1.0;1.0;1.000228215741095;0.9999676773413725;1.0;1.0;0.9999932053421038;1.0001951928994646;1.0002010158114185;0.9999829312775101;0.9999531905839031;0.9999544087126436;0.9999550408957542;0.9999990932483298;0.9999990869055532;0.999993664062736;0.9999940004206282;1.0;0.9999548111127703;1.0002261113646094;1.0002293672262939;0.9999920810104359;0.9999970869338172;0.9999964568090487;1.0000492026398453;0.9999992995676571;0.9999999999999999;0.999965022296203;0.9999988855210671;1.0;0.9999577718802668;0.999894875363346;1.0;0.9999912732606053;1.0;0.9999990438465467;0.999992198402641;0.9999916472145972;1.0001980929865995;1.024999976158142;
2016-08-14 03:30:00;1.0;0.9999970503016868;0.9999932160159832;0.9999994533832278;0.9999999999999999;1.0;1.0002265293199366;0.9999707465392382;0.9999999999999999;1.0;0.9999942288204787;1.0001986217023637;1.0002039765810549;0.9999847184647532;0.9999573872136877;0.9999582490145983;0.9999588494260417;0.9999994333237985;0.9999994285329671;0.9999949519059225;0.9999957048662997;0.9999999999999999;0.9999586518390888;1.0002247051007322;1.0002275107228134;0.9999937759625154;0.9999977519394548;0.9999968281447306;1.0000449361541186;0.9999943867819768;1.0;0.9999709615429239;0.9999992123366843;1.0;0.9999538594187036;0.9999127470702648;1.0;0.9999912732606053;1.0;0.9999993240694015;0.9999941832721772;0.9999932745645785;1.0002013504088003;1.024999976158142;
2016-08-14 03:45:00;1.0;0.9999963277881213;0.9999911047286206;0.9999990760743925;0.9999999999999999;0.9999999999999999;1.0002259667336295;0.9999580393894582;1.0;1.0;0.9999922812166082;1.000199918367637;1.0002054383421874;0.9999781922941379;0.9999392576657196;0.9999403294132851;0.9999412220191753;0.9999998270575752;0.99999982297228;0.9999939348888929;0.9999966587393175;1.0;0.9999409752212767;1.0002240722098947;1.000226981549014;0.999993403683199;0.9999976422922358;0.9999954738033185;1.000043057328899;0.9999884851194952;1.0;0.9999719611405744;0.9999990200675434;1.0;0.9999465001421523;0.9999157494997802;1.0;0.999992448376171;1.0;0.9999991591739817;0.9999947484870625;0.9999912149440218;1.0002026873979555;1.024999976158142;
2016-08-14 04:00:00;1.0;0.9999943038017667;0.9999909479123804;0.9999992665737119;1.0;0.9999999999999999;1.0002297011790375;0.9999617002137106;1.0;0.9999999999999999;0.9999926149945729;1.0002017533581409;1.000207454908651;0.9999796266170559;0.9999445465548464;0.9999462036815098;0.9999470262468193;0.9999997856713331;0.9999997799516155;0.9999940677239176;0.9999967251958788;1.0;0.999946794960593;1.0002277953227947;1.000230684231223;0.9999938247348539;0.9999976899954893;0.9999957704731246;1.0000388543204344;0.9999873476435585;1.0;0.9999654445469213;0.999998482085806;0.9999999999999999;0.9999485231598216;0.9998961469045157;0.9999999999999999;0.999991654403775;1.0;0.9999986980407873;0.999994972210489;0.9999911868251153;1.0002044820731215;1.024999976158142;
2016-08-14 04:15:00;1.0;0.9999928570527471;0.999986588203215;0.9999985474783414;1.0;1.0;1.0002267532281415;0.9999343495837886;1.0;1.0;0.9999880236191534;1.0001927837616371;1.0001989781971838;0.9999656051397101;0.9999026814050285;0.9999047518694899;0.9999062373877469;0.9999994134104281;0.9999994035572175;0.9999905872592381;0.9999934738722696;1.0;0.9999058057152536;1.0002240786466479;1.0002282936323244;0.9999887569043185;0.9999959874588317;0.9999928588981278;1.0000480100715206;0.9999936552106978;1.0;0.9999753029252466;0.9999980987522122;1.0;0.9999500224932377;0.9999258044436397;1.0;0.9999908604325448;0.9999999999999999;0.999998369921089;0.9999904231732144;0.9999871783923375;1.0001956838417865;1.024999976158142;
2016-08-14 04:30:00;1.0;0.9999956761859288;0.9999939694221266;0.9999997416477816;0.9999999999999999;1.0;1.0002259101607331;0.9999793725530497;1.0;1.0;0.9999955485715945;1.0001984068932128;1.0002041091799994;0.9999887792507001;0.9999709187408329;0.9999721749808438;0.9999725742396604;0.9999997243760974;0.9999997218683865;0.9999960548478279;0.9999975183363791;1.0;0.9999724499412612;1.0002242949366302;1.0002266776869637;0.9999960511240293;0.999998445669887;0.9999976718248731;1.0000471438570888;0.999995253824507;0.9999999999999999;0.9999690371966513;0.9999988478666324;1.0;0.999953335445574;0.9999069605171864;0.9999999999999999;0.9999912732606052;1.0;0.9999990119374462;0.999996491563451;0.9999940083642234;1.0002012317764506;1.024999976158142;
2016-08-14 04:45:00;1.0;0.9999963277881212;0.9999925448914424;0.9999994534291469;0.9999999999999999;1.0;1.0002240550565487;0.9999686172426725;1.0;1.0;0.9999936812604445;1.000194403903802;1.0001996600182794;0.9999835045619063;0.9999538716862183;0.9999549434494475;0.9999555943057128;0.9999992035666179;0.999999198403567;0.9999943125595886;0.9999945726692631;1.0;0.99995536734827;1.0002221061596697;1.0002251354427187;0.9999926758230437;0.999997343100143;0.9999965764093195;1.0000511586948677;1.0000026626339358;1.0;0.9999725266449178;0.9999990200558249;1.0;0.999960965330315;0.9999174058327622;0.9999999999999999;0.9999916544037752;1.0;0.9999991591638108;0.999992875691488;0.9999926731512584;1.0001970283347061;1.024999976158142;
2016-08-14 05:00:00;1.0;0.9999955323828511;0.99999022282887;0.9999986938180295;1.0;1.0;1.0002262536187783;0.9999470466726947;1.0;1.0;0.9999907861379613;1.000197803741702;1.0002036137921302;0.9999725136453875;0.9999210296703689;0.9999223304380765;0.9999235625762515;0.9999997474127987;0.9999997422121938;0.9999931606666916;0.9999957141024566;1.0;0.9999232209327751;1.0002240062352283;1.000227517230125;0.9999917477685244;0.9999971341229555;0.9999942949786834;1.0000523583377803;1.0000021244354595;1.0;0.9999704726311586;0.999998808916262;1.0;0.9999592266243202;0.9999112630199349;0.9999999999999999;0.999992448376171;1.0;0.9999989782766564;0.9999933513641818;0.999990745874154;1.0002006770307363;1.024999976158142;
2016-08-14 05:15:00;1.0;0.9999963277881213;0.9999910380625536;0.999999376475817;1.0;1.0;1.000228645950915;0.999964186536028;1.0;1.0;0.9999927686144187;1.0002019193263751;1.000207048894035;0.9999812790366535;0.999949310023529;0.999950381781869;0.99995106437262;0.9999995160916967;0.999999510648552;0.9999936654592401;0.9999956066775693;1.0;0.9999508509843661;1.0002268443052496;1.000229618764987;0.9999930195660748;0.9999974338150673;0.9999961138483029;1.0000526194921935;1.000000442453904;1.0;0.9999642987678499;0.9999990200434667;1.0;0.9999566182078384;0.9998927106770706;0.9999999999999999;0.9999904792909119;1.0;0.9999991591530667;0.9999937974361177;0.9999908988910744;1.0002044744050573;1.024999976158142;
2016-08-14 05:30:00;1.0;0.999993507769448;0.9999891671178224;0.9999993367922325;1.0;1.0;1.0002271192677574;0.9999583138947337;1.0;1.0;0.9999914539024645;1.0001945562482049;1.000200531640106;0.9999777699833022;0.9999402487319252;0.9999421315755235;0.9999429681417449;0.9999993811728891;0.9999993732784537;0.9999925408538667;0.9999947084297859;1.0;0.9999427048147933;1.000224958495446;1.0002282740606006;0.9999918096992435;0.9999969147997857;0.9999953843922016;1.0000473248527095;0.9999968869411588;1.0;0.9999739435093642;0.9999982715704574;1.0;0.9999555538266981;0.9999217225032448;1.0;0.9999920672329302;1.0;0.9999985180068865;0.9999926166882072;0.9999892618812062;1.000197381120567;1.024999976158142;
2016-08-14 05:45:00;1.0;0.9999942302771666;0.9999910380555953;0.9999993917144572;0.9999999999999999;0.9999999999999999;1.000227448859673;0.999964550388873;1.0;1.0;0.9999929185929157;1.0001976117332714;1.0002036328744084;0.9999810473471828;0.9999491307220618;0.9999508036182164;0.9999515378593651;0.9999997044627231;0.9999996991908208;0.9999940957617699;0.9999965295699896;1.0;0.9999513240995035;1.0002255054664537;1.000228434731844;0.9999939013941008;0.9999976850716873;0.9999960656324051;1.00004953416558;0.9999966848630769;1.0;0.9999678126507843;0.999998463894974;1.0;0.9999534552839815;0.9999032596297267;1.0;0.9999920672329304;0.9999999999999999;0.9999986829511538;0.9999948561256317;0.9999911902352137;1.0002005118274195;1.024999976158142;
2016-08-14 06:00:00;1.0;0.999995315059037;0.9999902632738854;0.9999989720550301;1.0;1.0;1.000226955856192;0.9999536140670232;1.0;1.0;0.9999914971128602;1.0002000663603605;1.0002055858862853;0.9999757700625186;0.9999322725971109;0.9999336337316342;0.9999346491739043;0.9999997872351906;0.999999782076737;0.9999933866571353;0.9999962329597969;0.9999999999999999;0.999934367290821;1.0002249473243945;1.0002280494219782;0.9999926839041318;0.999997377929919;0.9999949705853762;1.000051415218839;1.000000919638113;1.0;0.9999686147787951;0.9999987517585458;0.9999999999999999;0.9999582374074912;0.9999056664839695;1.0;0.9999908604325449;0.9999999999999999;0.9999989295123302;0.9999941297981633;0.9999905204877483;1.0002027660192738;1.024999976158142;
2016-08-14 06:15:00;1.0;0.9999954588588553;0.9999921537207178;0.9999993157922996;1.0;1.0;1.0002237516326131;0.9999651082418429;1.0;0.9999999999999999;0.9999933205675853;1.0001950986880659;1.0002006517624626;0.9999815740103197;0.9999486862498985;0.9999500028154871;0.9999507651473739;0.9999995451776987;0.9999995416565334;0.9999944788239791;0.9999958920381383;1.0;0.9999505328347552;1.0002218146018678;1.0002247870234389;0.9999934793300467;0.9999976211673846;0.9999961763391738;1.0000500944720658;1.0000016808285235;1.0;0.9999733447479896;0.9999987907246177;1.0;0.999960410852503;0.9999198890658711;1.0;0.9999912732606053;1.0;0.9999989631868916;0.999994202183033;0.9999924143397073;1.0001978273848915;1.024999976158142;
2016-08-14 06:30:00;1.0;0.999994158527538;0.9999906705451428;0.9999993196919524;1.0;1.0;1.0002276583713376;0.999961501213068;1.0;1.0;0.9999923478300761;1.0001972466002689;1.0002028274491408;0.9999795006056359;0.9999437704440544;0.9999454655834921;0.9999462856714092;0.9999994134104282;0.9999994070873313;0.9999934855716393;0.9999950788717187;1.0;0.999946028936594;1.0002256067403656;1.0002287667158858;0.999992462460788;0.9999972016760106;0.9999957445344805;1.0000538718424714;1.000005311986801;1.0;0.9999681682371534;0.9999984444593105;1.0;0.9999628242706633;0.9999043404117709;1.0;0.9999920672329303;0.9999999999999999;0.9999986661548085;0.9999931676077876;0.9999909275366153;1.000199900090017;1.024999976158142;
2016-08-14 06:45:00;1.0;0.9999932193231935;0.9999921809475962;0.9999994545180487;1.0;1.0;1.0002313578990896;0.999968010004338;1.0;1.0;0.9999936856535483;1.0002000889057354;1.0002061017820987;0.9999825812813758;0.9999523996025853;0.9999543683952363;0.9999551062191708;0.9999995742636261;0.9999995696594225;0.9999948119330738;0.999996251414941;1.0;0.9999548823887521;1.0002293513876535;1.0002323820702965;0.9999941146735003;0.9999977559008942;0.9999963846709721;1.0000626605794913;1.000012646945003;1.0;0.9999708109619329;0.9999981943416066;1.0;0.9999667810732864;0.9999125902145923;0.9999999999999999;0.999990479290912;1.0;0.9999984515828676;0.999994735380747;0.9999926789083039;1.0002029137937238;1.024999976158142;
2016-08-14 07:00:00;1.0;0.999995242163106;0.9999908578522022;0.9999991456967737;1.0;1.0;1.0002298598916137;0.9999578722976684;1.0;1.0;0.9999920174858512;1.0001987570853605;1.0002045134319606;0.9999778959222412;0.9999377554229647;0.9999391356466962;0.9999400589823929;0.9999993644154435;0.9999993595705586;0.9999933623134614;0.9999946570979265;1.0;0.9999397716692748;1.0002276775258128;1.0002310723351546;0.9999918145331809;0.9999970545719992;0.9999954125456533;1.000056422982894;1.0000041022355546;1.0;0.9999754152242736;0.9999987328692401;0.9999999999999999;0.9999590762298458;0.9999264577461278;1.0;0.9999920672329303;1.0;0.9999989135040798;0.9999925823391655;0.9999911597863339;1.000201581969587;1.024999976158142;
2016-08-14 07:15:00;1.0;0.9999946634510241;0.999976131866205;0.9999986683760654;1.0;1.0;1.000242626029996;0.9999155787996127;1.0;1.0;0.9999821771339644;1.0002040850338736;1.0002123537775724;0.9999565298255484;0.9998888390263513;0.999890384545705;0.9998916584117059;0.9999997872351906;0.9999997555622407;0.9999840956532194;0.9999933381757258;0.9999999999999999;0.9998913085905599;1.000239853018198;1.0002440958492478;0.999986037230082;0.999994759827547;0.9999909590172281;1.0000616482476963;1.0000098379476987;1.0;0.9999697351455491;0.9999985791335814;1.0;0.9999635432559421;0.9999094390833098;1.0;0.9999924483761707;1.0;0.9999987818987015;0.9999891946677322;0.9999743350365634;1.0002082472614113;1.024999976158142;
2016-08-14 07:30:00;1.0;0.9999914137698926;0.9999860119913879;0.9999996849761715;1.0;1.0;1.000235485543183;0.9999595124925085;1.0;1.0;0.9999905110466355;1.0001918614200633;1.00020083687615;0.9999779462066244;0.9999466688127561;0.9999491657984436;0.9999497863966661;0.9999996263862427;0.9999996137314645;0.9999911398388847;0.9999956855937242;1.0;0.9999495970390616;1.0002329716951366;1.000236646860392;0.9999924900127247;0.999996921948739;0.999995417089229;1.0000545969670718;1.0000056307557568;1.0;0.9999702246080385;0.999997712766529;0.9999999999999999;0.9999630638994326;0.9999108060861183;1.0;0.999990860432545;0.9999999999999999;0.999998038247152;0.9999936370352424;0.9999854778864712;1.0001961837019873;1.024999976158142;
2016-08-14 07:45:00;1.0;0.9999325311247899;0.9999547885418633;0.9999990506026335;1.0;1.0;1.0002588244263035;0.9998650377447712;1.0;1.0;0.999969820114229;1.000153767118038;1.0001702020450691;0.9999186579252473;0.9997979540703524;0.9998175641774026;0.9998210184664146;0.9999992417969644;0.9999991000985456;0.9999756317224591;0.9999890731541934;1.0;0.9998200571836446;1.000252334492761;1.0002618012954778;0.9999798988682104;0.9999906773559429;0.999983038741256;1.0000507890631412;0.9999893717565624;1.0;0.9999696637075823;0.9999820371359786;1.0;0.9999416264933677;0.9999090592282289;1.0;0.9999916544037752;1.0;0.9999845940544437;0.9999834351939676;0.9999597417297308;1.0001580892353394;1.024999976158142;
2016-08-14 08:00:00;1.0;0.9999305082044536;0.9999579604645648;0.9999991513529706;1.0;1.0;1.0002618003180601;0.9998747424654918;1.0;1.0;0.9999721983614687;1.0001577143140052;1.000174370536923;0.9999231297022781;0.9998091936455963;0.9998293925272188;0.9998328134116117;0.9999995941726016;0.9999994622912838;0.9999783646367284;0.9999913992235016;0.9999999999999999;0.9998318856128631;1.000255444173219;1.0002646255730683;0.9999829457105148;0.9999917372348943;0.9999839732974525;1.0000331812348808;0.9999649131705454;0.9999999999999999;0.9999695448864463;0.999981498884098;1.0;0.9999198449526132;0.9999088469164252;1.0;0.9999916544037752;1.0;0.9999841323782317;0.9999864502421415;0.9999636215843006;1.0001620170931669;1.024999976158142;
2016-08-14 08:15:00;1.0;0.999851372161404;0.999922073698019;0.9999989068977179;1.0;1.0;1.000276541994183;0.9997766652308083;1.0;1.0;0.9999499171475437;1.0000956300961372;1.0001222825824565;0.9998580646157842;0.9996511417431456;0.9996941890412838;0.9997008570924695;0.999999716763014;0.9999994161470951;0.999962474769455;0.9999871535359222;1.0;0.999699084221578;1.0002655620084238;1.0002812388155746;0.9999725642836128;0.9999856040669575;0.9999703765079055;1.0000443514043356;0.9999733307430323;1.0;0.9999718397215039;0.9999604653542823;1.0;0.9999230214485724;0.9999157880457662;0.9999999999999999;0.999990860432545;1.0000000000000002;0.9999661060775845;0.9999789488695485;0.9999352710056338;1.0000999519622022;1.024999976158142;
2016-08-14 08:30:00;0.9999999999999999;0.9998390228287238;0.9999196936735545;0.9999994372566823;0.9999999999999999;1.0;1.0002997392477604;0.9997816422844892;1.0;1.0;0.9999497020620196;1.0001069219081382;1.0001349526516539;0.9998580677307112;0.9996559391095571;0.999702583849243;0.9997093154489992;0.9999996156454578;0.99999926652625;0.999962200556491;0.9999871709710098;1.0;0.9997075187834694;1.0002883487632201;1.0003044923785542;0.9999733399515639;0.9999854279552245;0.9999703506409094;0.9999797491947725;0.9999029418728684;1.0;0.9999654099687881;0.9999571740177675;0.9999999999999999;0.9998733649989014;0.9998974335800555;1.0;0.9999916544037752;0.9999999999999999;0.9999632825558896;0.9999792821177355;0.9999340692599863;1.0001111395676587;1.024999976158142;
2016-08-14 08:45:00;1.0;0.999957744854551;0.9999711657530667;0.9999993939496672;1.0;0.9999999999999999;1.0002640483899488;0.9999140741910263;1.0;1.0;0.9999808051595573;1.0001884105023557;1.00020133437274;0.9999483644129084;0.999872168887808;0.9998844510256015;0.9998866182038396;0.9999996339949401;0.9999995718787984;0.9999845537138916;0.9999935729249283;1.0;0.9998860227906233;1.000259484807348;1.0002660947426898;0.9999876120941993;0.9999942023683884;0.9999892497167979;0.9999452507833203;0.9998705245356925;1.0;0.9999717440534606;0.9999887505398438;1.0;0.9998526924221159;0.9999159123270401;1.0;0.9999916544037752;1.0;0.9999903518534914;0.9999900220283362;0.9999741637570675;1.0001925591347591;1.024999976158142;
2016-08-14 09:00:00;1.0;0.9999887376159003;0.9999823978633251;0.999998847984569;1.0;1.0;1.0002518334988686;0.9999313030658973;1.0;1.0;0.999986201399712;1.0002043725092642;1.0002134919058863;0.9999632500159571;0.9999017829617488;0.9999050462983796;0.999906452899694;0.9999994333237987;0.9999994165280981;0.9999884184681154;0.9999932688255915;1.0;0.99990604337029;1.0002486103368775;1.0002535180235788;0.9999881630560797;0.9999954974910764;0.9999923654168592;0.9999701688204564;0.9999020455916381;1.0;0.9999598556857706;0.9999970033047342;0.9999999999999999;0.9998793636685472;0.999880046730022;1.0;0.9999912732606052;1.0;0.9999974308116109;0.9999900223775099;0.9999826346277432;1.0002085905797542;1.024999976158142;
2016-08-14 09:15:00;1.0;0.9999961822582506;0.9999890196035813;0.9999994117994941;1.0;1.0;1.0002490010765543;0.9999603967942704;1.0;1.0;0.9999915627660274;1.0002086064296751;1.0002168891018222;0.9999793479555023;0.9999456930269317;0.999946802870161;0.9999474695702747;0.9999994134104284;0.9999994041627838;0.9999922608048721;0.9999948356836708;1.0;0.9999472531605327;1.0002465078736935;1.0002502644866542;0.9999919058350629;0.9999969811118381;0.999995710651354;0.9999602528736766;0.9998984846096788;0.9999999999999999;0.9999697062800816;0.9999989822859963;1.0;0.9998823922066956;0.9999098222732162;1.0;0.9999916544037752;0.9999999999999999;0.9999991271533886;0.9999927537218223;0.9999885375717845;1.0002128803759585;1.024999976158142;
2016-08-14 09:30:00;1.0;0.9999976272840372;0.9999892099042234;0.999999117831342;1.0;1.0;1.0002528910435489;0.9999551874956463;1.0;1.0;0.9999912148082223;1.0002174535749557;1.0002254024457569;0.9999770221580736;0.9999380739220711;0.9999387638328147;0.9999395692343861;0.9999998071441848;0.9999998007585644;0.999992572963599;0.9999962436432754;1.0;0.9999393439660383;1.0002505487449498;1.0002540796647164;0.9999925793390523;0.9999973207155498;0.9999952293379655;0.9999764669056674;0.9998945035265823;1.0;0.9999627180693034;0.9999993669161369;1.0;0.9998630983280878;0.9998891840013332;1.0;0.9999916544037752;0.9999999999999999;0.9999994570248323;0.9999940943475786;0.9999887193595125;1.000221644894331;1.024999976158142;
2016-08-14 09:45:00;0.9999999999999999;0.9999968327203596;0.9999912522171456;0.9999996475268866;1.0;1.0;1.0002500515893795;0.999971399127308;1.0;1.0;0.9999936525876472;1.0002137741801138;1.000221697686695;0.9999850040044;0.9999621151542266;0.9999630373879247;0.9999634676329857;0.9999996952901884;0.9999996900190953;0.999994097051316;0.9999967559337227;1.0;0.9999633331492741;1.0002479416843266;1.0002510457186924;0.9999944906466142;0.9999978809352977;0.9999968864900474;0.9999745687090718;0.9998852099966228;1.0;0.9999651901202412;0.9999991550901801;1.0;0.9998503129673617;0.9998964805860873;1.0;0.9999916544037751;0.9999999999999999;0.9999992752283867;0.9999952713840798;0.9999907222466603;1.0002178961115384;1.024999976158142;
2016-08-14 10:00:00;0.9999999999999999;0.9999940864782809;0.999986585879626;0.9999993366626911;1.0;1.0;1.0002516819243643;0.9999521661014387;1.0;1.0;0.9999897313225612;1.000207568457869;1.0002159651268572;0.9999747950527026;0.9999335744590323;0.9999352919196738;0.9999361299299759;0.9999991299431135;0.9999991179880579;0.9999905085372154;0.9999931050456471;1.0;0.9999358486096719;1.0002489039802498;1.0002531375008397;0.9999897604667725;0.9999961520110348;0.999994764626758;0.9999808256828889;0.9998907398515439;1.0;0.9999643587519602;0.9999984248070892;1.0;0.9998533275957933;0.9998939439103617;1.0;0.9999912732606054;1.0;0.9999986491694757;0.9999905599255008;0.9999861956117019;1.000211759735822;1.024999976158142;
2016-08-14 10:15:00;1.0;0.9999892445313148;0.9999805317562498;0.9999988087780023;1.0;1.0;1.0002613054535745;0.9999264942442303;0.9999999999999999;1.0;0.9999849329757514;1.000202470448944;1.0002143026166095;0.9999609300070875;0.9998965567733693;0.9998996769915492;0.9999010950410434;0.9999993628516506;0.9999993374259295;0.9999870505126949;0.9999925538153908;1.0;0.9999006775614365;1.000257475955086;1.0002632568343115;0.9999869839724002;0.9999950628294954;0.9999918783347738;0.9999588529068005;0.9998563748304719;1.0;0.9999629231240046;0.999997137071437;0.9999999999999999;0.9998206374650794;0.9998899158890442;0.9999999999999999;0.9999908604325449;1.0;0.9999975451487376;0.9999889950607179;0.9999804146038858;1.0002082093583315;1.024999976158142;
2016-08-14 10:30:00;1.0;0.9999906929746267;0.9999883154664517;0.9999996216612748;1.0;1.0;1.0002668656684248;0.9999634422065687;1.0;0.9999999999999999;0.9999918726502176;1.0002048694089405;1.0002186168386127;0.9999797708372012;0.999949694129677;0.9999524075912024;0.9999530895212375;0.9999998071441848;0.9999997955810345;0.9999928929282716;0.9999968521605043;1.0;0.9999528967129319;1.0002633963838108;1.000268386659648;0.9999939954030819;0.9999975050413461;0.9999957964265769;0.9999543232338933;0.9998520663955883;1.0;0.9999591967705657;0.9999975192548961;1.0;0.9998194339977892;0.9998796225509045;1.0;0.9999908604325449;1.0;0.999997871649434;0.999995139354274;0.9999883345470827;1.0002117551183836;1.024999976158142;
2016-08-14 10:45:00;1.0;0.9999514591717239;0.9999666981141809;0.9999992561481624;0.9999999999999999;1.0;1.0002835354391653;0.9999003604760267;1.0;1.0;0.9999778633599866;1.0002033018822087;1.000216919960682;0.9999402114561367;0.999852267896699;0.9998663756955993;0.9998688806255929;0.9999997948438649;0.9999997136152812;0.9999823589554003;0.9999934751383258;1.0;0.9998682076956031;1.0002786358981035;1.0002857131561007;0.9999863594337342;0.9999935537399116;0.9999875459017725;0.9999406429690771;0.999820253076113;0.9999999999999999;0.9999625547180857;0.9999870772978919;1.0;0.9997827099051028;0.9998896980798144;1.0;0.9999912732606053;1.0;0.9999889168945973;0.9999894289211433;0.999970100981759;1.0002073947346792;1.024999976158142;
2016-08-14 11:00:00;1.0;0.9999279053865956;0.9999575359572789;0.9999993017403165;1.0;1.0;1.0002942314184557;0.9998762594058362;0.9999999999999999;1.0;0.9999721872266915;1.0001865458579058;1.0002034617176703;0.999923378257434;0.999810624659316;0.9998315708729465;0.9998349942077269;0.9999994134104282;0.9999992851446443;0.999978194325969;0.9999907617151677;1.0;0.9998340530927188;1.0002877315521683;1.0002971174507107;0.9999826571241272;0.9999915333325855;0.9999840274728452;0.9999258956661528;0.9997980446759738;0.9999999999999999;0.9999615649695889;0.9999808082798685;1.0;0.9997623557897316;0.9998870959721149;1.0;0.9999920672329302;1.0;0.999983540909926;0.9999858506609821;0.9999634569314799;1.0001908122602416;1.024999976158142;
2016-08-14 11:15:00;1.0;0.9999600571312846;0.9999709150864252;0.9999987847545506;0.9999999999999999;1.0;1.0002793449689067;0.9998993389388188;0.9999999999999999;1.0;0.9999790611002558;1.0002029446750198;1.0002157910588374;0.9999414285321142;0.9998479946774107;0.9998596052829731;0.9998621880499801;0.999999404237814;0.9999993443050536;0.9999836118452788;0.9999917266918369;1.0;0.9998614672732796;1.0002743889217132;1.0002817420583874;0.9999848522431849;0.9999934578550955;0.9999878124194379;0.9999195057046977;0.9997909390287947;1.0;0.9999647432672701;0.9999893659631862;1.0;0.9997562108941523;0.9998961770563347;1.0;0.9999916544037752;0.9999999999999999;0.9999908795960325;0.9999874889197583;0.9999741841946975;1.0002072111473066;1.024999976158142;
2016-08-14 11:30:00;0.9999999999999999;0.9998854991338557;0.999936390286002;0.9999992386185472;1.0;1.0;1.0003097936873107;0.9998222952768469;0.9999999999999999;1.0;0.9999594200813628;1.0001618659136313;1.0001843284818106;0.999887729532197;0.999726715084757;0.9997599815886005;0.9997650610642763;0.9999997044627231;0.9999994246297116;0.9999686994048763;0.9999891706748918;1.0;0.9997637049606543;1.0003009411852455;1.0003135630632605;0.9999772801585309;0.9999882614207827;0.9999765428519499;0.9999385973422448;0.9998078115527035;1.0;0.9999627170932549;0.9999695167743501;1.0;0.9997663447774868;0.9998906494439228;1.0;0.9999908604325449;1.0;0.9999738570591656;0.9999824212028241;0.9999459109428227;1.0001662283844124;1.024999976158142;
2016-08-14 11:45:00;1.0;0.9999350556387612;0.9999633218521597;0.9999991391885527;1.0;0.9999999999999999;1.0002956267863086;0.9998870502626899;1.0;1.0;0.9999755360048761;1.0001987830411736;1.0002145991511675;0.9999302517009727;0.9998251347751952;0.9998439943239718;0.9998472373018545;0.9999998071441849;0.9999997211549698;0.9999816932037717;0.9999932173988293;0.9999999999999999;0.9998463712042635;1.0002896883938939;1.0002982457884104;0.999985692931972;0.9999929133637316;0.9999854789142103;0.9998896992677286;0.9997482561857023;1.0;0.9999573359394228;0.9999827148451359;0.9999999999999999;0.9997190903615001;0.9998748719571127;1.0;0.9999908604325448;1.0;0.99998517685963;0.9999889600617466;0.9999690903559718;1.0002029452466479;1.024999976158142;
2016-08-14 12:00:00;0.9999999999999999;0.999957307732882;0.9999754384145977;0.9999994330790842;1.0;1.0;1.00029248660473;0.9999238908762919;1.0;0.9999999999999999;0.9999834412263258;1.0002157629823776;1.0002287602579476;0.9999532262394714;0.9998819275906877;0.9998943207898441;0.9998964861579085;0.9999995543502509;0.9999995124658553;0.9999873106865613;0.9999940580465926;1.0;0.9998958856366572;1.0002878720145851;1.000294562870229;0.999989227990171;0.9999948552304949;0.9999902717964811;0.9999023157509874;0.9997690464786827;1.0;0.9999558955446003;0.9999886386465624;1.0;0.9997411390160011;0.9998714746757132;1.0;0.9999904792909121;0.9999999999999999;0.9999902573502059;0.9999910579308504;0.9999792376961091;1.0002199252585118;1.024999976158142;
2016-08-14 12:15:00;0.9999999999999999;0.9999797797809672;0.9999654860092901;0.9999993209606767;1.0;1.0;1.0003024964681309;0.999903787940601;1.0;1.0;0.999977038750629;1.0002464314082238;1.0002566394065517;0.9999476091004594;0.999875926624525;0.9998817985275744;0.9998831701259856;0.9999994026739879;0.9999993287108296;0.9999784149795137;0.9999908282027126;0.9999999999999999;0.999882767650871;1.0002990361290913;1.0003041658919145;0.9999828221558528;0.9999928873396973;0.9999890801760104;0.9998930433687436;0.9997521812685175;1.0;0.9999562275469053;0.9999946165980134;0.9999999999999999;0.9997243212671467;0.999873034332282;1.0;0.999990479290912;1.0;0.9999953833654799;0.9999859693911215;0.999963796374979;1.0002506228490282;1.024999976158142;
2016-08-14 12:30:00;0.9999999999999999;0.9999425008066712;0.9999570813596573;0.9999984701204492;0.9999999999999999;0.9999999999999999;1.0003122467498582;0.9998546683471805;1.0;1.0;0.9999687530347705;1.000203052520292;1.0002181231115168;0.9999154522315454;0.9997784346719514;0.9997951466521244;0.9997988364654167;0.9999974553740096;0.9999973191451719;0.9999738070164484;0.999980606299066;1.0;0.9997976880342139;1.000305063037977;1.0003160210362716;0.9999719893499719;0.9999883957664147;0.9999823805174772;0.9998907140075708;0.9997452706110541;1.0;0.9999566213581175;0.9999846912336773;1.0;0.9997164250028886;0.9998746195636077;0.9999999999999999;0.9999908604325449;0.9999999999999999;0.9999868703409495;0.9999737766602975;0.9999618153117256;1.0002073189930387;1.024999976158142;
2016-08-14 12:45:00;0.9999999999999999;0.9999208248030125;0.9999558512777948;0.9999996670211506;1.0;1.0;1.0003097978019964;0.9998789283943244;1.0;1.0;0.9999718115392947;1.0001916240540347;1.0002096112329213;0.9999232962035793;0.9998129351022824;0.9998359362124607;0.9998393812324712;0.9999990288256134;0.9999988826971518;0.9999774814488634;0.9999893456845522;1.0;0.9998384074552418;1.0003028654108783;1.0003128512096184;0.9999819235258753;0.9999909996058087;0.9999840009127812;0.9999244366495795;0.999793970695691;0.9999999999999999;0.9999532275628036;0.9999789236303505;1.0;0.9997604422804749;0.9998637933671256;1.0;0.9999916544037751;1.0;0.999981924827686;0.9999844782232431;0.9999624114371194;1.0001959866546137;1.024999976158142;
2016-08-14 13:00:00;1.0;0.9999734232712371;0.9999814241035548;0.9999994755584402;1.0;1.0;1.000290205263848;0.9999398744899881;1.0;1.0;0.9999868428427211;1.0002238342586587;1.0002350614078237;0.9999644740489396;0.9999081578235165;0.9999158848288372;0.9999174376339938;0.9999989905671833;0.9999989609286665;0.999989024630448;0.9999922487262783;0.9999999999999999;0.9999169586260065;1.0002861922261794;1.0002921515951444;0.9999887258713966;0.9999951852844109;0.9999926133387412;0.9998991949444322;0.9997638583938508;1.0;0.9999555603829011;0.9999929239315599;1.0;0.9997361478089902;0.9998706124017683;0.9999999999999999;0.999990479290912;1.0;0.9999939310131377;0.9999894869099227;0.9999835995806632;1.0002281411568967;1.024999976158142;
2016-08-14 13:15:00;1.0;0.9999844752685877;0.9999807393365928;0.9999990737873066;1.0;1.0;1.0002922324169836;0.9999296508396374;1.0;1.0;0.9999850284243452;1.000231176287364;1.0002409250817292;0.9999615635307278;0.9998965607856546;0.9999010648184662;0.9999025667269483;0.9999982674952981;0.9999982430559136;0.9999864764505599;0.9999881358556967;1.0;0.9999020504069057;1.0002882567510514;1.0002944135421152;0.9999839621141949;0.9999938735199606;0.9999920129709762;0.9998926343044079;0.9997591998423102;1.0;0.9999564050928652;0.9999958683003821;0.9999999999999999;0.9997358021699582;0.9998739715173331;1.0;0.9999916544037754;1.0;0.9999964572054816;0.9999844159207448;0.9999814986147025;1.0002354428800755;1.024999976158142;
2016-08-14 13:30:00;1.0;0.9999935812920325;0.9999827041292357;0.9999991089689826;1.0;1.0;1.0002891062849464;0.9999340975045066;1.0;1.0;0.9999856702179498;1.0002287007729596;1.0002373000796778;0.9999656156202285;0.9999041772169308;0.9999060442316833;0.999907263372689;0.9999972088363023;0.9999971859809541;0.9999856512563626;0.9999835687414209;1.0;0.9999067471688518;1.0002851156883792;1.0002915110276722;0.9999803386291618;0.9999928784601315;0.9999928560448086;0.9998945800596405;0.9997586000009301;1.0;0.9999528132653946;0.9999982894951398;1.0;0.9997329248550751;0.9998628052814467;0.9999999999999999;0.9999912732606052;1.0;0.9999985328632236;0.999979472761804;0.9999824843396531;1.0002329673551118;1.024999976158142;
2016-08-14 13:45:00;1.0;0.9999866436028287;0.9999769468315199;0.9999994667660005;1.0;1.0;1.0002903987094878;0.9999306004885855;1.0;1.0;0.9999836016649648;1.0002294801804006;1.000239321594059;0.9999624687965042;0.999905356276699;0.9999092337405538;0.9999103461029029;0.9999981739632704;0.9999981417009248;0.9999838757953887;0.9999874451396717;1.0;0.9999099256347462;1.0002866563517763;1.0002924125668486;0.9999829788857159;0.9999933685430464;0.9999921951931293;0.9998862510007854;0.9997549596494137;1.0;0.9999536903194661;0.9999964442621615;1.0;0.999733794150443;0.9998648236013443;1.0;0.9999908604325449;1.0;0.9999969508423773;0.999983486046479;0.9999762676893458;1.0002339472142143;1.024999976158142;
2016-08-14 14:00:00;0.9999999999999999;0.999986281637654;0.9999800860753238;0.9999994324990914;1.0;1.0;1.0002865538488257;0.999936627207309;1.0;1.0;0.9999854580950005;1.00022748802369;1.0002369196391618;0.9999654282097848;0.9999106528383558;0.9999146320064484;0.9999157845510953;0.9999982213943474;0.9999981958686865;0.9999859968696424;0.9999882029840853;0.9999999999999999;0.9999153568438823;1.0002828890836444;1.0002885351029747;0.9999843933315565;0.9999939427938933;0.9999928139033839;0.9998953432208141;0.999762700701324;1.0;0.9999529359256812;0.9999963489112393;0.9999999999999999;0.9997373620836683;0.9998623193925523;1.0;0.9999904792909121;1.0;0.999996869387213;0.9999846412125013;0.9999800445852457;1.000231706191663;1.024999976158142;
2016-08-14 14:15:00;1.0;0.9999881606505044;0.9999809656001364;0.9999992427632558;0.9999999999999999;1.0;1.0002899714115543;0.999932799533187;1.0;1.0;0.9999850287372406;1.000225552761389;1.0002348355996373;0.99996387962891;0.9999018716063742;0.9999053068100883;0.9999066139424893;0.9999973649977951;0.9999973341833895;0.9999852852560294;0.999984263892691;1.0;0.9999060855544835;1.000285830612148;1.0002923707754245;0.9999809051585432;0.9999928713813292;0.9999924906920538;0.9999039320145815;0.9997763160304591;1.0;0.9999534291426732;0.9999968484131833;1.0;0.9997513282590711;0.9998643883598773;0.9999999999999999;0.9999900664615025;0.9999999999999999;0.9999972975819827;0.9999802277961544;0.9999811887411809;1.000229819330113;1.024999976158142;
2016-08-14 14:30:00;1.0;0.9999917751523411;0.9999812887350662;0.9999992732464935;1.0;1.0;1.0002818017802269;0.9999344017933863;1.0;1.0;0.999985158832869;1.0002183743267956;1.0002273778215176;0.9999654019817898;0.9999057264552976;0.9999081183236288;0.9999092813209609;0.9999971289578963;0.9999970945556591;0.9999848866351041;0.9999832193398137;0.9999999999999999;0.9999087742764496;1.0002777266621887;1.0002842175989424;0.999980020524806;0.9999926457139816;0.9999928044034945;0.9998966599554266;0.9997632032475765;1.0;0.999959732042174;0.9999978085189912;0.9999999999999999;0.9997357021583643;0.9998821129461603;1.0;0.9999904792909121;1.0;0.9999981203578122;0.999979071281464;0.999980976084766;1.000222737044053;1.024999976158142;
2016-08-14 14:45:00;1.0;0.9999920636417753;0.9999804679490364;0.9999989864048301;0.9999999999999999;0.9999999999999999;1.0002830553028734;0.9999248409986969;1.0;0.9999999999999999;0.9999836547649014;1.0002149679232493;1.0002240711781016;0.9999606584669694;0.9998895611302246;0.9998918670273045;0.9998932967562627;0.9999965911068994;0.9999965515662199;0.9999835539701151;0.9999803377291651;1.0;0.9998926818843518;1.0002785147799063;1.0002858398780605;0.9999768691322719;0.9999916261167232;0.9999918178427603;0.9999011683098769;0.9997687183586279;1.0;0.9999554105744183;0.9999978857050859;1.0;0.9997403005681577;0.9998690596504406;1.0;0.9999912732606053;0.9999999999999999;0.9999981867421854;0.9999755917627942;0.9999804117705435;1.000219405840262;1.024999976158142;
2016-08-14 15:00:00;1.0;0.9999857038249931;0.9999722866451923;0.9999994198156114;1.0;1.0;1.0003005886540175;0.9999168469853785;1.0;1.0;0.9999800074376339;1.0002300996238693;1.0002400588621876;0.9999553647115978;0.999886162443024;0.9998903101212995;0.9998915946123804;0.9999970752427947;0.9999970144760048;0.9999795999394365;0.9999816836213729;1.0;0.9998910518653563;1.0002961865101887;1.0003031100053756;0.9999768489257758;0.9999911381390357;0.9999907038164716;0.9998813650568703;0.9997388633168013;1.0;0.9999548573691981;0.99999619408144;1.0;0.9997146731622875;0.9998691548981739;1.0;0.9999912732606053;1.0;0.9999967365132003;0.9999765976531414;0.9999712908124537;1.0002345666604495;1.024999976158142;
2016-08-14 15:15:00;1.0;0.9999759480933847;0.9999589747993232;0.9999995359261097;0.9999999999999999;1.0;1.0003059693696215;0.9998858628220277;1.0;1.0;0.9999713559292442;1.0002150162950607;1.0002261550497689;0.999937830313685;0.9998451068381915;0.9998520821804179;0.9998537763558072;0.9999956537397604;0.9999955298955084;0.999970188248137;0.9999732527792045;1.0;0.9998530262563889;1.0003003385759068;1.000309253651609;0.9999668251495323;0.9999871270482369;0.9999870251716755;0.9999012188869799;0.9997672382991966;1.0;0.9999541458549668;0.9999935978490445;0.9999999999999999;0.9997401502457469;0.9998666912342735;1.0;0.999990860432545;1.0;0.9999945105014968;0.999966096761809;0.9999575740375423;1.0002194542122882;1.024999976158142;
2016-08-14 15:30:00;1.0;0.9999864271663855;0.9999547368468217;0.9999987133763668;1.0;1.0;1.000300628434047;0.9998609375344526;1.0;1.0;0.9999671145847113;1.0002237900576063;1.0002334688737184;0.9999273936826641;0.9998159394279631;0.9998198801352702;0.9998217603563231;0.9999961300323015;0.9999959844822115;0.999966592384828;0.9999733804621174;1.0;0.9998209947456999;1.0002954056350555;1.00030384042374;0.999963990315863;0.9999864643202007;0.9999848423007297;0.9999129799217262;0.9997857209463256;1.0;0.999958561677786;0.9999963840585465;1.0;0.9997562472736834;0.9998788530177251;1.0;0.9999908604325451;0.9999999999999999;0.9999968990826614;0.9999650139263907;0.9999515273159623;1.000228152798486;1.024999976158142;
2016-08-14 15:45:00;1.0;0.9999891742454378;0.9999696446064499;0.9999994735423369;1.0;0.9999999999999999;1.0002871974255167;0.9999108453844274;1.0;1.0;0.9999778957261416;1.000212542915142;1.0002218764098243;0.9999530317776192;0.9998797248554122;0.9998828738491687;0.9998840743599978;0.9999960105706232;0.999995930787607;0.9999763025244535;0.9999764034394766;1.0;0.9998834790506586;1.0002825040573038;1.000290048362081;0.9999716668553118;0.9999893623241956;0.9999902083063567;0.9999034322633267;0.9997684452192569;1.0;0.9999572957083913;0.9999971148465542;1.0;0.9997371670967962;0.9998742721039539;0.9999999999999999;0.9999908604325449;1.0;0.9999975252925202;0.9999704737827134;0.9999678149981257;1.0002169056069645;1.024999976158142;
2016-08-14 16:00:00;0.9999999999999999;0.9999905448503569;0.9999747966468063;0.9999993649862643;1.0;1.0;1.0002824363897829;0.999920704475831;1.0;0.9999999999999999;0.9999810286705283;1.0002112489720152;1.0002207217258399;0.9999582715854245;0.9998902947680637;0.9998930364064279;0.999894231943746;0.9999964486038071;0.999996388156987;0.9999800045404285;0.9999791526699113;1.0;0.999893668649097;1.0002779235946815;1.0002851488194546;0.9999750921738108;0.9999907294228159;0.9999913080453153;0.9999024146264018;0.9997700424470858;1.0;0.9999584217079595;0.9999974823268883;1.0;0.9997402588101253;0.9998775369432179;1.0;0.9999908604325449;1.0;0.9999978412845861;0.9999739613706821;0.999973631261855;1.0002157852963804;1.024999976158142;
2016-08-14 16:15:00;1.0;0.9999678567459549;0.9999656117782149;0.9999995293309184;1.0;1.0;1.000292062718329;0.9998995751782094;1.0;0.9999999999999999;0.9999756727423942;1.000206503732773;1.0002163548493939;0.9999431066071237;0.9998545514828877;0.9998638809546433;0.9998658597190635;0.9999961606817975;0.9999960632568655;0.9999759154273766;0.9999769702368443;0.9999999999999999;0.9998650703384824;1.000286700749401;1.000295134997399;0.9999720068869733;0.9999889036044204;0.9999881402407921;0.9998902609778714;0.9997499151055552;1.0;0.9999563355156806;0.9999914442384604;1.0;0.999720717123008;0.9998715218190269;1.0;0.9999904792909121;1.0;0.999992663275761;0.9999710409101781;0.9999666589906265;1.0002096736680526;1.024999976158142;
2016-08-14 16:30:00;1.0;0.9999543424762787;0.9999551415104017;0.9999990052816682;1.0;1.0;1.0002973690740358;0.9998606098096452;1.0;0.9999999999999999;0.9999676517255558;1.000195258449605;1.0002062206268465;0.9999208295149331;0.9997946341856119;0.9998078753494932;0.9998108572826916;0.9999954742806227;0.9999953401738465;0.999969324756495;0.9999717585395681;1.0;0.9998097560687538;1.000290680925203;1.0003012404967344;0.9999644903747249;0.9999858872770913;0.9999834976806553;0.999898292869738;0.9997581007749667;1.0;0.9999602202553582;0.9999878501980232;0.9999999999999999;0.9997264548086612;0.9998835554961052;1.0;0.9999908604325449;1.0;0.9999895822276942;0.9999639986931401;0.999957424799945;1.0001981026800062;1.024999976158142;
2016-08-14 16:45:00;0.9999999999999999;0.9999792002523422;0.9999692019574059;0.999998881804841;1.0;1.0;1.0002833957111057;0.9998942241440072;1.0;1.0;0.9999762456140389;1.0002103006676357;1.000218120990229;0.9999427001558131;0.9998460677413495;0.9998521015674952;0.9998541626455727;0.999996065580751;0.9999959911994749;0.999976768984274;0.9999761710584317;1.0;0.999853344961134;1.0002783789282235;1.0002865050625367;0.9999707206553754;0.9999889604149629;0.9999880704328178;0.9998906400202556;0.9997622267902062;1.0;0.9999607223688813;0.999994463805562;1.0;0.9997381447004126;0.9998842305031456;0.9999999999999999;0.999990860432545;1.0;0.9999952528904262;0.9999699034864987;0.999969637821001;1.0002131449408123;1.024999976158142;
2016-08-14 17:00:00;1.0;0.9999682204234727;0.999970760450305;0.9999994585436474;1.0;1.0;1.0002888555085645;0.9999087161741633;1.0;1.0;0.999978514722177;1.0002024596994514;1.0002121673588988;0.9999477700402025;0.9998619025111197;0.9998711368660487;0.9998731826569673;0.9999959660280829;0.9999958839574487;0.9999789870774194;0.9999769618371278;1.0;0.9998723620067739;1.000283385078956;1.0002920308958396;0.9999732173939998;0.9999894864511166;0.9999891195619078;0.9999051309749356;0.9997733876086006;1.0;0.9999581036089142;0.9999915387677321;1.0;0.9997434175076414;0.9998768953893324;1.0;0.9999912732606052;1.0;0.9999927434128982;0.9999715342328807;0.9999727879439188;1.0002055737645614;1.024999976158142;
2016-08-14 17:15:00;0.9999999999999999;0.9999686518880778;0.9999698677039952;0.999999066283043;1.0;0.9999999999999999;1.0002909713239585;0.9998985191597347;1.0;0.9999999999999999;0.9999772511762525;1.0002089328094443;1.0002182694706905;0.9999427434972606;0.9998467806338018;0.999855881073024;0.999858187115378;0.9999963307017788;0.9999962548217476;0.9999786114887094;0.9999779575336224;1.0;0.9998573236161036;1.0002855536158208;1.0002941411786832;0.9999731288079438;0.9999895368958712;0.9999880796919157;0.9998613405180425;0.9997334824022102;1.0;0.9999596509029637;0.9999916559789722;1.0;0.9997208480933452;0.9998815941113104;1.0;0.9999912732606054;0.9999999999999999;0.9999928446970638;0.9999722493007887;0.9999719817682063;1.0002118755024945;1.024999976158142;
2016-08-14 17:30:00;0.9999999999999999;0.999950802858183;0.9999623665293413;0.9999996473837443;1.0;1.0;1.0002905320959032;0.999891244820791;0.9999999999999999;1.0;0.9999737924334736;1.0001881405658772;1.000199551947495;0.9999355110984346;0.9998346839620166;0.9998489563536606;0.9998515409329427;0.9999958358302683;0.9999957204012853;0.9999751027466882;0.99997552533126;1.0;0.999850569515706;1.0002842052488596;1.0002940310240365;0.9999708018681129;0.9999880137776476;0.9999865561599861;0.9998935719444274;0.9997794912081087;1.0;0.9999562568314984;0.9999869077641813;0.9999999999999999;0.9997620492725053;0.9998706477877366;0.9999999999999999;0.9999912732606053;1.0;0.9999887737904617;0.999969451117818;0.999965752018746;1.0001909847760373;1.024999976158142;
2016-08-14 17:45:00;0.9999999999999999;0.9999737838173294;0.9999709528284694;0.999998977262046;1.0;1.0;1.0002916638719197;0.9998992812133892;1.0;1.0;0.9999775120022073;1.0002134101486209;1.00022178391318;0.9999441466276671;0.9998486548221361;0.9998562730999269;0.9998584746778337;0.9999960150224377;0.9999959359516432;0.9999784157896968;0.9999765148445822;1.0;0.9998576165107197;1.0002863884917017;1.0002948648829333;0.9999718462197227;0.9999892598128689;0.9999883692910527;0.9998930347054572;0.9997566870815286;1.0;0.9999575468216867;0.9999930195737184;0.9999999999999999;0.9997290922383283;0.9998754250630622;0.9999999999999999;0.9999904792909119;1.0;0.9999940133335775;0.9999706286482472;0.999972553118675;1.000216179216291;1.024999976158142;
2016-08-14 18:00:00;1.0;0.9999671348905002;0.9999546490608678;0.9999991058721859;0.9999999999999999;1.0;1.0003054722951168;0.9998540000443714;1.0;1.0;0.999964694717472;1.0001761943634304;1.0001859342951887;0.9999200469581049;0.999781061692243;0.9997906037275065;0.9997934523049733;0.9999906114814265;0.9999904317576915;0.9999620760358496;0.999949758325836;1.0;0.9997920452638238;1.0002969269957995;1.0003110977696243;0.9999455140665156;0.9999796567060875;0.9999833149248294;0.9999069673347463;0.999775788834442;1.0;0.9999540180585632;0.9999912488385112;0.9999999999999999;0.999747286515924;0.9998655170272037;1.0;0.9999900664615025;1.0;0.9999924953234203;0.9999395541449092;0.9999558349978837;1.0001792524909177;1.024999976158142;
2016-08-14 18:15:00;1.0;0.9999071696371225;0.999931470393816;0.9999991189307658;1.0;1.0;1.0003367466784614;0.9997979613870411;1.0;1.0;0.9999518814460759;1.0001648216149082;1.0001818183849596;0.9998798262473105;0.9996899224363924;0.999716883658719;0.9997218545535692;0.9999925265181141;0.9999921553840042;0.9999548696070464;0.9999555693201375;1.0;0.9997200238481478;1.000325852899429;1.0003428855802476;0.99994665519321;0.9999781726640501;0.9999748571280003;0.9998693753923225;0.999742506255865;1.0;0.9999523161168593;0.9999752835944562;1.0;0.9997317717670511;0.9998618971424467;1.0;0.9999908604325451;1.0;0.999978803367159;0.9999444036367046;0.9999384091126781;1.000167694809194;1.024999976158142;
2016-08-14 18:30:00;1.0;0.9999823813009431;0.9999593794376254;0.9999988179645249;1.0;1.0;1.0003121515477402;0.9998599736290978;1.0;1.0;0.9999667124213432;1.000197688293531;1.0002049720080741;0.9999261031475875;0.9997921672135001;0.999797284811524;0.9997997903811823;0.9999903356275178;0.9999901751070278;0.999963246800694;0.9999486635559801;0.9999999999999999;0.9997984541733109;1.0003042799439803;1.0003176356653172;0.999944744631807;0.9999799186153449;0.9999845821439077;0.9998448147963197;0.9997293254762158;1.0;0.9999538930284156;0.9999953059725084;1.0;0.9997317691787967;0.9998658173076915;1.0;0.9999908604325449;1.0;0.9999959743392727;0.9999384083159446;0.9999591428096667;1.0002004573176757;1.024999976158142;
2016-08-14 18:45:00;1.0;0.9999836072415684;0.9999601787542879;0.9999985945051177;1.0;1.0;1.0003054783049325;0.9998556926210839;1.0;1.0;0.9999663702952505;1.0001879257751134;1.0001951381936445;0.999924207680445;0.9997832099490862;0.9997879614838487;0.9997906417150012;0.9999898467770494;0.9999896893839545;0.9999629753487318;0.9999463569364049;1.0;0.9997892253260906;1.0002972690394187;1.0003112552889528;0.999942577901006;0.9999792802852007;0.9999841921850857;0.9998411251468735;0.9997245326722075;1.0;0.9999556334937056;0.9999956348033452;1.0;0.9997262264357686;0.9998701075507282;1.0;0.9999912732606053;1.0;0.9999962572280392;0.9999357693606066;0.999960236832413;1.0001907431792572;1.024999976158142;
2016-08-14 19:00:00;1.0;0.9999765276242687;0.9999637241668692;0.9999988193696433;1.0;1.0;1.0003108637218792;0.9998721289520808;1.0;0.9999999999999999;0.9999704208054745;1.0001981919936016;1.0002078149675455;0.9999310497771325;0.9998066343111045;0.9998134472918069;0.9998160196245678;0.9999921249116233;0.9999919941004096;0.9999687695733606;0.9999576170398564;1.0;0.999814791289542;1.0003032664594913;1.0003158585296208;0.9999536535223128;0.9999829478351956;0.9999856260589636;0.9998645995346763;0.9997293752012881;1.0;0.9999484314090393;0.9999937502743025;1.0;0.9997152579317978;0.9998495781473221;1.0;0.9999908604325449;1.0;0.9999946406556816;0.9999488437805519;0.9999647845468986;1.0002018379833728;1.024999976158142;
2016-08-14 19:15:00;0.9999999999999999;0.9999885229151665;0.999983560087819;0.9999991217285801;1.0;1.0;1.0002955305886716;0.9999357280089359;1.0;1.0;0.9999863237723122;1.0002187148166517;1.000231083942716;0.9999654224613703;0.9999030033177558;0.9999063367555657;0.9999077276502567;0.9999973725780459;0.9999973462193774;0.9999868944485423;0.9999846221855725;1.0;0.9999071777727147;1.0002906922912065;1.0002982370270694;0.9999816630192261;0.9999932436524956;0.9999928140296809;0.9998517198939926;0.9997194251720097;1.0;0.999950124356347;0.9999969440497523;0.9999999999999999;0.9997114254369921;0.9998547712716283;1.0;0.9999912732606053;1.0;0.9999973792873204;0.9999808101589904;0.9999843071218573;1.0002246970511857;1.024999976158142;
2016-08-14 19:30:00;1.0;0.9999897511832285;0.99998030639687;0.9999986478087622;0.9999999999999999;1.0;1.0002908223027192;0.9999160377361843;1.0;1.0;0.9999827021679998;1.0002308097579637;1.0002374773449396;0.9999557782863095;0.9998731027643828;0.999876079886356;0.9998778776809406;0.9999965224660909;0.9999964904353011;0.9999834267937551;0.999979636282781;0.9999999999999999;0.9998771612372525;1.0002864754832033;1.0002936246780947;0.9999757484986809;0.9999912827963111;0.9999908105441397;0.9998723721912149;0.9997302230088302;1.0;0.9999519510456643;0.9999972707340021;1.0;0.9997086485982498;0.9998596479820604;0.9999999999999999;0.9999912732606054;0.9999999999999999;0.9999976593965932;0.9999746070298791;0.999981006583969;1.0002337525153773;1.024999976158142;
2016-08-14 19:45:00;0.9999999999999999;0.999991992469965;0.9999840288461617;0.9999989364878923;1.0;1.0;1.0002987527616098;0.9999330992361711;1.0;0.9999999999999999;0.9999861560317843;1.0002496116113886;1.0002555054978395;0.9999647926052937;0.9998996887463586;0.9999020202504724;0.9999034241752575;0.9999973511052361;0.99999732425175;0.99998675521825;0.9999843050051198;1.0;0.9999028693675179;1.0002952474311206;1.0003009729918628;0.999981064158791;0.9999931727359621;0.9999926828912503;0.9998748656591488;0.9997353908415104;1.0;0.9999528133188464;0.9999978658678382;1.0;0.9997163803965639;0.999863759291871;1.0;0.9999908604325448;1.0;0.9999981692922623;0.9999803221890073;0.9999844642616365;1.0002522845969681;1.024999976158142;
2016-08-14 20:00:00;1.0;0.9999913417586898;0.9999785385491885;0.9999988530170416;1.0;0.9999999999999999;1.0002938142569306;0.9999181235357996;0.9999999999999999;1.0;0.9999823478253872;1.0002399374870288;1.0002460397211825;0.9999571371897539;0.9998812609852904;0.9998837801335517;0.9998853137384097;0.9999969007658354;0.9999968602444086;0.9999826660104653;0.9999812123120502;1.0;0.999884693269233;1.0002899591134526;1.0002962894685643;0.9999769021322971;0.9999916028752911;0.9999910858661288;0.9999061161388813;0.9997737105913292;1.0;0.9999544116211819;0.9999976927804285;1.0;0.9997459661341426;0.9998675936574454;1.0;0.999990479290912;1.0;0.9999980209692729;0.9999762693804817;0.999978329645058;1.0002426798213377;1.024999976158142;
2016-08-14 20:15:00;1.0;0.9999926431824215;0.9999791638721393;0.9999985203417181;1.0;1.0;1.0002895919391737;0.9999118824212068;1.0;1.0;0.9999818844164671;1.0002353725418747;1.000241497287401;0.999954262856763;0.9998700604455809;0.9998722041954256;0.9998739587322097;0.9999968164060592;0.9999967778542931;0.99998269785172;0.999980539776202;1.0;0.9998732742690641;1.0002855317350658;1.0002922462499637;0.9999758742783397;0.99999137933384;0.9999904913023521;0.9999177100994193;0.9997935634067864;1.0;0.9999542994653982;0.9999980385311645;1.0;0.9997652973142611;0.9998667314388521;1.0;0.999990479290912;1.0;0.9999983172427356;0.9999753344122659;0.9999792207773109;1.0002382168863473;1.024999976158142;
2016-08-14 20:30:00;1.0;0.999988018566097;0.9999817846347752;0.9999992969512183;1.0;1.0;1.0002918577294957;0.9999360091533338;1.0;0.9999999999999999;0.9999857157115943;1.000238925547646;1.0002455512561426;0.9999654553079258;0.9999062095810963;0.999909695892532;0.9999109582063734;0.9999974582664325;0.9999974249248312;0.9999859740501121;0.9999849164568336;1.0;0.9999104481393061;1.000288344915815;1.0002939722714999;0.9999817655802861;0.9999931677058067;0.9999928162099466;0.9999090463074308;0.9997813886474294;1.0;0.9999531287433973;0.9999968080574648;1.0;0.9997547765331944;0.9998634710747588;1.0;0.9999908604325449;1.0;0.9999972620808285;0.9999810709930472;0.9999820979428488;1.0002417237385466;1.024999976158142;
2016-08-14 20:45:00;0.9999999999999999;0.99999011344578;0.9999781421795031;0.999998795689011;0.9999999999999999;1.0;1.0002870159272157;0.9999166486693762;1.0;1.0;0.999982212486156;1.0002355285822508;1.000241659480541;0.9999561486409769;0.9998794680003107;0.9998823433743393;0.9998839306965249;0.9999972973903402;0.9999972521849158;0.9999829685593811;0.9999828923077902;1.0;0.9998833239120347;1.0002832939415758;1.000289366276817;0.9999781581150391;0.9999920050778738;0.9999908771965128;0.9999011182127964;0.9997710827348739;1.0;0.9999583792741202;0.9999973659523884;1.0;0.9997441026813397;0.9998781745753622;1.0;0.9999916544037752;1.0;0.9999977407336901;0.9999780514452412;0.9999780288075941;1.0002382015301958;1.024999976158142;
2016-08-14 21:00:00;1.0;0.9999872934660997;0.9999738337252303;0.9999986095993844;1.0;1.0;1.0002791378801197;0.999901671143425;0.9999999999999999;1.0;0.9999789737131906;1.0002220146368472;1.0002286255731845;0.9999480656587186;0.9998582594444877;0.9998619457856964;0.9998638184033992;0.9999970094959818;0.999996957657438;0.9999799995045998;0.9999806734905438;1.0;0.9998631164362927;1.0002749659253718;1.000281773519183;0.9999749483520853;0.9999907756298901;0.9999891959176983;0.9999103258005713;0.9997796364170002;1.0;0.9999624792035684;0.9999966174007561;1.0;0.9997475203191871;0.9998896696555125;1.0;0.9999916544037752;1.0;0.9999970995119108;0.9999750525092527;0.9999737234544546;1.0002247569220175;1.024999976158142;
2016-08-14 21:15:00;0.9999999999999999;0.9999864254337753;0.9999698290811766;0.9999987410001572;1.0;1.0;1.000281942490557;0.9998959155984112;0.9999999999999999;0.9999999999999999;0.9999768541212093;1.000224009374483;1.000230728442333;0.9999449967029611;0.9998541985879364;0.9998581329443346;0.9998599293033467;0.9999970032113693;0.9999969338221556;0.9999775239342461;0.9999801085612331;1.0;0.9998592469447025;1.000277798826537;1.0002845355279564;0.9999736776059103;0.9999901726681079;0.9999885471276072;0.9999190201758213;0.9997937439977863;1.0;0.9999688771771936;0.9999963870084381;1.0;0.9997612442770555;0.9999090134656045;1.0;0.9999916544037754;0.9999999999999999;0.9999969022881929;0.9999740960782048;0.9999690195812825;1.0002267516651224;1.024999976158142;
2016-08-14 21:30:00;0.9999999999999999;0.9999846919601582;0.9999736997726261;0.9999989871764264;1.0;1.0;1.0002820287920173;0.9999086878957608;1.0;1.0;0.9999795451545557;1.0002190864613845;1.0002260749002294;0.9999510671523497;0.9998681838737135;0.999872624110397;0.9998743383555679;0.9999965911068996;0.9999965315041224;0.9999798436638981;0.9999793031953026;1.0;0.9998736486898746;1.0002776978818047;1.0002847273541926;0.9999745076426103;0.9999904711135573;0.9999898145395671;0.9999147943155403;0.9997918600415354;1.0;0.9999657056286054;0.9999959252370763;1.0;0.9997624589413701;0.9998996083331915;1.0;0.999990860432545;1.0;0.9999965060742807;0.9999738337095816;0.9999737225400055;1.0002218555447695;1.024999976158142;
2016-08-14 21:45:00;1.0;0.9999849821718803;0.9999701322567273;0.9999987077199798;1.0;1.0;1.000285891871715;0.9998938975400213;1.0;1.0;0.9999765481309807;1.0002206512541403;1.0002276934146321;0.9999436935419067;0.9998479443538837;0.9998523050737131;0.9998542542451958;0.9999963309403941;0.9999962690787757;0.9999770487087467;0.9999771305511423;1.0;0.9998534845837611;1.0002812554919167;1.0002888344649128;0.9999712553902698;0.9999893405621854;0.9999882832031928;0.9999223056833243;0.9998080952292113;1.0;0.9999672130323751;0.9999960013447816;1.0;0.9997815983822945;0.9999049175360204;1.0;0.9999900664615025;1.0;0.9999965709066136;0.9999708569587913;0.9999698509732815;1.0002234687504676;1.024999976158142;
2016-08-14 22:00:00;1.0;0.999988741899716;0.9999711032946071;0.999998528606609;1.0;0.9999999999999999;1.000292112355868;0.9998937289068809;1.0;1.0;0.9999770085716256;1.0002353214380868;1.0002416285056948;0.999944352711161;0.9998493157707029;0.9998525951981192;0.9998544922141724;0.9999968164060592;0.9999967524018786;0.9999778155155138;0.9999791854392351;1.0;0.9998537702980874;1.000287900202506;1.000294823410703;0.9999727829498547;0.9999900088576055;0.9999884177301858;0.9998655411625952;0.9997589024177985;0.9999999999999999;0.9999652246351478;0.9999969991402117;1.0;0.9997563586261445;0.9998989893211623;1.0;0.9999912732606052;1.0;0.9999974256311315;0.9999730329159502;0.9999704064793906;1.0002379943854782;1.024999976158142;
2016-08-14 22:15:00;1.0;0.9999897503396106;0.9999766317954671;0.9999989893313662;1.0;1.0;1.0002801129821213;0.9999176898118391;1.0;1.0;0.999981748918012;1.0002280353871758;1.0002342827857313;0.9999566026131856;0.9998834747693792;0.999886448665269;0.9998878967904212;0.9999972882418194;0.9999972412250961;0.9999820969170007;0.9999828112773657;1.0;0.9998873259582245;1.0002764658809045;1.0002823892500392;0.9999780412602691;0.9999918645631392;0.9999909697293318;0.999899072004202;0.999784536759138;1.0;0.9999695473062266;0.9999972709667627;1.0;0.9997647988075634;0.9999111784229754;1.0;0.999990479290912;1.0;0.9999976599025493;0.9999779425137507;0.9999761061554724;1.000230748652514;1.024999976158142;
2016-08-14 22:30:00;0.9999999999999999;0.9999856309307007;0.9999747642232463;0.9999985845620244;0.9999999999999999;1.0;1.000271596389789;0.9999018551310831;1.0;1.0;0.9999792058838097;1.0002084728636151;1.0002154792345828;0.9999478271980865;0.999855136801691;0.999859303431515;0.9998613033579044;0.9999965512849013;0.9999964977073708;0.9999802158934588;0.9999788275417217;1.0;0.9998605357989366;1.0002670314964248;1.0002744931570133;0.9999736570679475;0.9999903321725246;0.9999891468255612;0.9999152123295107;0.9997927758456546;0.9999999999999999;0.9999708503702373;0.9999961755850173;1.0;0.9997618600995601;0.999914143533341;1.0;0.999990479290912;1.0;0.9999967208505078;0.9999731234006481;0.9999752550518503;1.000211317131594;1.024999976158142;
2016-08-14 22:45:00;1.0;0.9999850530783418;0.9999776122191645;0.9999994583413881;1.0;1.0;1.0002670040312027;0.9999277852627273;1.0;1.0;0.999982953276275;1.0002051987895353;1.0002117509707533;0.9999607387302686;0.9998948255073591;0.9998991609233178;0.9999005054585518;0.9999964535580779;0.9999964147627162;0.9999824193903781;0.9999799086863136;1.0;0.9998999033385682;1.0002629751893675;1.000269501252399;0.99997685235389;0.9999912762142632;0.9999918352100854;0.9999141294626501;0.9997918197475295;1.0;0.9999709022681624;0.9999960218425682;1.0;0.9997611078445814;0.9999141897950728;1.0;0.999990860432545;1.0;0.9999965889398165;0.9999752703944361;0.9999777979968406;1.0002077538765948;1.024999976158142;
2016-08-14 23:00:00;1.0;0.9999855591401995;0.9999696905159909;0.9999983890053733;0.9999999999999999;1.0;1.0002684506720279;0.9998867467434437;1.0;1.0;0.9999758024877465;1.0002085642071392;1.0002152145519103;0.9999402200404761;0.9998376469905699;0.9998418358090981;0.9998439688698311;0.9999967980569409;0.999996735100091;0.9999771108477985;0.9999787670816078;1.0;0.9998431836143884;1.000263975167505;1.0002713043922629;0.999971942304077;0.9999896499085316;0.999987561045656;0.9999276077601887;0.9998096940255784;1.0;0.9999745831407871;0.9999961559738263;1.0;0.99977620284682;0.9999250629359259;1.0;0.9999912732606053;1.0;0.9999967039005263;0.9999723706516315;0.9999694434960411;1.0002112080472512;1.024999976158142;
2016-08-14 23:15:00;1.0;0.9999831029140134;0.9999684059853398;0.9999985651208624;1.0;0.9999999999999999;1.000271227269128;0.9998874958754895;0.9999999999999999;1.0;0.9999753618369387;1.0002066228672002;1.0002139020495888;0.9999400974517415;0.999839197934128;0.9998441025859501;0.9998461988156302;0.9999966571221013;0.999996580783551;0.9999764206066918;0.999978168896433;1.0;0.9998454133620838;1.000266574092845;1.0002741396809343;0.9999715004062135;0.9999893692302794;0.9999875274188958;0.9999285271943306;0.9998100067892668;1.0;0.9999723555546093;0.9999955015277557;1.0;0.9997759187261946;0.9999183119455126;1.0;0.9999916544037752;1.0;0.9999961424346837;0.9999717366865388;0.9999682074135358;1.0002094403240116;1.024999976158142;
2016-08-14 23:30:00;1.0;0.9999819481306663;0.9999705994228603;0.999999556241323;0.9999999999999999;0.9999999999999999;1.000268576278793;0.9999144825810095;1.0;1.0;0.9999789957660861;1.0002036791348217;1.0002108428702954;0.9999534183562565;0.9998814409343371;0.9998866862648954;0.9998880590604596;0.9999965560052009;0.9999964872724286;0.9999783077544059;0.9999793034798041;1.0;0.9998874566963721;1.0002644398420075;1.000271068880774;0.9999747852744423;0.9999902771006179;0.9999902961279434;0.9999287765659184;0.9998163002057238;1.0;0.9999734289212552;0.9999951927575755;1.0;0.9997850609147443;0.9999214379203113;1.0;0.9999916544037752;1.0;0.9999958771785664;0.9999739520480629;0.999969955416456;1.0002063519976547;1.024999976158142;
2016-08-14 23:45:00;1.0;0.9999807916350613;0.99996841513;0.9999992386915365;1.0;1.0;1.0002636335021646;0.999899722200152;1.0;1.0;0.9999762527826483;1.00018793258953;1.0001954702912497;0.9999457753374755;0.9998564426842282;0.9998620218434747;0.9998637954627243;0.9999954669330865;0.999995393998898;0.9999755546608102;0.9999736831583468;0.9999999999999999;0.999863011378444;1.0002586169345242;1.000266786222977;0.999968980099057;0.9999882976034654;0.9999887095980509;0.9999461532035785;0.9998348425439652;1.0;0.999976843171129;0.9999948854790928;1.0;0.9997977999500527;0.9999315226110157;1.0;0.999989685320429;0.9999999999999999;0.9999956138372639;0.9999673178440637;0.9999682220414957;1.0001907306377764;1.024999976158142;
2016-08-15 00:00:00;1.0;0.9999833939929912;0.9999754656687937;0.9999994761860727;0.9999999999999999;1.0;1.000261239667435;0.9999251230545771;0.9999999999999999;1.0;0.9999822023291418;1.0002032712714874;1.000210302303194;0.9999590553483325;0.999894443454047;0.9998992721929889;0.9999005859682164;0.9999972898060902;0.9999972376540336;0.9999821772672178;0.9999833380948763;0.9999999999999999;0.9999000505633393;1.000257515848214;1.0002634306868903;0.9999792670804926;0.9999919930962048;0.9999914758704254;0.9999548810837092;0.9998496940971806;1.0;0.9999740787271465;0.9999955771408735;1.0;0.999812834473522;0.9999231282663964;1.0;0.9999900664615025;1.0;0.9999962065303106;0.9999788481798078;0.999975318892414;1.0002059709390512;1.024999976158142;
2016-08-15 00:15:00;1.0;0.9999878713199208;0.9999763973004596;0.9999987593819262;1.0;1.0;1.0002550647821051;0.9999106961321211;1.0;1.0;0.9999808630659899;1.0001987549856075;1.000205165683989;0.9999527161114784;0.9998700013599849;0.9998735191283057;0.9998752565794398;0.999996963389375;0.9999969158740686;0.9999816344520949;0.9999811091008276;1.0;0.999874586912453;1.000251016009487;1.0002576257016516;0.9999762207803995;0.9999912551557619;0.9999901640129644;0.9999660034890654;0.9998683064661371;1.0;0.9999739935511919;0.9999967713759275;1.0;0.9998311235646343;0.9999225816439943;1.0;0.9999916544037751;1.0;0.9999972316288019;0.9999759041043331;0.9999764895415642;1.0002014278352818;1.024999976158142;
2016-08-15 00:30:00;1.0;0.9999947363487391;0.9999812529351284;0.9999995536351339;1.0;1.0;1.0002508385101476;0.9999412576423959;1.0;1.0;0.9999857910558211;1.00020267137378;1.0002082629931233;0.9999694413002727;0.9999193413336095;0.9999208678185642;0.9999216941998021;0.9999971058925988;0.9999970720348784;0.9999846845192979;0.9999833682158097;1.0;0.9999212740309483;1.0002477194857542;1.0002528094752838;0.9999805032885319;0.9999927975645077;0.9999936423274933;0.9999654598065849;0.9998709361914383;1.0;0.9999759175107742;0.9999985977461284;1.0;0.999835394367953;0.999928296886004;1.0;0.9999908604325449;1.0;0.9999987976628729;0.9999793814977912;0.9999801228777658;1.0002053710397245;1.024999976158142;
2016-08-15 00:45:00;1.0;0.9999975554917842;0.9999821222505526;0.999999267105871;1.0;1.0;1.0002495120147792;0.9999377054907328;1.0;1.0;0.9999857946046407;1.0002059961652647;1.0002112328621429;0.9999682195345616;0.9999140066931399;0.9999147188505448;0.9999156365701144;0.9999973678859362;0.9999973367682551;0.9999851566789594;0.9999842853425115;1.0;0.9999152107582986;1.000246525641752;1.0002514419294468;0.9999809008043197;0.9999930896613226;0.9999933901866391;0.9999880842130315;0.9999004202120587;1.0;0.9999712143783182;0.9999993469300485;1.0;0.9998608803878989;0.9999140870592409;1.0;0.9999912732606053;1.0;0.9999994397430815;0.9999802373782112;0.9999808956040549;1.0002086958401835;1.024999976158142;
2016-08-15 01:00:00;1.0;0.9999958928824687;0.9999829683361793;0.9999996105188681;1.0;1.0;1.000246905402372;0.9999465383181968;1.0;1.0;0.9999869752533891;1.000199282441871;1.0002049080676203;0.9999723263467963;0.9999264210048294;0.9999276135170703;0.9999283501165962;0.999997119785347;0.9999970928620708;0.9999857355075186;0.999983768101415;1.0;0.9999279545236793;1.000243855315413;1.0002488329382468;0.9999813464126606;0.9999931457890489;0.9999942456002145;0.9999940996733291;0.9999122655874566;1.0;0.9999717511934522;0.999998905193375;1.0;0.9998736214423177;0.9999156611736292;1.0;0.9999912732606052;1.0;0.9999990611527043;0.9999800346924035;0.9999818775667171;1.000202080521869;1.024999976158142;
2016-08-15 01:15:00;1.0;0.9999960375704078;0.9999839680702446;0.9999992159312641;1.0;0.9999999999999999;1.0002424788192383;0.9999402044896207;1.0;1.0;0.9999867845747505;1.0001973473112695;1.0002027753080966;0.9999691754012419;0.9999144499525023;0.9999156011057551;0.9999166227426868;0.9999973558207254;0.9999973325100515;0.9999864627180666;0.9999845229108848;1.0;0.9999161687652265;1.0002393662580726;1.0002444747241146;0.9999815600122403;0.9999933545539498;0.9999935939367606;1.0000113309279899;0.9999380716402566;1.0;0.9999667254358173;0.9999989436889082;1.0;0.9998978332054188;0.9999003357628936;1.0;0.9999908604325449;1.0;0.9999990941084119;0.9999806949435981;0.9999833882622011;1.000200046962844;1.024999976158142;
2016-08-15 01:30:00;1.0;0.9999937971444948;0.9999838604182762;0.9999991766860589;1.0;1.0;1.0002380455547255;0.9999387772170132;1.0;1.0;0.9999866570743724;1.000191880126205;1.0001974047938416;0.9999680122124976;0.9999109538571256;0.9999127539563759;0.9999138893262427;0.999997411098611;0.9999973897433656;0.9999866519819346;0.9999847499046711;1.0;0.9999134093248143;1.0002348475205352;1.0002400734289563;0.9999817450430012;0.9999933802162306;0.9999933539347857;1.0000168047794984;0.9999468759091257;1.0;0.9999724769849045;0.9999983480310551;1.0;0.9999062143854156;0.9999175493069512;1.0;0.999992448376171;1.0;0.9999985834484401;0.9999809459614201;0.9999836768586258;1.0001944777449696;1.024999976158142;
2016-08-15 01:45:00;1.0;0.9999921336950757;0.99998800525865;0.9999995457139484;1.0;1.0;1.0002329988474346;0.9999581018276709;1.0;0.9999999999999999;0.9999906446841932;1.0001928860432785;1.0001986675754584;0.9999773908306884;0.9999388287873906;0.9999411060323413;0.9999419252522657;0.9999983853986544;0.9999983731264485;0.9999908353938874;0.9999903298126455;1.0;0.9999415966703168;1.000230429353186;1.000234480245696;0.9999882305166817;0.9999955818296107;0.9999953043923321;1.000041560168592;0.9999848299373919;1.0;0.9999698176373749;0.9999979070023338;0.9999999999999999;0.9999424935026099;0.9999094509686111;1.0;0.9999900664615023;1.0;0.9999982057865423;0.9999878354606899;0.9999881768578527;1.0001955104701998;1.024999976158142;
2016-08-15 02:00:00;1.0;0.9999969774081008;0.9999918335357783;0.9999994374647247;1.0;1.0;1.0002306110356078;0.9999665505355277;1.0;1.0;0.9999931406713414;1.0001993938820586;1.0002048836678241;0.9999825975273124;0.9999515875127427;0.9999524683905167;0.9999531166356667;0.9999990869646951;0.9999990798714641;0.9999936450331846;0.9999939060660566;1.0;0.9999528821896125;1.0002285635442978;1.0002317594449193;0.9999918711222504;0.9999970618027805;0.999996387102624;1.000038544447448;0.9999841119409696;1.0;0.9999726848368561;0.9999991934112863;1.0;0.9999439032600345;0.9999180532918243;1.0;0.9999908604325448;1.0;0.9999993080295138;0.9999920361081845;0.9999917710623605;1.0002021919623683;1.024999976158142;
2016-08-15 02:15:00;0.9999999999999999;0.9999976272840371;0.9999888710627731;0.999999141642798;0.9999999999999999;1.0;1.0002318520655873;0.9999518069840257;0.9999999999999999;1.0;0.9999902081090672;1.000195788474553;1.000201141999599;0.9999753238502473;0.9999297504864114;0.9999304403914122;0.9999313629894628;0.9999983822427401;0.9999983705368507;0.9999906817514871;0.9999898629365074;1.0;0.9999310070096932;1.0002293053823283;1.0002334205870713;0.9999871531025791;0.9999954558859317;0.9999948758724269;1.0000405186601762;0.9999844776905346;1.0;0.9999702824025002;0.9999993668275167;1.0;0.9999427942423482;0.9999108097471783;1.0;0.9999912732606052;1.0;0.9999994569466175;0.9999870352652549;0.9999886812993166;1.000198557493438;1.024999976158142;
2016-08-15 02:30:00;0.9999999999999999;0.999997050301687;0.9999888697631499;0.9999993670669082;0.9999999999999999;1.0;1.0002304451716677;0.9999561302678652;1.0;1.0;0.9999905412953742;1.0001923698571447;1.0001975344472918;0.9999773768342003;0.9999361549052661;0.9999370166878776;0.9999378165300756;0.99999804691553;0.999998035225635;0.9999904433208381;0.9999886234323773;1.0;0.9999374693114133;1.000227873319552;1.0002320420481954;0.9999865251814373;0.999995177081884;0.9999953023500565;1.0000415317196318;0.9999840957045665;1.0;0.9999721439548169;0.9999992122401857;1.0;0.9999412952660978;0.999916408160158;1.0;0.9999916544037752;1.0;0.9999993239851279;0.9999858459311157;0.9999886319987048;1.0001949942827115;1.024999976158142;
2016-08-15 02:45:00;1.0;0.9999948098723098;0.9999895656864896;0.9999996150079791;1.0;1.0;1.0002302254975124;0.9999636396915351;1.0;1.0;0.9999917442507132;1.0001925620340062;1.0001980094829652;0.9999807010995252;0.9999473690816394;0.9999488798474873;0.9999495416594926;0.999998361031558;0.9999983510078444;0.9999915979477637;0.9999904948397202;0.9999999999999999;0.9999492527502658;1.0002278367177537;1.0002316234642208;0.9999887998136751;0.9999958636031594;0.9999959927532224;1.0000447774026833;0.9999894875769387;1.0;0.9999716299166388;0.9999986165249495;1.0;0.9999467066086046;0.9999148658434424;1.0;0.9999912732606053;0.9999999999999999;0.9999988132745319;0.9999881996166899;0.9999894870400893;1.0001951864600773;1.024999976158142;
2016-08-15 03:00:00;0.9999999999999999;0.9999949545590139;0.9999917852285481;0.9999996222443422;1.0;1.0;1.0002287734041033;0.9999702183407827;1.0;1.0;0.9999935166032267;1.000195427569885;1.0002011208434956;0.9999840334111068;0.9999566804808859;0.9999581499144139;0.9999587363971272;0.9999990288256132;0.9999990206739159;0.9999938244736093;0.9999939000302824;1.0;0.9999585141115063;1.0002266973385694;1.000229901917736;0.9999922521526817;0.9999971027365622;0.9999966844734328;1.0000538691013994;1.0000044626415516;0.9999999999999999;0.9999709208646702;0.9999986548721683;1.0;0.9999615171589308;0.9999126599093288;1.0;0.9999912732606052;1.0;0.9999988460986027;0.9999921909120162;0.9999918831888303;1.0001981965877706;1.024999976158142;
2016-08-15 03:15:00;0.9999999999999999;0.9999979175034122;0.9999918844973346;0.9999992444488627;1.0;1.0;1.0002273070399879;0.9999630140108393;1.0;1.0;0.9999928834242541;1.0001983756001451;1.0002039336868573;0.9999810081836199;0.9999465473893383;0.9999471578710463;0.9999478957303036;0.9999993720003975;0.9999993663441651;0.999993832372816;0.9999949274625829;1.0;0.9999476577097426;1.00022531260832;1.0002284191006772;0.9999923775250574;0.9999973061009564;0.9999960577684166;1.00004988583298;0.9999998160507613;1.0;0.9999728795340466;0.9999994429452439;1.0;0.9999578446953569;0.9999185531372445;0.9999999999999999;0.999990479290912;1.0;0.9999995217819148;0.9999930175917211;0.9999917993079149;1.0002012756965082;1.024999976158142;
2016-08-15 03:30:00;1.0;0.999998350643314;0.9999924128234652;0.9999992448225061;1.0;1.0;1.0002296152372043;0.9999646005592047;1.0;1.0;0.9999932970554862;1.0002030642152442;1.000208380695894;0.9999818930881658;0.9999490207354713;0.9999495039465287;0.9999502100459782;0.9999995237048813;0.9999995194553771;0.9999943135083915;0.9999956870466662;1.0;0.9999499910111822;1.0002277655519636;1.0002306369079983;0.9999931400322403;0.9999975907185388;0.9999962420598577;1.0000458986525809;0.9999914039175354;1.0;0.9999698273088182;0.9999995585830772;1.0;0.9999487154995947;0.9999094548254917;1.0;0.9999904792909118;1.0;0.9999996210845102;0.9999939062495011;0.9999923032220792;1.0002058623058216;1.024999976158142;
2016-08-15 03:45:00;0.9999999999999999;0.999997266742388;0.9999924633097608;0.9999991754518043;1.0;1.0;1.0002281996399467;0.9999635877811656;1.0;1.0;0.9999933516590387;1.0001994743734144;1.0002057968510523;0.9999811675842968;0.9999472236052257;0.9999480217988097;0.9999487961919175;0.9999998378221837;0.9999998347405551;0.9999947875692939;0.9999970400584177;1.0;0.9999485812263794;1.0002262326701647;1.0002292178114534;0.9999942165051393;0.9999979548385535;0.9999960918198393;1.0000431896811726;0.9999885071496153;0.9999999999999999;0.9999729141338788;0.9999992701424208;1.0;0.9999465726657873;0.9999187305678197;0.9999999999999999;0.9999916544037752;1.0;0.9999993737096309;0.9999953729927502;0.9999925398679521;1.0002027485354166;1.024999976158142;
2016-08-15 04:00:00;1.0;0.9999943758524946;0.9999914495809185;0.999999786847221;1.0;1.0;1.0002296341359875;0.9999741706412428;1.0;1.0;0.9999939951950191;1.0001733416747691;1.0001855745170027;0.9999859050400606;0.99996476222129;0.9999663970419703;0.9999668309364947;0.9999995145278952;0.9999995093776295;0.9999943133761138;0.9999962117170328;1.0;0.9999666828194366;1.0002265377947686;1.0002310294903562;0.9999944199492001;0.9999977764305523;0.9999970739663031;1.000041809522151;0.9999860372443724;1.0;0.9999704359798569;0.9999985015879993;1.0;0.9999440844931139;0.9999112829951764;1.0;0.9999920672329303;1.0;0.9999987148939382;0.9999948323774306;0.9999912795885683;1.000179655021521;1.024999976158142;
2016-08-15 04:15:00;0.9999999999999999;0.9999946660658567;0.999990558510749;0.9999992744851753;1.0;1.0;1.0002301045734596;0.9999601252917512;0.9999999999999999;1.0;0.9999921358330731;1.0001985860448004;1.0002043698043412;0.999978905562892;0.9999417341377025;0.9999432894866296;0.9999441333203657;0.9999993520870344;0.9999993445446844;0.999993272081066;0.9999947206911828;1.0;0.9999438660434727;1.0002279671708432;1.0002312709700476;0.9999920337918751;0.9999970740042307;0.9999956203814642;1.000042665469395;0.9999875597254205;0.9999999999999999;0.9999724734720359;0.9999985776044908;1.0;0.999945552971608;0.99991738286164;1.0;0.9999908604325449;0.9999999999999999;0.9999987796404036;0.9999927195293857;0.9999907771343827;1.00020138412285;1.024999976158142;
2016-08-15 04:30:00;1.0;0.9999971220957456;0.9999925537097607;0.9999991893406669;1.0;1.0;1.000231008082951;0.9999639283170069;1.0;1.0;0.9999933848421616;1.00020420367891;1.0002098616297919;0.9999813097499196;0.9999473778681486;0.9999482173961846;0.9999489938030758;0.9999997458489763;0.9999997417731985;0.9999947582233858;0.9999966691114417;1.0;0.9999487718596825;1.0002291338913687;1.0002320053230693;0.9999939561752862;0.9999978620182375;0.9999961208242418;1.0000419019588789;0.9999886525164676;1.0;0.9999673542158499;0.999999231809223;1.0;0.9999480411500519;0.9999020189649597;1.0;0.9999916544037752;0.9999999999999999;0.9999993408978473;0.9999949847370655;0.9999926807480297;1.0002071037921718;1.024999976158142;
2016-08-15 04:45:00;1.0;0.9999973379070005;0.9999951693935726;0.9999995932691172;1.0;1.0;1.000226401907755;0.9999790927776795;1.0;1.0;0.9999959577853382;1.0002019892046674;1.0002072033049123;0.9999889722251372;0.9999695799437827;0.9999703525702691;0.9999707976366438;0.9999997764987811;0.9999997746588447;0.9999966648076818;0.9999977416475198;1.0;0.9999706649501121;1.0002248811345973;1.0002271555727407;0.9999962338521425;0.9999986184801367;0.9999977121933277;1.0000482584081496;0.9999979622106165;0.9999999999999999;0.999971935450163;0.9999992902960525;1.0;0.9999564956909033;0.9999157386324863;0.9999999999999999;0.9999916544037751;0.9999999999999999;0.9999993914423766;0.9999967367436311;0.9999952755910476;1.0002046620629845;1.024999976158142;
2016-08-15 05:00:00;1.0;0.9999979895147534;0.9999930628441718;0.9999994533849379;0.9999999999999999;1.0;1.0002288847137621;0.9999706359628985;1.0;1.0;0.9999941474621833;1.0002017626070634;1.0002070718101266;0.9999848515056673;0.999958037550063;0.9999586257110802;0.9999591869653344;0.9999994532327717;0.9999994485010137;0.9999947858338003;0.999995742327431;1.0;0.9999590010685353;1.0002271105629392;1.0002298417942213;0.999993730880787;0.9999977512049765;0.9999968557035416;1.0000493579429302;0.9999962833005351;1.0;0.9999700836838119;0.9999994624615279;1.0;0.9999530934436726;0.9999101914791768;1.0;0.9999916544037754;0.9999999999999999;0.9999995386476728;0.9999941926670101;0.9999929257022027;1.0002045316424877;1.024999976158142;
2016-08-15 05:15:00;1.0;0.9999950992047155;0.9999916140381636;0.9999993694263256;1.0;1.0;1.0002311237099903;0.9999647152728947;1.0;1.0;0.9999930170181391;1.000200991763577;1.0002065404667582;0.9999812991146174;0.9999482810158699;0.9999497091027144;0.9999504599530854;0.9999993735924678;0.9999993679786056;0.9999939865270252;0.9999951022358283;1.0;0.9999502186287162;1.000229116090446;1.0002322111739967;0.9999927796008944;0.9999973453424733;0.9999961182283296;1.0000445900981993;0.9999919394905947;1.0;0.9999657352564815;0.9999986932467716;1.0;0.9999507247405204;0.9998971280093392;1.0;0.9999916544037751;1.0;0.9999988789466867;0.9999933169035673;0.9999918350482047;1.0002036914249883;1.024999976158142;
2016-08-15 05:30:00;0.9999999999999999;0.9999906160037288;0.9999879469580782;0.9999991755005302;1.0;0.9999999999999999;1.0002300857401976;0.9999522142754392;1.0;0.9999999999999999;0.9999905760396409;1.0001980610985806;1.0002043508206322;0.9999741326374638;0.9999308825695663;0.9999335987361598;0.9999346383167731;0.9999997964077687;0.9999997899191687;0.999992435984813;0.9999962238701765;1.0;0.9999343507309149;1.0002278939272577;1.0002312026227238;0.9999926007019344;0.9999971293732262;0.9999946299195024;1.000046938621724;0.9999915605605201;0.9999999999999999;0.9999705690572012;0.9999975037320171;1.0;0.9999479965358157;0.9999116507559915;1.0;0.9999908604325449;1.0;0.9999978601261135;0.9999940878435951;0.9999883850845501;1.000200859175162;1.024999976158142;
2016-08-15 05:45:00;1.0;0.9999951695229538;0.9999902654901325;0.9999992362740181;1.0;1.0;1.0002307979827672;0.9999592714471227;1.0;1.0;0.9999920237532828;1.000171994869011;1.0001850545535032;0.999978585110111;0.9999416086063039;0.9999430078426724;0.9999438360432464;0.999999615645458;0.9999996106362188;0.9999933241043831;0.9999957826999257;1.0;0.9999435913547992;1.0002272850881935;1.0002324689781108;0.999992766488839;0.9999973352590789;0.999995555012202;1.000037221196865;0.9999872760360135;1.0;0.9999694427809686;0.999998714051397;0.9999999999999999;0.9999499752116334;0.9999083223387094;1.0;0.999989685320429;1.0;0.9999988975571269;0.9999938244654332;0.9999903093182815;1.0001788176041075;1.024999976158142;
2016-08-15 06:00:00;1.0;0.9999987120301003;0.9999928766539172;0.999999414559167;1.0000000000000002;1.0;1.0002341343808543;0.9999694313065124;1.0;1.0;0.9999939293882274;1.0000844641833089;1.0001199510773593;0.999984391343922;0.9999566357579692;0.9999570139523039;0.9999575792025686;0.9999994333237989;0.9999994287755335;0.999994553734712;0.9999955551378038;1.0;0.9999573908594226;1.0002260874984723;1.000237620374802;0.9999934296933033;0.9999976678880393;0.9999967603551104;1.0000261394379588;0.9999819712111219;1.0;0.9999674948473094;0.9999996547506699;1.0;0.9999519089477442;0.9999026887225727;0.9999999999999999;0.9999916544037751;1.0;0.9999997035605043;0.9999939270123482;0.9999926285055788;1.0001038213694897;1.024999976158142;
2016-08-15 06:15:00;1.0;0.9999987120301002;0.999993922645223;0.9999995411638181;1.0;1.0;1.0002353174743617;0.9999743708029984;1.0;1.0;0.9999948130390791;1.0000227098678356;1.00007351842798;0.9999868725685147;0.9999633128811293;0.9999636910779892;0.9999641668054663;0.9999993429426743;0.9999993395878113;0.9999951872150924;0.9999954872277205;1.0;0.999963995660413;1.0002241174265694;1.0002400573801986;0.9999938652495588;0.9999978156575199;0.999997276156708;1.0000142365579314;0.999974857732704;1.0;0.9999699057444584;0.9999996547606455;1.0;0.9999516692748257;0.9999101401451217;1.0;0.9999912732606053;1.0;0.9999997035692083;0.9999940564569958;0.9999937474983014;1.0000504636297438;1.024999976158142;
2016-08-15 06:30:00;1.0;0.9999945916606969;0.9999912798385062;0.9999992152134968;1.0;1.0;1.0002344504219918;0.9999607470074462;1.0;1.0;0.9999925667463847;1.000001576741838;1.0000572950712934;0.9999792101917138;0.9999421139545016;0.9999436818201214;0.9999445554691176;0.999999574263626;0.9999995697430448;0.999993980531718;0.9999957731713885;1.0;0.9999442959310783;1.0002220323004951;1.0002397063914177;0.9999930091669043;0.9999974417745087;0.9999956851558851;1.0000209286834871;0.9999826498391114;1.0;0.9999709530941828;0.999998560091543;1.0;0.9999576355867723;0.9999132690951761;1.0;0.9999920672329303;1.0;0.9999987654527299;0.9999939170709252;0.9999916364991265;1.0000317370464995;1.024999976158142;
2016-08-15 06:45:00;1.0;0.9999943775716135;0.9999894955236027;0.9999989403225221;1.0;1.0;1.0002476970863887;0.9999494579670242;0.9999999999999999;0.9999999999999999;0.9999905300320167;1.0000675141022606;1.000109252314147;0.9999734886872248;0.9999242515235767;0.9999258927813135;0.9999270381265308;0.9999990809482568;0.999999071125693;0.9999921288965852;0.9999929319845884;0.9999999999999999;0.999926672574404;1.0002377484241498;1.0002521326167992;0.9999896831699134;0.9999963220738262;0.9999944954251869;1.0000225818456225;0.999963733588794;0.9999999999999999;0.9999649392749613;0.999998500300487;0.9999999999999999;0.9999286890375462;0.9998957460505107;1.0;0.999976982561159;1.0;0.9999987131505241;0.9999903984844233;0.9999900099133205;1.0000899954629714;1.024999976158142;
2016-08-15 07:00:00;1.0;0.9999961102078839;0.9999931478074234;0.9999996020026694;1.0;1.0;1.0002527092420517;0.9999729415106592;1.0;1.0;0.9999943100680221;1.000039568351196;1.0000896511952555;0.9999856346324905;0.9999599376012062;0.999961069799389;0.9999616268653436;0.9999990502984789;0.9999990450010446;0.9999946150785215;0.9999941828409732;1.0;0.9999614138186532;1.0002414576768495;1.0002575177185238;0.9999927683809581;0.9999973494554651;0.9999970185402479;0.9999454500957672;0.9999163136345984;1.0;0.999956589048458;0.9999989628234635;1.0;0.9999238323710934;0.9998707401037091;1.0;0.9999853029627558;1.0;0.999999110335225;0.9999926188034699;0.9999933004695518;1.0000667443324076;1.024999976158142;
2016-08-15 07:15:00;1.0;0.9999979895147534;0.999991080546994;0.9999994214637807;1.0;1.0;1.000262787562797;0.9999628380924563;1.0;1.0;0.9999921287972459;1.0000486778595352;1.000097606122315;0.9999809343113715;0.9999451453946412;0.9999457335480751;0.9999464356797144;0.9999982305666626;0.9999982199242923;0.9999920383046315;0.9999899022528604;1.0;0.999946127023784;1.0002512937799612;1.0002679103254524;0.9999882340208615;0.9999958267667487;0.9999960410137633;0.9998402895461531;0.9998534674083573;1.0;0.9999659929448069;0.9999994623631929;1.0;0.9999197251716853;0.9998992967398568;1.0;0.999857259899838;1.0;0.9999995385615486;0.9999875122450274;0.9999909599674361;1.0000753510346414;1.024999976158142;
2016-08-15 07:30:00;1.0;0.9999853415598774;0.9999843618959763;0.9999994695662939;1.0;1.0;1.000272404180612;0.999945667286074;0.9999999999999999;1.0;0.9999878453059621;0.9999829364434455;1.0000479458634026;0.9999697825856927;0.999917763419447;0.999922013000039;0.9999232199244109;0.9999977126237132;0.9999976874599223;0.9999882866831181;0.999986782536705;1.0;0.99992274224994;1.0002569278639826;1.0002792219113177;0.999984414130919;0.9999940483922277;0.9999937190285771;0.9998275170460884;0.9998456057706671;1.0;0.9999660756614677;0.999996099426338;1.0;0.9999198423532117;0.9999000254305778;0.9999999999999999;0.9998370849880653;0.9999999999999999;0.9999966556763992;0.9999835760792962;0.9999853318284473;1.0000175479994369;1.024999976158142;
2016-08-15 07:45:00;1.0;0.9999651847789209;0.9999750274199518;0.9999993402515273;1.0;1.0;1.0002908670250181;0.9999221804004039;0.9999999999999999;1.0;0.9999829147925511;0.9999806421055486;1.000051785562984;0.9999539390205958;0.9998840413744939;0.9998941538971339;0.9998960909656175;0.9999994639691594;0.9999994226599186;0.9999861397432975;0.9999932640248564;1.0;0.9998955441270854;1.0002743337137603;1.0002977641866813;0.99998798733997;0.9999946071687869;0.9999904193736925;0.9997931589995611;0.9998246275087206;1.0;0.999956082884678;0.9999907330921034;1.0;0.9999203075149844;0.9998708708706353;1.0;0.9998364162846619;1.0;0.9999920528454508;0.9999899458494225;0.9999775169706481;1.0000172149668092;1.024999976158142;
2016-08-15 08:00:00;1.0;0.9999474901600793;0.9999663700792277;0.9999991097311752;1.0;1.0;1.0003037398695225;0.999894883231142;1.0;0.9999999999999999;0.9999771659967716;0.9998490253912511;0.9999537659148501;0.9999366512097291;0.999840434427244;0.999855716386363;0.9998585219126326;0.9999995436138538;0.9999994581365745;0.9999821667936153;0.9999922291505012;1.0;0.9998577523443906;1.0002795836944003;1.000313727662521;0.9999851294334224;0.9999930786643961;0.9999868066392066;0.9998222396788787;0.9998383094819844;0.9999999999999999;0.9999548067611832;0.9999860156079565;1.0;0.9999182541206612;0.9998682933536864;1.0;0.9997898199782347;0.9999999999999999;0.9999880044762658;0.9999879808552791;0.9999706407511304;0.9999027757692096;1.024999976158142;
2016-08-15 08:15:00;1.0;0.9999235634286601;0.9999568583443341;0.9999988348535165;0.9999999999999999;1.0;1.0003136135480137;0.9998625823372023;1.0;0.9999999999999999;0.9999705473171651;0.9998402577978369;0.9999462102628668;0.9999156680992687;0.9997852917144552;0.9998074676927509;0.9998114494947777;0.999999240233137;0.9999991256018156;0.999977757687181;0.9999894640543369;0.9999999999999999;0.9998103494216204;1.0002881318382046;1.0003242603208815;0.9999807513605187;0.9999908815708959;0.9999824373460199;0.9998094545981778;0.999825662606982;1.0;0.9999404603700042;0.9999796608734627;1.0;0.9999114914676885;0.99982564872724;0.9999999999999999;0.9997386735694777;1.0;0.9999825596859189;0.9999840825571533;0.9999639455965866;0.9998930256250615;1.024999976158142;
2016-08-15 08:30:00;1.0;0.9999377967407026;0.9999641828508815;0.999999009206681;1.0;1.0;1.0003169642286323;0.9998853712705117;1.0;1.0;0.9999754539842759;0.9998525173657828;0.9999581093707625;0.9999299732524808;0.9998214824928776;0.9998395272196204;0.9998428095706797;0.9999993230336963;0.999999244480114;0.999981361082455;0.9999909982295224;0.9999999999999999;0.999841899183785;1.0002921499843735;1.0003272874991733;0.9999837191181521;0.9999923535399503;0.9999854261059955;0.9997370268056806;0.9997376489179909;1.0;0.9999415038853935;0.9999834491854852;1.0;0.9998420777184105;0.9998291132300384;1.0;0.9997767980193132;0.9999999999999999;0.9999858082869407;0.9999864699357239;0.9999698884703072;0.9999060744556668;1.024999976158142;
2016-08-15 08:45:00;1.0;0.999852094719306;0.9999258385728712;0.9999989714660004;1.0;1.0;1.0003363478323906;0.9997862671380793;1.0;1.0;0.9999523530590411;0.9997656647013445;0.9998882866101626;0.9998630430338286;0.999662212556973;0.9997050503505529;0.9997116460294373;0.9999997259399918;0.9999994542321229;0.9999649255866959;0.9999879634064512;1.0;0.999709892828033;1.0003055139552075;1.0003489916357935;0.9999743252444984;0.9999863002127862;0.9999714283325769;0.999769410882749;0.9997749779508052;0.9999999999999999;0.9999382956339287;0.9999606583849789;0.9999999999999999;0.9998709383215083;0.9998196618791659;1.0;0.999767706909721;1.0;0.9999662716524245;0.9999802886346333;0.9999395062332537;0.9998226327012493;1.024999976158142;
2016-08-15 09:00:00;1.0;0.9999493570817118;0.999924841428038;0.9999884519491465;1.0;1.0;1.000339391004042;0.9995591412851996;1.0;1.0;0.9999264231478887;0.9998663946324329;0.9999739733615152;0.9997683962018956;0.9993276598170164;0.9993423413944267;0.9993534897296706;0.9999993612595391;0.9999991183606135;0.9999496826626845;0.999971404177727;1.0;0.999350514104088;1.000308347089835;1.000354692853818;0.9999382379880317;0.9999786249503652;0.9999518014710773;0.9997585161090385;0.9997574213787928;1.0;0.9999297018120931;0.9999865256024405;1.0;0.9998563978572982;0.9997947496811366;1.0;0.9997902869954658;1.0;0.9999884463992484;0.9999528632246774;0.9999329123994726;0.9999218418389073;1.024999976158142;
2016-08-15 09:15:00;1.0;0.9999813703204818;0.9999770316483004;0.9999980489834989;1.0;0.9999999999999999;1.000307201532906;0.9999001243515084;1.0;0.9999999999999999;0.9999811029002232;0.9998734053896947;0.999976775305699;0.9999461044837648;0.9998523783029412;0.9998577920832805;0.9998601070865313;0.9999995436138537;0.9999995120775365;0.9999853844954468;0.999992051530218;1.0;0.9998594664751858;1.000283773825338;1.0003171528131614;0.9999846375670878;0.9999941878852958;0.9999887989837442;0.9997465533165838;0.9997453380804816;1.0;0.9999430449292034;0.9999950400272929;1.0;0.9998455740475473;0.9998338104007893;0.9999999999999999;0.999845563233572;1.0;0.999995746155455;0.9999876442402611;0.9999784329089852;0.9999287611575911;1.024999976158142;
2016-08-15 09:30:00;1.0;0.9999903298829305;0.9999867172264475;0.9999989550529791;1.0;1.0;1.00032566305341;0.9999440312078106;1.0;1.0;0.9999891828853916;0.9999192897280902;1.0000171836736655;0.9999699557491183;0.999918074232717;0.9999208861211735;0.9999221296207415;0.9999995957364665;0.9999995850781837;0.9999913237794271;0.9999948528858827;0.9999999999999999;0.9999217743563615;1.0003042151059458;1.0003345966426564;0.9999907558779993;0.9999965152945169;0.9999937610049507;0.9996868848498517;0.9996796519050318;1.0;0.9999196164053721;0.9999974244361299;1.0;0.9998052378605753;0.9997661888412366;1.0;0.9997580014287301;1.0;0.9999977909691188;0.9999922910336627;0.9999872863557265;0.9999722659569696;1.024999976158142;
2016-08-15 09:45:00;1.0;0.9999912690844381;0.9999776212987072;0.9999987316284648;1.0;1.0;1.0003129178617576;0.9999104783529282;0.9999999999999999;1.0;0.999980699199265;0.99982266244239;0.9999334770856338;0.9999532827876007;0.9998666248562473;0.9998691629846945;0.9998709181888287;0.9999955646608326;0.9999955150189088;0.9999804449778416;0.999974964674194;1.0;0.9998701457948475;1.000286550658143;1.0003247338881818;0.9999711905985171;0.9999896564228604;0.9999902831279937;0.9997273083415099;0.9997257714879735;0.9999999999999999;0.9999430086328824;0.9999976737798595;0.9999999999999999;0.999834137792841;0.9998344862583558;0.9999999999999999;0.9997446602728739;0.9999999999999999;0.9999980048597364;0.9999691912343156;0.9999777533003987;0.9998827848366937;1.024999976158142;
2016-08-15 10:00:00;1.0;0.9999905457373448;0.9999805428620634;0.9999995502014837;1.0;1.0;1.0003225742651372;0.9999344788317777;0.9999999999999999;1.0;0.9999841524766515;0.9998231765986536;0.9999353998583885;0.9999651960545858;0.9999020454818123;0.9999047903975372;0.99990597234353;0.9999951111996993;0.9999950677383866;0.9999822666948951;0.9999744455729134;1.0;0.9999053188542913;1.0002961327788782;1.0003343236094049;0.9999729591483256;0.9999901226006799;0.999992759595802;0.9996761472270899;0.9996537662246777;1.0;0.9999351718903465;0.9999974820617511;1.0;0.9997721691753825;0.9998118510034337;1.0;0.999762717452253;1.0;0.99999784075158;0.9999695325187465;0.9999805585108031;0.9998840215826836;1.024999976158142;
2016-08-15 10:15:00;1.0;0.9999914146481625;0.9999742402776046;0.999998858373697;1.0;0.9999999999999999;1.0003284731851299;0.9999014604782027;1.0;0.9999999999999999;0.9999776899128274;0.9998096180223123;0.9999234526861029;0.9999487746909769;0.9998520693166968;0.9998545693119035;0.9998564143412554;0.9999934688574899;0.9999933993175064;0.999975810024551;0.9999651430398434;0.9999999999999999;0.9998554714083697;1.0003004480616033;1.000341369475106;0.999962245640666;0.9999864837643944;0.9999893386091433;0.9996524273805069;0.999634526806598;1.0;0.9999331736026766;0.9999977109187709;1.0;0.9997640159563093;0.9998058521015962;0.9999999999999999;0.9997695734828921;0.9999999999999999;0.9999980363185821;0.9999580841068966;0.9999741831573912;0.9998714045400988;1.024999976158142;
2016-08-15 10:30:00;1.0;0.9999914137698928;0.9999679593341247;0.9999986402016338;1.0;1.0;1.0003300895849139;0.999878909744011;1.0;1.0;0.9999723023109617;0.9998128658855165;0.9999228702396331;0.9999374419843221;0.999819433235804;0.9998219299037692;0.99982410775843;0.9999917083844154;0.9999916085134448;0.9999695348325964;0.9999559154272907;1.0;0.9998229539254232;1.0003018016301064;1.0003435157135567;0.9999524480947967;0.9999830152064192;0.9999869708059842;0.9996606890728925;0.9996444196390224;1.0;0.999926535698579;0.9999977107183323;1.0;0.9997712750957214;0.9997854658891681;1.0;0.999829791271453;0.9999999999999999;0.9999980364406211;0.999947066702451;0.9999674997697137;0.9998725541058562;1.024999976158142;
2016-08-15 10:45:00;1.0;0.9999904745678492;0.9999708542847636;0.9999986349428878;1.0;1.0;1.0003308648793796;0.9998874476091831;1.0;1.0;0.9999747442643399;0.9998554810385433;0.9999573068867809;0.999941542803314;0.9998314563946478;0.9998342266983551;0.999836338616537;0.9999928587096899;0.9999927659714889;0.9999728715204516;0.9999616131912775;1.0;0.9998352827547186;1.0003048510628811;1.0003431354260988;0.9999580286907777;0.9999849783552054;0.9999878246378986;0.9996375586515314;0.9996202320331656;1.0;0.9999326815856545;0.9999974607216418;0.9999999999999999;0.9997542333590617;0.9998038052704203;1.0;0.9998042108650332;1.0;0.9999978219777587;0.9999536668635295;0.999970761683231;0.9999106219323595;1.024999976158142;
2016-08-15 11:00:00;1.0;0.9999870793692959;0.9999756871780371;0.9999988691790578;0.9999999999999999;1.0;1.0003208769288194;0.99990741774226;1.0;0.9999999999999999;0.9999795453095267;0.9998556859937793;0.9999588607788668;0.9999508983148756;0.999860877832894;0.9998646376004264;0.9998664985861018;0.9999950420273472;0.9999949766117416;0.9999790345290296;0.9999725744018592;1.0;0.9998656617439837;1.0002957680247366;1.0003322657758338;0.9999690653421366;0.9999887513527032;0.9999897796399619;0.9996874940150535;0.999671681988347;1.0;0.9999317289097612;0.999996557137557;1.0;0.9997873425490119;0.9998004411428915;1.0;0.9998076383028583;1.0;0.9999970468055093;0.9999665036504249;0.9999761983136752;0.9999113298514948;1.024999976158142;
2016-08-15 11:15:00;0.9999999999999999;0.9999870041360739;0.9999709243209057;0.9999981379269783;1.0;1.0;1.0003284473860095;0.9998803211704643;1.0;1.0;0.9999749491974878;0.9998771049044997;0.9999769101517487;0.999937281241618;0.9998218319316403;0.999825600808631;0.9998280329605522;0.9999951172157191;0.9999950449046925;0.9999756776406217;0.9999711830728018;0.9999999999999999;0.9998270512451118;1.000303646680374;1.0003398691496799;0.999965386371557;0.9999875441537176;0.9999869491538701;0.999666990354115;0.9996472610451693;1.0;0.9999233914738253;0.9999965403208101;1.0;0.9997700913262899;0.9997760051080864;1.0;0.9998241361584983;1.0;0.9999970335203859;0.9999639342811376;0.9999713662567983;0.9999308999791136;1.024999976158142;
2016-08-15 11:30:00;0.9999999999999999;0.9999875828367067;0.9999671255504485;0.9999979347087781;0.9999999999999999;0.9999999999999999;1.0003421694675467;0.999866635080632;0.9999999999999999;1.0;0.9999718823200648;0.9998722705478126;0.9999757797721407;0.9999305144640049;0.9998035813190571;0.9998071847784389;0.9998097918493289;0.9999946529904391;0.9999945608249914;0.999972498734293;0.9999681678826116;1.0;0.9998087316110227;1.0003162552687586;1.000354183343303;0.9999614776471055;0.9999861669030756;0.9999855329493476;0.9996564222411447;0.9996395264472224;1.0;0.9999124087693332;0.9999966933079038;1.0;0.9997715898210368;0.9997445582797776;0.9999999999999999;0.9997919731026116;0.9999999999999999;0.9999971644646911;0.999960042268644;0.9999671405018039;0.9999281349551471;1.024999976158142;
2016-08-15 11:45:00;1.0;0.9999938706645959;0.9999808861514636;0.9999986145739311;1.0;1.0;1.0003343535519542;0.999919692124713;1.0;1.0;0.9999836033054816;0.9999066853122738;1.0000062403166228;0.9999584335861605;0.9998831037433104;0.9998848880320377;0.9998864494387822;0.9999975578193648;0.9999975240295891;0.9999846234948756;0.9999842489569354;1.0;0.9998858677250979;1.0003113933269623;1.0003444070341239;0.9999795622336679;0.9999926853015388;0.999991358354056;0.9996430146688982;0.9996224530770073;0.9999999999999999;0.9999207916066651;0.9999983659701216;1.0;0.9997573223719836;0.9997698852073119;1.0;0.9997989592560503;1.0;0.9999985983188241;0.9999796545559186;0.9999807297559248;0.9999608172214045;1.024999976158142;
2016-08-15 12:00:00;1.0;0.9999958208736146;0.9999822497083225;0.9999980018231321;1.0;1.0;1.0003285263265895;0.9999093497448587;1.0;1.0;0.9999830629388822;0.9998956137013434;0.9999968922617318;0.999953634788991;0.9998645052157711;0.9998657199794666;0.9998676741537521;0.9999977110593877;0.999997683491509;0.9999852163214333;0.9999844060101182;0.9999999999999999;0.9998669999291264;1.000304989554956;1.0003389238456983;0.9999789198714215;0.9999927041926857;0.9999903666932614;0.9996389804057058;0.9996071460110817;1.0;0.9999244247349601;0.9999988859260068;1.0;0.9997360586323288;0.9997802013675671;1.0;0.9997633264465006;1.0;0.999999044507777;0.9999795083577631;0.9999826099389035;0.9999508261606532;1.024999976158142;
2016-08-15 12:15:00;1.0;0.9999958928824687;0.9999684498940333;0.9999965429597573;1.0;1.0;1.0003423233184385;0.9998385221145899;1.0;1.0;0.9999692133369578;0.9998228399937729;0.9999388260816344;0.999918064823661;0.9997572224639735;0.9997584147744277;0.9997618217646994;0.9999944064832913;0.9999943288878501;0.9999716265476033;0.9999654569436852;0.9999999999999999;0.9997605339682661;1.0003131287105382;1.0003560361225572;0.999956822971603;0.9999851451487098;0.9999829600189404;0.9996070384769855;0.9995818301699844;1.0;0.9999202233808397;0.9999989047980828;0.9999999999999999;0.9997282207864409;0.9997685229579005;1.0;0.9998417512480938;1.0;0.999999060802634;0.9999560751220038;0.9999688215293234;0.9998861178478794;1.024999976158142;
2016-08-15 12:30:00;1.0;0.9999973379070008;0.9999546434545149;0.9999969308182465;1.0;1.0;1.0003466558292713;0.9998043608186548;0.9999999999999999;0.9999999999999999;0.9999580009873654;0.9998470111338814;0.9999461668371493;0.999901159390762;0.9997076714603406;0.9997084438844636;0.9997120556718224;0.99998810020913;0.9999879070813491;0.9999552105639309;0.9999352676423859;0.9999999999999999;0.9997102720074333;1.000317900050693;1.0003614362194417;0.9999283889263968;0.999974990851206;0.9999793897145419;0.9995929795494692;0.9995763893944729;1.0;0.9999253806950967;0.9999992863793394;1.0;0.9997283821844112;0.9997822968830995;1.0;0.9998593126387872;1.0;0.9999993879701752;0.9999215327397385;0.9999536026772874;0.9999011658938975;1.024999976158142;
2016-08-15 12:45:00;0.9999999999999999;0.9999937962538387;0.9999620840998873;0.9999990749634513;1.0;1.0;1.0003562705919253;0.9998714834464416;1.0;1.0;0.9999682369726758;0.9998421755994665;0.9999467099252077;0.9999341684885161;0.9998117873524767;0.9998135840287606;0.9998155464173114;0.999989095720256;0.9999889248097704;0.9999625827118581;0.9999436799674535;1.0;0.9998142660774161;1.0003280781871087;1.000370106337322;0.9999412527547105;0.999978970337959;0.9999862500608989;0.9996238139253713;0.999613801466119;1.0;0.9999024929341714;0.9999983445017181;1.0;0.9997634114495276;0.9997155130879697;0.9999999999999999;0.9997183154492165;1.0;0.9999985806135704;0.9999331930575309;0.9999603959190195;0.999899033370448;1.024999976158142;
2016-08-15 13:00:00;1.0;0.999994231165436;0.999970459585022;0.9999992166913929;1.0;0.9999999999999999;1.0003440171919022;0.9999025554221176;1.0;1.0;0.9999763876176982;0.9999381383748336;1.000024995506928;0.9999498837163238;0.9998621579217671;0.999863833917218;0.9998652573165244;0.9999936891981623;0.9999936010688492;0.9999735012378113;0.9999658101823078;1.0;0.9998644406722571;1.000322013885286;1.0003543649678672;0.9999623173854598;0.9999863617039477;0.9999895547342524;0.999601998025151;0.9995903490272974;1.0;0.9999140125418244;0.9999984612293038;1.0;0.9997440886596486;0.9997490879261379;1.0;0.9997135043135322;1.0;0.9999986802911157;0.9999586088871417;0.9999687961845634;0.9999853374820771;1.024999976158142;
2016-08-15 13:15:00;0.9999999999999999;0.999997050301687;0.9999744141675146;0.9999984574937232;1.0;1.0;1.000341626239183;0.9998962655744296;0.9999999999999999;1.0;0.9999775531088306;0.9998607919309039;0.9999681576571489;0.9999472949259536;0.9998486579819436;0.9998495196891471;0.9998513483504496;0.9999946529904391;0.9999945877532561;0.9999765938408335;0.9999698530220005;1.0;0.999850492737722;1.0003155155473897;1.0003535973670015;0.999965344324738;0.9999877602896162;0.9999890313263;0.9995980917273048;0.9995727817514576;1.0;0.9999223576010843;0.999999211137461;1.0;0.9997218644592076;0.9997747942791885;1.0;0.9997321433463282;0.9999999999999999;0.9999993230136608;0.9999629140668609;0.9999735186093517;0.9999194246074767;1.024999976158142;
2016-08-15 13:30:00;1.0;0.9999963269051838;0.9999786003320761;0.9999984792183635;1.0;1.0;1.0003269125302436;0.9999093010133875;0.9999999999999999;1.0;0.9999811219941861;0.9999320901551235;1.000021365866902;0.9999537063145886;0.9998675226826246;0.999868591108006;0.9998702808287937;0.9999962801434492;0.9999962376324619;0.9999813239084181;0.9999779052847718;1.0;0.9998695758107071;1.0003054064509527;1.0003366868080619;0.9999732919437838;0.9999905698235991;0.9999903737352601;0.9996388866576592;0.9996249441509447;0.9999999999999999;0.9999194435775208;0.9999990200451487;0.9999999999999999;0.999761280711483;0.9997642462284931;1.0;0.9998106372676016;1.0;0.9999991594586688;0.9999722778623307;0.9999781048769567;0.9999807597847283;1.024999976158142;
2016-08-15 13:45:00;1.0;0.9999961813696184;0.9999843416049342;0.9999990382376641;1.0;1.0;1.0003260370244103;0.9999376462295931;1.0;1.0;0.9999867806875491;1.0000003773161108;1.00007540268319;0.9999679217028804;0.9999102072733013;0.9999113138320582;0.9999124403435886;0.9999976743937302;0.9999976524892479;0.9999869865606841;0.9999858121646206;0.9999999999999999;0.9999119811308235;1.000308551338381;1.000333771012458;0.9999824290876765;0.9999937072596123;0.9999933342803488;0.9996178460608602;0.9995962292086893;1.0;0.9999172050764542;0.9999989826857786;1.0;0.9997364931245838;0.9997575909242384;1.0;0.9997971703907192;1.0;0.9999991278087328;0.9999820239876314;0.9999839050141086;1.0000412284049487;1.024999976158142;
2016-08-15 14:00:00;1.0;0.9999943749650518;0.9999848096081638;0.9999990785521841;1.0;1.0;1.0003257886148667;0.9999393830479371;1.0;0.9999999999999999;0.9999872104383668;1.000047359034792;1.0001107225966193;0.9999684325252824;0.9999115788758953;0.9999132103645929;0.9999143700162044;0.999997755601985;0.999997734673804;0.9999875786403436;0.9999863515142797;1.0;0.9999139077841923;1.0003107321440117;1.000332521646464;0.9999831457197645;0.99999391808026;0.9999934408949591;0.9996395893155678;0.9996205655154481;1.0;0.999909552632969;0.9999985019432099;0.9999999999999999;0.9997544477720935;0.9997344544980226;0.9999999999999999;0.999795665525749;1.0;0.9999987155104257;0.9999827276956631;0.9999847035800177;1.000081693837087;1.024999976158142;
2016-08-15 14:15:00;1.0;0.9999936524570197;0.9999845725861185;0.9999993118952506;1.0;1.0;1.000332045395238;0.9999435061236682;0.9999999999999999;1.0;0.999987470173725;1.0000660802387382;1.0001258433145712;0.9999703585257743;0.999918131292892;0.9999199727499481;0.9999210007286509;0.9999975043732091;0.9999974831548316;0.9999873073819326;0.9999854788822992;1.0;0.9999205554982221;1.0003177171397342;1.0003384847826895;0.9999827798858321;0.9999937120051426;0.9999938407380372;0.9996175078796651;0.9995803591826748;1.0;0.9999129482283673;0.9999983096172395;1.0;0.9997144166934668;0.9997454457601616;1.0;0.9998126112773525;1.0;0.999998550565072;0.9999819189539091;0.9999843682820475;1.0000983917537276;1.024999976158142;
2016-08-15 14:30:00;1.0;0.9999956035471145;0.9999829751045476;0.9999993323280763;0.9999999999999999;1.0;1.0003325023578813;0.9999400932610888;1.0;1.0;0.9999863272692345;1.000100455982508;1.000151395637209;0.9999690328196406;0.9999151537138349;0.9999164288904904;0.9999173962639196;0.999997136538007;0.9999971095519807;0.9999856582002072;0.9999835368024255;1.0;0.9999169411781315;1.0003198847794903;1.0003383288800807;0.9999806823114545;0.9999929825110353;0.9999935623506919;0.9996357903500995;0.9996146214931011;1.0;0.9999225540517463;0.9999988285535484;1.0;0.99975020852261;0.9997745529002066;0.9999999999999999;0.9998150918878792;0.9999999999999999;0.9999989955517137;0.9999795830884902;0.9999822284141207;1.0001280673350077;1.024999976158142;
2016-08-15 14:45:00;1.0;0.9999971220957454;0.9999841023003448;0.9999993610504534;1.0;1.0;1.0003359660880529;0.999942948142031;1.0;0.9999999999999999;0.9999868963204074;1.0001040684080669;1.0001545545531323;0.9999707670628749;0.9999184729309606;0.9999193124347286;0.9999202250289021;0.9999968287064513;0.9999968017270653;0.9999858942101829;0.9999823449104618;1.0;0.9999197627615671;1.0003233434203984;1.0003418536186532;0.9999799677594132;0.9999928005844501;0.9999939227353577;0.9996431702234603;0.9996175684620857;1.0;0.9999160951875522;0.9999992313551842;1.0;0.9997498183083287;0.999755765423031;1.0;0.9998282324625128;1.0;0.9999993404986687;0.9999783918904506;0.9999833467193091;1.000131535286526;1.024999976158142;
2016-08-15 15:00:00;1.0;0.9999945908091495;0.9999854879619762;0.9999991859702936;1.0;1.0;1.0003240468243022;0.9999441276395743;1.0;1.0;0.999988061651096;1.0001008621606613;1.000151273768759;0.9999708625473379;0.9999194596582734;0.9999210242319896;0.999922059506296;0.9999980621053682;0.9999980450569698;0.9999884100976025;0.9999879501523468;1.0;0.9999216514604595;1.0003119109702763;1.0003295182097183;0.9999848497589303;0.9999944975448628;0.999993947059685;0.9996369330715462;0.9996214005486226;0.9999999999999999;0.999917220248028;0.9999985605294784;1.0;0.9997572194626355;0.9997572955745012;1.0;0.9998350625621342;1.0;0.9999987661409794;0.9999846411600148;0.9999852639577909;1.000128115014665;1.024999976158142;
2016-08-15 15:15:00;1.0;0.9999946643405021;0.9999834762917376;0.9999996586386241;1.0;1.0;1.0003305293313525;0.9999484727257976;1.0;1.0;0.9999873939172695;1.0001013007494541;1.000151441708497;0.9999730532800988;0.9999282180439855;0.9999297668692317;0.9999305157400662;0.9999971137405601;0.9999970892624458;0.9999861973625576;0.9999839097110652;0.9999999999999999;0.999930116496811;1.0003182273025197;1.0003361572389708;0.9999817316673368;0.9999932566934319;0.9999943981040217;0.9996220920648355;0.9995873488372503;1.0;0.9999114514821371;0.9999985784676507;1.0;0.9997201014331175;0.9997405013408944;1.0;0.9998377510213016;1.0;0.999998781008766;0.9999803037029037;0.9999826382771425;1.0001284090451172;1.024999976158142;
2016-08-15 15:30:00;1.0;0.9999930737470606;0.9999760765497424;0.9999993332119286;1.0;0.9999999999999999;1.0003389695197418;0.9999173723492828;1.0;1.0;0.9999801634272963;1.0000899743870038;1.0001384677675986;0.9999571126120809;0.9998784822015803;0.9998804889470233;0.999881861102996;0.9999938628475261;0.9999938134379526;0.9999775321014541;0.9999677169831475;1.0;0.9998810700971539;1.0003250433378044;1.0003460172101803;0.9999656540628921;0.999987616278492;0.9999910798559128;0.999639318418574;0.9996062454123561;1.0;0.9999055174897823;0.9999981556548159;1.0;0.9997360586323287;0.9997235956068448;1.0;0.9997814576203269;0.9999999999999999;0.9999984187574429;0.9999614431838856;0.9999754368741139;1.0001160703890162;1.024999976158142;
2016-08-15 15:45:00;1.0;0.9999937236121705;0.9999788756990154;0.9999990669524242;0.9999999999999999;1.0;1.0003280458056887;0.9999220399836212;1.0;1.0;0.9999824892142759;1.0001388996085598;1.0001767598481992;0.9999595924605327;0.9998869223177134;0.999888738135383;0.9998900998876182;0.9999959586818483;0.9999959251697906;0.9999816449478857;0.9999772479927519;1.0;0.9998894585490151;1.0003173013551283;1.0003334347571413;0.9999739309415743;0.9999905968977997;0.9999916011009528;0.9996403043652343;0.9996056387232692;1.0;0.999926971737141;0.9999983295686272;1.0;0.9997304852052609;0.9997869925492303;1.0;0.9997785382301075;1.0;0.9999985681145878;0.9999720545599984;0.9999783343828879;1.0001592140306876;1.024999976158142;
2016-08-15 16:00:00;1.0;0.9999922074425773;0.9999816587750834;0.9999992852532974;0.9999999999999999;0.9999999999999999;1.0003266070640675;0.999937250556484;1.0;1.0;0.999985896348135;1.000148975710487;1.0001876847242526;0.9999669250884433;0.9999120627005617;0.9999143240596121;0.9999153861546333;0.9999979395154076;0.9999979136406981;0.9999860478331544;0.9999868953285503;1.0;0.9999149624638743;1.0003168185279412;1.000331139018098;0.9999832200544108;0.9999937529765606;0.9999931243100539;0.9996394910945172;0.9996027069209261;1.0;0.9999274645184361;0.9999979249676963;1.0;0.9997260480455287;0.999788112426685;1.0;0.999743972396315;1.0;0.9999982206766103;0.9999831699077742;0.9999811023478495;1.0001696488607834;1.024999976158142;
2016-08-15 16:15:00;1.0;0.9999911227077461;0.9999839504912033;0.9999995412340082;1.0;1.0;1.0003210302650838;0.9999470133423978;1.0;0.9999999999999999;0.9999876332321456;1.0001357975760605;1.0001754333877322;0.9999716148595531;0.9999236752882955;0.9999262483926623;0.9999271923454804;0.999997496759978;0.9999974738524688;0.9999872416681126;0.9999856601706267;1.0;0.9999267686702827;1.0003109299794495;1.0003257214449737;0.9999832645832265;0.99999374924229;0.9999941003730642;0.9996414053607895;0.999610023940367;1.0;0.9999201136745056;0.9999976371966053;1.0;0.999734050247134;0.999765190987006;1.0;0.9998164264016258;1.0;0.9999979741952717;0.9999822579543975;0.999983829648938;1.0001569041824614;1.024999976158142;
2016-08-15 16:30:00;1.0;0.999994013839906;0.9999860333652765;0.9999994506448892;1.0;0.9999999999999999;1.0003139118135365;0.9999518713021635;0.9999999999999999;1.0;0.999989192426723;1.0001385966349703;1.0001777411349808;0.9999746324229694;0.9999322236099649;0.9999339600752997;0.9999347837185871;0.9999983392925227;0.9999983217928909;0.9999892764902105;0.9999896249674678;0.9999999999999999;0.9999344507420471;1.00030439890347;1.000318209524879;0.9999868801508158;0.9999951226842133;0.999994728568411;0.9996548808238687;0.9996295597801073;1.0;0.9999207797744013;0.999998405865623;1.0;0.9997499797903417;0.9997664356770727;1.0;0.9999126245091498;1.0;0.9999986331124205;0.9999867409963076;0.9999856485496968;1.0001596338287346;1.024999976158142;
2016-08-15 16:45:00;1.0;0.9999950992047157;0.9999824308358496;0.9999992233750822;0.9999999999999999;0.9999999999999999;1.0003166910679304;0.9999365670381608;1.0;1.0;0.9999858072858442;1.0001482588536728;1.000183702623612;0.9999671558173278;0.9999098614817361;0.9999112895137114;0.9999123525856967;0.9999972531115916;0.9999972245941978;0.9999854341850881;0.9999838246703399;1.0;0.9999118805149988;1.0003072704334695;1.0003212363327085;0.9999806168669045;0.9999929658379818;0.9999931716022846;0.999660212765829;0.9996284744485506;1.0;0.9999203791063714;0.9999986927743967;0.9999999999999999;0.9997439577628585;0.9997654197606483;1.0;0.9999318556989684;1.0;0.9999988785321868;0.9999797767053755;0.9999817646076978;1.0001673416322678;1.024999976158142;
2016-08-15 17:00:00;1.0;0.999995387695737;0.9999858108937206;0.9999990645759841;1.0;1.0;1.0003025781695143;0.9999424886863263;0.9999999999999999;1.0;0.9999880729581289;1.0002021123385052;1.0002227463105433;0.9999701929078997;0.9999169388729867;0.9999182809801375;0.9999193680483406;0.9999982336944874;0.9999982172262144;0.9999886907305342;0.9999886093918687;0.9999999999999999;0.9999189584165693;1.0002966656109313;1.0003055460014283;0.9999852502567524;0.9999946912136658;0.9999938082295496;0.9996538241149949;0.9996233139798566;1.0;0.9999399948584416;0.9999987703583432;1.0;0.9997376015898316;0.9998233070686992;0.9999999999999999;0.9999772038838917;0.9999999999999999;0.9999989452677612;0.9999853040738269;0.9999855943705039;1.0002130995623308;1.024999976158142;
2016-08-15 17:15:00;1.0;0.9999987120301;0.9999862230921884;0.999999249162935;1.0;1.0;1.00029240810215;0.9999467061998257;0.9999999999999999;1.0;0.999988319591552;1.000200762947379;1.0002182118333331;0.9999729749048121;0.9999239304855296;0.9999243086674947;0.999925187280605;0.9999974951961891;0.9999974761826969;0.9999878573926216;0.9999855252763756;1.0;0.9999247806737288;1.000286978664596;1.0002952959020055;0.9999829488253071;0.9999939404792594;0.9999943849181255;0.9996601921687792;0.9996295355242081;0.9999999999999999;0.9999439980461544;0.9999996544873669;1.0;0.9997387129556693;0.9998340462598525;1.0;0.9999718060640131;1.0;0.9999997033291771;0.9999820245316883;0.9999855056852508;1.000210234931253;1.024999976158142;
2016-08-15 17:30:00;0.9999999999999999;0.9999976281282908;0.9999881435779572;0.9999996688779117;1.0;1.0;1.0002843355395108;0.9999612931713754;0.9999999999999999;1.0;0.9999907381332683;1.0001801258342706;1.0002014052181323;0.9999800845622673;0.9999463014410741;0.9999469946145542;0.999947544883989;0.9999979119931263;0.9999978972590496;0.9999898999427915;0.9999882399969505;1.0;0.9999472538161059;1.000278545040749;1.000287180314949;0.9999865077722319;0.9999950823714923;0.9999958622294834;0.9996839795575709;0.9996612139060705;1.0;0.9999454011184705;0.9999993660820029;1.0;0.9997648962235394;0.9998377320369568;1.0;0.9999797452538719;0.9999999999999999;0.9999994559858466;0.9999855470307137;0.9999873898101275;1.0001916217750426;1.024999976158142;
2016-08-15 17:45:00;1.0;0.9999956043931858;0.9999819998003763;0.9999990685619453;1.0;1.0;1.0002965917168962;0.9999315842006147;0.9999999999999999;1.0;0.9999850281293848;1.0001861479390401;1.0002068910733992;0.9999647563864822;0.9999017320464377;0.999903010462731;0.9999041994745536;0.9999970063396856;0.9999969764491966;0.9999847439887308;0.9999824675947012;1.0;0.9999036769953451;1.0002900158024692;1.000300085311947;0.9999790712370348;0.9999924730964336;0.9999926733798473;0.9996769115622666;0.9996399516520332;1.0;0.9999322832870814;0.9999988278798506;0.9999999999999999;0.9997405541451718;0.9997987984622471;1.0;0.9999876845582998;1.0;0.9999989946555355;0.9999781104975753;0.9999814009910292;1.0001972102000958;1.024999976158142;
2016-08-15 18:00:00;1.0;0.9999924238797344;0.9999789763775974;0.9999990503504448;1.0;1.0;1.000287419760838;0.9999234050236766;1.0;1.0;0.9999830005414075;1.0001762260160185;1.0001963143478043;0.9999600122232167;0.9998900755209662;0.9998922732354765;0.9998936228911596;0.9999967626912352;0.9999967247224463;0.9999827822499461;0.999980901702373;1.0;0.9998930410996634;1.0002807403612468;1.00029101042115;0.9999770497467632;0.9999916328918721;0.9999916841681278;0.999732981544882;0.9997005742608284;1.0;0.9999425533701943;0.9999979824478229;1.0;0.9997820105838072;0.9998290927445188;1.0;0.999978951299144;1.0;0.9999982700283676;0.9999760918050797;0.9999784786291873;1.0001867098404371;1.024999976158142;
2016-08-15 18:15:00;1.0;0.9999954605891704;0.9999834518491919;0.9999992235691891;1.0;1.0;1.0002838451566525;0.9999393197008025;1.0;1.0;0.9999865488654072;1.000201554255654;1.0002162369049394;0.9999686108194612;0.9999136165221536;0.9999149395437286;0.9999159695290127;0.9999974506583054;0.9999974231717053;0.9999863001124043;0.999984892799092;1.0;0.999915520006027;1.0002788492894168;1.0002865738688738;0.9999817683324994;0.9999933934541472;0.9999934739534053;0.9997238718566911;0.9996825845746495;1.0;0.9999464248448847;0.9999987889584233;0.9999999999999999;0.9997620492725053;0.9998406082841375;0.9999999999999999;0.9999884785248685;1.0;0.9999989610224302;0.999981055990159;0.9999828486683202;1.000209284596133;1.024999976158142;
2016-08-15 18:30:00;0.9999999999999999;0.9999983506433139;0.9999786183055459;0.9999986762626976;1.0;1.0;1.0002880571477812;0.9999145334640125;1.0;0.9999999999999999;0.9999817005402136;1.0002007755267457;1.0002149967763256;0.9999567376287104;0.9998780798903285;0.9998785630671047;0.9998800041887164;0.999996444119333;0.9999964034045065;0.9999814253853148;0.9999788071856452;1.0;0.9998793760198817;1.0002823935690026;1.000291396738455;0.9999743188789247;0.9999909142279441;0.9999910029734989;0.9997606312179732;0.9996984968992191;0.9999999999999999;0.9999389836525011;0.9999995579132562;1.0;0.999755016046245;0.9998184223102603;1.0;0.9999912732606052;0.9999999999999999;0.9999996204948232;0.9999733847216563;0.9999775210406538;1.0002084536190181;1.024999976158142;
2016-08-15 18:45:00;0.9999999999999999;0.9999987120300998;0.9999785951209712;0.9999985136059996;0.9999999999999999;1.0;1.0002972545585382;0.9999102672480212;1.0;1.0;0.9999811472715893;1.000209770220403;1.0002235800631594;0.9999546688045184;0.9998704228516672;0.999870801013395;0.9998723802990055;0.9999961960468496;0.9999961574798671;0.999981005863527;0.9999774872987838;0.9999999999999999;0.9998716984176093;1.0002914593323868;1.0003007385932199;0.9999729090427791;0.999990483622252;0.9999905756791746;0.9997468560875984;0.9996752121537147;1.0;0.9999458923595338;0.999999654193151;1.0;0.9997338078290625;0.9998406279427903;1.0;0.9999912732606053;1.0;0.999999703069693;0.9999718086341848;0.9999776735935317;1.0002172479372315;1.024999976158142;
2016-08-15 19:00:00;1.0;0.9999962540093678;0.9999807369669086;0.9999990326592358;0.9999999999999999;1.0;1.0002822787560388;0.9999268652291661;1.0;1.0;0.9999837985884114;1.000206134497788;1.0002173028204449;0.9999625161850337;0.9998946322915601;0.9998957198268759;0.9998969668030178;0.9999963796962437;0.9999963435266661;0.9999831027551541;0.9999793898898708;1.0;0.9998963851535484;1.0002773573301693;1.0002852505744009;0.9999760598406153;0.9999914319994547;0.9999922055684223;0.9997438691858191;0.9996971947216131;1.0;0.9999546917235054;0.9999990011842806;1.0;0.9997661663507459;0.9998653699936643;1.0;0.9999912732606053;1.0;0.9999991434738891;0.9999745423973305;0.999980009501202;1.0002119951574677;1.024999976158142;
2016-08-15 19:15:00;1.0;0.9999917013741104;0.9999807293467547;0.9999993663549138;1.0;1.0;1.0002920801260056;0.9999341338632215;1.0;1.0;0.9999847237939917;1.0002165400666916;1.0002275172855613;0.9999652567995131;0.9999050173912463;0.9999074250935204;0.9999085664009696;0.9999966049998554;0.9999965698734842;0.9999839545614617;0.999980893110295;1.0;0.9999080283243714;1.0002873700329544;1.000294840289969;0.9999780777981759;0.9999919418134205;0.9999927746595293;0.9997388975479949;0.9996678720065263;1.0;0.9999421425722484;0.999997790234393;1.0;0.9997281010125133;0.9998283183617174;0.9999999999999999;0.999990860432545;1.0;0.9999981051828787;0.9999765134833434;0.9999803701292664;1.0002219806442583;1.024999976158142;
2016-08-15 19:30:00;1.0;0.9999947378205021;0.9999723626422254;0.9999994019044683;1.0;1.0;1.00029900866254;0.9999088541374086;0.9999999999999999;1.0;0.9999773706573951;1.0001954750122513;1.0002060707563285;0.999953145569666;0.9998680808029349;0.9998696137864052;0.9998709682865591;0.999992659606349;0.9999925682943624;0.9999735646592778;0.9999617675802432;1.0;0.9998700975711786;1.0002924087002478;1.000303354859499;0.9999597118260287;0.9999854945871096;0.9999902318327457;0.9997551162024028;0.9996807934718135;1.0;0.9999414787464005;0.9999985948253198;0.9999999999999999;0.9997335405933833;0.9998262449922496;1.0;0.9999908604325449;1.0;0.9999987944842402;0.999954481824733;0.9999710279804297;1.0002009154752367;1.024999976158142;
2016-08-15 19:45:00;1.0;0.9999979886700391;0.9999665105055535;0.9999994423952745;1.0;1.0;1.0002909305251229;0.9998979885781379;1.0;1.0;0.9999739857633372;1.0001916293915205;1.000201811814179;0.9999483352904405;0.9998608444873753;0.9998614293345138;0.9998626058764389;0.9999927853524584;0.9999926798910006;0.9999695962056351;0.999961209561449;1.0;0.9998617907654853;1.000284614310112;1.0002951252419934;0.9999576505335104;0.9999846829043133;0.9999892221569695;0.9998325943880247;0.999743092511992;1.0;0.9999456276902144;0.9999994605858672;1.0;0.9997597541711197;0.9998383004545787;1.0;0.999990860432545;1.0;0.9999995372884266;0.9999532103475789;0.9999635002846169;1.0001970698335882;1.024999976158142;
2016-08-15 20:00:00;1.0;0.999998350643314;0.9999686435679748;0.9999993504900709;0.9999999999999999;1.0;1.0002865182076128;0.9999048668015427;1.0;1.0;0.9999762612502028;1.0002014723782287;1.0002120644782357;0.9999518678960346;0.999873821202438;0.9998743043771562;0.9998753553859249;0.9999947986493483;0.9999947192205564;0.9999732909849429;0.9999704469649046;1.0;0.9998747144180011;1.0002811387373438;1.000289931954804;0.9999658214863776;0.9999875580973553;0.9999899683685788;0.9998776592662694;0.9997515771887213;0.9999999999999999;0.9999508830400667;0.9999995568678354;1.0;0.9997336128381208;0.999854382817756;1.0;0.9999908604325447;1.0;0.9999996195709075;0.9999635619171964;0.9999655072185669;1.0002071616198618;1.024999976158142;
2016-08-15 20:15:00;1.0;0.9999987120301003;0.9999806930486854;0.9999991196281813;1.0;1.0;1.0002742403459428;0.9999317195808601;1.0;0.9999999999999999;0.9999846602315924;1.0002135071399898;1.0002233711751787;0.9999654431185339;0.9999069354576628;0.9999073136332004;0.9999082886831082;0.9999975135174729;0.9999974818732547;0.9999842150832806;0.9999844603711565;1.0;0.99990785801079;1.0002703209287493;1.0002765482312137;0.9999803768373189;0.9999929328019599;0.9999928131920793;0.9999033251607581;0.9997797661586623;1.0;0.9999493399384236;0.9999996542368984;1.0;0.9997537596798167;0.9998494798424695;1.0;0.9999916544037752;1.0;0.9999997031083039;0.9999801552785726;0.9999791343626085;1.0002188224705593;1.024999976158142;
2016-08-15 20:30:00;1.0;0.9999934374864807;0.9999769742466552;0.9999997097567134;1.0;1.0;1.0002750180346829;0.9999319640666091;1.0;1.0;0.9999826414453069;1.0001952353293566;1.0002055037382374;0.9999645020645068;0.9999060621766762;0.9999079737847767;0.9999088697700151;0.9999955693809626;0.9999955159089216;0.9999802715716133;0.9999759320840212;1.0;0.9999083235808042;1.0002701653254653;1.0002779734029805;0.9999734395225476;0.9999902063524146;0.9999926069369715;0.9998761121978008;0.9997680407834287;1.0;0.9999611218942314;0.9999982496645535;1.0;0.9997585035342038;0.99988466438331;1.0;0.9999916544037751;1.0;0.999998498429551;0.9999708546476747;0.9999755670048028;1.0002004059783847;1.024999976158142;
2016-08-15 20:45:00;1.0;0.9999929308349164;0.9999776937145611;0.9999993644162388;1.0;0.9999999999999999;1.0002705893478943;0.9999284790062667;0.9999999999999999;1.0;0.9999830889710526;1.0002007280774314;1.0002111365579314;0.9999626563369836;0.9999015767821342;0.9999036314083675;0.9999046908915669;0.9999969605012439;0.9999969178209631;0.9999822721075315;0.9999818818518901;0.9999999999999999;0.9999041992511308;1.0002662257542436;1.000273134456165;0.9999780638004578;0.9999918770023442;0.9999922287048786;0.9999073552970187;0.9997913462129857;1.0;0.9999630640536227;0.9999981162230757;1.0;0.9997666871816194;0.9998904836322294;1.0;0.9999920672329303;1.0;0.9999983843747908;0.9999772545322781;0.9999764937419585;1.0002059413211135;1.024999976158142;
2016-08-15 21:00:00;1.0;0.9999971214679467;0.9999808898164831;0.9999991817016386;1.0;1.0;1.0002690579910292;0.9999331516519578;1.0;1.0;0.9999848973634146;1.000206956687341;1.0002168830439653;0.9999658463471394;0.9999080622283216;0.9999088984031435;0.9999098916855899;0.999997461394852;0.9999974288331527;0.999984462412383;0.9999843819468017;1.0;0.9999094525654559;1.0002650845527497;1.0002713838758073;0.9999805292841648;0.9999929414589557;0.9999928964258537;0.9999161534838459;0.9997987128451582;1.0;0.9999621663789355;0.9999992319300477;1.0;0.9997703555851062;0.9998878481790596;0.9999999999999999;0.9999912732606052;1.0;0.9999993413060225;0.9999801581474383;0.9999795864285169;1.0002121967694393;1.024999976158142;
2016-08-15 21:15:00;1.0;0.9999884491339002;0.9999754256412892;0.999999453774183;0.9999999999999999;1.0;1.0002754890798013;0.9999234001984265;0.9999999999999999;1.0;0.9999815528986;1.000198596425838;1.0002090415287566;0.9999592111415053;0.9998925065701518;0.9998958558089844;0.9998970764132172;0.9999963445663507;0.9999962939675574;0.9999805378909652;0.9999789504991784;1.0;0.9998964992338136;1.0002707026341695;1.0002783133594022;0.9999753267689423;0.9999907614997287;0.9999915101105799;0.9998646487153225;0.9997677952323901;1.0;0.999962954239945;0.9999969251754639;0.9999999999999999;0.9997679740623876;0.999890157199319;1.0;0.9999904792909121;1.0;0.9999973635902897;0.9999739107678702;0.9999746695260401;1.0002035204889375;1.024999976158142;
2016-08-15 21:30:00;0.9999999999999999;0.9999971941057918;0.9999785154336146;0.9999994968323015;1.0;1.0;1.0002722878508148;0.9999339406910421;1.0;1.0;0.9999838420814696;1.0002092098315976;1.0002182698482782;0.999966253600318;0.9999119796224912;0.9999127967942008;0.9999135927904884;0.9999968609480576;0.9999968223589564;0.9999823455792372;0.9999816276238117;1.0;0.9999131634382725;1.0002683639752616;1.0002746469218897;0.999978130131181;0.9999919781473393;0.99999297759016;0.9998924083164336;0.9997856541327271;1.0;0.9999602565046918;0.9999992505794514;1.0;0.9997712109840982;0.999882089305525;1.0;0.9999904792909119;0.9999999999999999;0.9999993571055875;0.9999770912578984;0.9999766072758597;1.0002139796807317;1.024999976158142;
2016-08-15 21:45:00;0.9999999999999999;0.9999924230303141;0.9999758816558155;0.9999993776596696;1.0;1.0;1.0002780171505914;0.9999252651800139;0.9999999999999999;1.0;0.9999821620400604;1.0002128319918846;1.0002224923928373;0.9999609435617111;0.9998991542692744;0.9999013487471818;0.9999023925548732;0.9999971962732693;0.9999971487781044;0.9999814257662506;0.9999826521906983;1.0;0.9999019215657858;1.0002739278062442;1.000280398392558;0.9999782756888028;0.9999918782754633;0.9999918694714321;0.9998958572571104;0.9997670848590633;1.0;0.9999605932749042;0.9999979828496489;1.0;0.9997405762232797;0.9998834880955634;0.9999999999999999;0.9999904792909119;1.0;0.9999982706823591;0.9999779188288058;0.9999743670975579;1.000217601858292;1.024999976158142;
2016-08-15 22:00:00;1.0;0.9999939435556732;0.9999754424508294;0.9999990353842929;1.0;1.0;1.000271454719944;0.9999174227212211;1.0;1.0;0.9999812654415042;1.0002107658881172;1.0002200283198492;0.9999572986478398;0.999887807526869;0.999889572743516;0.9998907994403123;0.9999974996528675;0.9999974475009349;0.999981188233321;0.9999834769032996;1.0;0.9998903016419745;1.0002674554799966;1.0002738156806976;0.9999782059709118;0.9999919631850577;0.9999911094896918;0.9999212934191404;0.9998038011166251;1.0;0.9999640156398587;0.9999983843644904;1.0;0.999773355869065;0.9998932573126583;0.9999999999999999;0.9999912732606052;1.0;0.9999986138930723;0.9999785121357495;0.9999738778852246;1.0002154201946345;1.024999976158142;
2016-08-15 22:15:00;1.0;0.9999964715928337;0.9999779057396282;0.9999994416693379;1.0;1.0;1.0002695452475878;0.9999326017997003;1.0;1.0;0.9999837235894805;1.0002128268826511;1.000221450779653;0.9999654338303573;0.999911564120258;0.9999125912481424;0.9999133988697089;0.9999974920400436;0.9999974492212139;0.9999827333718249;0.9999842921810694;1.0;0.9999130107070813;1.0002659931084978;1.0002716332184227;0.9999801432563271;0.999992645287982;0.9999928032814874;0.9999261572996568;0.9998131427801696;1.0;0.9999600488548113;0.9999990581758733;1.0;0.9997833810605397;0.9998812597402217;1.0;0.9999912732606053;1.0;0.9999991920919095;0.9999799306744732;0.9999759021986391;1.000217307575824;1.024999976158142;
2016-08-15 22:30:00;1.0;0.9999976272840371;0.9999722929136191;0.9999984225460169;1.0;1.0;1.000265495532316;0.9998956734849611;1.0;1.0;0.9999775009025111;1.0002058156323343;1.000213926717999;0.9999471159157507;0.9998560864582662;0.9998567763124423;0.9998584028752036;0.9999968562281312;0.9999967988809053;0.9999777341214805;0.9999792211211416;0.9999999999999999;0.9998577548512578;1.0002611503698855;1.0002682770481033;0.9999725958513066;0.9999901917477463;0.9999889938655879;0.9999429844035835;0.9998368247444053;1.0;0.9999697996858355;0.9999993659615607;0.9999999999999999;0.9998041123109878;0.9999103940483772;1.0;0.9999916544037752;1.0;0.999999456180282;0.999972982068549;0.9999703633150506;1.0002100958509976;1.024999976158142;
2016-08-15 22:45:00;1.0;0.9999979886700389;0.9999698761697332;0.9999982839416868;1.0;0.9999999999999999;1.0002683145559075;0.999885679118383;1.0;1.0;0.9999752882026747;1.0002041125527898;1.0002120406046358;0.9999421686539867;0.9998414657019051;0.9998420505377082;0.99984383823424;0.9999961745459446;0.9999961141871939;0.999975254991114;0.9999755642157004;0.9999999999999999;0.9998431000626092;1.0002635751789453;1.000271432108261;0.9999686312691254;0.9999888134380965;0.9999879664340913;0.9999316379619708;0.9998192553724464;1.0;0.9999672272482018;0.9999994620824942;1.0;0.9997875957548313;0.9999028228365817;0.9999999999999999;0.9999916544037751;1.0;0.9999995386146019;0.9999685862348355;0.9999677921356953;1.0002083175503311;1.024999976158142;
2016-08-15 23:00:00;1.0;0.999995387695737;0.9999719735416452;0.9999983969502206;0.9999999999999999;1.0;1.0002642055990842;0.9998932935032859;1.0;1.0;0.999977039975929;1.0001993469119215;1.0002078198963642;0.9999454727558483;0.9998504315176501;0.9998517735355335;0.9998535389769148;0.9999965208744152;0.9999964655112513;0.9999773336939335;0.9999776801728669;1.0;0.9998528309330781;1.000259519502477;1.0002672017679068;0.999971262725441;0.9999896901889389;0.9999886554516881;0.9999415807847076;0.9998334347259921;1.0;0.9999715200206688;0.9999987697196134;1.0;0.9998000647687698;0.999915560084613;1.0;0.9999916544037751;1.0;0.999998944704171;0.9999712733783533;0.999970496879674;1.0002036696683856;1.024999976158142;
2016-08-15 23:15:00;1.0;0.9999932919599583;0.9999727812397847;0.9999986980356976;1.0;1.0;1.00026243995703;0.9999015789166499;1.0;1.0;0.9999782365805645;1.000195102499809;1.0002039422111937;0.9999492144736924;0.9998621728799032;0.9998641224895373;0.9998657333733963;0.9999964978336032;0.9999964412948172;0.9999781758827839;0.9999781380136441;1.0;0.999865064343886;1.0002577767948284;1.0002653604949308;0.9999724592519655;0.9999900004971514;0.9999894313548805;0.9999502542654007;0.9998433448489887;1.0;0.9999718983253555;0.999998212221129;1.0;0.9998073940284887;0.9999165549363683;1.0;0.9999900664615025;1.0;0.9999984667024706;0.9999721120906035;0.9999714923649746;1.0001994810948687;1.024999976158142;
2016-08-15 23:30:00;1.0;0.9999948089872539;0.999974266468734;0.9999984331463285;1.0;1.0;1.000262833049435;0.999899508780239;1.0;1.0;0.9999786871914287;1.0002004848553097;1.0002088150111579;0.9999484829490288;0.9998577840829199;0.9998592914683637;0.9998610287126277;0.9999967980569407;0.9999967499506007;0.9999792313617968;0.999979405751415;1.0;0.9998603475121272;1.0002583260178193;1.000265690208636;0.9999733995939555;0.9999904607098842;0.999989284620465;0.9999380834798878;0.9998273622436095;0.9999999999999999;0.9999703224768849;0.999998616466105;1.0;0.9997937996250665;0.9999118928311694;1.0;0.9999908604325449;1.0;0.9999988135249378;0.9999734557896871;0.9999731787357571;1.0002046898375998;1.024999976158142;
2016-08-15 23:45:00;1.0;0.9999973379070006;0.9999763916679332;0.9999986505368579;1.0;1.0;1.0002589216344187;0.9999088797308985;0.9999999999999999;1.0;0.9999802736283777;1.0001962820671026;1.0002042918721712;0.9999536974389592;0.9998712500913648;0.9998720226418765;0.9998735230815368;0.9999964273664316;0.999996383387759;0.9999800371464302;0.9999783171104086;1.0;0.9998728781452917;1.000254491765739;1.0002617758889354;0.9999733184447072;0.9999904948262557;0.9999903697944234;0.9999510339413001;0.9998491554151728;0.9999999999999999;0.9999720352348439;0.9999992895764261;1.0;0.9998155032942778;0.9999169397849526;1.0;0.9999912732606054;1.0;0.9999993908049416;0.9999726031821063;0.9999751073858569;1.0002004870317234;1.024999976158142;
2016-08-16 00:00:00;1.0;0.9999973379070006;0.9999776266756202;0.9999984568713868;1.0;1.0;1.0002607706086784;0.9999090046427186;1.0;1.0;0.9999810715357825;1.0002051494597974;1.0002130327495462;0.999953760672378;0.9998712802840791;0.9998720528346143;0.9998736266059387;0.9999972698972378;0.9999972292253606;0.9999817474334013;0.999982084029944;1.0;0.9998730214584054;1.000256700232883;1.000263347049718;0.9999764787051747;0.9999916544918268;0.9999903837974604;0.9999550318426876;0.9998514172929711;1.0;0.9999657524698918;0.9999992896771096;1.0;0.99981582088694;0.9998980849832532;1.0;0.9999912732606053;1.0;0.9999993908941786;0.9999767485422338;0.9999765390404459;1.0002092850897297;1.024999976158142;
2016-08-16 00:15:00;1.0;0.9999945916606968;0.999975359827887;0.9999984098765794;1.0;1.0;1.0002584480107248;0.999902235295888;1.0;1.0;0.9999795396153851;1.0001995491154567;1.0002077789833257;0.9999498106928367;0.9998614713117437;0.9998630390509194;0.9998647647453851;0.9999971994295538;0.9999971527665924;0.999980425834335;0.9999813752665153;0.9999999999999999;0.9998641147192779;1.000254154667522;1.0002611394687908;0.9999753115134831;0.9999911457670989;0.999989560330221;0.999955934261016;0.9998503007012987;0.9999999999999999;0.9999715334791536;0.9999985593582916;1.0;0.9998128679418752;0.9999153102667099;1.0;0.9999916544037751;1.0;0.9999987648021954;0.9999757308984583;0.9999744165149246;1.0002036847222333;1.024999976158142;
2016-08-16 00:30:00;1.0;0.9999929290999479;0.9999788886106336;0.9999989233400745;1.0;1.0;1.00025546362298;0.9999211556837884;1.0;1.0;0.9999828222086737;1.0002040525120164;1.0002100511209053;0.9999589853408187;0.9998872339319068;0.9998892820269069;0.9998906812160183;0.9999970584623146;0.9999970206717789;0.9999829622119423;0.9999820315086326;1.0;0.9998901071389596;1.0002518065821433;1.0002578092916192;0.9999777410064968;0.9999919112985123;0.9999914705409584;0.9999637318733424;0.9998627304958215;0.9999999999999999;0.999972036106946;0.9999981176953538;1.0;0.9998249026499593;0.9999167822768275;1.0;0.9999920672329302;1.0;0.9999983862768057;0.9999772319371008;0.999978342311098;1.0002068506053587;1.024999976158142;
2016-08-16 00:45:00;1.0;0.999996111089437;0.9999859232569844;0.999999371796982;1.0;1.0;1.0002507260618858;0.9999474144717155;1.0;1.0;0.9999881632364164;1.000202271058037;1.000207956043862;0.9999728077116447;0.9999231557919247;0.9999242911941123;0.9999252169196089;0.9999970508777831;0.9999970280566883;0.9999874445042201;0.9999837023851;1.0;0.9999247667755696;1.0002474914995563;1.0002527991251047;0.99998164650193;0.9999934031059113;0.9999943487027202;0.9999622029860821;0.9998673989867283;1.0;0.9999711615829402;0.9999989618475796;1.0;0.9998332521544998;0.9999140872731005;0.9999999999999999;0.9999908604325448;1.0;0.9999991091723902;0.9999801106328446;0.9999855935074372;1.0002051153083795;1.024999976158142;
2016-08-16 01:00:00;1.0;0.9999969056143918;0.9999822508118653;0.9999991362271873;1.0;1.0;1.0002443640418266;0.9999325699113489;1.0;1.0;0.999984939683892;1.0001915344385555;1.0001969808740732;0.9999655104348686;0.9999023393544177;0.9999032424520263;0.999904388295632;0.999996340113137;0.9999963096136559;0.9999840223095356;0.9999795570509186;1.0;0.9999038304564608;1.000240688983092;1.0002468204774748;0.9999767570852398;0.9999917086054505;0.9999928304321685;0.9999952964397789;0.9999148202331987;1.0;0.9999730538005918;0.9999991735338847;1.0;0.9998762764698295;0.9999194650539542;1.0;0.9999912732606054;1.0;0.9999992908451366;0.9999749643942039;0.9999815806825079;1.0001943034456633;1.024999976158142;
2016-08-16 01:15:00;1.0;0.9999987838236063;0.9999845105767566;0.9999990171891565;1.0;1.0;1.0002375186380301;0.999938153699033;1.0;1.0;0.9999868771606947;1.0001975580058724;1.000202765968545;0.9999686952967562;0.9999124940309343;0.9999128499452267;0.9999138854118006;0.9999977511450083;0.9999977330239213;0.999986927013941;0.9999860748981522;0.9999999999999999;0.999913455515177;1.0002346310002876;1.0002393874245252;0.9999825623502807;0.9999938196849459;0.9999934969451325;1.000023589287581;0.9999549228641478;1.0;0.9999720520164245;0.9999996739902386;1.0;0.9999126285968457;0.9999162984214944;1.0;0.9999904792909119;0.9999999999999999;0.9999997201840064;0.9999822813916347;0.9999836582743664;1.0002003270296564;1.024999976158142;
2016-08-16 01:30:00;1.0;0.999996543385463;0.9999849785888518;0.9999992159979516;1.0;1.0;1.0002412399646832;0.999939883538706;1.0;0.9999999999999999;0.9999866874380525;1.0001863473853654;1.000191940069604;0.9999691146568777;0.9999100516925015;0.9999110565555319;0.9999121712951906;0.9999961682621434;0.9999961403526069;0.9999856741322765;0.9999794178087651;1.0;0.9999116095827517;1.0002374786136061;1.0002437489628149;0.9999775000488188;0.9999920086940242;0.9999935807104103;1.0000117614058657;0.9999367438684913;1.0;0.999972926273023;0.9999990779851163;0.9999999999999999;0.999895253284388;0.9999189936624578;1.0;0.9999924483761709;1.0;0.9999992092171428;0.9999751601702515;0.99998481016392;1.000189172234543;1.024999976158142;
2016-08-16 01:45:00;1.0;0.9999945925489496;0.9999879169731591;0.9999993279107212;1.0;1.0;1.0002307775885955;0.9999528734797302;1.0;1.0;0.9999899365292568;1.0001905798186568;1.0001961908057058;0.9999752510321811;0.9999308795967583;0.9999324506898518;0.999933367423678;0.9999981569429665;0.9999981418743777;0.9999901753712082;0.9999889947709354;0.9999999999999999;0.9999329971894086;1.0002280715792125;1.0002324137184309;0.999986608387845;0.9999951293088947;0.9999948590597999;1.0000396156280715;0.9999797267232472;1.0;0.9999741910847283;0.9999985592533804;1.0;0.9999361678700829;0.9999225234857763;1.0;0.9999900664615023;1.0;0.9999987644091054;0.9999861528918004;0.9999879462127815;1.0001932794519648;1.024999976158142;
2016-08-16 02:00:00;1.0;0.9999968336031518;0.9999897352815903;0.9999992985768317;0.9999999999999999;1.0;1.0002267848314808;0.9999583692260122;1.0;1.0;0.9999914535762033;1.0001950303600187;1.000200359960587;0.9999784571664796;0.9999404611139042;0.9999413865731064;0.9999421640507232;0.9999989552017999;0.9999989452462801;0.9999920733267236;0.9999927843334876;1.0;0.9999418863925223;1.0002246143478535;1.0002280432524302;0.999990141940759;0.9999964417068907;0.9999955262684883;1.0000408765943483;0.9999870771918933;1.0;0.9999776465827467;0.9999991543924173;1.0;0.9999460933725276;0.9999328613149921;1.0;0.9999928612064207;1.0;0.9999992743093192;0.9999904739572232;0.9999895144979104;1.0001977300053393;1.024999976158142;
2016-08-16 02:15:00;0.9999999999999999;0.9999975561171954;0.9999898511264942;0.9999987475725729;1.0;1.0;1.000226192947742;0.9999469694924976;1.0;1.0;0.999990443742643;1.000197859069515;1.0002030971710432;0.9999728777394191;0.9999218109370015;0.9999225264204118;0.9999236744912673;0.9999993413505807;0.9999993339346932;0.9999922730756077;0.9999938539513898;1.0;0.9999233264796957;1.000223944509275;1.0002275307387318;0.9999900961639279;0.9999965870844888;0.9999943696775373;1.0000386528686676;0.999987164975148;1.0;0.9999782512450005;0.9999993467695227;1.0;0.9999481472135213;0.9999346955997668;1.0;0.9999912732606054;1.0;0.9999994392988347;0.9999912633401296;0.9999900116416007;1.0002005587224707;1.024999976158142;
2016-08-16 02:30:00;1.0;0.9999946643405023;0.9999914913334592;0.9999995994211008;1.0;0.9999999999999999;1.0002248405339207;0.9999700973253907;0.9999999999999999;1.0;0.9999935863552015;1.0001949678796187;1.000200748784037;0.9999839186884749;0.9999578625593295;0.9999594114304932;0.9999599790395985;0.9999995344412717;0.9999995293705746;0.9999942470830614;0.9999960812354269;0.9999999999999999;0.999959797165839;1.0002229924918349;1.0002257753786057;0.9999939857472266;0.9999976837974391;0.9999966618530443;1.0000406502552202;0.9999886927269527;1.0;0.9999774890822123;0.999998578901569;1.0;0.9999487322817202;0.9999323757700075;1.0;0.9999920672329302;1.0;0.9999987813925075;0.999994554045621;0.9999914728763938;1.0001977659475465;1.024999976158142;
2016-08-16 02:45:00;1.0;0.9999964715928337;0.999992095235092;0.9999993850853479;0.9999999999999999;1.0;1.0002212310344762;0.9999664482780792;1.0;1.0;0.9999933589536;1.0001918947205604;1.0001974482264997;0.9999824461136091;0.9999513541852492;0.9999523813540068;0.9999530634256704;0.9999993935014491;0.999999388908533;0.99999419883061;0.9999952607404612;1.0;0.9999528415787401;1.000219286008495;1.0002222855286291;0.9999930128542226;0.9999974634992855;0.9999963568184315;1.000052440845479;1.0000015814993297;1.0;0.9999782858112892;0.9999990590169219;1.0;0.9999580561689;0.9999347100756629;1.0;0.9999916544037751;1.0;0.9999991928338383;0.999993532820918;0.9999921395289533;1.000194692779891;1.024999976158142;
2016-08-16 03:00:00;1.0;0.9999937971444948;0.9999922149136239;0.9999992862349744;1.0;0.9999999999999999;1.0002239731559717;0.9999643612566919;1.0;0.9999999999999999;0.9999933357247865;1.000193215102115;1.0001992427754187;0.9999808655218304;0.9999465024582004;0.9999483026214474;0.999949147892029;0.9999996248224271;0.9999996212696994;0.9999947585023294;0.9999962703048989;1.0;0.9999488993592193;1.0002219095975644;1.0002250492648908;0.9999938265296251;0.9999977138314697;0.9999960292421081;1.0000285735976697;0.9999874167430012;1.0;0.9999771143774221;0.9999983483101982;1.0;0.9999571116226599;0.999931217142655;0.9999999999999999;0.9999908604325449;1.0;0.9999985836952099;0.9999946304075124;0.9999927849756871;1.0001960883779675;1.024999976158142;
2016-08-16 03:15:00;0.9999999999999999;0.9999962548953115;0.9999900025679886;0.9999987811534483;1.0;1.0;1.0002244125098676;0.9999487715624205;1.0;1.0;0.9999908957144511;1.0001982684563255;1.000203723164219;0.9999735246694405;0.999924931427423;0.9999260222408665;0.9999271526654069;0.9999998071441848;0.9999998024075809;0.9999930609437071;0.9999960272918659;1.0;0.9999268419498327;1.000222345112583;1.0002255705686351;0.9999920763909549;0.9999972311909475;0.9999945048858387;1.0000266062654315;0.9999875722078516;1.0;0.9999781795704761;0.9999990011909442;0.9999999999999999;0.9999590007167891;0.9999344101319985;1.0;0.9999920672329303;1.0;0.9999991431768938;0.9999937230143435;0.9999902517612836;1.0002009971617987;1.024999976158142;
2016-08-16 03:30:00;1.0;0.9999979895147534;0.9999921816950829;0.9999992848876634;1.0;0.9999999999999999;1.000224930566199;0.9999652324766884;1.0;1.0;0.99999334304608;1.000198680761301;1.000204180204612;0.9999821380629932;0.9999506046755351;0.9999511928321804;0.9999518681742272;0.9999996753812069;0.9999996714209757;0.9999943956171917;0.9999963773481487;0.9999999999999999;0.9999516678597576;1.0002231356965208;1.0002258884323623;0.9999937445307627;0.9999977720169535;0.9999962928002506;1.000027190110585;0.9999858506756375;0.9999999999999999;0.9999727620415338;0.9999994624710092;1.0;0.9999559579591906;0.9999180845720766;1.0;0.999990479290912;0.9999999999999999;0.9999995386559434;0.9999946772284489;0.9999920099916231;1.0002015540528548;1.024999976158142;
2016-08-16 03:45:00;1.0;0.9999977728158999;0.9999934516883391;0.9999997645272887;1.0;0.9999999999999999;1.0002247601386156;0.9999785453253509;1.0;1.0;0.9999951180018153;1.0001963207149493;1.0002019498225048;0.9999887795355265;0.9999709363849102;0.9999715882284822;0.9999719137435613;0.9999994409041513;0.9999994359390441;0.9999951939778913;0.9999961345622067;1.0;0.9999717889569126;1.000223089566807;1.0002256047235418;0.9999947074588067;0.9999980099565854;0.9999976705961917;1.0000296119425682;0.9999831007136585;1.0;0.9999775626917958;0.9999994045865196;0.9999999999999999;0.9999496768107218;0.9999325692832471;1.0;0.9999920672329302;1.0;0.9999994889479454;0.9999948912361575;0.9999930907044853;1.0001992498567356;1.024999976158142;
2016-08-16 04:00:00;1.0;0.9999966162804181;0.9999912348667138;0.9999989957612957;0.9999999999999999;1.0;1.0002243625097529;0.9999563395268838;1.0;1.0;0.999992090138944;1.0001978224849617;1.000203231417087;0.9999773976535705;0.9999359848148677;0.9999369706222722;0.9999379252999061;0.9999996952901887;0.9999996903965941;0.9999937977084912;0.9999959940816129;1.0;0.9999376529452169;1.0002223831067325;1.0002254584218826;0.9999927271594987;0.9999974423628745;0.9999953086337298;1.0000452501693875;0.9999927419906512;1.0;0.9999780620219804;0.99999909736449;1.0;0.9999509365260479;0.9999341047316035;0.9999999999999999;0.9999916544037754;0.9999999999999999;0.9999992256580783;0.9999939668337469;0.9999914384108234;1.000200551189218;1.024999976158142;
2016-08-16 04:15:00;1.0;0.9999924959278406;0.9999911288916075;0.9999994616807948;1.0;1.0;1.0002230118224795;0.9999662031104034;1.0;1.0;0.9999931895681473;1.0001936481293427;1.0001995225564522;0.9999815314421084;0.9999510017287817;0.9999531772382136;0.9999539167723628;0.9999997872351907;0.9999997832711259;0.9999944513030548;0.9999970375069231;0.9999999999999999;0.9999537074242972;1.0002211287664955;1.0002239394087162;0.999994542599753;0.9999978530911108;0.9999961668838444;1.0000438380122179;0.9999922030625877;1.0;0.9999767350914728;0.9999980026983883;1.0;0.9999512818677413;0.9999300583472608;0.9999999999999999;0.9999912732606054;1.0;0.9999982875441523;0.9999955059961654;0.9999914999547694;1.0001963477709326;1.024999976158142;
2016-08-16 04:30:00;1.0;0.9999961102078838;0.9999912591239944;0.9999992918683771;1.0;1.0;1.000221766284748;0.9999618435610707;1.0;1.0;0.9999924770745203;1.0001900575009244;1.000195656769645;0.9999800612100479;0.9999439933447385;0.9999451255248688;0.9999459193217102;0.9999991438352444;0.9999991384397824;0.9999933492363045;0.9999938899152637;1.0;0.999945650598369;1.0002196126115337;1.0002229796970705;0.9999914934561819;0.9999969386848018;0.9999958618280931;1.0000451458271238;0.9999955738248826;1.0;0.9999778012837887;0.9999989628413928;1.0;0.9999552084269038;0.9999332506209873;1.0;0.9999912732606053;1.0;0.9999991103509297;0.9999918719079172;0.9999913867318753;1.0001928555551152;1.024999976158142;
2016-08-16 04:45:00;1.0;0.9999969047705818;0.9999909914748815;0.9999995072217255;0.9999999999999999;1.0;1.0002236577672496;0.9999667264601904;1.0;1.0;0.9999929112969901;1.0001932021338513;1.0001988863276512;0.9999826728786727;0.9999536194824464;0.9999545193691455;0.9999550962543214;0.9999992832113441;0.9999992769865483;0.9999933661587013;0.999994700379379;0.9999999999999999;0.9999548943277472;1.0002217132020066;1.000224706615551;0.9999924460373417;0.9999972152940612;0.9999964028646541;1.0000425623025986;0.9999872924575377;1.0;0.9999779500821334;0.9999991746156427;1.0;0.9999449256033404;0.9999337324014087;1.0;0.9999928612064208;1.0;0.9999992921019463;0.9999928760810394;0.9999906644988635;1.0001961022152142;1.024999976158142;
2016-08-16 05:00:00;0.9999999999999999;0.9999966880325528;0.9999913121402851;0.9999994157642409;1.0;1.0;1.000225183243439;0.9999662366795781;1.0;1.0;0.9999931614193668;1.0001985776470357;1.0002041523837863;0.9999823836143985;0.9999531061538709;0.9999540697255402;0.9999546859080958;0.9999997366764024;0.9999997328323323;0.9999940890660252;0.9999966812543618;1.0;0.9999545054439324;1.000223441300472;1.0002260758867088;0.999994049757764;0.9999977890680795;0.9999963437368097;1.0000428546741875;0.9999909694563789;1.0;0.9999738421731267;0.9999991167968805;1.0;0.9999503820066431;0.9999214005012841;1.0;0.9999912732606053;1.0;0.9999992424517067;0.9999950332571015;0.999991054855126;1.0002014025307555;1.024999976158142;
2016-08-16 05:15:00;1.0;0.9999948098723099;0.9999908785848666;0.9999992762424597;0.9999999999999999;1.0;1.0002274227222816;0.999961610931261;1.0;1.0;0.9999925418171767;1.0001989802375828;1.0002046915523677;0.9999796830023447;0.9999446199345067;0.9999461306962011;0.9999469357393921;0.9999996968540165;0.9999996917095372;0.9999938729844733;0.9999963089472022;0.9999999999999999;0.9999467028325386;1.00022548925782;1.0002284335427076;0.9999934543178408;0.999997570841357;0.9999957826396368;1.000048378844681;0.9999978648967391;1.0;0.9999686996375404;0.9999986166004778;1.0;0.9999562281426738;0.9999059341971909;1.0;0.9999908604325448;1.0;0.9999988133406089;0.9999945063575744;0.9999910318053162;1.000201749265304;1.024999976158142;
2016-08-16 05:30:00;1.0;0.9999963277881212;0.9999896742317149;0.9999990282356913;1.0;1.0;1.0002298340765072;0.9999530178094241;1.0;1.0;0.9999910778439095;1.0002009054714285;1.000206425451427;0.9999756696870791;0.9999320992467564;0.9999331709866496;0.999934134925503;0.9999994639691594;0.9999994570951092;0.9999925525942521;0.9999947260363818;1.0;0.9999338439180276;1.000227718703377;1.000231026021866;0.9999913177410406;0.9999969012076444;0.9999949490823405;1.0000484155421734;0.9999979550990474;1.0;0.9999658420714976;0.9999990200313822;1.0;0.9999564678197438;0.9998973809066874;1.0;0.9999912732606053;1.0;0.999999159142546;0.9999924276761382;0.9999896823201987;1.0002036745044798;1.024999976158142;
2016-08-16 05:45:00;1.0;0.9999940144690653;0.9999906009973337;0.999999323370897;1.0;0.9999999999999999;1.000231937783798;0.999961569642164;1.0;1.0;0.9999923934552613;1.0001869086293467;1.0001963216535474;0.9999795044422993;0.9999442152253011;0.9999459550315279;0.9999467688884158;0.9999995451776986;0.999999539701546;0.9999936118015494;0.9999956603377586;1.0;0.9999465230301781;1.000229158237022;1.0002333090861102;0.9999929467325176;0.9999973607641361;0.999995745631792;1.0000318829576993;0.9999882453015702;1.0;0.999965410932059;0.9999984054259575;0.9999999999999999;0.9999561083037175;0.999896169212973;1.0;0.9999920672329304;1.0;0.9999986324228611;0.9999938069348745;0.9999908327772256;1.0001916515668;1.024999976158142;
2016-08-16 06:00:00;1.0;0.9999976281282908;0.999994128248941;0.99999960937572;1.0;1.0;1.0002332232664108;0.9999765902809653;1.0;1.0;0.9999951979625877;1.0000265353237967;1.0000760834662341;0.9999877698110616;0.9999665149999003;0.9999672081873926;0.9999676561542967;0.9999995037915089;0.9999995002474122;0.9999956471521654;0.9999963512921255;0.9999999999999999;0.9999675035848757;1.0002223761572322;1.0002377711840436;0.9999948065094248;0.9999981023047485;0.9999974619824752;1.0000348370151373;0.9999905940610313;0.9999999999999999;0.9999662024337869;0.9999993662968171;1.0;0.9999577272088997;0.9998989091939305;1.0;0.9999916544037751;1.0;0.9999994561741927;0.9999950972569823;0.9999940604481928;1.0000535231474152;1.024999976158142;
2016-08-16 06:15:00;1.0;0.9999974108036636;0.9999931984947639;0.9999992283932858;0.9999999999999999;1.0;1.0002340181026201;0.9999658089915731;1.0;1.0;0.9999937366590907;0.9999763465670268;1.0000383923010834;0.9999823137237525;0.999949292522525;0.9999500460511923;0.9999508011824446;0.9999995237048813;0.9999995196502767;0.9999949053572488;0.9999958326140332;1.0;0.9999505692573286;1.0002203570934125;1.000239780217995;0.9999934758737099;0.999997714162461;0.999996329519508;1.0000416916443606;0.9999929784094779;1.0;0.9999678328684075;0.999999309161822;1.0;0.9999556736656734;0.9999039702746649;1.0;0.9999912732606054;0.9999999999999999;0.9999994074297492;0.9999941550624913;0.9999934060494445;1.0000101689211731;1.024999976158142;
2016-08-16 06:30:00;0.9999999999999999;0.9999974114298401;0.9999920085453081;0.999999237668566;0.9999999999999999;1.0;1.0002349000583024;0.9999635360704869;1.0;1.0;0.9999930882514342;0.9999436159483022;1.0000141028034455;0.9999811698366005;0.9999474771996971;0.9999482340474726;0.999948974994584;0.9999996140815753;0.9999996097921986;0.9999942446129204;0.9999960354836561;1.0;0.9999487531349934;1.0002195407646963;1.0002413217036155;0.99999335160132;0.9999976324225903;0.9999960918442702;1.0000341889566167;0.9999867130034865;1.0;0.9999702113714848;0.9999993084531226;1.0;0.9999527503747594;0.9999112256379133;1.0;0.9999880973849139;0.9999999999999999;0.9999994065017533;0.9999942562672294;0.9999919743182869;0.999982063436655;1.024999976158142;
2016-08-16 06:45:00;1.0;0.9999927132538404;0.9999895455776755;0.9999996163652214;0.9999999999999999;1.0;1.0002406690302852;0.9999653126189283;1.0;1.0;0.9999923211865148;0.9999273760488632;1.000002247998638;0.9999811247955553;0.9999511635804051;0.9999532787366983;0.9999539304023848;0.9999993337701097;0.9999993263253912;0.9999929381360838;0.9999949044927005;1.0;0.9999537123611344;1.0002243256568202;1.0002474553371323;0.9999925895517814;0.9999971056408092;0.999996080842321;1.0000133512322866;0.9999593027550934;0.9999999999999999;0.9999664980053141;0.9999980597712537;1.0;0.9999295304428649;0.9999002359635405;1.0;0.9999892724926028;1.0;0.9999983362338772;0.9999930894459813;0.9999895589331287;0.9999679022948256;1.024999976158142;
2016-08-16 07:00:00;1.0;0.9999923512402934;0.9999900408235481;0.9999993289346053;1.0;0.9999999999999999;1.0002480482236418;0.9999599191299835;1.0;1.0;0.9999919864057393;0.9999641060509167;1.0000318306299598;0.9999783463825925;0.9999410075155648;0.9999432243491202;0.9999441094401155;0.9999994134104282;0.9999994066184807;0.9999932523296657;0.9999950239333557;1.0;0.9999438356163309;1.0002330492608233;1.000254346432766;0.99999233646422;0.9999971001528268;0.999995504730274;0.999944135560708;0.999921961896637;1.0;0.9999628721181136;0.9999979643272879;1.0;0.9999328573959001;0.9998894033888325;1.0;0.9999892724926027;1.0;0.9999982546987675;0.999993074006782;0.9999904885064332;1.0000006910320258;1.024999976158142;
2016-08-16 07:15:00;1.0;0.999997771931597;0.9999936821790745;0.9999994787158824;1.0;0.9999999999999999;1.000259976717514;0.9999726828889363;1.0;1.0;0.9999946396135557;0.9999490802754761;1.0000243346012987;0.9999858385629397;0.9999606646477205;0.9999613132390966;0.999961855648924;0.9999995451776986;0.9999995423266115;0.9999953291454058;0.9999962960001364;1.0;0.9999616811527032;1.0002437448170909;1.0002667061405097;0.999994412357314;0.9999979915224292;0.999997061624546;0.9998783650240588;0.9998849117100099;1.0;0.9999605376882161;0.9999994052721235;1.0;0.9999353153073604;0.9998832970382359;0.9999999999999999;0.9998653797324482;1.0;0.9999994898568109;0.9999948930809729;0.999993638263889;0.9999901662335986;1.024999976158142;
2016-08-16 07:30:00;1.0;0.9999934366056371;0.9999881782761335;0.9999989109325345;0.9999999999999999;1.0;1.0002729885606247;0.9999456160564318;1.0;1.0;0.9999896514741932;1.0000049420465509;1.0000681598054928;0.9999713753352213;0.9999191836584886;0.9999210920460996;0.9999222992956195;0.9999990717756327;0.9999990622761599;0.9999913360433165;0.9999926430388458;1.0;0.9999219168262953;1.0002585309983865;1.0002792411624772;0.9999890802923771;0.9999960652058199;0.9999940570570078;0.9998575639024521;0.9998719000878471;1.0;0.9999609315061336;0.9999982514309058;1.0;0.9999351508565928;0.999885169114625;0.9999999999999999;0.9997911795818056;1.0;0.999998500287729;0.9999899316297128;0.9999886546292844;1.0000391308329442;1.024999976158142;
2016-08-16 07:45:00;1.0;0.9999953159433119;0.9999856292719446;0.9999991171781025;1.0;1.0;1.000297193005019;0.9999402350966059;1.0;1.0;0.9999872495615687;0.9998395891127766;0.9999453561866884;0.9999690446739019;0.9999103170881536;0.9999116814381384;0.9999128613051568;0.9999968378790418;0.9999968146187815;0.9999869580009872;0.9999824263236842;1.0;0.9999123294174793;1.0002729015550464;1.0003078158860825;0.9999800846060903;0.9999929101124057;0.9999935681340438;0.9998098689711106;0.999841801607444;1.0;0.9999432189431994;0.9999987507579288;1.0;0.9999367086018545;0.9998343605747096;1.0;0.9998045959623245;1.0;0.9999989283269384;0.9999785011089817;0.9999857151540484;0.9998972257051826;1.024999976158142;
2016-08-16 08:00:00;1.0;0.9999941585275378;0.9999911850145736;0.9999995846634363;1.0;1.0;1.0002831870200057;0.9999669693179429;1.0;1.0;0.9999928246465203;0.9998516785728212;0.9999544376962608;0.9999822465519368;0.9999507471232087;0.9999524422744737;0.9999531275666441;0.9999986366280919;0.9999986281447768;0.9999930276019823;0.9999920168710027;0.9999999999999999;0.9999528518068708;1.0002607126824843;1.0002925881432772;0.9999904741731535;0.9999964730085821;0.9999963141265308;0.999795704649788;0.999830499568978;1.0;0.9999481500636286;0.9999984444030402;1.0;0.9999286890375461;0.9998478492051733;0.9999999999999999;0.9998016173752831;1.0;0.9999986661050785;0.9999900358060698;0.9999914589856019;0.9999075877527347;1.024999976158142;
2016-08-16 08:15:00;1.0;0.9999932919599583;0.9999895073050638;0.9999988075897813;1.0;1.0;1.0002823495888908;0.9999475492083642;1.0;1.0;0.9999905729221396;0.9998224722210662;0.9999339823520819;0.9999723179409302;0.9999215515517818;0.9999235012771969;0.99992473728352;0.9999996662042336;0.999999658899829;0.9999928674627564;0.9999954170343502;1.0;0.9999243889295228;1.0002581204747572;1.0002924185636681;0.9999915925187467;0.9999969840182331;0.9999942532005947;0.9998297625081858;0.9998495058723248;1.0;0.9999465090170594;0.9999982131600906;1.0;0.9999282543733251;0.9998431747190744;1.0;0.9997990068499867;1.0;0.9999984675304133;0.9999930627442173;0.9999901917607371;0.9998831163174418;1.024999976158142;
2016-08-16 08:30:00;1.0;0.999995893767793;0.999988148880311;0.9999986350569766;1.0;0.9999999999999999;1.00028900183329;0.9999403988251264;1.0;0.9999999999999999;0.9999891290481362;0.9997425498021427;0.9998749672692729;0.9999692461213733;0.9999121588340764;0.9999133545745552;0.9999146553851208;0.999999324597464;0.9999993151568884;0.9999912492669119;0.9999933749791334;1.0;0.9999142660446148;1.0002602340308233;1.0003010044343335;0.9999891187986268;0.9999961993247761;0.9999936148553281;0.9998216358689774;0.9998396082472621;1.0;0.9999402880210959;0.9999989050570233;1.0;0.999922497511582;0.9998255223787004;1.0;0.9997751765435525;1.0;0.9999990607292395;0.9999904998184912;0.9999884217593099;0.999814831636238;1.024999976158142;
2016-08-16 08:45:00;1.0;0.9999969767795371;0.9999874067759772;0.999998025950825;1.0;1.0;1.0003170309783258;0.9999254611302344;1.0;0.9999999999999999;0.9999873950576325;0.999833891978115;0.9999513190545423;0.9999619644564193;0.9998888025331532;0.9998896800355327;0.9998913961053806;0.9999996049090487;0.9999995973720701;0.9999907059008268;0.9999937561185109;0.9999999999999999;0.9998909172478616;1.000291198583356;1.0003279407503922;0.9999881500744249;0.9999960238147224;0.9999921047284185;0.9996912664399846;0.9996661865759594;0.9999999999999999;0.999932879617746;0.9999991941775082;0.9999999999999999;0.9997789682358237;0.9998055083840484;0.9999999999999999;0.9997807776958961;1.0;0.9999993090080044;0.9999903846306392;0.9999879361137323;0.9998980347719564;1.024999976158142;
2016-08-16 09:00:00;0.9999999999999999;0.9999982059962014;0.999982643159764;0.9999967716380658;1.0;1.0;1.0003007340111614;0.9998865907528328;1.0;1.0;0.9999815991965804;0.9997715971493384;0.9999005873914036;0.9999426855804345;0.9998303399229491;0.9998308644061596;0.9998335127773396;0.9999997565853936;0.9999997452030257;0.9999870751050266;0.9999920732449391;1.0;0.9998327994556562;1.0002718822599246;1.000313118510436;0.9999832717073861;0.9999945648918819;0.999988101666064;0.9997558777345733;0.9997604292344852;1.0;0.9999380631262156;0.9999995202783355;1.0;0.9998615686780173;0.9998194856051845;1.0;0.9998010027720446;1.0;0.9999995882974937;0.999987096126677;0.9999834266637152;0.999842161019325;1.024999976158142;
2016-08-16 09:15:00;1.0;0.9999962557352251;0.9999902158432323;0.9999986967643719;0.9999999999999999;1.0;1.000294349452503;0.9999471950842972;1.0;1.0;0.9999907344805554;0.9998195840037619;0.999935060448196;0.999972729648704;0.9999214878601479;0.9999225819272165;0.9999237882623561;0.9999996554678253;0.9999996479746167;0.9999929807159768;0.9999952900136938;1.0;0.9999234469560412;1.0002693204023447;1.0003047677141692;0.9999913653992283;0.9999970175037726;0.9999943384934024;0.9997536775863779;0.9997549291008133;0.9999999999999999;0.9999404577508305;0.9999990005466913;1.0;0.9998529485846495;0.9998256312552484;0.9999999999999999;0.9998358803775235;1.0;0.9999991423043832;0.9999928725016138;0.9999906357228875;0.999882606114056;1.024999976158142;
2016-08-16 09:30:00;0.9999999999999999;0.999994231165436;0.999988562554943;0.9999985139334587;1.0;1.0;1.0003093908314526;0.9999387627220101;1.0;1.0;0.9999892733289159;0.9997648410871527;0.9998971605088369;0.9999680939505684;0.9999083592487101;0.9999100353216048;0.9999114713938762;0.9999996248224269;0.9999996171104724;0.9999919755819028;0.9999946973051087;1.0;0.9999110675423113;1.0002806781961107;1.0003213360035617;0.9999901944826312;0.999996573206129;0.9999933765213582;0.9996901198173852;0.9996760115162284;1.0;0.9999364594564658;0.9999984632889735;1.0;0.999792643520119;0.999815337114522;1.0;0.999818053924209;1.0;0.9999986821122197;0.9999919405432611;0.9999892434073099;0.9998369544106414;1.024999976158142;
2016-08-16 09:45:00;1.0;0.9999941576368986;0.9999876087047398;0.9999984066165274;1.0;1.0;1.000308908223189;0.999933846651232;1.0;1.0;0.9999883580795004;0.9997954681915103;0.9999198634216636;0.9999656142434278;0.9999010964293303;0.9999027882516288;0.9999043248913753;0.9999994946189098;0.9999994865892554;0.9999911554857253;0.9999938185997546;1.0;0.9999038854727375;1.0002817057509945;1.0003203009133128;0.9999890216000091;0.9999961716613354;0.9999928618949698;0.9996953991920103;0.9996824942009453;1.0;0.9999338708755845;0.9999984450997202;1.0;0.9997977273665508;0.9998074531427658;1.0;0.9997937367152148;1.0;0.9999986670241917;0.9999907930487654;0.999988281577514;0.9998632351059703;1.024999976158142;
2016-08-16 10:00:00;0.9999999999999999;0.9999970494178285;0.9999893091555565;0.999998419789779;1.0;1.0;1.0003095443483696;0.9999389490311741;1.0;1.0;0.9999895344361587;0.9998522205558437;0.9999634985246277;0.9999687510881268;0.9999092283361003;0.9999100868500316;0.99991148038904;0.9999996753812069;0.9999996682352482;0.9999922059790683;0.9999948711634654;0.9999999999999999;0.9999110912639527;1.0002852590689588;1.0003197255999718;0.9999902651447091;0.9999967027070404;0.9999935130635648;0.9996641913646352;0.9996439264169473;0.9999999999999999;0.9999408106542818;0.999999212983754;1.0;0.9997654558630562;0.9998278945945609;1.0;0.9997884615676866;1.0;0.9999993249445931;0.9999921009672922;0.9999897204479007;0.9999129979580926;1.024999976158142;
2016-08-16 10:15:00;1.0;0.9999983506433142;0.9999918511888112;0.9999989168346262;1.0;1.0;1.000312860806934;0.9999562973105409;1.0;1.0;0.9999922841912294;0.9998635576336433;0.9999731438382502;0.9999777228741589;0.9999359459276029;0.999936429132342;0.9999373756824731;0.9999997060266073;0.9999997013635377;0.9999940071150315;0.9999960117414706;1.0;0.9999371062172094;1.0002892766482883;1.0003226370254048;0.9999927006355442;0.9999975088014027;0.9999953762142906;0.9996685538380786;0.9996546185720238;1.0;0.999931070785385;0.9999995585975685;1.0;0.9997795146582958;0.999799135648095;1.0;0.9997936273883989;1.0;0.999999621097125;0.9999939696125559;0.9999919447705059;0.9999234975451335;1.024999976158142;
2016-08-16 10:30:00;1.0;0.9999961831011395;0.9999799991911857;0.9999983149739623;1.0;1.0;1.0003219399156138;0.9999105818500458;0.9999999999999999;1.0;0.9999821087100496;0.9998552035350089;0.9999638183093724;0.9999543202466987;0.9998692521109497;0.9998703651262459;0.99987210616115;0.999997158015324;0.9999971213644832;0.9999832096489676;0.9999818841944604;0.9999999999999999;0.9998714491971061;1.0002967841532995;1.0003330299088782;0.9999767337267365;0.9999918218610377;0.9999905036814799;0.9996677482819578;0.9996502249299368;1.0;0.9999337694221925;0.9999989812806724;1.0;0.9997736566045208;0.9998072876324632;1.0;0.9998040537891114;1.0;0.9999991259641896;0.9999767029964283;0.9999797156475025;0.9999144606735344;1.024999976158142;
2016-08-16 10:45:00;1.0;0.9999953876957369;0.9999802225818146;0.9999984299622872;0.9999999999999999;1.0;1.000323503166058;0.9999131764217688;0.9999999999999999;1.0;0.9999824634652293;0.9997735080726097;0.9999023580288816;0.9999554680370858;0.9998727643766039;0.999874106424463;0.9998758011222275;0.9999970723546597;0.9999970416860051;0.9999833825654173;0.9999816850152874;1.0;0.999875150333973;1.0002941443406603;1.000336270141494;0.9999768561394564;0.9999918264370767;0.999990745712733;0.9996163979839106;0.9996159292825216;1.0;0.9999389184371543;0.9999987701760017;1.0;0.9997677234899454;0.9998233723399654;1.0;0.9997945576601949;1.0;0.9999989451070737;0.9999766069677638;0.9999800162815785;0.9998437997627017;1.024999976158142;
2016-08-16 11:00:00;1.0;0.9999925685668355;0.9999653596646069;0.9999942452210464;1.0;1.0;1.0003345506923569;0.9997871511158596;1.0;1.0;0.9999641940075213;0.9998054685762882;0.9999305949472411;0.9998915980505032;0.9996796618815353;0.9996818177985433;0.9996867969289875;0.9999982887339912;0.9999982111822325;0.9999734329140099;0.9999796121603487;1.0;0.9996853679737722;1.0003040603342752;1.0003484991721086;0.9999640999620529;0.9999880469121952;0.9999774627688522;0.9996323349056869;0.9996415657131036;1.0;0.9999394911067937;0.9999980212387696;1.0;0.9997932036147062;0.9998253116250205;0.9999999999999999;0.9997973935825871;1.0;0.9999983032458472;0.9999697592242194;0.9999671753885567;0.9998735252254022;1.024999976158142;
2016-08-16 11:15:00;1.0;0.9999122282750548;0.9999292058535872;0.9999949025656276;1.0;1.0;1.000353898371657;0.999706229183377;1.0;1.0;0.9999430122332611;0.9997228883632069;0.9998610818435802;0.9998347697186284;0.9995472289713517;0.9995727236158354;0.9995804296491694;0.9999968347508729;0.9999964764537037;0.9999560562687418;0.9999693490768307;1.0;0.9995781819087154;1.0003178057036628;1.0003702265227867;0.9999502077609613;0.9999804698242071;0.9999655120636047;0.9996836488925005;0.9996768512850073;0.9999999999999999;0.999938216970822;0.9999766327903566;1.0;0.999799691391215;0.9998204759621148;0.9999999999999999;0.9997953936606662;1.0;0.9999799599307688;0.9999562650010233;0.9999382411061241;0.9997925314755445;1.024999976158142;
2016-08-16 11:30:00;1.0;0.9998914181916768;0.9999333320333795;0.9999976415217026;1.0;1.0;1.0003503401465448;0.9997748135736417;1.0;0.9999999999999999;0.9999523845047288;0.999715819677307;0.999854004005125;0.999865081665691;0.9996483102911505;0.9996798340259635;0.9996861580339598;0.9999974215727381;0.9999971239061932;0.9999627123276248;0.9999764560060584;1.0;0.9996843147330646;1.0003155108401114;1.0003653905902798;0.9999627954467274;0.9999837518973842;0.9999718381297583;0.9996828188473897;0.9996725674656415;1.0;0.9999474236476866;0.9999710974618272;1.0;0.9997941338274571;0.9998484499705922;1.0;0.9998121490238635;1.0;0.9999752144778263;0.9999668362849845;0.9999436028241165;0.9997840184399676;1.024999976158142;
2016-08-16 11:45:00;1.0;0.9999466863174414;0.999963179881855;0.9999984055644445;1.0;1.0;1.0003423561254043;0.9998684406760214;1.0;1.0;0.9999726657381205;0.9997828629796327;0.9999103619475085;0.9999232365712668;0.9997963465034417;0.9998118208563311;0.9998153441622929;0.9999980788909355;0.9999979827994064;0.9999781027090029;0.9999843336280094;0.9999999999999999;0.9998142832127022;1.0003122623841503;1.000355203491195;0.9999764564365269;0.9999901890686393;0.9999840192602968;0.9996430764903614;0.9996225623160793;1.0;0.9999366495850037;0.9999858116832382;1.0;0.9997567709656816;0.9998175921915688;0.9999999999999999;0.9997984160651547;1.0;0.9999878332272275;0.9999784358725705;0.9999681554548231;0.999849039352487;1.024999976158142;
2016-08-16 12:00:00;1.0;0.9999179357320385;0.9999511875980311;0.9999984976763064;1.0;1.0;1.0003608522757739;0.9998403295929214;0.9999999999999999;1.0;0.9999658609690807;0.999773711584195;0.9999054323890258;0.9999033193132936;0.9997507568872953;0.999774599586479;0.9997791276780181;0.9999984618871905;0.9999982798240373;0.9999734972430553;0.9999846838221016;1.0;0.9997778294264776;1.0003292404009174;1.000374197809882;0.9999748709391805;0.9999886983377535;0.9999798369703501;0.999646526115087;0.9996239040312871;0.9999999999999999;0.9999311884158053;0.999978153481597;1.0;0.9997587930969816;0.9998024893046725;1.0;0.9998131991919799;1.0;0.9999812640143798;0.9999780418379993;0.9999588324873878;0.9998402029517278;1.024999976158142;
2016-08-16 12:15:00;0.9999999999999999;0.9999632346663275;0.9999669255664156;0.999998297324637;1.0;1.0;1.0003535060903361;0.9998754558115709;1.0;1.0;0.9999741502119843;0.9997586368341944;0.9998950066101071;0.9999300653763851;0.9998102331402695;0.9998209143794183;0.9998239556210833;0.9999971870964286;0.9999970965588973;0.9999778618934301;0.9999804863781999;1.0;0.9998229588854527;1.00032155747667;1.0003673136839937;0.9999733713877326;0.9999896166430572;0.9999854397306549;0.9996333699153759;0.9996158035645105;1.0;0.9999374233902089;0.999990212472799;1.0;0.9997603976615519;0.9998227459730304;1.0;0.9998663562950707;0.9999999999999999;0.9999916060798346;0.9999742554912725;0.9999700562730957;0.9998308192998546;1.024999976158142;
2016-08-16 12:30:00;1.0;0.9999869338104348;0.9999696983105983;0.9999986461540397;1.0;1.0;1.0003480449885074;0.9998913027034843;1.0;1.0;0.9999759280631401;0.9997695343253724;0.9999023185266016;0.9999427730132298;0.9998444957998707;0.9998482936014527;0.9998502435240292;0.9999959675923646;0.999995891477172;0.9999761228412367;0.9999753325095704;1.0;0.9998494481934561;1.0003171501829617;1.0003616086128795;0.9999694403712224;0.999988762653318;0.999988083768641;0.9996246994220599;0.9996081679971974;1.0;0.9999293879625513;0.9999965193838996;1.0;0.9997555120799824;0.9997978710708674;1.0;0.9998820975809743;1.0;0.9999970148040312;0.999968743017549;0.9999691655720369;0.999841395648094;1.024999976158142;
2016-08-16 12:45:00;1.0;0.9999914146481625;0.9999684679012968;0.9999975771781396;1.0;1.0;1.0003558604363385;0.9998639440239137;1.0;1.0;0.9999723948480895;0.9997989394128005;0.9999260119808961;0.9999299277892807;0.9998009895806963;0.999803489448185;0.9998061475299163;0.9999955722694392;0.9999954929786237;0.9999739271146142;0.999971989517848;0.9999999999999999;0.9998051383261999;1.0003254523827056;1.0003695659823801;0.9999642845606599;0.9999873319663917;0.999985417528045;0.9996126291209867;0.9995756376949818;1.0;0.999923363994736;0.9999977110378746;1.0;0.9997195749129322;0.9997808891148867;1.0;0.9998268463226802;1.0;0.999998036423477;0.9999640866828137;0.9999681967831046;0.9998679805258933;1.024999976158142;
2016-08-16 13:00:00;1.0;0.9999899679196116;0.9999724197550521;0.9999968974383503;0.9999999999999999;1.0;1.0003427208045976;0.9998597249595689;1.0;0.9999999999999999;0.9999739910652732;0.9997864611821774;0.9999157439543486;0.9999275323880961;0.9997894182323208;0.9997923314302367;0.9997954558828275;0.9999969374320758;0.9999968810225552;0.9999779367635439;0.999978033073606;1.0;0.9997944197751516;1.000312128703402;1.0003563718488908;0.9999692973350919;0.9999892971960266;0.9999849339387474;0.9996537452284273;0.9996256088471293;0.9999999999999999;0.9999254327924636;0.9999973284741592;1.0;0.9997561439703252;0.999785638442648;1.0;0.999840465542813;1.0;0.9999977089767879;0.99997072115424;0.9999734544367206;0.9998566148458835;1.024999976158142;
2016-08-16 13:15:00;1.0;0.9999935804488839;0.9999713873293063;0.9999962369787058;0.9999999999999999;1.0;1.0003472300822018;0.9998429544865312;1.0;1.0;0.9999717771910072;0.9998801756356872;0.9999878014819917;0.9999198327054818;0.999764163036047;0.9997660265327533;0.9997695318323208;0.9999969159590264;0.9999968566323009;0.9999765818266219;0.9999768867556229;1.0;0.9997683941016408;1.0003208466388005;1.0003593540630829;0.9999667806186711;0.999988651881129;0.999983334376713;0.9996401837284149;0.9996148376417474;1.0;0.9999184719032533;0.9999982899714291;0.9999999999999999;0.9997522471704591;0.9997647499368477;1.0;0.9998346843533422;1.0;0.9999985335854119;0.9999688139862344;0.9999723271648215;0.999938711549875;1.024999976158142;
2016-08-16 13:30:00;0.9999999999999999;0.9999966880325527;0.9999744898161055;0.999998265659801;1.0;0.9999999999999999;1.0003380106459192;0.9998956061915438;1.0;1.0;0.999978140063566;0.9998869690448067;0.9999901620844959;0.9999468963266268;0.9998507401109673;0.9998517035839953;0.9998535408024734;0.9999963215292829;0.9999962679805381;0.9999785563959253;0.9999770818141042;1.0;0.9998527999134935;1.0003135263289298;1.0003490200497127;0.9999711381289982;0.9999897780314573;0.9999889529064458;0.9996209834250189;0.9996136188912471;1.0;0.9999276171531223;0.9999991159822871;1.0;0.9997631690913764;0.9997904768365129;1.0;0.9998696539844012;1.0;0.9999992417324217;0.9999707657374641;0.9999734243917728;0.999943290710492;1.024999976158142;
2016-08-16 13:45:00;0.9999999999999999;0.9999973387936898;0.9999541732159872;0.9999984041747784;1.0;1.0;1.000352925376569;0.9998568314263424;1.0;0.9999999999999999;0.9999666066209937;0.999944628524241;1.0000388912712497;0.9999275130428656;0.999818167702641;0.9998189434569809;0.999820546924082;0.9999970891357977;0.9999969506155101;0.9999661654425219;0.9999769011450256;0.9999999999999999;0.9998199213077759;1.0003308228053762;1.0003627758652003;0.9999658500620623;0.9999873870813363;0.9999848670293386;0.999643140578698;0.9996332469734905;1.0;0.9999192826848067;0.9999992871471665;1.0;0.9997742918188054;0.9997655743869281;1.0;0.9998584133083841;1.0;0.9999993883560254;0.9999684387803986;0.999949048573298;0.9999961010245373;1.024999976158142;
2016-08-16 14:00:00;1.0;0.9999964715928336;0.9999768957591525;0.9999990925072098;1.0;1.0;1.0003341019915806;0.9999237887374931;0.9999999999999999;1.0;0.9999826629122707;1.000029654003602;1.0001004027403069;0.9999610096242678;0.9998993335596984;0.9999003606750194;0.9999013828126585;0.9999981401859386;0.9999981026268889;0.999982680768619;0.9999865909214872;1.0;0.9999009836973403;1.0003177954121922;1.0003412496196076;0.9999812159098064;0.9999930674027607;0.9999918878699441;0.9996472620424778;0.9996295382621024;0.9999999999999999;0.999922762136946;0.9999990584120718;1.0;0.9997629628839702;0.9997752569899926;1.0;0.999866965352944;1.0;0.9999991923006406;0.9999821096268917;0.9999749147889141;1.000068180365168;1.024999976158142;
2016-08-16 14:15:00;1.0;0.999994737236165;0.9999863157815364;0.9999994893957835;0.9999999999999999;0.9999999999999999;1.00034198500936;0.9999522625113016;1.0;1.0;0.9999891118464147;1.0001199877894007;1.0001695937442217;0.9999749713850357;0.9999316392007984;0.9999331689496921;0.9999339882450868;0.9999977663386959;0.9999977473896026;0.9999887320794776;0.9999871406150009;0.9999999999999999;0.999933616241206;1.0003300421624919;1.0003473701547774;0.9999849014288155;0.9999944638899411;0.9999947989375493;0.9995785482709726;0.9995726595503474;1.0;0.9999092762057648;0.9999985974924149;1.0;0.9997398801414491;0.9997356665018963;1.0;0.9998503254896942;1.0;0.9999987971379516;0.9999840500437503;0.9999859709802013;1.0001468074425346;1.024999976158142;
2016-08-16 14:30:00;1.0;0.9999946651855094;0.9999849787544666;0.9999990161384498;1.0;0.9999999999999999;1.0003451878727625;0.9999383441038486;1.0;1.0;0.9999871528191335;1.0001252976343344;1.0001742487286052;0.9999679656062969;0.9999096261113931;0.999911178164671;0.9999123779869605;0.9999977356887058;0.9999977147433252;0.9999876094043159;0.9999862120829216;1.0;0.9999119037984096;1.0003330834531963;1.0003507561157245;0.9999829545353822;0.9999938798152055;0.9999933441524478;0.9996240115575623;0.9995980308860498;1.0;0.9999154250366632;0.9999985779827067;1.0;0.9997408102515724;0.9997557242881652;1.0;0.9998246676326767;1.0;0.9999987802788761;0.9999825435968035;0.9999849273957622;1.000151753073392;1.024999976158142;
2016-08-16 14:45:00;1.0;0.9999956761859287;0.9999862085400189;0.9999990559749116;0.9999999999999999;0.9999999999999999;1.0003319085040385;0.9999425424151285;1.0;1.0;0.9999881044168216;1.0001166124743848;1.000164906554762;0.9999702789137708;0.9999158921088142;0.9999171482796965;0.9999182599274369;0.9999979164504016;0.9999978985136553;0.9999885454860304;0.9999872623145128;1.0;0.9999178215919612;1.0003200919346313;1.0003373135620361;0.9999841905219286;0.9999943478172928;0.9999938257662075;0.9996472389402731;0.9996255393470141;1.0;0.999919944656567;0.9999988476177173;1.0;0.9997577151517215;0.9997672392023893;1.0;0.9998234899402463;1.0;0.9999990117178376;0.9999838466547207;0.999986105592393;1.000142778535654;1.024999976158142;
2016-08-16 15:00:00;1.0;0.9999988558331314;0.9999884141735359;0.9999991493083213;0.9999999999999999;1.0;1.0003264160193275;0.9999497639642353;0.9999999999999999;1.0;0.9999895538595207;1.0001122551532826;1.000160284157846;0.9999745429329067;0.9999262773976512;0.9999266109899932;0.999927541325048;0.9999977265165151;0.999997711998776;0.9999894956720156;0.9999868327391687;1.0;0.9999271373382697;1.0003147088756668;1.0003317959584088;0.9999844457824145;0.9999945440760847;0.9999947130091325;0.9996464314201968;0.9996107098876698;1.0;0.9999237848866541;0.999999693557273;1.0;0.9997342314844773;0.9997781182697731;1.0;0.9998613577041595;1.0;0.9999997370942326;0.99998362969564;0.999988100617192;1.0001384963085347;1.024999976158142;
2016-08-16 15:15:00;1.0;0.9999975554917838;0.9999879691687589;0.9999992958084346;1.0;1.0;1.0003211792827225;0.9999518830556322;1.0;0.9999999999999999;0.9999896159330525;1.0001056307248135;1.000153824408192;0.9999753464786575;0.9999298253202292;0.9999305374889004;0.9999314049539958;0.9999977021499299;0.9999976882799905;0.9999893686361119;0.9999868328887015;0.9999999999999999;0.9999310157865219;1.0003094697383734;1.000326530820085;0.999984636619132;0.9999945344456835;0.9999948801886773;0.9996686353693855;0.9996396832323783;1.0;0.9999220762649897;0.9999993473466829;1.0;0.9997575061598785;0.9997722752942364;1.0;0.9998292204649143;1.0;0.9999994401109485;0.9999837128003302;0.9999876533156992;1.0001318717062526;1.024999976158142;
2016-08-16 15:30:00;1.0;0.9999927852617398;0.9999867349278436;0.9999995139583115;1.0;1.0;1.000326799152372;0.9999532333464886;1.0;0.9999999999999999;0.9999893952548644;1.0001100448163915;1.0001580490050177;0.9999750720405323;0.999931409500856;0.9999335022884457;0.9999343843668901;0.9999977189076606;0.999997702454931;0.9999891458592391;0.9999870769467663;1.0;0.9999339925320501;1.000315115722371;1.0003320847946218;0.9999850770742306;0.999994490893702;0.9999948216472709;0.9996625657463905;0.999625791330467;0.9999999999999999;0.9999194284359446;0.9999980791055721;1.0;0.9997431168321482;0.9997648704640612;1.0;0.9997932287271536;1.0;0.9999983529383945;0.9999840768333621;0.9999867871906283;1.000135852195982;1.024999976158142;
2016-08-16 15:45:00;1.0;0.9999937979887406;0.9999867748085842;0.9999989620482721;1.0;1.0;1.000316776237009;0.9999415084904028;1.0;1.0;0.9999882815361608;1.0001496416932494;1.0001860405568288;0.9999693829147938;0.999912278342662;0.9999140817013018;0.9999153325730743;0.9999980099874014;0.9999979929262856;0.999989158568034;0.9999877121444626;0.9999999999999999;0.9999148641943372;1.0003073622455934;1.000321220169562;0.9999846302207654;0.9999945014577472;0.9999936404775168;0.9996684209717989;0.9996345800082034;0.9999999999999999;0.9999191342614401;0.999998347468915;1.0;0.9997472836681955;0.9997621126602183;0.9999999999999999;0.9998728831486027;1.0;0.9999985826497949;0.999984369704771;0.9999871736822288;1.0001691582326258;1.024999976158142;
2016-08-16 16:00:00;1.0;0.9999956043931857;0.9999852294987539;0.9999989477238402;1.0;0.9999999999999999;1.0003152426074682;0.9999379534923221;1.0;1.0;0.9999872707823023;1.0001472787396772;1.0001839763619835;0.9999679591303555;0.9999095610087532;0.9999108394350563;0.9999120367187686;0.9999979518153906;0.9999979342596642;0.9999879034258197;0.9999871040076357;1.0;0.9999115783502043;1.0003057849619155;1.0003197197854847;0.9999836198663786;0.9999941530220425;0.9999933445224566;0.9996655157554227;0.99963627189221;1.0;0.9999284408713657;0.9999988281992791;1.0;0.9997519159734037;0.999790078802057;0.9999999999999999;0.9998192891761859;1.0;0.9999989949374584;0.9999834944294209;0.9999850743724432;1.000167084389566;1.024999976158142;
2016-08-16 16:15:00;1.0;0.999998350643314;0.9999896481104142;0.9999995137733373;1.0;1.0;1.0003113032349864;0.9999611543153812;1.0;1.0;0.9999912766582797;1.0001480934118918;1.000183916815225;0.999980160174013;0.9999440398545799;0.9999445230632303;0.9999451688422221;0.9999978981010273;0.9999978846395882;0.9999907224512954;0.9999882594740584;0.9999999999999999;0.999944851691555;1.0003024185141072;1.00031542861574;0.9999866203399508;0.9999952182674776;0.9999958789634139;0.9996325529902789;0.9996188321562948;1.0;0.999933472100417;0.9999995584058388;1.0;0.9997526511329754;0.9998045881607602;1.0;0.9998861947008741;0.9999999999999999;0.9999996209290907;0.9999856058183646;0.9999892037724605;1.0001676099210555;1.024999976158142;
2016-08-16 16:30:00;1.0;0.9999983506433139;0.9999886508527593;0.9999990724823657;0.9999999999999999;1.0;1.0003094092726388;0.999948760105181;1.0;1.0;0.9999896172102222;1.0001453571154038;1.0001813176582348;0.9999739355364681;0.9999242282669855;0.9999247114660621;0.9999257076124111;0.9999978949729189;0.9999978803254632;0.9999898630391348;0.9999875588652086;1.0;0.9999252981349769;1.000300234480766;1.000313755876596;0.9999850048911918;0.9999947488872202;0.9999945867313098;0.9996328653086349;0.9996238995270542;1.0;0.9999202101946579;0.9999995584067387;1.0;0.9997593502282361;0.999764082094728;1.0;0.9999479122084912;0.9999999999999999;0.9999996209298824;0.9999844065990604;0.9999885046754313;1.0001649487800326;1.024999976158142;
2016-08-16 16:45:00;0.9999999999999999;0.9999950974750036;0.9999853191811885;0.9999988367580191;1.0;1.0;1.0003050399476103;0.9999341311060409;1.0;1.0;0.9999866663077221;1.0001158040891496;1.000156393313439;0.999965940935836;0.9999011106066046;0.9999025321239531;0.9999038971016875;0.9999972960896115;0.9999972766034978;0.9999871828352512;0.9999840796267101;1.0;0.9999033486757851;1.0002943451090676;1.0003101792897826;0.9999809228326186;0.9999932553042972;0.9999929257890507;0.9996417129522889;0.9996284059601745;1.0;0.9999249251088367;0.9999986943274943;1.0;0.9997571021985753;0.9997777897636265;1.0;0.9999765697430272;1.0;0.9999988805075144;0.9999800975414359;0.9999855619793722;1.0001377082432197;1.024999976158142;
2016-08-16 17:00:00;1.0;0.9999903284142965;0.9999832882571216;0.9999989724595924;0.9999999999999999;1.0;1.0003045858231265;0.9999324781450692;1.0;1.0;0.9999858996382931;1.000143202616332;1.0001768721317927;0.9999641545152037;0.9998992207608851;0.9999020260190973;0.99990344607201;0.9999975350183715;0.9999975096279493;0.9999866648049407;0.9999850726439585;1.0;0.9999028999181713;1.0002953834513508;1.000309043114407;0.9999816441887924;0.9999933050391178;0.9999925511257439;0.9996855183844374;0.999649746946394;0.9999999999999999;0.9999234834026743;0.9999974255011137;1.0;0.9997509408910782;0.999773392067276;1.0;0.9999768227509737;1.0;0.9999977925132909;0.9999811426662374;0.9999837884639263;1.0001609841038108;1.024999976158142;
2016-08-16 17:15:00;1.0;0.999991123555925;0.9999883981602821;0.9999994969886774;0.9999999999999999;1.0;1.000298276141641;0.9999580078854569;0.9999999999999999;1.0;0.9999908473586464;1.0002116249940474;1.000228976864194;0.9999771369646379;0.9999376943888413;0.9999402707860965;0.9999411550927052;0.9999985156019633;0.9999985022941347;0.9999913200200956;0.9999909527101511;1.0;0.9999408185285098;1.0002933135208836;1.0003007009276292;0.9999888133351035;0.9999957832794293;0.9999952510192311;0.9996868823443936;0.9996490994639611;1.0;0.9999238839709077;0.9999976367784695;1.0;0.9997474508686417;0.9997740605929859;1.0;0.9999853029627557;1.0;0.9999979735246085;0.999988545760917;0.9999888340860079;1.0002205187343265;1.024999976158142;
2016-08-16 17:30:00;1.0;0.9999916287351274;0.9999851906894034;0.9999993080858599;1.0;1.0;1.000304021766912;0.9999436526434895;1.0;1.0;0.999987601959042;1.0001997924668284;1.0002187884979847;0.9999700284173222;0.999915347005162;0.9999177737390721;0.9999189185021395;0.9999971121768179;0.9999970889335259;0.999987436666193;0.9999838853297909;1.0;0.9999184150728878;1.0002978784086365;1.0003072633349306;0.999981671436216;0.9999933135798277;0.9999937718781176;0.9996168210850968;0.9996061851868954;1.0;0.999924593910853;0.9999977717260319;1.0;0.9997435541454286;0.9997762719522424;1.0;0.9999904792909121;1.0;0.9999980895088278;0.9999802594058542;0.9999855547777592;1.0002096229841837;1.024999976158142;
2016-08-16 17:45:00;1.0;0.9999989293534576;0.9999905619617022;0.9999993681926769;0.9999999999999999;0.9999999999999999;1.0003012071984054;0.9999603279513166;0.9999999999999999;1.0;0.9999916078968272;1.0002092249921084;1.0002279668921354;0.9999798598328272;0.9999419154002491;0.9999422332364711;0.9999429539983046;0.999998100363719;0.9999980889121343;0.9999914317904711;0.999989138216423;1.0;0.9999426313162407;1.0002959066017543;1.0003038867053133;0.9999873269081295;0.9999955359155037;0.9999958176732654;0.9996756689601032;0.9996293383713234;1.0;0.9999217702876366;0.9999997117753735;0.9999999999999999;0.9997282959495243;0.9997681891173694;1.0;0.999990860432545;1.0;0.9999997522089239;0.9999865612397757;0.9999902810840312;1.0002194199890666;1.024999976158142;
2016-08-16 18:00:00;1.0;0.9999957490805222;0.9999875740016233;0.9999990860714222;1.0;1.0;1.0003015059554294;0.9999464612847235;1.0;1.0;0.9999890505373195;1.0002112818721844;1.000228968267311;0.9999722607159873;0.9999206498838062;0.9999218869793618;0.9999229645236433;0.9999979885102437;0.999997972236741;0.9999895259211219;0.9999878579465676;1.0;0.9999225402052752;1.0002960986749767;1.000304318436454;0.9999851003689832;0.9999946935582763;0.999994238045209;0.9996678234667443;0.9996196543687896;1.0;0.9999291108946925;0.9999988665483253;1.0;0.9997197392457791;0.9997901258503658;1.0;0.999990479290912;1.0;0.9999990277633201;0.9999846734315063;0.9999876483469162;1.0002206788465053;1.024999976158142;
2016-08-16 18:15:00;1.0;0.9999943758524945;0.9999877147458639;0.9999989777502134;0.9999999999999999;1.0;1.0003001761561772;0.9999453554467352;1.0;1.0;0.9999892474939108;1.0002042926243793;1.000224380638201;0.9999714313187321;0.9999190202061269;0.9999206549520243;0.9999218143362276;0.9999986012627046;0.9999985864708969;0.999990422642235;0.9999905328284985;0.9999999999999999;0.9999214114628486;1.0002944888050713;1.0003029959342484;0.9999872553928075;0.9999954292251491;0.9999940659992126;0.99969969734402;0.999653861925651;1.0;0.999933607857845;0.9999985014605368;0.9999999999999999;0.9997441221109815;0.9998039702105858;0.9999999999999999;0.9999904792909121;1.0;0.9999987147817985;0.9999875806710476;0.9999880011771688;1.00021491075733;1.024999976158142;
2016-08-16 18:30:00;0.9999999999999999;0.9999945204986438;0.9999824521425434;0.9999996635406015;1.0;1.0;1.000304821173639;0.9999484421813515;1.0;1.0;0.9999873476796862;1.000218188437311;1.000235046459015;0.9999730043071552;0.9999316960622192;0.9999332894951228;0.9999339495452527;0.999998046649026;0.9999980182275222;0.9999866474690002;0.9999879049498389;1.0;0.9999336390592983;1.0002999210142751;1.0003072802061073;0.9999848392310404;0.9999942792479896;0.9999943834702245;0.9997222603728931;0.9996724179512312;0.9999999999999999;0.9999346680008382;0.9999985393885004;1.0;0.9997530385280514;0.9998074328324894;1.0;0.9999908604325449;1.0;0.9999987472366259;0.9999845989315935;0.9999812009708484;1.0002270463351557;1.024999976158142;
2016-08-16 18:45:00;1.0;0.9999976281282907;0.9999833269148964;0.9999991477425293;1.0;1.0;1.000305312407066;0.999939162398548;1.0;1.0;0.9999866917720325;1.0002243776058959;1.000240260137698;0.9999689676830374;0.99991624567511;0.999916938827755;0.9999178807387774;0.9999981202770286;0.9999980990436851;0.9999867664220081;0.9999877021950108;1.0;0.999917501316826;1.0003004467438792;1.0003078645366645;0.9999838906806232;0.9999941772668794;0.9999935507094476;0.9997031658846699;0.9996523837193398;1.0;0.9999308408868178;0.9999993659799703;1.0;0.9997397463453421;0.9997960226013216;1.0;0.9999908604325449;1.0;0.9999994558960473;0.9999840554326294;0.9999822268317836;1.000232915959836;1.024999976158142;
2016-08-16 19:00:00;1.0;0.9999977719315973;0.9999855882172096;0.999999107715864;1.0;1.0;1.0003029427168453;0.9999437482398782;1.0;1.0;0.9999880924603315;1.0002361992953581;1.000248988163101;0.9999713027185074;0.9999210418312157;0.9999216903968918;0.9999226378503419;0.9999983193836313;0.9999983016164395;0.9999884425276614;0.9999889553126391;1.0;0.9999222709301083;1.000298805393115;1.0003051700830603;0.9999854629129522;0.9999947918414734;0.9999940374368811;0.9997393924093572;0.9996818964232718;0.9999999999999999;0.9999259574922996;0.999999405034118;1.0;0.9997527961147651;0.9997810986899667;1.0;0.9999900664615022;1.0;0.9999994896469419;0.9999856494867279;0.9999848487127427;1.0002430529056434;1.024999976158142;
2016-08-16 19:15:00;0.9999999999999999;0.9999946634510241;0.9999816615645616;0.9999991658074512;1.0;1.0;1.000300543276973;0.9999356449523084;1.0;1.0;0.9999857648978612;1.000229969111316;1.0002430999442522;0.9999666111528597;0.9999112417487955;0.9999127873027772;0.9999138201102443;0.9999981891807395;0.9999981621622767;0.999986052524883;0.9999878106064973;0.9999999999999999;0.9999134216232654;1.0002962035366079;1.0003028650868466;0.9999836888720168;0.9999939933174311;0.9999930577709518;0.9997687592225054;0.9997042959793062;1.0;0.9999383152402659;0.9999985791372697;1.0;0.9997603670798457;0.9998182683930348;1.0;0.9999900664615025;1.0;0.999998781901979;0.999984052383828;0.9999807383071778;1.0002367958563894;1.024999976158142;
2016-08-16 19:30:00;1.0;0.9999950257245032;0.99998435434662;0.9999991852016892;1.0;1.0;1.0003001777344829;0.999941099884538;1.0;1.0;0.999987211062047;1.0002273684254093;1.0002403282746426;0.9999694233129259;0.999915729847391;0.9999171736372557;0.9999182180482118;0.9999977938557432;0.9999977713150068;0.9999873173182692;0.999986554362439;1.0;0.9999177887939673;1.0002956848990894;1.0003026410394413;0.9999833554352328;0.9999939606649195;0.9999936453115876;0.9997818718085864;0.999698006168185;1.0;0.9999297803288704;0.9999986747438485;1.0;0.999740122510013;0.999792770610017;1.0;0.9999900664615026;1.0;0.999998863580663;0.999982966040021;0.9999839311536515;1.0002341257792207;1.024999976158142;
2016-08-16 19:45:00;0.9999999999999999;0.9999932193231936;0.9999769815809703;0.9999983029100218;1.0;0.9999999999999999;1.0002969055558637;0.9999046467760191;1.0;1.0;0.999980705883012;1.0002244636407431;1.0002372513647197;0.9999507482367458;0.9998637765489419;0.999865745167104;0.9998675422853925;0.9999979256229476;0.9999978870200678;0.9999824248462573;0.9999848214791052;1.0;0.9998669243925511;1.0002919438202715;1.0002997361711354;0.9999785097626845;0.9999922798726455;0.9999897593901785;0.9998146731079496;0.9997205870879339;1.0;0.9999401629723712;0.999998193813339;1.0;0.9997442865062182;0.9998234973048595;1.0;0.9999912732606053;1.0;0.9999984511162343;0.9999796533847924;0.9999764822427653;1.000231001275427;1.024999976158142;
2016-08-16 20:00:00;1.0;0.9999970494178283;0.9999832533266674;0.9999988139783054;1.0;1.0;1.000295889679655;0.9999301409380293;1.0;1.0;0.9999855600014802;1.0002248843020738;1.0002372721882273;0.9999643232256707;0.9998994071841206;0.9999002656896196;0.9999015403282568;0.9999976345715783;0.9999976116693176;0.9999860433207706;0.9999851523664461;1.0;0.9999010393832761;1.0002912761222034;1.000298523145815;0.9999811682868222;0.9999933202856199;0.9999925870248659;0.9998555295067928;0.9997395575606042;1.0;0.9999364361455871;0.9999992126636785;1.0;0.9997390722932339;0.9998131801499817;1.0;0.9999908604325449;0.9999999999999999;0.9999993246624038;0.9999810048444885;0.9999827283191989;1.0002314680144997;1.024999976158142;
2016-08-16 20:15:00;1.0;0.999998350643314;0.9999801165191512;0.9999988724076253;1.0;1.0;1.000280741014193;0.999922421131901;1.0;1.0;0.9999831121598514;1.0002018604956664;1.0002141621741136;0.9999607021246166;0.9998894451907865;0.9998899283730549;0.9998912101159503;0.9999965054468604;0.9999964726707354;0.999982570932122;0.999979584206692;1.0;0.9998906281440053;1.000275622357231;1.000283803287157;0.9999757066128184;0.9999913789904967;0.999991830940658;0.9998927319730472;0.9997660743665789;0.9999999999999999;0.9999541529764643;0.9999995580625411;1.0;0.9997435541454283;0.9998650721471259;1.0;0.999990860432545;1.0;0.9999996206265772;0.9999745457759234;0.9999790577708235;1.0002084866221403;1.024999976158142;
2016-08-16 20:30:00;1.0;0.9999969774081009;0.9999710614363618;0.9999987011696625;1.0;1.0;1.0002849641582314;0.9998906163250719;1.0;1.0;0.9999750291877748;1.0001776933435962;1.000189777638609;0.9999444398617094;0.999840455672611;0.9998413364524867;0.9998431406384084;0.9999928726039079;0.9999927900312346;0.9999724325805581;0.9999616121185723;1.0;0.9998421666488093;1.0002778245488146;1.0002896479865895;0.999957945961565;0.999985074182002;0.9999884309896864;0.9998874026592178;0.9997713293421499;1.0;0.9999603143184438;0.9999991916531018;1.0;0.9997552390227707;0.9998832305648614;1.0;0.9999908604325449;1.0;0.9999993064765667;0.9999536343228027;0.9999698050429044;1.0001841053583647;1.024999976158142;
2016-08-16 20:45:00;1.0;0.999996616280418;0.9999780919266146;0.9999992702165142;1.0;0.9999999999999999;1.0002811959940674;0.9999220912419676;1.0;1.0;0.9999815340991594;1.0001854052315158;1.0001975353600723;0.9999601835662006;0.9998864953175536;0.9998874810761678;0.9998887183174221;0.9999943373114867;0.999994282624219;0.9999790454821236;0.9999700838227886;1.0;0.9998879960412599;1.0002751442223925;1.0002849988695917;0.9999679204866592;0.9999885277919865;0.9999917130320396;0.999888429717518;0.9997628691374777;0.9999999999999999;0.9999651477546102;0.9999990961132342;0.9999999999999999;0.9997415093967376;0.9998979886281744;0.9999999999999999;0.999990860432545;1.0;0.9999992245543262;0.9999641529232876;0.999977133276847;1.000191817295724;1.024999976158142;
2016-08-16 21:00:00;1.0;0.9999946651855094;0.9999817139760812;0.9999991047609181;1.0;0.9999999999999999;1.0002729480844597;0.999931147686557;0.9999999999999999;1.0;0.9999847911291166;1.000193852174239;1.0002063029914277;0.999964348078015;0.9999003334139789;0.9999018854528327;0.9999031044822555;0.9999967582392257;0.9999967264511885;0.9999843692094966;0.9999813637659581;1.0;0.9999025567175837;1.000267952591905;1.0002758521553665;0.9999781676426025;0.9999921310491768;0.9999925879110386;0.9999291290393539;0.9998132260473297;1.0;0.9999633253303045;0.9999985777470002;0.9999999999999999;0.9997823645487406;0.9998922197001032;1.0;0.9999904792909118;1.0;0.9999987800710836;0.9999769068530855;0.9999812566346665;1.000200304716593;1.024999976158142;
2016-08-16 21:15:00;1.0;0.9999957490805221;0.9999651522675113;0.9999983181973554;1.0;1.0;1.000286498244988;0.9998785736438849;1.0;1.0;0.9999732094660762;1.0002140650921827;1.00022601310983;0.9999381384671512;0.9998378629828972;0.9998390999760292;0.9998408287232035;0.9999973388002552;0.9999972538014478;0.9999737668344365;0.9999799947232633;0.9999999999999999;0.9998401876698141;1.0002814977855994;1.000289461974644;0.9999712614375321;0.9999895210989904;0.9999871105997556;0.9999037359358358;0.9997902366897051;1.0;0.9999604136245919;0.9999988652422452;1.0;0.9997695340986404;0.9998833398019449;1.0;0.9999896853204291;1.0;0.9999990266096456;0.9999730112061267;0.999962268872469;1.0002203173202056;1.024999976158142;
2016-08-16 21:30:00;0.9999999999999999;0.9999970494178284;0.9999739279269989;0.999998786089886;1.0;0.9999999999999999;1.0002788538893967;0.9999074813924338;1.0;1.0;0.9999793418511603;1.0002044342900944;1.0002160904073103;0.9999529305125006;0.9998734516399501;0.9998743101231637;0.9998756741929536;0.9999968224220362;0.9999967670651413;0.9999789898948378;0.9999798181061643;1.0;0.9998750928036778;1.0002739506662195;1.0002817805784234;0.9999741763676809;0.9999906712072709;0.9999902020334174;0.9999152803649856;0.999800176626916;1.0;0.9999636226216014;0.9999992119642211;1.0;0.9997743446869953;0.9998929491223293;0.9999999999999999;0.9999900664615022;1.0;0.9999993240438428;0.9999740843210946;0.9999720062012908;1.000210616981841;1.024999976158142;
2016-08-16 21:45:00;1.0;0.9999957482352466;0.9999744720509374;0.9999984222061361;1.0;1.0;1.0002773533406328;0.9998998654579142;1.0;1.0;0.9999787562193287;1.0002008195581955;1.000212639222116;0.9999488488324701;0.9998584926419585;0.9998597264039347;0.999861437679454;0.9999967427824284;0.9999966902265454;0.9999792054275377;0.9999791705237008;1.0;0.9998607594309182;1.0002721172167652;1.0002805169171889;0.9999731972851039;0.9999904186433559;0.9999893577229152;0.9999065884683265;0.9998026273158555;1.0;0.9999621383235934;0.9999988665207232;1.0;0.9997853756494279;0.9998882771039631;1.0;0.9999900664615023;1.0;0.9999990280394907;0.9999731914711275;0.9999732826664874;1.0002070022275977;1.024999976158142;
2016-08-16 22:00:00;1.0;0.9999935804488841;0.9999787661304976;0.9999991103382397;0.9999999999999999;1.0;1.0002748977183704;0.999926789238696;1.0;1.0;0.9999836016271615;1.0002073315023416;1.0002187121855968;0.9999619406947632;0.9998989791064352;0.9999008428544303;0.9999020052496974;0.9999977356887061;0.999997698420293;0.9999837046565773;0.9999852227337103;1.0;0.9999015409022257;1.0002706146312301;1.0002773057383367;0.9999806947176738;0.9999928818905318;0.9999920824258153;0.9998933940815976;0.9997761810366501;0.9999999999999999;0.999969004096117;0.9999982898020099;0.9999999999999999;0.9997564504499232;0.999909055341723;0.9999999999999999;0.9999904792909119;1.0;0.999998533435512;0.99998086170484;0.999977703895221;1.0002131231244737;1.024999976158142;
2016-08-16 22:15:00;1.0;0.9999951718384319;0.9999739789695019;0.9999981547396593;1.0;1.0;1.0002746698363183;0.9998948512832951;1.0;1.0;0.9999784828490935;1.0002115359594341;1.0002220888826803;0.9999462106462459;0.999852628198046;0.9998540371433523;0.999855882112878;0.9999978491347064;0.9999978014655173;0.9999801146204542;0.9999836938062189;1.0;0.9998552462795195;1.0002701071413858;1.0002773909885114;0.9999764418844116;0.9999915702415532;0.9999888112313828;0.9999109294471203;0.9998003294782756;1.0;0.999969159272111;0.9999987113768455;1.0;0.9997777625454962;0.9999094244465959;1.0;0.9999908604325448;0.9999999999999999;0.999998894291126;0.9999779495463058;0.999972795183004;1.0002169825748322;1.024999976158142;
2016-08-16 22:30:00;1.0;0.9999939443906909;0.9999738890633565;0.9999984994141552;1.0;1.0;1.0002706320584738;0.9999014502906541;1.0;1.0;0.9999789724831855;1.0002030517419387;1.0002137082849294;0.9999492749861321;0.9998624368863848;0.9998642053158745;0.9998658669496394;0.9999973849066898;0.9999973314559859;0.9999797871658469;0.9999820413786887;0.9999999999999999;0.9998652467677341;1.0002659659325623;1.0002734117398493;0.9999756687932598;0.999991192055513;0.9999894442444911;0.9999226180154785;0.9998078931141617;1.0;0.9999733320167883;0.999998383859538;1.0;0.999778361416273;0.9999215982579971;1.0;0.999990479290912;1.0;0.9999986131466294;0.99997638343388;0.9999726593778516;1.0002084692754958;1.024999976158142;
2016-08-16 22:45:00;1.0;0.9999922091677841;0.9999742158220974;0.9999986342055548;1.0;1.0;1.0002680135722974;0.9999058252557261;1.0;1.0;0.9999797571232366;1.0002040393370948;1.0002144878040433;0.9999511298242999;0.9998694276174406;0.999871695382393;0.9998732784691935;0.9999978292257931;0.9999977815447355;0.9999807549522984;0.9999842860507994;1.0;0.9998727100855157;1.0002636506500084;1.0002705454240006;0.9999779450779235;0.9999919057950152;0.9999898320939723;0.9999371679210836;0.9998278207311715;1.0;0.9999716132809116;0.999997923344654;1.0;0.9997959110867742;0.9999162943420085;1.0;0.9999900664615025;1.0;0.9999982186415555;0.9999790186146579;0.9999730778524833;1.0002092235624223;1.024999976158142;
2016-08-16 23:00:00;1.0;0.9999959655203907;0.9999741092953651;0.9999988955796986;1.0;1.0;1.0002632374167306;0.9999119971044937;1.0;1.0;0.999980205755986;1.0002011161199817;1.000211224792537;0.9999549816791642;0.9998820683293479;0.9998832417826979;0.9998844846650303;0.9999976437441437;0.9999975924191679;0.9999802282103898;0.9999836542382263;1.0;0.9998839927145593;1.00025912139855;1.0002656476473846;0.9999776871311342;0.999991825677411;0.9999906284600888;0.9999423798715734;0.9998363544502296;1.0;0.9999753845345795;0.999998923606735;1.0;0.9998036166007979;0.9999272298287961;1.0;0.9999912732606054;0.9999999999999999;0.99999907674352;0.9999784328485833;0.9999720682849929;1.0002063755433834;1.024999976158142;
2016-08-16 23:15:00;1.0;0.9999937979887407;0.9999771353857119;0.9999990561589338;1.0;1.0;1.0002618008635469;0.9999229715168005;1.0;1.0;0.9999827470233548;1.0002031311933306;1.0002132016555996;0.9999600647827187;0.9998960717154416;0.9998978750448523;0.9998990297870467;0.9999981815721122;0.9999981449387049;0.9999831233550935;0.9999868430106303;0.9999999999999999;0.9998985987123068;1.0002580013920204;1.0002639326867866;0.9999815319108627;0.9999931369313454;0.9999916926154083;0.9999382601822483;0.9998291370800836;1.0;0.9999728868493416;0.9999983470413352;1.0;0.9997963931853473;0.9999197369047084;1.0;0.9999900664615025;1.0;0.9999985822728424;0.9999824312203409;0.9999756877805568;1.0002082192199337;1.024999976158142;
2016-08-16 23:30:00;1.0;0.9999937250951654;0.9999737547715644;0.9999991205555181;1.0;1.0;1.0002683237850551;0.999914078568514;1.0;1.0;0.999980008468331;1.0001982106562688;1.0002084159721927;0.99995558282095;0.9998831112961453;0.9998849336828248;0.9998861675964833;0.9999967936037432;0.9999967464943834;0.9999793185372635;0.9999801104724174;1.0;0.9998856184019748;1.0002637958908929;1.0002710277902223;0.9999750906898798;0.999990826612609;0.9999907580939014;0.9999505265106554;0.999842641649862;1.0;0.9999705764451676;0.9999983279642203;1.0;0.9998072742365828;0.9999133232826768;1.0;0.9999912732606053;1.0;0.9999985660967619;0.9999746909509354;0.9999720300436927;1.0002033680297155;1.024999976158142;
2016-08-16 23:45:00;0.9999999999999999;0.9999986400190626;0.999980173077169;0.9999995472923819;1.0;1.0;1.0002650493401335;0.9999419833255911;1.0;1.0;0.9999858012720727;1.000212466849608;1.0002217886840983;0.9999705815051918;0.9999270142644205;0.999927414774499;0.9999279858671974;0.9999982428670855;0.9999982126894837;0.9999849416409099;0.9999881085450054;1.0;0.9999277125256266;1.0002618800701342;1.0002667997097898;0.9999840551506596;0.9999940627590278;0.9999938784207929;0.9999579207118382;0.9998537302497376;1.0;0.9999701360801584;0.9999996346878901;1.0;0.9998177069796129;0.9999119747428327;1.0;0.9999904792909121;1.0;0.9999996862146057;0.9999844306814671;0.9999778801024075;1.0002174797096217;1.024999976158142;
2016-08-17 00:00:00;1.0;0.999998350643314;0.9999779783493954;0.9999994418413061;0.9999999999999999;1.0;1.0002656154118892;0.9999318712628436;0.9999999999999999;1.0;0.9999834333954737;1.000201129590135;1.000210800135584;0.9999654413115877;0.9999101041464168;0.9999105873386683;0.9999113741576502;0.999996932743956;0.9999968869808863;0.9999819440145364;0.999981776185989;1.0;0.9999109522523258;1.0002616090904608;1.0002680044820313;0.9999779686169044;0.9999919427706473;0.9999928039232235;0.9999600109418585;0.9998594280535016;1.0;0.9999665676832713;0.9999995576171348;1.0;0.9998242425324415;0.9999009124810764;1.0;0.9999904792909121;1.0;0.9999996202332921;0.999977130434268;0.9999758134812625;1.000206313800381;1.024999976158142;
