;('LV4.101 Bus 1', 'L1');('LV4.101 Bus 10', 'L1');('LV4.101 Bus 11', 'L1');('LV4.101 Bus 12', 'L1');('LV4.101 Bus 13', 'L1');('LV4.101 Bus 14', 'L1');('LV4.101 Bus 15', 'L1');('LV4.101 Bus 16', 'L1');('LV4.101 Bus 17', 'L1');('LV4.101 Bus 18', 'L1');('LV4.101 Bus 19', 'L1');('LV4.101 Bus 2', 'L1');('LV4.101 Bus 20', 'L1');('LV4.101 Bus 21', 'L1');('LV4.101 Bus 22', 'L1');('LV4.101 Bus 23', 'L1');('LV4.101 Bus 24', 'L1');('LV4.101 Bus 25', 'L1');('LV4.101 Bus 26', 'L1');('LV4.101 Bus 28', 'L1');('LV4.101 Bus 29', 'L1');('LV4.101 Bus 3', 'L1');('LV4.101 Bus 30', 'L1');('LV4.101 Bus 31', 'L1');('LV4.101 Bus 32', 'L1');('LV4.101 Bus 33', 'L1');('LV4.101 Bus 34', 'L1');('LV4.101 Bus 35', 'L1');('LV4.101 Bus 36', 'L1');('LV4.101 Bus 37', 'L1');('LV4.101 Bus 38', 'L1');('LV4.101 Bus 39', 'L1');('LV4.101 Bus 4', 'L1');('LV4.101 Bus 40', 'L1');('LV4.101 Bus 41', 'L1');('LV4.101 Bus 42', 'L1');('LV4.101 Bus 43', 'L1');('LV4.101 Bus 44', 'L1');('LV4.101 Bus 5', 'L1');('LV4.101 Bus 6', 'L1');('LV4.101 Bus 7', 'L1');('LV4.101 Bus 8', 'L1');('LV4.101 Bus 9', 'L1');('MV1.101 Bus 52', 'L1');('metainfo', 'in the first', 'few indices')
2016-06-10 00:00:00;0.9999678343002316;1.0;1.0;0.9999853700441861;0.9998317142312567;1.0;1.0018443313480554;0.9999887059044128;0.9998670598032063;1.0;1.0;1.0;1.0004458093135231;0.9999887175804058;0.9999918909970045;1.0;0.9999981105532068;0.999830407682692;1.000620222478432;0.9999407901866418;0.9999541639193869;0.9999897402179901;0.9999985156377204;1.0017488935672436;1.0018830802633445;0.9999448335432325;0.9999911702310675;0.9999976272123662;1.0009087852203686;1.0004876396000437;1.0002268902470546;1.0000911184743446;0.9998402721677204;1.0;0.9998140629075527;0.9999730456377279;1.0;0.9999999999999999;1.001710898129557;0.999836868063012;0.9999479995673565;0.9999757595612182;1.0002422209758832;1.024999976158142;simulation#5360
2016-06-10 00:15:00;0.9999528365955744;1.0;1.0;0.9999792222298225;0.9997610490239855;1.0;1.0019059962153989;0.9999864435847504;0.9998152173898882;1.0;1.0;1.0;1.0004570378552968;0.9999820840442588;0.9999839466750656;1.0;0.999998040188886;0.9997593520278416;1.0006405213707592;0.9999192863513962;0.9999360298570527;0.99999065644601;0.9999984363765674;1.001807309513453;1.001946056052699;0.999925232642424;0.999991393500425;0.9999962200397381;1.0009431580976929;1.000513787046822;1.0002381659213753;1.0000962202802381;0.9997708566343942;0.9999999999999999;0.9998168349415041;0.9999733340553832;1.0;1.0;1.0017674010227307;0.9997661092069546;0.999928732214453;0.9999684941409526;1.0002464715055532;1.024999976158142;comment data format: active and reactive powers in Watts
2016-06-10 00:30:00;0.9999532931057981;1.0;1.0;0.9999785934816722;0.9997728930653712;0.9999999999999999;1.0019042972667047;0.9999868528778019;0.9998239293719524;1.0;1.0;1.0;1.0004572113622745;0.999982497273256;0.9999842583300038;1.0;0.99999755821684;0.9997714993603518;1.0006403064094698;0.9999220739629779;0.999937517694009;0.9999920104619542;0.9999981023763471;1.0018052831172837;1.0019446190157708;0.9999260867321621;0.9999927044266587;0.9999963021518614;1.0009397188863753;1.0005095788795089;1.0002361600073215;1.0000955944327807;0.9997815709351603;0.9999999999999999;0.9998147093604821;0.9999740733054329;1.0;1.0;1.0017659124902878;0.999777177832685;0.9999301313904784;0.9999697609272835;1.0002466410903437;1.024999976158142;step time in minutes: 15
2016-06-10 00:45:00;0.9999689149822631;1.0;1.0;0.9999856898396251;0.9998405060367416;1.0;1.0018071377963575;0.9999900569588875;0.9998754193941128;0.9999999999999999;1.0;1.0;1.0004369196238;0.9999875473011176;0.9999892086402473;1.0;0.9999982834596041;0.9998398474923729;1.0006082740822597;0.9999455925579382;0.999958786370182;0.9999940525595183;0.9999986885292843;1.0017135539823132;1.0018450384529614;0.9999498689459303;0.9999949911232245;0.9999973847776737;1.000922411106477;1.0005288098691854;1.000245413217386;1.0000981453755875;0.9998464236143333;1.0;0.9998524251029924;0.9999692238445991;1.0;1.0;1.00167607818099;0.9998434206268375;0.9999533896046677;0.9999785352925102;1.000236715969594;1.024999976158142;start time of simulation: 2016-06-10 00:00:00+00:00
2016-06-10 01:00:00;0.9999666009289543;1.0;1.0;0.9999847715975231;0.9998373493232526;1.0;1.0017629967263133;0.9999897847926286;0.9998723188307787;1.0;1.0;1.0;1.0004253198488617;0.99998956983891;0.9999923392797639;0.9999999999999999;0.9999980535579783;0.999835613973643;1.0005924927933043;0.9999418758117332;0.9999517102928717;0.9999899295448704;0.9999984435558088;1.0016716722218695;1.0018002025740982;0.9999436100392705;0.9999908302654987;0.9999978060684184;1.0009342039891957;1.0005672562982206;1.0002677828358317;1.0001112641098504;0.9998461573542979;0.9999999999999999;0.999885704712237;0.9999787660316187;1.0;1.0;1.0016355386269946;0.999842739566758;0.9999458535415897;0.9999765326248162;1.0002311136598092;1.024999976158142;end time of simulation: 2016-06-24 00:00:00+00:00
2016-06-10 01:15:00;0.9999749562119399;1.0;1.0;0.9999888466572886;0.9998715474323343;1.0;1.0017404091319302;0.9999919933774906;0.9998994371473849;1.0;1.0;0.9999999999999999;1.000421366476078;0.9999913505747859;0.9999932972735964;1.0;0.9999987356043568;0.9998703956157301;1.0005853417660058;0.9999552937806665;0.9999643897026239;0.9999927113495272;0.999998987224747;1.0016506110259766;1.0017767658343126;0.9999581047193263;0.9999934794693148;0.9999981888577193;1.0008890807772803;1.000522824454957;1.000239411806602;1.0000975484130084;0.9998780193913867;1.0;0.999875722042352;0.9999753075478749;1.0;1.0;1.0016145273660144;0.9998753735536855;0.9999600103784029;0.9999819767321848;1.0002291780135488;1.024999976158142;"[""terminal(s) with malfunction: ['LV4.101 Bus 9']"", 'type of malfunction: EVSE without P(U) control']"
2016-06-10 01:30:00;0.9999275237561824;1.0;0.9999999999999999;0.9999677417146947;0.9996256593985149;0.9999999999999999;1.001915977640431;0.9999800520175487;0.9997134526834814;1.0;1.0;1.0;1.0004547051101405;0.9999665792265539;0.9999661711091332;1.0;0.9999973456072531;0.9996251633757748;1.0006447294445329;0.9998794584224875;0.9999110121039186;0.9999959015031197;0.9999980085964659;1.0018161559679772;1.0019563699349694;0.9998928495808083;0.9999964957221631;0.999992949305768;1.001002166894899;1.000609665068248;1.0002839723159016;1.0001197964417117;0.999634344867891;1.0;0.9998813303720684;0.9999829049921505;1.0;1.0;1.001774916877779;0.999627685759264;0.9999007134106328;0.9999548660189168;1.0002409531544494;1.024999976158142;terminals with PVs: ['LV4.101 Bus 10', 'LV4.101 Bus 11', 'LV4.101 Bus 43', 'LV4.101 Bus 40', 'LV4.101 Bus 18', 'LV4.101 Bus 23', 'LV4.101 Bus 2', 'LV4.101 Bus 14', 'LV4.101 Bus 19', 'LV4.101 Bus 44']
2016-06-10 01:45:00;0.9999796789536922;1.0;1.0;0.9999907724407449;0.999899973362282;1.0;1.001692474054849;0.9999942307712503;0.9999224596685199;1.0;1.0;1.0;1.0004105719860092;0.9999924433983134;0.9999932461030124;1.0;0.9999989772871313;0.9998993071990323;1.0005696261462005;0.9999657760789062;0.9999725958539253;0.9999962388859363;0.9999991994276975;1.0016051468605285;1.001727761381356;0.9999676891948366;0.9999965561555332;0.9999984222900831;1.0008792545826017;1.000537607254238;1.0002434243325837;1.0000983810120117;0.9999039598195417;1.0;0.9999038012414457;0.9999723250036141;1.0;1.0;1.0015699873039898;0.9999020012953215;0.9999693735939035;0.9999866752652188;1.000223257553034;1.024999976158142;terminals with EVSE: ['LV4.101 Bus 33', 'LV4.101 Bus 30', 'LV4.101 Bus 21', 'LV4.101 Bus 43', 'LV4.101 Bus 36', 'LV4.101 Bus 26', 'LV4.101 Bus 9', 'LV4.101 Bus 20', 'LV4.101 Bus 7', 'LV4.101 Bus 13']
2016-06-10 02:00:00;0.9999799207415954;1.0;0.9999999999999999;0.9999903951517249;0.9999090086507938;1.0;1.0016698239324335;0.9999946274403103;0.9999291646132791;1.0;1.0;1.0;1.0004053062718794;0.9999931886161203;0.9999940414729325;1.0;0.99999866923212;0.9999083532168928;1.0005620924737157;0.9999676664731455;0.9999728280183946;0.9999965482504903;0.9999989731100105;1.0015834155806613;1.001704854085223;0.9999678430847697;0.9999967906191144;0.9999985754438463;1.0009090639643474;1.0005925183747209;1.0002743448055624;1.000115555753118;0.9999126707285532;1.0;0.9999411002106506;0.9999828135646541;0.9999999999999999;1.0;1.0015491084293064;0.9999109023258965;0.9999695721492972;0.9999874649764556;1.0002205648302729;1.024999976158142;
2016-06-10 02:15:00;0.9999880816354462;0.9999999999999999;1.0;0.9999942850791059;0.9999475805901633;1.0;1.001601818021685;0.9999967468783786;0.9999588092868861;1.0;1.0;1.0;1.0003902006495269;0.9999967213307401;0.9999976111691884;1.0;0.9999991337119553;0.9999469450389239;1.0005392109878022;0.9999805374929418;0.9999827699783082;0.9999967807618236;0.999999316880024;1.0015192154530046;1.0016352284466645;0.9999799713173312;0.9999969802908197;0.9999993174547994;1.0009020137589755;1.0005964813248849;1.0002857478276703;1.0001224070391603;0.9999504715908495;0.9999999999999999;0.9999455083065489;0.9999882280795108;1.0;1.0;1.001486284970703;0.9999493653633443;0.9999807186099215;0.9999922350433434;1.0002131478127685;1.024999976158142;
2016-06-10 02:30:00;0.9999896698949542;1.0;1.0;0.9999946589839844;0.9999562072925627;1.0;1.0015753260124034;0.9999966887390068;0.9999645916973378;1.0;1.0;0.9999999999999999;1.0003844013250027;0.9999975738450047;0.9999988900977271;1.0;0.9999989313367983;0.9999556804617763;1.000530451043045;0.999982554739723;0.9999846099361043;0.9999963969364964;0.9999991753317344;1.0014939613088483;1.0016082898796606;0.999981414917359;0.9999968250083743;0.9999994950979446;1.0009034047794751;1.0006059030964154;1.00029780109063;1.0001334581473706;0.9999589837409919;1.0;0.9999505907933012;1.0000054651142425;1.0;1.0;1.001461849849433;0.9999580696276015;0.9999824352407459;0.9999927608772724;1.0002102782788411;1.024999976158142;
2016-06-10 02:45:00;0.9999914266226876;1.0;1.0;0.9999959117679921;0.999954087257195;1.0;1.0015663208696797;0.9999964643710265;0.9999630060539044;0.9999999999999999;1.0;1.0;1.0003824814823523;0.999997144347509;0.9999984288007729;1.0;0.9999993177773713;0.9999537626533062;1.0005275698455496;0.9999832676326756;0.9999874348201517;0.9999964952385427;0.9999994743597374;1.0014857118327742;1.0015988209042466;0.9999843182488873;0.9999971202446851;0.9999994066208502;1.000899889167021;1.0006066092156392;1.0002972609918388;1.000132897112087;0.9999566826458273;0.9999999999999999;0.9999550130800737;1.0000044862745048;1.0;1.0;1.001453376848493;0.9999557613073629;0.9999854723779663;0.9999929088929157;1.0002091172932028;1.024999976158142;
2016-06-10 03:00:00;0.9999889677343357;1.0;0.9999999999999999;0.9999941253982912;0.9999518471117826;1.0;1.0015712813564135;0.9999962256783655;0.9999609933600179;1.0;1.0;1.0;1.0003835293805101;0.9999967770151291;0.9999980724539107;1.0;0.9999987809285618;0.9999515638884352;1.0005293261929766;0.9999812215281147;0.9999844948549623;0.9999969246695011;0.9999990815457721;1.0014900062962702;1.001604211901581;0.9999804836067883;0.9999974750531094;0.9999993289979245;1.0009055734489147;1.0006124261982665;1.0003009104919527;1.0001352800439156;0.999954218653175;0.9999999999999999;0.9999565570987206;1.0000068059703626;1.0;1.0;1.001458020289765;0.9999533151740227;0.9999820818275128;0.9999922795626266;1.000209606180504;1.024999976158142;
2016-06-10 03:15:00;0.9999876233448697;1.0;1.0;0.99999380651443;0.9999376365267408;1.0;1.001585457853514;0.9999951681658054;0.9999497152127761;1.0;1.0;1.0;1.0003867243783486;0.999995781697534;0.9999974011953336;1.0;0.9999988703406126;0.999937331835932;1.0005340813335237;0.9999769892308459;0.999982542424937;0.9999959138215634;0.9999991459460652;1.0015035791914222;1.001618573477469;0.9999778717156336;0.9999967241033005;0.999999120463211;1.0009133865768987;1.000617452616658;1.0003035598173822;1.0001366745647877;0.9999407199025605;1.0;0.99995576295409;1.0000074798279397;1.0;1.0;1.001471097701543;0.9999395336912791;0.9999797532670662;0.999990399231158;1.0002111950043995;1.024999976158142;
2016-06-10 03:30:00;0.9999897740704793;1.0;0.9999999999999999;0.9999949665045376;0.9999553658534946;1.0;1.0015762552981302;0.9999969939262854;0.9999645401215186;1.0;1.0;1.0;1.0003844174768513;0.9999973496660101;0.9999983427841843;0.9999999999999999;0.9999991440732923;0.999954819110671;1.0005307314290774;0.9999829931839705;0.9999849963054975;0.9999968516146746;0.9999993307449188;1.001494974647806;1.0016091274170529;0.9999823047264098;0.9999971298893895;0.9999994480307158;1.0009041184084617;1.0006098917698774;1.0002980942185178;1.0001332258296638;0.9999579994822597;1.0;0.9999558381213031;1.0000043675026282;1.0;1.0;1.0014626394707502;0.9999570566992013;0.9999830776361676;0.999993092472062;1.000210156866535;1.024999976158142;
2016-06-10 03:45:00;0.999984130594015;1.0;1.0;0.9999927838811455;0.9999239515342903;1.0;1.0015936482740195;0.9999955225749231;0.9999407666642185;1.0;1.0;1.0;1.0003872773442009;0.9999948661101928;0.999995813764115;1.0;0.9999991361190894;0.9999231826533477;1.000536320155609;0.9999732035519753;0.9999775515093954;0.9999960252011825;0.9999993093037118;1.0015115171163185;1.0016268504118804;0.9999739575096432;0.9999962886927816;0.999998930292779;1.0009097187128526;1.0006095669885735;1.000298966905085;1.0001346663731288;0.9999277185331976;1.0;0.9999499916573972;1.0000075511475108;1.0;1.0;1.0014785391259395;0.9999261427490873;0.9999749563665076;0.999989390608569;1.0002111188669696;1.024999976158142;
2016-06-10 04:00:00;0.9999896427351027;1.0;1.0;0.9999952200812655;0.9999511130483607;1.0;1.0015781219056066;0.9999969188572237;0.9999615508877332;1.0;1.0;1.0;1.0003846517309825;0.9999970537754556;0.9999979674293347;1.0;0.9999993459307842;0.9999505049874493;1.0005312713436045;0.9999821987546733;0.9999847558862978;0.9999966775505725;0.9999994752358066;1.0014969011181714;1.0016109097176382;0.999982319066052;0.999996936587407;0.9999993868276208;1.000907596600481;1.0006101206971127;1.00030015630417;1.0001343808878123;0.9999539728667891;1.0;0.9999518505083166;1.0000051047211984;1.0;1.0;1.0014643087087798;0.9999529199509354;0.999982923853255;0.9999927864975804;1.0002101954205505;1.024999976158142;
2016-06-10 04:15:00;0.999982697094828;1.0;1.0;0.9999912877034688;0.999927222670059;1.0;1.0016008042834208;0.9999951659817671;0.9999422836322781;1.0;1.0;1.0;1.0003892559683858;0.9999953449739601;0.9999967744446264;1.0;0.9999984702548752;0.9999264446146803;1.000538828766022;0.9999721609067633;0.9999752635577438;0.9999955898042914;0.9999988178454265;1.0015178357075856;1.0016345522659162;0.9999706165655114;0.999995965385297;0.9999990267740407;1.0009125428301053;1.000611981531413;1.0002990119588218;1.0001342426277742;0.9999310793148358;1.0;0.9999512372463307;1.0000062106292222;1.0;1.0;1.0014853757190314;0.9999295987978135;0.9999720894560328;0.999988865549286;1.0002124311400058;1.024999976158142;
2016-06-10 04:30:00;0.9999887888770522;0.9999999999999999;1.0;0.9999945032700774;0.9999406090052582;1.0;1.0015811013490643;0.9999953777731124;0.9999521265694354;1.0;1.0;1.0;1.0003858173711528;0.9999959784381498;0.9999975317300981;0.9999999999999999;0.9999990390048525;0.9999403456972998;1.0005326240698225;0.9999784302268868;0.999984156900037;0.999996042567496;0.9999992731720351;1.0014995638782882;1.0016140252442862;0.999979807251965;0.9999968626792732;0.9999991626771986;1.0009025888075906;1.0006053647655246;1.0002961943303508;1.0001328595817343;0.999943554707715;1.0;0.9999515356636504;1.0000057972591914;1.0;0.9999999999999999;1.0014670357553583;0.999942423267174;0.9999815768232644;0.9999909404170632;1.000210729650759;1.024999976158142;
2016-06-10 04:45:00;0.9999881669364263;1.0;0.9999999999999999;0.999994389922317;0.9999343682442341;1.0;1.0015853950285671;0.9999951706860689;0.9999476238997846;1.0;1.0;1.0;1.0003866657003975;0.9999951530473468;0.9999964850318807;0.9999999999999999;0.9999991566251744;0.9999342060770622;1.0005341272857202;0.9999771223201083;0.9999839255464384;0.9999964888538048;0.9999993669624316;1.0015037077438724;1.0016183209063394;0.999979427430071;0.99999729594703;0.9999989912656762;1.0009012153762684;1.0005975764668835;1.0002932515360976;1.0001309009301782;0.9999371396675133;1.0;0.9999428720587824;1.0000038176511057;1.0;1.0;1.001470891194257;0.9999359258114026;0.9999813497662355;0.9999905434437671;1.0002109439106899;1.024999976158142;
2016-06-10 05:00:00;0.9999927150198181;1.0;1.0;0.9999965525311918;0.9999558697565022;1.0;1.0015679762786422;0.9999962935996587;0.9999640654231513;0.9999999999999999;1.0;1.0;1.0003832625409868;0.9999971881788721;0.9999986164350754;1.0;0.9999994006133368;0.9999556968217094;1.0005282698641689;0.9999841868448825;0.9999893382503671;0.9999964386199015;0.9999995460536336;1.0014873541834952;1.0016004288488538;0.999986036729508;0.9999972479293574;0.9999994158723611;1.0009013538111287;1.0006057496024445;1.000295832482996;1.0001300329177114;0.9999583106770596;1.0;0.9999534247343965;0.9999977552485312;1.0;1.0;1.0014549060078057;0.9999574559475373;0.9999874027924558;0.9999931153430822;1.0002095896347778;1.024999976158142;
2016-06-10 05:15:00;0.9999876444043372;1.0;1.0;0.9999933133759447;0.9999452154425909;0.9999999999999999;1.0015986764774654;0.9999953974554415;0.999955140624327;1.0;1.0;1.0;1.0003901998146427;0.9999965036011533;0.9999982824282179;1.0;0.9999985251143481;0.9999449000136227;1.000538557988823;0.9999782631690922;0.9999823401258485;0.9999959580064726;0.9999988907242636;1.0015158556859418;1.0016322913858557;0.9999774423463317;0.9999967440010472;0.9999992702449315;1.000914502180667;1.000614075462726;1.0002957269157753;1.000126921503728;0.9999481317341115;1.0;0.9999549241363722;0.9999885220417958;0.9999999999999999;1.0;1.0014834961944172;0.9999471025001055;0.9999794189960087;0.999990887792285;1.0002133073973924;1.024999976158142;
2016-06-10 05:30:00;0.9999851896486619;1.0;1.0;0.9999926209748647;0.9999419354195588;1.0;1.0015962395462317;0.9999962673682403;0.9999539356714142;1.0;1.0;1.0;1.0003883432676812;0.9999970703708984;0.9999984701488647;1.0;0.999998690110222;0.9999408938336201;1.0005370341846727;0.9999768019521201;0.9999775342896186;0.9999952406306455;0.9999989614265948;1.001513662057456;1.0016298255374092;0.9999743113541163;0.9999954216871582;0.9999993878716874;1.0009173788529735;1.0006183525244245;1.0002982245346905;1.0001278465464756;0.9999459635228458;1.0;0.9999572925246536;0.9999879769196072;1.0;1.0;1.001481292147127;0.9999446474709538;0.9999749117791241;0.9999906319296469;1.0002123363100008;1.024999976158142;
2016-06-10 05:45:00;0.9999896390810334;1.0;1.0;0.9999950488148096;0.9999554667636613;1.0;1.0016452703542007;0.9999973451299218;0.9999651528412528;1.0;1.0;1.0;1.0004012729492229;0.999997237127002;0.9999979228357071;1.0;0.9999992666635891;0.9999548802002121;1.0005538363806403;0.9999834387603732;0.99998500138797;0.9999973208631323;0.9999994183149061;1.0015605574756083;1.0016794933312416;0.9999827567071495;0.9999974231687352;0.999999425069092;1.0009389445662413;1.0006339563554647;1.0003026762362117;1.0001292890468396;0.9999579474432989;1.0;0.9999597059292691;0.9999864757286591;1.0;1.0;1.001526579209222;0.9999569947662197;0.9999832916574124;0.9999934462612232;1.0002193023624344;1.024999976158142;
2016-06-10 06:00:00;0.9999909029639787;1.0;0.9999999999999999;0.9999957711623471;0.9999565162399612;1.0;1.0016748375445415;0.9999972377804248;0.9999658018674643;0.9999999999999999;1.0;1.0;1.0004089395052256;0.9999972124258754;0.999997964183706;1.0;0.9999994174819616;0.9999560614374371;1.0005638610702696;0.9999843213352456;0.9999868910253678;0.9999973242350397;0.9999995387230906;1.0015887594072035;1.001709536966132;0.9999846060873813;0.9999975719113037;0.999999420625644;1.0009595526742943;1.0006491146352061;1.0003132726555575;1.0001367120883722;0.999958854046136;1.0;0.9999581618961536;0.9999948007541603;0.9999999999999999;1.0;1.001553955734227;0.9999579464246505;0.9999852701846985;0.9999936745413065;1.0002235216541016;1.024999976158142;
2016-06-10 06:15:00;0.9999902383264723;1.0;0.9999999999999999;0.9999950037287698;0.9999595655133545;1.0;1.00171369216097;0.9999972061797866;0.9999677464071711;1.0;1.0;1.0;1.000418661298928;0.9999974978634304;0.9999984032148571;1.0;0.9999990704155225;0.999959119881625;1.0005769676873106;0.9999842538019174;0.9999859270361601;0.9999973435349646;0.9999992835409843;1.0016253861359017;1.001749396586076;0.9999831852881346;0.999997595989568;0.9999994789926004;1.0010012316140715;1.0006877822654423;1.0003377615711153;1.0001510358100665;0.9999618068450735;1.0;0.9999650869607113;1.0000054239686431;1.0;1.0;1.0015900810547649;0.9999609811245185;0.999984066129924;0.9999936498159929;1.000228957684937;1.024999976158142;
2016-06-10 06:30:00;0.9999876682083616;1.0;1.0;0.9999935409174991;0.9999519564659466;1.0;1.0017705155213608;0.9999968039117391;0.9999618470846867;1.0;1.0;1.0;1.000432209789204;0.9999967900326704;0.9999976715135279;1.0;0.9999987695562552;0.9999514801937107;1.0005960319432907;0.9999811293088566;0.9999827053077959;0.9999974436602733;0.9999990596261241;1.001679080286299;1.0018075658615024;0.9999793095219681;0.9999976339579737;0.9999993308578088;1.0010399511510049;1.000714916278555;1.0003541780898497;1.0001599712272244;0.9999542991062002;1.0;0.9999625983614893;1.0000106593478153;1.0;1.0;1.001642754381704;0.9999533534894697;0.9999804638435785;0.9999925648882907;1.000236205856238;1.024999976158142;
2016-06-10 06:45:00;0.9999880532370157;1.0;1.0;0.9999938234564111;0.9999506531034162;1.0;1.001746426650235;0.9999965547478699;0.9999605971882559;1.0;1.0;1.0;1.0004264039973327;0.9999968408497977;0.9999979260929427;1.0;0.99999882827354;0.999950166091528;1.0005879338792114;0.9999807827198656;0.9999829692982506;0.9999969348815743;0.9999991021544519;1.0016562970165759;1.001782927911276;0.9999794816664407;0.9999972560972658;0.9999993416419032;1.0009888630413466;1.0006574683367973;1.0003187557145716;1.000140330300598;0.9999532511779504;1.0;0.999942420675112;0.9999985832276881;1.0;1.0;1.0016204266555055;0.9999522661431762;0.9999806690305052;0.9999922702814246;1.0002330866594629;1.024999976158142;
2016-06-10 07:00:00;0.9999817473370072;1.0;1.0;0.9999894939998527;0.9999381286812308;0.9999999999999999;1.0018162571403386;0.999995138785259;0.9999495709857947;1.0;1.0;1.0;1.0004430309155898;0.9999958603033694;0.9999975539833811;1.0;0.999997541320912;0.9999376325034408;1.0006115665262727;0.9999732644787299;0.9999745960126171;0.9999964782607114;0.9999981528801877;1.0017216107952136;1.0018549546450646;0.9999684705018457;0.9999969174842446;0.9999991297194579;1.0009097818710213;1.0005704585529793;1.0002408651746628;1.0000983564704202;0.9999410597719198;1.0;0.9999299178631214;0.9999760392798398;1.0;1.0;1.0016853716907783;0.9999399351969492;0.9999708567226179;0.9999893713492937;1.0002420979926179;1.024999976158142;
2016-06-10 07:15:00;0.9999846658962523;1.0;0.9999999999999999;0.9999912736415194;0.9999493077298577;0.9999999999999999;1.0019145328591528;0.9999961684529852;0.9999588465191928;1.0;1.0;1.0;1.0004673512371263;0.9999968284853914;0.9999981997436843;0.9999999999999999;0.9999979943353082;0.9999487518182167;1.000644417940761;0.9999779029450064;0.9999782870489016;0.9999968569082357;0.9999984826167806;1.0018151560374564;1.0019550170539413;0.9999735654926764;0.9999971235236264;0.9999993347679867;1.0008008703234124;1.0004581882817352;1.0001341302854896;1.0000408542261754;0.9999519725202679;1.0;0.9999246238077537;0.9999458417307594;1.0;1.0;1.001776504832729;0.9999510031299597;0.9999752594400387;0.9999912406626971;1.0002555748903972;1.024999976158142;
2016-06-10 07:30:00;0.9999881378251743;1.0;1.0;0.9999931814279036;0.9999567536476167;1.0;1.001926116785882;0.9999964950096416;0.9999646864590378;1.0;1.0;1.0;1.0004709395833336;0.9999969213699956;0.9999980914617904;1.0;0.9999984055412201;0.9999565500641903;1.000648573197072;0.9999818702309543;0.999983788236068;0.9999977108302684;0.9999988104268795;1.0018264341490075;1.0019665503335855;0.9999794134656725;0.9999981289318302;0.9999993564452343;1.000754847452514;1.0004224222379567;1.0000988102059674;1.0000239625391083;0.9999585949080001;1.0;0.9999334259689351;0.9999421835921323;0.9999999999999999;1.0;1.0017871383016255;0.9999578418173348;0.9999812446580169;0.9999927302848964;1.0002575187590805;1.024999976158142;
2016-06-10 07:45:00;0.9999761140152991;1.0;1.0;0.9999873154558133;0.999915571575446;1.0;1.0019965529409909;0.9999949557963618;0.999933759411317;0.9999999999999999;1.0;1.0;1.000485384244204;0.9999939341133389;0.9999949004466123;0.9999999999999999;0.9999976105444245;0.9999146924202629;1.000671709826301;0.999966423277868;0.9999672948546389;0.9999968671532581;0.999998177047683;1.0018926645128974;1.0020389814557857;0.9999615061377874;0.9999967716600692;0.9999987231374741;1.0008092475299313;1.0004606421961222;1.0001153445601705;1.0000240099179194;0.9999191309734359;1.0;0.999934384584767;0.9999205410500254;0.9999999999999999;1.0;1.0018523747218944;0.9999174987796933;0.999963414904697;0.9999872822788919;1.0002646561668322;1.024999976158142;
2016-06-10 08:00:00;0.9999586029113942;0.9999999999999999;0.9999999999999999;0.9999804182033981;0.9998098159868847;0.9999999999999999;1.0021308808090292;0.9999896312957652;0.9998536039367009;1.0;1.0;1.0;1.0005143174261482;0.9999839387984452;0.9999843154337311;1.0;0.9999976253949157;0.9998090471937052;1.0007168863103384;0.9999350072389095;0.9999470443708935;0.9999965586606847;0.9999981957192269;1.0020201830173263;1.0021758630632494;0.999937016390155;0.999996670146473;0.9999966136007139;1.0008440987937692;1.0004713019331517;1.0001027395004276;1.0000092540416465;0.999815269964481;1.0;0.99992996247685;0.9998934250217626;1.0;0.9999999999999999;1.0019759675061646;0.9998117837826033;0.9999409475231906;0.9999756092234939;1.0002779675353144;1.024999976158142;
2016-06-10 08:15:00;0.999966121002917;0.9999999999999999;1.0;0.9999839291760971;0.999844145710844;1.0;1.0023221470344603;0.9999913804210157;0.9998798250520949;1.0;1.0;1.0;1.0005626436936093;0.9999869597592446;0.9999874047739934;1.0;0.9999980086673802;0.9998434978988583;1.0007810714326626;0.9999465419937084;0.9999564751015192;0.9999968869517892;0.9999984867237518;1.0022018818386158;1.0023708781947291;0.9999481288952331;0.9999970415107455;0.9999972566924544;1.000747561758754;1.0002522211272167;0.9999686957740533;0.9999310473951384;0.999848756823756;1.0;0.9997734866522194;0.9998395415337035;1.0;1.0;1.0021535445434033;0.9998458926341982;0.9999513963084954;0.9999798531815037;1.0003051718764975;1.024999976158142;
2016-06-10 08:30:00;0.9999682191026723;1.0;1.0;0.9999797582461294;0.999923219095036;1.0;1.0022660962013952;0.9999931317941191;0.9999356510486725;1.0;1.0;1.0;1.000552291889171;0.9999944114312035;0.9999970035010438;0.9999999999999999;0.9999945423458348;0.9999226831053523;1.000762928882661;0.9999603050809581;0.9999569488394875;0.9999968109768049;0.9999959394602064;1.0021461522281763;1.0023158763883464;0.9999457123313454;0.9999971125387774;0.9999987939929756;1.0008185851708602;1.000377001187578;1.0000395974750935;0.9999682697612661;0.999926097266201;1.0;0.999853909810952;0.9998563724821031;0.9999999999999999;1.0;1.0021030015089885;0.9999249185390363;0.9999504013691363;0.9999847766546267;1.0003018028282367;1.024999976158142;
2016-06-10 08:45:00;0.9999698249543383;1.0;1.0;0.9999825254446905;0.9998988375290133;1.0;1.0023491152251935;0.9999924676504801;0.9999183922151994;1.0;1.0;1.0;1.000572149419493;0.9999919932164696;0.99999392068792;1.0;0.9999960017684416;0.9998984532133535;1.0007905428022643;0.9999574004243312;0.9999601164039422;0.9999967811690635;0.9999970258870776;1.0022260528227305;1.0023996220036226;0.9999499323264689;0.999997259267778;0.9999983099385475;1.0008499855425406;1.000370271390475;1.000026592125727;0.9999447944960242;0.9999021132363093;1.0;0.999828259690617;0.9998048941125051;0.9999999999999999;0.9999999999999999;1.0021793825843897;0.9999004375598567;0.9999542673470422;0.9999835958355603;1.0003119547956494;1.024999976158142;
2016-06-10 09:00:00;0.99997555794725;1.0;1.0;0.9999853709629554;0.9999153041197693;0.9999999999999999;1.0024301183350424;0.9999925998786809;0.999930026932914;1.0;0.9999999999999999;1.0;1.0005933260614253;0.9999936150054392;0.9999961793684119;1.0;0.9999963473572756;0.9999151419556889;1.0008179320091846;0.9999632881670393;0.999967208373395;0.9999958901117854;0.9999972962026854;1.002303190004529;1.0024820395130012;0.9999573483255536;0.9999968652115917;0.9999986474711277;1.000850256459996;1.0003416911006484;0.9999903397752833;0.9999086023656296;0.9999184680612513;1.0;0.9998113052796619;0.9997459212412011;1.0;1.0;1.0022546513072632;0.9999171063829082;0.999961721974139;0.9999852790112117;1.0003240890350917;1.024999976158142;
2016-06-10 09:15:00;0.9999826888225095;1.0;1.0;0.9999900695646581;0.9999371021133544;0.9999999999999999;1.0022618336707931;0.9999948490858211;0.9999485402118372;0.9999999999999999;1.0;1.0;1.000552480955279;0.9999956765561971;0.9999974996411645;1.0;0.9999976701078924;0.9999367376951174;1.0007611336275897;0.9999734300013958;0.9999760432151751;0.9999963341420169;0.9999982570494553;1.0021444582887853;1.0023095805931437;0.9999697251441898;0.99999696007082;0.9999990899215037;1.000801770152259;1.0003483464408947;1.0000156654426708;0.999943637048483;0.999939990457301;1.0;0.9998422143776493;0.999815119698;1.0;0.9999999999999999;1.0020985365538166;0.9999388710095015;0.9999723095232905;0.9999892863331616;1.0003020341878808;1.024999976158142;
2016-06-10 09:30:00;0.9999879480951475;1.0;0.9999999999999999;0.9999937506703835;0.9999510315543753;1.0;1.0022149865994925;0.999996371304182;0.999960479135113;1.0;1.0;1.0;1.0005411053417768;0.9999973961070355;0.9999988677577388;1.0;0.9999987486088262;0.9999503530292235;1.0007449384383111;0.999980201068792;0.9999819109407808;0.9999958617118587;0.9999990300038958;1.0021007912401034;1.0022611902425678;0.999978430351091;0.9999962715745243;0.9999994555739561;1.0007635816792047;1.0003129830488018;1.0000005543530384;0.9999394076345658;0.9999542695776356;1.0;0.9998310484055211;0.9998224134500462;1.0;0.9999999999999999;1.0020550662287158;0.9999532238346128;0.9999794535533856;0.9999918255647884;1.000296127088111;1.024999976158142;
2016-06-10 09:45:00;0.9999802541355834;1.0;1.0;0.9999899960401535;0.9999087340355024;1.0;1.002332117212545;0.9999927666531532;0.9999258312349474;1.0;1.0;0.9999999999999999;1.0005688897886933;0.9999950192575928;0.9999980533709876;1.0;0.9999980264389462;0.9999077338665823;1.0007839883105931;0.9999643078042001;0.9999701640449318;0.9999919057521689;0.9999984751294251;1.0022116301145212;1.0023810172935697;0.9999634922286411;0.9999930689821904;0.9999989564775768;1.0007820246332213;1.0002927608354357;0.9999802452379161;0.9999231459079362;0.9999146846010065;1.0;0.9998003625859361;0.9998020563467667;0.9999999999999999;0.9999999999999999;1.002163702266514;0.9999127797812752;0.9999657050574816;0.9999848837547262;1.000311158278198;1.024999976158142;
2016-06-10 10:00:00;0.9999633264793952;1.0;0.9999999999999999;0.9999782546786654;0.9999017622633469;1.0;1.0023743310561566;0.9999924629275322;0.9999195192371403;1.0;1.0;1.0;1.0005770343820501;0.9999945743315908;0.9999977161189659;1.0;0.9999946428261338;0.9999001140183098;1.000798156264018;0.9999521715691341;0.9999471982513455;0.9999931848989126;0.9999959355429492;1.0022490500618173;1.0024263471430945;0.9999368717888331;0.9999932693008072;0.999998826522005;1.0008008107227788;1.000324637015117;0.9999829776464828;0.999921489993465;0.9999077035213086;1.0;0.999830165209073;0.999792883914226;1.0;1.0;1.0022034960348873;0.9999057590732577;0.9999402096510255;0.9999813566835883;1.0003155243222768;1.024999976158142;
2016-06-10 10:15:00;0.9999649357311226;1.0;1.0;0.9999798482419239;0.999894447399906;1.0;1.0024764569025564;0.9999920680054262;0.9999140827925499;1.0;1.0;1.0;1.0006019098685428;0.9999940995093912;0.9999972994164086;1.0;0.9999952601378052;0.999892815950451;1.0008323065651832;0.9999516074529904;0.9999492326420152;0.999992460741061;0.9999963917592528;1.002346398185082;1.002530173935851;0.9999393365356636;0.999992767035147;0.9999987321156756;1.0007970702706785;1.0002674270234435;0.9999373558033077;0.9998808200915973;0.9999008547619506;1.0;0.9997804285871764;0.9997335414683821;1.0;1.0;1.0022980590388078;0.9998987280431988;0.999942491421222;0.9999808883580155;1.0003290374955356;1.024999976158142;
2016-06-10 10:30:00;0.9999708857871944;1.0;1.0;0.9999844123062097;0.9999145946371865;1.0;1.002397501616142;0.9999951750278621;0.9999326530960648;1.0;1.0;0.9999999999999999;1.000582196795248;0.9999961827411009;0.9999980120228735;1.0;0.9999968461615223;0.9999124193285486;1.000805028200333;0.9999617358798989;0.9999561847856692;0.9999933223430322;0.999997522723417;1.0022725877421217;1.0024487967690145;0.9999511486640809;0.9999927829235618;0.9999991858262144;1.0007863050335968;1.0002735800739138;0.9999604671468029;0.9999060239359445;0.9999209418271904;1.0;0.9997822142144351;0.9997776909121303;1.0;1.0;1.0022246842769673;0.9999189211235324;0.9999516250389413;0.9999852833608801;1.000318419374145;1.024999976158142;
2016-06-10 10:45:00;0.9999700658200497;1.0;0.9999999999999999;0.9999838935548014;0.999918060964753;1.0;1.00242121447143;0.9999956500856915;0.9999355949815757;1.0;1.0;1.0;1.0005876525454023;0.9999967526884049;0.9999984956594096;1.0;0.9999967141227319;0.9999156483034893;1.000812758354331;0.9999621012558894;0.999954522186478;0.9999932378643348;0.9999974087511849;1.002294956534812;1.002473139405889;0.9999499584968725;0.9999924586587585;0.9999993041536035;1.0007369642742425;1.0001980786835105;0.9999227097255298;0.9998941688090144;0.9999246132216352;0.9999999999999999;0.9997357044285667;0.9997929664707879;0.9999999999999999;1.0;1.0022467612379649;0.9999225958379071;0.9999500196784756;0.9999855596948445;1.0003215183562482;1.024999976158142;
2016-06-10 11:00:00;0.9999612324709345;1.0;1.0;0.9999823529711557;0.9998741630033082;1.0;1.0024148203846281;0.9999955827407154;0.999904766560432;0.9999999999999999;1.0;1.0;1.0005820149931077;0.9999965224094134;0.9999981964864054;1.0;0.9999977679793484;0.9998694157388675;1.0008082990369545;0.9999482075927183;0.999937012414842;0.9999875596779412;0.9999980218502964;1.0022899066199316;1.0024661670789157;0.9999363544267479;0.999985781778154;0.9999992557136613;1.0008143463100645;1.0003083027031754;0.9999828715195074;0.9999220867206878;0.9998863591435736;1.0;0.9997959276974686;0.999796198614217;1.0;1.0;1.0022408123934061;0.9998827290126827;0.9999326663104369;0.9999802111612406;1.0003183761738257;1.024999976158142;
2016-06-10 11:15:00;0.9999603178782331;1.0;1.0;0.9999816817590448;0.9998650754472977;0.9999999999999999;1.0024167123485506;0.9999944072787141;0.9998968524043303;0.9999999999999999;1.0;1.0;1.0005825263434447;0.9999954941791844;0.9999975632430679;1.0;0.9999975319244494;0.9998606223922925;1.0008092381400862;0.9999450942806724;0.9999364143829512;0.9999873084318776;0.9999978684798808;1.0022915080854056;1.0024681801631077;0.9999342561181996;0.999985927690722;0.9999990406987833;1.0007816236526605;1.0002586765725405;0.9999530244843714;0.999903372659565;0.999877225109754;1.0;0.9997689628644743;0.9997799460896961;1.0;1.0;1.0022425324612787;0.9998735286683841;0.9999315012985966;0.999978773194556;1.000318486535389;1.024999976158142;
2016-06-10 11:30:00;0.9999682388107429;1.0;1.0;0.999985242154272;0.9998864568166397;1.0;1.0024291116991608;0.9999950355932352;0.9999131465720312;1.0;1.0;1.0;1.000587995224121;0.9999949563725113;0.9999963131498059;0.9999999999999999;0.9999980348431226;0.9998834040342472;1.0008145169203002;0.9999553261929706;0.9999509053211241;0.9999912722809666;0.9999983373856841;1.002303555448705;1.0024803850654893;0.9999482173054506;0.9999903338264676;0.9999989389458775;1.0007896400611374;1.0002689978669026;0.9999637671844737;0.999916544203297;0.9998951527913391;1.0;0.9997717264750309;0.9998060489702745;1.0;1.0;1.0022536655428225;0.9998922637992628;0.9999468823192351;0.9999828687692818;1.0003212012997376;1.024999976158142;
2016-06-10 11:45:00;0.9999758769418471;1.0;1.0;0.9999885255055329;0.9999067647754358;1.0;1.0024428371232879;0.999995152230732;0.9999278233044794;1.0;1.0;1.0;1.0005936574983878;0.999994872107027;0.9999960999306239;1.0;0.9999983453502749;0.9999049711431609;1.0008202234014165;0.9999642361701396;0.9999641067263845;0.9999939152596754;0.9999986545623748;1.0023167202678782;1.0024940681047052;0.9999604489843807;0.9999936331040844;0.9999989261394614;1.000769082114853;1.0002357322129791;0.9999290141220278;0.9998825003955945;0.9999127196508962;0.9999999999999999;0.9997631525178355;0.9997506613328748;1.0;1.0;1.0022662122398998;0.9999105690362079;0.9999606157720669;0.9999861264089007;1.0003242481463084;1.024999976158142;
2016-06-10 12:00:00;0.999979053516923;1.0;1.0;0.99999037815592;0.9999151781899683;1.0;1.0024279615482594;0.9999957870454579;0.9999347458882463;1.0;0.9999999999999999;1.0;1.0005901607112397;0.9999952019326939;0.999996115691935;1.0;0.9999988027674482;0.9999135820692024;1.0008154400165106;0.9999684346071681;0.9999688997264402;0.9999947137304197;0.9999990055791665;1.0023028253860984;1.0024786442070526;0.9999660472522077;0.9999944266782055;0.9999989942477198;1.0007306904961506;1.0001831629631752;0.9998991214898842;0.9998640920591284;0.9999204766072612;1.0;0.9997362061011738;0.9997351215346698;1.0;1.0;1.0022523930430574;0.9999185111893065;0.9999660109116435;0.9999877933198968;1.000322310955437;1.024999976158142;
2016-06-10 12:15:00;0.9999740564716144;1.0;1.0;0.9999876296828538;0.9998998530455155;1.0;1.002367549711632;0.9999949646826257;0.9999228087201069;0.9999999999999999;0.9999999999999999;0.9999999999999999;1.0005745423760237;0.9999940374149162;0.9999950309821392;1.0;0.9999982564478308;0.9998980853532835;1.00079510156233;0.9999620687097143;0.9999621901575105;0.9999944099990697;0.9999985908480726;1.0022451336422507;1.0024173188621481;0.99995821957489;0.9999940176364033;0.9999987492120667;1.000709118754107;1.0001741668784787;0.9999080631724926;0.9998805983577528;0.9999056862149777;1.0;0.9997323679901955;0.9997711906059289;1.0;1.0;1.0021963718798874;0.9999034357298423;0.9999585505744053;0.9999854860719056;1.000313500049072;1.024999976158142;
2016-06-10 12:30:00;0.9999403005916992;1.0;1.0;0.999973085485174;0.999723049048969;1.0;1.002603307572068;0.9999856893116421;0.999787619738574;0.9999999999999999;0.9999999999999999;1.0;1.000625215010949;0.9999789314115316;0.9999799570598934;1.0;0.9999972856631677;0.9997206905574716;1.000873830563015;0.9999051802922684;0.999919512721154;0.999991195098392;0.9999978337974571;1.0024683420911367;1.0026582339033996;0.999907889565151;0.99999104524664;0.9999955409764378;1.000792611775945;1.0002232868769985;0.9999188458053297;0.9998879638652187;0.9997339117488848;1.0;0.999730507014045;0.9997803801358071;1.0;1.0;1.0024138216751222;0.999728370439435;0.9999112063221661;0.9999639992366086;1.0003376555867172;1.024999976158142;
2016-06-10 12:45:00;0.9999300295250811;1.0;1.0;0.9999688253936436;0.9996491881084868;1.0;1.0026028376714209;0.9999804461731439;0.9997294172489913;1.0;1.0;1.0;1.000623465241499;0.9999721953391753;0.9999740554480709;1.0;0.9999970421126448;0.9996472493347609;1.0008742227068352;0.9998823917702835;0.9999076447896391;0.9999892634416487;0.9999976836941348;1.0024678629645964;1.002657635926578;0.9998912747345786;0.9999901189366164;0.9999940933209346;1.0008749876239642;1.0003179573851047;0.9999820421681976;0.9999200219383119;0.9996617358282008;1.0;0.9997598209917479;0.9997914004277765;1.0;1.0;1.0024128787770714;0.9996549856003673;0.9998971007026823;0.9999546878746702;1.0003352763176192;1.024999976158142;
2016-06-10 13:00:00;0.9999504765391319;1.0;1.0;0.9999774465512119;0.9997380933272108;1.0;1.0025106313588479;0.9999821313864029;0.999792750194693;1.0;1.0;1.0;1.000605968663719;0.9999822069409293;0.999987293242697;0.9999999999999999;0.9999970695785363;0.9997362355637738;1.0008434755730051;0.9999079570092765;0.9999297225576733;0.999984113812969;0.9999977096499375;1.0023805582778431;1.0025634961171912;0.9999148427906392;0.9999865092701082;0.9999962243338149;1.0007529478045765;1.0001901705416814;0.9998997018712343;0.9998676919266326;0.9997511955205846;1.0;0.999725412777013;0.9997438504610642;0.9999999999999999;1.0;1.0023285996189026;0.9997459475329588;0.9999200712725466;0.9999622052050247;1.000328832495412;1.024999976158142;
2016-06-10 13:15:00;0.9999651318937574;0.9999999999999999;1.0;0.9999836353610285;0.999844790241882;1.0;1.002429051779777;0.999990827133662;0.9998788398614387;1.0;1.0;0.9999999999999999;1.0005878784683306;0.9999899431433585;0.9999921260605228;1.0;0.9999977549072162;0.9998429338436742;1.0008158161708685;0.9999434200020327;0.9999500393978947;0.9999912850018327;0.9999982149275781;1.0023032108199308;1.0024802514907383;0.999942468388485;0.9999916707342618;0.9999978814342713;1.000610546256153;1.000063090735697;0.9998194040503551;0.9998356165749677;0.9998529890877089;1.0;0.9997082558040692;0.9997548546511233;1.0;1.0;1.0022532703212608;0.9998497146305078;0.9999443678783266;0.9999776527848422;1.000320078910624;1.024999976158142;
2016-06-10 13:30:00;0.999962875683669;1.0;0.9999999999999999;0.99998224502546;0.9998333753109595;1.0;1.0024203255090398;0.9999894610225571;0.9998688672564022;1.0;1.0;1.0;1.0005858228634357;0.9999893302866051;0.9999922375780327;1.0;0.9999973292990139;0.9998315173704645;1.0008129443072669;0.9999385019866893;0.9999466108281956;0.9999899317261459;0.9999979010965591;1.0022947267503786;1.002471526718855;0.9999375076561229;0.9999906957210949;0.9999977509949295;1.0006385790996757;1.0000632065728852;0.9998380593845607;0.9998431094246191;0.999842324311233;1.0;0.9996712415929899;0.9997521553596695;1.0;1.0;1.0022452339705337;0.9998388544471738;0.9999401068938488;0.9999753884956959;1.0003189879430174;1.024999976158142;
2016-06-10 13:45:00;0.9999693714595611;1.0;1.0;0.9999846496218214;0.9998703520651204;1.0;1.0022921618294676;0.9999912425853782;0.999896947274768;1.0;1.0;1.0;1.0005562293419505;0.999992009480795;0.9999948177513068;1.0;0.9999972929487672;0.9998688555564303;1.0007703289437366;0.9999501520238359;0.9999556253722194;0.9999914262913535;0.9999978996536021;1.0021730660168608;1.00234076945894;0.9999474277579361;0.9999921725147616;0.9999983161842602;1.000613617878997;1.0000815066799837;0.9998548874625744;0.9998562309539695;0.999877639366923;1.0;0.9997056350825135;0.9997667236271454;1.0;1.0;1.0021265994991415;0.9998749563303984;0.999949918702615;0.9999799023439429;1.0003034070841603;1.024999976158142;
2016-06-10 14:00:00;0.9999623633033473;1.0;1.0;0.9999802346740527;0.9998634533647405;1.0;1.002276828089418;0.9999913233778169;0.9998919609295545;1.0;1.0;1.0;1.000551046074862;0.9999913665474639;0.9999938505078141;1.0;0.9999962196773686;0.9998616519638428;1.000765084000713;0.9999449121362589;0.9999463745609966;0.9999923012232986;0.9999970871423058;1.0021576060677841;1.0023258837369;0.9999372376408409;0.9999924630484354;0.9999981691501143;1.0005923860711732;1.0000797421524188;0.99984341921917;0.9998501014704122;0.9998707213423471;1.0;0.9997280980881995;0.9997631874332126;1.0;0.9999999999999999;1.0021125328785332;0.99986792259794;0.9999399005337524;0.9999785089116859;1.000300316124059;1.024999976158142;
2016-06-10 14:15:00;0.9999513220836411;1.0;1.0;0.9999717231578891;0.9998704158584345;0.9999999999999999;1.0024039145976524;0.9999913770785073;0.99989602493715;1.0;1.0;1.0;1.00058103394929;0.9999919271817452;0.9999947383136583;0.9999999999999999;0.9999934500673257;0.9998682728555124;1.00080787072621;0.9999389688059431;0.9999313698362066;0.9999935283762418;0.9999950216086074;1.0022759744361163;1.0024574315489503;0.9999193030005237;0.9999929666128441;0.9999982427014649;1.0006378874466013;1.0000930397845524;0.9998347887206932;0.9998324427768842;0.9998771809153715;1.0;0.9997173661220673;0.9997230021300954;1.0;1.0;1.0022310105240382;0.9998746336992993;0.9999230174382734;0.9999770047846156;1.000316928889156;1.024999976158142;
2016-06-10 14:30:00;0.9999510803977788;1.0;1.0;0.9999704008001213;0.9998701513101322;1.0;1.0022822919761807;0.9999899837140805;0.999893979077978;1.0;1.0;1.0;1.0005526063827022;0.9999907351021291;0.999994070230521;1.0;0.9999926574758882;0.9998688601373373;1.0007680200044482;0.9999378204729017;0.9999331101163926;0.9999947119934959;0.999994497081856;1.002160042862004;1.0023336304352912;0.999918094265518;0.9999947638944071;0.9999979798840322;1.000674071494487;1.0001676666303205;0.9999049860951369;0.9998825993728842;0.99987549579935;0.9999999999999999;0.999748963355873;0.9997776500770671;1.0;1.0;1.002118209504715;0.999873261438298;0.9999238724216628;0.9999763756555236;1.0003012136517568;1.024999976158142;
2016-06-10 14:45:00;0.9999477379179884;1.0;1.0;0.9999724988454193;0.9997973207821196;1.0;1.0022514510413663;0.9999864679780824;0.9998391517379576;0.9999999999999999;0.9999999999999999;1.0;1.000542843486223;0.9999858002093761;0.9999893810287227;1.0;0.9999947626589635;0.9997955425369531;1.0007568266341436;0.9999205873337645;0.9999276358170436;0.9999902407763571;0.9999960147414279;1.0021325996703765;1.0023006921369386;0.9999130188556263;0.9999910061884834;0.9999969748602564;1.0006445058802096;1.000140733285774;0.999896221426922;0.999884891595578;0.9998065085479199;1.0;0.9997385431599585;0.9997959444164929;1.0;1.0;1.002088813371106;0.999802614437948;0.9999182029788242;0.999968884272223;1.0002947526505328;1.024999976158142;
2016-06-10 15:00:00;0.999952184744772;1.0;1.0;0.9999773978132807;0.9997810121626884;1.0;1.0022193441889768;0.9999871896125684;0.9998296985743806;1.0;1.0;1.0;1.0005342505405492;0.9999837132000641;0.9999857733023194;1.0;0.9999970052383381;0.9997793565379731;1.0007458033307077;0.9999225444411189;0.9999350265661294;0.9999914805761252;0.9999976763996524;1.0021037401716144;1.0022665497333048;0.9999234700993497;0.9999920333911584;0.9999965629212693;1.0006041525912381;1.000108542553516;0.9998712401851592;0.9998695545024856;0.9997899963021176;1.0;0.9997405987572126;0.9997828791336393;1.0;0.9999999999999999;1.0020583281566746;0.9997857073700239;0.999927356562712;0.9999699409820644;1.000289187558498;1.024999976158142;
2016-06-10 15:15:00;0.999949795052355;1.0;1.0;0.999977048015947;0.9997583844085097;1.0;1.0022236476189266;0.9999863224573659;0.9998130977244319;0.9999999999999999;1.0;1.0;1.000534475071567;0.9999813694124936;0.9999830142751909;1.0;0.9999974383687313;0.9997568100099498;1.000747326569751;0.9999171537828733;0.9999328305263969;0.9999917800314412;0.9999980013591776;1.002108147412537;1.0022706316165004;0.9999210392633158;0.9999923376530783;0.9999960627962421;1.0006424498371707;1.0001608618357558;0.9998989870240717;0.9998820401652543;0.9997675911074702;1.0;0.9997682946643469;0.9997830474281333;1.0;0.9999999999999999;1.0020620139318446;0.9997628946797542;0.9999250956544626;0.9999680128437707;1.0002886514112195;1.024999976158142;
2016-06-10 15:30:00;0.9999401986969869;1.0;1.0;0.99997143532019;0.9997294694528827;1.0;1.0023021537525665;0.9999845984984285;0.9997905297425077;1.0;1.0;1.0;1.0005523146182727;0.9999782329735039;0.9999797819299536;0.9999999999999999;0.9999962513240179;0.9997280022046738;1.0007739839151797;0.999905434502213;0.9999215112184014;0.999992725887781;0.9999971338661466;1.0021817059620273;1.0023514482643232;0.9999068068449757;0.9999931356544958;0.999995369890055;1.0006794917770538;1.000160530411804;0.9999077991912716;0.9998878648084593;0.9997385883571706;1.0;0.9997307524626462;0.9997892912325517;1.0;1.0;1.0021347342671114;0.9997335118289162;0.9999122775060062;0.9999639720939626;1.0002976410461175;1.024999976158142;
2016-06-10 15:45:00;0.9999285298991182;1.0;1.0;0.9999617127005537;0.9997280333980549;1.0;1.0023361796263477;0.999982236958622;0.9997853432746796;1.0;1.0;1.0;1.0005608868721363;0.9999779232643162;0.9999812326966026;0.9999999999999999;0.9999927173106208;0.9997267683600182;1.0007861858650777;0.999895057662439;0.9999060750891687;0.9999925754841467;0.9999945429843207;1.002211412278823;1.002388273844396;0.9998851726252644;0.9999932526161879;0.9999952233239663;1.0007427041005734;1.0002310759306492;0.9999572165978398;0.9999225405363484;0.9997367820762821;1.0;0.9997499186556961;0.9998271761071459;1.0;1.0;1.0021669999507656;0.9997319905129235;0.9998936416338492;0.999959970784665;1.0003026787070637;1.024999976158142;
2016-06-10 16:00:00;0.9999531063012791;1.0;1.0;0.9999746827949242;0.9998242061134822;1.0;1.0022019871018544;0.9999880437563096;0.9998601736700156;1.0;1.0;0.9999999999999999;1.0005318883245524;0.9999870193660232;0.9999899886761299;1.0;0.9999949421088988;0.9998229715980045;1.0007407129886592;0.9999302933849492;0.9999363246651419;0.9999927773555544;0.9999961851532906;1.0020856580763429;1.0022501316892725;0.9999224784770584;0.999993434648675;0.9999972381721898;1.000616635094279;1.0001178379316165;0.9998823645891597;0.9998736214990409;0.9998312977214808;1.0;0.9997363733483381;0.9997801901269838;1.0;1.0;1.0020429444835082;0.9998280647263598;0.9999277684159349;0.9999729161216813;1.0002888887744876;1.024999976158142;
2016-06-10 16:15:00;0.9999541215606463;1.0;0.9999999999999999;0.9999759084026603;0.9998468036973724;1.0;1.002134360010315;0.999991108849481;0.9998797120779462;1.0;1.0;1.0;1.0005141257763321;0.9999909429841247;0.9999934310630789;1.0;0.9999954445469802;0.9998441475967106;1.0007166514771126;0.9999365253402618;0.9999337268030957;0.9999911538893886;0.9999964558281195;1.0020218632666464;1.0021810843158194;0.9999244383515751;0.9999906887571494;0.9999980639949639;1.000623039100013;1.000156852522327;0.9999135888684927;0.9998990959066306;0.9998556636288912;0.9999999999999999;0.9997682665813148;0.9998145560822125;1.0;1.0;1.0019806009474934;0.9998523680418622;0.999926451422634;0.9999756647534447;1.0002799877095834;1.024999976158142;
2016-06-10 16:30:00;0.9999618378145936;1.0;0.9999999999999999;0.9999807220352535;0.9998717353169873;1.0;1.0020981813530896;0.9999934466615769;0.9999005429536102;0.9999999999999999;0.9999999999999999;1.0;1.000505916419214;0.9999929903868036;0.9999946556298488;1.0;0.9999967144043241;0.9998690393330406;1.0007042838214049;0.9999477547396642;0.9999438150225146;0.9999921272962964;0.9999973890813727;1.0019884084661277;1.0021434690040965;0.9999378791681302;0.9999913447297444;0.9999985099685854;1.000612179628076;1.0001516905357246;0.999910390977979;0.9998936995629838;0.9998798710733119;0.9999999999999999;0.9997718487852686;0.9998025272636368;0.9999999999999999;1.0;1.001946966174543;0.9998769309194753;0.9999383268950122;0.9999801363264479;1.0002757860084173;1.024999976158142;
2016-06-10 16:45:00;0.9999511247362419;1.0;1.0;0.9999712976764681;0.9998717061791265;1.0;1.0021695329456697;0.9999910400413474;0.9998963621975074;1.0;1.0;1.0;1.0005240417782357;0.999992133278011;0.9999952915470505;1.0;0.9999931838951837;0.9998696061417598;1.0007293677225453;0.9999385407447124;0.999930919073877;0.9999931318642482;0.9999948284173859;1.0020534876714942;1.0022183475647506;0.9999182576989978;0.9999927290996342;0.9999982808992425;1.0006676962856493;1.000190963247105;0.9999377886017065;0.9999106177083044;0.9998785563725063;1.0;0.9997656260776107;0.9998168738131152;1.0;1.0;1.0020137393902804;0.9998760546622749;0.9999222795384587;0.999976679659806;1.0002858601656597;1.024999976158142;
2016-06-10 17:00:00;0.999960298569962;1.0;1.0;0.9999778947670004;0.999884052139243;1.0;1.0020990767151976;0.9999930230201625;0.9999082711393167;1.0;0.9999999999999999;1.0;1.0005073008765406;0.9999928219169539;0.9999947383136585;1.0;0.9999952906352799;0.9998820990147557;1.0007054222520801;0.9999487010910478;0.9999437794439884;0.9999942974592968;0.9999963916847339;1.0019881472700258;1.0021451821639602;0.9999349273037033;0.9999937306816333;0.9999984700259509;1.000604212209476;1.0001295405999833;0.9999087652517726;0.9998992859606479;0.9998901881151783;1.0;0.9997459327016984;0.9998215457016534;1.0;1.0;1.001947949398551;0.9998878164763763;0.9999373341169989;0.9999806936680337;1.0002765648143226;1.024999976158142;
2016-06-10 17:15:00;0.9999724796984487;1.0;1.0;0.9999871989684384;0.9998966987323488;1.0;1.0020023375579945;0.999995401950001;0.9999211511901697;1.0;1.0;1.0;1.0004839405432187;0.9999943157631098;0.999995116923491;0.9999999999999999;0.9999983657868625;0.999894482080732;1.000672299670466;0.9999608336012538;0.9999591223526628;0.9999938571980831;0.9999986399608246;1.0018986458312553;1.0020446345760083;0.999956113884629;0.9999931214231108;0.9999988055722752;1.0006034782754838;1.0001635925226209;0.9999383219379533;0.9999205204138109;0.9999032864876806;1.0;0.999777693100472;0.9998454585238897;1.0;1.0;1.0018578028388538;0.9999008361470344;0.9999556272174823;0.9999851687723875;1.0002638694601522;1.024999976158142;
2016-06-10 17:30:00;0.9999539650456785;1.0;1.0;0.9999789515746181;0.9998338654876515;1.0;1.0020877722135861;0.9999932983207861;0.9998738803931982;1.0;1.0;1.0;1.0004999631414728;0.9999921129317195;0.9999934751575799;0.9999999999999999;0.9999974554872681;0.9998294877464645;1.000699050646967;0.9999359261420399;0.9999295802386535;0.9999884574696747;0.9999978174056485;1.0019792097982425;1.002132549716725;0.999926338363556;0.9999868372529138;0.9999983309774847;1.0006222833778171;1.0001523604872176;0.9999258821177582;0.9999084079886285;0.9998459951946623;1.0;0.9997535622031964;0.9998260799205306;1.0;1.0;1.0019371957922658;0.9998417924928744;0.9999241404025926;0.9999757635744321;1.0002722491994063;1.024999976158142;
2016-06-10 17:45:00;0.999942442396304;1.0;1.0;0.9999739608927712;0.9998032126448129;1.0;1.0021320298666023;0.9999931477451177;0.9998517964670348;1.0;0.9999999999999999;1.0;1.0005072125097996;0.9999920311336439;0.9999934751575797;0.9999999999999999;0.9999969795883838;0.9997970230254961;1.0007122407668934;0.9999226439374072;0.9999100254085925;0.99998486481222;0.9999973395396716;1.002020922161654;1.0021782230555203;0.9999081544883851;0.9999822407949761;0.9999983054088907;1.0006212107410117;1.0001288363140435;0.9999096051515588;0.9998959692754896;0.9998192199820631;0.9999999999999999;0.9997301786475559;0.9998108090888652;0.9999999999999999;1.0;1.0019784642308696;0.9998139349961327;0.9999038059397446;0.9999709790210544;1.0002762120769217;1.024999976158142;
2016-06-10 18:00:00;0.999946650177843;1.0;1.0;0.9999750265713488;0.9998263001284052;1.0;1.0021156859377052;0.9999938327458208;0.999868875615733;0.9999999999999999;1.0;1.0;1.00050486166852;0.9999927208592351;0.9999939810434374;1.0;0.9999966951658348;0.9998208945902067;1.0007075481969305;0.9999301199528838;0.9999176063408906;0.9999872860830872;0.9999971848813969;1.0020051260536946;1.002161668121045;0.9999150018671923;0.9999848533151632;0.9999984490924085;1.0006682100297601;1.0001924677357772;0.9999574371186877;0.9999282895444086;0.9998400503227909;1.0;0.9997546121357012;0.999844264198359;1.0;0.9999999999999999;1.0019633422164034;0.9998354586612012;0.9999116482692623;0.9999739803653174;1.000275049195006;1.024999976158142;
2016-06-10 18:15:00;0.9999654354770352;1.0;0.9999999999999999;0.9999842440583616;0.9998598519749222;1.0;1.002080765941234;0.9999937869905087;0.9998935272950745;0.9999999999999999;1.0;1.0;1.000501443471268;0.9999907805395412;0.9999911718955129;1.0;0.9999982693631623;0.9998576094553328;1.0006985564109159;0.9999496269604775;0.9999508847780741;0.9999941219622186;0.9999985670646931;1.0019729611691799;1.0021247004020586;0.9999465219263998;0.9999932825584762;0.9999980645009983;1.00067154015307;1.000203264242336;0.9999660215013398;0.9999299933330448;0.9998669992483222;1.0;0.999762478436508;0.9998379921225845;1.0;1.0;1.0019301850979365;0.9998638988187302;0.9999466310264387;0.9999811824485052;1.0002725052778014;1.024999976158142;
2016-06-10 18:30:00;0.9999443432080646;0.9999999999999999;1.0;0.9999742699999654;0.9997609662381376;1.0;1.0022416014199995;0.9999880816034922;0.9998169328851694;1.0;1.0;1.0;1.0005367513205945;0.9999825913050072;0.9999835201546275;1.0;0.9999970311296299;0.999758327146887;1.0007524253544446;0.9999155881952178;0.9999236023371043;0.9999917183167228;0.9999976265045902;1.0021247619087383;1.002289453328468;0.9999138112064643;0.9999911109101378;0.999996307988861;1.0007631526011533;1.0002436459683726;0.9999999282075759;0.9999516674931633;0.9997712017542627;0.9999999999999999;0.99972386685413;0.9998591654919892;1.0;1.0;1.0020789058376882;0.9997662814934982;0.999916057594836;0.9999681898135572;1.0002900012577485;1.024999976158142;
2016-06-10 18:45:00;0.9999297627825866;1.0;1.0;0.9999690382593368;0.9996670045976187;1.0;1.0022562964441786;0.9999837599935787;0.9997464368354686;1.0;0.9999999999999999;1.0;1.0005368564129877;0.9999733922208585;0.9999733652171541;1.0;0.9999974482245879;0.999664538845323;1.0007574271606983;0.9998889800818659;0.9999074453984536;0.9999921723204132;0.9999979460852769;1.0021390651892965;1.0023040159224026;0.9998945794639078;0.9999916259496935;0.9999943529325305;1.0007964125967392;1.000299245000554;1.0000281800560353;0.9999707109197635;0.9996785575364642;1.0;0.9997598545487775;0.9998777853925442;1.0;1.0;1.002091503338698;0.9996719985034014;0.9998983623071815;0.9999584860104489;1.0002876368791223;1.024999976158142;
2016-06-10 19:00:00;0.9999535722791;1.0;1.0;0.9999788692748445;0.999807907041775;1.0;1.0021263302266512;0.9999909989752083;0.9998533521673024;1.0;1.0;1.0;1.000509987926023;0.9999876002568214;0.9999886173270652;1.0;0.9999976411511639;0.9998048741421114;1.0007132440621775;0.9999307853055586;0.9999335404839493;0.9999910589057938;0.9999980485616332;1.0020158620689232;1.0021715639007038;0.9999271901383205;0.9999902009581705;0.999997382035266;1.0007342838736821;1.0002474116599445;1.0000030667819195;0.9999501886705845;0.9998180365094672;1.0;0.9997510577506331;0.9998494161649122;1.0;1.0;1.0019723819226676;0.99981378392384;0.9999275400962652;0.9999738072791842;1.0002765709896686;1.024999976158142;
2016-06-10 19:15:00;0.9999430727557784;1.0;0.9999999999999999;0.9999749427358275;0.9998044856734768;1.0;1.0021237624446064;0.9999936807312627;0.9998533024884757;1.0;1.0;1.0;1.0005046591520967;0.999993286428838;0.9999949041884608;0.9999999999999999;0.9999973909773747;0.9997976737223325;1.0007088775451167;0.9999231323360693;0.9999088387136901;0.9999830791932711;0.9999975991390171;1.0020134360813804;1.0021696066239285;0.9999085704938218;0.9999802655227839;0.9999985672257375;1.000787377327113;1.000290243471611;1.0000471530175001;0.999977419257812;0.9998218908481016;1.0;0.9997415816303852;0.9998730826913934;1.0;1.0;1.0019709307838378;0.9998163946154828;0.9999029665470225;0.9999709921098779;1.0002751537084518;1.024999976158142;
2016-06-10 19:30:00;0.9999506329677104;1.0;1.0;0.9999782870555326;0.9998219228840569;0.9999999999999999;1.0020768144066372;0.9999933143313787;0.999865216993232;1.0;1.0;1.0;1.000495564508766;0.9999935196997258;0.9999954987668793;1.0;0.9999976852986247;0.9998162062042972;1.0006941108590794;0.9999306447437183;0.9999210017483597;0.9999843644081976;0.9999978929053277;1.0019691137036475;1.0021213503015487;0.9999196123440499;0.9999824064616784;0.9999986243069509;1.0009087021583427;1.000418895824134;1.0001489426250858;1.000028528597517;0.9998373836586807;1.0;0.999765144094655;0.9998911249825169;1.0;1.0;1.0019272964762573;0.9998325045713412;0.9999154426462009;0.9999733894578644;1.0002703188123017;1.024999976158142;
2016-06-10 19:45:00;0.9999573173180115;1.0;1.0;0.9999805057758863;0.9998511335541661;1.0;1.0020944618011343;0.9999940158870162;0.9998866808004682;1.0;1.0;1.0;1.0005021477716458;0.9999943248523171;0.9999961570279938;1.0;0.9999975423481873;0.9998465241892055;1.0007011313771579;0.9999408036394332;0.9999325415453761;0.999987280683641;0.999997865197054;1.0019856374532488;1.002139368293862;0.9999302487162299;0.9999857338772378;0.9999987927052812;1.0009170881294902;1.0004008515144642;1.0001561365440073;1.0000395950954268;0.9998637012874559;1.0;0.9997260058489742;0.9999153587317032;1.0;1.0;1.0019436782038995;0.9998597120941844;0.9999274227699677;0.9999773079875526;1.0002740780289792;1.024999976158142;
2016-06-10 20:00:00;0.9999730411559793;1.0;1.0;0.9999876559830965;0.9998924795405465;1.0;1.002059655189416;0.9999946826931635;0.9999171998686854;1.0;1.0;1.0;1.000498058089999;0.9999943837598062;0.9999957403394846;0.9999999999999999;0.9999984481140448;0.9998902246442997;1.0006915189873369;0.9999594489984373;0.9999592085930171;0.9999925068176851;0.9999986979627782;1.0019531229365999;1.0021030498527774;0.9999558417610934;0.9999921076692717;0.9999988186317733;1.0008758073839463;1.0003594818308852;1.0001322257558323;1.0000269756451785;0.9998997640452708;1.0;0.9997144692167703;0.9999092562897318;0.9999999999999999;1.0;1.001911019812672;0.9998971972916332;0.9999554865977843;0.9999842237701263;1.000271740209083;1.024999976158142;
2016-06-10 20:15:00;0.9999756227774492;1.0;1.0;0.999988209547346;0.9998965988038102;1.0;1.002020358967686;0.9999935210871058;0.9999185088382752;1.0;1.0;1.0;1.000489983876574;0.9999939891929667;0.9999960139889449;1.0;0.9999981282873076;0.9998951161183222;1.0006790792122062;0.9999606746323768;0.9999640162465132;0.9999928419228991;0.9999985163650909;1.0019156449723632;1.0020629913455974;0.9999585341030216;0.9999932063274749;0.9999987385316731;1.0008768580570446;1.0003924667960606;1.0001349200999914;1.0000182790494567;0.9999028617388999;1.0;0.9997613194529351;0.9998786746621032;1.0;0.9999999999999999;1.0018745657843324;0.9999006143841346;0.999959796109856;0.9999842283510088;1.000267386995349;1.024999976158142;
2016-06-10 20:30:00;0.999982520448141;1.0;0.9999999999999999;0.9999912751513255;0.9999263396659648;1.0;1.001979738522276;0.9999952194065986;0.999941765566893;1.0;1.0;1.0;1.0004816251982886;0.9999952689333124;0.9999966249020334;1.0;0.9999985122886117;0.9999255309637937;1.0006660029010759;0.9999719993903663;0.9999750309731217;0.9999956372530883;0.9999988466801398;1.001877273696424;1.0020213020606399;0.999970510546449;0.9999959654476713;0.9999990107402424;1.0008561669475946;1.0003766311707862;1.0001328074065141;1.000021779311857;0.999930226393436;1.0;0.9997560605465461;0.9998918794005245;1.0;1.0;1.001836833970439;0.9999287187553916;0.9999718996074257;0.9999888450603618;1.0002629578280982;1.024999976158142;
2016-06-10 20:45:00;0.9999721868100901;1.0;0.9999999999999999;0.99998690220095;0.9998794948174866;1.0;1.002005465415825;0.9999930389085517;0.9999060764565519;1.0;1.0;1.0;1.0004854040946012;0.9999923985390463;0.9999940604805023;1.0;0.9999981804237972;0.9998779003172567;1.0006739628464278;0.9999556697311396;0.9999598628940743;0.999993064496422;0.9999985469524064;1.0019015550581976;1.002047757973725;0.9999541775484175;0.9999932419777638;0.9999984046817822;1.0008881887263725;1.0003965884553423;1.0001526105772391;1.000034323849724;0.999886083496145;0.9999999999999999;0.99974552325595;0.9999030994113481;1.0;1.0;1.0018605729764352;0.9998835006344282;0.999955437391855;0.9999825566637692;1.0002644145978825;1.024999976158142;
2016-06-10 21:00:00;0.9999382395980053;1.0;1.0;0.9999725922031879;0.9996972675725957;1.0;1.0022142651355128;0.9999843645257745;0.999768468684192;1.0;1.0;1.0;1.0005290137208946;0.999974979928913;0.9999752130166238;1.0;0.9999976463506037;0.99969569170697;1.0007441735276468;0.9998998591647372;0.9999201731702506;0.9999935748019168;0.9999981545476923;1.0020993029790974;1.0022609075534354;0.9999070392383403;0.9999936235588675;0.9999946957501582;1.0009827665736464;1.000464949443828;1.000176757904366;1.000046870508896;0.9997068018483591;1.0;0.9997528653333062;0.9999090786418438;0.9999999999999999;1.0;1.0020525992889269;0.9997010374893301;0.9999116950319304;0.9999623055185972;1.000283784323481;1.024999976158142;
2016-06-10 21:15:00;0.9999314345156434;1.0;1.0;0.9999679816424828;0.9997217593997242;1.0;1.0021846164548285;0.9999858111656043;0.9997856334424237;1.0;0.9999999999999999;0.9999999999999999;1.0005199611068858;0.999982724236552;0.9999854099504816;0.9999999999999999;0.9999958587837184;0.999717279228972;1.0007318073983227;0.9998970052525622;0.9999007399357063;0.9999850776176463;0.999996633214766;1.0020701257453561;1.0022320899192314;0.9998899768212391;0.9999842896859593;0.9999963037252828;1.0010195870370044;1.0005029090149753;1.000210790477605;1.0000641915087063;0.9997373036909564;1.0;0.9997559932340367;0.9999156283086477;0.9999999999999999;1.0;1.0020265629693252;0.9997311383269994;0.9998911165248245;0.9999604315355798;1.000281261837097;1.024999976158142;
2016-06-10 21:30:00;0.9999057389733723;1.0;1.0;0.999958170988834;0.999654878546802;1.0;1.0021932122917272;0.9999872492812628;0.9997398892762193;1.0;0.9999999999999999;1.0;1.0005128869796227;0.9999837473957583;0.9999858843232116;0.9999999999999999;0.9999956896791313;0.9996454147128734;1.0007300759381383;0.9998690820530821;0.9998550938773092;0.9999762381568421;0.9999961589969217;1.002078374033287;1.0022415894089363;0.9998508531681516;0.9999723952084821;0.9999964718435825;1.001039413617133;1.000522774375045;1.0002220791074736;1.0000681932718698;0.9996804133257862;1.0;0.9997608513527887;0.999911800642575;1.0;1.0;1.0020350375920992;0.9996715189430331;0.9998448111362106;0.9999507731715166;1.000277503581672;1.024999976158142;
2016-06-10 21:45:00;0.9999419157479102;1.0;1.0;0.999973199577837;0.9997795793447223;1.0;1.0021171274711378;0.9999899332456813;0.99983132796436;0.9999999999999999;1.0;1.0;1.000504791250597;0.9999883762823698;0.9999905386490193;1.0;0.9999966238910691;0.9997746871420563;1.0007085720665785;0.9999161656824805;0.9999126608227917;0.9999856566424591;0.9999971683249439;1.0020065707383066;1.0021629477092708;0.9999064540348636;0.9999842504086454;0.9999975282007573;1.000921066310545;1.000388589700438;1.000151690148089;1.0000362751243055;0.9997943280190936;0.9999999999999999;0.9997062418226565;0.9999106738413513;1.0;0.9999999999999999;1.001964333260415;0.9997890267233137;0.9999051743382955;0.9999679418166559;1.0002741818164593;1.024999976158142;
2016-06-10 22:00:00;0.9998851313162808;1.0;1.0;0.9999490260791165;0.9996377750942975;1.0;1.0021075124313716;0.9999900068207526;0.999729499313641;0.9999999999999999;1.0;0.9999999999999999;1.0004845996713816;0.9999912252627138;0.9999946937199433;1.0;0.9999943672999033;0.9996227116324475;1.0006960645009377;0.9998513510796038;0.9998117573659613;0.999963991000159;0.9999947914811552;1.0019964233830652;1.0021556509393927;0.999814509915258;0.9999573692032558;0.9999980517454814;1.0009851434300083;1.0004960670073373;1.0002183795698123;1.0000841920461916;0.9996744195320162;1.0;0.9997686315028077;0.999964798923467;1.0;1.0;1.0019569611789405;0.999663527071868;0.9998005756195226;0.9999441208135396;1.000264122290193;1.024999976158142;
2016-06-10 22:15:00;0.999966728700884;1.0;1.0;0.999983736659276;0.9998447395332526;1.0;1.0019609904113476;0.9999897246782609;0.999877454123988;1.0;1.0;1.0;1.0004744962776317;0.9999886930576197;0.9999911174627069;1.0;0.9999974501380732;0.9998437884155087;1.000659756639267;0.9999438514452136;0.9999544565703582;0.9999926644800473;0.9999980537613476;1.0018589203425534;1.002002599055357;0.999944639901745;0.9999936681757479;0.9999976215059966;1.0007812456209417;1.0003322696248302;1.0001009091249382;1.0000249260732539;0.9998514112690977;1.0;0.9997721691753826;0.9999426037733498;1.0;1.0;1.0018191047657325;0.9998484367721702;0.999948327372262;0.9999776312573238;1.0002577396736838;1.024999976158142;
2016-06-10 22:30:00;0.9999655508704146;1.0;1.0;0.9999833759362482;0.9998321922817469;0.9999999999999999;1.0019648621428434;0.9999892357783092;0.999868426121454;1.0;1.0;1.0;1.0004752471082825;0.9999864565901424;0.9999882414063276;1.0;0.9999976334089058;0.9998317176301189;1.000661500960513;0.9999415574858233;0.9999550766447606;0.999994524212094;0.9999982222603584;1.0018626636337546;1.0020063849771483;0.9999445280948434;0.9999955343678278;0.9999971481027129;1.0008517385172933;1.0003954897801905;1.0001526655843607;1.0000512312031493;0.9998378228025058;1.0;0.9997731855329383;0.9999526639635431;1.0;1.0;1.001822378822874;0.9998347788478343;0.9999489477537244;0.9999770889001204;1.000257464434127;1.024999976158142;
2016-06-10 22:45:00;0.9999716543798856;1.0;1.0;0.9999863286823045;0.9998529592529541;1.0;1.0019547007961753;0.9999895202134652;0.9998830969741798;0.9999999999999999;1.0;0.9999999999999999;1.000474165578442;0.9999890156158789;0.9999917256183471;1.0;0.9999978885330144;0.9998524845914672;1.0006580308993172;0.9999480826071176;0.9999616564449811;0.9999927267093648;0.999998410321878;1.0018532890293848;1.0019958326337024;0.9999517020504781;0.9999942423005609;0.999997695126256;1.0008656459272494;1.0003866415072578;1.0001632871533854;1.000056500378015;0.9998590071838789;0.9999999999999999;0.9997413084512001;0.999954954437665;0.9999999999999999;1.0;1.001813212857883;0.9998562829354394;0.9999558539614741;0.9999788548807175;1.00025770324449;1.024999976158142;
2016-06-10 23:00:00;0.9999681101009864;1.0;1.0;0.9999852250148614;0.999835876748725;1.0;1.0019005072429283;0.9999900661317181;0.9998724393090198;1.0;1.0;1.0;1.0004596238447465;0.9999861482250574;0.9999871729735167;1.0;0.9999982938101583;0.9998356027336963;1.0006399253658633;0.9999451151435303;0.9999595366801157;0.9999959849500887;0.9999987231227297;1.0018020419303972;1.0019403128918134;0.9999501428419816;0.9999968079993935;0.999997095055429;1.000919884477495;1.00048647932661;1.0002223255889016;1.000089061339571;0.9998406608455944;1.0;0.9998063716210419;0.9999734416051566;1.0;1.0;1.001762451332292;0.9998377193628883;0.9999542047485633;0.9999787499820056;1.0002486585996986;1.024999976158142;
2016-06-10 23:15:00;0.9999668978726244;0.9999999999999999;1.0;0.9999845240853874;0.9998257559910775;1.0;1.0018854033957518;0.9999881109984706;0.9998623069068006;1.0;1.0;1.0;1.0004561456076049;0.9999870104174797;0.9999898576343547;1.0;0.9999978830753765;0.9998250469065092;1.0006346106690265;0.9999394265261821;0.9999551004318656;0.9999915880136568;0.9999983898566367;1.001787634743956;1.0019250639568325;0.9999443411338751;0.9999931622577629;0.9999972651106595;1.0008861196770058;1.0004561575222366;1.000200685948305;1.000078416587273;0.9998330103184534;0.9999999999999999;0.9998032263350728;0.9999698425593725;1.0;1.0;1.0017487985784568;0.9998297154974035;0.9999486604004597;0.9999754655603063;1.0002473958139495;1.024999976158142;
2016-06-10 23:30:00;0.9999724338040341;1.0;1.0;0.9999867845867875;0.9998580656780767;1.0;1.001899288100465;0.9999895768155179;0.9998864932385944;1.0;0.9999999999999999;1.0;1.0004607121975098;0.9999904932026494;0.9999938315010088;1.0;0.9999978823901758;0.9998571758341551;1.000639125517399;0.9999486658809342;0.9999607926508582;0.9999907723656908;0.9999983766795986;1.0018008062418817;1.0019393039054334;0.9999513991040724;0.999992375646249;0.9999979991616432;1.000843614961863;1.0003899548504738;1.0001616794496406;1.0000565755974737;0.9998652786814386;1.0;0.999765302485229;0.9999564055847363;1.0;1.0;1.001762065640281;0.9998624929061563;0.9999549452349061;0.9999786932968371;1.000250842831587;1.024999976158142;
2016-06-10 23:45:00;0.9999744101670247;1.0;0.9999999999999999;0.9999873501155727;0.9998745669277328;1.0;1.0018353582017876;0.9999908688479251;0.9998997777551258;0.9999999999999999;1.0;1.0;1.000445554423676;0.9999911985932336;0.9999939016056594;1.0;0.9999978434701685;0.999873911516408;1.0006177903825098;0.9999542122983145;0.9999644253670147;0.9999927938396345;0.9999983644332183;1.0017400419722322;1.001874121946121;0.9999556614134947;0.9999940901695797;0.9999981553383309;1.0008320751262039;1.0004037425596897;1.0001703583039778;1.000062448556188;0.9998803833008136;1.0;0.9997899581222861;0.9999621849064103;0.9999999999999999;1.0;1.0017027368413718;0.999877996112987;0.9999591187332643;0.9999812502480525;1.0002425633884944;1.024999976158142;
2016-06-11 00:00:00;0.9999619364712766;1.0;1.0;0.999982338404845;0.9997940181629805;1.0;1.0019100009558535;0.9999864908964703;0.9998384199822196;0.9999999999999999;0.9999999999999999;1.0;1.0004613293494504;0.9999829235952867;0.9999851205482403;1.0;0.9999978357998823;0.9997938560185703;1.0006433259363299;0.9999308550890059;0.9999513356443868;0.999993446926314;0.9999983933607826;1.0018108875267344;1.001950095108529;0.9999385985235594;0.9999951058265186;0.9999964065081532;1.0008987375175162;1.000462188528615;1.0002046508732307;1.0000807747715612;0.9998004821263717;0.9999999999999999;0.9997989222523289;0.9999716632559766;0.9999999999999999;1.0;1.0017711221841181;0.9997968148706696;0.999944278842637;0.9999725769878369;1.0002491029801432;1.024999976158142;
2016-06-11 00:15:00;0.9999718969816254;0.9999999999999999;1.0;0.9999871460908936;0.9998423043077712;1.0;1.0018293576187163;0.9999894152643599;0.9998759538561129;1.0;1.0;1.0;1.000443341839383;0.999987235897218;0.9999892184057738;1.0;0.9999984690230345;0.9998421421555298;1.000616162260452;0.9999472303259639;0.9999636318405765;0.999994166469434;0.9999988601215841;1.0017347926628652;1.0018675054950847;0.9999539103026746;0.9999956244324417;0.9999973245381277;1.0008954405857118;1.0004793675752663;1.0002211155695961;1.0000887700602523;0.999847651909175;1.0;0.9998166399798636;0.9999735769707999;1.0;1.0;1.0016966054663148;0.9998448092312009;0.9999582166370409;0.9999788141519556;1.000240235753623;1.024999976158142;
2016-06-11 00:30:00;0.9999659490362822;1.0;1.0;0.9999839971365475;0.9998227511420458;1.0;1.0018601284272044;0.9999883769687132;0.9998607686079845;1.0;1.0;1.0;1.0004497679647815;0.9999858598665902;0.9999879938448635;0.9999999999999999;0.9999978920956488;0.9998223254811329;1.0006263121413779;0.9999393239291064;0.9999554354845644;0.9999935226145736;0.9999984163793005;1.0017635820212856;1.0018992663455946;0.9999444991385942;0.9999948685869136;0.9999970290197018;1.0009037781389132;1.0004760533861086;1.0002179713599006;1.0000853708793818;0.9998289439075438;1.0;0.9998066583830395;0.9999675728678983;1.0;1.0;1.0017251414065065;0.999825712038284;0.9999491385759256;0.9999758915620204;1.0002434602784107;1.024999976158142;
2016-06-11 00:45:00;0.9999628155272912;1.0;1.0;0.9999820481519317;0.999822100555293;1.0;1.0018175209062135;0.9999882204919305;0.9998596470175853;0.9999999999999999;0.9999999999999999;1.0;1.0004387761158002;0.9999870796378545;0.9999898804079974;1.0;0.9999972849635442;0.999821028426067;1.0006114766276655;0.9999362271796342;0.9999490122546345;0.9999914305145597;0.999997923520824;1.0017227976195915;1.0018562073797777;0.9999379924795144;0.9999926461194087;0.9999972804230024;1.0008952747136188;1.000482862400325;1.0002288301472686;1.0000982155086355;0.9998298098538073;1.0;0.99981673174999;0.9999916381294711;0.9999999999999999;1.0;1.0016859341209474;0.9998263908982964;0.9999421275535426;0.9999745050352092;1.0002378928905635;1.024999976158142;
2016-06-11 01:00:00;0.9999642269504075;1.0;1.0;0.9999833287474573;0.9998273205701746;1.0;1.0018082247259044;0.9999894994382774;0.9998652615245601;1.0;1.0;1.0;1.0004361345932204;0.9999871855044862;0.9999890976225438;0.9999999999999999;0.9999978674583793;0.9998261688045181;1.0006082147075839;0.999939648293784;0.9999513456843944;0.9999927528723358;0.9999983473007472;1.0017143248174702;1.0018464384956374;0.9999420630849964;0.9999935085909368;0.9999973043169967;1.0009073767314691;1.0005022519187037;1.0002370081535423;1.000098436146377;0.9998344958345612;1.0;0.9998303882528283;0.9999813261837207;1.0;1.0;1.0016771731819052;0.9998311279228628;0.9999453358464967;0.9999762702059244;1.000236259278896;1.024999976158142;
2016-06-11 01:15:00;0.9999745627531813;0.9999999999999999;1.0;0.9999885743995606;0.9998629669886434;0.9999999999999999;1.0017521415529869;0.9999912168984729;0.9998926279537145;1.0;1.0;1.0;1.0004244849347226;0.9999896944253227;0.9999914645501324;1.0;0.9999987177352693;0.9998623299276042;1.0005897653173694;0.9999535124004371;0.9999656313296649;0.9999938869154065;0.9999990101484575;1.0016617015393647;1.0017886698707998;0.9999581278117787;0.9999948963642976;0.9999978416165095;1.0008788915989093;1.000487520671917;1.0002320051070845;1.0000991620138722;0.9998685666378001;1.0;0.9998356062447478;0.9999901021471812;1.0;1.0;1.001625201812181;0.9998659348142201;0.9999610222374284;0.9999813584916848;1.0002304476758395;1.024999976158142;
2016-06-11 01:30:00;0.9999804700414453;1.0;1.0;0.9999907605793743;0.9998869469863271;1.0;1.001718874376022;0.9999912112176379;0.9999091103004196;1.0;0.9999999999999999;1.0;1.0004183008266412;0.9999918840136202;0.9999946425460565;1.0;0.9999985532131743;0.9998866928640358;1.0005790333408402;0.9999603973479573;0.9999730267332865;0.9999930647229729;0.9999989157322209;1.001630078350403;1.0017547461353744;0.9999649531063688;0.9999947306185135;0.9999982999159667;1.0008812046472695;1.0005109676345036;1.0002412696291212;1.000102234354319;0.9998920735054401;1.0;0.9998630701926365;0.9999869132218826;0.9999999999999999;1.0;1.0015946394357633;0.9998899716303743;0.9999684314832946;0.9999833137532784;1.0002278210099138;1.024999976158142;
2016-06-11 01:45:00;0.9999777231092991;1.0;1.0;0.9999888425326847;0.9998826538086242;1.0;1.0016947108414642;0.9999908692826013;0.999905558267607;1.0;1.0;0.9999999999999999;1.000412194603197;0.9999912273993851;0.9999939429534029;1.0;0.9999980136399461;0.9998824916498391;1.0005710212215186;0.9999578330970279;0.9999699377385064;0.9999936705120346;0.9999985244551804;1.0016067402964168;1.0017304057865521;0.9999608187280011;0.9999952685052603;0.9999981622388303;1.0008761011436473;1.0005140861065718;1.000245493241795;1.000106741533667;0.9998874648302396;1.0;0.9998692774655491;0.9999947735474002;1.0;1.0;1.0015722205684536;0.9998853634230298;0.9999648529420224;0.9999825192277639;1.0002243115480811;1.024999976158142;
2016-06-11 02:00:00;0.9999806370952412;1.0;1.0;0.9999908053843;0.9998832469197884;1.0;1.0017002624400166;0.9999905759366746;0.9999056547984373;1.0;1.0;1.0;1.0004140038661964;0.9999916030846513;0.9999946937199433;1.0;0.9999985028041276;0.9998831138108856;1.0005728612935656;0.9999591836306422;0.9999732909179305;0.9999925668435474;0.9999988870621844;1.001612425342774;1.0017357303068326;0.9999645463154351;0.9999945069978663;0.9999982445762308;1.000875706544848;1.0005049793798042;1.0002429951605696;1.0001051414869035;0.9998885244179387;0.9999999999999999;0.9998575258582474;0.999993361407064;1.0;1.0;1.001577356140446;0.9998863868119326;0.9999684342077146;0.9999826109593206;1.0002254810534092;1.024999976158142;
2016-06-11 02:15:00;0.9999765193414427;1.0;1.0;0.9999892415961023;0.9998772538836183;1.0;1.00168035070271;0.9999918917993847;0.9999033216546386;1.0;1.0;1.0;1.000407423915066;0.9999912513425615;0.9999932270956257;1.0;0.9999986233650517;0.9998765065087516;1.000565558217358;0.9999573071449717;0.9999674574817119;0.9999935661425295;0.9999989328533229;1.0015935424711853;1.001715487020069;0.9999604989595836;0.999994543420406;0.9999981689839136;1.0008922558965556;1.0005423991317464;1.0002617346537745;1.0001148029350222;0.9998828422817871;1.0;0.9998877190361704;0.9999973878072236;1.0;0.9999999999999999;1.001558792424783;0.9998804342690194;0.9999630527051422;0.9999827149842357;1.0002215296240824;1.024999976158142;
2016-06-11 02:30:00;0.9999740154020424;1.0;1.0;0.9999876978898801;0.9998676284228265;0.9999999999999999;1.0016687289787152;0.9999908812722432;0.9998950875590786;1.0;1.0;0.9999999999999999;1.0004044341177238;0.9999906582990973;0.9999931063095885;1.0;0.9999981919679758;0.9998668611488137;1.000561665916773;0.9999530018944314;0.9999638887320549;0.9999927306677016;0.9999986134699115;1.001582252927548;1.0017038464084174;0.9999556663030134;0.9999939204654654;0.9999980442231481;1.0009093425700322;1.0005710261991698;1.0002786813042088;1.000124023751883;0.9998737321308511;1.0;0.9999053028218696;1.0000025571009832;0.9999999999999999;1.0;1.0015480525840812;0.999871165171947;0.9999587819075106;0.9999808672206895;1.0002198642630395;1.024999976158142;
2016-06-11 02:45:00;0.9999788248547667;1.0;1.0;0.999989668125507;0.9999014980919161;1.0;1.001632704910022;0.9999935743202208;0.9999224003582948;1.0;1.0;1.0;1.000396384214235;0.9999927872766387;0.9999942291057012;1.0;0.9999984015516822;0.9999008916531062;1.0005497107558374;0.9999644855141564;0.9999710979326554;0.9999955033974096;0.999998779235594;1.00154807910239;1.0016670694707743;0.999964956164375;0.9999960934925418;0.9999984902068338;1.000922624996519;1.0006058555167399;1.000297825410021;1.0001331294132234;0.9999056706577272;0.9999999999999999;0.9999340697543131;1.0000044423124104;1.0;1.0;1.0015147228409622;0.9999037832689713;0.9999672555188261;0.9999859058730002;1.000215726034726;1.024999976158142;
2016-06-11 03:00:00;0.9999787256009893;1.0;1.0;0.999989702895095;0.999894536954745;1.0;1.001636173982177;0.9999927232613701;0.9999164080600809;1.0;1.0;1.0;1.0003973961061496;0.9999922850543709;0.9999941209103673;1.0;0.9999984051216899;0.9998940316269539;1.0005509769148362;0.9999623596934398;0.9999709399402223;0.9999947530615028;0.9999987889571248;1.0015514237796503;1.0016705484589112;0.9999640622569499;0.999995666052565;0.999998385269342;1.0009294129468898;1.0006149976430454;1.00030312253489;1.000136579874797;0.9998990512378916;1.0;0.99993864228641;1.00000778898677;1.0;1.0;1.0015179160114636;0.9998970549285873;0.999966783078609;0.9999847964500477;1.0002162542826027;1.024999976158142;
2016-06-11 03:15:00;0.9999782342880473;1.0;1.0;0.9999898957442557;0.9998948096615078;1.0;1.0016196361248;0.9999937246213438;0.9999181239727596;1.0;1.0;1.0;1.0003926869666886;0.9999920811352074;0.99999309322684;1.0;0.9999987444489513;0.9998941327664143;1.0005451979619193;0.9999634854311626;0.9999706050610754;0.9999958831778892;0.9999990270478153;1.0015359167947209;1.0016535377952749;0.9999650565582763;0.999996288249954;0.999998343716985;1.0009312060855595;1.000628771656134;1.0003089018239542;1.0001392637561959;0.9998990350582792;1.0;0.9999541578198641;1.0000081623622918;1.0;1.0;1.001502447661076;0.9998969907048542;0.9999670247696213;0.9999857226159373;1.0002134313695865;1.024999976158142;
2016-06-11 03:30:00;0.9999851615078242;0.9999999999999999;1.0;0.9999927393029806;0.999935416395529;1.0;1.0015895045046848;0.9999959844447195;0.9999492910279928;1.0;0.9999999999999999;0.9999999999999999;1.0003867637145853;0.9999955788634322;0.9999965133737077;1.0;0.9999988629337861;0.99993480076412;1.0005351331701684;0.9999761577023311;0.9999792271688616;0.9999967346324437;0.9999991186826537;1.0015073506452463;1.0016227985711375;0.9999754854178934;0.9999969691348092;0.9999990773871053;1.000914704619843;1.0006163320500616;1.0003030010183724;1.0001359139143005;0.9999385037117011;1.0;0.9999532884533854;1.0000059289222218;1.0;1.0;1.0014748022986737;0.9999372052334686;0.9999766804523293;0.9999906040294775;1.0002110044970582;1.024999976158142;
2016-06-11 03:45:00;0.9999744574693452;0.9999999999999999;1.0;0.999987979982482;0.9998825011747449;1.0;1.0016401538372866;0.9999935291034726;0.9999093735144468;1.0;1.0;1.0;1.0003968772054932;0.9999905230202756;0.9999909809320083;1.0;0.9999985274430861;0.9998818549297787;1.0005521061925684;0.9999595073640891;0.9999665915819672;0.9999970555755587;0.9999988692374095;1.0015551644899847;1.0016746268773384;0.9999605397476757;0.9999971653621242;0.9999980166267417;1.0009326896946118;1.0006216554069562;1.000304979845165;1.0001374739667541;0.9998863964721015;1.0;0.9999447141733476;1.0000079986073374;1.0;1.0;1.0015213108484722;0.9998841797869469;0.9999627633085277;0.9999846512926143;1.0002152207636312;1.024999976158142;
2016-06-11 04:00:00;0.999960871114727;1.0;1.0;0.9999821982058792;0.9997995738416376;1.0;1.0017210458617045;0.9999886106346062;0.9998453946808339;1.0;1.0;0.9999999999999999;1.0004141491361456;0.9999826763531181;0.9999832117484135;1.0;0.9999982094601185;0.9997992186442484;1.0005795554855486;0.999934036613513;0.999950980328993;0.9999963265267823;0.9999986552500336;1.0016317747749202;1.0017571561761207;0.9999404225248179;0.9999969624177167;0.9999963598887288;1.000985679018062;1.0006609755176523;1.0003234288423215;1.0001438044300346;0.9998049307932637;1.0;0.999946918059938;1.000002495948069;1.0;1.0;1.001595628819865;0.9998013335306387;0.9999449443973186;0.999974875554532;1.0002228218350644;1.024999976158142;
2016-06-11 04:15:00;0.9999643123411202;1.0;1.0;0.9999837130981436;0.9998211263775312;1.0;1.0017194519966721;0.999990305262027;0.9998627728973483;1.0;1.0;1.0;1.0004142729258048;0.9999840572818286;0.9999839721885905;1.0;0.9999984120720523;0.9998208830064653;1.00057909524293;0.9999415492292041;0.9999560444009387;0.9999980041112297;0.999998812441141;1.0016303123973394;1.0017554785060356;0.9999468704029589;0.9999982935407391;0.9999966541199767;1.0009836901557962;1.0006541896210681;1.000320060558131;1.0001401554643974;0.9998252870948039;1.0;0.9999405926891796;0.9999959989216907;1.0;0.9999999999999999;1.0015941916919258;0.9998221188849321;0.9999508548475685;0.9999781211994155;1.000223070885925;1.024999976158142;
2016-06-11 04:30:00;0.9999816824171324;1.0;0.9999999999999999;0.9999912797821974;0.9999176167736715;1.0;1.0016418340196225;0.9999953998201022;0.9999362962506058;1.0;0.9999999999999999;1.0;1.0003987078816887;0.9999935580845165;0.9999940098745559;1.0;0.9999988573673022;0.9999170807869908;1.0005527419677112;0.9999711423148229;0.9999756957885066;0.9999975864699734;0.9999991201629219;1.00155695158999;1.0016761967715857;0.9999713630574962;0.9999976701099995;0.9999986558508998;1.0009252932465742;1.000607346062157;1.0002897710222225;1.0001204059771511;0.9999205742520425;1.0;0.9999394978455107;0.9999768499358195;1.0;1.0;1.0015230965167448;0.9999189985511887;0.9999728948151358;0.9999890077690959;1.0002169452559717;1.024999976158142;
2016-06-11 04:45:00;0.9999883166944841;1.0;1.0;0.9999939204924934;0.9999509222093931;1.0;1.00160713828252;0.9999963479916661;0.9999604452443368;1.0;1.0;1.0;1.0003919787387476;0.9999970681621911;0.9999984064607907;1.0;0.9999987918076824;0.9999504076809784;1.0005411660894274;0.9999805964920613;0.9999829705906915;0.9999963944460036;0.9999990733457884;1.001524037118301;1.0016408331602407;0.999979333561335;0.9999968368530774;0.9999993890308344;1.000902850843611;1.0005956276847003;1.0002848662221153;1.0001217716983046;0.9999537715051122;1.0;0.9999441150448283;0.9999874985247712;1.0;1.0;1.0014913344335024;0.999952776500591;0.9999805662866441;0.9999920354779326;1.000214311078177;1.024999976158142;
2016-06-11 05:00:00;0.999988842174548;0.9999999999999999;1.0;0.999994548660143;0.9999513922873098;1.0;1.0016087987641207;0.9999966715912925;0.9999612489897223;1.0;1.0;1.0;1.0003921625185115;0.999997388961323;0.9999986355295072;1.0;0.9999990648013665;0.9999506846774363;1.000541532894539;0.9999812181456158;0.9999831479114699;0.9999960316259174;0.9999992610330212;1.0015258188087708;1.0016423910725478;0.9999803122466122;0.9999963614836351;0.9999994555881511;1.0009209157268795;1.0006180184933593;1.0002953948121294;1.0001237258891558;0.9999546037297548;0.9999999999999999;0.9999556568826875;0.9999793519883287;1.0;1.0;1.0014928794731395;0.9999535363272807;0.9999810159808544;0.9999922770697712;1.000214466266676;1.024999976158142;
2016-06-11 05:15:00;0.9999865051554845;1.0;1.0;0.9999930056803221;0.9999530895580064;0.9999999999999999;1.001624673444448;0.9999971727403272;0.9999629884412405;1.0;1.0;1.0;1.0003955599172127;0.9999974779179597;0.999998403214857;1.0;0.999998685433157;0.9999522211056999;1.0005467585196257;0.9999806252837239;0.9999800598707461;0.9999967301033122;0.9999989701186828;1.0015405489255584;1.001658886276204;0.9999772973055505;0.9999966852631227;0.9999994723378839;1.0009221973834757;1.000613042866186;1.000291480615521;1.0001208441138891;0.9999561082947159;1.0;0.9999496462620518;0.9999758927111916;1.0;1.0;1.0015076619922323;0.9999550655895884;0.9999778324003724;0.999992418091816;1.000216270582431;1.024999976158142;
2016-06-11 05:30:00;0.9999896968511663;1.0;1.0;0.9999947953375775;0.9999607399942151;1.0;1.0016111584245921;0.9999976071258817;0.9999690887846037;1.0;1.0;0.9999999999999999;1.000392850120772;0.9999977124299317;0.9999984222224256;1.0;0.9999990838917481;0.9999601319274498;1.0005424008646204;0.999984496889672;0.9999849574776479;0.9999974613175352;0.9999992820849314;1.0015280019692188;1.0016448288889848;0.9999827132700293;0.9999975003274353;0.9999995234572692;1.0009179387142995;1.0006113529749512;1.00029279735075;1.0001229350611183;0.999963076107404;1.0;0.999949841269013;0.9999804407918667;1.0;1.0;1.0014950400825617;0.9999622263115003;0.9999832299806707;0.9999938969441063;1.000214793362172;1.024999976158142;
2016-06-11 05:45:00;0.9999893204692212;1.0;1.0;0.999994253798155;0.9999519027373671;1.0;1.0016636112014043;0.9999961165627809;0.9999609139878411;1.0;1.0;0.9999999999999999;1.0004064929601222;0.9999966084831317;0.9999979070732355;1.0;0.9999987837030868;0.9999517405673513;1.0005604289789845;0.9999814259206157;0.9999852837721593;0.9999971365330986;0.9999990920789449;1.0015776464944781;1.0016984014038062;0.9999810506064157;0.9999977618642403;0.9999992943981604;1.000955035621683;1.0006413269026717;1.0003082532160148;1.0001301964986204;0.9999540598769522;1.0;0.999953514018855;0.9999818407571182;1.0;1.0;1.001543607975774;0.9999531955323632;0.9999828521252877;0.9999923398271929;1.0002221586996565;1.024999976158142;
2016-06-11 06:00:00;0.9999920928122127;1.0;1.0;0.9999960207902852;0.9999622864988429;1.0;1.0016447254305418;0.9999972920832237;0.999969913824422;1.0;1.0;1.0;1.0004019453756148;0.9999972600810625;0.9999979930147003;1.0;0.9999993033881327;0.9999621243271432;1.0005540172992033;0.9999862068713417;0.9999892088062232;0.9999980777307852;0.9999994751428039;1.0015600424608053;1.001678866133809;0.9999864843374338;0.9999984388388985;0.9999994313749972;1.000936276153544;1.0006234563840017;1.0002993048724549;1.0001267116007246;0.9999638946764536;1.0;0.9999483422231521;0.9999832409113164;1.0;1.0;1.001526030043611;0.9999631943143764;0.9999875955297706;0.9999944119648607;1.0002196854467489;1.024999976158142;
2016-06-11 06:15:00;0.9999898194096813;1.0;1.0;0.9999943047312573;0.9999634606428605;1.0;1.00170007138287;0.9999972871256978;0.9999705056772186;1.0;1.0;1.0;1.0004154257632873;0.9999974986249001;0.9999983461162292;1.0;0.9999987426818967;0.9999631774162235;1.0005725647442456;0.9999848268182855;0.9999859073543375;0.9999980758584787;0.9999990533533918;1.0016121629636656;1.001735705314695;0.9999826295060794;0.9999983030765807;0.999999479303518;1.0009619624901682;1.0006398033699722;1.000305730776309;1.0001298925674296;0.9999651314818079;1.0;0.999947113405979;0.9999843850484217;0.9999999999999999;1.0;1.0015774841671368;0.9999644578441853;0.9999838922376801;0.9999939946224692;1.0002271628694523;1.024999976158142;
2016-06-11 06:30:00;0.9999860692513419;1.0;1.0;0.9999929360317187;0.9999445763917941;1.0;1.0017222949071651;0.9999964238428445;0.9999561179969139;0.9999999999999999;1.0;1.0;1.0004198556189356;0.9999966421833988;0.9999977352015504;1.0;0.9999987358008486;0.9999438488788721;1.000579628887063;0.9999783331343214;0.9999798218197916;0.9999964551836721;0.9999990171275603;1.0016333238816106;1.0017583912363979;0.9999763943030333;0.9999966440021276;0.9999992992031468;1.0009919537663898;1.0006691964047072;1.0003246823817085;1.0001407906835722;0.9999477239737052;1.0;0.9999535140188551;0.9999919900750552;0.9999999999999999;1.0;1.0015980741069828;0.9999465616620691;0.9999773520570849;0.9999913835636183;1.0002294470008373;1.024999976158142;
2016-06-11 06:45:00;0.9999859877531789;1.0;0.9999999999999999;0.999992886894408;0.9999425475705941;1.0;1.0016892429969504;0.9999961118783877;0.9999542596322479;1.0;1.0;1.0;1.0004116713539508;0.9999965759182164;0.9999978657368166;1.0;0.9999986986411677;0.9999418292311629;1.0005685447898034;0.9999775489434558;0.999979573616152;0.9999960581026732;0.9999989903804906;1.001601923312737;1.0017246794703418;0.9999758623770651;0.9999963685937167;0.9999992857073855;1.0009506759747158;1.0006222431797775;1.0003010125635199;1.0001296616295086;0.9999458885315081;1.0;0.9999331722248659;0.9999899108464337;0.9999999999999999;1.0;1.0015674462750652;0.9999446885902057;0.9999769577528618;0.9999909532465483;1.0002249830529568;1.024999976158142;
2016-06-11 07:00:00;0.9999838555654819;1.0;0.9999999999999999;0.9999926042696318;0.9999274006524015;1.0;1.0017641049965589;0.9999959722003321;0.999943727370803;0.9999999999999999;1.0;1.0;1.0004290877841537;0.9999952937352286;0.9999961064333212;0.9999999999999999;0.999999095560001;0.9999264816673807;1.0005934114631858;0.999973972602571;0.9999768745479141;0.9999961198802169;0.9999992688822197;1.0016732476957553;1.00180085251589;0.999973742718239;0.9999961901241011;0.9999990192023045;1.0008526406605973;1.0005197945834112;1.0002076251025074;1.0000791489212155;0.9999312155586879;1.0;0.9999237876985697;0.9999623518347602;0.9999999999999999;0.9999999999999999;1.001636659615586;0.9999296630472647;0.9999744040663255;0.9999898130486939;1.0002341076901293;1.024999976158142;
2016-06-11 07:15:00;0.9999929624306292;1.0;1.0;0.9999962157016101;0.9999734943334404;1.0;1.0017974272289207;0.9999980180152178;0.9999785556103046;1.0;1.0;1.0;1.000439550163145;0.9999985424644497;0.9999993257975848;1.0;0.9999991935948822;0.9999731390742626;1.0006051543845405;0.9999889700374818;0.9999896153597101;0.9999978968763238;0.9999993806747326;1.001704840764135;1.0018348216675925;0.9999875413920718;0.9999980943686101;0.9999996969443332;1.000783365787699;1.000456669704299;1.0001477459427897;1.0000477028314434;0.9999751697625029;1.0;0.9999274602660906;0.999947708419687;1.0;1.0;1.0016678210652352;0.99997461751581;0.9999881926845923;0.999995498773414;1.000240605125466;1.024999976158142;
2016-06-11 07:30:00;0.9999887686152679;1.0;1.0;0.9999935432976512;0.9999643634447574;1.0;1.0017652206025458;0.9999972579381984;0.9999709368812628;1.0;1.0;1.0;1.000431054433545;0.999997914941322;0.9999989727823277;1.0;0.9999984748270355;0.9999639086386642;1.0005943254788112;0.9999840278847226;0.9999838923533099;0.9999975518083404;0.9999988438846102;1.0016737392604285;1.001802399246604;0.9999804743362266;0.9999977356372103;0.999999565003925;1.0007725624618382;1.0004536281651608;1.0001462597944253;1.0000459931324872;0.9999663970678633;1.0;0.9999327963034058;0.9999443731928486;0.9999999999999999;1.0;1.0016380426938674;0.999965700640933;0.9999816571438808;0.9999936458664951;1.0002358557415794;1.024999976158142;
2016-06-11 07:45:00;0.999986888203749;1.0;1.0;0.9999934584257928;0.9999379361369737;1.0;1.0017653490831175;0.9999958411202133;0.9999510131744468;0.9999999999999999;0.9999999999999999;1.0;1.0004305547930383;0.9999950718089338;0.9999958806966512;1.0;0.9999989433510403;0.9999377739692229;1.0005945587917429;0.9999778787173008;0.9999828063712455;0.9999977972559497;0.9999992097557174;1.0016742301120294;1.0018021479577357;0.99997851776693;0.9999982370112658;0.9999989736001255;1.0007524246759418;1.0004249709651254;1.0001313034966;1.0000393944584498;0.9999400700592774;1.0;0.9999162144646232;0.9999442950218187;1.0;0.9999999999999999;1.0016377673143122;0.9999389584663924;0.9999803441431708;0.9999912717766734;1.0002348460018116;1.024999976158142;
2016-06-11 08:00:00;0.9999729004765174;1.0;0.9999999999999999;0.9999875943022587;0.9998643945854626;0.9999999999999999;1.0018776532004567;0.9999926110756661;0.9998958928097557;1.0;0.9999999999999999;1.0;1.0004548305054122;0.999987963031418;0.9999879394903994;1.0;0.999998761309656;0.9998642017557998;1.000632237272871;0.9999555849104437;0.9999665528501429;0.9999983952853806;0.9999990734162179;1.0017806395287938;1.0019167848428054;0.999959530506003;0.9999986320017407;0.9999974812366438;1.0008023178886774;1.0004372808842243;1.0001348533765406;1.0000341988563952;0.9998675960871464;1.0;0.9998902156599454;0.9999241577759436;1.0;1.0;1.001741227873414;0.9998651922615639;0.9999625773287694;0.9999833517327804;1.0002462406708623;1.024999976158142;
2016-06-11 08:15:00;0.9999739577301408;1.0;1.0;0.9999861708922423;0.9998960126252704;0.9999999999999999;1.001957317451479;0.9999930180989534;0.999917576962716;1.0;1.0;0.9999999999999999;1.0004756993238582;0.9999919678052918;0.9999934626527027;1.0;0.9999973670987206;0.9998954965614729;1.000658893192027;0.9999601838984712;0.9999652913780468;0.9999962983688723;0.9999980230599247;1.0018552843918165;1.0019989765076422;0.9999573287403748;0.9999967656704699;0.9999983126296977;1.0008145713820447;1.0004079070288165;1.000119831564611;1.000023086609826;0.9998997755042232;1.0;0.9998460367120685;0.9999113713797135;1.0;0.9999999999999999;1.001815858139257;0.9998979065016939;0.9999605368609331;0.9999845423834824;1.0002589945725155;1.024999976158142;
2016-06-11 08:30:00;0.9999858910246573;1.0;1.0;0.9999933082430837;0.9999374761949844;1.0;1.0018030543809313;0.9999960533408347;0.9999507202173251;0.9999999999999999;1.0;1.0;1.0004391739547218;0.999996399453163;0.9999976525055413;0.9999999999999999;0.9999989893048795;0.9999365954567676;1.000606588730032;0.9999765659881616;0.9999790478018343;0.9999955320839884;0.9999991932432988;1.001710118728873;1.0018406691572885;0.9999758345234733;0.9999958098789299;0.9999992483896505;1.0007776121496237;1.0004260268786307;1.00013473489993;1.0000354436673446;0.9999413174757801;1.0;0.999894266594133;0.9999280002030474;1.0;0.9999999999999999;1.0016729631462975;0.9999399511888729;0.9999765653364592;0.9999905298536447;1.0002399913523936;1.024999976158142;
2016-06-11 08:45:00;0.9999869792569109;1.0;1.0;0.9999926211190429;0.9999523622966632;1.0;1.0018598174925948;0.9999961561629105;0.9999610821489311;0.9999999999999999;1.0;1.0;1.0004541992144818;0.9999969105792317;0.9999983237763045;1.0;0.9999982907982072;0.9999519963090389;1.0006262147023361;0.9999798851956827;0.9999816686789373;0.9999969295003889;0.9999987144613789;1.0017634155537163;1.001898986213546;0.9999770938034668;0.9999973866172518;0.9999993533118045;1.0007628532156987;1.0003845788471681;1.0001063425536463;1.0000182568674427;0.9999547714910673;1.0;0.9998632933119239;0.9999144271767427;1.0;1.0;1.0017257343558863;0.9999538889714595;0.9999788801055326;0.9999918525870004;1.0002483835125324;1.024999976158142;
2016-06-11 09:00:00;0.9999853006060124;1.0;1.0;0.9999928689068499;0.9999350597262494;1.0;1.001850633004782;0.9999958889214277;0.9999488765868056;1.0;1.0;0.9999999999999999;1.0004508078666403;0.9999957660458968;0.9999968538831423;1.0;0.9999988871374327;0.999934372035614;1.0006227296365435;0.9999759358733891;0.9999790469144111;0.999996261939167;0.9999991314708826;1.0017551444260073;1.0018892749272332;0.9999753500211577;0.999996549162952;0.9999991166628013;1.0007480277616474;1.000367897665268;1.000093933156473;1.000008602153428;0.9999384294134124;1.0;0.9998588718513745;0.9999018624422222;1.0;0.9999999999999999;1.0017170140984184;0.9999370947576242;0.9999764641758377;0.9999904119207775;1.0002461685875035;1.024999976158142;
2016-06-11 09:15:00;0.9999827191107789;1.0;1.0;0.9999911872504756;0.9999295138534272;1.0;1.0018792921380633;0.9999952967083451;0.9999440279756147;1.0;1.0;0.9999999999999999;1.000457540730602;0.9999955364607488;0.9999969589076889;1.0;0.999998401616953;0.9999287266199527;1.000632343923172;0.9999726524675396;0.9999752579042974;0.999995682358647;0.999998766607774;1.001781990288258;1.0019188179431338;0.9999706408361799;0.9999960217564229;0.9999990655363703;1.0007367272329903;1.0003421554674747;1.0000793472607337;1.0000027517254972;0.9999332952382783;1.0;0.9998392781290573;0.9999038327081019;0.9999999999999999;1.0;1.0017436974702727;0.9999318588239475;0.9999720921446573;0.9999890836682989;1.00024987690581;1.024999976158142;
2016-06-11 09:30:00;0.9999573544474369;1.0;1.0;0.9999805226403158;0.9997974574658661;1.0;1.0019137305469143;0.9999895086245676;0.9998449085807496;1.0;1.0;1.0;1.0004602312050854;0.9999832730194139;0.9999833958704111;1.0;0.9999980044027976;0.9997964283325652;1.0006433698822157;0.9999321223983751;0.9999449795606138;0.9999960426547468;0.9999984568429361;1.00181443164466;1.0019540476549296;0.9999355300466458;0.9999960114939063;0.9999965086493557;1.0007997874558576;1.0004065949368952;1.000121350867672;1.0000259929957878;0.9998036332161424;1.0;0.9998551358796519;0.9999177465546929;1.0;1.0;1.0017743386372326;0.9997998304846092;0.9999389871249824;0.9999745698342858;1.0002481184505445;1.024999976158142;
2016-06-11 09:45:00;0.9999496513021149;1.0;0.9999999999999999;0.9999763994279027;0.9997596930949705;1.0;1.0019981861498601;0.9999867051742773;0.9998149299124464;1.0;1.0;1.0;1.000479949721179;0.9999792484899186;0.9999796556709206;1.0;0.9999972755639686;0.9997590560997321;1.0006724142675059;0.9999191589301404;0.9999365558423364;0.999996187949184;0.9999979470917756;1.0018940320354666;1.0020405554600038;0.9999236738133443;0.9999965492843037;0.9999956292456392;1.0008193343717025;1.0004095874920518;1.000116909575879;1.0000243992135185;0.9997660307905927;1.0;0.9998457971054315;0.9999187930579788;1.0;1.0;1.0018524940199334;0.9997617146606993;0.9999290191924837;0.9999695906460203;1.000258012387796;1.024999976158142;
2016-06-11 10:00:00;0.9999755558192845;1.0;1.0;0.9999868876824823;0.9999027834478622;1.0;1.0020172352656307;0.9999932714699207;0.999922640016946;0.9999999999999999;1.0;1.0;1.0004905778352984;0.9999925053704263;0.9999940604805022;1.0;0.9999974294561051;0.9999023378414373;1.0006791084721993;0.9999624587069625;0.9999673956348137;0.9999963724032782;0.9999980739644941;1.0019121248850458;1.0020601082110858;0.9999596369382895;0.999996897131306;0.9999984226849332;1.0007369297237083;1.0002726159167366;1.0000418220654108;0.9999818676589343;0.9999063288938458;1.0;0.9997596842841362;0.9998919764833584;1.0;1.0;1.0018714998322316;0.9999045954296084;0.9999628104692084;0.9999853480539285;1.0002672717443057;1.024999976158142;
2016-06-11 10:15:00;0.9999806473830714;0.9999999999999999;1.0;0.9999890210721157;0.9999241734224167;1.0;1.0020076873026393;0.9999936701440252;0.9999379155243803;1.0;1.0;0.9999999999999999;1.0004896636056149;0.9999946604570608;0.9999968887269622;1.0;0.9999974550721046;0.9999238687357104;1.0006760564025639;0.9999688631762718;0.999973376590971;0.9999955598018873;0.9999981027317203;1.0019031364685551;1.0020503196762864;0.9999658497849163;0.9999964693658575;0.9999988755470944;1.0007345122342315;1.0002818962365796;1.0000417218939646;0.9999803552671076;0.9999275463728517;1.0;0.9997761442492813;0.9998876179639761;1.0;0.9999999999999999;1.0018628852270208;0.9999262151733318;0.9999690367750383;0.9999873063398963;1.0002674497449193;1.024999976158142;
2016-06-11 10:30:00;0.999981109808295;1.0;1.0;0.9999891983218826;0.9999294661828255;1.0;1.0020309680076307;0.9999942323454958;0.9999423783815223;0.9999999999999999;1.0;0.9999999999999999;1.0004952875717676;0.9999949774952663;0.9999969365672636;0.9999999999999999;0.9999974864706656;0.9999291507588253;1.0006838306564896;0.999970659409449;0.9999741417231188;0.9999961566686195;0.999998125123792;1.0019251912352154;1.0020741003827154;0.9999670754923238;0.9999968867776587;0.9999989431772216;1.00066885757151;1.0002254526277932;0.9999844517314435;0.9999474756729785;0.999932503168385;1.0;0.9997853173585994;0.9998653584622166;1.0;1.0;1.0018844792642407;0.9999312717297187;0.9999700430695037;0.9999881769342371;1.000270535472275;1.024999976158142;
2016-06-11 10:45:00;0.9999603684294077;1.0;0.9999999999999999;0.9999765876120262;0.9998662717057922;1.0;1.002111547466779;0.9999887973983782;0.999890164243035;1.0;1.0;1.0;1.0005127566270242;0.9999902337028967;0.9999941148982787;0.9999999999999999;0.9999942894097309;0.9998656851946641;1.0007111106705906;0.9999417791772149;0.999946159116423;0.9999933167943664;0.9999957494716365;1.001999445400541;1.0021581453889197;0.9999314288732458;0.9999945429088575;0.999997910712404;1.0007259528435857;1.0002609130755207;1.0000108821685387;0.9999642236770411;0.9998716845460411;0.9999999999999999;0.9997724868361139;0.9998804438271418;1.0;1.0;1.0019594825206908;0.9998694367027314;0.9999376708465932;0.9999768328676365;1.0002794217300044;1.024999976158142;
2016-06-11 11:00:00;0.9999682783171585;1.0;1.0;0.9999849073230912;0.9997977099039752;1.0;1.0020801178566838;0.9999821556039219;0.9998340945027151;1.0;0.9999999999999999;1.0;1.000506153359555;0.999987006086129;0.9999941910161062;1.0;0.9999972463497839;0.9997972137958623;1.00070029914507;0.9999275238116722;0.9999534965910092;0.9999830330221577;0.9999979354575462;1.0019724415780664;1.0021237562529195;0.999937431351096;0.999987246258486;0.9999972638305448;1.0007880645796916;1.000332892256059;1.0000699566613138;0.9999986353913904;0.9998088511139227;0.9999999999999999;0.9997893202140521;0.9999052907210104;1.0;1.0;1.001929786555465;0.9998050139714874;0.9999443590064535;0.9999680049624313;1.0002758377696692;1.024999976158142;
2016-06-11 11:15:00;0.9999657591003633;1.0;1.0;0.9999834416450192;0.9997851308222506;1.0;1.0021120401220371;0.9999805779824099;0.9998230010143017;1.0;1.0;1.0;1.0005138110315233;0.9999866633528804;0.9999948590989634;1.0;0.9999967930864831;0.9997844830485014;1.0007110213717731;0.9999217975509401;0.9999490505513148;0.9999808310497087;0.9999975907158696;1.0020024931225369;1.0021565511335937;0.9999314817415716;0.9999854937417527;0.9999971782278119;1.0008043928013917;1.00034143408998;1.0000705509159655;0.9999945268321224;0.9997975587916484;0.9999999999999999;0.9997881946958398;0.9998923082407866;1.0;1.0;1.0019595606006964;0.9997934461437263;0.9999389660936614;0.9999652586647176;1.0002801847876903;1.024999976158142;
2016-06-11 11:30:00;0.9999606867405684;1.0;1.0;0.9999755833421171;0.999895467871808;1.0;1.002098936079753;0.9999912264654987;0.9999136346117325;1.0;1.0;1.0000000000000002;1.0005098266762276;0.9999920101284928;0.9999949450406241;0.9999999999999999;0.9999936858023741;0.9998948797516145;1.0007069726673306;0.9999494339783034;0.9999472976376841;0.9999962806402422;0.9999953044148502;1.0019868629642474;1.0021457929208644;0.9999336407461533;0.999996672970202;0.9999982749642902;1.0007677463989424;1.000290841838709;1.000045001290584;0.9999826938228408;0.9998990567722588;0.9999999999999999;0.9997593002701588;0.9998905146602496;1.0;1.0;1.001947987665601;0.9998974219401112;0.9999393906255917;0.9999806558737869;1.0002780147567263;1.024999976158142;
2016-06-11 11:45:00;0.9999520238377315;1.0;0.9999999999999999;0.9999777519200967;0.9997821308621809;1.0;1.0021092073522095;0.9999887316262892;0.9998330625502111;0.9999999999999999;0.9999999999999999;1.0;1.00050670061448;0.9999822424087175;0.9999825241527976;1.0;0.9999975253033351;0.9997807785214267;1.0007091103853973;0.9999255342085666;0.9999374059427535;0.9999953312374361;0.9999980810122371;1.0019994643560315;1.0021538945926989;0.9999272263962108;0.9999951384926707;0.9999962480652193;1.0007839848734645;1.0003158165441293;1.000052992596535;0.999983187681609;0.9997891824245833;0.9999999999999999;0.9997778517257967;0.9998812169760338;1.0;1.0;1.0019558214619477;0.9997850261200046;0.9999307329208907;0.9999721433112861;1.000273327278316;1.024999976158142;
2016-06-11 12:00:00;0.9999274578936458;0.9999999999999999;1.0;0.9999677835089303;0.9996452838530345;1.0;1.0022835832966654;0.9999820990437917;0.9997294710201349;1.0;1.0;1.0;1.0005437242662596;0.9999697833625093;0.9999693626512389;1.0;0.9999973350685682;0.9996437310976171;1.0007674408339422;0.9998836322821175;0.9999077604928803;0.9999944003816659;0.9999979267030631;1.0021648343726188;1.0023317764740267;0.9998924221171416;0.999994240646446;0.9999935843525166;1.0008638523899411;1.0003679779785586;1.0000698187624018;0.9999882033420182;0.9996553341276949;1.0;0.9997789603342916;0.9998750477056974;0.9999999999999999;1.0;1.0021163759624703;0.9996486935344374;0.9998980964454695;0.9999566359841063;1.00029044643438;1.024999976158142;
2016-06-11 12:15:00;0.9999430370540278;1.0;1.0;0.9999744817862933;0.9997047040625698;1.0;1.0023212663227468;0.9999839290761688;0.9997735210400356;1.0;1.0;1.0;1.0005568839762427;0.9999734199121348;0.9999732569343044;1.0;0.9999978068141141;0.9997044806273501;1.0007812576541495;0.9999047861429009;0.9999304325398557;0.999996834033146;0.9999983676802866;1.002200800544123;1.0023698714875413;0.9999155798573381;0.9999974700679837;0.9999943831861772;1.0007994739017334;1.000286320968652;1.0000119024902425;0.9999590342513393;0.9997113559742982;1.0;0.9997510688058606;0.999866758253068;0.9999999999999999;1.0;1.0021515072006888;0.999706151225307;0.9999221612665006;0.9999642546455759;1.0002985702931086;1.024999976158142;
2016-06-11 12:30:00;0.9999458510601059;1.0;0.9999999999999999;0.9999750596514624;0.9997514440203357;0.9999999999999999;1.0021887191800007;0.9999869111560923;0.9998091111199746;1.0;1.0;1.0;1.0005245977206223;0.9999803826282735;0.9999811630962602;1.0;0.9999972425334498;0.9997496964944452;1.0007354315705619;0.9999146990937907;0.9999282782779283;0.9999933093538631;0.9999978448591756;1.0020747213461976;1.0022352076754553;0.9999168175682184;0.9999932452212043;0.9999958534340061;1.0007573458483754;1.0002849779694318;1.0000081872303614;0.9999528169845386;0.9997602799445358;1.0;0.9997854231408997;0.9998509759517837;1.0;1.0;1.0020295162978612;0.9997554552607445;0.9999205770132862;0.9999677688254451;1.0002827824027072;1.024999976158142;
2016-06-11 12:45:00;0.9998947338864527;1.0;1.0;0.9999539027243421;0.999637270672702;1.0;1.0022842484870456;0.9999888877615392;0.9997290344704536;1.0;1.0;1.0;1.000530716627593;0.9999862005481516;0.9999882419048205;1.0;0.9999955042242049;0.9996250517878769;1.000758035825706;0.9998591934946818;0.9998335008178799;0.9999712666979794;0.9999958290450177;1.0021646669283106;1.0023350081003988;0.9998334032245305;0.9999657599187177;0.9999969839975038;1.0008392452056243;1.0003304144962033;1.0000524681127572;0.9999826628165527;0.9996680154786204;0.9999999999999999;0.9997547570247156;0.9998819548468036;1.0;1.0;1.0021199485347334;0.9996579620508529;0.9998231536099769;0.9999474371006519;1.000287818375679;1.024999976158142;
2016-06-11 13:00:00;0.9999643066939584;1.0;1.0;0.9999841061454235;0.9998434271637505;1.0;1.0020553661542346;0.9999918520677376;0.9998791864201683;1.0;1.0;1.0;1.0004950605585843;0.9999909876348508;0.9999928805751699;1.0;0.9999982402739943;0.9998407480389588;1.0006896556656415;0.9999432292813006;0.9999468772219136;0.9999899718498176;0.9999985150047538;1.0019490354019782;1.0020987205518557;0.999941584328426;0.9999898129036587;0.9999981076976503;1.0007161756572365;1.0002477992926906;1.000005144437044;0.9999499071084248;0.9998530763980283;1.0;0.9997656537838248;0.9998458464496506;1.0;1.0;1.0019068142319598;0.9998494915833439;0.9999417528490003;0.999977726808103;1.0002694135199095;1.024999976158142;
2016-06-11 13:15:00;0.9999675515424666;0.9999999999999999;1.0;0.9999848292906378;0.9998228287350535;1.0;1.0020730524285524;0.9999868470146331;0.999858232735452;1.0;1.0;1.0;1.0005022862302813;0.9999881118843696;0.999992371370737;1.0;0.999997715657745;0.9998218302155728;1.000697348201936;0.9999369942613742;0.999953733499819;0.9999882166497688;0.9999982461564896;1.0019656307282367;1.0021166444691434;0.9999422251260309;0.9999904165038621;0.9999974983514319;1.0006929145274455;1.0002219864876467;0.9999834529249103;0.9999387553241416;0.9998318548834171;1.0;0.9997605868531626;0.9998409810139888;1.0;1.0;1.0019231133041948;0.9998283802470134;0.9999466459769004;0.9999736221017658;1.000273246327885;1.024999976158142;
2016-06-11 13:30:00;0.999965318756857;1.0;1.0;0.9999844674924571;0.999787729113319;0.9999999999999999;1.0021616698338687;0.9999836636757637;0.9998296377560751;1.0;1.0;1.0;1.000523748335387;0.9999855226556513;0.9999909488382006;1.0;0.9999979075406286;0.9997869097891448;1.000727340604721;0.999926605008559;0.9999506073607429;0.999985414705737;0.9999984001607216;1.0020499995658998;1.0022067851242773;0.9999367870691344;0.9999885993382385;0.9999969440137183;1.0007416752753964;1.0002497982262946;0.9999992648627115;0.9999466854550291;0.9997984076752319;1.0;0.9997518183799495;0.9998448523096239;1.0;1.0;1.0020051469778328;0.9997942937575776;0.9999424103898136;0.999968723926877;1.0002846512544923;1.024999976158142;
2016-06-11 13:45:00;0.9999512336855774;1.0;1.0;0.9999783064473735;0.9997020752804174;1.0;1.002194032673657;0.9999759286497293;0.9997586031737514;1.0;1.0;1.0;1.0005295171314406;0.9999827421193336;0.9999925905992182;1.0;0.9999968003383513;0.9996998255322075;1.0007371464038866;0.9998934959486877;0.9999252210928276;0.999973163641233;0.9999974837025896;1.0020805027465243;1.002240220070682;0.9999060437725846;0.9999781985455974;0.9999963279170802;1.000833072710697;1.0003250003176027;1.0000603605474532;0.9999784017449574;0.9997208699652281;1.0;0.999746723579952;0.9998585287189858;1.0;1.0;1.0020355778521925;0.9997146963305716;0.9999129074383666;0.9999534175035758;1.0002881998732653;1.024999976158142;
2016-06-11 14:00:00;0.9999642876250026;1.0;1.0;0.9999843018834561;0.9998078401297611;0.9999999999999999;1.0020908957552925;0.9999875247805595;0.9998489050147849;1.0;1.0;1.0;1.0005049167175344;0.9999871113240566;0.9999904211973328;1.0;0.9999982707610473;0.9998062748241408;1.0007026896406077;0.9999335610321718;0.9999489985606931;0.9999884614381848;0.9999986155807341;1.0019829258405446;1.0021346208146507;0.9999392689994314;0.9999899628006376;0.9999972914349783;1.0006959960677795;1.0002168851168667;0.999979765255332;0.9999352212815567;0.9998176405333503;1.0;0.999752901864349;0.9998353096008008;1.0;0.9999999999999999;1.0019394395523478;0.999813705641665;0.999942399110666;0.9999728623847515;1.0002742207993698;1.024999976158142;
2016-06-11 14:15:00;0.9999428806714585;1.0;1.0;0.9999746238952317;0.9997178243697477;1.0;1.00219290939324;0.9999849912599368;0.9997834694704831;1.0;0.9999999999999999;1.0;1.0005248318485904;0.9999772206620184;0.9999779813451063;1.0;0.9999977196000294;0.9997162468799715;1.000736963055021;0.9999060585438821;0.9999253081429832;0.9999927263172319;0.9999982084352782;1.0020791165203502;1.0022390776606347;0.9999127753160879;0.9999930130161148;0.9999951829463497;1.000810142469115;1.000309533240745;1.000046895589638;0.9999747400409019;0.9997273659171112;0.9999999999999999;0.9997511749495219;0.999864949774466;1.0;1.0;1.0020330223811715;0.9997219460333182;0.9999171614975106;0.9999642830496333;1.0002821515864389;1.024999976158142;
2016-06-11 14:30:00;0.9999549763812182;1.0;1.0;0.9999797202412118;0.9997876756290887;1.0;1.0021272188846284;0.999988444624734;0.9998362201475316;1.0;1.0;1.0;1.0005112569664862;0.999984579161684;0.9999861002846039;1.0;0.999997849943055;0.9997857166776907;1.0007145480392654;0.9999265920090136;0.9999380811650769;0.99999146892983;0.9999982777754857;1.002016902620415;1.0021721035041629;0.9999288545257924;0.9999916877837425;0.999996748446019;1.000746657649954;1.0002432063864755;1.0000106193332696;0.9999538215290146;0.9997969164126844;1.0;0.9997288778484001;0.999850230040639;1.0;1.0;1.0019728524091784;0.9997925967746017;0.9999314195445499;0.999971636947003;1.000276660327697;1.024999976158142;
2016-06-11 14:45:00;0.9999683284822788;1.0;1.0;0.9999842655308484;0.9998824748765788;1.0;1.0019970905760271;0.9999933930685974;0.9999082216811256;1.0;1.0;0.9999999999999999;1.0004826609211819;0.9999933285609167;0.9999951675160128;1.0;0.9999973932195905;0.9998803839925708;1.0006708469178953;0.9999536272135157;0.9999534306154474;0.9999924863086246;0.9999979318834464;1.0018930208483008;1.0020397838227892;0.9999476175782878;0.9999922749584177;0.9999985896277941;1.0007509486280874;1.0002892823448295;1.000045450630341;0.9999714441369535;0.9998897036329859;0.9999999999999999;0.9997707988206663;0.9998558144533466;1.0;1.0;1.0018530986426197;0.9998870807235974;0.9999485183517346;0.9999819692071826;1.0002631734719047;1.024999976158142;
2016-06-11 15:00:00;0.999970340914646;1.0;1.0;0.9999852527703441;0.9998863188292596;1.0;1.0019853631676459;0.9999933990028353;0.9999110354553701;1.0;1.0;1.0;1.0004803448930801;0.999993206395157;0.999994979808887;1.0;0.9999975530348252;0.9998845388619869;1.0006671645079115;0.9999557222430833;0.9999568856827216;0.9999931135021257;0.9999980714902099;1.0018820014115999;1.0020276774467374;0.9999509151935034;0.9999930713220455;0.9999985674554895;1.0007579844751886;1.0002858515001012;1.0000561041287728;0.9999808042904134;0.9998929085953577;1.0;0.9997523310274549;0.9998698330244966;1.0;0.9999999999999999;1.0018421467475525;0.9998904405328587;0.999952149455434;0.9999827266641795;1.0002618612140126;1.024999976158142;
2016-06-11 15:15:00;0.9999679096771826;1.0;1.0;0.9999840755111336;0.9998765225448084;1.0;1.0019959690551468;0.9999927329510951;0.9999031809765003;1.0;1.0;1.0;1.0004824577401126;0.9999928606514622;0.9999949640480349;1.0;0.999997342101441;0.9998745128670833;1.0006705091584456;0.999951706326469;0.9999529255972104;0.9999920128568193;0.9999978998996428;1.0018919551629755;1.0020386251659519;0.9999464673787688;0.999992024613031;0.9999984952735703;1.0008288900786326;1.0003307573614688;1.000102662787605;1.0000019085018739;0.9998839728523162;1.0;0.9997291144189441;0.999871556757012;1.0;1.0;1.0018520189983013;0.9998812626321645;0.999947732073019;0.999981045104452;1.0002630135976;1.024999976158142;
2016-06-11 15:30:00;0.9999701804539722;1.0;1.0;0.9999859306225959;0.9998735841726805;1.0;1.0019315116612937;0.9999925014585186;0.9999009518177464;1.0;0.9999999999999999;1.0;1.0004668843044127;0.9999929755932593;0.9999952887937927;1.0;0.999997938432813;0.999871514777256;1.0006487252326277;0.9999522240774418;0.9999553883726822;0.9999909435161604;0.9999983352772532;1.0018313146826237;1.001972441300677;0.9999495706064794;0.9999911892486902;0.9999985250007788;1.0008726045848624;1.000410364672152;1.0001533558415907;1.0000282843864894;0.9998816457233086;0.9999999999999999;0.9997782305324777;0.9998827931741099;1.0;0.9999999999999999;1.0017921614313894;0.9998788055579075;0.9999504928952463;0.9999809088347182;1.0002545680878991;1.024999976158142;
2016-06-11 15:45:00;0.9999673480562108;0.9999999999999999;1.0;0.9999841161139984;0.9998831199989446;1.0;1.0019421388343104;0.9999938588312215;0.9999090790825893;1.0;1.0;0.9999999999999999;1.0004685773872273;0.9999945629988035;0.9999966058189249;1.0;0.9999974621518544;0.9998803566804201;1.0006516973079524;0.9999529110861459;0.9999500230523017;0.9999907734112748;0.9999979355459961;1.0018410058580103;1.0019837332332067;0.9999454386894673;0.9999902964270713;0.9999988536303955;1.0008534065123649;1.0003847802360686;1.0001389231143116;1.000024168404388;0.999891754270601;0.9999999999999999;0.9997655200372998;0.9998897855167318;1.0;0.9999999999999999;1.0018022783797473;0.9998889191470578;0.9999452141755611;0.9999816037598427;1.0002558092519285;1.024999976158142;
2016-06-11 16:00:00;0.9999600616590602;0.9999999999999999;1.0;0.9999811269982133;0.9998503861049978;1.0;1.001968400301721;0.9999926823173891;0.9998847332019262;1.0;1.0;1.0;1.0004730862546993;0.9999921510886026;0.999993977785405;1.0;0.9999973561387044;0.9998471634048168;1.0006601077490636;0.9999421530904367;0.9999400101065393;0.9999899447993282;0.9999978251778605;1.0018658710216153;1.002010617331297;0.9999349047375911;0.9999891898784844;0.9999983419872759;1.0008929386569154;1.0004173878335139;1.0001571465485382;1.0000277182929649;0.9998604121736905;1.0;0.9997689798351758;0.9998760318120397;1.0;1.0;1.0018264542379314;0.9998568595492054;0.9999345301534779;0.9999777169366586;1.0002576498200832;1.024999976158142;
2016-06-11 16:15:00;0.9999664646858367;1.0;1.0;0.9999837829559299;0.9998759809697026;1.0;1.0019731381467158;0.9999933002749454;0.999903376548582;1.0;1.0;1.0;1.000476035185034;0.999994012510639;0.9999962239624629;1.0;0.9999974523347259;0.9998732236870336;1.0006621782077056;0.9999506522448546;0.9999488410701278;0.999990344561484;0.9999979287292847;1.0018704333809578;1.0020153500312767;0.9999438161080894;0.9999899945309697;0.9999987323831084;1.000896228842041;1.0004233188644156;1.000164166693534;1.0000369841258907;0.9998849184497007;0.9999999999999999;0.9997707178517962;0.9998948490076336;1.0;0.9999999999999999;1.0018310167776752;0.9998819508869473;0.9999437967781006;0.9999806248454931;1.0002598018848718;1.024999976158142;
2016-06-11 16:30:00;0.9999711131015961;1.0;1.0;0.9999862560498056;0.999894599196792;1.0;1.0019447028948756;0.999994794227282;0.999918560020777;0.9999999999999999;0.9999999999999999;1.0;1.000469771211256;0.9999950055448691;0.9999965612256422;1.0;0.999997980550662;0.999892080765972;1.0006527351366763;0.9999583595264109;0.9999558308537032;0.9999920112314524;0.9999983348381939;1.0018437696443885;1.0019860417126056;0.999952278403468;0.9999914586967976;0.999998948554123;1.000837487087681;1.0003626097654001;1.000127218061943;1.000019648334409;0.9999022902545369;1.0;0.9997532446182051;0.9998918080279143;1.0;1.0;1.0018045611074182;0.999899712807851;0.9999517876756796;0.9999838455258044;1.0002564546204886;1.024999976158142;
2016-06-11 16:45:00;0.9999775789564969;1.0;1.0;0.9999889399965498;0.9999122156772805;1.0;1.0019307694929505;0.9999946650637288;0.9999308667950432;1.0;1.0;1.0;1.000468413188654;0.9999952805616367;0.9999970480945095;1.0;0.999998137267473;0.9999106900270187;1.000648943449957;0.9999654746902733;0.9999664720601794;0.9999935399325695;0.9999985199747018;1.0018306254121305;1.0019716040419349;0.9999619034196576;0.9999936608156094;0.9999990112106061;1.000819249194501;1.0003732447590397;1.0001148303294924;1.0000088216692682;0.9999179470208448;0.9999999999999999;0.9997935183663158;0.9998758135141897;1.0;0.9999999999999999;1.001791566626789;0.9999159775160723;0.9999627124802416;0.999986255362873;1.000255824835905;1.024999976158142;
2016-06-11 17:00:00;0.999976103060097;1.0;0.9999999999999999;0.9999881989959358;0.9999119545762949;0.9999999999999999;1.0019735251894912;0.9999951715089238;0.9999313716374666;1.0;1.0;1.0;1.0004783299209525;0.9999951827972143;0.999996542206178;1.0;0.9999980739939268;0.9999102788275567;1.0006631761419005;0.9999651854944053;0.9999645846325541;0.9999941662132346;0.9999984628080094;1.0018710832770974;1.0020153388074629;0.9999604691267738;0.9999939445560181;0.999998988281476;1.0008218141496386;1.0003551719237949;1.0001088997076402;1.0000092237399514;0.9999175706988043;1.0;0.9997683057670764;0.999885463557229;1.0;1.0;1.0018312135206398;0.9999155700109613;0.9999609443124803;0.9999864744477863;1.000261131237573;1.024999976158142;
2016-06-11 17:15:00;0.9999776505256084;0.9999999999999999;1.0;0.9999882955245684;0.9999174301717378;0.9999999999999999;1.001934719855615;0.9999947422429242;0.9999346891529561;1.0;0.9999999999999999;1.0;1.0004698910213805;0.9999946804559818;0.9999961347741083;1.0;0.9999977859143763;0.9999164085230239;1.0006508576534543;0.9999670015580947;0.9999683171846149;0.9999954878065505;0.9999982963254104;1.0018340369094967;1.0019758222255999;0.9999627793670611;0.9999956213867427;0.9999988797054379;1.0008525500279957;1.0003864004365581;1.0001429331828926;1.0000291866849678;0.9999217027636563;1.0;0.9997659714157703;0.9998995468290466;1.0;1.0;1.0017951930306772;0.9999200260583483;0.9999644539126074;0.9999871204331464;1.0002564157076037;1.024999976158142;
2016-06-11 17:30:00;0.9999768251806981;1.0;1.0;0.9999890155585476;0.9999086743653978;1.0;1.0019658794836224;0.9999951436160041;0.9999291836975587;1.0;1.0;1.0;1.0004763547035513;0.9999949538434829;0.9999962272083682;1.0;0.9999984272939358;0.9999069679469496;1.0006605435196507;0.9999651382554794;0.9999654975748192;0.9999939545019653;0.9999987210791429;1.0018641029737443;1.0020073129178626;0.9999618329320732;0.9999937581532483;0.9999989414307896;1.0007876383570693;1.000308220345419;1.0000819948455497;0.9999937350070923;0.9999144963207109;1.0;0.9997439353271879;0.999874529631682;1.0;1.0;1.0018240427124299;0.9999123987414412;0.9999620757183649;0.9999864062476003;1.0002599748134644;1.024999976158142;
2016-06-11 17:45:00;0.9999799217093764;1.0;1.0;0.9999907628058291;0.9998999461542146;1.0;1.0019253603671192;0.9999935719522627;0.9999213305938037;1.0;1.0;1.0;1.0004676446421668;0.999993264432436;0.9999949166972644;1.0;0.9999987867181452;0.9998990853560102;1.0006476671467814;0.9999645745114889;0.9999715269261391;0.9999942746134455;0.9999990453109617;1.0018259803764498;1.0019655535020162;0.9999661590561948;0.9999949273389441;0.9999985929430221;1.0008037125879785;1.0003314212213967;1.0001099156971027;1.0000147165843993;0.9999049552428994;1.0;0.9997462584821522;0.9999001248319899;0.9999999999999999;1.0;1.0017861933356296;0.9999029204616396;0.999967891372544;0.9999856985751887;1.0002548952170291;1.024999976158142;
2016-06-11 18:00:00;0.9999711277393076;1.0;1.0;0.9999868133822569;0.9997996653636367;1.0;1.0019820672683368;0.9999820246585202;0.9998354017755369;1.0;1.0;1.0;1.0004821613085546;0.9999874880231139;0.999994977128529;1.0;0.9999977208126771;0.9997991692545535;1.0006673759255158;0.9999292442525498;0.9999567448898015;0.9999820528932745;0.9999982851935936;1.001879720687746;1.0020234098436223;0.9999412046824188;0.99998654125002;0.9999973673993113;1.0009010612956666;1.0004272717293563;1.0001672100111119;1.0000398276449807;0.9998112264165049;1.0;0.9997705258343959;0.9998993507801146;1.0;1.0;1.0018388935796074;0.999807370507087;0.9999478916857897;0.9999682955296298;1.0002628541746859;1.024999976158142;
2016-06-11 18:15:00;0.9999822489376952;1.0;1.0;0.9999913785195261;0.999904506369194;1.0;1.0018684664084287;0.9999920067387967;0.9999219674059906;1.0;1.0;1.0;1.0004550669851346;0.999994798750597;0.9999982824282178;1.0;0.9999983686057518;0.9999036563024459;1.0006286885703828;0.9999639672037225;0.9999726903597321;0.9999909046793198;0.9999987378708798;1.0017718936473052;1.0019076222261274;0.9999657259762492;0.9999925156094902;0.9999989124779932;1.0008427033441418;1.0003935748725403;1.000156126485968;1.0000409179449479;0.9999108327238133;1.0;0.9997759827989497;0.9999169473543628;1.0;1.0;1.0017337866440712;0.9999088516968764;0.9999681987143222;0.999984304861357;1.0002488149973208;1.024999976158142;
2016-06-11 18:30:00;0.9999817966297011;1.0;1.0;0.9999912597256356;0.9999047304109466;0.9999999999999999;1.001888891434305;0.9999921915538509;0.9999223134798585;1.0;1.0;1.0;1.0004597813974812;0.9999951927396966;0.9999987214597016;0.9999999999999999;0.9999983843082466;0.9999036458938447;1.0006353612283372;0.9999637020325318;0.9999714038425149;0.9999903816056391;0.9999987330051849;1.001791289786085;1.0019284920844547;0.9999648720048849;0.9999918790177607;0.9999989924326662;1.0008481978256376;1.0003870339276757;1.0001570024836781;1.000043718088996;0.999911515387459;0.9999999999999999;0.9997608879137585;0.999924520916754;1.0;1.0;1.0017528031243366;0.9999094613227539;0.9999669494939184;0.9999841968206784;1.0002514998103724;1.024999976158142;
2016-06-11 18:45:00;0.9999684764997248;1.0;1.0;0.9999857230443973;0.9998605217832716;1.0;1.0019299134421906;0.9999916442904803;0.9998905279442256;1.0;1.0;1.0;1.000465804520712;0.9999932797887114;0.9999963577544244;1.0;0.9999980896676378;0.9998578287214989;1.0006476649243747;0.999947393115451;0.9999508136008248;0.9999879005523191;0.9999984030190217;1.0018300460613865;1.0019707188753244;0.9999452850006069;0.9999883078866807;0.9999985834112972;1.0008999918433885;1.0004414169836746;1.000191524986003;1.0000657570386697;0.9998707574751486;1.0;0.9997763115429346;0.9999450276344768;1.0;1.0;1.00179081979475;0.9998674443180149;0.9999455499408653;0.9999785431597541;1.000254232125138;1.024999976158142;
2016-06-11 19:00:00;0.9999706768839344;1.0;1.0;0.9999864852066463;0.999871640968409;1.0;1.0018764329447494;0.9999921777845504;0.9998990798785105;1.0;1.0;1.0;1.000453424681531;0.9999935778886576;0.9999963990907167;1.0;0.9999980881745946;0.9998692957543287;1.000630020933674;0.9999513820622324;0.9999547394711931;0.9999892455681761;0.9999984263129381;1.001779265563142;1.0019161245669057;0.9999492143307993;0.9999896616621343;0.9999986481018399;1.0008739498263572;1.0004306227816895;1.0001867771717254;1.000065488581743;0.9998807532602336;0.9999999999999999;0.9997846738728272;0.9999499438151865;0.9999999999999999;1.0;1.0017411877936788;0.9998777588334241;0.9999497703918511;0.9999802140130276;1.0002474670649528;1.024999976158142;
2016-06-11 19:15:00;0.9999776490559296;1.0;1.0;0.9999899217113153;0.999881065155104;1.0;1.0019335576126762;0.999991332173339;0.999904792587072;1.0;1.0;1.0;1.0004693989354467;0.9999935018761184;0.999996898476872;1.0;0.9999985535336781;0.9998796621277931;1.0006500387158332;0.9999566003706433;0.9999655747412027;0.9999895550953241;0.9999988354054675;1.0018338134898999;1.0019739798446539;0.999958959461357;0.9999909306244756;0.9999986368613989;1.0008737623009012;1.0004053925971932;1.000171422073282;1.0000568430921277;0.9998889585045171;0.9999999999999999;0.999757784863003;0.9999454314465434;1.0;1.0;1.0017940659464917;0.9998863668273389;0.9999608060350192;0.9999815459845897;1.0002563281207173;1.024999976158142;
2016-06-11 19:30:00;0.9999779397187922;0.9999999999999999;1.0;0.9999896925337143;0.9999027718092875;0.9999999999999999;1.0018998486109898;0.9999938982290029;0.999923335233293;1.0;1.0;1.0;1.0004607831383578;0.9999949269703616;0.9999970926994125;1.0;0.9999984738294478;0.9999011450376772;1.0006384639957167;0.9999631877529537;0.9999663101305672;0.9999921133168543;0.9999987609670429;1.0018016224047677;1.0019397935832453;0.9999617220989175;0.9999925223454328;0.9999989369872023;1.0008827931310218;1.0004334859315596;1.0001893204594356;1.0000682743236808;0.9999094074639627;1.0;0.9997805509466088;0.9999557618113627;1.0;1.0;1.0017628505549832;0.9999071911396477;0.9999624544980509;0.9999849998380497;1.0002516593933937;1.024999976158142;
2016-06-11 19:45:00;0.999976176938855;0.9999999999999999;1.0;0.9999883442134246;0.9998866905308226;1.0;1.001903370313743;0.9999913068005274;0.9999083953632553;1.0;1.0;1.0;1.000462221372629;0.9999940379667539;0.999997697099114;1.0;0.9999978693784396;0.9998852874956178;1.0006399675687545;0.9999563505549209;0.9999634539322922;0.9999896363488066;0.9999983311080158;1.0018046761119062;1.0019435946444561;0.9999559834812414;0.9999909891939431;0.999998748111529;1.0008841684839793;1.000435424599789;1.000186857556301;1.0000640871087827;0.9998943994162747;1.0;0.9997838800129396;0.9999462629958458;0.9999999999999999;1.0;1.0017662349919794;0.9998919592187604;0.9999582222127845;0.9999814829412301;1.0002525907715019;1.024999976158142;
2016-06-11 20:00:00;0.9999711476565152;1.0;1.0;0.9999869432243907;0.9998589095316747;1.0;1.0019070394112655;0.9999900012864994;0.9998870362460959;1.0;0.9999999999999999;1.0;1.000461384503536;0.9999937499278938;0.9999982345884035;1.0;0.9999980445355814;0.9998564341630661;1.0006402341898493;0.9999464288715015;0.9999534456658025;0.9999853905880345;0.9999983850183998;1.001808463969888;1.0019472635949012;0.9999464681486201;0.9999867444518502;0.9999986826646866;1.0008730912114043;1.0004185643320547;1.0001759152471246;1.0000571384734327;0.9998700226246224;1.0;0.9997747375340433;0.999939618299392;1.0;1.0;1.0017697547994637;0.9998666995639238;0.999947579353816;0.9999771660877964;1.0002522607030029;1.024999976158142;
2016-06-11 20:15:00;0.9999614142183614;1.0;1.0;0.9999830377365877;0.9998347526134481;1.0;1.0019629039010411;0.9999905099646863;0.9998704587872401;1.0;1.0;1.0;1.000471663172185;0.9999940735810313;0.99999833953817;1.0;0.999997863307674;0.999830489591158;1.0006573269977082;0.9999360751778448;0.9999364438728748;0.9999823429880098;0.9999981260662338;1.0018613842531212;1.0020046235046152;0.9999316445387635;0.9999825671186735;0.9999987438181154;1.0008915927130326;1.0004168664310578;1.0001754342858025;1.0000563072063282;0.9998493915656833;1.0;0.9997571384934122;0.9999382695005595;1.0;1.0;1.001821758403088;0.9998450975279384;0.9999302567440469;0.999973623377877;1.000257911360492;1.024999976158142;
2016-06-11 20:30:00;0.9999606843694728;1.0;1.0;0.9999824614730805;0.9998262595853887;0.9999999999999999;1.001948840663415;0.9999898719366261;0.9998639872293899;1.0;1.0;0.9999999999999999;1.0004684853061945;0.9999919356259916;0.9999957022373949;1.0;0.99999778489436;0.9998226938540995;1.0006531885386942;0.9999345877535929;0.9999380823835871;0.9999845555436747;0.9999981171629118;1.0018479162786804;1.0019902347805871;0.9999318801110181;0.9999849327125069;0.999998300933571;1.0008856210210968;1.0004170052022934;1.0001749379337175;1.000056517361432;0.9998393924981003;0.9999999999999999;0.9997626538973162;0.9999394520006964;1.0;1.0;1.0018084024018676;0.9998351886266279;0.9999317196543622;0.999973338862783;1.0002555429288988;1.024999976158142;
2016-06-11 20:45:00;0.999972803252741;1.0;1.0;0.9999874694417938;0.9998709228216408;1.0;1.0018985299130956;0.9999910397058334;0.9998969709585743;0.9999999999999999;1.0;0.9999999999999999;1.0004596811765152;0.9999938425933852;0.9999976111691883;1.0;0.9999980860462386;0.9998687845323433;1.0006376603805984;0.999951006644124;0.9999570928952468;0.9999876503391428;0.9999984392551532;1.0018003141384162;1.0019385821524482;0.999950536083776;0.9999887441562628;0.9999987039745208;1.0008847353372614;1.0004360769159333;1.00019082522887;1.0000687527832386;0.9998805198255506;1.0;0.9997814203388296;0.9999547978978084;1.0;1.0;1.00176177338737;0.9998775418700416;0.9999517382159054;0.9999793758811153;1.0002511799888516;1.024999976158142;
2016-06-11 21:00:00;0.9999728816228801;1.0;1.0;0.9999873598574298;0.9998710182166185;1.0;1.0019153627656112;0.9999906422969016;0.9998963792308898;0.9999999999999999;0.9999999999999999;1.0;1.000463991542993;0.9999941730892972;0.9999983841322355;1.0;0.9999979395994477;0.9998688385508991;1.0006433299350856;0.9999503627736391;0.9999566537519788;0.9999867836811113;0.9999983284056797;1.001816214033849;1.0019558320083857;0.9999496863842589;0.9999880748954367;0.9999987702488218;1.0008633180447077;1.00039581334317;1.0001683393410494;1.0000562209841577;0.9998810148532161;1.0;0.9997535869462193;0.9999470813040847;1.0;1.0;1.0017774918202205;0.9998780221341833;0.9999510414240453;0.9999788708994194;1.000253723654166;1.024999976158142;
2016-06-11 21:15:00;0.9999734195899271;1.0;1.0;0.9999883093124484;0.9998787192423678;1.0;1.0019004864795014;0.9999925565882571;0.9999044669787343;1.0;1.0;1.0;1.0004594912255176;0.9999949690928507;0.9999981360671829;1.0;0.9999985149370265;0.9998760798402822;1.0006378009251913;0.9999540425289918;0.9999569239675711;0.999987779358121;0.999998720256023;1.0018024429669863;1.001940440617972;0.999952580349363;0.9999882805170731;0.9999989402879371;1.0008548117121543;1.0003904218368185;1.0001671704306212;1.0000574632408203;0.9998886609003786;0.9999999999999999;0.9997533614180795;0.9999523496093832;1.0;0.9999999999999999;1.0017636247857498;0.9998856524641266;0.9999523493052556;0.9999808932962923;1.0002512009924285;1.024999976158142;
2016-06-11 21:30:00;0.9999585807264498;0.9999999999999999;1.0;0.9999816680942191;0.9998283659971713;1.0;1.0019158775043362;0.9999909422833909;0.9998667271089804;1.0;1.0;1.0;1.0004593973299734;0.9999929778635624;0.9999964404387438;0.9999999999999999;0.9999977909201175;0.9998240815327862;1.000641507960442;0.9999343107475646;0.9999336570206258;0.9999839239487784;0.9999980712016221;1.0018166515801796;1.001956716047967;0.9999290598857598;0.9999836802381201;0.9999985122099744;1.0008795953322935;1.0004259456590743;1.0001849436066226;1.0000682022304226;0.9998424590816376;1.0;0.9997739378025191;0.9999606670308214;1.0;1.0;1.0017779813946797;0.9998380796335439;0.999927560523372;0.9999735396221967;1.0002507455317498;1.024999976158142;
2016-06-11 21:45:00;0.9999635504783718;1.0;1.0;0.9999839022464081;0.9998318776764135;1.0;1.0019176596788435;0.9999894544808379;0.9998672429603629;1.0;1.0;0.9999999999999999;1.0004616698570548;0.9999928993131739;0.9999974044406431;1.0;0.9999979077655432;0.9998283514742498;1.0006428127163112;0.9999363252192235;0.9999410523500029;0.9999831036423424;0.9999982105067768;1.001818512473431;1.001958282867085;0.999934669857623;0.9999839324483296;0.9999985007734056;1.0008764333409093;1.0004159506284065;1.0001800196437722;1.0000639587571456;0.999845499175759;0.9999999999999999;0.9997649295799963;0.9999545491718455;1.0;1.0;1.0017796278142175;0.9998413720492316;0.99993462535437;0.9999734438660353;1.0002522189915626;1.024999976158142;
2016-06-11 22:00:00;0.9999567162877611;1.0;1.0;0.9999801559664183;0.9998052194980876;0.9999999999999999;1.001957727229013;0.9999879126974132;0.9998466773437399;1.0;1.0;1.0;1.0004704837764984;0.9999898829485712;0.9999941752539118;1.0;0.9999972465910439;0.9998019155220401;1.000656574546359;0.9999269486818264;0.9999335736055366;0.9999840490688651;0.9999977387223672;1.0018560126832028;1.0019995220964535;0.999924927204448;0.9999848586164478;0.9999978559542613;1.0008983918541472;1.0004287807497563;1.0001834333931348;1.0000618190551187;0.9998186381188233;1.0;0.9997633861545524;0.9999434799561617;0.9999999999999999;0.9999999999999999;1.0018165881679828;0.9998141633337585;0.999926100682269;0.9999701794844909;1.000256272445855;1.024999976158142;
2016-06-11 22:15:00;0.999968638238109;1.0;0.9999999999999999;0.9999858207586962;0.9998362232662776;0.9999999999999999;1.0019001531111058;0.9999883715451421;0.9998693504216708;1.0;0.9999999999999999;1.0;1.0004595663764693;0.999990779844848;0.9999951201689958;1.0;0.9999980073885552;0.9998343163336637;1.0006384377181559;0.9999404120069203;0.999952260490214;0.9999863807641417;0.9999983974943386;1.0018019028589429;1.0019401347913486;0.9999433293053688;0.9999880875581444;0.9999980598863286;1.0008750588021158;1.0004227985242125;1.0001775667883883;1.0000563048686115;0.999846737241922;1.0;0.9997779715089831;0.9999344510380521;1.0;1.0;1.0017630289805532;0.9998431914749899;0.9999458098508603;0.9999748962763696;1.0002505228912855;1.024999976158142;
2016-06-11 22:30:00;0.9999658045714307;1.0;1.0;0.9999847099678275;0.9998245270690893;0.9999999999999999;1.0019283768385303;0.9999876565839384;0.9998599790462657;1.0;0.9999999999999999;1.0;1.0004656657203228;0.9999910206339162;0.9999959916486504;1.0;0.9999978767870376;0.999822025831951;1.0006473846148136;0.9999353361618634;0.999946462153732;0.9999839036905784;0.9999982595485413;1.0018286787913215;1.0019690405728914;0.9999375446563712;0.9999856459195184;0.9999981080659519;1.0008496007412926;1.0003909083409135;1.0001497851516714;1.0000401568496413;0.9998368985088172;1.0;0.9997700883742567;0.9999230598421783;0.9999999999999999;1.0;1.0017893512766831;0.9998329434126583;0.9999395195914468;0.9999726155546987;1.0002540689578323;1.024999976158142;
2016-06-11 22:45:00;0.9999600097971362;1.0;1.0;0.9999822425234233;0.999793939459801;1.0;1.001934582086635;0.9999856219560299;0.999835775807315;1.0;0.9999999999999999;1.0;1.0004659951285522;0.9999894319330342;0.9999951805247754;1.0;0.9999976053629847;0.9997909849012964;1.0006491017940915;0.9999243278819778;0.9999373723271187;0.9999811887028346;0.99999802768239;1.001834502872736;1.0019754882866339;0.9999271297514178;0.9999831894138399;0.9999977675226415;1.0008829757053277;1.0004161974983887;1.0001756605456467;1.0000562844967305;0.9998084516877744;1.0;0.9997625032131476;0.9999370285978133;0.9999999999999999;1.0;1.0017951046783697;0.9998037975275449;0.9999293275692782;0.9999679806234905;1.0002540558321686;1.024999976158142;
2016-06-11 23:00:00;0.999957874021967;1.0;1.0;0.9999809971775477;0.9998080791858038;1.0;1.0019365839125978;0.9999881457494134;0.9998489688349375;1.0;1.0;1.0;1.0004653553865397;0.9999904884337825;0.9999948781062272;1.0;0.999997475326873;0.9998046175060684;1.0006493059545039;0.9999281289474145;0.9999344353419678;0.9999834211526553;0.999997896268393;1.0018361501521358;1.001977817530421;0.9999264489545214;0.9999842318994122;0.9999979852249128;1.0008918512118377;1.0004254801186627;1.0001797515852555;1.0000560509443754;0.9998218921733245;1.0;0.9997662190842667;0.9999307816343076;1.0;1.0;1.0017970186651992;0.9998173953106054;0.9999271884029304;0.9999705085802407;1.0002536337887602;1.024999976158142;
2016-06-11 23:15:00;0.9999559459119285;1.0;1.0;0.9999800987447152;0.999818004911145;1.0;1.0019197663057644;0.9999895449280422;0.9998573195713828;1.0;1.0;1.0;1.0004601868282286;0.9999930878224502;0.9999976301772115;1.0;0.9999972802668834;0.9998134263384301;1.0006426789461476;0.9999288599989408;0.9999285684538347;0.9999813963505617;0.9999976741660297;1.0018200913449276;1.0019609500474627;0.9999226928362066;0.9999815354702986;0.9999985244377545;1.0008835891899348;1.0004215257476103;1.0001831159790187;1.0000638453740698;0.9998336239518163;1.0;0.9997648570154707;0.999949681249052;1.0;1.0;1.0017818122654163;0.9998289675433202;0.9999215290953293;0.9999708857214263;1.0002514613057523;1.024999976158142;
2016-06-11 23:30:00;0.999941907144267;0.9999999999999999;1.0;0.9999740663987737;0.9997423087841157;0.9999999999999999;1.0019709071064224;0.9999858920216672;0.9998001136334087;1.0;1.0;1.0;1.000469752026033;0.9999855959813226;0.9999894572091821;1.0;0.9999970032326788;0.9997378806301643;1.0006599529908766;0.9999058164850092;0.9999126503420503;0.9999820819711642;0.9999974804793306;1.001868421626562;1.0020131809605552;0.9999033874079388;0.9999821939343713;0.9999969380327715;1.0009285922725613;1.0004656521894568;1.0001995631036906;1.0000653844895864;0.9997588006148688;1.0;0.9997823785712343;0.9999322049973055;1.0;1.0;1.0018284993893416;0.9997528774274334;0.9999038912455619;0.9999625851642034;1.0002547469604828;1.024999976158142;
2016-06-11 23:45:00;0.9999551438038915;1.0;1.0;0.9999801135051908;0.9997677617030296;0.9999999999999999;1.0019133210764333;0.9999833714733134;0.9998141180724743;1.0;1.0;1.0;1.0004599459148773;0.9999889257447033;0.999996096672858;1.0;0.9999972242960656;0.9997641668397482;1.000641463232277;0.9999137670185538;0.9999282608412935;0.9999769600080339;0.9999977018832625;1.001814265843649;1.001953960209245;0.9999166399837169;0.9999794366518189;0.9999976520891505;1.000906042098086;1.0004557955864901;1.0001982779154792;1.0000669349282605;0.9997851637614741;1.0;0.9997873982079257;0.9999385118118163;1.0;1.0;1.0017755727697557;0.9997798177166972;0.9999189287448443;0.9999631217192824;1.0002509635203793;1.024999976158142;
2016-06-12 00:00:00;0.9999710392062331;1.0;1.0;0.9999867027502497;0.9998736392945474;1.0;1.0018268606512186;0.9999923538882417;0.9999006847358668;1.0;1.0;1.0;1.0004413490119715;0.9999938379958062;0.9999966471551877;1.0;0.99999813614556;0.9998712419315935;1.0006133251046891;0.9999520384228116;0.9999550380804195;0.9999891716150697;0.9999984580160359;1.0017322857897273;1.001865508340784;0.9999497595608146;0.9999895506019723;0.9999987030366576;1.000874752430949;1.0004511918303403;1.0001973630988394;1.000068198546914;0.9998828034851447;1.0;0.9998075889979445;0.9999433689508256;1.0;1.0;1.0016952267477068;0.9998798256315488;0.9999501593278555;0.9999804662756456;1.0002409171644442;1.024999976158142;
2016-06-12 00:15:00;0.9999699854060656;1.0;1.0;0.9999866663954219;0.9998418356771697;1.0;1.0018587126729581;0.9999888719626675;0.9998739399308432;0.9999999999999999;1.0;1.0;1.0004495241440408;0.9999914526900097;0.9999957278346828;1.0;0.9999982146297839;0.9998398137424287;1.0006244000005238;0.9999425234661578;0.9999536340224162;0.999986234554029;0.9999985421907869;1.0017627511749865;1.0018977375314173;0.9999454661090621;0.9999878547313019;0.9999982019997236;1.0008704299493865;1.0004285498760321;1.0001861235963223;1.0000629691247804;0.9998524440749242;0.9999999999999999;0.9997844899729984;0.9999427489680138;1.0;1.0;1.0017246277752452;0.999848948031094;0.9999475012652205;0.9999757011680274;1.00024517163497;1.024999976158142;
2016-06-12 00:30:00;0.9999676726826193;1.0;1.0;0.9999852216259694;0.999850340310999;1.0;1.0018109982011205;0.9999903153256372;0.9998816319644405;1.0;0.9999999999999999;1.0;1.000437076121069;0.9999923967834763;0.9999960487573647;1.0;0.9999979092547042;0.9998478589195977;1.0006079769263323;0.9999438661605128;0.9999499403701169;0.9999870696770075;0.9999982848760766;1.0017171974713235;1.0018493601781893;0.9999429944062576;0.9999879451895369;0.999998396827367;1.0008921202134253;1.000480845331158;1.000214231662891;1.0000759883030503;0.9998608856049139;1.0;0.9998262955700183;0.9999441247697501;1.0;1.0;1.0016804933971275;0.9998574473522028;0.9999440845586594;0.9999768130836518;1.0002384357019272;1.024999976158142;
2016-06-12 00:45:00;0.9999705636571907;1.0;1.0;0.9999863758983157;0.9998379248581554;0.9999999999999999;1.0018468367637778;0.999988140151407;0.9998706200210712;1.0;0.9999999999999999;1.0;1.0004475384207294;0.9999889854836721;0.9999926923639046;1.0;0.9999980372321153;0.9998370334684471;1.0006215020346407;0.9999428282841512;0.9999582380074878;0.9999895500477237;0.9999984907064972;1.001751256666671;1.0018855939061455;0.9999479620204316;0.9999914944566449;0.9999976822647698;1.0008464295736021;1.0004178229278218;1.00017773557154;1.000065157050199;0.999846029823446;1.0;0.9997939334072542;0.999960305407753;1.0;1.0;1.0017132762109582;0.9998428524789442;0.9999519090437684;0.9999761378767588;1.000243361016699;1.024999976158142;
2016-06-12 01:00:00;0.9999806499483712;1.0;1.0;0.9999910261213879;0.999890216419429;1.0;1.0017821114134269;0.9999915773333333;0.9999117711713927;1.0;1.0;1.0;1.0004335198790613;0.9999928419192772;0.9999957626677344;1.0;0.9999986322921168;0.9998895992522093;1.0005999244662551;0.9999609763226112;0.9999720120944964;0.9999920591937488;0.9999989485656895;1.001690148543322;1.001819287134714;0.9999647483033316;0.999993604331425;0.9999985004119021;1.0008362620619837;1.000436038604721;1.0001813346129045;1.0000613276089265;0.9998960880126202;1.0;0.9998278863156863;0.999943807445954;1.0;1.0;1.001653416186096;0.999893918422112;0.9999675515661183;0.9999834411112721;1.000236420643142;1.024999976158142;
2016-06-12 01:15:00;0.9999815875758481;1.0;1.0;0.9999916396537246;0.9998895871059998;1.0;1.0017409145215839;0.9999916765607365;0.9999116755473564;1.0;1.0;1.0;1.000423638668333;0.9999921384085687;0.9999946681332015;1.0;0.9999988631061502;0.9998892625230489;1.0005863193555458;0.9999620296659739;0.9999744114039704;0.9999932073618293;0.9999991392172304;1.0016512040096426;1.0017770741227119;0.9999671477722526;0.9999947549685337;0.9999983552469739;1.0008526822023887;1.0004778948567432;1.0002084575827397;1.0000789358401665;0.9998946998743039;1.0;0.9998591251906725;0.999960484690465;0.9999999999999999;1.0;1.001615040382906;0.9998926050386698;0.9999701965454381;0.999984010870852;1.000230751333436;1.024999976158142;
2016-06-12 01:30:00;0.9999800559507327;1.0;1.0;0.9999911905381067;0.9998852674254864;1.0;1.0017573198586043;0.9999920053638951;0.9999091132970248;1.0;1.0;0.9999999999999999;1.0004269428940922;0.9999920151484819;0.9999942481873949;0.9999999999999999;0.9999989730440446;0.9998846518249528;1.0005915150398117;0.9999607245295012;0.9999719541441524;0.9999931325663822;0.9999991998461566;1.0016668321279405;1.0017938038546328;0.9999653897684224;0.9999943779917572;0.9999983305759833;1.0008413881455027;1.0004545800606108;1.0001950858086988;1.0000718690369264;0.9998907909430065;0.9999999999999999;0.9998423507258499;0.9999571197619699;1.0;1.0;1.0016302209463739;0.9998885288831281;0.9999678743248199;0.9999837189861948;1.0002324594268337;1.024999976158142;
2016-06-12 01:45:00;0.9999810391340291;0.9999999999999999;1.0;0.999990952418657;0.9998922999278195;1.0;1.0017102239068092;0.9999914069114441;0.9999129461624291;1.0;1.0;1.0;1.000416325682074;0.9999928240833883;0.9999958611127056;1.0;0.9999984853260578;0.9998918543260665;1.0005759513713555;0.999961409160373;0.9999728732028252;0.9999922795238113;0.9999988522656842;1.0016218583611072;1.001745976418399;0.9999651010805606;0.9999939533905001;0.999998497535854;1.0008871167441347;1.0005249476263887;1.0002443040597084;1.0000994814476787;0.9998978552473725;1.0;0.999877251385772;0.9999745201119185;1.0;1.0;1.0015867455576157;0.9998957862601043;0.999968281582018;0.9999835513068647;1.0002270333589036;1.024999976158142;
2016-06-12 02:00:00;0.9999779921659737;1.0;1.0;0.999989556160388;0.9998744487125356;1.0;1.0017286038809894;0.9999904206624863;0.9998993402810308;1.0;1.0;1.0;1.0004202987017654;0.9999907876849219;0.9999936280317538;1.0;0.9999983837812991;0.9998742053284904;1.0005822815352539;0.9999561668537651;0.9999699660222143;0.9999928353178034;0.9999987915954244;1.001639210191362;1.001764745643799;0.9999610615914409;0.9999945775325733;0.9999980721996815;1.0008791904500545;1.0005026231000467;1.000228224219666;1.0000861004576616;0.9998798705992881;0.9999999999999999;0.9998608999508025;0.9999556497656732;0.9999999999999999;1.0;1.0016035726622272;0.999877559265463;0.9999649292815793;0.9999816806727371;1.0002286745985738;1.024999976158142;
2016-06-12 02:15:00;0.9999817324626628;1.0;1.0;0.9999914714607523;0.9999038033870636;1.0;1.0016582586746152;0.9999933308045961;0.9999237664048046;0.9999999999999999;1.0;1.0;1.0004031934464204;0.9999931822339921;0.9999949737972263;1.0;0.9999987987376073;0.999903288882894;1.0005583374546168;0.9999662146313704;0.9999746388434444;0.9999946712887541;0.9999990784534215;1.0015726614279414;1.001692863071422;0.9999687271582378;0.9999955971742438;0.9999985755897243;1.0009005326164464;1.0005648070631699;1.0002694535041434;1.0001138121182258;0.9999082257697819;1.0;0.9999095605561693;0.9999840773730961;1.0;1.0;1.0015384191242045;0.9999063618947612;0.9999709989104103;0.9999861840503568;1.0002196334497326;1.024999976158142;
2016-06-12 02:30:00;0.9999791670242484;1.0;0.9999999999999999;0.9999908095831558;0.9998927150158204;1.0;1.0016663255385774;0.9999935467100434;0.9999164145891904;1.0;1.0;1.0;1.0004040514987877;0.9999924899929103;0.9999938124067612;1.0;0.9999990455848682;0.9998918251410618;1.000560654552242;0.9999631927966331;0.9999708614193087;0.99999458350296;0.9999992340838648;1.0015804842369398;1.0017010030236375;0.9999658127354739;0.9999951170239842;0.9999984306203543;1.0009085827457054;1.0005791034989078;1.000268298376649;1.0001067211839507;0.9998977695175321;0.9999999999999999;0.9999251973278441;0.9999642222749755;0.9999999999999999;1.0;1.0015457900402485;0.999895583797508;0.9999673737342575;0.9999853211617777;1.000219825748321;1.024999976158142;
2016-06-12 02:45:00;0.9999821497814506;1.0;1.0;0.9999916818714295;0.9999101858699455;1.0;1.0016430621084782;0.9999941527728972;0.9999293402166818;1.0;1.0;1.0;1.000399359607148;0.9999935756157589;0.9999949450406241;1.0;0.9999988800405065;0.9999096085091597;1.0005531635541036;0.9999684594468023;0.9999753381961513;0.9999954739266315;0.9999991339746045;1.0015582571144357;1.001677354687282;0.9999701936140195;0.9999961046797354;0.9999986579123046;1.0009297691882735;1.0006149484354825;1.000290836905743;1.0001184300617147;0.9999142215973847;0.9999999999999999;0.9999464833822839;0.9999694506842944;1.0;0.9999999999999999;1.0015243205120312;0.999912462039517;0.9999720617367196;0.9999873272972626;1.000217527770018;1.024999976158142;
2016-06-12 03:00:00;0.9999781544223822;0.9999999999999999;1.0;0.9999897116653915;0.9998875625551034;1.0;1.0016417964543722;0.9999926810461447;0.9999117239114265;1.0;1.0;1.0;1.0003985184008402;0.9999911176474643;0.9999924573115424;0.9999999999999999;0.9999986296316902;0.9998872379728097;1.0005529717021533;0.9999613727261439;0.9999712706044043;0.9999958171486323;0.99999896711951;1.001556884945986;1.001676136593064;0.999964387970468;0.9999966320263871;0.9999981431174033;1.000939516682344;1.0006294780420577;1.0003020636577722;1.0001275662400664;0.9998915782299318;1.0;0.9999527198736662;0.9999820117179106;1.0;1.0;1.0015229200692477;0.9998895127965001;0.9999672626435284;0.9999846724979825;1.000216473473188;1.024999976158142;
2016-06-12 03:15:00;0.9999841763184318;1.0;1.0;0.9999921058496994;0.9999238287590186;1.0;1.0016106961262454;0.9999947839628786;0.999939737615159;1.0;1.0;1.0;1.0003922128992944;0.9999939370873149;0.9999950086419691;0.9999999999999999;0.9999987136487499;0.9999236665935558;1.0005426790073062;0.9999728930654987;0.999979272266761;0.9999971982437251;0.9999990404397211;1.0015273603251789;1.001644416831116;0.9999739126555908;0.9999978060300062;0.9999987347271794;1.0009306756335568;1.0006313037057384;1.0003050567041485;1.000131234527225;0.9999264536046005;0.9999999999999999;0.9999610241034985;0.999989081202813;1.0;1.0;1.0014942938984612;0.9999250958016435;0.9999762283633217;0.9999892426523243;1.0002136306639589;1.024999976158142;
2016-06-12 03:30:00;0.9999852860389195;1.0;1.0;0.9999934830454552;0.9999150141484693;1.0;1.00162994855903;0.999994219182715;0.9999329628013806;1.0;1.0;1.0;1.0003967883146958;0.9999936817347277;0.999995046731688;0.9999999999999999;0.9999992763312902;0.999914709464554;1.0005489688406426;0.9999713837031151;0.9999800172535996;0.9999957481622346;0.999999445204721;1.0015461089167603;1.001663689006077;0.9999751081051094;0.9999966047267298;0.9999986824022632;1.0009287248217604;1.00062058679866;1.0002942708502691;1.0001209648687075;0.9999185997359821;1.0;0.99995363385666;0.9999725098084759;1.0;1.0;1.0015120819451477;0.9999169785494724;0.9999770977194696;0.9999882933919735;1.0002161445877804;1.024999976158142;
2016-06-12 03:45:00;0.9999809152086574;1.0;1.0;0.9999912737435138;0.9998993049053148;1.0;1.0016261099158665;0.999993369539233;0.9999207493689766;0.9999999999999999;1.0;0.9999999999999999;1.0003950025816548;0.9999927079798685;0.999994257949414;1.0;0.9999989035709728;0.9998987474577733;1.0005474780731636;0.999965190038742;0.9999737553205854;0.999994938090699;0.9999991527150667;1.0015422311023772;1.0016599972860258;0.9999680255077621;0.9999957413243732;0.9999984766103692;1.0009285628732087;1.0006225543229865;1.0002995805110289;1.0001284609170835;0.9999037436082041;1.0;0.9999531991729598;0.9999880181763021;1.0;1.0;1.0015085199191305;0.9999017855490887;0.9999701778132449;0.9999859328702362;1.0002149783695304;1.024999976158142;
2016-06-12 04:00:00;0.999975177379627;1.0;0.9999999999999999;0.9999885477261375;0.9998726494922893;0.9999999999999999;1.0016572385823892;0.9999919173487805;0.9999002339911641;1.0;1.0;1.0;1.0004015292008634;0.9999903875653738;0.9999919546844248;1.0;0.9999985712076757;0.9998720231645303;1.0005578594538687;0.9999561625700834;0.999966551174387;0.9999945931702342;0.9999989028950196;1.0015715466037518;1.0016919284158432;0.9999593676693773;0.9999954165375775;0.999997990700872;1.0009492125280617;1.0006363666480507;1.0003024660003959;1.0001242026922572;0.9998777530894334;1.0;0.9999546535665879;0.9999713453936652;1.0;1.0;1.0015372173653885;0.9998753210807634;0.9999621264510243;0.9999825640319764;1.0002180018245048;1.024999976158142;
2016-06-12 04:15:00;0.9999746337571351;0.9999999999999999;1.0;0.9999881494414383;0.9998796224615667;1.0;1.0016513077653517;0.9999926732424659;0.9999059366070154;1.0;1.0;1.0;1.0003997742832982;0.9999914540124953;0.9999929534356672;1.0;0.9999984358364269;0.9998786406689767;1.0005555793957923;0.9999573955235008;0.9999648597971498;0.9999943138361052;0.9999987781848317;1.001565811601379;1.0016860336174485;0.9999584873486234;0.9999948209414317;0.9999982108884804;1.0009462923948071;1.0006358789732328;1.0003058592775642;1.000130372280732;0.9998850722297241;1.0;0.9999541604804777;0.9999854161357207;0.9999999999999999;1.0;1.0015318718505855;0.9998826686445288;0.9999605764878474;0.9999831754882036;1.0002172796243625;1.024999976158142;
2016-06-12 04:30:00;0.9999558601669433;1.0;1.0;0.999980334412682;0.9998288043980222;0.9999999999999999;1.0016998551760132;0.9999926795492601;0.9998697149607157;1.0;1.0;0.9999999999999999;1.0004056529053078;0.9999915346436525;0.9999930839696736;1.0;0.999997864055024;0.9998246592824956;1.0005690047683045;0.9999357671239268;0.9999324916356058;0.999988087411943;0.999998134879729;1.0016116141783085;1.001736293143194;0.9999290151668234;0.999986829247477;0.9999982105685488;1.0009835591773824;1.000665624936622;1.0003212149710017;1.0001366188785956;0.999840975606647;0.9999999999999999;0.9999572620187196;0.9999837818877356;1.0;1.0;1.0015772695110923;0.9998367123455487;0.9999271191741866;0.9999754090254689;1.0002205289288533;1.024999976158142;
2016-06-12 04:45:00;0.9999485927520546;1.0;1.0;0.999977380877177;0.9998157297087271;1.0;1.0017076838561698;0.9999936428462808;0.9998615537391018;1.0;0.9999999999999999;1.0;1.0004049138448847;0.9999922839919593;0.9999934784031709;1.0;0.9999977210703599;0.9998101078780869;1.0005702872385465;0.999929383819236;0.9999195423898665;0.999986047859608;0.9999979259200155;1.0016189626233045;1.0017445875698834;0.9999182833816046;0.9999837221352573;0.9999983576177618;1.0009952510452425;1.000675908903932;1.0003325492267718;1.0001471024325759;0.9998304887513164;1.0;0.9999553588186514;1.0000002793689937;1.0;1.0;1.0015847262539102;0.999825552577079;0.9999141307454521;0.9999734400099461;1.0002202182643884;1.024999976158142;
2016-06-12 05:00:00;0.9999649272950912;1.0;1.0;0.9999842639262783;0.9998782962401553;0.9999999999999999;1.0016770774167307;0.999995633993443;0.9999081333848033;1.0;1.0;1.0;1.0004018657229135;0.9999953992548628;0.9999965231229964;1.0;0.999998201706756;0.999874373034806;1.0005615443376388;0.9999521251395163;0.9999445251538007;0.9999899166302317;0.9999983993432272;1.0015901355554357;1.0017129418157442;0.9999434541809017;0.9999883920748055;0.999999026880855;1.0009697929259873;1.000655575789121;1.0003101960430933;1.0001246628860576;0.9998886086910791;1.0;0.9999610992785143;0.9999624349618529;0.9999999999999999;0.9999999999999999;1.0015564103290895;0.9998852948076822;0.9999406474826131;0.9999818606830063;1.0002192759459732;1.024999976158142;
2016-06-12 05:15:00;0.9999625499635635;1.0;1.0;0.9999833588886125;0.9998522685232335;1.0;1.001664119105115;0.9999934500681781;0.9998872389883187;1.0;1.0;0.9999999999999999;1.000398610572119;0.9999927668759255;0.9999942960395605;0.9999999999999999;0.9999981853156739;0.9998487454047565;1.0005575187861668;0.9999446421279446;0.9999425008037973;0.9999893788776898;0.9999984153104586;1.0015779045832816;1.0016995780529885;0.9999393144716264;0.9999884492860388;0.9999984785237707;1.0009710249676318;1.000661672887533;1.0003204230928688;1.0001363483714818;0.999862865704726;1.0;0.9999624785229618;0.9999840208595644;1.0;1.0;1.0015441239168854;0.9998591935191341;0.9999378108024014;0.9999786499040382;1.000216962905829;1.024999976158142;
2016-06-12 05:30:00;0.9999704267047717;1.0;1.0;0.9999865642682527;0.9998720893333918;1.0;1.001672509556613;0.9999930613820722;0.9999008420611019;1.0;1.0;1.0;1.0004033156159475;0.9999926986778083;0.9999944771676814;0.9999999999999999;0.9999983470355436;0.9998699295717127;1.000561628979729;0.9999529759448841;0.9999559481108296;0.9999915404355287;0.999998630125171;1.0015859356265926;1.0017078658943668;0.999951138553093;0.9999915180716019;0.9999984676108818;1.0009611839370072;1.0006480227736805;1.0003047421130447;1.0001217566837304;0.9998800443505896;1.0;0.999960619974206;0.9999609450367744;1.0;1.0;1.0015517946510974;0.9998771323000573;0.9999515229911708;0.9999814551802706;1.0002195814585813;1.024999976158142;
2016-06-12 05:45:00;0.9999776213387485;1.0;1.0;0.9999894691071467;0.9999031101557995;1.0;1.0016465732679554;0.9999944806466717;0.9999246199550489;1.0;1.0;1.0;1.0003989082846305;0.9999937820831232;0.9999950086419692;1.0;0.9999985560134353;0.9999018587589121;1.0005537339634605;0.9999645162668871;0.9999678989718068;0.9999946803318277;0.9999988478660528;1.0015613553847826;1.0016812376121562;0.9999633653418668;0.9999947853896342;0.9999986987441619;1.0009453142293134;1.0006401579133044;1.0003006008545783;1.0001212466600393;0.9999082695321075;1.0;0.9999649671218351;0.9999649224384588;1.0;0.9999999999999999;1.0015276864795508;0.9999062043141695;0.9999643876813926;0.9999861001578759;1.000217295878571;1.024999976158142;
2016-06-12 06:00:00;0.9999826180648133;0.9999999999999999;1.0;0.9999916742713058;0.9999128723796842;1.0;1.0016262443915624;0.999994186760899;0.9999312896168568;1.0;1.0;0.9999999999999999;1.000395543417179;0.9999933807334254;0.9999946365470936;1.0;0.999998788756643;0.999912527877528;1.0005477120677129;0.9999694310565121;0.9999766891369477;0.9999962458109526;0.9999990830167236;1.0015422081804182;1.0016602284510088;0.9999711772649819;0.9999969185047227;0.9999986188880919;1.0009468174748029;1.0006459084964168;1.0003078533587826;1.0001263145197414;0.999916287387378;1.0;0.9999675752867127;0.9999705275075894;1.0;1.0;1.0015086777664062;0.9999146624536163;0.9999734095017285;0.9999877805740603;1.000215364808567;1.024999976158142;
2016-06-12 06:15:00;0.9999877939361386;1.0;1.0;0.9999944320013024;0.9999295657838332;1.0;1.0016435631599139;0.9999950081826225;0.9999441348560888;1.0;1.0;1.0;1.000400707838437;0.9999946922627816;0.9999959345508322;1.0;0.9999992871761515;0.9999294036174398;1.0005536443258145;0.9999760683281916;0.9999835768975167;0.99999649214152;0.9999994631924849;1.0015589870801611;1.0016776000783183;0.9999791118714764;0.9999972982626546;0.9999988954877999;1.00095698525724;1.00065452352058;1.0003165091062194;1.000135876488955;0.9999324307726878;1.0;0.9999663463770655;0.999987920471601;1.0;1.0;1.0015247728649757;0.9999311218752032;0.9999810188959575;0.9999901594264279;1.0002185017558491;1.024999976158142;
2016-06-12 06:30:00;0.9999823278679345;1.0;1.0;0.9999919608698856;0.9999042734294472;1.0;1.0016796389186493;0.9999939198527101;0.99992514874607;1.0;1.0;1.0;1.0004083344050554;0.9999923116643732;0.9999932781910067;0.9999999999999999;0.9999990901805916;0.9999040499496233;1.0005656948117885;0.9999679695889249;0.9999770082577902;0.9999966844545182;0.9999993136850639;1.0015930633327321;1.0017145187986967;0.999971503158041;0.999997368305697;0.9999983975838124;1.0009710539160939;1.0006584103520075;1.0003142484922594;1.0001302651990223;0.9999075522875752;1.0;0.9999618041548265;0.9999740575738253;1.0;1.0;1.0015580167588778;0.9999057952795988;0.9999738337639339;0.999987310480692;1.0002220426498087;1.024999976158142;
2016-06-12 06:45:00;0.9999818253890081;1.0;1.0;0.9999917923206961;0.9999061790519314;1.0;1.0017048654587875;0.9999943652522977;0.9999270341864931;1.0;1.0;1.0;1.000414165651313;0.9999927297014541;0.9999935610983441;1.0;0.9999991073418818;0.9999057227086037;1.0005739720834859;0.9999683034830205;0.9999758223210456;0.9999965597592714;0.9999993100060568;1.0016169958191181;1.0017403029016583;0.9999709449023743;0.9999970199533512;0.9999984831971217;1.0009868039137604;1.0006720703246375;1.000325662624176;1.0001416349478867;0.9999097157868363;1.0;0.9999616091419976;0.9999932525557154;0.9999999999999999;1.0;1.0015814712956643;0.9999079222229308;0.9999727922951525;0.999987557901658;1.0002253021232004;1.024999976158142;
2016-06-12 07:00:00;0.999975683103366;0.9999999999999999;1.0;0.9999879275661369;0.9998991167065145;1.0;1.001705414401108;0.9999939858342562;0.9999211445121494;1.0;1.0;1.0;1.000413351510795;0.9999928360893905;0.9999940033715475;1.0;0.9999980755341074;0.9998981655370436;1.0005738275787395;0.9999625155407528;0.9999664508572083;0.9999956627980807;0.9999985147502687;1.0016167831072327;1.0017415515012111;0.9999605841393266;0.9999958253625266;0.9999984989243852;1.0009932764898803;1.0006754184367737;1.0003238151648686;1.000134037808401;0.9999035881476851;1.0;0.9999622835095248;0.9999726745048061;1.0;1.0;1.001582221901983;0.999901589075284;0.9999624682776085;0.999985490650168;1.000224962249373;1.024999976158142;
2016-06-12 07:15:00;0.9999794884160795;1.0;0.9999999999999999;0.9999907038781998;0.9998687611120054;1.0;1.0016851235997928;0.9999892632409371;0.9998937366720828;1.0;0.9999999999999999;1.0;1.0004100744779445;0.999991276541851;0.9999951805247754;0.9999999999999999;0.9999986031607982;0.9998683553378673;1.000567569785957;0.9999542844765983;0.9999703883253047;0.9999900770629293;0.9999989419162997;1.001598275859811;1.0017201588842997;0.9999611414218217;0.9999924132876716;0.9999981719456635;1.000971383059703;1.0006525712421759;1.0003127440888786;1.0001294860789285;0.9998756434642693;1.0;0.9999535281268125;0.999973616906027;1.0;1.0;1.0015633682253844;0.9998731188774911;0.9999650286101542;0.9999801571091474;1.0002234496478308;1.024999976158142;
2016-06-12 07:30:00;0.9999886702922316;1.0;0.9999999999999999;0.9999946838397202;0.9999320306007199;1.0;1.0016253048425308;0.9999944952298696;0.999944993304228;0.9999999999999999;1.0;0.9999999999999999;1.000396706932403;0.9999954420955631;0.9999973978630701;1.0;0.9999991366322311;0.9999318071146922;1.000547530581245;0.9999759721673416;0.9999838025010058;0.999995065617253;0.9999993479260162;1.0015416332448877;1.0016590213728798;0.9999788839465298;0.9999962041598544;0.9999990498889234;1.0009351175171173;1.000635139614939;1.0003022936746804;1.0001266423102522;0.9999355133038671;1.0;0.9999649366091807;0.9999789481397326;0.9999999999999999;1.0;1.0015080084071308;0.9999342152186186;0.9999809468435414;0.999989675690001;1.0002166620252564;1.024999976158142;
2016-06-12 07:45:00;0.9999885449419403;1.0;1.0;0.9999947955953905;0.9999312039170556;1.0;1.001628533044862;0.9999944147278814;0.9999441910096907;1.0;1.0;1.0;1.0003973183316772;0.99999601295298;0.9999982824282178;0.9999999999999999;0.999999178249285;0.9999306985707336;1.0005483308729213;0.9999752646671047;0.9999825247247857;0.999993855982575;0.9999993588388152;1.0015447723445285;1.0016623065525199;0.9999779417995822;0.9999950211975595;0.9999991699175442;1.000909064835327;1.00059779612035;1.000283036041316;1.0001191121931476;0.9999355057563593;1.0;0.999943365529495;0.9999819564999459;1.0;1.0;1.0015110909807299;0.999934089797534;0.9999796148595035;0.9999892036179466;1.0002172073612288;1.024999976158142;
2016-06-12 08:00:00;0.9999869824052351;1.0;1.0;0.9999934388173508;0.9999281818743667;0.9999999999999999;1.0016762485674247;0.999993749675608;0.999941054142593;1.0;0.9999999999999999;0.9999999999999999;1.0004091607362458;0.9999955499626938;0.9999980980390643;1.0;0.9999986725821156;0.9999278664507716;1.0005645841997828;0.9999731575861219;0.9999808880251327;0.9999939675243883;0.999998999424649;1.0015896671566185;1.00171127523017;0.9999749548903379;0.999995312342671;0.9999990726163553;1.0009105848314621;1.0005742620335898;1.0002664128046694;1.000105090647784;0.9999322596343723;0.9999999999999999;0.9999175184145422;0.9999619798473555;1.0;1.0;1.0015553883533603;0.9999308831322629;0.9999774054547017;0.9999883346290219;1.0002236461170924;1.024999976158142;
2016-06-12 08:15:00;0.9999876234462901;1.0;1.0;0.9999939071494838;0.9999414432312246;1.0;1.0017792729230168;0.9999958748264863;0.9999533456902184;1.0;0.9999999999999999;1.0;1.0004338084650786;0.9999960826796611;0.9999973217561624;1.0;0.9999989752258367;0.9999410083433786;1.0005990078894702;0.9999784000830044;0.9999824946717278;0.9999964457559563;0.999999214128525;1.0016874588013156;1.0018163794013697;0.9999786169889694;0.9999969621504505;0.9999991839247367;1.000902854357685;1.0005134595855767;1.0002389490426171;1.0000968032723263;0.9999443708285415;0.9999999999999999;0.9998506364504427;0.9999744002483633;0.9999999999999999;1.0;1.001650857084774;0.9999432181492869;0.9999800264945804;0.9999911929278439;1.0002369539768432;1.024999976158142;
2016-06-12 08:30:00;0.9999742744794914;1.0;1.0;0.9999882331303788;0.9998625895667815;1.0;1.0017857393261638;0.9999910832379898;0.9998921911696218;1.0;0.9999999999999999;1.0;1.0004328664498574;0.9999893760996468;0.9999911017152451;1.0;0.9999985859548395;0.9998621041613857;1.0006011996569553;0.9999532936818052;0.9999657609837383;0.9999943515440333;0.9999989236459425;1.0016934737491607;1.001823018695403;0.9999578145430033;0.9999953989221093;0.9999977747319757;1.000954565364298;1.0005860725709717;1.0002727919646663;1.0001080145897876;0.9998678343629571;1.0;0.9998937987160176;0.9999624986741661;1.0;1.0;1.0016563334404658;0.9998652561562997;0.9999610389332275;0.9999813291445409;1.0002349542705546;1.024999976158142;
2016-06-12 08:45:00;0.999958576031835;1.0;0.9999999999999999;0.9999817549704693;0.999771393149524;1.0;1.001836890234918;0.9999860910034688;0.9998222783916061;0.9999999999999999;1.0;1.0;1.000442073469819;0.9999814121548662;0.999983209001247;1.0;0.9999983167395826;0.999770805102309;1.0006182261656693;0.9999248854238831;0.9999464101471468;0.9999927320933407;0.9999987179999625;1.001741931470456;1.0018752037293928;0.9999343942300852;0.999994118586115;0.9999960979321637;1.0009634100718654;1.0005740567220758;1.0002679658203353;1.0001070693136116;0.9997790265240853;1.0;0.9998711027235628;0.9999660405522327;0.9999999999999999;1.0;1.0017030574319057;0.9997747935872966;0.9999393876588892;0.9999704570988043;1.0002381088979222;1.024999976158142;
2016-06-12 09:00:00;0.9999721916998853;1.0;1.0;0.9999871686620815;0.9998563923947297;1.0;1.001788993189381;0.9999910466373417;0.9998878522105712;0.9999999999999999;1.0;1.0;1.0004331645237432;0.9999886178220767;0.999990026766657;1.0;0.9999984566298312;0.9998558946938159;1.0006022351177966;0.9999512317422029;0.9999634663765564;0.9999949768483152;0.9999988274569478;1.0016964298717288;1.001826434721068;0.999955307468572;0.9999958350522655;0.999997618691542;1.0009030440256872;1.0005168698478102;1.0002345810248612;1.000091755711522;0.9998614816490673;1.0;0.9998580891250437;0.9999645000113888;1.0;1.0;1.0016592578268761;0.9998588122728346;0.999958619351159;0.9999808007547535;1.0002348589118888;1.024999976158142;
2016-06-12 09:15:00;0.9999804539523232;1.0;1.0;0.9999909513455799;0.9998943904155483;1.0;1.001775591143872;0.9999927936739192;0.9999165995211973;1.0;1.0;1.0;1.000431624857129;0.9999920326031829;0.9999937008904034;0.9999999999999999;0.9999988089321673;0.9998940260128772;1.0005978988206718;0.9999636860135409;0.999973668139513;0.9999950372856862;0.9999990964922563;1.0016839542685845;1.001812579625169;0.999967178687525;0.9999960268696592;0.9999983335421493;1.0009157860120201;1.0005402619185282;1.0002498590017432;1.0001014430078188;0.9998986730480849;1.0;0.9998726907605839;0.9999734272103854;1.0;1.0;1.0016471302887249;0.9998966888051241;0.9999698397836213;0.9999852772788502;1.000234892789517;1.024999976158142;
2016-06-12 09:30:00;0.9999890406878684;1.0;1.0;0.99999434982692;0.999943039424565;1.0;1.0017808110349375;0.9999952070664516;0.999953526590117;1.0;1.0;1.0;1.0004348775478895;0.9999961334228766;0.9999978814877094;1.0;0.9999988580596897;0.9999428772559865;1.000599809422062;0.999978739881947;0.9999845681298035;0.9999960026974056;0.9999991468879402;1.0016888662673133;1.0018179516206058;0.999979766684854;0.999996946307063;0.9999991945673393;1.0008532364473008;1.000466813581962;1.0001949453443892;1.000067473597435;0.9999458442936262;0.9999999999999999;0.9998515530848529;0.9999446220848168;1.0;1.0;1.0016523298464228;0.999944795956214;0.9999818279205199;0.99999096650049;1.0002376706068785;1.024999976158142;
2016-06-12 09:45:00;0.9999883994092186;0.9999999999999999;1.0;0.9999944349753066;0.9999401379747379;1.0;1.0017496547410627;0.9999955855698243;0.9999521030121007;1.0;1.0;1.0;1.000426742160912;0.9999960305873189;0.9999974582932751;1.0;0.9999991010484081;0.9999397536432041;1.0005891516784062;0.9999783278702945;0.9999834463445093;0.9999960297321556;0.9999993104183303;1.001659481198952;1.0017860461705073;0.9999794730910427;0.9999967189816388;0.9999991714640626;1.0008736326040741;1.0005000535601025;1.0002252008679409;1.0000903639007541;0.9999432264183417;0.9999999999999999;0.9998641013961977;0.9999729761828478;1.0;1.0;1.001623391876412;0.9999420459408752;0.9999809681412863;0.9999909859372499;1.0002331169158183;1.024999976158142;
2016-06-12 10:00:00;0.999979648361993;0.9999999999999999;1.0;0.9999907740005473;0.9998966669835633;1.0;1.0017816859497635;0.999993251695499;0.9999185580783673;0.9999999999999999;1.0;1.0;1.0004325432654255;0.9999933670270129;0.9999953013105489;1.0;0.9999988190525314;0.9998956668267133;1.0005993530627517;0.9999633130668268;0.999970532430947;0.999993362993639;0.9999990593720415;1.0016897887969733;1.001818874749517;0.9999651460091946;0.9999941168448159;0.9999986121888991;1.0008977727148793;1.000518279569868;1.0002300603637408;1.0000865232366019;0.9999022678436441;1.0;0.9998679850205147;0.9999548913154379;1.0;0.9999999999999999;1.0016529810781432;0.9999001160495692;0.999966769233788;0.9999850232837522;1.0002357774012134;1.024999976158142;
2016-06-12 10:15:00;0.9999761155362985;1.0;1.0;0.9999889720402433;0.9998657284324417;1.0;1.0018234785065254;0.9999899266428456;0.999892426401462;1.0;1.0;1.0;1.0004428309134397;0.9999911119190154;0.9999944614184787;0.9999999999999999;0.9999983759345943;0.9998649687675937;1.0006137059772648;0.9999524939245794;0.9999656947144736;0.9999907101730261;0.9999987496080425;1.0017292807552955;1.00186160504999;0.9999570308085879;0.9999924756184747;0.9999981360018205;1.0009223280256627;1.000527992434205;1.000237674408308;1.0000897900328538;0.9998727355201471;1.0;0.9998568155799529;0.99995474047668;1.0;1.0;1.0016917044655733;0.9998700860835688;0.9999603539554601;0.9999799776291264;1.0002412079316052;1.024999976158142;
2016-06-12 10:30:00;0.9999667158749646;1.0;1.0;0.9999854151237135;0.9997523502980281;1.0;1.001947686180641;0.9999778278699321;0.999796858222883;1.0;1.0;0.9999999999999999;1.0004733823106786;0.9999841894137468;0.9999932716884441;1.0;0.999997732667178;0.9997519445711325;1.0006560295205649;0.999914339521331;0.9999503139883134;0.9999781589550751;0.9999983002686417;1.0018473741171232;1.0019880718004677;0.9999315900464859;0.9999838400980309;0.9999966595615414;1.0009123342202;1.0004771305596192;1.0002023766271333;1.0000746873153685;0.9997663225856506;1.0;0.9998120574590011;0.999956803096575;1.0;1.0;1.0018068410460454;0.9997615801797726;0.9999398023779095;0.9999614323430581;1.000257644171248;1.024999976158142;
2016-06-12 10:45:00;0.9999695294800215;0.9999999999999999;0.9999999999999999;0.9999859598591165;0.9997929888106143;1.0;1.0019455056448172;0.999981808375814;0.9998305783074917;1.0;1.0;1.0;1.0004730361572522;0.9999863385508206;0.9999934751575797;1.0;0.9999976302905378;0.9997926841638811;1.0006553084481487;0.9999274318368371;0.9999556975641095;0.9999830997339382;0.9999982318938587;1.0018449493334078;1.0019861269784047;0.9999396392571105;0.9999875064931297;0.9999971219455405;1.0009072673245891;1.0004587844243453;1.0002013699486465;1.0000779909343953;0.9998040212458678;1.0;0.9997894680239686;0.9999684935628327;1.0;1.0;1.0018048481298918;0.9998001248425253;0.9999467221040279;0.9999678548311876;1.0002575038650434;1.024999976158142;
2016-06-12 11:00:00;0.9999766893499006;1.0;0.9999999999999999;0.9999889866541564;0.9998744390800367;1.0;1.001975590540498;0.9999909676478874;0.9999000774960293;1.0;1.0;0.9999999999999999;1.0004800046955318;0.9999908356395502;0.9999933032741603;1.0;0.9999983758313234;0.9998739827511947;1.0006650305082068;0.9999559953499927;0.9999680814118856;0.9999932310696494;0.9999987708022107;1.0018734233755653;1.0020169057711896;0.9999598112224692;0.99999462552382;0.9999980784470757;1.0008337181074218;1.0003651442556056;1.0001296934395045;1.0000330373000768;0.9998799085851807;0.9999999999999999;0.9997589379804994;0.9999295176471968;0.9999999999999999;1.0;1.0018326729579456;0.9998775432978512;0.9999632087058905;0.9999819084455275;1.0002612767500272;1.024999976158142;
2016-06-12 11:15:00;0.9999840974065038;0.9999999999999999;1.0;0.99999244042352;0.9998981600377912;1.0;1.0019404855973058;0.9999910317180976;0.9999165365017033;1.0;1.0;1.0;1.0004733467839568;0.999993424881301;0.9999970035010436;1.0;0.9999986257527763;0.9998979258196055;1.0006534558001137;0.9999636148780177;0.9999767538357802;0.9999915296579921;0.9999989705997281;1.0018403940837728;1.001980858734053;0.9999686712244346;0.9999936488529981;0.9999986238460754;1.0008514515347937;1.0003980405842896;1.000155255618712;1.000049492290782;0.9999037281783731;1.0;0.9997767291478218;0.9999450896771713;1.0;1.0;1.001800392107353;0.9999017986471631;0.9999721715372352;0.9999839453804095;1.0002585149709178;1.024999976158142;
2016-06-12 11:30:00;0.9999816135114022;1.0;1.0;0.9999918369428085;0.9998669965757644;0.9999999999999999;1.0019177710694043;0.999988302166435;0.9998912210209603;0.9999999999999999;1.0;0.9999999999999999;1.0004675584911602;0.9999912665765871;0.9999958643710423;0.9999999999999999;0.9999987293718808;0.9998668236563415;1.0006459130362486;0.9999541051572495;0.9999730703638187;0.9999889349089326;0.9999990512769421;1.001819095331495;1.001957452043717;0.9999630328917691;0.9999918503822837;0.9999981708503869;1.000877836783076;1.0004327873335905;1.0001747203717688;1.0000528113288936;0.9998741717673425;1.0;0.9997933816611182;0.999928379287067;1.0;1.0;1.0017791867501087;0.9998716510682866;0.9999674774389932;0.9999795283809603;1.0002550759678572;1.024999976158142;
2016-06-12 11:45:00;0.9999753108420716;1.0;0.9999999999999999;0.9999888786179997;0.9998335350995273;0.9999999999999999;1.002078749733014;0.9999857070731859;0.9998642001995526;1.0;1.0;1.0;1.0005057834696764;0.999989363171463;0.9999950053956972;1.0;0.9999982437526808;0.9998330405371918;1.0006997228954182;0.9999417291791293;0.9999634969232765;0.999986023929758;0.9999986707661023;1.0019715628189256;1.0021219726638577;0.9999513044456492;0.9999893992486205;0.9999977654843613;1.0008920938430699;1.0003643491981753;1.000143735143856;1.0000373769768107;0.9998428369519735;1.0;0.9997002479790857;0.9999257395413532;1.0;0.9999999999999999;1.0019285122069985;0.9998396151397568;0.999956462694843;0.9999742310193471;1.0002757893716914;1.024999976158142;
2016-06-12 12:00:00;0.9999800692891085;0.9999999999999999;0.9999999999999999;0.9999909567219568;0.9998981024939256;1.0;1.001907348673827;0.999993444905091;0.9999199146428843;1.0;1.0;0.9999999999999999;1.0004632728085343;0.999993092320137;0.9999947605788309;1.0;0.9999988754818019;0.9998972631679746;1.0006416532382922;0.9999642718662854;0.9999717706031924;0.9999941828220411;0.9999991122445899;1.0018089752927613;1.001947102085847;0.9999663976014401;0.9999948850970592;0.9999985562181722;1.0008794064340572;1.000419248291836;1.0001837166519816;1.0000648588675152;0.9999031687510705;1.0;0.9997656260776104;0.9999530316808709;1.0;1.0;1.001769462586841;0.9999010984668757;0.9999681499060795;0.9999855405448282;1.0002524667950092;1.024999976158142;
2016-06-12 12:15:00;0.9999613746304772;1.0;1.0;0.9999820472253736;0.9998570044602471;1.0;1.0019891124783373;0.9999933266345743;0.9998901611846612;1.0;1.0;1.0;1.0004780768988581;0.9999932577559294;0.9999951136659561;1.0;0.9999975977584652;0.9998534781694662;1.0006668032568953;0.9999443319977873;0.9999407078852705;0.9999892599900337;0.9999979819920143;1.0018857121119586;1.002031659447905;0.9999367290220336;0.9999883602238283;0.9999985707131342;1.0009326411808823;1.00046196476409;1.0002018750816328;1.0000707008952745;0.9998675304507516;1.0;0.9997733753606826;0.999946781812904;1.0;0.9999999999999999;1.001845777881135;0.9998639805024323;0.9999355837755597;0.9999784966324765;1.0002606533731908;1.024999976158142;
2016-06-12 12:30:00;0.999930812986208;1.0;0.9999999999999999;0.999969865538615;0.9997621145927066;1.0;1.0020998864226371;0.999992230090236;0.9998212453774479;1.0;1.0;1.0;1.000495307590032;0.999992850203815;0.999995358482275;1.0;0.9999969403442455;0.9997533652919305;1.0006992478814092;0.9999057640234454;0.9998873345558774;0.9999774083619746;0.9999971310797183;1.0019906699315442;1.0021456490907203;0.999887690846122;0.999974034246521;0.9999984476267737;1.0009716682909218;1.0004665330120592;1.0002010354926145;1.0000669130393685;0.9997846235786367;1.0;0.9997479993752375;0.9999369607589617;0.9999999999999999;0.9999999999999999;1.0019490953981496;0.9997777596900274;0.9998801666477228;0.9999640835111323;1.000270140975167;1.024999976158142;
2016-06-12 12:45:00;0.9999630976237763;1.0;0.9999999999999999;0.9999834449626893;0.9998470453210978;1.0;1.001991474736212;0.9999920419043661;0.999881596086933;0.9999999999999999;1.0;1.0;1.0004790925637335;0.9999926686837606;0.9999951865233081;1.0;0.999997991010697;0.9998436830443063;1.0006676956729008;0.9999423082405162;0.9999427598624365;0.9999877000403408;0.9999982833643779;1.001888342716235;1.0020337239428723;0.9999381514394838;0.9999874202616168;0.9999984520797429;1.0009581490015385;1.0004965425168182;1.000220703964181;1.000079425084682;0.9998582768512849;1.0;0.9997917798797701;0.9999481840547841;1.0;0.9999999999999999;1.001847883932225;0.9998545391053766;0.9999374320322981;0.9999770994996001;1.0002612268539504;1.024999976158142;
2016-06-12 13:00:00;0.9999754829667448;1.0;0.9999999999999999;0.9999892380237351;0.9998807060108224;1.0;1.001983814038237;0.9999934522348068;0.9999078794261347;1.0;1.0;0.9999999999999999;1.0004804157533909;0.9999917693692251;0.9999928386599098;0.9999999999999999;0.999998960467504;0.9998794546419745;1.0006668980204851;0.9999589159074811;0.9999655256918264;0.9999943183758134;0.9999991459923814;1.0018815409641553;1.0020251595536964;0.9999606933679246;0.9999945247474133;0.9999982784566906;1.0008981297735164;1.0004111059423606;1.000174317910043;1.0000550747683108;0.9998864465365602;1.0;0.9997445065613717;0.999937007791352;1.0;1.0;1.0018402291763613;0.9998839474249517;0.9999618511446521;0.9999839281311198;1.0002613910779716;1.024999976158142;
2016-06-12 13:15:00;0.9999571518185235;1.0;0.9999999999999999;0.9999804616278882;0.9998298604477921;1.0;1.0019886838075749;0.9999910799675065;0.9998678928676659;1.0;1.0;1.0;1.0004771015414269;0.9999926394397753;0.999995842030607;1.0;0.9999974107215588;0.9998257312485785;1.000666004625343;0.9999340821650058;0.9999325198690696;0.9999850437690929;0.9999978018414956;1.0018853650977775;1.0020312731121865;0.9999273978082208;0.9999846582757708;0.9999984498652268;1.0008855451043415;1.0003911388153544;1.000161580714604;1.0000471721642152;0.9998432644000956;1.0;0.9997330975599547;0.9999298941799312;1.0;1.0;1.0018454602739706;0.9998390023726241;0.9999262710853754;0.9999737313699475;1.0002602928757467;1.024999976158142;
2016-06-12 13:30:00;0.9999632949170069;1.0;0.9999999999999999;0.9999831942698125;0.9998163945492016;1.0;1.0020270355634178;0.9999875223889786;0.9998543430319319;0.9999999999999999;1.0;1.0;1.0004894001788063;0.9999891835848496;0.999993431063079;1.0;0.9999976460042538;0.9998142823018334;1.0006808496835997;0.9999332154275591;0.9999452206047104;0.9999861594184007;0.9999981167122958;1.0019219902503866;1.002069864886131;0.999935402880047;0.99998770012303;0.9999977219062312;1.0009047006305463;1.0004027178613812;1.0001677763561951;1.0000509571623277;0.9998275353148394;1.0;0.9997303706181475;0.999933217834855;1.0;1.0;1.0018806238976399;0.9998236031349466;0.9999381153766719;0.9999723372956093;1.000266448273506;1.024999976158142;
2016-06-12 13:45:00;0.9999572905670554;1.0;1.0;0.9999809748068567;0.999790063619733;1.0;1.0020023361830084;0.9999878716102493;0.9998369688772205;1.0;1.0;1.0;1.0004813960108572;0.9999855811796816;0.9999879442705646;0.9999999999999999;0.9999979573044565;0.9997880218849714;1.0006723834606572;0.9999271478471701;0.9999398783621024;0.99998949376195;0.9999983511149257;1.001898633333571;1.0020445255515626;0.9999304577177103;0.9999901764842606;0.9999969788699634;1.0009027200557865;1.0004106628964493;1.000175515754344;1.0000581250091007;0.9998001931309667;1.0;0.9997387045487993;0.9999442875928964;0.9999999999999999;1.0;1.0018571075083054;0.9997958562989743;0.9999330487844208;0.9999712211135658;1.0002607578633618;1.024999976158142;
2016-06-12 14:00:00;0.9999664111023232;1.0;1.0;0.9999851487058835;0.9998328117436827;1.0;1.001979515424449;0.9999897421994135;0.9998691307991305;0.9999999999999999;1.0;1.0;1.0004777780197727;0.9999896326940612;0.9999924600627077;1.0;0.9999983180634224;0.9998308236227055;1.000664944753349;0.9999408036470382;0.999950709706758;0.9999890664585889;0.9999986208000945;1.0018772606970883;1.0020210529833398;0.9999432056746373;0.9999899286129116;0.9999978182178341;1.0009281353907016;1.0004547452862227;1.0002045254203056;1.0000763479473116;0.9998423448066467;1.0;0.9997641829411211;0.999960126553084;1.0;0.9999999999999999;1.0018363706630156;0.9998387397774634;0.9999449631507851;0.9999760254544892;1.0002598566955163;1.024999976158142;
2016-06-12 14:15:00;0.9999660887756165;0.9999999999999999;1.0;0.9999844699606653;0.9998408367007;1.0;1.0019475394082644;0.999990005824529;0.999874800108107;1.0;1.0;1.0;1.0004701256707278;0.9999907231696988;0.9999938472499537;1.0;0.9999979093872358;0.999838678569937;1.0006540685634449;0.9999417427039925;0.9999494703344514;0.9999885896639762;0.9999983076398475;1.0018466448171688;1.00198869576868;0.9999418713333443;0.9999893972561675;0.9999980487270609;1.0009235172132007;1.0004678265923272;1.0002002533200773;1.0000643300144152;0.9998505729644558;1.0;0.9997906712786622;0.9999291292594271;1.0;1.0;1.0018069014230722;0.9998470848931428;0.9999435315296666;0.9999763278205406;1.0002560000203544;1.024999976158142;
2016-06-12 14:30:00;0.9999701872335751;1.0;1.0;0.9999865134402356;0.9998578322591269;1.0;1.0019623272320337;0.9999915028060974;0.9998890075756425;1.0;1.0;1.0;1.0004744021177487;0.9999909016452379;0.9999930105436979;1.0;0.9999983677200935;0.9998561765071984;1.0006594332942844;0.9999493333965125;0.9999569075538426;0.9999915247751577;0.999998680713263;1.0018608672069371;1.0020035374086889;0.9999503788227835;0.9999920662238546;0.9999980898192835;1.0008702360971675;1.000382661166412;1.0001638553305336;1.000056267591471;0.9998655383581373;0.9999999999999999;0.9997312425635367;0.9999538267466375;0.9999999999999999;1.0;1.00182044154127;0.9998625121641175;0.9999519716157722;0.9999797527329367;1.0002581404493316;1.024999976158142;
2016-06-12 14:45:00;0.9999478442540221;1.0;1.0;0.9999766980813203;0.999748277025583;1.0;1.0020658722729778;0.9999865943922849;0.999806590464112;1.0;1.0;1.0;1.0004948535592526;0.9999804638893831;0.9999814998279601;1.0;0.9999977611122376;0.9997464805227365;1.0006941169539574;0.9999149158595142;0.9999303869619202;0.9999922069258406;0.9999982236810371;1.0019586663387021;1.0021094599779292;0.9999194148552962;0.9999923974376635;0.999995873403851;1.0009911657647343;1.0005113208367211;1.000231794267953;1.000089171868954;0.9997577282714363;0.9999999999999999;0.9997781082202644;0.9999623769685226;1.0;1.0;1.0019155246448777;0.9997527740076199;0.999922908210775;0.9999675028865882;1.0002665876660264;1.024999976158142;
2016-06-12 15:00:00;0.9999625338966975;1.0;1.0;0.999983225484532;0.9998080164487263;1.0;1.0019495326862022;0.9999877697251955;0.9998492403810911;1.0;1.0;1.0;1.0004701175992337;0.9999872765767125;0.9999904908075311;1.0;0.9999980172247979;0.9998062596531523;1.000655135893424;0.9999326789295896;0.99994634926692;0.9999885246547956;0.99999841526566;1.0018486673602784;1.0019905223942531;0.9999367095755592;0.9999897954815377;0.9999973199160346;1.0009316643592379;1.0004795808491869;1.0002197882146433;1.0000887019903708;0.99981796286893;1.0;0.9997879385154779;0.9999762413965056;1.0;1.0;1.0018083957708757;0.9998139959374265;0.9999396365796238;0.9999726997505354;1.0002551952694871;1.024999976158142;
2016-06-12 15:15:00;0.9999582395839778;0.9999999999999999;0.9999999999999999;0.9999815405655698;0.9997851390263756;1.0;1.0019252163185464;0.9999866204447541;0.9998317245394749;1.0;1.0;1.0;1.0004631306003016;0.9999857960763275;0.9999891803052703;1.0;0.999997959756673;0.9997830897186442;1.0006466500528441;0.9999251151316094;0.999940116801543;0.9999873023260996;0.9999983523888483;1.0018256248988158;1.0019657184146191;0.9999298549029876;0.9999885913520628;0.9999970114838149;1.0009241749666296;1.0004753661556032;1.0002128074936938;1.000077793749227;0.9997963030217816;1.0;0.9997923035999619;0.9999522308731206;1.0;1.0;1.0017857271767994;0.9997918321999449;0.9999328207999915;0.9999697243959498;1.0002510580910324;1.024999976158142;
2016-06-12 15:30:00;0.9999427688745334;1.0;1.0;0.9999745534277995;0.9997135433526881;1.0;1.002070198837501;0.9999836582200801;0.999778270129356;1.0;1.0;1.0;1.0004951873748646;0.9999785579428334;0.999980889454685;1.0;0.999997467776551;0.9997114926283425;1.0006953856710408;0.9999026455920745;0.999922313987744;0.9999887410880508;0.9999979896255538;1.0019627470126373;1.002113928851591;0.9999090954071782;0.9999896219728708;0.999995463404477;1.0009487081787107;1.0004483718723685;1.0001918122359472;1.0000632465936041;0.9997253243460315;0.9999999999999999;0.9997449826307948;0.9999370842858119;1.0;1.0;1.0019195286121945;0.9997196434741175;0.9999133997650554;0.9999620014023874;1.0002666248878378;1.024999976158142;
2016-06-12 15:45:00;0.9999522394403002;1.0;1.0;0.9999790550512783;0.9997717999020265;1.0;1.0020038297675724;0.9999886652555201;0.9998258377122125;1.0;1.0;1.0;1.0004800947191559;0.9999824311250363;0.9999828205843189;0.9999999999999999;0.9999982505684207;0.9997698899654108;1.0006730600648641;0.9999234970028944;0.9999359836429044;0.9999933143288146;0.9999985765166308;1.001900099903881;1.0020459383622036;0.9999272750862688;0.9999930689018072;0.9999963020900512;1.0009481962613733;1.0004749208857175;1.0002111268842693;1.0000762086167088;0.9997805116780897;1.0;0.9997728015629158;0.9999503123404098;1.0;1.0;1.0018580221947218;0.9997759291115781;0.999929642940481;0.9999711075630593;1.000258825520717;1.024999976158142;
2016-06-12 16:00:00;0.9999709005030313;1.0;0.9999999999999999;0.9999865990942964;0.9998754196411213;1.0;1.0018630417499155;0.9999930650262263;0.999903133764295;1.0;1.0;1.0;1.0004500424315859;0.9999929382662017;0.9999948210091443;0.9999999999999999;0.9999982418991494;0.999873331894372;1.0006256824451294;0.9999537628368692;0.9999566262507874;0.9999915902057408;0.9999985576791859;1.0017665681564079;1.0019023959751663;0.9999516176367801;0.999991633922758;0.9999985185229863;1.000874097842762;1.000436101295434;1.000194504705212;1.0000739663664995;0.9998832138724314;0.9999999999999999;0.9997876403696254;0.9999652104053056;1.0;0.9999999999999999;1.001728566937678;0.9998803897487918;0.9999521540115053;0.9999817079490927;1.0002452401897022;1.024999976158142;
2016-06-12 16:15:00;0.9999603013336822;1.0;1.0;0.9999818274400548;0.9998114110157955;1.0;1.0019625009212216;0.9999888158926327;0.9998530110187565;1.0;1.0;1.0;1.0004726274571851;0.9999870930532987;0.9999894599580975;1.0;0.999997771795381;0.9998095670055105;1.0006593622183209;0.9999333290082446;0.9999440844533172;0.9999903569125572;0.9999982282399374;1.0018606790554592;1.0020039970784267;0.9999349837492381;0.9999910164968717;0.9999972848854992;1.0008975126073922;1.0004301877273458;1.0001813533984645;1.0000600503156392;0.9998205851764999;1.0;0.9997679295209595;0.9999412491580371;0.9999999999999999;1.0;1.001820363831261;0.9998167047284398;0.9999375919168276;0.9999736340438816;1.000256321817193;1.024999976158142;
2016-06-12 16:30:00;0.9999643955998808;1.0;1.0;0.9999837674765366;0.999837723376983;1.0;1.0019268822270881;0.9999907971723875;0.9998739543002085;1.0;1.0;1.0;1.0004644190325251;0.9999895371470802;0.999991556487475;1.0;0.9999980325411207;0.999835686259516;1.0006472286387946;0.9999418313392814;0.9999487879714887;0.9999909581364154;0.9999984069007651;1.0018270244688532;1.0019675898153608;0.99994173103337;0.9999912348393741;0.9999977977811537;1.0008850235975912;1.0004188662636726;1.0001778775696515;1.0000562842787917;0.9998463896946227;0.9999999999999999;0.9997633891523262;0.9999341836508776;1.0;1.0;1.0017875180566271;0.9998429134532715;0.9999432432858769;0.9999770901554818;1.0002523292484198;1.024999976158142;
2016-06-12 16:45:00;0.9999754976966111;1.0;1.0;0.9999891967376249;0.9998705479959396;1.0;1.0018692848124442;0.9999919653375254;0.999898829533517;1.0;1.0;1.0;1.0004529411718948;0.9999908769921895;0.9999926291918481;1.0;0.9999988633740804;0.999869587682375;1.000628758520284;0.999955718334709;0.9999658148594985;0.9999933434758611;0.999999094833864;1.001772919574169;1.0019082084266753;0.9999594322336086;0.9999941467520486;0.9999980914976048;1.0008831030067595;1.0004426329547642;1.0001943797845791;1.0000680268405124;0.999876582733544;1.0;0.9997900694891577;0.9999475093402926;1.0;1.0;1.001733965360858;0.9998739752833745;0.9999615434570538;0.9999822116800186;1.0002463025572046;1.024999976158142;
2016-06-12 17:00:00;0.9999714918782403;1.0;1.0;0.9999870006500582;0.9998733520963098;1.0;1.0019167645272378;0.9999929352546811;0.9999016689422495;1.0;1.0;1.0;1.000463277917623;0.9999923271249379;0.9999940288828066;1.0;0.9999983917192159;0.9998714925177898;1.0006439093104154;0.9999539767572991;0.9999582220919739;0.999992229082247;0.9999986841127372;1.0018176085058;1.001957111791577;0.9999530174936617;0.9999923467342748;0.9999983912843904;1.00089183336228;1.0004365579408838;1.0001882587981221;1.0000637608654945;0.9998806895500875;0.9999999999999999;0.9997780161156622;0.9999434024377813;1.0;1.0;1.0017782845786212;0.9998778937408092;0.9999538348936781;0.9999818415339196;1.0002522940131113;1.024999976158142;
2016-06-12 17:15:00;0.999975566937745;1.0;1.0;0.9999891583838587;0.9998959407262329;1.0;1.001841064053052;0.9999948387114183;0.9999200028007758;1.0;1.0;1.0;1.0004451941676311;0.9999942782269008;0.9999954666780946;1.0;0.999998821903606;0.9998939477649047;1.0006183376544766;0.9999619711829261;0.9999632561747249;0.9999930875780366;0.9999989918554617;1.001746059686413;1.0018796783816057;0.9999601611348081;0.9999928162754594;0.9999988011674431;1.0008398899511641;1.0003964951890192;1.000172015729729;1.0000614354800417;0.9999026772519314;1.0;0.999771467111681;0.9999572408999344;1.0;1.0;1.001708163005224;0.99990022918137;0.9999599022257575;0.999985156906879;1.000242739711476;1.024999976158142;
2016-06-12 17:30:00;0.9999677701304361;1.0;1.0;0.9999846685968329;0.9998441433857703;1.0;1.001917782977596;0.9999887706900003;0.9998752251127071;1.0;1.0;1.0;1.0004640131996267;0.9999912318308944;0.9999954922644928;1.0;0.99999749821893;0.999842293032752;1.0006444810084798;0.9999415633388219;0.999951380291811;0.9999871894702218;0.9999980261460215;1.0018182061105687;1.0019584690430292;0.999942039442163;0.9999887321698955;0.999998151107039;1.0008762282005128;1.0004091846732608;1.0001752713384042;1.000057261287271;0.9998540766811296;1.0;0.9997578234236729;0.9999406212832502;1.0;1.0;1.001779497585236;0.9998507395745917;0.9999447554583256;0.9999755553908193;1.0002530454633236;1.024999976158142;
2016-06-12 17:45:00;0.9999711939558383;1.0;1.0;0.9999872264791412;0.9998613145636001;1.0;1.0019185552575014;0.9999919043849602;0.9998919703863446;1.0;1.0;1.0;1.0004637047050498;0.9999913832361791;0.9999934114814096;1.0;0.9999985776829089;0.9998595453756571;1.000644587080862;0.9999508158264132;0.9999578816632515;0.999991375538979;0.9999988275249071;1.0018195036313624;1.001958757236358;0.9999520313469468;0.9999918330760302;0.9999981939588432;1.0009058259497803;1.0004532681509457;1.0002019965622648;1.0000743021075589;0.9998691512733182;1.0;0.9997822753600552;0.9999568535884569;0.9999999999999999;1.0;1.0017798491236487;0.999866138820879;0.9999532196404314;0.9999803257661423;1.0002523806481558;1.024999976158142;
2016-06-12 18:00:00;0.9999698376510485;1.0;0.9999999999999999;0.9999862841687558;0.9998590809318224;0.9999999999999999;1.0020202882295934;0.9999915397803815;0.9998898142834904;1.0;1.0;1.0;1.00048842196884;0.9999913939719236;0.9999937008904033;1.0;0.9999982701543689;0.9998572397266334;1.0006787590062607;0.999949076570671;0.9999557429319833;0.9999908807562948;0.999998595791818;1.0019157849464382;1.0020627779401614;0.999949343886412;0.9999913970625078;0.9999981896096422;1.000960468434816;1.000487475491424;1.0002128758880577;1.0000727813313395;0.9998672209887312;1.0;0.9997817321235322;0.9999391300337827;1.0;0.9999999999999999;1.0018743078698118;0.9998641601036468;0.9999507211840813;0.9999795704410469;1.0002659767192776;1.024999976158142;
2016-06-12 18:15:00;0.9999698627064652;0.9999999999999999;1.0;0.9999858824056527;0.9998535062977691;1.0;1.00195640319006;0.9999901898780337;0.9998840532231328;1.0;1.0;1.0;1.0004735255542268;0.9999907159694004;0.9999937041365421;1.0;0.9999979458155368;0.9998520511943348;1.0006577213284042;0.9999467829151241;0.9999562892118332;0.9999903364447043;0.9999983837924803;1.0018550124204884;1.0019976589461175;0.9999480592848552;0.9999914343994206;0.9999980474952188;1.0009507261042005;1.0005021752610377;1.0002225242293352;1.000078869411218;0.9998615626697118;1.0;0.9998049230880903;0.9999435310162598;1.0;1.0;1.0018150599523232;0.9998585255541834;0.9999505987559276;0.9999782642587004;1.0002578246527967;1.024999976158142;
2016-06-12 18:30:00;0.9999651130297347;1.0;1.0;0.9999810601558096;0.9998801768628982;1.0;1.0019568755431705;0.9999918637795424;0.9999042242834446;1.0;1.0;1.0;1.0004735602082737;0.9999927069319147;0.9999954095805564;1.0;0.9999960567816519;0.9998785393929481;1.0006579748465807;0.9999496480781694;0.9999499722568207;0.9999925799658373;0.9999969785616829;1.0018539256445576;1.001999452961843;0.9999408769274846;0.9999928459071277;0.9999984480259391;1.0009474343609055;1.0004954303051554;1.0002272596819966;1.000089749467838;0.9998868503231702;1.0;0.9997939025068414;0.9999697888586321;1.0;0.9999999999999999;1.0018159914649922;0.9998844127149941;0.9999436596971454;0.9999802178022885;1.000258250687266;1.024999976158142;
2016-06-12 18:45:00;0.9999574251329887;1.0;0.9999999999999999;0.999975026360948;0.9998699792369091;1.0;1.0020139595164206;0.9999895726158018;0.9998934122103369;1.0;1.0;1.0;1.0004876080313934;0.9999919078707853;0.9999960014840928;1.0;0.9999939360793114;0.9998685026395039;1.0006776495525278;0.9999405116383685;0.9999396882000464;0.999991650918914;0.9999954266024169;1.0019065728208725;1.0020589267138422;0.9999261577566331;0.9999923563764814;0.9999982482069335;1.0009665117322544;1.0004986905905502;1.0002240845023223;1.000084296726342;0.999876913847383;1.0;0.9997847295405837;0.9999575987932572;0.9999999999999999;1.0;1.0018693305827973;0.999874477464292;0.9999311024350385;0.9999764381959139;1.0002660790549647;1.024999976158142;
2016-06-12 19:00:00;0.9999535289203265;1.0;1.0;0.9999742179241458;0.9998568776801803;1.0;1.0020152412554548;0.9999904309491028;0.9998853961118421;1.0;1.0;1.0;1.0004859076617758;0.9999919517586999;0.9999954128374522;1.0;0.999994392745511;0.9998544038802236;1.000677021729226;0.9999365753257047;0.9999325612136081;0.9999905084799727;0.9999956933021719;1.0019081342020975;1.002060103779877;0.9999213313817394;0.9999904271898937;0.9999982654975812;1.0009879216764137;1.0005231428078374;1.000246995401403;1.0001031892149135;0.9998655750192301;1.0;0.9997885680018676;0.9999843767723432;1.0;0.9999999999999999;1.0018704599076163;0.9998625729358572;0.999924386211079;0.9999753275634855;1.0002650084070566;1.024999976158142;
2016-06-12 19:15:00;0.9999664789452984;1.0;0.9999999999999999;0.9999835276314593;0.9998637998546352;0.9999999999999999;1.0019676371308481;0.9999914014236826;0.9998923716332215;0.9999999999999999;0.9999999999999999;1.0;1.0004754165154879;0.9999925195621134;0.9999954384223201;1.0;0.9999972314197452;0.9998616217681014;1.0006608365112384;0.9999469316307166;0.9999499446954044;0.9999898938030862;0.9999978065042147;1.0018651110423635;1.0020097162182222;0.9999425703017644;0.999990313570526;0.9999984254627517;1.0009044820694653;1.0004257738451745;1.0001928336716397;1.000074907392635;0.99987254144328;1.0;0.9997483836757025;0.9999717505527931;0.9999999999999999;1.0;1.0018257930468628;0.9998695302086366;0.9999441134385735;0.9999786902204674;1.000259273154918;1.024999976158142;
2016-06-12 19:30:00;0.999958119305109;1.0;1.0;0.9999778233219103;0.9998535955462966;1.0;1.0020041374519624;0.9999904447948139;0.9998834912622728;1.0;1.0;1.0;1.0004834899448602;0.9999917156736097;0.9999950151450581;1.0;0.9999955912846227;0.999851236746821;1.0006731932096948;0.9999390203826577;0.9999387404593124;0.9999899692147977;0.9999965848477876;1.0018985154719857;1.002047994798381;0.9999288469658926;0.999990167021263;0.9999982358669844;1.0009301545169083;1.0004494553427643;1.0002000799045192;1.0000744877595582;0.9998625510543837;1.0;0.9997574671953361;0.9999605876169173;1.0;1.0;1.0018599043925454;0.9998594271208151;0.9999313885051732;0.9999759532883938;1.0002635899706849;1.024999976158142;
2016-06-12 19:45:00;0.9999532529831409;0.9999999999999999;0.9999999999999999;0.9999733524213564;0.99985657187723;0.9999999999999999;1.002060589636706;0.999989751857555;0.9998843275457535;1.0;1.0;0.9999999999999999;1.0004976245920463;0.9999909474019275;0.9999944679221303;0.9999999999999999;0.9999939396335519;0.9998546971427923;1.0006928504327752;0.9999361514268136;0.9999339285562711;0.9999918583959695;0.9999954013036797;1.001950774306062;1.0021065879395699;0.9999209521955705;0.9999920633602578;0.9999980515270148;1.0009607710968513;1.0004691779481745;1.000206387690771;1.0000740132941128;0.9998640588923944;0.9999999999999999;0.9997573919656546;0.9999510049050453;0.9999999999999999;1.0;1.0019124524795597;0.9998612763214453;0.9999253089584202;0.9999752044636943;1.0002711953924097;1.024999976158142;
2016-06-12 20:00:00;0.9999765316278354;1.0;0.9999999999999999;0.9999882494654345;0.9998961016487888;1.0;1.0019339918874663;0.9999928044606223;0.9999172870638806;1.0;0.9999999999999999;1.0;1.0004696446094683;0.999993208782987;0.9999954030766007;1.0;0.999997938680125;0.9998951643447643;1.0006506185367097;0.9999607700115982;0.9999665879826324;0.9999936138000057;0.9999984148477598;1.0018335802349358;1.00197486458827;0.999959718020211;0.9999943670660851;0.9999985768317223;1.0008573035813155;1.0003783891193687;1.000161179198714;1.0000551293297137;0.9999014787219415;1.0;0.9997375624190737;0.9999540300476344;1.0;1.0;1.0017943821734534;0.9998994021332495;0.9999620729967313;0.9999841348334737;1.0002561061659627;1.024999976158142;
2016-06-12 20:15:00;0.9999761838826291;0.9999999999999999;1.0;0.9999881807437558;0.9998858639972242;1.0;1.001894885501863;0.999991831202171;0.9999089848205349;1.0;1.0;1.0;1.0004602807105425;0.9999919334469543;0.9999942671947817;1.0;0.9999979877701994;0.9998852376611879;1.0006378122868351;0.9999582112825437;0.9999670048066825;0.9999936910848093;0.9999984728364597;1.001796550378383;1.0019348387105116;0.9999590992212528;0.9999947678105077;0.9999983080472189;1.0008890267889845;1.0004392698230187;1.0001910257048063;1.0000648104161993;0.9998910782377362;0.9999999999999999;0.999782269459247;0.9999424899739252;1.0;1.0;1.0017579791526918;0.9998889048816408;0.999962188183956;0.9999830006704764;1.000250710493224;1.024999976158142;
2016-06-12 20:30:00;0.9999803285716327;1.0;1.0;0.9999907015922541;0.9998960870517604;1.0;1.001900818473641;0.9999927357713669;0.9999176132581837;1.0;1.0;1.0;1.0004622448420124;0.9999922918225647;0.9999941209103672;1.0;0.9999986588386138;0.9998957011734377;1.0006399467818563;0.9999636851495737;0.9999732878031469;0.9999948143038089;0.9999989843506073;1.0018026182940079;1.0019404920266197;0.9999665971924031;0.9999958427074662;0.9999983867084954;1.0008818294716078;1.0004281894405667;1.0001920015501786;1.0000738331091257;0.9999004452529779;1.0;0.9997711327777614;0.9999687408192351;1.0;1.0;1.001763352308281;0.9998984925071128;0.999969332469539;0.9999852154429434;1.0002517510991038;1.024999976158142;
2016-06-12 20:45:00;0.9999727079990745;1.0;1.0;0.9999860173935449;0.9998771436449193;1.0;1.0019333283209386;0.9999911809688488;0.9999018993034604;1.0;1.0;1.0;1.0004692605918122;0.9999911489532296;0.9999936181954815;1.0;0.9999974487039984;0.9998764958115539;1.0006507938057625;0.9999540393592753;0.9999625492053732;0.9999936737381522;0.9999980739718703;1.001832618374582;1.001974396474123;0.9999535024338355;0.9999947313979488;0.9999981369335897;1.0008930219939614;1.0004270514190006;1.0001871041526593;1.0000659050057419;0.9998825020459945;1.0;0.9997631160159945;0.9999512807700667;1.0;1.0;1.0017936723327436;0.999880207198653;0.9999570945042745;0.9999814846830273;1.0002554702124562;1.024999976158142;
2016-06-12 21:00:00;0.9999761699739739;1.0;1.0;0.9999879897944698;0.9998860936173867;1.0;1.0018966674639467;0.9999912434756733;0.9999080777640856;1.0;1.0;1.0;1.0004609322777056;0.9999927587493018;0.999995889957184;1.0;0.9999977511539069;0.999885263477375;1.0006382334253068;0.9999569677431391;0.9999656285160432;0.9999918555324961;0.999998284133822;1.0017981509827698;1.0019367811270217;0.9999572529568892;0.999993221495756;0.999998482210111;1.000866030100793;1.000403199144286;1.0001769352797718;1.0000628112798158;0.9998922751520163;1.0;0.9997566091077444;0.9999554862991722;1.0;1.0;1.001759817069508;0.9998900349927372;0.9999603871574023;0.9999820602170495;1.0002514541923795;1.024999976158142;
2016-06-12 21:15:00;0.9999785707184764;1.0;1.0;0.999989070488197;0.999899032555769;0.9999999999999999;1.0018826172119464;0.9999924735089681;0.9999190248990095;1.0;1.0;1.0;1.0004578999215563;0.9999927934670987;0.9999950499896977;1.0;0.9999979921889383;0.9998985762157028;1.0006338884492931;0.9999624767736075;0.9999704728480943;0.9999943873373022;0.9999984880131622;1.0017848785039587;1.0019223273779305;0.9999628607717718;0.9999954574903438;0.9999984863428091;1.0008681493041152;1.0004249762750475;1.0001822760485228;1.000064442213711;0.999903543624589;1.0;0.9997840860649304;0.9999529303952351;1.0;1.0;1.0017466742938657;0.999901664538989;0.999965958453341;0.9999846769649721;1.0002495940605567;1.024999976158142;
2016-06-12 21:30:00;0.9999734454441603;0.9999999999999999;1.0;0.9999858091544904;0.9998729138178927;1.0;1.0019013730619328;0.9999889797447817;0.9998956598249504;1.0;1.0;1.0;1.0004625844425519;0.9999916845524573;0.9999960139889447;1.0;0.9999969074813118;0.9998723977660171;1.0006403716479955;0.9999506212562932;0.9999621314626378;0.9999904445112116;0.9999976842700232;1.0018020951952975;1.001941962293841;0.9999507229324544;0.9999925551863244;0.9999982391109419;1.0008991725668175;1.0004527980926863;1.0002017974166364;1.0000749621025102;0.9998795551056406;0.9999999999999999;0.9997865873808227;0.9999583858096336;1.0;1.0;1.0017643377641265;0.9998772021572404;0.9999555050406477;0.9999790233661251;1.000252388028531;1.024999976158142;
2016-06-12 21:45:00;0.999966452930046;0.9999999999999999;0.9999999999999999;0.9999806753168886;0.9998675760597037;1.0;1.0019131452303371;0.9999883906362451;0.9998907768669467;1.0;1.0;1.0;1.0004649921166062;0.9999906123266322;0.9999949259581786;1.0;0.9999953614928023;0.9998672009318129;1.0006446081404279;0.9999451228910309;0.9999539093419304;0.9999919232720806;0.999996554562436;1.001812061941967;1.0019549310079716;0.9999399677223311;0.9999937753705446;0.9999980027446567;1.0009164490792708;1.0004688510862505;1.0002115279883899;1.0000794301952924;0.9998734241398851;1.0;0.9997895848531179;0.9999587363109663;1.0;1.0;1.0017753751241685;0.9998711563635166;0.9999460272634929;0.9999774215602825;1.0002534461346244;1.024999976158142;
2016-06-12 22:00:00;0.9999667477336716;1.0;1.0;0.9999817502563653;0.9998541967537591;1.0;1.0018899189578419;0.9999878536277712;0.9998809976219082;1.0;0.9999999999999999;1.0;1.000458967704463;0.9999895110303624;0.9999937074583015;1.0;0.9999959931365491;0.9998538124552574;1.0006367233164475;0.9999428067680679;0.9999544323397143;0.9999914057376276;0.9999970195209981;1.0017905325070169;1.0019308010833978;0.9999408638429067;0.9999933927091369;0.9999977751060577;1.0009007754942782;1.0004626955346987;1.0002053176539052;1.0000759283043115;0.9998605587254847;1.0;0.9997974988593873;0.9999561822618958;1.0;1.0;1.001753619404172;0.9998579949596624;0.9999467435790736;0.9999764024853753;1.000249857906881;1.024999976158142;
2016-06-12 22:15:00;0.9999645009554072;1.0;1.0;0.9999799026089373;0.9998557879229253;0.9999999999999999;1.001894535536943;0.999988030497917;0.9998823351601813;0.9999999999999999;1.0;0.9999999999999999;1.000460013095408;0.9999889063166414;0.9999927244561133;0.9999999999999999;0.9999954308741625;0.9998556257684972;1.0006385571498044;0.9999423059671433;0.9999526548281077;0.99999310213611;0.9999966206368188;1.0017944238714267;1.0019358690153102;0.9999382581891388;0.9999948594255265;0.999997639111175;1.0009188267902618;1.0004814608511154;1.0002206928930402;1.0000867115502112;0.9998611322485957;1.0;0.9998001956000802;0.9999681041645817;0.9999999999999999;1.0;1.00175788996151;0.9998587294449085;0.9999447020098766;0.9999766435215564;1.0002501960575136;1.024999976158142;
2016-06-12 22:30:00;0.9999721979148883;0.9999999999999999;1.0;0.9999854677046669;0.9998763681613287;1.0;1.0018393580930387;0.9999909664262615;0.9999010990293998;1.0;1.0;1.0;1.0004465110762775;0.9999906833878219;0.9999930998067735;1.0;0.9999972405965446;0.9998759333017848;1.0006194478666468;0.9999536060295895;0.9999625914263854;0.9999943157181698;0.9999979355079966;1.001743325562767;1.001878581609624;0.9999528809041989;0.9999954296046485;0.9999980398362713;1.0008779809628794;1.0004483678239893;1.0002007040523198;1.000074408407069;0.9998812360038161;0.9999999999999999;0.9997981729515124;0.9999576662765066;0.9999999999999999;1.0;1.001706467420043;0.9998790131729665;0.9999569554053155;0.9999813937524967;1.0002428959369039;1.024999976158142;
2016-06-12 22:45:00;0.9999536742905301;1.0;1.0;0.9999721213942274;0.9998524221711187;1.0;1.0019126612397102;0.9999873076935886;0.9998781861698292;1.0;1.0;0.9999999999999999;1.0004634180895706;0.9999891637805475;0.9999937139611522;1.0;0.9999930012655878;0.99985176521076;1.000644502560538;0.9999337552401156;0.999937130075319;0.9999927167615974;0.9999947949877164;1.0018098306430925;1.0019559289047142;0.9999198316450552;0.9999940329383052;0.9999976577719693;1.0009423153559713;1.0005093907046136;1.0002358915210419;1.0000958976364949;0.9998583162289602;0.9999999999999999;0.9998122941219842;0.9999753549678206;0.9999999999999998;1.0;1.0017752168912084;0.999855883880581;0.9999271858821523;0.9999737406500582;1.0002522953978557;1.024999976158142;
2016-06-12 23:00:00;0.9999644940438897;1.0;1.0;0.9999793452190104;0.9998643243463423;1.0;1.0018682840451276;0.9999876899523084;0.9998872533939019;1.0;1.0;1.0;1.0004539313425238;0.9999911880658183;0.9999962685562607;1.0;0.9999948672760108;0.9998636474718864;1.00062931370674;0.9999420184334018;0.999949873801346;0.9999901011784242;0.9999961691121764;1.0017692376514902;1.001909432114951;0.9999351925605942;0.999992129763825;0.9999981219836642;1.0008921833664324;1.0004594642663454;1.0002046919670118;1.0000765342600537;0.9998712797112972;1.0;0.9998002121883373;0.9999587152698798;1.0;0.9999999999999999;1.001733971968269;0.9998688709776286;0.9999413371307699;0.999975875918992;1.0002477127913354;1.024999976158142;
2016-06-12 23:15:00;0.999969290704183;1.0;1.0;0.9999839867640763;0.9998421227435672;0.9999999999999999;1.0018838465197786;0.9999864046586378;0.9998707280845202;1.0;1.0;1.0;1.0004578632995003;0.9999893264473203;0.9999944804261233;0.9999999999999999;0.9999966717480433;0.9998416863353016;1.0006345980594844;0.9999404328323327;0.999956606094123;0.9999885705943229;0.9999975160901272;1.0017854283489778;1.0019240808363743;0.9999428919364792;0.9999912955562829;0.9999977398722528;1.0008661469699947;1.0004228553251557;1.0001834126897593;1.0000682957507108;0.9998500118467277;1.0;0.9997810717360275;0.9999623590167016;1.0;0.9999999999999999;1.001747952904612;0.9998471186215896;0.9999487938307483;0.9999745930861444;1.0002494383544918;1.024999976158142;
2016-06-12 23:30:00;0.999959826390452;1.0;1.0;0.9999812465029772;0.99977045300627;1.0;1.001852391604867;0.9999833409563561;0.9998173913884729;0.9999999999999999;1.0;1.0;1.0004475421496928;0.9999823439648402;0.9999865635878025;0.9999999999999999;0.9999973874012436;0.9997701667116085;1.0006238119265887;0.9999214623605995;0.9999465509098552;0.999988981067134;0.9999980541386841;1.00175615309596;1.0018914037062583;0.9999310743827312;0.9999917570627945;0.999996296822568;1.0008803374956154;1.0004636529584248;1.00020192738114;1.0000761481054845;0.9997793298887286;1.0;0.9998184533941099;0.999961138062362;1.0;1.0;1.0017178238023277;0.99977516985966;0.9999379088521592;0.9999676923097313;1.0002418995793763;1.024999976158142;
2016-06-12 23:45:00;0.9999514985911668;0.9999999999999999;1.0;0.999977223126253;0.9997387545352386;1.0;1.0018648897749134;0.9999822776112424;0.9997939753910541;1.0;0.9999999999999999;1.0;1.0004488211834854;0.9999791143568568;0.999982672506293;1.0;0.9999969542324028;0.9997383702811075;1.0006279185668796;0.9999108987385783;0.9999367182847433;0.9999900066594055;0.9999977279669655;1.0017676546828143;1.0019044251477294;0.9999199527878848;0.9999923852120515;0.9999956115236054;1.0008828197434763;1.0004640402365053;1.0002031266546956;1.0000792182476175;0.999747821965896;1.0;0.999815982421841;0.9999686584634043;1.0;1.0;1.0017291214225132;0.9997431216653954;0.9999272912474275;0.9999642534789708;1.0002416716997624;1.024999976158142;
2016-06-13 00:00:00;0.9999720082677833;0.9999999999999999;1.0;0.9999864924704236;0.9998517219990349;1.0;1.0018502255977215;0.9999892816963186;0.9998819472650518;0.9999999999999999;1.0;1.0;1.0004488933097415;0.999988731614739;0.9999914901363768;1.0;0.9999979124303109;0.9998513882527633;1.0006231007837367;0.9999479527132878;0.9999624734528075;0.9999928507365643;0.9999984378168805;1.0017542271820512;1.0018891517120099;0.9999522022311937;0.9999944879941002;0.9999976349875488;1.0008546796764333;1.0004286800795685;1.000181924396363;1.0000656531632488;0.9998575972311269;0.9999999999999999;0.9998007525105154;0.9999563435437606;1.0;1.0;1.0017162712313976;0.9998548917037786;0.9999566173888864;0.9999787480623299;1.0002438166601297;1.024999976158142;
2016-06-13 00:15:00;0.9999715031808021;0.9999999999999999;1.0;0.9999865532320524;0.9998523040631658;1.0;1.0017914631382083;0.9999896178285224;0.9998826412907416;0.9999999999999999;1.0;1.0;1.0004340802574954;0.9999897281433326;0.9999926831202769;1.0;0.9999980107975821;0.999851444869635;1.000602848200317;0.9999475175885291;0.9999601107675206;0.9999914071261332;0.999998473480367;1.0016986183021381;1.0018291701906892;0.9999508357310296;0.9999928662556794;0.9999978459564226;1.0008872933444644;1.0004844086358726;1.0002223052294525;1.0000872894954627;0.9998593250764309;1.0;0.9998302961627568;0.999967363437763;1.0;1.0;1.0016618915689741;0.999856449110534;0.9999543545673393;0.999978471444533;1.0002359948656943;1.024999976158142;
2016-06-13 00:30:00;0.9999626346320962;1.0;1.0;0.9999832353376603;0.9997958724769771;1.0;1.001832275833159;0.9999866214884587;0.9998395681378965;1.0;1.0;1.0;1.0004420172162525;0.9999848649936617;0.9999878219653496;1.0;0.9999980814313936;0.9997949229693164;1.0006164085021554;0.9999305508209084;0.9999491474975113;0.9999902548636448;0.999998519206585;1.0017374719140246;1.001870668836642;0.9999377501621249;0.9999919363783762;0.9999968243946269;1.000906259823903;1.0004912291942794;1.00022773462684;1.000091104912662;0.9998044803702261;1.0;0.999820882677732;0.9999717026268967;1.0;1.0;1.0016992700311225;0.9998005529205419;0.9999421605354185;0.999971935472048;1.000239178410109;1.024999976158142;
2016-06-13 00:45:00;0.999972487437364;1.0;1.0;0.9999873105512113;0.9998464761644773;1.0;1.001780633000131;0.9999890504816478;0.9998779942719833;1.0;0.9999999999999999;1.0;1.0004316690585617;0.9999888809919207;0.9999918627381476;1.0;0.9999982683750656;0.9998458988404781;1.000599405509375;0.9999468703696365;0.9999621675559387;0.9999915609466344;0.9999986831102434;1.0016885381573462;1.0018179004652934;0.9999524443973854;0.9999932899676647;0.999997673360045;1.0008749493158235;1.0004721179786047;1.000216126231086;1.0000849452369305;0.9998532663378326;1.0;0.9998262789837467;0.9999685539593975;1.0;1.0;1.00165169321091;0.9998503520928509;0.9999564056628127;0.999978084319898;1.000234476747195;1.024999976158142;
2016-06-13 01:00:00;0.9999740064714001;1.0;1.0;0.9999883678482382;0.9998595748561243;1.0;1.0017389415917386;0.9999907305443688;0.9998894291501127;1.0;1.0;1.0;1.0004211927303215;0.99999014965028;0.9999924763941466;1.0;0.9999986326099138;0.9998586758396107;1.0005850824915996;0.9999516082146451;0.999963658592938;0.9999922648093821;0.9999989290330084;1.0016491996681636;1.00177523797064;0.9999560100986571;0.99999343894997;0.9999979384004006;1.0009050628279619;1.0005326167964332;1.000249971888877;1.0001015306959533;0.9998661856645347;1.0;0.99986982947167;0.9999732096724359;1.0;1.0;1.0016130681477478;0.9998633983032721;0.9999587517860383;0.9999802922469839;1.0002288895939502;1.024999976158142;
2016-06-13 01:15:00;0.9999836839234166;1.0;1.0;0.9999923030480843;0.9999022006897142;1.0;1.0017327074620022;0.9999920377912235;0.9999207930073334;1.0;1.0;1.0;1.0004222744970852;0.9999933767193813;0.9999961983757347;0.9999999999999999;0.9999987321801206;0.9999019159167358;1.0005836114776885;0.9999654016549949;0.9999767802906352;0.9999929842702421;0.9999990455027626;1.0016433281711694;1.0017687826556363;0.9999696012282112;0.9999946389314006;0.9999986156705537;1.000864541140746;1.0004827015595632;1.000219169097019;1.0000850451618175;0.9999071344459757;1.0;0.9998492014247121;0.9999646844340763;1.0;1.0;1.0016075813968583;0.999905281170515;0.9999726459875052;0.9999851377196919;1.0002303693994326;1.024999976158142;
2016-06-13 01:30:00;0.9999826781359945;0.9999999999999999;1.0;0.9999919692892041;0.9999000226959749;0.9999999999999999;1.0017657666948756;0.9999925282217589;0.9999200850364385;1.0;1.0;1.0;1.000429884689847;0.9999927791677226;0.9999949765500628;0.9999999999999999;0.9999988490907271;0.9998997379236166;1.0005947033463127;0.9999653518128983;0.9999761370411837;0.999994151831766;0.9999991316777057;1.0016747111115838;1.0018024907524847;0.9999694385354626;0.9999954785477332;0.9999984894664089;1.0008578432852673;1.0004564438506243;1.0002048745897187;1.0000773702621346;0.9999045056920093;1.0;0.9998246630519888;0.9999607395193053;1.0;1.0;1.0016381268667383;0.9999026252465582;0.9999722625637179;0.9999855225635953;1.000234244083304;1.024999976158142;
2016-06-13 01:45:00;0.9999810415937053;1.0;1.0;0.999991188842978;0.9999013711556576;1.0;1.00168134140445;0.9999937230288548;0.9999228139933778;1.0;1.0;0.9999999999999999;1.0004085703494257;0.9999921152263636;0.9999931411543042;1.0;0.9999989036295702;0.9999010971226794;1.0005662795532269;0.9999664880227861;0.999975226505689;0.9999965706696984;0.9999991726312042;1.0015945474800372;1.0017163709859198;0.9999694093723714;0.9999972301894854;0.9999983532537464;1.00090502483166;1.0005599875786277;1.0002685189973513;1.0001149171392056;0.9999047893329422;1.0;0.9998989561897598;0.9999887052041974;1.0;1.0;1.0015596292645124;0.999902976282647;0.9999718394102751;0.9999867659062303;1.000222139050917;1.024999976158142;
2016-06-13 02:00:00;0.9999861169463925;1.0;1.0;0.9999937563367414;0.9999233421079622;1.0;1.0016350284308002;0.9999951160179642;0.9999400754351082;1.0;1.0;1.0;1.0003981016505423;0.999993847958765;0.9999946332897647;1.0;0.9999993277917513;0.999923169178795;1.000550768663128;0.9999745089287273;0.99998193424812;0.9999972837576246;0.9999994923754152;1.0015508844710974;1.0016688829937357;0.9999775866892224;0.9999978555327353;0.9999987180901068;1.0009212393848566;1.000604002233527;1.0002880202804245;1.000119183498474;0.9999259944519095;1.0;0.9999389853322098;0.999975492535937;1.0;1.0;1.001516739613142;0.9999245819745326;0.9999794301537756;0.9999898706190383;1.0002167646473388;1.024999976158142;
2016-06-13 02:15:00;0.999982226589005;1.0;1.0;0.9999917623104768;0.9999118632976841;1.0;1.001647831846424;0.9999946594483448;0.9999313272415417;1.0;1.0;1.0;1.0004004068000742;0.999993210236233;0.9999940447192032;1.0;0.9999989886457091;0.9999114069517623;1.0005548395867532;0.9999696954253793;0.9999762840464534;0.999996741969976;0.9999992225139518;1.0015627993689968;1.0016821787141583;0.9999714849049388;0.9999971510651371;0.9999985828559644;1.0009226372402766;1.0006020013836294;1.0002915108917196;1.0001269279965017;0.999915212846278;1.0;0.9999323868553652;0.9999941997181877;0.9999999999999999;1.0;1.0015286345719312;0.9999135320796354;0.9999732966121794;0.9999881294909053;1.0002178859889348;1.024999976158142;
2016-06-13 02:30:00;0.9999774568275726;1.0;1.0;0.999989040182002;0.9998984264565468;1.0;1.0016563486713728;0.9999936310856465;0.9999202798652537;1.0;1.0;1.0;1.000401773830832;0.9999927275420165;0.9999941018163759;0.9999999999999999;0.9999983344447569;0.9998976376838958;1.0005574815464142;0.9999631386163131;0.9999689427724854;0.9999953137744079;0.9999987169842561;1.001570462965237;1.0016912667553206;0.9999629594599653;0.9999957546306603;0.9999984773858874;1.0009392664715517;1.0006202173391539;1.00029575041385;1.000122072793548;0.999902913819967;1.0;0.9999430480127843;0.9999738797047245;1.0;1.0;1.0015366646496855;0.9999009226306349;0.9999650332380651;0.999985480201685;1.0002186478297228;1.024999976158142;
2016-06-13 02:45:00;0.9999833096408008;1.0;1.0;0.9999920978299348;0.9999202287511968;1.0;1.0016317683442106;0.9999950290301617;0.9999375520505897;0.9999999999999999;1.0;1.0;1.000396765196811;0.9999941129790968;0.9999950848325644;1.0;0.9999989124930708;0.9999197126749008;1.000549418503701;0.9999718533738714;0.9999772766290229;0.9999965470608936;0.9999991621933384;1.001547510077459;1.0016658482592269;0.9999727530736561;0.9999969445978774;0.9999987706535665;1.0009266056837758;1.0006143053768701;1.0002974532657822;1.0001286074415778;0.999923569042215;1.0;0.9999437528656734;0.999991315342129;0.9999999999999999;1.0;1.0015138532388963;0.9999220210894926;0.9999743886517948;0.9999888939943304;1.0002161410011172;1.024999976158142;
2016-06-13 03:00:00;0.9999844878753078;1.0;1.0;0.9999929070034301;0.9999204472688521;0.9999999999999999;1.001631008541636;0.9999949744958342;0.9999377030083404;1.0;1.0;1.0;1.000396738577068;0.9999941611573053;0.9999951931033715;1.0;0.999999135209613;0.999919971011624;1.00054918285513;0.9999725455705459;0.9999788038878465;0.9999963260572878;0.9999993291519549;1.0015469653002786;1.00166492229226;0.9999744740171634;0.9999968298583893;0.9999987813137289;1.0009329331735843;1.000622837391279;1.00029932895267;1.0001260225910387;0.9999238537797621;1.0;0.9999500644873733;0.9999810190552738;1.0;1.0;1.0015131228359622;0.9999223009003412;0.9999760543911661;0.9999890417971827;1.0002161520003645;1.024999976158142;
2016-06-13 03:15:00;0.9999830077710335;1.0;1.0;0.9999921697216246;0.9999136258572131;1.0;1.0016157975016595;0.9999945143992718;0.9999322900554581;1.0;1.0;1.0;1.0003927891065871;0.999993671300523;0.9999948177513065;1.0;0.9999990113319454;0.9999131097843251;1.0005440262698824;0.9999700471239862;0.9999767735374844;0.9999959978752017;0.9999992350486;1.0015324674618737;1.0016494572259518;0.9999719855721468;0.99999654960526;0.9999986796081547;1.000929551169931;1.0006255840905633;1.000303536612781;1.0001313229084507;0.9999173241624538;0.9999999999999999;0.9999542917561675;0.9999913759946234;1.0;1.0;1.0014989887333183;0.9999156428443923;0.9999737422806573;0.99998804431226;1.0002139006742348;1.024999976158142;
2016-06-13 03:30:00;0.9999799594232223;0.9999999999999999;0.9999999999999999;0.9999904218420732;0.9999018361384121;0.9999999999999999;1.0016314596679743;0.9999940514270355;0.9999236270263543;1.0;1.0;1.0;1.0003962158624515;0.99999166893839;0.9999922538416036;1.0;0.9999987424572234;0.999901673976516;1.0005495929415138;0.9999665861522176;0.9999746154615136;0.9999978164667241;0.9999990616740493;1.001547057354769;1.0016655770074703;0.9999686845497975;0.9999982505118167;0.9999982617405306;1.0009387133436498;1.0006378258473245;1.0003064785992455;1.0001319339387231;0.9999045880754113;1.0;0.9999631223286223;0.9999893023508829;0.9999999999999999;0.9999999999999999;1.0015132798520174;0.9999028498815502;0.9999712610357546;0.9999871513175048;1.0002151646026247;1.024999976158142;
2016-06-13 03:45:00;0.9999832661247299;1.0;1.0;0.9999920466573693;0.9999176195165528;1.0;1.0016138680877864;0.9999948206147153;0.9999355378512472;0.9999999999999999;1.0;1.0;1.0003924900034564;0.9999935135573824;0.9999943662186698;1.0;0.9999989204858084;0.9999173056600296;1.0005435566659442;0.9999714525350264;0.9999779381962197;0.9999971111629629;0.9999991822644255;1.001530518910836;1.0016475478442848;0.9999730142477304;0.9999975749394456;0.9999986473239774;1.0009243952348994;1.0006209108289719;1.0002982525676258;1.0001266598222183;0.9999205593386036;1.0;0.9999551164625362;0.9999843581045187;1.0;0.9999999999999999;1.0014971527125303;0.9999190331848952;0.9999750032366337;0.9999887961143882;1.0002136290298649;1.024999976158142;
2016-06-13 04:00:00;0.9999866870382975;1.0;1.0;0.9999937757906698;0.9999344845183552;1.0;1.0016093210438106;0.9999959073414683;0.9999487321637148;1.0;0.9999999999999999;1.0;1.0003918831391319;0.9999951423493868;0.9999959345508322;1.0;0.9999991833420147;0.9999340894532883;1.0005419541597718;0.9999771376000939;0.9999819167311277;0.9999971652236022;0.999999370324441;1.0015263805730643;1.001642793620923;0.9999782492510905;0.9999975237319009;0.9999989875102896;1.000918373353688;1.0006156616114603;1.0002971580059938;1.000128656813838;0.9999372040385773;1.0;0.9999530488305404;0.9999918474113376;0.9999999999999999;1.0;1.0014930602418444;0.9999359357407896;0.9999795954100296;0.9999909511627966;1.0002136714470367;1.024999976158142;
2016-06-13 04:15:00;0.9999898356379905;1.0;1.0;0.9999950094759401;0.9999468982953859;1.0;1.00159400497185;0.9999958494690414;0.9999571404184919;1.0;1.0;1.0;1.000389121561595;0.9999965316991122;0.9999979897694293;1.0;0.9999991132239677;0.9999466043376036;1.0005369266973825;0.9999805229541108;0.9999854238087821;0.9999962303020998;0.9999993257306675;1.001511848272322;1.001627170630721;0.9999815604488419;0.9999969636855819;0.9999992781354807;1.000915104470775;1.0006133111904485;1.0002951286892448;1.0001244445692299;0.9999496890792272;1.0;0.9999536338566603;0.9999818515160924;1.0;1.0;1.0014790408874623;0.9999486582306086;0.9999830818205372;0.9999917921791931;1.0002126496794483;1.024999976158142;
2016-06-13 04:30:00;0.9999879104159979;1.0;1.0;0.9999943182920096;0.9999443985596751;1.0;1.0016020745537817;0.9999964630806175;0.9999562023605534;1.0;0.9999999999999999;1.0;1.0003902412674157;0.9999966350770276;0.9999976938535498;1.0;0.9999991737157127;0.999943710862617;1.0005392671840434;0.9999795259677617;0.9999822681484898;0.9999962550058246;0.9999993427104067;1.0015195223009292;1.0016354502781972;0.9999793704903894;0.9999965442128901;0.9999992986375653;1.000909043080606;1.0006044945272494;1.0002897210678037;1.0001229515346435;0.9999476264526254;1.0;0.9999490165721602;0.9999845583059418;1.0;1.0;1.001486531562462;0.9999464365472985;0.9999801190861779;0.9999917214674949;1.0002131920609547;1.024999976158142;
2016-06-13 04:45:00;0.9999865723566317;1.0;1.0;0.9999936114528855;0.9999437492964341;1.0;1.001616695719796;0.9999967687216473;0.9999561244534279;1.0;1.0;1.0;1.0003934117361768;0.9999966328231844;0.99999746804227;1.0;0.9999990694660138;0.9999429099321667;1.0005440292030896;0.999978935866218;0.9999803722281272;0.9999965109405973;0.999999255232405;1.001533291997111;1.0016504764585057;0.9999777343518037;0.9999965598859308;0.9999992981447958;1.0009120257315156;1.0006031909905815;1.0002883943581238;1.0001222610384954;0.9999470252042139;1.0;0.9999453717290988;0.9999842699974225;1.0;1.0;1.0015000989743086;0.9999457936221914;0.9999782367738864;0.9999917041310399;1.0002148737966825;1.024999976158142;
2016-06-13 05:00:00;0.999990210663021;1.0;1.0;0.999995200680131;0.9999561118304156;1.0;1.0016045421736761;0.9999969882150472;0.9999650644066053;1.0;1.0;0.9999999999999999;1.0003914443917996;0.9999973781054409;0.9999983874526731;0.9999999999999999;0.9999991871582431;0.9999556064715056;1.0005402546019466;0.9999833846916344;0.9999856378151809;0.9999968719682594;0.9999993654049867;1.0015218413521036;1.0016379643593645;0.9999829481383353;0.9999971905006215;0.999999454558578;1.000914006768877;1.000609582900731;1.0002873125410108;1.000115670954252;0.9999586841695617;1.0;0.999954143711195;0.9999658347637121;1.0;1.0;1.001488866148557;0.9999577640866634;0.9999837550741377;0.9999932126555565;1.0002140158110273;1.024999976158142;
2016-06-13 05:15:00;0.9999911878352568;1.0;1.0;0.9999953428428132;0.999957274646456;0.9999999999999999;1.0016066248729973;0.999996306561477;0.9999649022413044;1.0;1.0;0.9999999999999999;1.0003926292228245;0.9999973638519317;0.9999988645118458;0.9999999999999999;0.9999989902029494;0.999957040414423;1.0005412581035655;0.9999833845641767;0.9999871802057266;0.999996520103937;0.9999992392389041;1.0015237100915393;1.0016401408485482;0.999983450226207;0.999997238476294;0.9999994509661784;1.000919220621733;1.000616475661164;1.0002940485027252;1.0001224419869337;0.9999596884887708;1.0;0.9999556568826875;0.9999772714074103;1.0;1.0;1.0014908506221338;0.9999588723803788;0.999984960821812;0.9999928946298101;1.0002147787680113;1.024999976158142;
2016-06-13 05:30:00;0.9999902389374689;1.0;1.0;0.9999951514019223;0.9999559786978882;1.0;1.0016144151810882;0.9999968903601302;0.9999648490345497;1.0;1.0;1.0;1.0003939445706342;0.9999972825418995;0.9999983205305104;1.0;0.9999991484599714;0.999955534631523;1.000543639730816;0.9999833200602156;0.9999858269903598;0.9999969513005604;0.9999993411779294;1.0015311795489659;1.001648053359303;0.999982951788409;0.999997315603454;0.999999434362502;1.0009273038864253;1.0006219823465912;1.0002918466034945;1.0001144441045386;0.999958455358757;1.0;0.999958610697748;0.9999561042070748;1.0;1.0;1.0014980203381663;0.9999575536014589;0.9999838949731361;0.9999931720050962;1.000215369086342;1.024999976158142;
2016-06-13 05:45:00;0.9999902539213502;0.9999999999999999;1.0;0.9999953441052165;0.999944586182188;1.0;1.001686183619393;0.9999956719424153;0.9999553747014184;1.0;1.0;1.0;1.0004120040581266;0.9999961227935149;0.9999975252276176;1.0;0.9999992409553922;0.9999444240133589;1.000567969954214;0.9999803881195933;0.9999863957498873;0.9999964471327286;0.9999994291231016;1.0015994455650477;1.001721120831257;0.9999823978974653;0.9999972659732518;0.9999991936738788;1.0009600596939805;1.0006392276411065;1.0003041093810394;1.0001254115587672;0.999947200721733;1.0;0.9999488353360998;0.9999729642788241;0.9999999999999999;1.0;1.001564437121257;0.9999461608986644;0.9999840915143126;0.9999917224280306;1.00022508857261;1.024999976158142;
2016-06-13 06:00:00;0.9999915011630144;1.0;1.0;0.9999960912978284;0.9999573491652266;1.0;1.0016823409553774;0.9999970879991624;0.9999661540488741;1.0;1.0;1.0;1.0004108334407975;0.9999974730728335;0.9999984510659674;1.0;0.9999994438372846;0.9999568744541828;1.000566369115888;0.9999845072883605;0.9999873585612263;0.9999968136046885;0.9999995567540909;1.0015958951352213;1.0017171781951861;0.9999850339336835;0.9999971825464871;0.9999994749421105;1.0009570913881403;1.0006365730488007;1.0002995826470427;1.0001197216159443;0.9999599124510782;0.9999999999999999;0.9999503793350999;0.999961861629447;0.9999999999999999;1.0;1.0015609668332988;0.9999590028601394;0.9999856995181012;0.999993580504763;1.0002246665892458;1.024999976158142;
2016-06-13 06:15:00;0.9999874981096382;1.0;1.0;0.9999938474035908;0.9999409563988098;1.0;1.001750002934826;0.9999956029804811;0.9999525024674566;1.0;1.0;1.0;1.0004270289196164;0.9999965956573809;0.9999982634199814;1.0;0.9999988985659166;0.9999403300282629;1.000589009160439;0.999977558078789;0.9999813741295808;0.999995260824954;0.9999991441958662;1.0016597876540303;1.0017865072997147;0.9999774464921883;0.9999958972807022;0.9999992906408326;1.0010051397939794;1.0006759525680813;1.0003270295191633;1.0001408191312176;0.9999445873414082;1.0;0.9999511735183784;0.9999890790168421;1.0;1.0;1.0016237824595422;0.9999433562581077;0.9999787181967225;0.9999906146112265;1.000233497112023;1.024999976158142;
2016-06-13 06:30:00;0.9999840824518614;1.0;1.0;0.9999919647403162;0.9999351653361792;1.0;1.0018329271421067;0.9999957669939389;0.9999486305439971;0.9999999999999999;1.0;1.0;1.0004468474718446;0.9999960061639833;0.9999972929133295;1.0;0.9999985755183032;0.9999343673625445;1.0006167086139972;0.9999748743272904;0.9999770160458923;0.9999958944927845;0.999998894040546;1.0017382538852084;1.0018713517272033;0.9999729798156342;0.9999961624391599;0.9999991657196184;1.00104052731732;1.0006929763161911;1.0003320497281247;1.0001411421789592;0.9999387793186926;1.0;0.9999437528656733;0.9999836028078538;1.0;1.0;1.0017006420833527;0.999937431449235;0.9999741567205733;0.9999899768996264;1.0002441425922448;1.024999976158142;
2016-06-13 06:45:00;0.9999702269703469;1.0;1.0;0.9999864740342423;0.9998517832886658;1.0;1.0019195001026173;0.9999920020438196;0.9998862717638264;1.0;1.0;1.0;1.0004648474242368;0.9999871424283195;0.9999871980518992;1.0;0.9999986839281042;0.9998514066030265;1.000646129076558;0.9999512605822957;0.9999626959541124;0.9999977528248051;0.9999990034840534;1.0018204223755067;1.00195948801692;0.9999553272314196;0.9999979653937392;0.9999973055006928;1.0010600434257118;1.0006851978413633;1.0003217855496118;1.0001317453875114;0.9998556638214857;1.0;0.9999222414660578;0.9999690293351304;0.9999999999999999;1.0;1.001779961599;0.999852977653379;0.9999583765425629;0.9999816818458488;1.0002515828077425;1.024999976158142;
2016-06-13 07:00:00;0.9999513456131601;0.9999999999999999;1.0;0.9999776841822651;0.9997641059473572;1.0;1.002025185802501;0.9999875541035107;0.9998193914416716;1.0;1.0;1.0;1.0004868795195443;0.9999791795860015;0.9999789419862285;1.0;0.999997771280386;0.9997635378130836;1.0006815526913715;0.9999221808038573;0.9999394669727343;0.9999973374047438;0.9999983173203166;1.001920052222479;1.0020677974749592;0.9999277483552699;0.9999974513829512;0.999995606781023;1.0010547440612856;1.0006670478214987;1.000286303050229;1.0001057981067931;0.9997698421479221;1.0;0.9999230378753964;0.9999382351407794;1.0;1.0;1.001877389365053;0.9997656045457767;0.9999326150497689;0.999971041684548;1.000261667625116;1.024999976158142;
2016-06-13 07:15:00;0.9999686818903792;0.9999999999999999;1.0;0.9999841843466277;0.9998566373241058;0.9999999999999999;1.0020480575305637;0.9999902887557552;0.9998866191267406;1.0;1.0;1.0;1.000497204367597;0.999988784577739;0.9999908443968869;1.0;0.999997334364295;0.9998561503580067;1.0006893960862835;0.9999480043612734;0.9999585248116313;0.999994565293878;0.9999980009698398;1.0019415238740448;1.0020914458008394;0.9999484374754884;0.9999955509464722;0.9999976401461207;1.0009210909746564;1.0005482763769031;1.0001841629421258;1.0000564873971611;0.9998618073424528;1.0;0.9999262899013943;0.9999268091663964;1.0;1.0;1.0018997461672876;0.9998592177949622;0.9999526390167786;0.9999794696585647;1.000270165169528;1.024999976158142;
2016-06-13 07:30:00;0.9999750943686937;1.0;1.0;0.9999875260522652;0.9998824445123087;1.0;1.0020574635382327;0.9999917111072945;0.9999064822508203;1.0;1.0;1.0;1.0005005736094434;0.9999913715785962;0.9999935393306956;1.0;0.9999978643683939;0.9998819069807912;1.0006923837815591;0.9999570823664438;0.999966085037942;0.9999942343847774;0.9999983881031536;1.001950837858463;1.0021007630326586;0.9999578074250988;0.9999952572620578;0.9999981921601994;1.0009351237602175;1.0005651154778554;1.000189881442235;1.0000560004111292;0.9998873870394547;1.0;0.9999369482694759;0.9999182834727847;1.0;1.0;1.0019086175390364;0.9998851983897002;0.9999611416110409;0.9999827116593478;1.0002726552530972;1.024999976158142;
2016-06-13 07:45:00;0.999977393568847;1.0;1.0;0.9999880523223482;0.9999076652698334;1.0;1.0020792316675493;0.9999937928064323;0.9999268645998559;1.0;1.0;1.0;1.0005064473188046;0.9999927576562379;0.9999940322143281;1.0;0.9999977537458626;0.9999072793870426;1.000699815464737;0.9999650396546436;0.9999700835278821;0.9999968618566495;0.9999983171953687;1.0019712935583776;1.0021231343344696;0.999963034443114;0.9999973155756731;0.9999984827571023;1.0008704101277732;1.0004996300084568;1.0001306368481222;1.0000198790744503;0.9999108775525855;1.0;0.9999325704625882;0.9998887223338848;0.9999999999999999;1.0;1.0019288532844017;0.9999092335361602;0.9999659345884081;0.99998641791904;1.0002759996618555;1.024999976158142;
2016-06-13 08:00:00;0.9999820795233006;1.0;1.0;0.9999903439044964;0.9999293098411353;1.0;1.0020483063178862;0.9999950338519403;0.9999435787585053;0.9999999999999999;1.0;0.9999999999999999;1.0004996147470524;0.999994747073745;0.9999960047291634;1.0;0.9999980615117575;0.9999289239499913;1.0006893816045679;0.9999723884513873;0.9999757947528004;0.9999970063954845;0.999998544055391;1.001942138472583;1.0020914349871262;0.9999700784904942;0.9999974197290032;0.9999989022974395;1.0008373167960565;1.0004711778116773;1.000114518597536;1.0000135472617133;0.9999320981055434;0.9999999999999999;0.9999284632039024;0.9998911779435298;0.9999999999999999;1.0;1.001900309168447;0.9999308194102744;0.9999723700506629;0.9999891540659887;1.0002727222296455;1.024999976158142;
2016-06-13 08:15:00;0.999980977923697;1.0;1.0;0.9999900251566953;0.9999274674813627;0.9999999999999999;1.0021478804292259;0.9999954120219707;0.9999427947934921;1.0;1.0;0.9999999999999999;1.0005233982716482;0.999994849405205;0.9999958774518476;0.9999999999999999;0.9999981412251997;0.9999268088797169;1.0007224983555993;0.9999717463443744;0.9999738539209295;0.9999968929543052;0.9999985836905616;1.0020366401364078;1.0021930658628242;0.9999688228238862;0.9999970352831703;0.9999989232227237;1.0007871213442276;1.0003743303029813;1.0000409501765388;0.9999652432033361;0.9999306190723234;1.0;0.9998751926081596;0.999845034319948;1.0;0.9999999999999999;1.0019926505240093;0.9999292230307476;0.9999705716972168;0.9999890777005659;1.0002857135099599;1.024999976158142;
2016-06-13 08:30:00;0.9999813218362956;1.0;1.0;0.9999906922633025;0.9999193198298681;1.0;1.0021853008477015;0.999995032679284;0.9999368031693378;1.0;1.0;1.0;1.000532557213608;0.9999939417296309;0.9999948340129589;1.0;0.9999985108425373;0.9999187822785267;1.0007350730292879;0.9999705254678808;0.9999748127270025;0.9999969681562755;0.9999988646272232;1.0020724456207482;1.0022309846703286;0.9999697942362097;0.9999972237540359;0.999998736077151;1.0008046265677895;1.0003884912605305;1.000044664657781;0.9999659081755283;0.9999224869249237;0.9999999999999999;0.9998801130876155;0.9998426677557298;1.0;1.0;1.002027163657166;0.999920955908457;0.999971639011716;0.999988570015916;1.000290488714453;1.024999976158142;
2016-06-13 08:45:00;0.9999754603502639;1.0;1.0;0.9999863795120156;0.9999135566263188;1.0;1.0022539397295611;0.999993939043824;0.9999307903316583;1.0;1.0;1.0;1.0005489477174256;0.9999938211252877;0.9999954765135385;0.9999999999999999;0.9999970926227626;0.9999128797185343;1.0007582059814473;0.9999644234090725;0.9999664257163148;0.9999961723354991;0.9999978094635043;1.0021365223501866;1.002301907934826;0.9999590272517206;0.9999964966205764;0.9999987014711071;1.0008183344605432;1.0003776823484836;1.0000192816079843;0.9999330119717263;0.9999172052042279;1.0;0.9998701109306067;0.9997781858181997;1.0;0.9999999999999999;1.002091135226188;0.9999156202509345;0.9999618434130714;0.9999861652443528;1.0002996069667036;1.024999976158142;
2016-06-13 09:00:00;0.9999732771607339;1.0;1.0;0.9999853360183524;0.9999003906419055;0.9999999999999999;1.0023183284605348;0.9999929023427965;0.9999202097014742;1.0;1.0;0.9999999999999999;1.0005645377736683;0.9999927761783134;0.9999947224881316;1.0;0.9999969311136513;0.9998997336500288;1.0007798396178424;0.99995991548382;0.9999635753660064;0.9999955244979875;0.9999976918070164;1.0021975581908;1.0023676610548844;0.9999551765157643;0.9999960527010672;0.9999984804064748;1.0008237516292473;1.0003558268599444;1.0000128564649686;0.999935972779121;0.9999045173215186;0.9999999999999999;0.9998376873486382;0.9997964308379573;1.0;1.0;1.0021507848739961;0.999902704517915;0.9999584665116122;0.9999842791428156;1.0003079730763926;1.024999976158142;
2016-06-13 09:15:00;0.999982460718588;1.0;1.0;0.9999905910929813;0.9999278937171311;1.0;1.0023049894422198;0.9999947922236166;0.9999423089012243;1.0;1.0;1.0;1.0005627175138683;0.9999945934165155;0.9999959601361519;1.0;0.9999981183134745;0.999927578293627;1.0007754946193097;0.9999721636963277;0.9999763862961427;0.9999968457825205;0.9999985908652932;1.002185737054156;1.0023533316598974;0.9999704869169074;0.9999973824089516;0.9999988686714896;1.0008268696664144;1.0003679113887913;1.0000213495283068;0.9999427726290879;0.9999307092152874;1.0;0.9998481207241219;0.9998058108963411;0.9999999999999999;1.0;1.0021382994503065;0.9999294173352432;0.9999729209754072;0.9999889651791088;1.0003072806247684;1.024999976158142;
2016-06-13 09:30:00;0.9999802151990642;1.0;0.9999999999999999;0.9999905373175716;0.9999082730303611;1.0;1.0023808305422566;0.9999943796121379;0.9999282949442053;1.0;1.0;0.9999999999999999;1.0005800928931803;0.9999932091232963;0.9999942514456648;1.0;0.999998665099223;0.9999076466802875;1.0008005467095644;0.9999673879560115;0.9999731057874025;0.999996200117014;0.9999989721031136;1.0022581000416735;1.0024304185249266;0.9999679015298013;0.999996572545837;0.9999985799644184;1.0007686560789322;1.000276108483617;0.9999550439440488;0.9999056278330514;0.9999120667184934;1.0;0.9998046025243882;0.9997836903407238;1.0;1.0;1.0022084113475902;0.9999102878729016;0.9999697555231348;0.9999872219064838;1.0003163841477147;1.024999976158142;
2016-06-13 09:45:00;0.9999850402793955;1.0;1.0;0.9999927636484403;0.9999275697531143;1.0;1.002374635941107;0.9999949570173222;0.9999424065873047;0.9999999999999999;1.0;0.9999999999999999;1.0005795832306772;0.9999951504203393;0.9999966406635594;1.0;0.9999988431939847;0.9999270245891442;1.0007984980332798;0.9999735802519913;0.9999788035442705;0.9999955984777676;0.9999991090733208;1.002252348763215;1.0024239947964984;0.9999742038854103;0.9999962302049842;0.9999989881021165;1.0007031603799768;1.0002073478156972;0.999904066882314;0.9998769514850702;0.9999312081122387;1.0;0.9997912367287932;0.9997659667370586;1.0;1.0;1.0022028475855909;0.9999297717710621;0.9999758506914986;0.9999892186435557;1.0003166661639806;1.024999976158142;
2016-06-13 10:00:00;0.9999891699519332;1.0;1.0;0.999994598087418;0.9999534296285778;1.0;1.0024009348002918;0.9999967933517937;0.9999628702580029;1.0;1.0;1.0;1.0005867849181416;0.9999972797476431;0.9999983874526732;1.0;0.9999990406771383;0.9999528538065883;1.0008071956174271;0.9999820348002708;0.99998405818792;0.9999966088454989;0.9999992524918654;1.0022774028449932;1.002450785575031;0.9999811249187046;0.999996923001892;0.999999433684565;1.0006973457212507;1.0002027478301392;0.9998799842189626;0.9998494751777984;0.9999562228173465;1.0;0.9998066137712205;0.9997162692786837;1.0;1.0;1.0022273417873118;0.99995524109242;0.9999819841399896;0.9999926795273868;1.0003210374520644;1.024999976158142;
2016-06-13 10:15:00;0.9999873799319599;1.0;1.0;0.9999930957996938;0.9999520979115711;1.0;1.002350231014196;0.9999962722109084;0.9999610440026809;1.0;1.0;1.0;1.000574597285347;0.999997200737485;0.9999986577831645;1.0;0.9999984802406967;0.9999515710829495;1.0007903829964444;0.9999800426805704;0.999981652907385;0.999996393267449;0.9999988428237307;1.0022289391167853;1.0023993446953912;0.9999775866880023;0.9999968223516407;0.9999994148107091;1.0007054715774109;1.0002285346337314;0.9999123930641619;0.9998809492841055;0.9999549167382764;1.0;0.9998147122164652;0.9997662035714077;1.0;0.9999999999999999;1.002180442198839;0.9999539617074227;0.9999790053821082;0.9999918414851755;1.0003144378151914;1.024999976158142;
2016-06-13 10:30:00;0.9999891317175583;1.0;1.0;0.9999943760816181;0.9999533687554921;1.0;1.002363142318329;0.9999963735255576;0.9999621422101753;1.0;1.0;1.0;1.000577802406687;0.9999975144323069;0.9999990363840715;0.9999999999999999;0.99999885722044;0.9999527913697721;1.0007946137053139;0.9999813194700813;0.9999836167965807;0.9999958954779619;0.999999117154372;1.0022414638872041;1.002412298000396;0.9999801579296523;0.9999964081872872;0.9999994811710542;1.0007126612015056;1.000199992564203;0.9999104746473817;0.999878344152508;0.9999564556748339;1.0;0.999767255430135;0.9997614586528529;1.0;1.0;1.0021923995952586;0.9999554732219298;0.999981256317178;0.999992172744198;1.0003162766662677;1.024999976158142;
2016-06-13 10:45:00;0.9999883119290001;1.0;1.0;0.9999944840833161;0.9999390050946716;1.0;1.0023355171135253;0.9999956212194782;0.9999513705042746;0.9999999999999999;1.0;1.0;1.000570684088287;0.999995940615986;0.9999972994164085;1.0;0.9999991604974185;0.9999385992920268;1.000785462016735;0.9999781516743166;0.9999833428156764;0.9999960656687255;0.999999352733353;1.0022154743871445;1.0023838712529871;0.9999794785463567;0.9999967210408257;0.9999991545880267;1.0007433976874487;1.0002616520199898;0.9999445651555746;0.9998980081154198;0.9999421226656553;1.0;0.9998112300365227;0.9997747300427066;1.0;1.0;1.0021665612320871;0.9999409141651174;0.9999809062075565;0.9999909497760922;1.000311958326249;1.024999976158142;
2016-06-13 11:00:00;0.999980884595546;1.0;1.0;0.9999913949293914;0.999903806946028;1.0;1.002339503289446;0.9999941187512854;0.9999248506998607;1.0;0.9999999999999999;1.0;1.0005698597741959;0.9999933477954542;0.9999946365470938;1.0;0.999999002983567;0.9999029890903599;1.000786431629027;0.9999665458354066;0.9999731665510418;0.9999949980668907;0.9999992077331737;1.0022192024399184;1.0023880227481061;0.9999684147185837;0.9999954953871766;0.9999986123387207;1.000754435806439;1.000268773404879;0.9999544268145697;0.9999060524828678;0.9999084105015358;1.0;0.9998054047943552;0.9997854176142633;1.0;0.9999999999999999;1.0021700654605434;0.9999064538312209;0.9999699015443346;0.999986638037764;1.000310873626929;1.024999976158142;
2016-06-13 11:15:00;0.9999852149706397;0.9999999999999999;1.0;0.9999930958075666;0.9999230407896164;0.9999999999999999;1.0023827782407642;0.9999948269660298;0.9999392618498981;1.0;1.0;0.9999999999999999;1.0005815781014422;0.999994368904451;0.9999956005455882;1.0;0.9999990570730951;0.9999226656409167;1.0008013385191117;0.9999731761013555;0.9999797950874915;0.9999961993334299;0.9999992786470077;1.002260224523911;1.0024321464487658;0.9999751461503796;0.9999968511012401;0.9999988260562427;1.000759255064568;1.0002531241813093;0.9999304364101117;0.9998761072669442;0.9999263460831206;1.0;0.9997954960595326;0.9997285841567526;0.9999999999999999;1.0;1.002210245180035;0.9999248724708734;0.9999769580553689;0.9999891554184166;1.000317514283892;1.024999976158142;
2016-06-13 11:30:00;0.9999868896237852;1.0;1.0;0.9999937148492782;0.9999251806028986;1.0;1.0023657647675097;0.99999413328056;0.9999397704804479;1.0;1.0;1.0;1.000578225635712;0.9999946376933049;0.9999964976124804;1.0;0.9999989735252098;0.9999250184372165;1.000795908412485;0.999973613399411;0.9999818995533896;0.9999953894727235;0.9999992319979366;1.002244094595803;1.0024147565596793;0.999976427923618;0.999996505101371;0.9999988805701698;1.000724539927647;1.000208957376136;0.9999156464002784;0.999877720446816;0.9999285734106038;1.0;0.9997668349191363;0.9997523913751676;1.0;0.9999999999999999;1.0021945537465444;0.9999271876951389;0.9999787948075001;0.9999888809641952;1.0003158976201796;1.024999976158142;
2016-06-13 11:45:00;0.9999872783334794;1.0;1.0;0.9999938120006931;0.9999298482902893;1.0;1.0023168997219274;0.999994469044778;0.9999434056783352;1.0;1.0;1.0;1.0005662155310506;0.9999951250610241;0.9999969589076888;1.0;0.9999989387079611;0.9999296248047493;1.0007794734524065;0.9999748438015994;0.9999821970695084;0.9999954364680268;0.999999202034053;1.0021976756518207;1.002364940796837;0.9999769996035428;0.9999964708869415;0.9999989830728028;1.0006892734969692;1.0001895407816288;0.999910865748302;0.9998859368546444;0.9999331967485675;0.9999999999999999;0.999769592354714;0.9997828062262426;1.0;1.0;1.0021493046235586;0.9999318811706555;0.9999791900519237;0.9999893914122819;1.0003094220955855;1.024999976158142;
2016-06-13 12:00:00;0.9999850711239713;1.0;1.0;0.9999930945179579;0.9999166010356251;1.0;1.0023209989441515;0.9999939466197151;0.9999335469646736;1.0;1.0;1.0;1.0005663577685153;0.9999941096135898;0.9999958676169763;1.0;0.9999990271546128;0.9999162457966597;1.0007807322590374;0.9999709308288245;0.9999792187817284;0.9999950652488866;0.9999992579897937;1.0022015951200747;1.0023690866084438;0.9999738748743484;0.999996057471148;0.999998770552565;1.0006114575358167;1.0000927685279428;0.9998461804997616;0.9998493867702533;0.9999204831288531;1.0;0.9997326045301912;0.9997591746461524;1.0;1.0;1.0021530274494281;0.9999188819668852;0.9999760211170834;0.9999879285211791;1.0003092222293446;1.024999976158142;
2016-06-13 12:15:00;0.9999827001124627;1.0;1.0;0.9999920039375423;0.9999176509685366;1.0;1.0023390416469478;0.9999947595543809;0.9999352060181621;1.0;1.0;1.0;1.0005698529834521;0.999994889465125;0.999996408349394;1.0;0.9999989063835036;0.9999167029088771;1.000786251702019;0.999970141878666;0.9999747477566377;0.999994595658277;0.9999991273991659;1.0022186145235614;1.0023876828580442;0.9999705478781675;0.9999950614169467;0.9999989311838412;1.0006153792500507;1.000085800322654;0.9998441302659471;0.9998480986555026;0.9999223075668731;1.0;0.9997202373181808;0.9997581551801186;1.0;0.9999999999999999;1.0021698847472078;0.999920557934313;0.9999716725413111;0.999987907183468;1.000311266879835;1.024999976158142;
2016-06-13 12:30:00;0.9999782468899504;1.0;0.9999999999999999;0.9999901070624517;0.9998526896650458;1.0;1.0023847103565575;0.9999870427331066;0.9998792882275748;1.0;1.0;1.0;1.0005817422543704;0.9999909109059977;0.9999962685562607;1.0;0.9999983364580457;0.9998521950932355;1.0008021645838345;0.9999478960693554;0.9999672961983433;0.9999868479845797;0.9999987391006274;1.0022619780583828;1.002434174816809;0.9999562152014133;0.9999899922645679;0.9999980954485597;1.000574367558099;1.000051641884799;0.9997928067809737;0.9998100480866974;0.9998613055356846;1.0;0.9997383868106716;0.9997123806221125;1.0;1.0;1.0022122451432727;0.9998584333342466;0.9999608674626617;0.9999767710443012;1.0003177356866872;1.024999976158142;
2016-06-13 12:45:00;0.9999664197962035;1.0;1.0;0.9999850980355096;0.9997737264988816;1.0;1.0024352219207524;0.9999806173355573;0.9998153714577273;1.0;1.0;1.0;1.0005923492620572;0.9999861738995024;0.9999941083207767;1.0;0.9999977061741555;0.9997727494962156;1.000818913751338;0.9999204163286909;0.9999492132172403;0.999979856641519;0.99999824067618;1.00230983340503;1.002485832916936;0.9999331664238195;0.9999844271285028;0.9999970824234002;1.000700836520166;1.0001739499937152;0.9998833610217567;0.9998631187335218;0.9997871714960764;1.0;0.999755236134753;0.999751246745631;1.0;1.0;1.0022590390821977;0.9997826809931205;0.9999396775998319;0.9999646560997062;1.0003230298068213;1.024999976158142;
2016-06-13 13:00:00;0.9999641129976159;0.9999999999999999;1.0;0.9999836755071676;0.9997755696557297;1.0;1.0025038904925492;0.9999820634329941;0.999818935187301;0.9999999999999999;1.0;1.0;1.0006088416167394;0.9999845657814681;0.9999907296133015;1.0;0.9999976195654304;0.9997749648566677;1.000842222030059;0.9999221431054456;0.9999491028055524;0.9999843047162829;0.9999982029346878;1.0023747920489696;1.0025560087635232;0.9999334984339852;0.9999880393786243;0.9999967440446882;1.0007878636471552;1.0002380677753941;0.9999470189536624;0.9999113868897318;0.9997866984374794;0.9999999999999999;0.9997364981741101;0.9998123872828684;1.0;1.0;1.0023223589981625;0.9997824314247739;0.9999401186517899;0.9999665537545822;1.0003312843935483;1.024999976158142;
2016-06-13 13:15:00;0.9999816195093868;1.0;1.0;0.9999914527338242;0.9998977578494022;1.0;1.0024513148745566;0.9999926514460737;0.999918692818232;1.0;1.0;1.0;1.0005981710320986;0.9999925019423997;0.999994483672517;0.9999999999999999;0.9999988036048505;0.9998974240877636;1.0008244251920075;0.9999645833927527;0.9999748883062953;0.9999945039790681;0.9999990947145766;1.0023252169410108;1.0025021166986376;0.9999682674468411;0.9999956774520042;0.9999984327033503;1.00073845307304;1.000200097421519;0.9999193058261185;0.999894282759325;0.9999021764491681;1.0;0.9997409215552542;0.9997987955922871;1.0;1.0;1.0022737141433133;0.9999002522653366;0.9999710150215796;0.999985399004069;1.0003263501316186;1.024999976158142;
2016-06-13 13:30:00;0.9999746897784833;1.0;1.0;0.9999884632603626;0.999829086666958;0.9999999999999999;1.0024031644282698;0.999985178655949;0.9998603815196405;1.0;1.0;1.0;1.000586363218264;0.999988894308788;0.9999947127273623;0.9999999999999999;0.9999981166083906;0.9998287023781073;1.0008085427923126;0.9999401309518997;0.9999629089207096;0.9999858875617288;0.9999985847795866;1.002279533818392;1.0024529872922787;0.9999500373161584;0.9999894235854685;0.9999976661941998;1.0007684627053892;1.0002567386706869;0.9999604754628211;0.9999214066010785;0.9998384046013844;1.0;0.9997704893292267;0.9998232733310254;1.0;1.0;1.0022292048156847;0.9998351416603976;0.9999555985645229;0.9999735195999069;1.0003199371500053;1.024999976158142;
2016-06-13 13:45:00;0.9999844750340731;0.9999999999999999;0.9999999999999999;0.999992846758449;0.9999081525238722;1.0;1.0023710256811997;0.9999931366701984;0.999926649762073;1.0;1.0;1.0;1.000579106982023;0.9999931801847411;0.9999951104197081;1.0;0.9999990063933839;0.9999079903609517;1.0007976624098684;0.999968540524551;0.9999789313699778;0.9999949340211116;0.9999992562252211;1.002249176194371;1.0024200477144125;0.999972739085813;0.999996177382022;0.9999985762807714;1.0006897763302656;1.0001741339479377;0.9999063575139009;0.9998923595186745;0.99991204422493;1.0;0.9997491914386112;0.9998084943266394;1.0;0.9999999999999999;1.0021992829262283;0.9999103455758999;0.9999754351653464;0.9999868696753134;1.0003160585034503;1.024999976158142;
2016-06-13 14:00:00;0.9999808826810663;1.0;0.9999999999999999;0.9999911816821475;0.9999036881528662;1.0;1.002404587146129;0.9999938579208734;0.999924438040098;1.0;1.0;1.0;1.0005860208139745;0.9999930927014856;0.9999944614184787;1.0;0.9999988702381325;0.9999030418942066;1.000808475106045;0.9999663683440453;0.9999735991283534;0.9999952519662847;0.9999991219174036;1.002280844526651;1.0024545007311374;0.999968300604465;0.9999958684363056;0.9999985557443639;1.000705554125101;1.0001832520359204;0.9999043530135351;0.9998848588909435;0.9999080035334985;1.0;0.9997519933194359;0.9997892723063048;0.9999999999999999;1.0;1.0022304245853122;0.9999061053691852;0.999970180726712;0.9999865361029868;1.0003196820180862;1.024999976158142;
2016-06-13 14:15:00;0.9999794593931833;1.0;1.0;0.9999899176274799;0.9998980359279431;1.0;1.0024903203912976;0.9999927020316389;0.9999187713327844;1.0;1.0;0.9999999999999999;1.0006072981835425;0.9999926254122418;0.9999946300437142;0.9999999999999999;0.9999983424556893;0.9998975795883319;1.0008374361476784;0.9999632433629094;0.9999718173043035;0.999994600800973;0.9999987462009238;1.002361828990513;1.002542253105234;0.9999647975128721;0.9999956110113772;0.9999984564065454;1.0006675287343236;1.0001242485331006;0.9998486179406857;0.999849424845213;0.9999024987179201;1.0;0.999735136195672;0.9997588928650866;0.9999999999999999;0.9999999999999999;1.002309991614155;0.9999005805269958;0.999967624781661;0.9999850313844079;1.000331370668412;1.024999976158142;
2016-06-13 14:30:00;0.9999824595870493;1.0;1.0;0.9999913044601997;0.9999139704436806;1.0;1.0024358584494324;0.9999937455936497;0.9999313060657333;0.9999999999999999;1.0;1.0;1.000594589560272;0.9999938628338769;0.9999956609012494;1.0;0.9999985160424801;0.9999135646511956;1.0008192134346119;0.9999686864108004;0.9999757994531053;0.9999952458052426;0.9999988776994155;1.0023102761142253;1.0024865901446771;0.9999697315601436;0.9999961311534439;0.9999987162278465;1.0007065058166367;1.0001948426010243;0.9998923346996678;0.9998714166533814;0.999917837251312;0.9999999999999999;0.9997780912921032;0.9997655861183538;1.0;1.0;1.0022595521762174;0.9999162144731282;0.9999721661762992;0.9999872070067047;1.0003246656554232;1.024999976158142;
2016-06-13 14:45:00;0.9999812307030147;1.0;1.0;0.9999915825502727;0.9998979980359148;1.0;1.002372479710482;0.9999931143300983;0.9999194212777817;1.0;1.0;1.0;1.0005782623208408;0.9999930446520495;0.9999949292039176;1.0;0.9999989696346248;0.9998973012273212;1.0007976164371517;0.9999646039804647;0.9999734247502281;0.9999939152307757;0.9999991916395002;1.0022505249720095;1.0024216278245894;0.9999677668406698;0.9999948509562835;0.9999985486479231;1.0006823306785824;1.0001784026386193;0.999890752695348;0.9998729776430428;0.9999030422478035;1.0;0.9997730241701273;0.9997711701922312;1.0;0.9999999999999999;1.0022006618423394;0.99990099923087;0.9999697697605984;0.9999854665459007;1.0003155431259043;1.024999976158142;
2016-06-13 15:00:00;0.9999810774373681;1.0;1.0;0.9999913304231366;0.9998991374345314;1.0;1.0023013644545926;0.9999929136083686;0.9999198155948772;1.0;1.0;1.0;1.0005604533381298;0.9999934501585969;0.9999956641468177;1.0;0.9999987980748378;0.9998983609928508;1.000773771288542;0.9999642103596619;0.9999726788105543;0.9999932413318628;0.9999990595976053;1.0021828312870105;1.002349204995387;0.9999667701694182;0.999994277885138;0.9999986328240501;1.0006443289174292;1.0001547077554886;0.9998825588480611;0.9998730054299415;0.9999045174396243;1.0;0.9997742219264155;0.9997817645164243;1.0;1.0;1.002134875955487;0.9999024727193417;0.9999688211562986;0.9999851475833617;1.0003059242160963;1.024999976158142;
2016-06-13 15:15:00;0.9999810617239715;1.0;1.0;0.9999909757786323;0.9999026835776993;1.0;1.002209494392817;0.9999933744017184;0.9999230948737079;1.0;0.9999999999999999;1.0;1.000538068576643;0.9999926460349966;0.9999941627475951;1.0;0.9999986907391688;0.9999023299073596;1.000743374957946;0.9999659717288643;0.9999745381559605;0.9999955929500187;0.9999990101247977;1.0020954800357718;1.0022555145482563;0.9999683142788763;0.999996438702784;0.999998465622225;1.0006034447754448;1.0001418288672574;0.999875122486984;0.9998704608709109;0.9999065605426849;1.0;0.9997919277181191;0.9997821267978811;1.0;1.0;1.002049543406454;0.9999047473511269;0.9999708643903962;0.9999862974318432;1.0002933016409854;1.024999976158142;
2016-06-13 15:30:00;0.999977817586822;1.0;1.0;0.9999896444510251;0.9998781741957867;1.0;1.002227896673097;0.9999915724442947;0.9999036683018286;1.0;1.0;1.0;1.0005420922671242;0.9999904865765032;0.9999923490307823;1.0;0.9999986099468482;0.9998779507217961;1.000749716497491;0.9999583920397317;0.999970707159842;0.9999947767382936;0.9999989596997061;1.0021129386268952;1.0022742518000212;0.9999628668441051;0.9999959959852471;0.9999980121269607;1.0006387079575925;1.000155569484046;0.9998987073866848;0.9998855015494093;0.9998826962101383;1.0;0.9997667763578003;0.9997959927507114;0.9999999999999999;1.0;1.002066450357596;0.9998804759006801;0.9999662647445;0.999983150538955;1.0002950697692004;1.024999976158142;
2016-06-13 15:45:00;0.9999790189570047;1.0;0.9999999999999999;0.9999902394987012;0.9998856477409404;1.0;1.0022302773462186;0.9999922322072798;0.9999098008688305;1.0;1.0;1.0;1.0005427308975385;0.9999910026700328;0.9999926161863507;0.9999999999999999;0.9999987253965743;0.9998854242652793;1.0007505127835985;0.9999610686632704;0.9999723952339126;0.9999953259165242;0.9999990447987844;1.0021152318285071;1.0022766496274589;0.9999651923168672;0.9999963909691468;0.9999981198573352;1.00058500794718;1.0001071439531117;0.9998557394310921;0.9998610055621461;0.9998898117492045;1.0;0.9997678848911488;0.9997795013216235;0.9999999999999999;1.0;1.0020686797524296;0.9998877248083959;0.9999682985135233;0.9999843185008767;1.0002954781938556;1.024999976158142;
2016-06-13 16:00:00;0.9999814785041948;1.0;1.0;0.9999914551140623;0.9998989880512862;1.0;1.002224048120886;0.9999929802111883;0.9999199959673437;1.0;0.9999999999999999;1.0;1.0005415376312323;0.9999926421664009;0.9999944456570393;0.9999999999999999;0.9999988560551211;0.9998985639216061;1.0007482206318379;0.9999650459590363;0.9999746058041996;0.9999946856703221;0.9999991270395355;1.0021094240835782;1.002270257602707;0.999968390468793;0.9999957078295193;0.9999984633096537;1.0006494096323857;1.000175447739113;0.9999027423504704;0.9998813767345365;0.9999034020319106;1.0;0.9997856737727573;0.9997785464191631;0.9999999999999999;1.0;1.002063069324003;0.9999014743766328;0.9999708769709046;0.9999856964723965;1.0002952595234655;1.024999976158142;
2016-06-13 16:15:00;0.9999858809822396;1.0;0.9999999999999999;0.9999933521020038;0.999927647269083;1.0;1.0020875007193253;0.9999946720327244;0.9999420003248599;1.0;1.0;1.0;1.0005090024670444;0.9999957343089307;0.9999976938535498;1.0;0.9999989400777796;0.9999269396760126;1.0007021744953244;0.9999733996696174;0.9999789321089007;0.9999942574830321;0.9999991690985932;1.0019799736799746;1.0021309223582564;0.999974457138215;0.9999950853537166;0.9999991098915538;1.0006567267384956;1.000222988866864;0.9999473115766286;0.9999105797076743;0.9999320287436881;0.9999999999999999;0.9998187710785218;0.9998048610645023;1.0;1.0;1.0019367491536237;0.9999305168606111;0.9999759105714786;0.9999888070703844;1.0002782296457269;1.024999976158142;
2016-06-13 16:30:00;0.9999887579043973;1.0;1.0;0.9999944673629383;0.9999436065266891;1.0;1.0020709106651342;0.9999953930248636;0.9999540215037245;1.0;0.9999999999999999;1.0;1.0005056450065448;0.9999970645316019;0.9999990968150015;1.0;0.9999989377126116;0.999942989326515;1.0006967039950303;0.9999782998140042;0.9999826130342953;0.9999945382542023;0.9999991736946066;1.001964212331827;1.0021140099321981;0.9999785940511078;0.9999953877514509;0.9999993876273989;1.0005884936573624;1.0001355360941309;0.9998942128441987;0.9998797353681065;0.9999474934601961;1.0;0.9997792248321452;0.9997825631426619;0.9999999999999999;1.0;1.0019214910661405;0.9999462952788339;0.9999799151392191;0.9999906292935701;1.0002767252798197;1.024999976158142;
2016-06-13 16:45:00;0.9999879711451983;1.0;1.0;0.999993709871314;0.9999484335094577;1.0;1.0020276273836173;0.9999959247729889;0.9999580770539689;1.0;1.0;0.9999999999999999;1.0004948241108822;0.9999971438148405;0.9999988264096236;1.0;0.9999986936084792;0.9999478561265871;1.0006822676889184;0.9999793328006984;0.9999820532674125;0.9999956046063593;0.9999989965552692;1.0019228792465136;1.0020700358628196;0.9999780689533889;0.9999961989383519;0.9999994031652453;1.0005754634904978;1.0001442855188754;0.9999052831409735;0.9998958167379225;0.9999517218756674;1.0;0.9997955794163157;0.9998159532735006;1.0;1.0;1.001881385975883;0.9999506569037141;0.9999794074954744;0.999991346211211;1.0002707237542356;1.024999976158142;
2016-06-13 17:00:00;0.9999842691098971;1.0;0.9999999999999999;0.9999919974762415;0.9999295238531469;1.0;1.002017248058789;0.9999949328545317;0.9999436531247211;1.0;1.0;1.0;1.00049155156876;0.9999952594344391;0.9999968190379132;1.0;0.9999985350917711;0.9999290077720536;1.0006788511822824;0.9999733661218357;0.9999778538218063;0.9999957817124097;0.9999988840078642;1.001912911765475;1.0020595063661657;0.9999728247197718;0.999996394304178;0.9999990093925921;1.000594470890096;1.0001574406007143;0.9999178564588163;0.9998984971921907;0.999932997852106;1.0;0.9997905320498776;0.9998069144814162;1.0;1.0;1.0018715940249636;0.9999316297199893;0.9999746923464136;0.9999891825143022;1.0002684493065925;1.024999976158142;
2016-06-13 17:15:00;0.9999839206823327;1.0;1.0;0.9999918088770815;0.9999223215079012;1.0;1.001978057728807;0.9999938068169582;0.9999369791805319;1.0;1.0;1.0;1.0004820378917512;0.9999951417428826;0.99999746804227;1.0;0.9999984010536497;0.999921787082359;1.0006657059234672;0.999970440101272;0.9999766773774731;0.9999941448534727;0.999998783921017;1.0018756903065025;1.0020195403485068;0.9999706913084012;0.999995196663823;0.9999989855102275;1.0005500013469313;1.0001100553302775;0.9998937608627432;0.9998875506520815;0.9999266303123199;1.0;0.9997719741510115;0.9998057130186412;1.0;1.0;1.0018353304547016;0.9999251104398156;0.999972981801918;0.9999875612167751;1.000263383287503;1.024999976158142;
2016-06-13 17:30:00;0.9999864292188294;1.0;1.0;0.9999932155132579;0.999927729241159;1.0;1.0019775571692815;0.9999941662245465;0.9999414433215273;1.0;1.0;1.0;1.0004823720887706;0.9999950321422241;0.9999970448490195;0.9999999999999999;0.9999987414373195;0.9999274965797738;1.0006657809113737;0.999973583162195;0.9999809530421331;0.9999951654850312;0.9999990559810275;1.0018754252386342;1.0020188035892053;0.9999753022888173;0.9999962658109682;0.9999989638583114;1.000554536046114;1.0001269906323456;0.9999016984086772;0.9998951461435905;0.9999312258965055;1.0;0.9997887493003998;0.9998181879440438;1.0;0.9999999999999999;1.0018347552257765;0.9999298797163477;0.9999776926136507;0.9999888438287317;1.000263464761407;1.024999976158142;
2016-06-13 17:45:00;0.9999882230102322;1.0;1.0;0.9999938185042194;0.9999448768938324;1.0;1.0019479797880468;0.9999952856736986;0.9999547176257325;1.0;1.0;1.0;1.00047548621375;0.9999968934668341;0.9999989281884786;1.0;0.9999986634377831;0.9999444129245003;1.0006556629356784;0.99997817803466;0.9999823818185776;0.9999950448642037;0.9999989822686227;1.0018473111201154;1.0019887281767152;0.9999777675239978;0.9999959222882001;0.9999993516994531;1.0005528626146611;1.0001252546945498;0.999905449101015;0.9998955905335329;0.9999483500413803;1.0;0.9997844899729984;0.9998140969839934;0.9999999999999999;1.0;1.0018075302227;0.9999472462395954;0.9999794897458099;0.9999906488157421;1.0002601498826256;1.024999976158142;
2016-06-13 18:00:00;0.9999885728763819;1.0;1.0;0.9999939829799532;0.9999462952020045;1.0;1.0019426532152564;0.9999954335650393;0.9999559648648187;0.9999999999999999;1.0;1.0;1.0004742037244814;0.9999968090615304;0.9999986991312544;1.0;0.9999987073385735;0.9999459108681042;1.000653965541326;0.9999789114960317;0.9999831831789382;0.9999954809607818;0.9999990202119333;1.0018422589355365;1.0019832714732442;0.9999786348908257;0.9999963243629149;0.9999993334310512;1.0004823191633656;1.000050889847677;0.9998538920065995;0.9998703423741601;0.9999494797829133;1.0;0.9997660101439108;0.999806702206066;1.0;1.0;1.0018025699140702;0.9999484278425002;0.9999803935537241;0.9999910097068747;1.0002593892483211;1.024999976158142;
2016-06-13 18:15:00;0.9999850914562611;1.0;1.0;0.9999917761000007;0.999942521056864;1.0;1.0019403736693804;0.9999954966110637;0.9999532983555303;1.0;1.0;1.0;1.000473113536331;0.9999963034861948;0.9999979260929426;0.9999999999999999;0.9999981843515346;0.9999420539611508;1.0006531852035216;0.9999763849649757;0.999978885178727;0.9999962346981851;0.9999986289081682;1.0018396785698338;1.0019812974033386;0.9999737998560858;0.9999967745764375;0.9999992255245779;1.0005985062147031;1.0001530020560234;0.9999440700199054;0.9999196566985593;0.9999454961767922;1.0;0.9997613028144573;0.9998347359145802;0.9999999999999999;1.0;1.0018004747731868;0.9999444059046355;0.9999757345837257;0.9999904066350249;1.000258610327906;1.024999976158142;
2016-06-13 18:30:00;0.9999800657353094;1.0;1.0;0.9999890713230793;0.9999147294335257;1.0;1.0019970556324882;0.9999928133495541;0.9999301058529579;1.0;1.0;1.0;1.0004865122774407;0.9999945191993267;0.9999972994164085;1.0;0.9999975436248518;0.9999142332673466;1.000672260434046;0.9999657156071741;0.9999716154520029;0.9999938258766196;0.9999981545820582;1.0018931035699419;1.0020394208730696;0.9999637929873423;0.9999950096692406;0.9999988501950399;1.000686634113574;1.0002399653978995;0.9999939275263677;0.9999404180543526;0.9999192095550579;1.0;0.9997858381117808;0.9998315463019221;1.0;0.9999999999999999;1.0018530737368776;0.9999176207535371;0.9999669552295073;0.9999856962366229;1.00026579090649;1.024999976158142;
2016-06-13 18:45:00;0.9999698736565295;1.0;0.9999999999999999;0.9999811686509443;0.9999251671028081;1.0;1.0019923254408678;0.9999934993387913;0.9999374814550387;1.0;0.9999999999999999;1.0;1.0004844312294299;0.9999952302618661;0.9999978847448795;1.0;0.9999949973334713;0.9999243384941062;1.0006707249094522;0.9999616402904989;0.9999580421377673;0.9999957359861892;0.99999625434034;1.0018866194439937;1.002036296742545;0.9999479755182897;0.9999960144456459;0.9999989784421107;1.0006760700610904;1.0002268577967248;0.9999904135133485;0.9999429945292372;0.9999287994497471;0.9999999999999999;0.9997763669035907;0.9998433060588933;1.0;0.9999999999999999;1.0018491950517903;0.9999275205628337;0.9999518848646952;0.9999851063162213;1.0002647904108906;1.024999976158142;
2016-06-13 19:00:00;0.9999730403073765;1.0;1.0;0.9999835775862291;0.9999230575972601;1.0;1.001962291830444;0.9999932098908242;0.9999358122949382;1.0;1.0;1.0;1.0004774172336026;0.9999954035591966;0.9999983461162292;1.0;0.9999957288002772;0.9999222166865739;1.0006606365111046;0.9999627794141378;0.9999616980221129;0.9999945202491259;0.9999967926572456;1.0018587320244086;1.0020051565098886;0.9999523483674113;0.9999951263192038;0.9999990122452533;1.0006395983942873;1.0002119867556496;0.9999756286513237;0.9999400590466436;0.9999273121300564;1.0;0.9997940531944741;0.9998535761159126;0.9999999999999999;1.0;1.0018212960230974;0.9999259173504527;0.9999559182621377;0.9999851111571055;1.0002610614305982;1.024999976158142;
2016-06-13 19:15:00;0.9999710028393413;1.0;1.0;0.9999822530603343;0.9999073988061916;1.0;1.0019671600978108;0.999991103022034;0.9999218958566256;1.0;1.0;1.0;1.000478848194026;0.999994400912362;0.999998432046076;1.0;0.9999952535755475;0.9999067203106471;1.0006624781895763;0.9999565258757728;0.9999587015873798;0.9999926775337735;0.9999964537487415;1.0018631119595554;1.0020102921904015;0.9999470405923563;0.9999939812778653;0.9999988006378677;1.0006355902066089;1.000202932879757;0.9999680417374628;0.9999329272671179;0.9999125190611388;1.0;0.9997887909492511;0.9998422325180888;1.0;1.0;1.001825861382666;0.9999108934081726;0.9999518043051431;0.9999820711792768;1.000261862299892;1.024999976158142;
2016-06-13 19:30:00;0.9999589305914344;1.0;1.0;0.9999759403353101;0.9998674698981285;1.0;1.0019859891993679;0.9999884456004721;0.9998898676034288;1.0;1.0;1.0;1.0004812661809672;0.9999928877150228;0.9999982155058561;1.0;0.9999939689164445;0.9998657850481498;1.0006680381435518;0.9999389340540288;0.9999397627706444;0.999988584485196;0.9999954362166664;1.0018802143807297;1.0020302921552091;0.9999257250271779;0.9999899197170135;0.9999984644542269;1.0007147874172402;1.0002731750934961;1.0000267551181583;0.9999670732102628;0.9998759717112075;1.0;0.9997884453022178;0.9998667543179249;1.0;1.0;1.0018435747612167;0.9998733751087128;0.9999307290550278;0.9999749543689241;1.000263134187076;1.024999976158142;
2016-06-13 19:45:00;0.9999757222007325;1.0;1.0;0.9999879013357741;0.9998967968354185;1.0;1.0018805607156125;0.9999926879440223;0.9999173072815312;1.0;1.0;0.9999999999999999;1.0004562836544508;0.9999945471249695;0.9999974359530326;1.0;0.9999977945471387;0.9998952850711206;1.0006322484863628;0.9999593803862097;0.999963239224176;0.9999912730807322;0.9999982683225104;1.0017828768845538;1.0019204611884505;0.999956809269766;0.9999920456717536;0.9999988510018555;1.000686264101082;1.0002655857093352;1.0000349366724703;0.9999761746741171;0.9999037326889934;1.0;0.9997954626161301;0.9998829654708412;1.0;1.0;1.001745104178691;0.9999014755561629;0.9999584801209005;0.99998323405011;1.0002492761678121;1.024999976158142;
2016-06-13 20:00:00;0.9999809853801892;0.9999999999999999;1.0;0.9999891974015601;0.9999229550210224;1.0;1.0018443462739852;0.9999931617450079;0.9999362757467637;1.0;1.0;1.0;1.0004495933184343;0.9999950612709527;0.9999978401513666;0.9999999999999999;0.9999974074538271;0.9999225507886355;1.0006211868275752;0.999967956518156;0.9999729894100186;0.99999425606677;0.999998060653002;1.0017481372321901;1.001883648068744;0.9999651709335955;0.9999954211607752;0.9999989588487157;1.0008532458793882;1.0004171867686142;1.000163954399835;1.0000380511617728;0.9999270037977068;1.0;0.9997969169050797;0.999897293188485;1.0;0.9999999999999999;1.0017115283449143;0.9999256030950269;0.9999684078799077;0.9999865967424487;1.0002457106386575;1.024999976158142;
2016-06-13 20:15:00;0.9999586349064703;1.0;1.0;0.9999736352347814;0.9998878503414096;1.0;1.0019539660054448;0.9999888307321885;0.9999045772606702;1.0;1.0;1.0;1.0004747880707598;0.9999925602516204;0.9999975317300981;1.0;0.9999926842522924;0.9998871642750878;1.0006584290841585;0.9999433553597907;0.999942609181807;0.9999926441335334;0.9999945592665022;1.0018487333332629;1.00199835269395;0.9999261589010205;0.9999939488120396;0.9999983739378754;1.0009164862193438;1.0004569597295399;1.0001884161575956;1.0000538379833106;0.9998931534110562;1.0;0.9997869327559631;0.9999122614751228;1.0;1.0;1.001813955379016;0.999891364008705;0.9999331043912899;0.9999772479778712;1.0002594253751553;1.024999976158142;
2016-06-13 20:30:00;0.9999690231373879;1.0;0.9999999999999999;0.9999804445264341;0.9999159488186135;0.9999999999999999;1.0019176447418556;0.9999916361084623;0.9999283231218605;1.0;1.0;0.9999999999999999;1.0004666466784085;0.9999951927880135;0.9999992241051793;0.9999999999999999;0.9999945803601569;0.9999151110413148;1.0006458424246136;0.9999570622297996;0.9999557442648144;0.9999931275816386;0.999995946326508;1.0018156168310155;1.0019602258465086;0.9999438600681951;0.9999941281533364;0.999998954567081;1.000879859507119;1.0004234950932056;1.0001683767442926;1.0000428149591711;0.9999208379934836;1.0;0.9997808461415117;0.9999058712550969;1.0;0.9999999999999999;1.0017801473967503;0.9999193760123832;0.9999485916747552;0.9999825374318784;1.0002553735714883;1.024999976158142;
2016-06-13 20:45:00;0.9999809063995859;1.0;1.0;0.9999899722821887;0.9999166802082325;1.0;1.0018307097073327;0.9999932400532507;0.999931995184173;1.0;1.0;0.9999999999999999;1.0004456410036495;0.9999953686446688;0.9999982187516744;1.0;0.9999978828331856;0.9999158102238386;1.0006160773371084;0.9999665996492931;0.9999714885177329;0.9999927733292783;0.9999983784041446;1.0017356071517147;1.001869475750773;0.9999648411181943;0.9999938375596388;0.9999990276357408;1.0008065116576976;1.0003706549936369;1.0001399787779022;1.0000347225232376;0.9999219776077028;1.0;0.9997819686702608;0.9999192395748715;1.0;1.0;1.0016988628016876;0.9999202758025197;0.9999671519290556;0.9999859265507751;1.0002436376927895;1.024999976158142;
2016-06-13 21:00:00;0.9999611324319417;1.0;0.9999999999999999;0.9999768811333668;0.9998954882254616;1.0;1.001929756335094;0.9999917471514621;0.9999140149071968;1.0;1.0;1.0;1.0004673122403962;0.9999943936099925;0.9999979897694294;1.0;0.9999942410338921;0.9998937189770507;1.0006490284719616;0.9999488137325844;0.9999437317550547;0.9999922630838909;0.9999956308837719;1.0018268636851693;1.0019729223169724;0.9999325353039706;0.99999247190664;0.9999987825223035;1.000861045462042;1.0004064290494274;1.0001528064935352;1.0000361511205462;0.9999020278889199;0.9999999999999999;0.9997813252183554;0.999906515684296;1.0;1.0;1.0017913852951077;0.9998999506819983;0.9999361691138933;0.9999798981290793;1.000255443446077;1.024999976158142;
2016-06-13 21:15:00;0.9999643052243377;1.0;1.0;0.9999791128821248;0.9999002909678879;1.0;1.0019396190085734;0.9999924220202727;0.9999185215634039;0.9999999999999999;1.0;0.9999999999999999;1.0004699114256017;0.9999946011564282;0.9999977765378797;0.9999999999999999;0.9999949424362631;0.9998986013474518;1.000652328876126;0.9999524460613725;0.9999482696352489;0.9999927617622992;0.9999961534955129;1.0018367071811707;1.001982570970819;0.9999383344380331;0.9999929189433581;0.9999988329559159;1.0008435832987588;1.0003757406673375;1.000140273248056;1.0000338965210305;0.9999065037330067;1.0;0.9997581827442333;0.9999167081539376;1.0;1.0;1.0018004042889486;0.9999044910673421;0.9999414578803936;0.9999813406468059;1.0002568150148954;1.024999976158142;
2016-06-13 21:30:00;0.9999816464507698;1.0;0.9999999999999999;0.9999902051098031;0.9999288786762336;1.0;1.0018130585967933;0.9999945567648633;0.9999422739903854;1.0;0.9999999999999999;1.0;1.000441239760652;0.9999962187778476;0.9999984924024246;0.9999999999999999;0.9999979157130559;0.9999279075709182;1.0006100503375686;0.999970484534172;0.9999725858213364;0.999993960832861;0.9999983955499138;1.001718812823774;1.0018515227106801;0.9999670652095375;0.999994579423671;0.9999992050598039;1.000791487675842;1.0003572550310054;1.000139640228209;1.0000421461249631;0.9999335575064271;1.0;0.9997745366553125;0.9999420108017233;1.0;1.0;1.0016825297898104;0.9999320626154675;0.9999687756773379;0.9999878297867777;1.0002412942154328;1.024999976158142;
2016-06-13 21:45:00;0.9999807603474195;0.9999999999999999;0.9999999999999999;0.9999903995340803;0.9999250218442817;1.0;1.001788804498742;0.9999951728109727;0.9999404995489324;1.0;0.9999999999999999;1.0;1.0004344900632844;0.9999962443395838;0.9999980757109934;1.0;0.9999982901342669;0.999923660138303;1.0006014653702464;0.9999699449662672;0.9999707734014293;0.999993803179583;0.9999986441514647;1.0016960699330226;1.0018266093902635;0.999966610555257;0.9999940322773848;0.9999992123475561;1.0008336279985406;1.000415215162275;1.0001723388131232;1.0000525660976778;0.999930259070888;0.9999999999999999;0.9998046776951932;0.9999296383606239;1.0;1.0;1.0016599640880486;0.999928556148393;0.9999673717461564;0.9999878611936682;1.0002375003156925;1.024999976158142;
2016-06-13 22:00:00;0.9999794116105111;1.0;0.9999999999999999;0.999989810750103;0.9999179722518658;1.0;1.001792368880511;0.9999947873115007;0.9999350943678841;1.0;1.0;1.0;1.000435096780352;0.9999956381799514;0.9999974805589297;1.0;0.9999982444592264;0.9999165890844767;1.0006026723288715;0.9999676622730964;0.9999690709553316;0.9999936632238475;0.9999986089778492;1.001699432319006;1.0018302609577545;0.9999645840338204;0.999993907680815;0.9999990835921677;1.0008398828332958;1.0004215302780612;1.0001818943879432;1.0000634479225798;0.9999234137911973;1.0;0.9998024434378864;0.9999496571898281;1.0;1.0;1.001663231185889;0.9999215793229409;0.9999654747471524;0.9999869938550703;1.0002376911239395;1.024999976158142;
2016-06-13 22:15:00;0.9999752427057362;0.9999999999999999;1.0;0.9999882274562374;0.99990781581285;1.0;1.0018084249376795;0.9999951092692065;0.9999282762959382;1.0;1.0;1.0;1.0004374820732886;0.9999959129628283;0.9999976459271923;0.9999999999999999;0.9999982183510323;0.9999055839211681;1.000607278427678;0.999963313026436;0.9999615626958246;0.9999921987324247;0.9999985302189478;1.0017146762658466;1.0018467738848937;0.9999582549257147;0.9999919117951047;0.9999991383126458;1.000836977975683;1.0004098704733901;1.0001769119784854;1.0000625025252863;0.9999149212842205;1.0;0.9997905876136313;0.9999535468481487;1.0;1.0;1.001678217990601;0.9999126430949005;0.9999578927421146;0.9999855129991587;1.0002390360454632;1.024999976158142;
2016-06-13 22:30:00;0.9999716813793855;1.0;1.0;0.9999857753730537;0.9998986272881598;1.0;1.0018065772177367;0.9999938122130959;0.9999197707979827;1.0;1.0;1.0;1.0004369167859153;0.9999956346042489;0.9999981964864054;1.0;0.9999974171955412;0.9998962943101184;1.0006066625822894;0.9999578560558602;0.9999561018583379;0.9999907840366283;0.999997932586702;1.0017124095002685;1.0018453332483859;0.9999509658308154;0.9999907820937195;0.9999990764545739;1.0008577587526446;1.0004402511234107;1.0001900453737602;1.0000652232500296;0.9999065426959795;1.0;0.9998102102471634;0.9999441106614736;1.0;1.0;1.001676675135548;0.9999041073798199;0.9999513556109403;0.9999831030440122;1.0002388577500105;1.024999976158142;
2016-06-13 22:45:00;0.999974612271187;1.0;1.0;0.9999879069059788;0.999900923995509;1.0;1.0017753533705245;0.9999938822614161;0.9999215448318112;1.0;1.0;1.0;1.0004295302282267;0.9999963994139566;0.9999992464336891;1.0;0.9999980109727656;0.9998984317390609;1.0005959751537674;0.9999597520159547;0.999958995221053;0.9999894704856572;0.9999983591006055;1.0016832876937258;1.0018130942763341;0.9999548615649939;0.9999896604818364;0.9999992392277025;1.0008424803206917;1.0004343168857786;1.000192452316509;1.0000732154300436;0.999909564270783;1.0;0.9998125366387594;0.9999649041473111;1.0;1.0;1.0016477316738202;0.9999070580963572;0.9999546591578176;0.9999834578403247;1.0002350653147305;1.024999976158142;
2016-06-13 23:00:00;0.9999712574287487;0.9999999999999999;1.0;0.9999849051916133;0.9998916325521252;0.9999999999999999;1.0018229756005246;0.9999921024022137;0.9999125309087712;1.0;0.9999999999999999;1.0;1.0004417520785613;0.9999946530989967;0.9999980311175056;1.0;0.9999968984235935;0.9998898250564978;1.0006127650586505;0.999954760720178;0.9999563917387378;0.9999903598043786;0.9999975870374234;1.0017276383997313;1.0018622512141535;0.9999487623704617;0.9999910604538286;0.9999988661662341;1.000870112914098;1.0004456390439251;1.0001987679678264;1.00007352163349;0.999899283743373;1.0;0.9998020258604939;0.9999575589967968;1.0;1.0;1.0016919089683018;0.9998969014700024;0.9999507335452478;0.9999814439857602;1.0002414643664623;1.024999976158142;
2016-06-13 23:15:00;0.9999614798663468;1.0;1.0;0.9999820002099737;0.9997949587992473;0.9999999999999999;1.001878134221027;0.9999835864055022;0.9998334691637972;1.0;1.0;1.0;1.000453763289406;0.9999897083228708;0.9999970829397303;1.0;0.9999969145409487;0.9997924943230414;1.0006308138655016;0.9999227383692674;0.9999391153530492;0.9999793018501506;0.9999975528378913;1.0017805819821035;1.0019181280281635;0.9999260175107395;0.9999823765706871;0.9999978121381645;1.0008970484817068;1.0004595439863606;1.0002082398646979;1.000080634417174;0.9998097138657486;1.0;0.9997937660850659;0.9999663666065896;0.9999999999999999;0.9999999999999999;1.0017430079450491;0.9998052301018556;0.9999299312982847;0.9999663910978465;1.000247812174181;1.024999976158142;
2016-06-13 23:30:00;0.9999738406962873;1.0;1.0;0.999987230142714;0.9998598756115852;1.0;1.001798416744424;0.9999879707313671;0.999885011280356;1.0;1.0;1.0;1.0004368804057906;0.999992772229791;0.9999983047681137;0.9999999999999999;0.9999975030380532;0.9998585032595053;1.0006049137820265;0.999946427925795;0.9999590349415527;0.9999856765115169;0.9999980632233447;1.0017050882636096;1.0018365060754166;0.9999486553407386;0.9999881749973253;0.9999984745956779;1.0008696786683398;1.0004575131061242;1.0002101378900072;1.000084847080776;0.9998696943410802;1.0;0.9998126059693261;0.9999763632555138;0.9999999999999999;1.0;1.0016690017895589;0.9998667413436113;0.9999522487664998;0.9999764648672084;1.0002388634889774;1.024999976158142;
2016-06-13 23:45:00;0.999981184867254;1.0;1.0;0.999990731314316;0.9999089422664703;0.9999999999999999;1.0017580588842145;0.9999928209734597;0.9999261320106482;1.0;1.0;1.0;1.0004276841713944;0.9999951482743347;0.9999981997436843;1.0;0.9999982623821118;0.9999079038422571;1.0005914825541415;0.9999649347312095;0.9999711947371704;0.9999916184742067;0.9999986463639171;1.001667038351004;1.001795071477212;0.9999649185611438;0.9999928198310198;0.9999989830164158;1.0008410586745753;1.0004345506124626;1.0001992204378811;1.0000808050402454;0.9999150692029181;1.0;0.9998095055670949;0.9999787743307648;1.0;1.0;1.0016314224057326;0.9999131334825601;0.9999669177281545;0.9999850411575941;1.000233804981054;1.024999976158142;
2016-06-14 00:00:00;0.9999832902543743;1.0;1.0;0.9999918996547814;0.9998940970290534;0.9999999999999999;1.0017924710616695;0.999990115203321;0.9999121930120396;1.0;1.0;1.0;1.0004372986169283;0.9999940034249294;0.9999985114852852;1.0;0.9999983423367579;0.9998936116083613;1.000603600228068;0.999960810020502;0.9999741543089804;0.9999893032812761;0.9999987440769684;1.0016999018076982;1.0018299249824862;0.999965372185931;0.9999917686522667;0.9999987434068118;1.000856680289382;1.0004403970717541;1.0001970766257;1.0000736056215591;0.9999009218548967;1.0;0.9998067645060885;0.9999600663355281;1.0;1.0;1.0016633046162557;0.9998988303789536;0.9999689819017804;0.999982333161475;1.0002391416489407;1.024999976158142;
2016-06-14 00:15:00;0.9999854697586653;1.0;1.0;0.9999928180617599;0.9999088629832941;1.0;1.001746689928059;0.9999913406991017;0.9999241811268257;1.0;1.0;1.0;1.0004264553859599;0.9999948547340638;0.9999988487495831;1.0;0.9999984603119901;0.9999084771000409;1.0005882719491672;0.9999659762987588;0.9999775538985761;0.999990695026535;0.9999988380181646;1.0016564912998802;1.0017831762390916;0.9999697040450362;0.9999928802790197;0.9999989242446039;1.0008587080167093;1.000463609079943;1.0002109102618788;1.0000812140350217;0.9999147386879464;1.0;0.999830836513266;0.9999643084495654;1.0;0.9999999999999999;1.0016208410369059;0.9999129543530731;0.9999729716883798;0.9999846303928954;1.0002332872606867;1.024999976158142;
2016-06-14 00:30:00;0.9999834502547038;1.0;1.0;0.9999923673879908;0.9999029158699347;1.0;1.0017626584615624;0.9999920580335703;0.9999211104611597;1.0;1.0;1.0;1.0004292851821048;0.9999944506827161;0.9999977384471889;1.0;0.9999987391011229;0.9999021684758866;1.0005932243480995;0.9999647204559694;0.9999746813114053;0.999991182580866;0.9999990181655926;1.001671797599783;1.0017993885910406;0.999968089570303;0.9999928294715823;0.999998840968876;1.0008551580733438;1.0004545865089831;1.0002040376014905;1.0000774185823005;0.9999090746585773;1.0;0.999824855528967;0.9999621441268873;1.0;0.9999999999999999;1.001635534600744;0.9999070722901359;0.9999704778233545;0.9999846017807533;1.0002345716478045;1.024999976158142;
2016-06-14 00:45:00;0.9999872384117217;1.0;0.9999999999999999;0.9999941612692376;0.9999394478063863;1.0;1.001714561809793;0.9999961308692957;0.9999522587454803;1.0;1.0;1.0;1.0004174429869623;0.999996571890822;0.9999978433967992;1.0;0.9999992022893167;0.9999386100093991;1.000576888302714;0.9999777829867601;0.9999808165084139;0.9999954367314065;0.9999993532472735;1.0016262618483525;1.0017502452570863;0.9999778856108745;0.9999957890078789;0.9999992859865429;1.0008521180519827;1.0004707637097492;1.00021350499815;1.0000818698715912;0.9999432665015614;1.0;0.9998455574972437;0.9999627431042641;1.0;1.0;1.0015908897319745;0.9999419304207565;0.9999785235302692;0.9999909106823751;1.0002281147365515;1.024999976158142;
2016-06-14 01:00:00;0.9999863595364984;0.9999999999999999;1.0;0.9999934250912839;0.9999391186193278;1.0;1.0017064327436094;0.9999960168966839;0.9999518435273268;1.0;1.0;1.0;1.0004154856950147;0.9999963372410202;0.999997588829224;0.9999999999999999;0.9999989568897169;0.9999383711982195;1.0005742912975424;0.9999771741006789;0.9999800107579948;0.9999958288753557;0.9999991786980824;1.0016183578867817;1.0017420910253425;0.999976584239225;0.999996171381278;0.9999992355305859;1.0008692352430248;1.000499319686124;1.0002298996905734;1.000091005124471;0.9999426671586601;1.0;0.9998632905409837;0.9999683194502617;1.0;1.0;1.0015833636718752;0.999941374606886;0.9999775245377468;0.9999907580217225;1.0002269828474448;1.024999976158142;
2016-06-14 01:15:00;0.9999890507232605;1.0;1.0;0.9999941268158111;0.9999547717686555;1.0;1.001669183690708;0.9999964068124557;0.9999631865373423;1.0;0.9999999999999999;1.0;1.000407383257489;0.9999973320692883;0.9999987469701721;1.0;0.9999987382401954;0.999954336875013;1.0005620948380167;0.9999816969476191;0.9999840233337582;0.9999964879322061;0.9999990394447374;1.001582840997545;1.001704188442908;0.9999802765139255;0.9999969925376144;0.9999994437737627;1.0008767136327175;1.000526348531175;1.0002461202586599;1.0001001425104727;0.9999574280802449;0.9999999999999999;0.9998870981660247;0.9999741313894963;1.0;1.0;1.001548924020534;0.99995652957709;0.9999816263978182;0.9999924122040537;1.0002228240568751;1.024999976158142;
2016-06-14 01:30:00;0.9999915829820027;1.0;1.0;0.999995707934029;0.9999619843544527;1.0;1.0016421419096604;0.9999971459939787;0.9999693908369095;1.0;1.0;1.0;1.0004010136888197;0.9999976464640883;0.9999986610404112;1.0;0.999999181512565;0.9999616505713758;1.0005530418298918;0.9999853975799192;0.9999878086615487;0.9999972735290651;0.9999993732745409;1.0015574775161877;1.001676335561582;0.9999850416488837;0.9999976698548788;0.9999995108490626;1.0008716774588542;1.0005294930226176;1.0002500993623853;1.000103402116736;0.9999641071269633;1.0;0.9998934227974694;0.9999785865270848;1.0;1.0;1.0015237576311715;0.9999633467817929;0.9999860281227153;0.9999939626345767;1.0002193167739606;1.024999976158142;
2016-06-14 01:45:00;0.9999741689669351;1.0;1.0;0.9999886092736707;0.9998601498730809;1.0;1.0016817021276403;0.9999918676120483;0.9998918839411061;1.0;1.0;1.0;1.0004069485887273;0.9999883193063456;0.9999889899162758;1.0;0.9999989975950526;0.9998598252996858;1.0005662648760387;0.9999544245072014;0.9999671078311428;0.9999964554137973;0.9999992383486244;1.0015949808132487;1.0017166233472674;0.9999600010704913;0.9999970907396832;0.999997560460129;1.0009421129344411;1.0006149621236882;1.000295816340664;1.000126414687601;0.9998644044458433;1.0;0.9999326127185395;0.9999869209378526;1.0;1.0;1.0015595450810388;0.9998618382174602;0.9999629771811865;0.9999823534841188;1.000220258029836;1.024999976158142;
2016-06-14 02:00:00;0.9999759445522681;1.0;1.0;0.9999888073480935;0.9998798334520026;1.0;1.001673029293444;0.9999927958306287;0.9999065997095065;1.0;1.0;1.0;1.0004054320222664;0.9999901950044177;0.99999103802756;1.0;0.9999986566810248;0.9998794399721432;1.0005633905539155;0.9999592431377448;0.9999688364622227;0.9999965703509693;0.9999989822253781;1.0015864839036694;1.0017080285445177;0.9999621278034775;0.9999970969810293;0.9999979486282365;1.0009563243818427;1.0006395938939403;1.0003094990456443;1.0001336035555541;0.9998837372684636;1.0;0.9999487742597304;0.9999903359807664;1.0;1.0;1.0015517705933938;0.9998815253576988;0.9999648638997984;0.9999842039691139;1.0002199169672639;1.024999976158142;
2016-06-14 02:15:00;0.9999758887113325;1.0;1.0;0.9999886123485147;0.9998836630512437;1.0;1.0016693665451963;0.9999930183201496;0.9999094786642063;1.0;1.0;1.0;1.000404553194752;0.9999906832039093;0.9999915853338193;1.0;0.9999985315190505;0.9998831776356172;1.0005620993286213;0.9999598982005903;0.9999684203590753;0.9999964444713076;0.9999988835204587;1.0015829167671126;1.0017043874979252;0.9999618348985877;0.9999969044155023;0.9999980495740215;1.0009548919707767;1.0006410615989816;1.0003097466901103;1.000134055398773;0.9998876368626374;1.0;0.9999520733923576;0.9999913623728763;1.0;1.0;1.0015484541562134;0.999885473938325;0.999964437530019;0.9999844664299716;1.0002195665422746;1.024999976158142;
2016-06-14 02:30:00;0.9999799148394366;1.0;1.0;0.9999903623741581;0.9999065650482163;1.0;1.0016617572265887;0.9999943529924941;0.9999271483240496;1.0;1.0;1.0;1.0004034557559918;0.9999927273722954;0.9999935736009633;0.9999999999999999;0.9999986602755168;0.999906067322328;1.000559542488504;0.9999671515923476;0.9999733121965115;0.9999968155038997;0.9999989775664497;1.001575757371209;1.0016965967066018;0.9999679206310357;0.9999971578629058;0.9999984783095094;1.0009362057818036;1.0006146317486648;1.0002957966678792;1.000126087213914;0.9999099963027325;1.0;0.9999372184343099;0.9999859465539712;1.0;1.0;1.0015415740640567;0.9999082337452807;0.9999699677964368;0.9999872547836554;1.0002194400309636;1.024999976158142;
2016-06-14 02:45:00;0.9999850324655666;0.9999999999999999;1.0;0.9999931962683455;0.999924168501376;1.0;1.001629879987193;0.9999952762661521;0.9999406587730912;1.0;0.9999999999999999;1.0;1.0003964602976285;0.9999946164883469;0.9999956320571773;0.9999999999999999;0.9999991818729219;0.9999236110399732;1.0005487129097466;0.9999736754966444;0.999979234487314;0.9999962369191091;0.999999357853969;1.0015459190419778;1.0016637654400478;0.9999752807379318;0.9999966756472694;0.9999988773559628;1.0009189531133509;1.0006072233027299;1.0002916398831596;1.0001250858625388;0.9999276319692797;1.0;0.9999434544728599;0.9999884618723824;1.0;1.0;1.0015121158677833;0.999926118153393;0.999976621279833;0.9999894829046229;1.000216102121301;1.024999976158142;
2016-06-14 03:00:00;0.9999807068594234;1.0;1.0;0.9999912254690725;0.9999001098034704;1.0;1.0016433804955998;0.9999938313779394;0.9999220483604631;1.0;1.0;1.0;1.0003990030095298;0.9999923619713857;0.9999934180600905;1.0;0.9999989901981489;0.9998996228161989;1.0005533094521935;0.9999660120716979;0.9999741651984064;0.999996030010801;0.9999992215095682;1.0015586158177108;1.0016775987550592;0.9999687830733923;0.9999966048673656;0.9999984055703415;1.0009390831543727;1.0006287651036174;1.000303177736525;1.0001300398488595;0.999904003034747;1.0;0.9999512792575711;0.999988012681108;1.0;1.0;1.0015244446245881;0.9999020920616201;0.9999708354243576;0.999986559569093;1.0002169656157889;1.024999976158142;
2016-06-14 03:15:00;0.9999804969200962;1.0;1.0;0.9999904986412127;0.9999101812722748;1.0;1.001632331973817;0.9999942944300392;0.9999294713332957;1.0;1.0;1.0;1.0003965162492297;0.9999933097955099;0.9999944581602576;1.0;0.9999985596697025;0.999909636117785;1.0005496043768958;0.9999677568400446;0.9999735798486665;0.9999962375526942;0.9999989000840809;1.001547800265075;1.0016666197868171;0.9999680965370524;0.9999966896656023;0.999998601924989;1.0009532496555913;1.0006520883195014;1.0003172230879465;1.0001374115683892;0.9999138354140092;1.0;0.9999652208965937;0.9999915040290425;1.0;0.9999999999999999;1.0015143671115112;0.9999121214000941;0.9999701467132407;0.9999873109660923;1.0002158529862928;1.024999976158142;
2016-06-14 03:30:00;0.9999836331845593;1.0;1.0;0.9999919722992097;0.9999186986464171;1.0;1.001618323190308;0.9999944700755743;0.9999357714158613;0.9999999999999999;1.0;1.0;1.0003939111752869;0.9999935231445046;0.9999946365470935;1.0;0.999998757984175;0.9999185364817865;1.0005452251992262;0.9999714472242196;0.9999785862448101;0.9999969917896256;0.9999990731198108;1.0015346328220345;1.0016521626980037;0.9999730394328279;0.99999765753536;0.9999986488542627;1.0009341594703098;1.0006327189759352;1.0003064093950713;1.000132510327355;0.9999215052512812;0.9999999999999999;0.9999592991083424;0.9999911374284427;1.0;1.0;1.0015013250187663;0.9999200501285077;0.9999754408224542;0.9999886430120242;1.0002144690442836;1.024999976158142;
2016-06-14 03:45:00;0.9999831154679678;1.0;0.9999999999999999;0.9999920823397286;0.9999134092431328;1.0;1.001640689341521;0.9999944520008364;0.9999321549941421;1.0;1.0;1.0;1.0003990132794778;0.9999931318847041;0.9999940828088429;1.0;0.999998972078055;0.9999131459423367;1.0005526361846768;0.9999703474475342;0.9999778363968133;0.9999968910657916;0.999999223838249;1.001556008369756;1.0016748689488917;0.9999726508431144;0.9999974726530392;0.9999985662473296;1.0009416952238868;1.0006327942777575;1.0003060148413179;1.0001316556060513;0.9999164714925008;0.9999999999999999;0.9999532884533853;0.9999891047647713;1.0;1.0;1.0015220043026278;0.9999148756840338;0.9999748013472591;0.9999882793821833;1.0002171301409937;1.024999976158142;
2016-06-14 04:00:00;0.9999845703279353;1.0;1.0;0.9999928640627744;0.9999191330482275;1.0;1.00161927103004;0.9999947321467464;0.9999365055260704;1.0;1.0;1.0;1.0003940119978274;0.9999938034432472;0.9999948525191421;1.0;0.9999990964734257;0.9999188176274868;1.000545411405173;0.9999722780621008;0.9999793733437599;0.9999965928471839;0.9999993118768353;1.0015357941487073;1.0016529417591844;0.9999746285966553;0.9999972002737842;0.9999987056463873;1.0009260475143877;1.0006198971069165;1.0003026465779519;1.0001337603261955;0.9999222838056676;1.0;0.9999492867517332;0.9999999157707772;0.9999999999999999;0.9999999999999999;1.0015022038136654;0.9999207596663755;0.9999765334719568;0.9999889195569054;1.0002145759605943;1.024999976158142;
2016-06-14 04:15:00;0.9999873963156782;1.0;1.0;0.9999936645236888;0.9999500771437974;1.0;1.001577911068014;0.9999968419816267;0.9999605537977394;1.0;1.0;0.9999999999999999;1.0003843330220226;0.9999970708123265;0.9999980501254219;1.0;0.9999988878826227;0.9999493603909254;1.0005311399809897;0.9999804687641959;0.9999815788396181;0.999996680690528;0.9999991299836284;1.0014963582341847;1.0016109945712626;0.999978646267169;0.9999968181647453;0.9999993894814133;1.0009029172137107;1.0006042913100002;1.0002962817642713;1.0001321710339495;0.9999530311930682;1.0;0.999949540535396;1.000003602096229;0.9999999999999999;0.9999999999999999;1.001464195789138;0.9999519623313651;0.9999793867052769;0.9999922341269958;1.0002100403355518;1.024999976158142;
2016-06-14 04:30:00;0.9999882228576857;1.0;1.0;0.9999943696614073;0.999946764445375;1.0;1.0015768141130275;0.9999965933865278;0.9999580265140703;1.0;1.0;1.0;1.0003841596094964;0.9999966908268915;0.9999976780160903;1.0;0.9999991414416333;0.9999461488069794;1.0005308182815824;0.9999802976310294;0.999982915374813;0.9999965952372022;0.9999993239740445;1.0014955154970717;1.001609691483986;0.9999799893479966;0.9999968689812989;0.9999993116588575;1.0008890238339703;1.0005898185973383;1.000286030982517;1.000126973924396;0.9999497289433089;1.0;0.9999462578242799;1.0000015997715916;1.0;0.9999999999999999;1.0014630888090863;0.9999486105721228;0.9999808118030925;0.999992068965882;1.0002098564331101;1.024999976158142;
2016-06-14 04:45:00;0.999989446768356;1.0;1.0;0.9999945545597226;0.9999598775760541;1.0;1.0015762833311823;0.9999973339712095;0.9999680520963294;1.0;1.0;1.0;1.0003843928219325;0.999997783483995;0.9999987247167679;1.0;0.9999989620931127;0.999959260365837;1.000530688957864;0.9999837864823063;0.9999844016660715;0.9999970468296768;0.999999191665168;1.0014948482580728;1.0016092966824675;0.9999818208312107;0.9999971920817724;0.999999538242836;1.0009014686603952;1.000605125560179;1.0002958630252947;1.000132080309594;0.9999624057286511;1.0;0.999952313064256;1.0000038904746524;0.9999999999999999;1.0;1.001462734498485;0.9999615402091366;0.9999824840500192;0.9999935008381376;1.000210234025717;1.024999976158142;
2016-06-14 05:00:00;0.999989162644525;1.0;1.0;0.9999946113449358;0.9999506131885411;1.0;1.0016107583998706;0.9999963536729115;0.9999602827889637;1.0;1.0;0.9999999999999999;1.0003928817059182;0.9999972013934142;0.9999985941814382;1.0;0.999999014339444;0.9999500465403263;1.0005423151477246;0.9999809961828524;0.9999838253208303;0.9999960088002007;0.9999992337214998;1.0015276514813163;1.0016443894712386;0.9999805320641166;0.9999965015954719;0.9999994171950355;1.000896940218589;1.000580772785691;1.0002795255375962;1.000119759681003;0.9999537016373812;1.0;0.9999300631968774;0.9999885630255242;1.0;1.0;1.001494681593082;0.9999526633871064;0.9999815636943754;0.9999920860677344;1.0002148498774937;1.024999976158142;
2016-06-14 05:15:00;0.9999908103618591;1.0;1.0;0.9999952889859394;0.9999625499810847;1.0;1.0015844208739713;0.9999973707398536;0.9999700269384768;1.0;1.0;0.9999999999999999;1.0003866859038693;0.9999978549013073;0.999998800898343;1.0;0.9999991035525959;0.9999620645271609;1.0005335404331979;0.9999851605323153;0.9999864656542623;0.9999972110827948;0.9999993051745565;1.0015026685746884;1.0016174985386932;0.9999839433008644;0.999997456515558;0.999999553365509;1.0008931027906742;1.0005936368416684;1.0002831607611673;1.000120924504036;0.9999648378721713;1.0;0.999950485067373;0.9999871872684976;1.0;1.0;1.0014702610328343;0.9999640489524798;0.9999846903417873;0.9999939642044567;1.000211507592556;1.024999976158142;
2016-06-14 05:30:00;0.9999892764992072;1.0;0.9999999999999999;0.9999948939823061;0.9999491821150654;1.0;1.0016127687587493;0.9999966133768992;0.9999597921459389;1.0;1.0;1.0;1.0003932591901163;0.9999967405312126;0.9999977352015504;1.0;0.9999992232439654;0.9999486890591789;1.0005430081795263;0.999981423692759;0.9999845651422921;0.9999967785331234;0.9999993928666406;1.0015296891010153;1.001646317562394;0.9999816263411234;0.9999971369184603;0.9999993220825651;1.0009089905554036;1.000603360472303;1.000283709172039;1.0001160565580205;0.9999519081479824;1.0;0.999951384934976;0.9999718142248245;0.9999999999999999;1.0;1.0014964207103474;0.999950863496008;0.9999825574672048;0.9999924549317123;1.0002148558338493;1.024999976158142;
2016-06-14 05:45:00;0.9999914109654265;1.0;1.0;0.9999955333542765;0.9999609905229495;1.0;1.0016282962236278;0.999997028560815;0.99996857821825;0.9999999999999999;0.9999999999999999;1.0;1.0003978667004052;0.9999973213688303;0.9999982759247039;1.0;0.9999991275939136;0.9999607777664401;1.00054851754241;0.999985165258939;0.9999880146828831;0.9999976425178408;0.9999993420166048;1.0015443379106455;1.0016622030994065;0.9999849520082037;0.9999980696048361;0.9999994426350721;1.0009296821799731;1.000624390740397;1.0002990855321126;1.000127202964259;0.9999628478063628;0.9999999999999999;0.9999554481034474;0.9999849455477248;1.0;0.9999999999999999;1.0015108656407563;0.9999621133404576;0.999986175195328;0.9999939174896714;1.0002175155668203;1.024999976158142;
2016-06-14 06:00:00;0.9999880425992781;1.0;1.0;0.9999940972335252;0.9999446184857407;1.0;1.0016510783085435;0.999996073331379;0.9999557816879235;1.0;1.0;0.9999999999999999;1.0004027887990317;0.9999964988266152;0.9999977797952561;0.9999999999999999;0.9999989815742893;0.9999441131326393;1.0005558903150638;0.9999792485515641;0.9999827504559573;0.9999962771496252;0.9999992138674864;1.0015659345654606;1.0016855190493545;0.9999791198102561;0.9999967626500526;0.9999992709621214;1.0009241619432987;1.000617599811222;1.0002937786498602;1.0001287215688826;0.9999476337959354;1.0;0.9999533941816274;0.9999966186206664;1.0;0.9999999999999999;1.0015319734546821;0.9999465139872189;0.9999803572330362;0.9999914958000782;1.0002201011229932;1.024999976158142;
2016-06-14 06:15:00;0.9999894288501427;1.0;1.0;0.9999946068161232;0.9999563345126223;1.0;1.0017454734991065;0.999997101644003;0.999965377083438;1.0;1.0;1.0;1.0004261785480764;0.9999971335020043;0.9999979516782139;1.0;0.9999990297478435;0.9999558980545056;1.0005876454742;0.9999832296291625;0.999985048386594;0.9999975200997132;0.9999992542074384;1.0016554737604528;1.0017818676207588;0.9999821514097273;0.9999977331706307;0.9999994029324285;1.0009638843625048;1.0006415713660912;1.0003006037491613;1.0001307546067373;0.9999585447812194;1.0;0.9999517753384383;0.9999939359939266;1.0;0.9999999999999999;1.001619529195358;0.9999576711912624;0.999983110960104;0.9999933299477438;1.00023295905597;1.024999976158142;
2016-06-14 06:30:00;0.9999859790517612;1.0;1.0;0.9999922872890493;0.9999535089190424;0.9999999999999999;1.0017925747823462;0.9999966236312899;0.999962362468043;1.0;1.0;0.9999999999999999;1.0004374080992808;0.9999976926896045;0.9999991190803544;1.0;0.9999982961327165;0.9999526910227216;1.0006032313772821;0.9999795439321828;0.9999790754660633;0.999996101571811;0.9999986867057413;1.0016996960170783;1.0018304019452422;0.9999753820002356;0.999996289360927;0.9999995154395696;1.0009830181006525;1.0006598073614321;1.0003073041678316;1.0001369900231596;0.9999567087447351;1.0;0.9999588057059909;1.000003910677399;1.0;1.0;1.0016634662993715;0.9999557051328815;0.9999763856282886;0.9999917691551967;1.0002393951191837;1.024999976158142;
2016-06-14 06:45:00;0.9999827137196827;1.0;0.9999999999999999;0.9999904961183614;0.9999337587225002;1.0;1.0018718427005193;0.9999948776945986;0.9999462640135027;1.0;1.0;1.0;1.0004568548249528;0.9999957577599878;0.999997588829224;1.0;0.9999979194187781;0.9999331904918185;1.0006301002930977;0.9999727878758317;0.9999754852745146;0.9999956833297928;0.9999984265307897;1.0017747301332467;1.001911404385088;0.9999697236350791;0.9999962656754235;0.9999991101863307;1.0010227837858052;1.0006735566697433;1.0003117650530795;1.000132725773337;0.9999372078961938;1.0;0.9999431258574778;0.9999854180989006;1.0;1.0;1.0017368445529262;0.9999359430805281;0.9999718827340984;0.9999889748126597;1.0002496975725952;1.024999976158142;
2016-06-14 07:00:00;0.9999741549615146;1.0;0.9999999999999999;0.9999879388614532;0.9998741028452873;1.0;1.001930763653356;0.9999912828383982;0.9998997587073786;1.0;1.0;1.0;1.0004687478706047;0.9999928661630821;0.9999960112290915;1.0;0.9999981679605857;0.9998725573423539;1.0006488981438413;0.9999533926014941;0.9999610776014852;0.9999899955553991;0.999998541204112;1.0018310422310366;1.0019713150834963;0.9999540667378001;0.9999910893070358;0.9999985067254118;1.000880685508056;1.0005293210449735;1.0001827407780841;1.0000575973045356;0.9998820451846505;1.0;0.9999320326851348;0.9999313359391891;0.9999999999999999;0.9999999999999999;1.001791361696509;0.9998793287473042;0.9999559758306801;0.9999806295188379;1.0002558190532513;1.024999976158142;
2016-06-14 07:15:00;0.9999630008535829;1.0;1.0;0.999982497640742;0.9998131434952697;1.0;1.0020642685557488;0.9999849702128165;0.9998477750218211;1.0;1.0;1.0;1.0005000183882247;0.9999917876361156;0.9999990777322125;1.0;0.9999968382638144;0.9998103329479174;1.0006928963308883;0.9999275455495031;0.9999399401242199;0.999979187226706;0.9999974723482863;1.001957232331825;1.0021081753021388;0.9999282038139404;0.9999819102493317;0.9999982566700969;1.0009305523619931;1.0005560272956633;1.0001844181532396;1.0000531561101715;0.9998279697291745;1.0;0.9999300235762425;0.9999165305450698;1.0;1.0;1.0019157859606254;0.999823715844757;0.9999312077373457;0.9999683614531153;1.00027366867887;1.024999976158142;
2016-06-14 07:30:00;0.9999779335384581;1.0;1.0;0.9999881080558516;0.9998708774388586;0.9999999999999999;1.0020355413572022;0.9999866731619607;0.9998908546195527;1.0;1.0;1.0;1.000497757214878;0.999992753555806;0.9999992241051794;1.0;0.9999969981645482;0.9998705329511709;1.000685492601418;0.9999494981821008;0.9999661857824307;0.9999861809557348;0.9999977631528139;1.0019298625677977;1.0020785709689253;0.9999530666957585;0.9999896794235404;0.9999984734196771;1.0008847150132205;1.0005163727117845;1.0001567955061383;1.0000392999107408;0.9998792069758018;1.0;0.9999274155919623;0.9999116960492792;1.0;1.0;1.0018889176244286;0.9998767847407553;0.9999587784969676;0.9999770173253477;1.0002724718668419;1.024999976158142;
2016-06-14 07:45:00;0.9999844828497545;1.0;0.9999999999999999;0.9999921091233901;0.9999111219354468;1.0;1.002057153095695;0.9999915612596184;0.9999259438335136;1.0;1.0;1.0;1.0005029735656388;0.9999952486051474;0.9999992654533266;1.0;0.9999982401140295;0.9999105752168144;1.0006923432001487;0.9999658057621389;0.9999758233518115;0.9999905744780296;0.999998664429246;1.001951034008302;1.002100122429687;0.9999680601226986;0.9999926149565881;0.9999990023055353;1.000876832864977;1.0005016991741877;1.000145735054142;1.000033689101594;0.9999171569839971;1.0;0.9999198117981807;0.9999099656408631;1.0;0.9999999999999999;1.0019088009319133;0.9999153803489381;0.9999711523947131;0.9999846424698475;1.00027534882936;1.024999976158142;
2016-06-14 08:00:00;0.9999807830049814;1.0;0.9999999999999999;0.9999901274708477;0.9998988228282598;1.0;1.002114810801935;0.9999912013239359;0.9999169703824752;1.0;1.0;1.0;1.0005163029279098;0.999993638575455;0.9999971977235819;1.0;0.999997952252567;0.9998983756599086;1.000711783154965;0.9999617082992578;0.9999720195950735;0.9999917272799865;0.9999984592222981;1.0020054468489634;1.0021591532725698;0.9999634666374574;0.9999935545620044;0.9999986644203103;1.0008531055128145;1.0004489390962152;1.0001084757889478;1.0000100973169168;0.9999044614698408;0.9999999999999999;0.9998857187834421;0.9998892046081662;1.0;1.0;1.0019621222765012;0.9999025365788116;0.9999670032406522;0.9999834708486594;1.0002821465430864;1.024999976158142;
2016-06-14 08:15:00;0.999959063465191;1.0;1.0;0.9999809132876795;0.9997813328099383;1.0;1.0022414629080794;0.9999853577769994;0.9998278163772554;1.0;0.9999999999999999;1.0;1.0005427223648105;0.9999827833428708;0.9999857450317943;1.0;0.9999975135742699;0.9997808168053292;1.0007541995616578;0.9999252926152161;0.9999460695189001;0.999991270066634;0.9999981310287371;1.0021253863984068;1.0022884775124592;0.9999325031003905;0.9999931476238922;0.999996377086262;1.00092895734457;1.0005084736211136;1.0001307120470773;1.000014780217291;0.999789284420255;1.0;0.9998971730593927;0.9998741503798321;1.0;1.0;1.0020785637374048;0.9997852801439994;0.9999382668299337;0.9999700478998089;1.0002938853447867;1.024999976158142;
2016-06-14 08:30:00;0.9999482246347362;1.0;1.0;0.999976040734568;0.9997333190560511;1.0;1.0023737955499716;0.999983453125331;0.9997920131853183;0.9999999999999999;0.9999999999999999;1.0;1.0005726705169677;0.9999781482986981;0.9999804531638798;1.0;0.9999971647769147;0.9997326530038319;1.0007985847324765;0.9999098874555097;0.9999330784012207;0.9999918907345255;0.9999978633907453;1.002250652421231;1.0024237227200445;0.9999177657233801;0.9999934250389882;0.9999953756733972;1.0009500025211566;1.0004775688875884;1.00011253574479;1.0000045507171285;0.9997419822252169;1.0;0.9998456161576385;0.9998683701935791;1.0;1.0;1.0022009084257668;0.9997371169258167;0.9999241907707234;0.999964733677799;1.0003090185564996;1.024999976158142;
2016-06-14 08:45:00;0.9999494289715198;0.9999999999999999;1.0;0.9999762769776653;0.9997436465309502;0.9999999999999999;1.0023984636212315;0.9999841755395567;0.9998002189960538;1.0;1.0;0.9999999999999999;1.0005791875559893;0.9999785021431332;0.9999804314326123;1.0;0.9999970741482294;0.9997431902618003;1.0008069912263156;0.9999132919467176;0.999935481105526;0.9999932782274472;0.9999978113007312;1.0022739526452187;1.0024489616221433;0.9999203313692769;0.999994656511875;0.9999954584696199;1.0009846285882213;1.000521807577437;1.0001171516006708;0.9999886392252408;0.9997513150581282;1.0;0.999880979529959;0.9998149253253709;1.0;1.0;1.0022237482257352;0.9997467246319036;0.9999268613071671;0.9999663071149295;1.000312592803781;1.024999976158142;
2016-06-14 09:00:00;0.9999793434708354;1.0;0.9999999999999999;0.9999890875860437;0.9998997431657071;1.0;1.0022571887337648;0.9999910601980736;0.9999171619534428;1.0;0.9999999999999999;0.9999999999999999;1.0005511709347281;0.9999943097251545;0.9999982791824803;1.0;0.9999975718702847;0.9998990248570256;1.000759322832448;0.9999603584991911;0.999969038877871;0.9999907044330766;0.9999981598244655;1.002140319041654;1.0023046984951334;0.9999602492242146;0.9999925178286136;0.9999988013722544;1.0008564664905062;1.0004068116517828;1.000063062750672;0.9999728199937573;0.9999060497802271;1.0;0.9998517786553881;0.9998392425798549;1.0;1.0;1.0020943160966918;0.9999040738573318;0.9999636664053552;0.9999828203852466;1.0003015137631093;1.024999976158142;
2016-06-14 09:15:00;0.9999520338509171;1.0;1.0;0.9999778222311583;0.9997450423289804;0.9999999999999999;1.0023616738607661;0.9999837836876182;0.9998007444429844;1.0;1.0;1.0;1.0005707138575304;0.9999786698207005;0.9999809591168495;1.0;0.9999973883117546;0.9997447591642076;1.0007948412991055;0.9999146148655009;0.9999388833600881;0.9999926250161717;0.9999980550166151;1.0022393073276348;1.0024111743077808;0.999923662359446;0.9999943786980864;0.9999954919831837;1.0009121013769722;1.000450971842555;1.0000831107481365;0.9999848060019731;0.999752813219193;1.0;0.9998571138166246;0.9998480269661478;1.0;0.9999999999999999;1.0021896398795829;0.9997482602835421;0.999930368943039;0.9999664393954396;1.0003080722220987;1.024999976158142;
2016-06-14 09:30:00;0.9999678098425406;0.9999999999999999;0.9999999999999999;0.9999845634271841;0.9998347238306449;1.0;1.0024258882040378;0.9999890396524004;0.9998700596490887;0.9999999999999999;1.0;1.0;1.0005895742626456;0.9999863172164465;0.9999881744708463;1.0;0.9999978424168197;0.9998345616796328;1.0008163173066165;0.9999433215338601;0.9999587188510054;0.9999948043014442;0.9999983982401776;1.002300409665964;1.0024766267161733;0.9999479344564809;0.9999960827497786;0.9999971227522059;1.0008679574359824;1.000373369871364;1.0000121917344509;0.9999263140321073;0.9998398894858477;1.0;0.9998282290993709;0.9997691100909845;0.9999999999999999;1.0;1.0022497423044185;0.9998369668984874;0.9999527245750144;0.9999776044354275;1.0003201292538642;1.024999976158142;
2016-06-14 09:45:00;0.9999778242573835;1.0;1.0;0.9999881877244935;0.9998968499853899;0.9999999999999999;1.0023618020645553;0.9999916585499528;0.9999162684749126;1.0;1.0;1.0;1.0005764917220958;0.9999925825777788;0.9999953366430502;1.0;0.9999975547494245;0.9998965759536507;1.00079468586164;0.9999607049498072;0.9999696125156997;0.9999939863305589;0.9999981783563971;1.002239419229966;1.0024114866641873;0.9999606565198772;0.9999953716217738;0.9999984441968135;1.0008527904733497;1.0003704008048306;1.0000207776220489;0.9999362249251222;0.9999013540150541;1.0;0.9998307167147896;0.9997873803150006;1.0;1.0;1.002190986910943;0.9998995127876844;0.9999645230707295;0.9999837591632463;1.000314682846963;1.024999976158142;
2016-06-14 10:00:00;0.999983318026561;1.0;1.0;0.9999918270377471;0.9999137480559871;1.0;1.0023928057742306;0.999993238134936;0.9999303212893925;1.0;1.0;0.9999999999999999;1.000584379256949;0.999994541678431;0.999997016005321;1.0;0.9999985426552481;0.9999131798366768;1.000804690064042;0.999968114191788;0.9999757562526512;0.9999935307833072;0.999998885926616;1.0022695556001173;1.0024425995712714;0.9999695654733014;0.9999947173003803;0.9999988566334351;1.000815449959347;1.0003182443394292;0.9999857873613703;0.9999195938836372;0.9999185177325295;1.0;0.9998082019045799;0.9997849102420526;1.0;1.0;1.0022197690184307;0.9999168126251998;0.9999719199405906;0.9999865229858071;1.0003194041397356;1.024999976158142;
2016-06-14 10:15:00;0.9999802088170379;1.0;0.9999999999999999;0.9999910313556456;0.9998938456898038;0.9999999999999999;1.002399019596173;0.9999926010376694;0.9999157247816255;1.0;1.0;1.0;1.0005847930687308;0.9999931560396673;0.9999954699360066;0.9999999999999999;0.9999988056557405;0.999892986460575;1.0008064544394704;0.9999624606843631;0.9999713039401631;0.9999927973935256;0.9999990593796217;1.0022756732421532;1.002448785520106;0.9999652725466803;0.9999938664925351;0.9999985674690752;1.0008159655134663;1.0003050364345096;0.9999898139163983;0.9999282335842878;0.9998995950581625;1.0;0.9997849691104777;0.9998055477499209;1.0;1.0;1.0022253677299777;0.9998974229278165;0.9999673089137521;0.9999844141624616;1.0003192606645264;1.024999976158142;
2016-06-14 10:30:00;0.9999669059652048;1.0;0.9999999999999999;0.9999849432467192;0.9998383567201616;1.0;1.0024800641327938;0.9999890832659418;0.9998716656007768;1.0;0.9999999999999999;1.0;1.0006016641210003;0.9999913410710103;0.9999954188369296;1.0;0.9999978810079496;0.9998360560864537;1.0008324902423424;0.9999402424822539;0.9999491889147543;0.9999863459445647;0.9999982767285062;1.0023521397161694;1.0025320599895882;0.9999410825713227;0.999987625240019;0.9999981740527297;1.0008281243147483;1.0002912531628378;0.9999703908129335;0.9999090085325419;0.9998492381031793;1.0;0.9997680772447136;0.9997744675880141;1.0;1.0;1.0023007943973286;0.9998456271805689;0.9999428545655658;0.9999751071587276;1.000328477709147;1.024999976158142;
2016-06-14 10:45:00;0.9999663170079738;1.0;1.0;0.9999844513726318;0.9998494727261585;1.0;1.0025043347096052;0.9999909419001293;0.9998820474065331;1.0;1.0;0.9999999999999999;1.0006068558940309;0.9999914708096279;0.9999942486878685;1.0;0.9999978751965033;0.9998471705033417;1.0008405215120266;0.9999442179534684;0.9999496091945388;0.999989215600039;0.9999982723346753;1.0023749339117232;1.0025569820963653;0.9999428159054752;0.999989687628973;0.9999982058335332;1.0007952815849674;1.0002398180216026;0.9999288734615875;0.9998772731897722;0.9998589312029071;0.9999999999999999;0.9997478124423447;0.9997355918166531;1.0;1.0;1.0023232013801564;0.9998555709206078;0.9999439872021063;0.9999775535358526;1.0003310217120474;1.024999976158142;
2016-06-14 11:00:00;0.9999739153238344;1.0;0.9999999999999999;0.9999873965990602;0.9998802597500639;1.0;1.0025268434152173;0.9999916162405007;0.9999044329431236;1.0;1.0;1.0;1.0006147971753518;0.9999932249551173;0.9999962973983574;1.0;0.9999978947962067;0.9998787540551068;1.0008487965315471;0.9999546027299975;0.9999609375423018;0.999990547301813;0.9999983426422673;1.0023962950395282;1.002579857633533;0.9999538014611924;0.9999915303003142;0.9999985758499111;1.0007864013106973;1.000205438254558;0.9999272304057516;0.999889380635836;0.9998877988148754;1.0;0.9997052500403982;0.9997749943855556;1.0;1.0;1.0023441737813608;0.9998852307647446;0.9999558002102029;0.999981232828405;1.0003358707658594;1.024999976158142;
2016-06-14 11:15:00;0.9999843620981419;1.0;1.0;0.999992705045621;0.9999046257643853;1.0;1.0024525921757172;0.9999923074088353;0.9999229283589929;0.9999999999999999;1.0;0.9999999999999999;1.000599102207261;0.9999934191885425;0.9999960618400814;1.0;0.9999988473897822;0.9999043931083756;1.0008249441230366;0.9999666099881499;0.9999779300057919;0.9999933975979708;0.9999991340798933;1.0023264676965158;1.0025033680023114;0.99997103579049;0.9999949940971197;0.9999986255388498;1.0007571094141698;1.0002022037383511;0.9999270600322337;0.9998931112705177;0.9999092958829967;1.0;0.9997240311583404;0.9997854708073967;1.0;0.9999999999999999;1.0022750368487185;0.9999074990954405;0.9999739939988195;0.9999856844278374;1.0003272199676516;1.024999976158142;
2016-06-14 11:30:00;0.9999841942385801;1.0;1.0;0.9999923999140172;0.9999125864864988;1.0;1.0024019382832654;0.9999932288854357;0.9999296750526161;1.0;1.0;1.0;1.0005866060224535;0.9999939108073912;0.9999961031763333;1.0;0.999998745864486;0.9999122833670143;1.0008079001713968;0.9999688439389891;0.9999778885113796;0.9999944119381915;0.9999990543033871;1.0022782897622526;1.0024517906562187;0.9999716180260538;0.9999956454842537;0.9999987287919803;1.0007556199939878;1.0002227318213248;0.9999397810769391;0.9999007460871258;0.9999167455476016;1.0;0.9997463060575212;0.999790315369596;1.0;1.0;1.0022280920376991;0.9999150965765036;0.9999742321446881;0.9999869024400567;1.0003203909805707;1.024999976158142;
2016-06-14 11:45:00;0.9999826950726037;1.0;0.9999999999999999;0.9999914502249736;0.999906839980272;1.0;1.0024237555450077;0.9999924318519147;0.9999244322736975;1.0;1.0;1.0;1.0005919790979538;0.9999938465243697;0.9999965960575715;0.9999999999999999;0.9999984314117814;0.9999064357543999;1.0008152206384306;0.9999658486843253;0.9999752385490893;0.9999932305777266;0.9999988154271061;1.0022988371380372;1.0024742101534283;0.999968126948704;0.9999946834553236;0.999998711534048;1.000774004094515;1.0002470162199486;0.9999497540750518;0.9999060662525351;0.9999116862821281;1.0;0.9997606287885056;0.9997929162499575;1.0;1.0;1.0022484328944807;0.9999099072084894;0.9999710403386054;0.99998547249608;1.0003234571151054;1.024999976158142;
2016-06-14 12:00:00;0.9999794470029215;1.0;1.0;0.9999893103288803;0.9998890259246279;1.0;1.00247331422179;0.9999900505511875;0.9999085131349217;0.9999999999999999;1.0;1.0;1.0006042988290098;0.9999928499375104;0.9999968952310384;1.0;0.9999977070328726;0.9998887105133843;1.0008320350070927;0.9999580608012109;0.9999703390801583;0.9999909927605356;0.9999982877056631;1.0023454580032405;1.0025251037575709;0.9999604756854803;0.9999931725664145;0.9999984991778939;1.000786707918265;1.000265299032289;0.9999469117805689;0.9999023281853056;0.9998949999225587;1.0;0.9997806095513118;0.9997861552473348;1.0;1.0;1.0022945082200028;0.9998929435579922;0.9999647226512401;0.9999817885353399;1.000330275798313;1.024999976158142;
2016-06-14 12:15:00;0.9999830666043477;1.0;1.0;0.9999915787334105;0.9999082492142611;1.0;1.0024310966682277;0.9999921434210173;0.9999248639126095;1.0;1.0;1.0;1.0005937557653373;0.9999945773050329;0.9999978657368167;1.0;0.9999983410511967;0.9999076718545936;1.0008175383864022;0.9999655189621918;0.9999746750603267;0.9999918955913664;0.9999987366820098;1.0023057464415743;1.0024817705080145;0.9999674605139828;0.9999935311103231;0.9999988639480397;1.0007161751148548;1.000172548520864;0.9999000284690703;0.9998775174502926;0.9999138086966765;1.0;0.9997311058618918;0.9997738693591665;0.9999999999999999;1.0;1.0022553963710374;0.9999119895400035;0.9999702760648;0.9999850163735556;1.0003247183534414;1.024999976158142;
2016-06-14 12:30:00;0.9999825499852865;0.9999999999999999;1.0;0.9999913251491458;0.9999094476797047;0.9999999999999999;1.0024326618154902;0.9999921371234674;0.9999254598346158;1.0;1.0;1.0;1.000593964802858;0.9999954959031387;0.9999992017649253;1.0;0.9999982282192545;0.999908499627823;1.0008177182873221;0.9999648117585536;0.9999725349373563;0.9999904649805883;0.9999986275193332;1.00230720459376;1.0024834652267245;0.9999656296493976;0.9999920905882425;0.999999055962429;1.0007740301158365;1.0002234808882333;0.9999524146980335;0.9999146144818783;0.999915963484827;0.9999999999999999;0.9997244380444669;0.9998161525314784;0.9999999999999999;1.0;1.0022570073621826;0.9999140446895481;0.9999679930068439;0.9999845324208295;1.0003251532468223;1.024999976158142;
2016-06-14 12:45:00;0.9999790265887893;1.0;1.0;0.9999883124042223;0.9998989586732432;1.0;1.0024689319562985;0.9999901819507749;0.9999152859473887;1.0;1.0;0.9999999999999999;1.000603340547758;0.9999940688618908;0.9999985750986419;1.0;0.9999971052375464;0.9998985329798864;1.0008305759464404;0.999959058499253;0.999968996703387;0.9999904858897916;0.9999978363801755;1.0023408152977193;1.002521044774015;0.9999586479916226;0.9999926856552984;0.9999987503874788;1.0007709415524908;1.000214858971495;0.9999319424705895;0.9998937259261279;0.9999050409275239;1.0;0.9997278526130398;0.9997805801682624;1.0;0.9999999999999999;1.0022907313829823;0.9999031646792804;0.9999630249141435;0.9999820579544489;1.000330134396896;1.024999976158142;
2016-06-14 13:00:00;0.9999771233099675;1.0;1.0;0.9999875510239612;0.9998931564680134;1.0;1.002458138081625;0.9999905781719887;0.9999119895931895;1.0;1.0;1.0;1.000599824408139;0.9999929874551378;0.9999967265938128;1.0;0.9999971930870661;0.9998927614192747;1.000827042767511;0.9999579519487741;0.9999674900605262;0.9999919796883808;0.9999979032810555;1.0023305099058675;1.0025100356886711;0.9999574747977773;0.9999937939227702;0.9999985194061256;1.0007842677674594;1.0002379033487863;0.9999416087248874;0.9998948986930467;0.9998986805309819;0.9999999999999999;0.9997446708888464;0.9997709570847482;1.0;1.0;1.0022805918601463;0.9998967286333468;0.9999617230861128;0.9999821464878391;1.0003277502104229;1.024999976158142;
2016-06-14 13:15:00;0.99998359567443;0.9999999999999999;0.9999999999999999;0.99999153300241;0.9999144393458728;1.0;1.002569778373771;0.9999924604645176;0.999929575165096;0.9999999999999999;1.0;1.0;1.0006279999338141;0.9999948139876415;0.9999979800081646;1.0;0.9999982064699241;0.9999139952979545;1.0008640985966712;0.9999672710728513;0.9999757996914265;0.9999926020864196;0.9999986468277375;1.0024371852852085;1.0026233940541285;0.9999685029668023;0.9999941873149557;0.9999989128351192;1.0008001055567597;1.0002132595823132;0.999934516441553;0.9999002203553914;0.9999194427039375;1.0;0.9997033921554147;0.9998000453000381;1.0;1.0;1.0023839896449802;0.9999177930775863;0.9999714681995588;0.9999858041415677;1.0003435019339098;1.024999976158142;
2016-06-14 13:30:00;0.9999875132624035;0.9999999999999999;1.0;0.9999937338296478;0.9999220238507169;1.0;1.0024300208449914;0.9999926496579352;0.9999352813968762;1.0;1.0;0.9999999999999999;1.0005946736851015;0.9999951973864172;0.9999983907095921;1.0;0.9999986608627595;0.9999218616855468;1.0008174676420685;0.9999711868369976;0.9999814273651503;0.9999928224026018;0.9999990015325732;1.0023049634911407;1.00248043073006;0.9999745162748975;0.9999946588614143;0.9999989972842053;1.0008007164311465;1.0002703102733108;0.9999714286568772;0.9999204992169561;0.9999265448879929;1.0;0.9997601217213838;0.999808466846193;1.0;1.0;1.0022543304307814;0.9999250813077453;0.999977542532406;0.9999871075792935;1.0003253579845144;1.024999976158142;
2016-06-14 13:45:00;0.9999867870940704;1.0;1.0;0.9999933220403439;0.999929134257081;1.0;1.0024268935188836;0.9999936017087641;0.9999413777560223;1.0;1.0;1.0;1.0005934142574415;0.9999962781068298;0.9999992654533266;1.0;0.9999985737267507;0.9999285584490819;1.0008160665634351;0.9999725731984582;0.9999794654798116;0.9999926829751309;0.9999989082994956;1.0023019032279055;1.0024773885852414;0.9999736438911878;0.9999940992618437;0.9999992211747153;1.000747973093499;1.000200158008115;0.9999282651671549;0.9998958044374141;0.9999340025623378;1.0;0.9997271925444788;0.9997914733371469;1.0;0.9999999999999999;1.0022515760201014;0.9999325515821809;0.9999758241376764;0.9999878655134814;1.0003248746038278;1.024999976158142;
2016-06-14 14:00:00;0.999986866350736;1.0;1.0;0.9999937382270296;0.9999270743857692;1.0;1.0023717728845885;0.9999937575848051;0.999940191370054;1.0;1.0;1.0;1.0005796051661575;0.9999963709049161;0.9999992844611545;1.0;0.9999988169061625;0.9999263146743127;1.0007974080374633;0.9999723664479907;0.9999791119906568;0.9999922764733062;0.9999990746540188;1.0022497965046533;1.00242100780621;0.9999739153303593;0.9999936026533154;0.9999992411754233;1.0007670980767405;1.0002483083097127;0.9999555651697501;0.9999080240610189;0.9999323567565606;1.0;0.9997641217543015;0.9997907137568521;1.0;1.0;1.0022004529816058;0.9999307925841879;0.9999756551566693;0.9999877827803912;1.000317314380961;1.024999976158142;
2016-06-14 14:15:00;0.9999825224211034;1.0;1.0;0.9999916413517902;0.9998967773533457;0.9999999999999999;1.00235804177375;0.9999911329735923;0.99991553818923;1.0;0.9999999999999999;1.0;1.0005757948208784;0.9999938646064128;0.9999975665639209;1.0;0.9999984621067773;0.9998962000003021;1.0007930634599982;0.9999621905038364;0.9999736759082453;0.9999907514049885;0.9999988259138666;1.0022365995017717;1.002407077432026;0.9999658672333421;0.9999927080992501;0.9999987159154009;1.0007802524118732;1.0002744558213825;0.9999665915027075;0.9999104906334448;0.9999030378109707;1.0;0.9997844174131855;0.9997828438779318;1.0;1.0;1.0021876083840706;0.999900985545196;0.9999689544472024;0.9999834046744854;1.0003148103929909;1.024999976158142;
2016-06-14 14:30:00;0.9999814689408801;1.0;1.0;0.9999909606017882;0.9998822619777233;0.9999999999999999;1.002392305481011;0.9999891617928769;0.9999026884855583;1.0;1.0;1.0;1.0005847283574327;0.9999927863798895;0.9999974425316606;1.0;0.9999981830700617;0.9998819358334087;1.0008048354771877;0.9999569928429417;0.9999722867953448;0.9999892138495188;0.9999986378481619;1.0022690444033273;1.0024420696284446;0.9999623923681442;0.9999918811461563;0.9999984891534045;1.000780504918939;1.000259916927407;0.999957096809822;0.9999045857479641;0.9998891612152756;1.0;0.9997687096657722;0.9997779199433666;1.0;1.0;1.0022193669225248;0.9998869151307365;0.9999666446230248;0.9999807917334851;1.0003196848745428;1.024999976158142;
2016-06-14 14:45:00;0.9999818766512856;1.0;1.0;0.9999912440816144;0.9998945620615941;1.0;1.0023702995562376;0.9999908098053554;0.9999134670997971;1.0;1.0;1.0;1.000578764577425;0.9999939684430867;0.9999979549228794;0.9999999999999999;0.999998326896013;0.9998938927463316;1.0007971163897242;0.9999608880631997;0.9999723476572009;0.9999900689520049;0.9999987197999726;1.0022481622761716;1.0024196617845729;0.9999642413327074;0.9999921151642696;0.9999987362479598;1.0007723904610712;1.0002623964742643;0.9999628943494708;0.9999142508862251;0.999901235864699;1.0;0.9997754841987876;0.9997992639807625;1.0;1.0;1.002199038971139;0.9998991168542923;0.9999673875180428;0.9999827594859371;1.0003165304360224;1.024999976158142;
2016-06-14 15:00:00;0.9999873232382577;1.0;0.9999999999999999;0.9999941037448304;0.9999089048943074;1.0;1.0022371195821822;0.9999912630177348;0.999924205797312;0.9999999999999999;0.9999999999999999;1.0;1.0005471118166513;0.9999948621359096;0.9999989123512641;1.0;0.9999988251393381;0.9999086002122536;1.0007527323804466;0.9999670524364229;0.9999800418233248;0.9999904422992639;0.9999991126294246;1.0021221239396825;1.0022834189527428;0.9999724902048709;0.9999927887104209;0.9999989284544082;1.000701853268683;1.0002171753350055;0.99994106160116;0.9999035021458078;0.9999148305670282;1.0;0.9997788715010978;0.9997941155405708;0.9999999999999999;1.0;1.0020755322838963;0.9999130402490867;0.9999756900717778;0.9999848778718455;1.000299407853767;1.024999976158142;
2016-06-14 15:15:00;0.9999846146570444;0.9999999999999999;0.9999999999999999;0.9999928193849774;0.9998933894743387;0.9999999999999999;1.0021999830631558;0.9999901920735043;0.9999120127636028;1.0;1.0;1.0;1.00053739828341;0.999993423816514;0.9999976111691884;1.0;0.9999986620951123;0.9998931568209435;1.0007404349849738;0.9999619846974374;0.9999768491783518;0.9999901619464034;0.9999989974982865;1.002086743380926;1.002245591968969;0.9999682085328497;0.9999926669212369;0.9999986253504307;1.0006688908017152;1.0001783296145395;0.9999260388068192;0.9998983753448021;0.999899626667395;1.0;0.9997568683113821;0.999797944381044;1.0;0.9999999999999999;1.002041035046046;0.9998975864813398;0.9999719660172317;0.9999828762451286;1.0002937590008958;1.024999976158142;
2016-06-14 15:30:00;0.9999850371674623;0.9999999999999999;1.0;0.9999925918903012;0.9999149381927311;1.0;1.0021691637173693;0.9999926168699659;0.9999302807892508;1.0;0.9999999999999999;1.0;1.000529454391215;0.9999947301878023;0.9999977384471889;1.0;0.999998550610102;0.9999145646107546;1.0007299491070536;0.9999685329550451;0.9999779445173577;0.9999927881963034;0.999998905439461;1.0020572301277333;1.0022143768142404;0.9999711041397163;0.9999943994342921;0.9999988986849817;1.0006486993437294;1.0001659479685905;0.9999122832440498;0.9998851464899788;0.9999198064199192;0.9999999999999999;0.9997642275578945;0.9997762317909307;1.0;1.0;1.0020125186029187;0.9999181642639003;0.9999739200836337;0.9999862788787222;1.0002894293273377;1.024999976158142;
2016-06-14 15:45:00;0.9999818231979533;1.0;1.0;0.9999903613003102;0.9999068414684392;1.0;1.0021958390994536;0.9999916233871486;0.9999231179775411;1.0;1.0;1.0;1.0005358596774216;0.9999940514086767;0.9999974871250743;1.0;0.9999978661695136;0.9999065276152992;1.0007390820692903;0.9999641557993884;0.9999737691074267;0.9999924195850578;0.9999984051184598;1.0020820591306898;1.0022419804827034;0.9999652812641413;0.9999942005730224;0.999998751853641;1.0006645170894826;1.0001728362557252;0.9999167087225427;0.9998864544028618;0.9999119017137917;1.0;0.9997584283085892;0.9997744073550595;1.0;1.0;1.0020373462324261;0.9999101744959987;0.9999689003694999;0.9999845080661148;1.0002928755883624;1.024999976158142;
2016-06-14 16:00:00;0.9999736311264935;1.0;1.0;0.9999881016457024;0.9998503650470899;1.0;1.0022089566268544;0.999989540321464;0.9998814667184052;1.0;1.0;1.0;1.000536535875457;0.9999891263153755;0.9999918654861688;1.0;0.9999985257588095;0.9998497678104588;1.0007431242651967;0.9999487966282843;0.9999637489262855;0.9999918992733224;0.9999988714332351;1.0020950450250268;1.0022549098442086;0.9999547410898854;0.9999935109724195;0.9999977206154356;1.0006811839093965;1.0001860674042335;0.999931895634815;0.9999002637031061;0.999856982409152;1.0;0.9997533474437764;0.9997952528335495;1.0;0.9999999999999999;1.002048908704392;0.9998541167381548;0.9999583568100513;0.9999789190218933;1.000291907420116;1.024999976158142;
2016-06-14 16:15:00;0.9999485873681386;1.0;1.0;0.9999740326666705;0.9997538700373115;0.9999999999999999;1.0023222315255464;0.9999822641167119;0.9998038837347736;0.9999999999999999;1.0;1.0;1.0005611317325673;0.9999809459664448;0.9999854164571876;1.0;0.9999955147586853;0.9997532529542497;1.0007816698356087;0.9999107468459975;0.9999315311053093;0.9999892172928384;0.9999966505593194;1.002200485738772;1.002372105629493;0.9999133719653948;0.9999915581353278;0.9999959440462011;1.0007758809683982;1.0002707520069278;0.9999783671741582;0.9999247061332256;0.9997631434157394;1.0;0.9997694589106781;0.9998064731913662;1.0;1.0;1.002153876911329;0.9997587291255942;0.9999211432596999;0.9999640877367322;1.000303831021434;1.024999976158142;
2016-06-14 16:30:00;0.9999629042656176;1.0;1.0;0.9999792913658218;0.9998488308832484;1.0;1.0022221684760537;0.9999872181586342;0.9998760255430538;0.9999999999999999;1.0;1.0;1.0005398910407768;0.9999898884571787;0.9999947317350075;1.0;0.999995256312958;0.9998480437132946;1.0007479449993322;0.9999383146120507;0.9999478948989516;0.9999898406117201;0.9999964481421643;1.0021052726565514;1.0022703511460038;0.9999334448504684;0.9999918196095748;0.9999978457379742;1.0007066513252876;1.0002249492692115;0.9999515966168492;0.9999130921775417;0.999856312191277;1.0;0.9997764729708278;0.9998069368425827;0.9999999999999999;0.9999999999999999;1.002061986418487;0.9998535642491381;0.9999393888338028;0.999974510885933;1.000294425913456;1.024999976158142;
2016-06-14 16:45:00;0.9999713615038884;1.0;1.0;0.9999851242727654;0.9998578400380093;0.9999999999999999;1.0021615647655415;0.9999883472760662;0.9998844822329164;1.0;1.0;0.9999999999999999;1.0005258074892767;0.9999900270099767;0.9999940604805023;1.0;0.9999970222976778;0.9998574342683033;1.0007276808501395;0.9999467101059327;0.9999602240176149;0.999990887905959;0.9999977766391912;1.0020490287074248;1.0022073990664742;0.9999483236668305;0.9999929963264843;0.9999978976083919;1.0006624756390754;1.0001813444825773;0.9999314309610766;0.999902544749969;0.9998644562241021;1.0;0.9997609265082845;0.9998018062108649;1.0;1.0;1.0020054003285113;0.999861865699758;0.9999534231297302;0.9999776672312006;1.0002865499523215;1.024999976158142;
2016-06-14 17:00:00;0.9999637486724503;1.0;0.9999999999999999;0.9999834535407727;0.9997883573007631;1.0;1.0021641631866067;0.9999849442158499;0.9998321857294853;1.0;1.0;1.0;1.0005242023643506;0.9999835277750387;0.9999871126188875;1.0;0.9999979166027493;0.9997881123741261;1.0007285121467013;0.9999285981431857;0.9999520593477434;0.9999902547040841;0.9999984471195839;1.0020522255549233;1.002209341778205;0.9999384067049569;0.9999927186058554;0.9999965407807938;1.0006813205311262;1.0002100909307137;0.9999432262360843;0.9999055305062635;0.9997963726216955;1.0;0.9997802501990377;0.999794761982027;1.0;1.0;1.0020069862806293;0.9997925217709394;0.9999444395120438;0.9999707103054825;1.0002840092170668;1.024999976158142;
2016-06-14 17:15:00;0.9999757791657432;1.0;1.0;0.9999884390613243;0.9998601135776629;1.0;1.0020425471767138;0.9999887871522418;0.999886969287723;1.0;1.0;0.9999999999999999;1.0004967596678713;0.9999903601741643;0.999994206839853;1.0;0.9999980772276119;0.9998596986357823;1.0006876179578141;0.9999502820766163;0.999965852407223;0.9999904522873506;0.9999985536012213;1.0019368724346258;1.0020852977961148;0.9999555964769911;0.999992672821838;0.9999979754935947;1.0006030259617158;1.0001523627319835;0.9999246886605039;0.9999095039953324;0.9998669608465663;1.0;0.9997704171086904;0.9998306436197657;1.0;0.9999999999999999;1.0018948910458967;0.9998643241468429;0.9999599364995239;0.9999788297981553;1.0002706643296566;1.024999976158142;
2016-06-14 17:30:00;0.9999711919399239;1.0;1.0;0.9999860101945229;0.9998417904750313;0.9999999999999999;1.0020797237849077;0.9999880531569397;0.9998733602984063;1.0;1.0;1.0;1.0005050632574226;0.9999879235370756;0.999991213729092;1.0;0.9999977481415049;0.9998416283228734;1.0007002871133193;0.9999445363450756;0.999961514845243;0.9999920244982733;0.9999983287517976;1.0019718315281483;1.002123417677975;0.999949935624729;0.9999940843032972;0.9999974663579548;1.0006367331924217;1.0001729611273449;0.9999320050360676;0.9999036398564299;0.9998480084446025;1.0;0.9997686175244033;0.9998036073375008;1.0;1.0;1.0019291037624078;0.999845172656882;0.9999550933242563;0.999977089532817;1.000274495006774;1.024999976158142;
2016-06-14 17:45:00;0.9999762112368047;1.0;1.0;0.9999883411495687;0.9998835244991467;1.0;1.001977211559791;0.9999920955994249;0.999907943485423;1.0;1.0;1.0;1.0004802790398457;0.9999909711388023;0.9999926738597442;1.0;0.9999981814239388;0.9998831601004355;1.0006655820959725;0.9999587325313246;0.9999684115522803;0.999995275821309;0.9999986339487952;1.0018747120844615;1.002018745038288;0.9999605912211122;0.9999961985401226;0.9999981117366303;1.000624320432012;1.000192766336159;0.9999589978767096;0.9999296111773028;0.9998878503662754;1.0;0.999789991399576;0.9998449788504131;1.0;1.0;1.001834116701681;0.9998857254709824;0.9999638618234038;0.9999835493997014;1.000261278439303;1.024999976158142;
2016-06-14 18:00:00;0.9999764509564073;1.0;1.0;0.9999893496596689;0.9998718552973;1.0;1.0020351238201817;0.9999911745968698;0.9998985386175053;1.0;1.0;1.0;1.0004940824424842;0.9999912130345748;0.9999936976314544;1.0;0.9999986417228048;0.9998710359041847;1.000684640691585;0.9999553687212006;0.9999667206367625;0.9999922844937426;0.9999989413344489;1.001930120129514;1.002077544508335;0.999959358387966;0.9999935414908673;0.9999981574873875;1.0007165333392063;1.00027485818595;1.0000155159054047;0.9999585727784972;0.9998781620027773;0.9999999999999999;0.9997990283906665;0.9998575659573294;1.0;0.9999999999999999;1.00188791362715;0.9998756124182376;0.9999620353574443;0.9999816154435235;1.000269078755492;1.024999976158142;
2016-06-14 18:15:00;0.999978640042252;1.0;1.0;0.9999900997228359;0.999880988647483;0.9999999999999999;1.0020977945656577;0.9999914070955874;0.9999052655561989;1.0;0.9999999999999999;0.9999999999999999;1.0005100271860912;0.9999914452248316;0.9999938602579789;1.0;0.9999986115662128;0.9998805338793108;1.000705947343609;0.9999586317566265;0.9999705152163552;0.9999932599241367;0.9999989446754304;1.0019894808915357;1.002141512454514;0.9999628655175804;0.9999946482168931;0.999998210641633;1.0006403726977093;1.0001625640340546;0.9999339437513347;0.9999091128050057;0.9998863440553375;1.0;0.9997497487145959;0.9998188780303393;1.0;0.9999999999999999;1.0019460133530436;0.999884080348156;0.9999659817557696;0.9999828815253774;1.000277839258577;1.024999976158142;
2016-06-14 18:30:00;0.99996518259294;0.9999999999999999;1.0;0.9999837399333066;0.9998195716170815;1.0;1.0020567477909246;0.9999883176413841;0.9998584833826052;1.0;1.0;1.0;1.000497462071675;0.9999856960943602;0.9999878023736918;1.0;0.999997912333304;0.9998190448582819;1.0006922581328124;0.9999382692172506;0.9999542380933283;0.999993325823364;0.9999984242075171;1.0019500871985023;1.002099948666787;0.9999434127416937;0.9999946143195233;0.9999969902211182;1.0006795960965826;1.0002126247136547;0.9999889499567148;0.999954014429826;0.999826010643622;1.0;0.9997530772653854;0.9998789558429669;1.0;1.0;1.0019075170336094;0.9998226860714827;0.9999479144109482;0.9999755105705594;1.0002695188051163;1.024999976158142;
2016-06-14 18:45:00;0.999954699599854;1.0;1.0;0.9999800199556509;0.9997504901649058;1.0;1.002121835993773;0.9999846587040147;0.9998057887077849;1.0;1.0;0.9999999999999999;1.0005108526176676;0.9999798798928214;0.9999820568110461;1.0;0.9999981214075522;0.9997497918674414;1.0007139351957755;0.9999176561721193;0.9999410496312603;0.9999915923325535;0.9999985662824328;1.0020120978706126;1.0021661180802217;0.9999278677716723;0.9999931752181296;0.9999957558521344;1.0007210858441558;1.0002405344784515;1.000001305020672;0.9999562600741789;0.9997590790986247;1.0;0.9997519687558186;0.9998693997767969;1.0;1.0;1.0019673358456442;0.9997544352444205;0.9999332948319075;0.9999674969193464;1.0002754754338086;1.024999976158142;
2016-06-14 19:00:00;0.999974069422652;1.0;1.0;0.99998829659755;0.9998415987375763;1.0;1.0019995830644532;0.9999882187811949;0.9998736815649184;0.9999999999999999;1.0;1.0;1.0004856004031237;0.9999880695187202;0.999991301920561;1.0;0.9999985074742482;0.9998413951775943;1.0006733594580135;0.9999464474036756;0.9999650448886144;0.9999914697843748;0.9999988855618669;1.0018964027517272;1.0020411463617762;0.9999546020906593;0.9999936388494265;0.9999974945022908;1.0006656242620313;1.000209090251946;0.9999960226099958;0.9999621481980072;0.9998481567804096;1.0;0.9997543501526184;0.9998936931594326;1.0;0.9999999999999999;1.001854703893253;0.9998452371148959;0.999959202686801;0.9999776258197834;1.0002638601787526;1.024999976158142;
2016-06-14 19:15:00;0.9999785928093362;1.0;0.9999999999999999;0.9999901467538039;0.9998709261198175;1.0;1.0019912341893402;0.9999901511706872;0.9998966378885654;1.0;0.9999999999999999;1.0;1.0004843569609074;0.9999904707154573;0.9999933668755071;1.0;0.9999986120146357;0.999870733288895;1.0006705153795066;0.9999557556418117;0.9999708386207112;0.9999925795919038;0.9999989633734019;1.0018884750750177;1.0020326504483268;0.9999619698531317;0.9999944495262503;0.9999980032833758;1.0007030010989806;1.0002339763044543;1.0000161097845803;0.9999628311454001;0.9998764866046647;0.9999999999999999;0.9997472135846678;0.9998692421904682;1.0;1.0;1.0018471310320824;0.9998741038896661;0.9999658622977392;0.9999814048973946;1.0002636708050896;1.024999976158142;
2016-06-14 19:30:00;0.999965184404179;1.0;1.0;0.9999829356899183;0.9998266153232629;1.0;1.0020367264743744;0.9999879110344654;0.9998625048993478;1.0;1.0;1.0;1.0004931118660574;0.9999867080685744;0.9999895627257746;0.9999999999999999;0.9999972970910993;0.9998260992952827;1.0006855507444303;0.9999384416778581;0.999953505071262;0.9999923909519463;0.9999979714581824;1.0019306741087282;1.0020798731902159;0.999941622714381;0.9999939547174388;0.9999972081805606;1.0006827477933267;1.0002139435675717;0.9999995186749808;0.9999637312094423;0.9998332708315639;1.0;0.9997454171007873;0.9998944261082827;0.9999999999999999;1.0;1.001889171933043;0.999830106226644;0.999946621015739;0.99997524414764;1.0002675539593717;1.024999976158142;
2016-06-14 19:45:00;0.99997769324308;0.9999999999999999;1.0;0.999988741898081;0.9998851150516276;1.0;1.001982057157795;0.9999910660343198;0.9999075293396626;1.0;1.0;1.0;1.0004822617968823;0.9999914293774826;0.9999940985694437;1.0;0.9999979624563271;0.9998849222179687;1.0006675278760233;0.9999584043910235;0.9999698494738809;0.9999938013205557;0.9999984845751136;1.0018792206697387;1.002023745247167;0.9999608614198752;0.9999953283834166;0.999998199723519;1.0008587334667847;1.0003880411333645;1.000139662358959;1.00003029315594;0.9998898556463985;1.0;0.9997658458275736;0.9999079329923319;1.0;1.0;1.0018387999943612;0.9998877933788817;0.9999648087320154;0.9999827948189591;1.000262698795668;1.024999976158142;
2016-06-14 20:00:00;0.99995649803478;1.0;1.0;0.9999774319437756;0.9998041930892706;1.0;1.0021396604612411;0.9999857267372253;0.9998434768974812;1.0;1.0;0.9999999999999999;1.000517405251768;0.9999851981846458;0.9999890274418277;1.0;0.9999957996087199;0.9998035054886368;1.0007202844466307;0.9999269187934604;0.9999414519113469;0.9999909754234112;0.999996855589749;1.00202727770687;1.0021857996092152;0.9999263293922395;0.9999927455270726;0.9999968571456831;1.0009269839394437;1.0004141177010832;1.0001538575749782;1.000038260812512;0.9998119171356795;1.0;0.9997388073247924;0.999914191257842;1.0;1.0;1.0019848901561188;0.9998083872958953;0.9999326599485037;0.999970662796174;1.0002807205343671;1.024999976158142;
2016-06-14 20:15:00;0.9999266495018423;1.0;1.0;0.999961709714159;0.9996817308786989;0.9999999999999999;1.0021798559531894;0.9999780721771975;0.9997477755855858;1.0;1.0;0.9999999999999999;1.000522739685539;0.9999736878530059;0.999978089626323;1.0;0.9999930851068082;0.9996811536498259;1.000734222943423;0.9998825552794847;0.9999049472126393;0.9999904117036242;0.999994862350394;1.0020635517401806;1.0022282168229084;0.999880557734483;0.9999924592801401;0.9999943476059499;1.0009978459240936;1.0005043965254925;1.0002088777234825;1.0000758071887634;0.9996915507883366;1.0;0.9997768769380008;0.9999523399947048;1.0;1.0;1.0020215572234867;0.9996860668644656;0.9998911972608444;0.9999541518835477;1.0002810311182266;1.024999976158142;
2016-06-14 20:30:00;0.9999631796022296;1.0;1.0;0.9999805831265133;0.9998407946339821;1.0;1.0019850875152305;0.9999884884863789;0.999872803910985;1.0;1.0;0.9999999999999999;1.0004807463482142;0.9999877894001707;0.9999907328713464;1.0;0.9999962707860873;0.9998402586884804;1.0006683975546369;0.9999398969770844;0.9999508000392461;0.9999932407642476;0.9999972135515403;1.0018808983410246;1.00202784245513;0.999938143624914;0.9999945437406956;0.9999974211975499;1.000916644542317;1.00044022115929;1.0001923790736897;1.000068254869628;0.999846784795999;1.0;0.9997597288019634;0.9999516585623376;1.0;1.0;1.0018415722727292;0.9998439523881272;0.9999434778650611;0.9999760827812633;1.0002610662090432;1.024999976158142;
2016-06-14 20:45:00;0.9999345464979266;1.0;1.0;0.9999703346690266;0.9996535702708125;0.9999999999999999;1.0021164272409624;0.9999787787063991;0.9997303958221867;1.0;1.0;1.0;1.0005061166356284;0.9999713348805849;0.99997404241914;1.0;0.9999968684002755;0.9996528031610624;1.000712261096861;0.9998845718238069;0.9999158914816746;0.9999898876686434;0.999997637823396;1.0020062070643132;1.00216114914254;0.9998967702182948;0.9999918688674152;0.9999939011712541;1.0010417527635092;1.000560723304406;1.0002575237457025;1.0001007612310475;0.9996645751942262;1.0;0.9997919524283735;0.9999622055722759;1.0;1.0;1.0019617793499698;0.9996582539452326;0.9999048356182766;0.9999548496954082;1.000270970169152;1.024999976158142;
2016-06-14 21:00:00;0.9999517866670337;1.0;1.0;0.9999747055385524;0.9998279577608965;1.0;1.0020329135616246;0.9999895783478222;0.9998647236957726;0.9999999999999999;1.0;1.0;1.000489242570562;0.999988511663177;0.9999910353602969;1.0;0.9999952841311244;0.9998257873601542;1.0006830879918942;0.9999311219559739;0.999932335344688;0.9999918026608683;0.999996371633881;1.0019255125387376;1.0020775357061824;0.9999211290641603;0.9999916943806011;0.9999975482280463;1.000949705143131;1.0004657416760123;1.0002078584293945;1.0000779357298728;0.9998363712816257;0.9999999999999999;0.9997598869925817;0.9999602565928342;1.0;1.0;1.0018862798384174;0.9998329003624659;0.9999244250795819;0.9999735603887054;1.0002657878145618;1.024999976158142;
2016-06-14 21:15:00;0.9999236700854858;1.0;1.0;0.9999591591749832;0.9997075292685957;1.0;1.002155635306961;0.9999802806156753;0.999768058341356;1.0;1.0;1.0;1.0005159740246317;0.9999774500360511;0.9999819997197323;0.9999999999999999;0.9999920982196674;0.9997058032903052;1.0007252114574847;0.9998859386093044;0.9998976375504718;0.9999893749129706;0.9999940543004489;1.0020398211039065;1.0022043451295883;0.9998750933699525;0.9999904389242777;0.9999951097719246;1.0010308973484328;1.000524510653897;1.000238685617154;1.0000919534002675;0.9997184292395374;1.0;0.9997586757203563;0.9999607925620974;1.0;0.9999999999999999;1.0019997359705253;0.9997131332850183;0.9998839249010888;0.9999558625872533;1.0002782609819694;1.024999976158142;
2016-06-14 21:30:00;0.999895158188029;1.0;1.0;0.9999505467314538;0.9995108491717738;0.9999999999999999;1.0021702533093149;0.9999725060886078;0.9996222543979958;1.0;1.0;1.0;1.0005114211915906;0.9999590727198167;0.9999609763008152;1.0;0.9999939937340707;0.9995089229605293;1.0007292399548489;0.9998324553669817;0.9998651434511282;0.9999895893257477;0.9999954374879625;1.002055186138435;1.0022178330926916;0.999838874094605;0.9999903637221703;0.999991251888698;1.0010667000540234;1.0005710457819896;1.0002696140609837;1.0001139721283783;0.999525458484712;1.0;0.9997777263185053;0.9999855437750179;1.0;1.0;1.0020109183586956;0.9995164961756783;0.9998492177836844;0.9999365097027278;1.0002707523486212;1.024999976158142;
2016-06-14 21:45:00;0.9999272219445192;1.0;1.0;0.9999663974510792;0.9996462985385831;1.0;1.002110616451663;0.9999792114063196;0.9997253346001512;1.0;1.0;1.0;1.000502779703337;0.9999723673574206;0.9999752293725841;1.0;0.9999960525443135;0.9996443597704614;1.0007092454192943;0.9998784058496712;0.9999032338040761;0.9999879609870737;0.9999969542605391;1.002000129748489;1.0021558822059402;0.9998847683147295;0.9999891826359947;0.9999941158010258;1.000986430221015;1.0004840074057573;1.000216000072168;1.0000807076240021;0.9996593825484484;0.9999999999999999;0.9997502414476939;0.999957107858136;1.0;1.0;1.0019567000721323;0.9996526295989939;0.9998915526304789;0.9999527785016706;1.0002694250784947;1.024999976158142;
2016-06-14 22:00:00;0.9999156319883483;1.0;0.9999999999999999;0.9999575877829062;0.9996404358552986;1.0;1.0021525299574106;0.9999776128292368;0.9997183123086627;1.0;1.0;1.0;1.0005125215044028;0.9999716838868994;0.9999755573813139;0.9999999999999999;0.9999931659703868;0.9996384756291148;1.000723736418498;0.999868411744861;0.9998879487982596;0.9999883129336653;0.9999948249489911;1.002037750864405;1.002200423728145;0.999864850130185;0.9999894120895636;0.9999938930890157;1.001060060246901;1.0005724470698254;1.000267360459809;1.0001110653459033;0.9996532861672365;0.9999999999999999;0.9997872002920556;0.9999798875123992;1.0;0.9999999999999999;1.0019960820069351;0.9996466395226657;0.9998737267276397;0.9999492511262427;1.0002748340032483;1.024999976158142;
2016-06-14 22:15:00;0.9999141407594246;1.0;1.0;0.9999567515826489;0.9996244601688161;1.0;1.0021698089269324;0.9999754520182996;0.9997040799856227;1.0;1.0;1.0;1.0005170117638655;0.9999709641293842;0.9999760980872681;1.0;0.9999928424938455;0.999622547358596;1.0007296527114904;0.9998621828444764;0.999885142935237;0.9999857909833199;0.9999945898328902;1.002054052580129;1.0022181298015191;0.9998600193704623;0.9999876506094275;0.9999937314443562;1.001058831999354;1.0005620371469146;1.0002573835191906;1.0001011634692878;0.9996385984111874;1.0;0.9997791662741006;0.9999633759514072;1.0;1.0;1.0020121932608042;0.9996316600175037;0.9998698595085102;0.9999460654162395;1.0002774203068308;1.024999976158142;
2016-06-14 22:30:00;0.9999600823215935;1.0;1.0;0.9999816619758044;0.9998052822434308;1.0;1.0019763237460952;0.9999881033650416;0.9998478893086233;1.0;1.0;1.0;1.0004761759591192;0.9999861993283745;0.9999886966885474;1.0;0.9999977292511161;0.9998037122224468;1.0006643346526298;0.9999317143676697;0.9999445543279101;0.9999905454748352;0.9999982160916858;1.001873757350714;1.002018076261998;0.9999345375691386;0.9999914561240515;0.9999970887583618;1.000897841748995;1.000417191185201;1.0001834411471369;1.0000675054017067;0.9998142034537545;1.0;0.9997462050898793;0.9999609164728352;1.0;0.9999999999999999;1.0018331254062736;0.9998102980519556;0.9999377925687306;0.999972909161745;1.000258078143217;1.024999976158142;
2016-06-14 22:45:00;0.9999658729092789;1.0;1.0;0.9999840673239483;0.999829918921461;1.0;1.0018912074949209;0.9999884979416107;0.9998653662631339;1.0;1.0;1.0;1.0004570017562784;0.9999888128839487;0.9999921896618145;1.0;0.9999977258571757;0.9998284638523537;1.0006359063657368;0.9999388869131722;0.9999511083585676;0.9999893299325748;0.9999982216572706;1.0017930839162246;1.0019311740820762;0.9999413422285232;0.9999907100374749;0.9999976404901412;1.0009066073359387;1.000466523355915;1.0002109731902193;1.0000804154026723;0.9998388080954558;1.0;0.999794740963198;0.9999623861984133;1.0;1.0;1.0017544902296587;0.9998353489331974;0.999944581427304;0.9999750288277269;1.0002484176757127;1.024999976158142;
2016-06-14 23:00:00;0.9999686102813894;0.9999999999999999;1.0;0.9999850450995672;0.9998398700447537;1.0;1.0018692180640485;0.9999886636764628;0.9998726196451773;1.0;1.0;1.0;1.0004525644533713;0.9999889235505494;0.999992224999818;0.9999999999999999;0.9999977152859963;0.9998389081969513;1.0006289580059393;0.9999426509476806;0.9999559696153429;0.9999905504638392;0.9999982484540599;1.001772176994756;1.0019086929275285;0.9999457396122204;0.999992135875634;0.9999976685476291;1.0008997051716575;1.000465366224499;1.0002110665497352;1.000080504574216;0.9998475604624572;1.0;0.9997987442187968;0.9999624466570851;0.9999999999999999;1.0;1.0017340494529643;0.999844440306624;0.9999496069018677;0.9999764697483259;1.0002459972576985;1.024999976158142;
2016-06-14 23:15:00;0.999970132672001;1.0;1.0;0.9999851468970542;0.9998489590132973;1.0;1.0018617519012616;0.9999884439272849;0.9998785419985157;1.0;1.0;1.0;1.0004516270128219;0.9999894635287057;0.999993175921632;1.0;0.9999973725831011;0.9998483020552142;1.0006268241972682;0.9999447246238442;0.9999583179546194;0.9999906859720687;0.9999980172224179;1.001764850338595;1.0019012365276105;0.9999471872888248;0.9999925719903663;0.999997777505014;1.0008914520282532;1.00045478468;1.0002105984941159;1.000084977783457;0.9998560979295262;1.0;0.9997898549873432;0.9999764628276535;1.0;1.0;1.0017272509207744;0.9998532507590575;0.9999517225344967;0.9999770532712433;1.0002457114410481;1.024999976158142;
2016-06-14 23:30:00;0.9999717588535527;1.0;1.0;0.9999858861958296;0.9998542834769197;1.0;1.0018464485052845;0.9999889356930409;0.9998831494256104;1.0;1.0;1.0;1.0004482803324644;0.9999889444098415;0.9999920623726222;1.0;0.9999975479019592;0.9998540508326238;1.000622041257996;0.9999477199013009;0.9999621156561815;0.9999926348780865;0.9999981762066047;1.0017503842674034;1.0018854972322613;0.9999510541894694;0.9999944448525571;0.9999976715284209;1.0008938058348804;1.0004650845689236;1.0002104556117024;1.0000785115073982;0.999860078790605;0.9999999999999999;0.9998034798545488;0.9999569593966019;1.0;1.0;1.0017128928392272;0.9998574672144498;0.9999559141731341;0.9999785141607698;1.0002436142267896;1.024999976158142;
2016-06-14 23:45:00;0.9999731397082872;1.0;1.0;0.9999873481423025;0.9998577826064939;1.0;1.0018095223529229;0.9999901573233572;0.9998874461506047;0.9999999999999999;1.0;1.0;1.0004387665805643;0.9999892683507791;0.9999916266811014;0.9999999999999999;0.9999982199073963;0.9998573079427175;1.0006092813438523;0.9999505791716762;0.999963814182889;0.9999932750044543;0.9999986545817025;1.001715805622938;1.0018474758559612;0.9999547452865284;0.9999946364846839;0.9999977473738426;1.0008797352423033;1.0004622841216164;1.0002148061217653;1.0000870895254206;0.9998635361291066;1.0;0.9998082019045798;0.9999769240299062;0.9999999999999999;0.9999999999999999;1.0016785089439544;0.999860881662298;0.9999584912635934;0.9999799566495862;1.0002383032960804;1.024999976158142;
2016-06-15 00:00:00;0.9999752423417796;1.0;1.0;0.9999883450517197;0.9998740295299985;1.0;1.0018232900931865;0.9999914346669837;0.9999003708871899;1.0;0.9999999999999999;1.0;1.0004422709751026;0.9999910342382325;0.9999932553455184;1.0;0.9999983384453581;0.9998732913289364;1.0006136733097564;0.9999554551415766;0.9999656926086327;0.9999932591148061;0.9999987234774996;1.0017289222724646;1.0018615397158734;0.9999580418341787;0.9999943326076851;0.999998116745099;1.0008795690165744;1.0004578432555795;1.0002068349381898;1.000078208789858;0.9998797774505548;0.9999999999999999;0.9998070929353147;0.999960907486909;1.0;1.0;1.001691449817829;0.9998773284526037;0.9999609184855459;0.9999819245171159;1.000240609754247;1.024999976158142;
2016-06-15 00:15:00;0.999975717716323;1.0;1.0;0.9999885973479538;0.999864585483896;1.0;1.001788309047892;0.9999900165720288;0.9998919055573561;1.0;1.0;1.0;1.0004342672128161;0.9999901526103412;0.9999930072849151;1.0;0.999998321999709;0.999864168976491;1.0006022114067112;0.9999527527693834;0.9999666819153549;0.9999923839628069;0.9999987339140185;1.0016958063648282;1.0018257302944873;0.9999575895822653;0.999994060436874;0.9999979351339949;1.0008651310136885;1.000456245497945;1.0002065495250911;1.0000801118487597;0.9998705464017762;1.0;0.999816957660523;0.9999667761803048;1.0;1.0;1.0016589349028406;0.9998680069023763;0.999961396535461;0.9999804017040544;1.0002361698709745;1.024999976158142;
2016-06-15 00:30:00;0.9999743191270507;1.0;1.0;0.9999880909919017;0.9998626001669266;1.0;1.00178320736417;0.9999905901961734;0.9998913606223547;0.9999999999999999;1.0;1.0;1.0004324004392458;0.9999898608787634;0.9999921641484322;1.0;0.9999984021096158;0.9998620243972409;1.0006003044253249;0.9999523929403582;0.9999650032370222;0.9999931340494416;0.9999987817955468;1.0016909794604643;1.0018205297261418;0.999956597658065;0.9999944229823721;0.9999978755278651;1.000870159689691;1.0004619584456067;1.0002131542945978;1.0000852341492605;0.9998684432295681;1.0;0.9998168961241701;0.9999734034975493;1.0;0.9999999999999999;1.0016541217623636;0.9998658310615492;0.99995995656029;0.999980644803483;1.0002349469963554;1.024999976158142;
2016-06-15 00:45:00;0.9999784770882012;1.0;1.0;0.9999897981486409;0.9999031877346043;1.0;1.0017624537242287;0.9999944093831382;0.9999247739285496;1.0;1.0;1.0;1.00042751379327;0.9999929296128393;0.9999938249210373;1.0;0.9999986272061783;0.9999023714712657;1.0005930511223833;0.9999655372124109;0.9999705535949776;0.9999961024926673;0.9999989308543515;1.00167125842215;1.0017994334680536;0.9999655376271602;0.999996291356518;0.9999985210167508;1.000871573813838;1.0004696582476602;1.000212689120577;1.0000779482596267;0.999907303432999;1.0;0.9998277945775815;0.9999520682588355;0.9999999999999999;1.0;1.0016350281916244;0.9999053813077391;0.9999671456571626;0.9999866492879997;1.0002326686439862;1.024999976158142;
2016-06-15 01:00:00;0.9999846488918914;1.0;1.0;0.9999928985571593;0.9999221113077202;0.9999999999999999;1.0017168319989702;0.9999952233258318;0.9999392830161211;1.0;1.0;1.0;1.0004177127752147;0.9999938365092395;0.9999945408553877;0.9999999999999999;0.999999143425979;0.9999218066216421;1.0005781536619425;0.9999734822638864;0.999979806399091;0.999997336345597;0.9999993472386121;1.0016283199929739;1.001752521106591;0.9999754558130061;0.999997747005466;0.9999987141240076;1.000849938078596;1.000462051699825;1.0002162104407994;1.0000890612503126;0.9999248834848312;1.0;0.9998321711269887;0.9999807484751317;0.9999999999999999;1.0;1.0015926601223364;0.9999234259873244;0.999977189763503;0.9999896088922449;1.0002274748130084;1.024999976158142;
2016-06-15 01:15:00;0.99997999644327;1.0;1.0;0.9999904887948183;0.9998975814879761;1.0;1.0017182147802148;0.9999933819735913;0.9999197050183263;1.0;1.0;0.9999999999999999;1.0004175061999083;0.9999915826520781;0.9999926194326254;1.0;0.9999987211952802;0.9998974193267701;1.0005787806650868;0.9999650193129777;0.9999742632616706;0.9999968332082583;0.9999990460010136;1.0016293723574854;1.0017541019411267;0.9999678261435926;0.9999975432523703;0.9999982415944597;1.0008820160664216;1.0005071804731938;1.0002369992705633;1.0000950957924897;0.9999008276471143;1.0;0.9998595014347752;0.9999711121689685;1.0;1.0;1.0015938028110836;0.9998989972881142;0.9999706337985352;0.9999862387552458;1.000226903124869;1.024999976158142;
2016-06-15 01:30:00;0.9999822624814204;1.0;1.0;0.9999915979988315;0.9999059891575367;1.0;1.0017122699162657;0.999993589551804;0.9999257843479252;0.9999999999999999;1.0;1.0;1.000416545799983;0.9999925835097015;0.9999939174301469;0.9999999999999999;0.9999988297146026;0.9999058054915594;1.000576775132379;0.9999676704560775;0.9999766915874737;0.9999962323034262;0.9999991244848297;1.0016238395109158;1.0017479648564862;0.9999705984861454;0.9999970872506909;0.9999984510892118;1.0008745193324118;1.000499230642436;1.0002327866826983;1.0000931536148656;0.999909373014018;1.0;0.9998566539243107;0.999970884860944;1.0;0.9999999999999999;1.0015883976743776;0.9999076667379656;0.9999732309979152;0.999987015731492;1.0002266872247865;1.024999976158142;
2016-06-15 01:45:00;0.9999819068672001;1.0;1.0;0.9999916549507752;0.9999094445205828;1.0;1.0016637936072288;0.9999943915089105;0.999929229075386;1.0;0.9999999999999999;1.0;1.000404215128069;0.9999932766747364;0.9999943373755368;1.0;0.9999989645025598;0.9999088962108731;1.0005601374682855;0.9999686554509392;0.9999754201261227;0.9999960873568761;0.9999991982691846;1.0015779439114523;1.001698481039832;0.9999705056781311;0.9999965780989865;0.9999985956967962;1.0008928100648684;1.0005464270681037;1.0002634324567674;1.0001128262316177;0.9999132080679433;1.0;0.9998921827583835;0.9999891624004734;0.9999999999999999;1.0;1.0015434850892497;0.9999114483932553;0.9999722927325567;0.9999875897943;1.000220037910402;1.024999976158142;
2016-06-15 02:00:00;0.9999798846933265;1.0;1.0;0.9999905679735324;0.9999047084356723;1.0;1.001652787963008;0.9999942368427895;0.9999256207573946;1.0;1.0;1.0;1.0004011069422836;0.9999930872843913;0.9999941752539118;1.0;0.9999987531913952;0.9999039917153202;1.0005562715857954;0.999966397854937;0.9999724023962717;0.9999958081731248;0.9999990307004115;1.0015673569460808;1.0016873946829286;0.9999672998360635;0.9999961903429655;0.9999985568569529;1.00090458406064;1.000569899578861;1.000271448723272;1.0001123376227705;0.9999088296594232;0.9999999999999999;0.999912513748829;0.9999769715596571;1.0;1.0;1.001533294001173;0.9999069498558651;0.9999690319149289;0.9999867904267112;1.0002182978604253;1.024999976158142;
2016-06-15 02:15:00;0.999979043031998;1.0;1.0;0.9999900730634067;0.9999021581281645;1.0;1.001662672254139;0.9999942464670939;0.9999239415907655;1.0;0.9999999999999999;1.0;1.0004033899462421;0.9999924569151356;0.999993255925829;1.0;0.9999986906342381;0.9999015715959858;1.000559714804593;0.9999657999289587;0.9999720283407606;0.9999966508113518;0.9999989937173139;1.0015766515031297;1.0016975190328061;0.9999666840201983;0.99999694089937;0.9999984244695883;1.0008995030964176;1.000559523052564;1.000267056600642;1.0001123177475622;0.9999058284871555;1.0;0.9999040294347425;0.9999827824810101;1.0;1.0;1.0015423790287723;0.9999039594187339;0.9999686356486739;0.9999867685606121;1.0002193282484813;1.024999976158142;
2016-06-15 02:30:00;0.9999824787186864;1.0;1.0;0.9999919547476045;0.9999204694817431;1.0;1.0016393502242003;0.9999957859320067;0.9999388037555763;1.0;0.9999999999999999;1.0;1.000397984543114;0.9999941334479535;0.9999945631096301;1.0;0.9999990838685636;0.9999197328382984;1.0005517286234145;0.999972304108763;0.9999761054305366;0.9999971411718024;0.9999992730487317;1.0015547711976345;1.0016735553817453;0.9999725874252494;0.9999971269708471;0.99999877493706;1.0008977456690988;1.0005672381090882;1.0002733923441651;1.0001174107884672;0.9999237871708468;1.0;0.9999129625186617;0.9999896533626285;0.9999999999999999;1.0;1.001520839036418;0.9999221801999427;0.9999735775542342;0.9999894237070033;1.000216681361072;1.024999976158142;
2016-06-15 02:45:00;0.9999842316700236;0.9999999999999999;1.0;0.9999926796840213;0.9999123711783349;1.0;1.001654092227299;0.9999936475444883;0.9999301968750522;1.0;0.9999999999999999;1.0;1.0004027041956722;0.9999937525005247;0.9999955684556088;1.0;0.9999989613559932;0.9999120175045688;1.0005570902280094;0.9999694542491698;0.9999781485562459;0.9999949281834929;0.9999992095987085;1.0015688105609677;1.0016885047079394;0.9999725027839403;0.9999959605626988;0.9999986953962323;1.0008977509215913;1.0005636990535067;1.0002662932016158;1.0001099128317297;0.9999163812078585;1.0;0.9999123634265644;0.9999765429861487;1.0;1.0;1.0015345817562604;0.9999147068807761;0.9999747881484479;0.9999873403145925;1.0002195044759776;1.024999976158142;
2016-06-15 03:00:00;0.9999855009411581;1.0;1.0;0.9999933051647973;0.9999220488862084;1.0;1.0016349022229625;0.9999947547249686;0.9999385275466169;1.0;1.0;1.0;1.000398052138859;0.9999941446919975;0.999995326896571;0.9999999999999999;0.9999991316935445;0.9999217549357312;1.0005506313714096;0.9999732230425155;0.999980440573582;0.9999963730192093;0.9999993393440444;1.001550654351734;1.00166886866842;0.9999757331172309;0.9999970661823638;0.9999987801206129;1.0008840612101246;1.0005503322056004;1.0002620526058452;1.0001097935320564;0.9999252206470264;1.0;0.999906515142765;0.9999818234188491;1.0;1.0;1.001516721347009;0.9999237500420908;0.9999776400552892;0.9999891738405061;1.0002169004840935;1.024999976158142;
2016-06-15 03:15:00;0.9999798939075376;0.9999999999999999;1.0;0.9999897169413138;0.9999088907419038;1.0;1.0016331649950834;0.999993802273367;0.9999279045167658;0.9999999999999999;1.0;1.0;1.000397051360587;0.9999927075137004;0.999993942953403;1.0;0.9999982130978086;0.999908667261048;1.0005501911864365;0.9999669046659969;0.9999736965533401;0.9999968837896267;0.9999986671794151;1.001548323681485;1.001667632059627;0.9999670434966664;0.9999975116720474;0.9999984770806722;1.0009080463183289;1.0005864263721647;1.000283256196972;1.00012247722621;0.9999119410771242;1.0;0.9999267081200461;0.9999917650044852;1.0;1.0;1.0015151047115325;0.9999103310857008;0.9999698992442639;0.9999869898845549;1.0002160224232797;1.024999976158142;
2016-06-15 03:30:00;0.9999880432524721;1.0;1.0;0.9999934049577115;0.9999483389048378;1.0;1.0016130384532964;0.9999957940407501;0.9999579874806362;1.0;1.0;1.0;1.0003938061743223;0.9999961509909979;0.9999974805589297;1.0;0.9999985531642659;0.9999482456075777;1.00054356515305;0.9999798391736494;0.9999838960395685;0.9999973152919572;0.9999989269761717;1.0015294410474842;1.0016469365910239;0.9999790618541047;0.9999979668377923;0.999999197502434;1.0008939144197664;1.000574154029817;1.000272594242624;1.000112167843323;0.9999503985753565;1.0;0.9999272790537933;0.9999748988214961;1.0;1.0;1.001496721027762;0.9999495080300397;0.9999811957641668;0.9999917716866664;1.0002150902000335;1.024999976158142;
2016-06-15 03:45:00;0.9999878743063487;1.0;1.0;0.9999942733633008;0.9999403681597027;1.0;1.0016248287672918;0.9999957390244483;0.9999523360430945;1.0;1.0;1.0;1.0003959637843631;0.9999965897554615;0.9999981551500239;1.0;0.9999990881594193;0.9999396896417868;1.0005469310146333;0.9999778592735278;0.9999817948303474;0.9999952213912074;0.9999992802901271;1.001541094046903;1.0016586842717141;0.999978258714465;0.9999958109901385;0.9999992894584122;1.000877731992735;1.0005444684983769;1.0002604989736585;1.0001101089833315;0.9999440931801787;1.0;0.9999041354641087;0.9999848643044428;1.0;0.9999999999999999;1.0015076871492052;0.9999428222812754;0.9999793073422076;0.9999907487877391;1.0002164324960188;1.024999976158142;
2016-06-15 04:00:00;0.9999890494985225;1.0;1.0;0.9999950507288486;0.9999425640926399;1.0;1.0016080533889198;0.9999959923733343;0.9999543050249037;1.0;0.9999999999999999;0.9999999999999999;1.0003919709515778;0.9999966301800896;0.9999980278601127;0.9999999999999999;0.9999993215163019;0.9999419468931094;1.000541321392631;0.9999793133749918;0.999983582613717;0.9999955353392052;0.9999994565987694;1.0015253378877416;1.0016414226732229;0.9999804510090952;0.9999961048876737;0.9999992987071118;1.000867849989532;1.0005392071922206;1.000257524648688;1.0001090444181833;0.9999460707955486;1.0;0.9999065341492835;0.999985585033622;1.0;1.0;1.001492074812078;0.999944844893477;0.9999813660634332;0.9999913442298893;1.0002142160463705;1.024999976158142;
2016-06-15 04:15:00;0.9999856322617162;1.0;1.0;0.9999931740852795;0.999925556443812;1.0;1.001653593505581;0.9999945806139977;0.9999405061292569;0.9999999999999999;1.0;1.0;1.0004027708850922;0.9999951219596664;0.9999968729660305;1.0;0.9999989280213066;0.9999250403647663;1.0005567656036218;0.9999731226936168;0.9999793938379152;0.9999950121579538;0.999999173640048;1.001568289655114;1.0016880755067041;0.9999745957079705;0.9999958407853785;0.9999989822987989;1.0008558865043815;1.0005193018748146;1.0002341902853757;1.0000932058896868;0.9999294576466689;1.0;0.999902143148111;0.9999689969009017;1.0;1.0;1.0015342579784683;0.9999279770297745;0.9999763577221299;0.999988827826748;1.0002198525748833;1.024999976158142;
2016-06-15 04:30:00;0.9999859878061702;1.0;1.0;0.999993094098571;0.9999360873928734;0.9999999999999999;1.0016356214893816;0.999995584252861;0.9999491432111061;0.9999999999999999;0.9999999999999999;1.0;1.0003983522091051;0.999995904707719;0.9999972771512977;1.0;0.999998831322505;0.9999354901050382;1.0005506544373124;0.9999760959557815;0.9999798913304068;0.9999958988107787;0.9999990966684289;1.001551112377653;1.0016698571330973;0.9999758055502735;0.9999963884000875;0.9999991456000857;1.0008488746569812;1.0005179747483564;1.0002372862213618;1.000099099156418;0.9999394979347083;0.9999999999999999;0.9999039542721669;0.9999826036364903;0.9999999999999999;1.0;1.001517650998385;0.9999382048746113;0.999977173711195;0.9999902795249571;1.0002175301822827;1.024999976158142;
2016-06-15 04:45:00;0.9999885617105092;1.0;0.9999999999999999;0.9999941731480768;0.9999458999717051;0.9999999999999999;1.0016323738669606;0.9999959055172479;0.999956479433451;1.0;1.0;1.0;1.0003982618609095;0.9999963284631653;0.9999976557627214;1.0;0.9999989089432566;0.9999455952783786;1.0005498243322746;0.9999797237019973;0.9999839360086243;0.9999966241661908;0.9999991744006195;1.001548061469672;1.0016664751724766;0.9999798598221543;0.999997235048222;0.9999992351168103;1.00084722202114;1.0005173361400015;1.0002349237345936;1.0000958302541108;0.9999485361506972;0.9999999999999999;0.9999059774549555;0.9999759108805799;1.0;1.0;1.0015146374562098;0.9999475066320899;0.9999814695194637;0.9999916439229317;1.0002175708308387;1.024999976158142;
2016-06-15 05:00:00;0.9999923719959269;1.0;1.0;0.9999964967043797;0.9999516902920143;1.0;1.0016246135795492;0.9999959217022724;0.9999606390267747;0.9999999999999999;1.0;0.9999999999999999;1.0003970173000343;0.9999970318963699;0.9999986610404112;1.0;0.9999994218754251;0.9999514668015927;1.0005472528363388;0.9999828120662608;0.9999885988824588;0.999995846236988;0.9999995581811031;1.0015411192036445;1.0016582078422684;0.9999851090651573;0.9999967657145854;0.9999993830761106;1.000859477672144;1.0005313801697104;1.000241486707128;1.0000942166283098;0.999954510950777;1.0;0.9999124668228843;0.9999622965866994;0.9999999999999999;0.9999999999999999;1.001507447571567;0.999953555816338;0.9999865187837101;0.9999924449565633;1.0002171295218536;1.024999976158142;
2016-06-15 05:15:00;0.9999932899205755;1.0;1.0;0.9999964205114752;0.9999713329137049;1.0;1.00162145924789;0.999997666496827;0.9999765958705392;1.0;1.0;1.0;1.0003963355735;0.9999983534400725;0.9999993067897761;1.0;0.9999992261994074;0.9999710588615531;1.0005461569647258;0.9999884508835862;0.9999901119847294;0.9999976297190785;0.9999994104020296;1.0015378732422509;1.001655212692548;0.9999877302237851;0.999997992386903;0.9999996581460665;1.0008719217061288;1.0005416258960567;1.0002527709755098;1.0001015099360233;0.9999730807931302;0.9999999999999999;0.9999099338175641;0.9999692720048748;1.0;1.0;1.0015046261277738;0.9999725059445493;0.9999885906250677;0.9999951580359252;1.0002169102988947;1.024999976158142;
2016-06-15 05:30:00;0.9999918119063712;1.0;0.9999999999999999;0.9999956814617963;0.9999661040550867;1.0;1.0016267993312942;0.9999975008998433;0.9999727354962329;1.0;0.9999999999999999;1.0;1.0003973330368168;0.9999978221241959;0.9999986577831644;1.0;0.9999991338419362;0.9999658100916585;1.0005479350610718;0.9999866528610825;0.9999883549865831;0.9999978224325055;0.9999993409280346;1.0015428622379599;1.0016607221144305;0.9999857401085293;0.9999981088760588;0.9999995472332074;1.0008760074487966;1.0005432575796236;1.0002522359719177;1.0000988380076568;0.999967875477977;1.0;0.9999092900605889;0.9999619190583238;1.0;1.0;1.0015095341837938;0.9999672127914876;0.9999866904059554;0.9999945820620105;1.0002173016405318;1.024999976158142;
2016-06-15 05:45:00;0.9999877236329879;0.9999999999999999;1.0;0.999994020946436;0.9999451331285776;1.0;1.0016934897818575;0.9999964639867159;0.9999567313123685;0.9999999999999999;1.0;1.0;1.0004128307592643;0.9999963764976524;0.9999973184993207;1.0;0.9999990537448002;0.9999445955633592;1.0005701034916028;0.999979711668024;0.9999825816689584;0.999996874218207;0.9999992648059223;1.001606160082068;1.0017288006691794;0.9999793497118578;0.9999971562949306;0.9999992449274991;1.0009134065577958;1.0005660520657371;1.000264988336993;1.0001055889178136;0.9999479223941292;0.9999999999999999;0.9999036230345459;0.9999653771546765;1.0;1.0;1.0015712785359252;0.999946807916171;0.999980377425042;0.9999918945373696;1.0002254817290082;1.024999976158142;
2016-06-15 06:00:00;0.9999868643030634;1.0;1.0;0.9999934270634262;0.9999467762821261;1.0;1.001701394633899;0.9999966587520811;0.9999580410567729;0.9999999999999999;1.0;1.0;1.0004146627248598;0.9999966910602932;0.9999976334228745;1.0;0.9999988754284425;0.9999460993518531;1.0005726395392132;0.9999795207023949;0.9999810894825634;0.9999967849819911;0.9999991235955421;1.0016135429291724;1.0017369971654018;0.9999779502244952;0.9999969373767145;0.9999993101159498;1.0009089700837623;1.0005634216511985;1.000264990265905;1.0001108997886874;0.9999497030474338;1.0;0.9999034749613925;0.9999814077581;1.0;1.0;1.0015786693279463;0.9999485896240821;0.9999788185624296;0.9999918948558919;1.0002265662877967;1.024999976158142;
2016-06-15 06:15:00;0.9999896722448696;1.0;1.0;0.9999951024326594;0.9999532624370558;0.9999999999999999;1.0018030991689686;0.9999968249048439;0.9999627766783622;0.9999999999999999;0.9999999999999999;1.0;1.0004402370102183;0.9999976302430376;0.9999988710147549;1.0;0.9999992116090303;0.9999525273330991;1.0006066600787196;0.9999821349946477;0.9999840873371237;0.9999959077707127;0.999999367318749;1.0017103733456865;1.0018405576155929;0.9999815866817426;0.9999962419066168;0.9999995075912523;1.000974840013863;1.0006105420519307;1.0002933154751672;1.0001276853123944;0.9999565312612955;1.0;0.9999006554338655;0.9999947762816481;1.0;1.0;1.0016730283684527;0.9999554773290918;0.9999821143942733;0.999992589410302;1.0002408865512644;1.024999976158142;
2016-06-15 06:30:00;0.999991080090426;0.9999999999999999;1.0;0.9999953132370225;0.9999629206255181;1.0;1.0018693592878962;0.9999971203107774;0.999969893767703;1.0;1.0;1.0;1.0004569660679477;0.9999979772004693;0.9999991604284889;1.0;0.9999990231280059;0.9999624734285015;1.0006292161986183;0.999985007066286;0.9999866881477499;0.9999968575698572;0.9999992485758248;1.0017730294289267;1.0019082964596786;0.9999838414627618;0.9999972447462673;0.9999995790334859;1.000974004842403;1.0005819630537323;1.0002769968184335;1.0001205685595542;0.9999653078825806;1.0;0.9998695616806049;0.9999957614848839;0.9999999999999999;1.0;1.0017345335989611;0.9999645362474916;0.9999847691894819;0.9999937583492334;1.0002501084357465;1.024999976158142;
2016-06-15 06:45:00;0.9999862893603646;1.0;1.0;0.9999934672217754;0.9999364399282068;1.0;1.0019179071608753;0.9999959081717033;0.9999499051153196;1.0;1.0;1.0;1.0004678405293912;0.9999958674162099;0.9999969844183696;1.0;0.9999990240464227;0.9999358028203547;1.0006452913606594;0.9999767837991469;0.9999803880515069;0.9999962072158337;0.9999992359350874;1.0018191735682616;1.0019577964017388;0.999976820165056;0.999996566000583;0.9999991392753822;1.0009661400658703;1.0005481615826095;1.0002527780692712;1.0001023029657459;0.9999397667218809;0.9999999999999999;0.9998410916254749;0.9999729585192099;1.0;1.0;1.0017793403680322;0.9999384603826915;0.9999779180354327;0.9999906663939834;1.0002555594865123;1.024999976158142;
2016-06-15 07:00:00;0.9999747844667422;1.0;0.9999999999999999;0.999988138819925;0.9998673931021275;1.0;1.0019432409573807;0.9999896973254707;0.9998927924978345;0.9999999999999999;1.0;1.0;1.0004725159111474;0.9999928143310416;0.9999970926994126;1.0;0.999998004305745;0.9998659701876889;1.00065325520666;0.9999505673776725;0.9999611864812531;0.9999878912995762;0.9999984291686157;1.0018428992358417;1.0019840313800878;0.9999526999862326;0.9999897119733968;0.9999984948546418;1.0008763752016503;1.0005032999748735;1.0001836381825229;1.0000674520510464;0.9998762171420256;0.9999999999999999;0.9998955402687689;0.9999598814342281;1.0;0.9999999999999999;1.0018030353633538;0.9998733900183159;0.999955387248826;0.9999787811122478;1.00025814568937;1.024999976158142;
2016-06-15 07:15:00;0.9999677845518041;1.0;1.0;0.9999836778390386;0.9998236552845923;1.0;1.0021249211527785;0.9999839327493788;0.9998539935539359;1.0;1.0;1.0;1.0005174241444021;0.9999903132121895;0.9999977003560102;0.9999999999999999;0.9999965054465255;0.9998224621443484;1.0007147819077258;0.9999322295660357;0.9999504936148501;0.9999823718577155;0.999997340446831;1.0020144820053292;1.002170054948903;0.9999356863694623;0.9999859970549356;0.9999979507296898;1.000908122117989;1.0005000817526621;1.0001532386697365;1.0000392428684208;0.999835271593853;1.0;0.9998857215291019;0.9999167175164689;1.0;0.9999999999999999;1.0019718060763017;0.9998317411992447;0.9999414548617843;0.9999700023407021;1.0002828810741136;1.024999976158142;
2016-06-15 07:30:00;0.9999705635644482;1.0;1.0;0.9999852002533249;0.9998444137972987;1.0;1.0020390789221134;0.9999876259805017;0.9998743698224378;1.0;1.0;1.0;1.0004959943346843;0.9999885545641634;0.999992456803299;0.9999999999999999;0.9999973036153651;0.9998441688569292;1.000686734385148;0.9999436988621004;0.9999599160417986;0.9999910241119725;0.9999979952773995;1.0019331585864149;1.0020821212112894;0.999947615143408;0.9999932725920019;0.9999975858817635;1.0008571097851802;1.0004730797495998;1.00014457400404;1.0000446282668578;0.9998510668614317;1.0;0.9998928429283463;0.9999436580362662;1.0;1.0;1.001891575800149;0.9998482652675867;0.9999530310959147;0.9999764962953989;1.0002698751377945;1.024999976158142;
2016-06-15 07:45:00;0.9999561077376686;0.9999999999999999;1.0;0.9999791039697596;0.9997833855022105;1.0;1.0021607418025005;0.9999862612750391;0.9998304012377407;1.0;1.0;0.9999999999999999;1.0005219976135868;0.9999826514546184;0.9999849105783749;1.0;0.9999971652790612;0.9997826887734879;1.0007270521858505;0.9999250184073676;0.9999425253267132;0.9999927212153641;0.9999978616160948;1.0020484105177145;1.0022064202299656;0.9999293940706516;0.9999939900873793;0.9999963390548058;1.0008754451126194;1.000461453506624;1.0001184843325974;1.0000195780524723;0.9997908401677468;1.0;0.9998779870571065;0.9999036718280332;1.0;1.0;1.0020037507401818;0.9997868701225643;0.9999348042563363;0.9999705785939005;1.0002823184754697;1.024999976158142;
2016-06-15 08:00:00;0.9999660629536943;1.0;1.0;0.9999841353949035;0.9998240896557898;1.0;1.0021874651998668;0.9999882371130449;0.9998613079279849;1.0;1.0;1.0;1.0005306117438464;0.9999868892146846;0.9999895844969119;1.0;0.9999978532216937;0.9998233025053146;1.00073579579611;0.9999388135872482;0.9999539727630872;0.9999917475331086;0.9999983623771593;1.002074361532502;1.0022332962248408;0.9999433426895511;0.9999931905645609;0.9999972450698174;1.0009051089614045;1.0004860297286868;1.00013419224845;1.000026957146936;0.9998313809066057;1.0;0.9998805782798185;0.9999058085740903;1.0;1.0;1.0020288159127548;0.9998280415840075;0.999947538902517;0.9999753538942185;1.0002881762029152;1.024999976158142;
2016-06-15 08:15:00;0.9999818961327028;0.9999999999999999;0.9999999999999999;0.9999904359872923;0.9999072844423151;1.0;1.0021399519708472;0.9999918681875467;0.9999238439578245;0.9999999999999999;1.0;1.0;1.0005228722712636;0.9999937694618798;0.9999969017339932;1.0;0.9999979434075753;0.9999070593980747;1.0007204048054095;0.9999647714252639;0.999974409127945;0.9999931619984609;0.99999846827767;1.002029256284796;1.002184820750217;0.9999660734915957;0.9999948331530452;0.9999986924004757;1.0008799265465607;1.0004801711673832;1.0001172425554012;1.0000077001756236;0.999911934853965;1.0;0.9999048350073589;0.9998706211784615;0.9999999999999999;0.9999999999999999;1.0019853823877858;0.9999102487293566;0.9999696973566276;0.999984925114218;1.000285684021741;1.024999976158142;
2016-06-15 08:30:00;0.9999782177591466;1.0;1.0;0.9999890078023459;0.9998973521009411;1.0;1.0022123295495253;0.9999922600248535;0.9999174407415563;1.0;1.0;1.0;1.000539358848315;0.9999932858920044;0.9999959154680522;1.0;0.9999979711951292;0.9998966353858622;1.0007441709278002;0.9999613506677514;0.9999689200179847;0.999993121179822;0.9999984542824872;1.0020979382842925;1.0022587484954597;0.9999614472761778;0.9999942577420594;0.9999985908537155;1.0008817357911282;1.0004658544259741;1.000095110599622;0.9999895377200694;0.9999026959418961;1.0;0.9998976076965289;0.9998463508022456;1.0;1.0;1.0020524320080855;0.9999006927841726;0.9999642630255345;0.9999840168595995;1.0002944842351609;1.024999976158142;
2016-06-15 08:45:00;0.9999827040011606;1.0;1.0;0.9999914855336794;0.9999106154384167;1.0;1.0022585888961706;0.9999930417825597;0.9999278973205499;1.0;1.0;1.0;1.0005515041659123;0.9999941172797426;0.9999965422061778;0.9999999999999999;0.9999984869336225;0.9999101208379538;1.0007597679706657;0.9999671566803104;0.9999752645553089;0.9999937551567871;0.9999988500158492;1.002142190865015;1.0023056360545566;0.9999687651402117;0.9999949604691348;0.999998769731331;1.0008930402998368;1.0004574187785045;1.000087735575448;0.9999811708480827;0.9999152653908069;1.0;0.9998815508251645;0.9998320378528087;1.0;0.9999999999999999;1.0020952643842265;0.9999135343767926;0.9999713230231153;0.9999861974475533;1.0003012906499653;1.024999976158142;
2016-06-15 09:00:00;0.9999886350960303;1.0;1.0;0.9999943349346739;0.9999326920794533;1.0;1.002281875344817;0.99999400603289;0.9999446645433286;1.0;1.0;1.0;1.0005584320767913;0.9999956582234283;0.9999980692081247;1.0;0.9999988670760356;0.9999325299125531;1.0007678171676873;0.9999753251324488;0.9999835015398431;0.9999944560727673;0.9999991535338916;1.0021645146670102;1.002329168419153;0.9999778372708893;0.9999958338647155;0.9999990941500387;1.000839178818646;1.0003687455852215;1.0000409257407468;0.9999592724755463;0.999936341899131;1.0;0.9998252731625538;0.9998291907725065;1.0;1.0;1.002116910744004;0.999935081230699;0.9999802929784131;0.9999891842203638;1.0003054444153356;1.024999976158142;
2016-06-15 09:15:00;0.9999829589863858;0.9999999999999999;1.0;0.9999917823892409;0.9998972609860458;1.0;1.0022682712503943;0.9999910295824103;0.9999157844581906;1.0;1.0;1.0;1.0005543083648496;0.9999936726139339;0.9999973630925707;1.0;0.9999984564680626;0.9998968368570982;1.0007631169920825;0.9999625571456869;0.9999746728375438;0.9999910654748244;0.9999988325019983;1.0021514978853499;1.0023154100096507;0.9999666045971712;0.9999931041581884;0.9999986764738014;1.00084163656303;1.0003804974731907;1.000049377287245;0.9999666975343927;0.9999032230356317;0.9999999999999999;0.9998343885535483;0.9998395853356484;1.0;1.0;1.0021043100917484;0.9999012285834418;0.999969939331351;0.9999835362323489;1.0003030180865997;1.024999976158142;
2016-06-15 09:30:00;0.9999873186933373;0.9999999999999999;0.9999999999999999;0.9999934502831772;0.999924127211756;1.0;1.0023489740382425;0.9999927678548514;0.9999368944032996;1.0;1.0;1.0;1.0005750399355509;0.9999952534266676;0.9999983874526732;1.0;0.9999985354101113;0.9999240032736573;1.0007904078008032;0.9999715792735966;0.9999813474139189;0.999993147055756;0.9999989117409841;1.0022280124429532;1.00239777849505;0.9999743277675852;0.9999949347795237;0.9999990076015537;1.000794045621872;1.0002780459227683;0.9999955097489588;0.9999438241185302;0.9999284257188222;1.0;0.9997578540670047;0.9998442105292716;1.0;1.0;1.0021792007743024;0.9999270238413797;0.999977435450202;0.9999873352694456;1.0003146178505853;1.024999976158142;
2016-06-15 09:45:00;0.9999811378990905;1.0;1.0;0.9999912356089453;0.9998698369678921;1.0;1.0023768330611014;0.9999876738152057;0.9998919203628553;1.0;1.0;1.0;1.000581138944012;0.9999928739038313;0.9999986577831645;1.0;0.9999982798838591;0.9998692198132514;1.0007994745644941;0.9999525245060429;0.9999700384971855;0.9999860766957873;0.9999986888048669;1.002254652151478;1.002426124984757;0.9999595594678031;0.9999893014558339;0.9999985019766828;1.0008502470069636;1.000353640204778;1.0000261126224503;0.999951383974484;0.9998786005526502;0.9999999999999999;0.999803808609318;0.9998258977794924;1.0;1.0;1.0022051408186223;0.9998759862591208;0.9999638329904099;0.9999782848360461;1.0003180271290124;1.024999976158142;
2016-06-15 10:00:00;0.9999698099821761;1.0;1.0;0.9999859600238732;0.9997749417434627;1.0;1.0024258020713526;0.9999776453195872;0.9998117261219441;1.0;1.0;1.0;1.0005925489260517;0.9999876096924492;0.9999983651243831;1.0;0.9999970755692509;0.9997742450206245;1.0008162297415468;0.999918169548122;0.9999515896387804;0.9999750543542283;0.9999977955100132;1.0023008071370316;1.0024763335423204;0.9999323786290363;0.9999812846195638;0.9999973734028402;1.0008825559376144;1.000371463377662;1.000033756385374;0.9999501055779119;0.9997900887934233;1.0;0.9997981283588151;0.9998117361887452;1.0;0.9999999999999999;1.002250739775812;0.9997856561496148;0.9999405720131397;0.9999619718378898;1.0003241854333793;1.024999976158142;
2016-06-15 10:15:00;0.9999719916788108;1.0;1.0;0.9999865718816239;0.9998226740381594;1.0;1.0024410504048153;0.9999841327826358;0.9998542168236563;0.9999999999999999;1.0;1.0;1.0005955689663812;0.9999888914906153;0.9999954797587308;0.9999999999999999;0.9999974648129439;0.9998221580122134;1.0008212260488216;0.999935897488713;0.9999584773229363;0.9999844676668415;0.9999980950957739;1.0023150665144835;1.0024920182231807;0.9999442004298498;0.9999882560876732;0.9999976594789727;1.000848864651558;1.0003500247535917;1.0000155560977373;0.9999511446822006;0.9998327984956844;1.0;0.999807934342783;0.9998401294489067;1.0;1.0;1.0022645175551206;0.999829406477765;0.9999502933695715;0.999971576423976;1.0003251609460833;1.024999976158142;
2016-06-15 10:30:00;0.9999787021954643;1.0;1.0;0.9999899799809958;0.999879092177208;1.0;1.0024061386276697;0.9999904201603529;0.9999023303694473;1.0;1.0;1.0;1.0005868658345412;0.9999922907213258;0.999995807261511;1.0;0.9999983623640442;0.9998784152927548;1.0008090944851797;0.9999565339412657;0.9999689119286205;0.9999907411003187;0.9999987454116952;1.0022822087181882;1.0024561957121707;0.999960534374555;0.9999925899808418;0.9999983849461528;1.0008454789987427;1.0003301220511307;1.0000146809546198;0.9999457145929486;0.9998857645337366;1.0;0.999781520220639;0.9998252189978102;1.0;1.0;1.0022320503935516;0.999883377027319;0.9999637971391064;0.9999814054095401;1.0003204686430882;1.024999976158142;
2016-06-15 10:45:00;0.9999834438574396;0.9999999999999999;1.0;0.9999924412951544;0.9998960770845146;0.9999999999999999;1.002429972269992;0.9999916534275964;0.9999160931265143;1.0;0.9999999999999999;1.0;1.0005935189904167;0.9999928862014612;0.9999957659253527;0.9999999999999999;0.9999988732808007;0.9998958030529873;1.0008173413539636;0.9999639282177601;0.999976495445248;0.999992670449006;0.9999991502629035;1.0023051041670794;1.0024802205736831;0.9999691928448446;0.9999944250930415;0.9999985137888142;1.0007285873170861;1.0002195303800039;0.9999175086335413;0.9998916870911346;0.9999012530274062;0.9999999999999999;0.9997798573183152;0.9997931737278815;1.0;1.0;1.0022540248621181;0.9998992780090714;0.9999723028763554;0.999984483026798;1.0003241022369458;1.024999976158142;
2016-06-15 11:00:00;0.9999813580455629;1.0;1.0;0.9999897756128261;0.9999184895289673;1.0;1.0023936602613763;0.9999933565513522;0.9999337131912895;1.0;1.0;1.0;1.0005847792847964;0.9999939667189108;0.9999961064333213;1.0;0.9999977856463906;0.9999183273643705;1.0008054469432575;0.9999682903087707;0.9999747912695802;0.9999956449684797;0.9999983563967542;1.0022697031808792;1.0024439372120753;0.9999672589583578;0.9999966888895249;0.9999987336374037;1.0008487044208103;1.000341971337625;1.0000160523166897;0.9999417385326145;0.999921805330173;1.0;0.9997955071636273;0.9998111713544281;1.0;1.0;1.0022205734371534;0.9999203921309306;0.9999705683163096;0.9999870233922735;1.0003194019651866;1.024999976158142;
2016-06-15 11:15:00;0.9999824523084316;0.9999999999999999;1.0;0.9999907064318772;0.9999095544516324;0.9999999999999999;1.0023853181024691;0.9999919586913064;0.9999255345033712;1.0;1.0;1.0;1.0005831871839015;0.9999940021237655;0.9999971721268962;1.0;0.9999979743441627;0.9999093309706282;1.0008025972291363;0.9999655181404038;0.9999750531047271;0.9999930989989585;0.9999984911910819;1.0022620878328703;1.0024352070914362;0.9999668287137405;0.999994789604302;0.9999987416966866;1.0008368419314997;1.0003289253673675;1.0000181225649767;0.9999527512692269;0.9999141921143844;1.0;0.9997839799303023;0.9998412753280749;1.0;1.0;1.0022128949319347;0.9999125434040419;0.9999704032095212;0.9999851752062038;1.0003187908987647;1.024999976158142;
2016-06-15 11:30:00;0.9999867807416634;1.0;1.0;0.9999932705405723;0.9999327309728089;0.9999999999999999;1.0023302693181229;0.9999943852999885;0.9999451167208003;1.0;1.0;1.0;1.0005695740317548;0.9999958019881758;0.999998005531697;1.0;0.9999986570398296;0.9999323450803447;1.0007838901555264;0.9999745380042883;0.9999807390776188;0.99999464819623;0.9999989830260756;1.0022101908148608;1.002378764979404;0.9999753436396401;0.9999957235902659;0.9999991214559221;1.000775709199188;1.000260513236355;0.9999793060332532;0.9999286833244886;0.9999365099609607;0.9999999999999999;0.9997578264731936;0.9998202330990524;0.9999999999999999;1.0;1.002161867628607;0.9999352052658365;0.9999774880350619;0.9999891247342974;1.0003115137077938;1.024999976158142;
2016-06-15 11:45:00;0.9999867446560514;1.0;0.9999999999999999;0.9999937386776677;0.9999230257536228;1.0;1.0023582150948174;0.999993594386922;0.9999373179270561;1.0;0.9999999999999999;1.0;1.0005763754448984;0.9999954354714364;0.9999980468679901;0.9999999999999999;0.9999989052771983;0.9999225295833272;1.0007930940462901;0.999971920367576;0.9999800422088747;0.9999932449219858;0.9999991582719024;1.002236982397884;1.002407082259729;0.9999745065153476;0.9999945918050971;0.9999990465277674;1.0007812159145821;1.0002662725385854;0.9999797481110435;0.999931277363896;0.999927705744656;1.0;0.9997623191967981;0.9998279909503675;1.0;1.0;1.0021877277802247;0.9999261547441005;0.999976622534594;0.9999877633930769;1.0003152554237176;1.024999976158142;
2016-06-15 12:00:00;0.9999784325533977;0.9999999999999999;1.0;0.9999884427982672;0.9999047219548279;1.0;1.0023861623241224;0.9999919261428212;0.9999217981175137;0.9999999999999999;1.0;1.0;1.0005822598840783;0.9999944280688351;0.9999978178858646;1.0;0.999997451433541;0.9999039455088106;1.00080243407216;0.9999617306608263;0.9999682452961598;0.9999919681411729;0.9999980669723909;1.0022624710551191;1.002436482575009;0.9999599983301787;0.9999933622199403;0.9999988280169454;1.0007992645810153;1.0002831184039243;0.9999871223876851;0.9999351506975144;0.9999104506707174;1.0;0.9997677455208668;0.9998299372894806;0.9999999999999999;1.0;1.0022138867981534;0.9999085782884187;0.9999631188639782;0.9999838007811014;1.0003184171520316;1.024999976158142;
2016-06-15 12:15:00;0.9999702235277157;1.0;1.0;0.999985520212885;0.9997845237243301;1.0;1.002519823144723;0.9999779842477138;0.9998187004061118;1.0;1.0;1.0;1.0006158972359787;0.9999881555762197;0.9999989058482244;1.0;0.999996698042656;0.9997839878089915;1.0008478556867746;0.9999203113757816;0.9999525147410308;0.9999758027414745;0.9999975285071518;1.0023896625824553;1.0025725406412391;0.9999328946042183;0.9999820017978021;0.9999974937060403;1.0008377770116053;1.0002639003827327;0.9999751469757581;0.99992129512758;0.9997989896048817;1.0;0.9997157252739062;0.9998055890826749;1.0;0.9999999999999999;1.0023379982155378;0.9997948147843713;0.9999414135861772;0.9999628982416343;1.000337092739582;1.024999976158142;
2016-06-15 12:30:00;0.9999781091817979;0.9999999999999999;0.9999999999999999;0.9999894972288867;0.9998534470416263;1.0;1.0024705213489056;0.999985909607497;0.9998778937226158;1.0;0.9999999999999999;1.0;1.0006036439369956;0.9999919427971041;0.9999985941814382;0.9999999999999999;0.9999978031960971;0.9998528115502169;1.0008308621141637;0.9999458687344315;0.999965480863729;0.9999843459279616;0.9999983361468943;1.0023432038254132;1.002521983395491;0.9999531241991789;0.9999880363157628;0.999998308228036;1.0008337584250133;1.0002892133432035;0.9999705390903842;0.9999031074423314;0.9998632222930008;1.0;0.9997612442770553;0.9997572375905284;0.9999999999999999;1.0;1.002292075513782;0.9998603176690661;0.9999582422901745;0.9999752677600166;1.0003303119340796;1.024999976158142;
2016-06-15 12:45:00;0.9999618322977878;1.0;1.0;0.999982790127993;0.999799045913483;0.9999999999999999;1.0025938148214748;0.9999880433105002;0.9998441436315493;1.0;0.9999999999999999;1.0;1.0006285172679983;0.9999833330919181;0.9999845765822394;1.0;0.9999982508484578;0.999798542197426;1.0008721693454203;0.999933419613174;0.999951070743693;0.9999945499790355;0.9999986753443113;1.0024599763751285;1.0026477915301817;0.9999403601593437;0.9999955198488266;0.9999964963775871;1.0008745446887295;1.0002825585525577;0.9999808198822533;0.9999192584651316;0.9998053252606378;1.0;0.9997110792872109;0.999793393091712;1.0;1.0;1.0024050898172459;0.9998016414204596;0.99994482702243;0.9999741436771661;1.0003405809439785;1.024999976158142;
2016-06-15 13:00:00;0.9999374954042631;1.0;1.0;0.9999721436867557;0.9996427062905204;1.0;1.002680666427346;0.9999767525790816;0.9997201899988761;1.0;1.0;1.0;1.0006461733089984;0.9999705448390398;0.9999743388622803;1.0;0.9999971786110905;0.9996424032528493;1.0009018001459986;0.999882354693138;0.9999199314058609;0.9999879959653186;0.9999978990437377;1.00254207044821;1.0027365410066398;0.9998991640284276;0.9999910245455733;0.9999937598667111;1.0010159044099742;1.0004530500928968;1.0000775615333273;0.9999754499378891;0.9996542638501237;1.0;0.9997830972295727;0.9998325085983669;1.0;1.0;1.0024848348183424;0.9996478254923171;0.9999083778075066;0.9999530516955074;1.0003478114180417;1.024999976158142;
2016-06-15 13:15:00;0.9999734407517283;1.0;1.0;0.9999880054377979;0.999831756060148;1.0;1.0025286784609517;0.9999868792127501;0.9998648692808696;1.0;1.0;1.0;1.0006161918925072;0.9999877816294374;0.99999185565971;1.0;0.9999983649352583;0.9998315325965319;1.0008505991769119;0.9999426801756571;0.999963456880644;0.9999896313202745;0.999998779100215;1.0023985728538716;1.0025810465974851;0.999951878653472;0.9999922947020421;0.9999974385591635;1.000814328072848;1.0002444877220202;0.9999555875952184;0.9999109097855642;0.9998392818330863;1.0;0.999720490771251;0.9998011820073265;1.0;1.0;1.002345264108137;0.9998361613994565;0.9999569836623629;0.9999756287257101;1.0003355830715988;1.024999976158142;
2016-06-15 13:30:00;0.9999780980953444;1.0;1.0;0.9999898109027672;0.9998710856241889;1.0;1.0025000626666722;0.9999897585045466;0.9998959222330027;0.9999999999999999;1.0;0.9999999999999999;1.000609763843767;0.9999915025829009;0.9999951485090232;1.0;0.999998396838583;0.9998705205845924;1.000840670246266;0.9999543105098577;0.9999684151895538;0.999990520138236;0.9999987786651733;1.00237134427816;1.0025519956508806;0.9999594559374286;0.9999925551393855;0.9999982189974382;1.0007329192124474;1.0002103683340526;0.9999057253339164;0.9998871139185342;0.999877883759809;1.0;0.9997718989838215;0.9997962679989054;1.0;0.9999999999999999;1.002319068284161;0.9998753786707512;0.9999630780986487;0.9999804351127721;1.0003328461250494;1.024999976158142;
2016-06-15 13:45:00;0.9999778006208038;1.0;1.0;0.999989644554899;0.9998667044526598;1.0;1.0024701314213846;0.9999888141158165;0.9998913635263398;1.0;1.0;1.0;1.0006026698442398;0.9999920642153631;0.9999966504123275;1.0;0.9999982271689526;0.9998659065336585;1.0008304507138515;0.9999517449672528;0.9999664962220862;0.9999882101793357;0.9999986372707492;1.002342961060763;1.002521501625123;0.9999569293137304;0.9999906352465922;0.9999983363723017;1.0008538621489242;1.0003123003108787;0.9999998403430898;0.9999328075179476;0.9998747894697242;1.0;0.9997592833187462;0.9998074667387689;1.0;1.0;1.0022914770974727;0.9998721132419914;0.999960634581757;0.9999788683591883;1.0003293275665937;1.024999976158142;
2016-06-15 14:00:00;0.999977528969375;0.9999999999999999;1.0;0.9999894669040261;0.9998741359427494;1.0;1.00245238281031;0.999990050174194;0.9998982624733922;0.9999999999999999;1.0;1.0;1.000597916533395;0.9999923550899017;0.9999961701095088;0.9999999999999999;0.9999982717091442;0.9998732460845257;1.0008243795808878;0.999954338772102;0.9999665731028569;0.9999897249194032;0.9999986636546321;1.0023260562251604;1.0025034488972129;0.9999580551387396;0.9999916226483948;0.9999983984757578;1.0008403675561095;1.000302410168174;0.99999580789243;0.999932913656493;0.999881538304527;1.0;0.9997581135639986;0.9998129759413545;1.0;1.0;1.0022749818813463;0.9998789924760371;0.9999612036264901;0.9999804064693699;1.000326607009638;1.024999976158142;
2016-06-15 14:15:00;0.9999813292325883;1.0;1.0;0.999991545916809;0.9998892369543454;1.0;1.002477517215094;0.9999913909745074;0.9999108292279741;1.0;1.0;1.0;1.000604565735924;0.9999929836294147;0.999996099930624;1.0;0.9999987678302757;0.9998885799697975;1.0008329261645832;0.9999608938277051;0.9999725571546676;0.999991454961397;0.9999990456806002;1.0023501795480254;1.0025288343935863;0.9999653761231757;0.9999931255910839;0.9999985326947579;1.0008668181250429;1.0003304164091045;1.0000054513510996;0.9999323908314852;0.9998954334087629;1.0;0.9997730131236418;0.9997995097929263;0.9999999999999999;1.0;1.002298184099397;0.9998932153738219;0.9999681087543627;0.999983231435442;1.0003302325484398;1.024999976158142;
2016-06-15 14:30:00;0.9999866208642713;1.0;1.0;0.9999938718858641;0.9999215393987263;1.0;1.0024253527827214;0.9999939530078036;0.9999369390578551;1.0;1.0;1.0;1.0005926457302128;0.999994840249616;0.9999969208167584;1.0;0.999999096287281;0.999921144338774;1.0008156023945047;0.9999723923928819;0.9999806949389293;0.999994352314582;0.9999993061565898;1.002300777275257;1.002475494862156;0.9999755156388138;0.9999955005439283;0.9999989237194339;1.0008165243882619;1.0002979197101947;0.9999847414657701;0.9999265332266803;0.9999256838158225;1.0;0.9997793059655787;0.999808743859739;1.0;1.0;1.0022498198432268;0.9999241413065771;0.9999775534545818;0.999988245305177;1.000323901844606;1.024999976158142;
2016-06-15 14:45:00;0.9999833361749314;1.0;1.0;0.9999920359488612;0.9999017855661761;1.0;1.0024450576061072;0.9999920299358684;0.9999205006563089;1.0;1.0;1.0;1.000596954847091;0.9999932109509841;0.9999959633926876;0.9999999999999999;0.9999986599913964;0.9999015513471412;1.0008224424893977;0.9999651980016004;0.9999765596227265;0.9999932689084453;0.9999989958367844;1.0023191302223893;1.0024958103109378;0.9999692142517387;0.9999948998600723;0.9999985819650564;1.0007853388392542;1.0002634785983346;0.9999584684033359;0.9999151077558948;0.9999065475153793;1.0;0.9997725144691483;0.9998101395343101;1.0;1.0;1.0022680898655842;0.9999047127715164;0.9999723779137847;0.9999851251692797;1.000326001903031;1.024999976158142;
2016-06-15 15:00:00;0.9999828098119364;1.0;1.0;0.9999917479463688;0.999895238680973;1.0;1.0023559444276042;0.9999911229363353;0.9999146336152983;1.0;1.0;1.0;1.0005753758821467;0.9999929568855347;0.9999962560503406;1.0;0.9999985359774343;0.9998950152031684;1.0007926354889163;0.9999626496631933;0.9999754560906324;0.999992143989815;0.999998905178463;1.0022345938621393;1.0024048723490873;0.9999672880970178;0.99999410269554;0.9999985287586239;1.0007179486253384;1.0002187206537516;0.9999263721841671;0.9998960948456409;0.9999005771946377;1.0;0.9997798602909072;0.999793132342037;1.0;1.0;1.0021854962618233;0.999898618169562;0.999970837225988;0.9999837974588456;1.0003142630165698;1.024999976158142;
2016-06-15 15:15:00;0.9999807577014941;1.0;1.0;0.9999911965326297;0.9998746902851453;1.0;1.0022828231517988;0.9999895786970211;0.9998983397133242;1.0;1.0;0.9999999999999999;1.0005567194647333;0.9999914314217763;0.9999951740211456;0.9999999999999999;0.9999986367630748;0.9998744668119333;1.0007682389607115;0.9999565094551796;0.9999726178980577;0.9999908126465383;0.999998979468386;1.0021652868803175;1.0023301444414012;0.9999634365210583;0.9999931448219342;0.9999982055309001;1.0006940315123352;1.0001888487585928;0.9999267309449101;0.9998997297260631;0.9998809712733119;1.0;0.9997527040070926;0.9998023062009319;1.0;1.0;1.0021176457222556;0.9998786137196833;0.9999674471687825;0.9999810925204503;1.0003037565431219;1.024999976158142;
2016-06-15 15:30:00;0.9999823310966502;1.0;1.0;0.9999918358873102;0.9998981962958087;1.0;1.0022811640430005;0.9999919958227059;0.9999178472552462;1.0;0.9999999999999999;1.0;1.0005560255400952;0.9999936597164947;0.9999966406635595;1.0;0.9999987245335283;0.9998975500406984;1.0007672325643024;0.9999635509372159;0.9999739091608507;0.9999919395130086;0.999999014518543;1.0021636618048715;1.0023285718740331;0.9999671184626058;0.9999934860720697;0.99999867325632;1.0007391680902458;1.0002406268887305;0.9999569255204505;0.999909886704343;0.9999040131437311;1.0;0.999773263731435;0.9997930678193893;1.0;1.0;1.0021162694072698;0.9999019687640955;0.9999696816597549;0.9999843621168916;1.0003037228634946;1.024999976158142;
2016-06-15 15:45:00;0.9999832434720282;1.0;1.0;0.9999915260437353;0.9999187584367014;1.0;1.0022462099853795;0.9999934104016158;0.9999338738619427;1.0;1.0;1.0;1.0005477367667466;0.9999952964573304;0.9999979832660707;1.0;0.9999983291649582;0.999918052441804;1.0007554779884238;0.999968744763835;0.9999750173085807;0.9999930851160229;0.9999987189008352;1.002130122748212;1.0022932299801954;0.9999688704344621;0.9999942438771672;0.9999990155943169;1.0007337816856143;1.0002561050590004;0.9999588940060303;0.9999073926757605;0.9999237531948946;1.0;0.9997996608466156;0.999782610156417;0.9999999999999999;1.0;1.0020840489271554;0.9999221063755699;0.9999710899133043;0.9999866995550417;1.0002995004864663;1.024999976158142;
2016-06-15 16:00:00;0.9999824548497876;1.0;1.0;0.9999911865733526;0.9999104369624094;1.0;1.0022108673706298;0.9999927704776663;0.9999273418636668;1.0;0.9999999999999999;1.0;1.0005389779701863;0.9999942055050047;0.9999968697196752;1.0;0.9999983248360401;0.9999099515337848;1.0007438769823547;0.9999665735352948;0.9999747612567039;0.9999933996743403;0.9999987311756533;1.002096570429278;1.0022571224078898;0.9999678675556204;0.9999947149161439;0.9999987863063717;1.000723519508277;1.000233339401514;0.999973232612149;0.9999313335967619;0.9999152223140104;1.0;0.9997629656142456;0.9998348296710566;0.9999999999999999;1.0;1.0020511772249008;0.9999134945162743;0.9999706131127416;0.9999858546481935;1.0002944302344121;1.024999976158142;
2016-06-15 16:15:00;0.9999784636887915;1.0;1.0;0.9999897114084871;0.9998804663158408;1.0;1.0022173113999842;0.9999905689118799;0.9999035083309313;1.0;1.0;1.0;1.000539829756841;0.9999921586859185;0.9999955112837703;1.0;0.9999982778052686;0.9998798690612295;1.0007459863141395;0.9999569151272725;0.9999690002365638;0.9999913205804863;0.9999986886655281;1.002102768971901;1.002263630724193;0.9999605275747967;0.9999930951511026;0.999998355062097;1.0007502909811545;1.000267643430338;0.9999927253606878;0.9999412393386767;0.9998867802934118;0.9999999999999999;0.999778670528218;0.9998383594327916;0.9999999999999999;1.0;1.0020570470619437;0.999884455756389;0.9999639002262886;0.9999816869264517;1.0002945716440899;1.024999976158142;
2016-06-15 16:30:00;0.9999759237865349;1.0;1.0;0.9999886024786347;0.9998632570054031;1.0;1.0021195040060833;0.9999894450374094;0.9998900879377528;1.0;1.0;1.0;1.0005156485945745;0.9999904248682275;0.9999938156645586;1.0;0.9999982019039038;0.9998628114165933;1.0007133026722768;0.9999517392403902;0.999966346081509;0.9999912883822661;0.9999986433519914;1.002009985539508;1.002163777823832;0.9999567338639019;0.999993240330138;0.9999979942783604;1.0006904053601136;1.000230756120655;0.9999732072560523;0.9999341114900545;0.999869729261369;0.9999999999999999;0.9997839939040788;0.9998410292055429;1.0;1.0;1.0019661603640406;0.9998671482545054;0.9999607552479435;0.99997967424031;1.0002809357951448;1.024999976158142;
2016-06-15 16:45:00;0.9999789977942108;0.9999999999999999;1.0;0.9999898284965972;0.9998782908857012;1.0;1.0020899851159675;0.9999901868198801;0.9999015996556831;1.0;1.0;1.0;1.0005090939498866;0.9999912685834439;0.9999944935072685;1.0;0.9999982620131459;0.9998781164006326;1.000703618076066;0.9999569283796879;0.9999710306790844;0.999992319352047;0.9999987066713333;1.0019819518382826;1.002133629485301;0.9999617377231198;0.9999942830726115;0.9999981743509597;1.0006691060235553;1.0002033873039506;0.9999507971051136;0.9999095841357345;0.9998837857018783;0.9999999999999999;0.9997754196773798;0.9997969063521528;1.0;1.0;1.0019388184717515;0.9998815623738437;0.9999658419122214;0.9999817312023648;1.000277499616832;1.024999976158142;
2016-06-15 17:00:00;0.9999742195298408;1.0;1.0;0.999988080285262;0.9998571237149843;1.0;1.0020364023565156;0.9999901583403388;0.9998870822691781;1.0;1.0;1.0;1.000494435938723;0.9999889869570961;0.9999912044722753;1.0;0.999998446565768;0.9998567991425714;1.0006853990850468;0.9999513074389682;0.9999657173550427;0.999993634230586;0.9999988321808688;1.0019311877269579;1.0020788746975748;0.9999567153273127;0.9999950619779514;0.9999976998936468;1.0005824649814858;1.0001465059222048;0.9999135904810006;0.9999058050492224;0.9998625955249641;1.0;0.9997867241400723;0.9998344264141633;1.0;1.0;1.001888791815714;0.9998599668276296;0.9999605599290922;0.9999802398331474;1.0002686879046983;1.024999976158142;
2016-06-15 17:15:00;0.9999780402261247;0.9999999999999999;1.0;0.9999895565005755;0.9998825051410944;1.0;1.0019920487682776;0.9999918090630702;0.9999069544717605;1.0;1.0;1.0;1.0004842948744204;0.9999908534479169;0.9999927058675174;1.0;0.9999984972011864;0.9998822816661358;1.0006706161417667;0.9999594150171445;0.9999709613105079;0.9999949524982877;0.9999988765948246;1.0018890556529045;1.0020336488749815;0.9999631558157269;0.9999961225676374;0.9999980910939607;1.00059163060404;1.0001562851419143;0.9999327723861408;0.9999183731770733;0.9998868660675624;1.0;0.9997804592105277;0.9998464344750991;1.0;1.0;1.0018477977843805;0.9998847353957258;0.9999665386831657;0.9999835855383402;1.000263488689263;1.024999976158142;
2016-06-15 17:30:00;0.9999788509484794;1.0;1.0;0.9999894027388228;0.9998989605612387;1.0;1.0019996605512065;0.999992577807268;0.9999190940083883;1.0;1.0000000000000002;1.0;1.000486412645031;0.9999930264676791;0.999995301310549;1.0;0.999998117375397;0.9998983832069345;1.0006729593768942;0.9999626156623304;0.9999704401296814;0.9999940082625722;0.9999985718068327;1.0018960132663988;1.0020417177976049;0.99996320236768;0.9999950505237126;0.9999985406995902;1.0006206968589448;1.0001689414373607;0.9999526906985657;0.9999296533813826;0.9999037660757728;1.0;0.9997615559774179;0.9998539516891173;0.9999999999999999;0.9999999999999999;1.0018552101178766;0.999901836274181;0.9999660282600222;0.9999846851137364;1.0002652659848938;1.024999976158142;
2016-06-15 17:45:00;0.9999769665308748;1.0;1.0;0.9999885665446968;0.9998980015821324;1.0;1.002036953490024;0.9999933227970763;0.9999194620646822;0.9999999999999999;1.0;1.0;1.000494790537539;0.9999928534047859;0.9999945092581881;1.0;0.999998113975251;0.9998972020745176;1.0006852441742546;0.9999622790048949;0.999968035147806;0.9999948753732919;0.999998553721582;1.001931327014751;1.002079858091445;0.9999615697934796;0.9999954274688887;0.9999985038228201;1.0006648711670971;1.000209432606981;0.9999710120837084;0.9999318738041867;0.9999026781220833;1.0;0.9997738795544143;0.9998366867881817;0.9999999999999999;1.0;1.0018897461911345;0.9999006851465301;0.9999638554968162;0.9999850224676649;1.0002696644924574;1.024999976158142;
2016-06-15 18:00:00;0.9999781362857716;1.0;0.9999999999999999;0.9999897972375652;0.9998883490213767;1.0;1.0020093248822843;0.9999926539044293;0.9999120914246304;1.0;1.0;1.0;1.0004880959860585;0.9999918415520218;0.9999935262541089;1.0;0.999998625475841;0.9998877409986316;1.0006761026115867;0.9999610072671942;0.9999700862358658;0.9999946043658695;0.9999989441811908;1.001905518784494;1.002051286129859;0.9999635244386935;0.9999954450625763;0.9999982940108482;1.0006780216364817;1.000237538980534;0.9999848515561774;0.9999352480035176;0.9998931552884561;0.9999999999999999;0.9997956604324966;0.9998279979177161;1.0;1.0;1.0018639397905953;0.9998910030291152;0.9999660145629219;0.9999843253441613;1.0002657622731064;1.024999976158142;
2016-06-15 18:15:00;0.9999794958550705;1.0;1.0;0.9999899475663167;0.9998994643146113;1.0;1.0021064206956518;0.9999927808668289;0.9999198010201608;1.0;1.0;1.0;1.0005123864900614;0.9999930244009126;0.9999951517557121;1.0;0.9999983292081466;0.999898877784013;1.000708758474551;0.9999633778351784;0.9999713546970821;0.9999941462135422;0.999998727306644;1.0019974064644255;1.00215057065048;0.9999645375701287;0.9999951395184407;0.9999985392667592;1.0006647916121816;1.000198808967027;0.9999563936643754;0.9999258851209839;0.9999042267382883;0.9999999999999999;0.9997693391283918;0.9998397964577304;1.0;1.0;1.0019541921838357;0.9999022902379863;0.999967162882642;0.9999850177850765;1.0002794447614785;1.024999976158142;
2016-06-15 18:30:00;0.9999739441330245;1.0;1.0;0.9999849967728172;0.9999045048269442;1.0;1.0021159997222486;0.9999922227651523;0.9999220384141592;0.9999999999999999;1.0;1.0;1.0005148727553244;0.9999929683366885;0.9999955112837703;1.0;0.9999964960633092;0.9999041511559604;1.0007124826704774;0.9999601564328403;0.9999647187750386;0.9999952784661124;0.9999973923899584;1.0020050792046389;1.0021614709930131;0.9999549681888201;0.9999962125624902;0.9999985136551078;1.0007254159283607;1.0002498611792872;0.9999999147353844;0.9999489927315589;0.9999083261389616;1.0;0.9997656062664051;0.9998510282141314;1.0;1.0;1.001963404689498;0.9999066973316522;0.9999591306551077;0.999984061838013;1.0002808859475938;1.024999976158142;
2016-06-15 18:45:00;0.9999671837803206;1.0;1.0;0.9999816370781351;0.9998771332444821;0.9999999999999999;1.0020991853439074;0.9999908597907023;0.999901145401719;1.0;1.0;1.0;1.0005095213555844;0.99999049981508;0.9999929376857779;1.0;0.9999960238859611;0.9998766784780633;1.0007067868887412;0.9999505581131755;0.9999562808196443;0.9999952435197443;0.9999970372469054;1.00198880799788;1.0021445657149364;0.9999450078629751;0.9999960748962711;0.9999979911517408;1.0007233667108861;1.0002600919644709;1.0000088673307306;0.9999598374006771;0.9998815232012604;1.0;0.9997759632818712;0.9998710615884696;1.0;0.9999999999999999;1.0019476446473459;0.9998794134564535;0.9999497801586862;0.9999806138595118;1.0002773442498838;1.024999976158142;
2016-06-15 19:00:00;0.9999746055602274;1.0;1.0;0.9999864738431139;0.9998902156661856;0.9999999999999999;1.0020296203864898;0.9999919270904276;0.9999120852501172;0.9999999999999999;1.0;1.0;1.000493384829292;0.9999914916233916;0.999993567601787;1.0;0.9999973414810247;0.9998899308966207;1.0006834145329444;0.9999584420775808;0.9999662645593369;0.9999954393125926;0.9999980203967499;1.0019237910447616;1.0020727512240641;0.999957214412618;0.9999964045758055;0.999998212118204;1.0006647473136783;1.0002173709058226;0.999982372638916;0.9999475806558855;0.9998942127973012;1.0;0.9997778963327875;0.9998686552453052;1.0;1.0;1.0018829553584672;0.9998922915563174;0.9999611138866858;0.999983441250549;1.000268663915808;1.024999976158142;
2016-06-15 19:15:00;0.999984074797583;1.0;1.0;0.9999927366369304;0.9999161880641402;1.0;1.0019819427215637;0.999994479331508;0.9999340076170871;1.0;0.9999999999999999;1.0;1.0004823041931188;0.9999940467942776;0.9999953872404378;1.0;0.9999990864674818;0.9999156719899298;1.0006669350224007;0.9999709248575102;0.9999779022213209;0.9999955818231934;0.9999992904317913;1.0018798011029557;1.0020231269219917;0.9999731935628992;0.9999962504142618;0.9999987582593847;1.0007234897852435;1.0002863173968002;1.0000390512262154;0.9999774263883245;0.9999200237370641;1.0;0.9997949082726036;0.9998833848171496;1.0;0.9999999999999999;1.001838647538911;0.9999183753829011;0.9999749141783245;0.9999882213949209;1.0002630301779611;1.024999976158142;
2016-06-15 19:30:00;0.9999818559503223;1.0;0.9999999999999999;0.9999916952829234;0.9999032503772842;1.0;1.0020025947133604;0.9999933792636694;0.9999234284392441;1.0;1.0;1.0;1.000487028528978;0.9999933294299505;0.9999951517557122;1.0;0.9999989007131898;0.9999026316100447;1.0006738270135982;0.9999661472553814;0.9999744671161294;0.9999943304529694;0.9999991463092015;1.001899318996878;1.0020442761331252;0.9999688339335897;0.9999952362196226;0.9999986060276458;1.0008125159335934;1.0003666996906033;1.0000985447832917;1.0000050527485418;0.9999079409933518;1.0;0.999801532763172;0.9998875749775546;0.9999999999999999;1.0;1.001857822305523;0.9999060245330946;0.9999708906529718;0.9999861171986619;1.0002655585867317;1.024999976158142;
2016-06-15 19:45:00;0.9999582328686539;0.9999999999999999;1.0;0.9999809759337468;0.9998374162635277;1.0;1.0020313624444295;0.9999918870830384;0.9998743660436473;1.0;1.0;1.0;1.0004875633200798;0.9999929087978805;0.9999956576439702;0.9999999999999999;0.9999975380066634;0.9998333507431958;1.000680511789396;0.9999370372219363;0.9999344968913315;0.9999861526508956;0.9999979001313373;1.0019258778290148;1.0020747944238655;0.9999300120028994;0.9999855262827819;0.9999984943947479;1.000918937413785;1.0004534547933794;1.000171214887597;1.0000425513804303;0.9998501581682653;1.0;0.9997930614066731;0.9999029369972189;1.0;0.9999999999999999;1.0018850653281368;0.9998460578417135;0.9999286444597623;0.9999751470543693;1.0002659718405944;1.024999976158142;
2016-06-15 20:00:00;0.9999015320219093;1.0;1.0;0.9999514163322046;0.9997074758325529;1.0;1.0022268554522042;0.9999875239356137;0.9997750059600513;0.9999999999999999;1.0;1.0;1.000522587637128;0.9999907451391623;0.9999959535585952;1.0;0.9999919478586172;0.9996971537765332;1.0007412044717212;0.999872292114572;0.9998442266650681;0.999972388869771;0.9999933406290912;1.002107632590924;1.002278347544829;0.999836838282566;0.9999686765225294;0.9999978851695699;1.0010510530445917;1.0005483939928455;1.0002261705907707;1.0000723224039823;0.9997343253736071;1.0;0.9997875762453273;0.9999192423107678;1.0;1.0;1.002067867238671;0.9997263244901191;0.9998315216958037;0.9999512379998223;1.000285208192476;1.024999976158142;
2016-06-15 20:15:00;0.9999462049174774;1.0;1.0;0.9999744175109341;0.9998151423972758;0.9999999999999999;1.0020253381624045;0.9999912461919981;0.9998572317834454;0.9999999999999999;1.0;1.0;1.0004834984485882;0.9999929983367181;0.99999628756396;0.9999999999999999;0.9999961573383673;0.9998097044487463;1.0006774160402014;0.9999243052278785;0.9999151397025364;0.9999833000989324;0.99999678616423;1.0019192322709958;1.0020696381676581;0.9999100555741735;0.9999819503338269;0.9999984921784789;1.0009375462434074;1.0004637207524656;1.0001914287083986;1.000059095529178;0.9998307868163189;0.9999999999999999;0.9997785398138913;0.9999253742654189;1.0;1.0;1.001879874223577;0.999825955230606;0.9999078071427348;0.9999704998294248;1.0002638961648556;1.024999976158142;
2016-06-15 20:30:00;0.999978356204682;1.0;1.0;0.9999893272869096;0.9999044041070733;1.0;1.0018898587095568;0.9999934121568389;0.9999238586893534;1.0;1.0;1.0;1.0004589880287031;0.9999942975058514;0.9999965389603455;1.0;0.9999981610163822;0.9999032813357426;1.0006356497618183;0.9999635630027524;0.9999682291111646;0.9999931484342296;0.9999985657299019;1.0017918855629615;1.0019297233437308;0.9999623121130045;0.9999938264584798;0.9999988032742474;1.0008518303281193;1.0004023607181896;1.000167347236572;1.0000563299790601;0.9999100365986285;0.9999999999999999;0.9997740299590784;0.9999487857090471;1.0;1.0;1.0017535525240493;0.9999080309381089;0.9999640753249657;0.999985129143929;1.0002505420607835;1.024999976158142;
2016-06-15 20:45:00;0.9999603510234347;0.9999999999999999;1.0;0.9999816851007074;0.9998513964382066;1.0;1.0019266310461636;0.9999925440853619;0.9998848908994487;1.0;1.0;1.0;1.0004625696814198;0.9999941212699122;0.9999969365672635;1.0;0.9999974617408078;0.999847370672626;1.0006454203632258;0.9999410749505936;0.999937102256197;0.9999863805742215;0.999997846706361;1.0018264702698931;1.001967966118939;0.9999329836494358;0.9999857346154977;0.9999987489534077;1.00089381488246;1.0004489665553142;1.000191092305982;1.0000681554520348;0.9998637471538616;1.0;0.9997929136508338;0.9999525519258416;1.0;1.0;1.0017880569653679;0.9998599161346907;0.9999314830752252;0.9999766732786441;1.000252596984548;1.024999976158142;
2016-06-15 21:00:00;0.9999524192691484;1.0;1.0;0.9999777791051573;0.9998355334751297;0.9999999999999999;1.0019543150738253;0.9999927410538106;0.9998737841056352;1.0;1.0;1.0;1.0004671908681761;0.9999938203916303;0.9999963702596306;1.0;0.9999968948783645;0.9998305503941056;1.0006538760653174;0.9999334620357406;0.9999247723731343;0.9999853879560388;0.9999973617242167;1.001852316358936;1.0019967079115149;0.9999211747983617;0.9999839574013433;0.999998677243845;1.0008983099833393;1.0004448389349176;1.0001866692992698;1.0000648607274372;0.9998495174388186;1.0;0.9997858075451236;0.9999485941113292;1.0;1.0;1.001813851963538;0.9998451596575483;0.9999186305036054;0.9999742402883139;1.0002549910853662;1.024999976158142;
2016-06-15 21:15:00;0.9999440489482667;0.9999999999999999;1.0;0.9999703770710108;0.999825104162038;1.0;1.0019803698829979;0.9999892180833337;0.999860986738622;1.0;1.0;1.0;1.0004745712415124;0.9999925471492616;0.9999971878890664;1.0;0.9999940126293312;0.9998207798966303;1.0006637253964987;0.9999226164310381;0.999914439062862;0.9999845262576642;0.9999952833375109;1.0018750058794539;1.002024869681201;0.9999040094305165;0.9999840692585471;0.9999983664392799;1.0009512086877668;1.0004994167621297;1.0002243555579409;1.000087881989879;0.9998387661621156;1.0;0.9997979028115591;0.9999672696003248;1.0;0.9999999999999999;1.0018385074692098;0.9998346006196525;0.9999051401197387;0.999969496481576;1.0002592251360645;1.024999976158142;
2016-06-15 21:30:00;0.9999501134721682;0.9999999999999999;1.0;0.9999739858919204;0.999823825979453;0.9999999999999999;1.0020144542512746;0.9999893122134441;0.9998612405313237;1.0;0.9999999999999999;1.0;1.0004842416862343;0.9999891818671258;0.9999922027463932;0.9999999999999999;0.999995139986245;0.9998211607690187;1.0006764670026733;0.9999285058912634;0.9999283569360528;0.9999899192030628;0.9999962306832755;1.001907970563412;1.0020588137098787;0.9999173691950237;0.9999897902431303;0.9999976854504261;1.0009194478132246;1.000438440027806;1.0001902141441479;1.000070033940876;0.9998336079768928;1.0;0.9997557536890964;0.999959689892461;1.0;1.0;1.0018693296104202;0.9998299012578447;0.9999201495076327;0.9999723117025847;1.0002633282954267;1.024999976158142;
2016-06-15 21:45:00;0.999940334904377;1.0;1.0;0.9999691770041389;0.9997949972831857;0.9999999999999999;1.0019708484762804;0.9999875629153684;0.9998380353340515;1.0;1.0;1.0;1.0004714497033205;0.9999895405881954;0.9999940223793744;1.0;0.9999941967763989;0.9997908724519959;1.0006605922992464;0.9999143968999877;0.9999107038989493;0.9999845438205072;0.9999954330541612;1.0018661437406642;1.0020149467253496;0.9998989851386073;0.9999843030100126;0.999997744121609;1.0009272414084023;1.000473117260021;1.0002085253518505;1.0000802220467193;0.9998089952770753;1.0;0.9997888185820556;0.9999651706972201;1.0;1.0;1.0018292978652579;0.9998043396494037;0.9999008724669484;0.9999663528071804;1.000256762248241;1.024999976158142;
2016-06-15 22:00:00;0.9999337264332029;1.0;0.9999999999999999;0.9999652674973988;0.9997836612451116;1.0;1.0019995122874084;0.9999867095514795;0.9998284723298608;1.0;1.0;0.9999999999999999;1.000477330238505;0.9999898704441135;0.9999951740211456;1.0;0.9999931805106819;0.9997788041452655;1.0006697323992013;0.9999067778399067;0.9998996744691262;0.9999822252039282;0.9999946325717437;1.0018926720313368;1.0020448745193966;0.9998869531090744;0.999981822028446;0.9999977849237268;1.000961587352375;1.0005057713714118;1.0002253058785335;1.000085918216331;0.9997995183291422;1.0;0.9997978888344005;0.9999598633553554;1.0;1.0;1.0018562280970245;0.9997944879903141;0.9998886809650811;0.999963294276499;1.0002602545963686;1.024999976158142;
2016-06-15 22:15:00;0.9999594699578858;1.0;1.0;0.9999786436682212;0.9998546525197813;1.0;1.001927559586705;0.9999903230595837;0.9998841290439887;1.0;1.0;1.0;1.0004650881228294;0.9999918203266062;0.9999952599628112;1.0;0.999995770958278;0.9998523654759588;1.0006476040259473;0.9999398612701967;0.9999405164243781;0.9999896956143449;0.9999967223217813;1.001826039508193;1.0019696980312698;0.9999306767251906;0.9999900497519711;0.9999982519037588;1.0008863230676728;1.0004378168828272;1.0001844510976168;1.000064446730826;0.9998636476412992;1.0;0.9997862866269395;0.9999497250064853;1.0;0.9999999999999999;1.0017888871690246;0.9998605433012051;0.9999332522629664;0.9999761134023974;1.0002535756801147;1.024999976158142;
2016-06-15 22:30:00;0.999961321010835;1.0;1.0;0.9999820528041524;0.9998502750104679;1.0;1.0018777214215107;0.999992855044315;0.9998850791591503;1.0;1.0;1.0;1.0004510525238663;0.9999917931570539;0.999993335364797;1.0;0.9999976875643206;0.9998472021661768;1.0006298108983873;0.9999433752357687;0.9999423107534604;0.9999905559433594;0.9999980799841239;1.0017800851642482;1.0019178513708182;0.9999375357723556;0.9999897957143821;0.999998264616017;1.000882166989141;1.0004501836598065;1.0001989166679512;1.0000773601641257;0.9998599135739037;0.9999999999999999;0.9997987888134805;0.9999692164257801;1.0;1.0;1.0017422435461842;0.9998563886723077;0.9999371349188985;0.9999782658991997;1.0002454347647054;1.024999976158142;
2016-06-15 22:45:00;0.9999695833239769;1.0;1.0;0.9999847831941043;0.9998652835529889;1.0;1.0018389596124604;0.9999910648547831;0.9998935260101357;1.0;1.0;0.9999999999999999;1.000445266886039;0.9999903005240393;0.9999924730733476;1.0;0.9999974502104051;0.999864363061423;1.0006188352733862;0.9999502094095888;0.9999582141579645;0.9999935909039602;0.99999805596282;1.0017431090406503;1.0018781093597462;0.9999493727272732;0.9999943688431568;0.9999979580716646;1.0008650266791252;1.0004400772227244;1.0001984025464081;1.0000807306988042;0.9998711642626208;1.0;0.9997981283588151;0.9999798375504491;1.0;1.0;1.0017060541468863;0.999868580261888;0.999952640829826;0.9999802533933154;1.00024206252475;1.024999976158142;
2016-06-15 23:00:00;0.9999689950058169;1.0;1.0;0.9999849016625368;0.9998312499494719;1.0;1.0018122904107396;0.9999870239284614;0.9998644721211062;1.0;1.0;1.0;1.0004395232132224;0.9999876276377374;0.9999915439865207;1.0;0.9999974885633729;0.9998308855698119;1.0006104365374935;0.9999400474763508;0.9999576701427795;0.9999903988108949;0.9999981232315921;1.001718073167405;1.0018505772000732;0.9999452724435951;0.9999926901111338;0.9999973958716342;1.0008884834610434;1.000483701186326;1.0002258232898833;1.0000969527683867;0.9998385373054266;1.0;0.9998257829007852;0.9999918585872619;1.0;1.0;1.0016811563552348;0.9998354443950989;0.9999506323493486;0.9999750323400413;1.0002386974521842;1.024999976158142;
2016-06-15 23:15:00;0.9999669820770094;1.0;1.0;0.9999839072632876;0.9998281480730932;0.9999999999999999;1.0018208977374798;0.9999869193692883;0.9998619459937702;1.0;1.0;1.0;1.0004410841306424;0.9999882163462162;0.9999924823916977;1.0;0.9999972770440128;0.9998273195447882;1.0006129625121931;0.9999376702992593;0.9999534978825829;0.9999889605473133;0.9999979347676183;1.0017261314608785;1.0018595337921072;0.9999413173994535;0.9999911401763238;0.9999975123057063;1.0008982568511289;1.0004944367122348;1.000231621516681;1.0001001591560301;0.9998365598561186;1.0;0.9998298756053668;0.9999937764525454;0.9999999999999999;1.0;1.0016893095901551;0.9998332705939474;0.9999461870568013;0.999974002077417;1.000239775733562;1.024999976158142;
2016-06-15 23:30:00;0.999968375725828;1.0;1.0;0.9999837450045516;0.9998390680168099;1.0;1.0018193475343358;0.9999869301850768;0.9998695130816205;1.0;1.0;1.0;1.0004416480550327;0.9999884362884299;0.9999928005714172;0.9999999999999999;0.9999968472745904;0.999838721976418;1.0006129499275975;0.9999405012425648;0.9999564942821261;0.9999901654301673;0.9999976518111028;1.0017243039313142;1.0018581723517577;0.9999432398470679;0.9999925427977363;0.999997557047933;1.0008864575813146;1.000477848758641;1.0002231772009997;1.0000965046199852;0.9998462515390084;1.0;0.9998203423148703;0.9999939991119476;1.0;1.0;1.001687929392313;0.9998433449311895;0.9999490070262275;0.9999751036925437;1.0002401604066467;1.024999976158142;
2016-06-15 23:45:00;0.9999536526061973;0.9999999999999999;0.9999999999999999;0.9999753629774311;0.9997809004301799;1.0;1.0018687598813465;0.9999816409930843;0.9998211489562522;1.0;1.0;1.0;1.0004521528239636;0.9999849152795678;0.9999916234222226;1.0;0.9999948097939293;0.999780143984935;1.0006294625321663;0.9999157644807241;0.9999351408592052;0.9999853360961438;0.9999961211460402;1.0017699462124683;1.0019096664526554;0.9999159541775907;0.9999886131949185;0.9999967810066877;1.0009414143152344;1.000532888769643;1.0002528916970537;1.0001107112715741;0.9997914436296432;0.9999999999999999;0.9998371467014928;0.9999970798926925;1.0;1.0;1.0017339834155956;0.9997874519599929;0.9999240847175808;0.9999646846882544;1.0002456290328465;1.024999976158142;
2016-06-16 00:00:00;0.9999560745958599;1.0;1.0;0.999975693569308;0.9998205819438893;1.0;1.0018783303882157;0.9999855929866325;0.999854239508588;1.0;1.0;1.0;1.000454597527299;0.9999868663204489;0.9999915788274891;0.9999999999999999;0.9999946814208533;0.9998199464733684;1.000632789314819;0.9999285376209578;0.999940170535654;0.9999904602373849;0.9999960349973351;1.0017786370830526;1.0019197332149248;0.9999235926852134;0.9999924332331506;0.9999971913044446;1.0009532244765607;1.0005443016626772;1.0002571840323053;1.0001102533895856;0.9998281034617159;0.9999999999999999;0.9998416740239909;0.9999900517407159;0.9999999999999999;1.0;1.0017429017346928;0.9998249495674548;0.9999306328933367;0.9999710379207292;1.0002469563255085;1.024999976158142;
2016-06-16 00:15:00;0.9999695241403719;0.9999999999999999;1.0;0.9999848855196893;0.9998489998777097;1.0;1.0018027969431682;0.9999888562452933;0.9998791700142867;1.0;0.9999999999999999;1.0;1.000436980683678;0.9999892200375037;0.9999925204047225;1.0;0.9999974071407585;0.9998483321566181;1.0006069792476562;0.9999450108643079;0.9999579162344455;0.9999914892504645;0.9999980419393572;1.0017089201228182;1.0018410698025244;0.999947119259982;0.9999931377964979;0.9999977288142283;1.0009033538475072;1.0005083225124807;1.0002359326549253;1.0000978198952017;0.9998558075759737;0.9999999999999999;0.9998437882660635;0.9999808679293094;0.9999999999999999;1.0;1.0016724939297716;0.9998529707808828;0.9999514933581228;0.9999774434923211;1.0002375390875642;1.024999976158142;
2016-06-16 00:30:00;0.9999811322036537;1.0;1.0;0.9999914615657373;0.999887837181385;1.0;1.001714439393606;0.9999914793202627;0.9999100590322881;1.0;1.0;1.0;1.0004170206996623;0.9999924653567271;0.9999952822913089;1.0;0.999998809990511;0.9998873211218071;1.0005772166143794;0.9999609411036339;0.9999730135915817;0.9999922718400094;0.9999990866389462;1.0016260848276415;1.0017500921071394;0.9999657617601222;0.9999938696291859;0.9999984263967072;1.0008704368187333;1.0005019855517783;1.0002324326901813;1.0000957444402732;0.9998935689290761;1.0;0.9998645830600196;0.9999791649746957;1.0;1.0;1.0015905468439161;0.9998913782262648;0.9999686454965093;0.999983429057356;1.0002272727108619;1.024999976158142;
2016-06-16 00:45:00;0.9999828951646987;0.9999999999999999;1.0;0.9999920883975956;0.9998871092999951;0.9999999999999999;1.0017241166420425;0.999990362404791;0.999908018667261;1.0;1.0;1.0;1.0004203041604862;0.999992368987428;0.9999959568159358;1.0;0.9999987000714016;0.9998869471404872;1.0005808368354807;0.9999605928889389;0.999975520172851;0.9999913938591903;0.9999990304337132;1.0016352508044406;1.0017599303126887;0.9999669305062396;0.9999936311706235;0.9999984060383419;1.0008468310895633;1.0004790307358646;1.000212632756651;1.0000857275536144;0.9998928628915211;1.0;0.999863098328088;0.9999754084354018;1.0;1.0;1.0015995690837596;0.9998907505486314;0.9999707236048992;0.9999827420837945;1.0002292309523537;1.024999976158142;
2016-06-16 01:00:00;0.9999833111981316;1.0;1.0;0.9999920340074092;0.9999065270186035;0.9999999999999999;1.0016825483502851;0.9999928289560618;0.9999249263172083;1.0;1.0;1.0;1.0004097652701736;0.9999933809468478;0.9999956260557794;1.0;0.9999987258089804;0.9999062438080925;1.0005667145713224;0.9999669693207626;0.9999768318271682;0.9999942543938174;0.9999990409159777;1.001595669507031;1.0017176459122186;0.9999702014214228;0.9999955542885012;0.9999986188114531;1.000858715725502;1.0005203828379907;1.0002329901787494;1.0000959101728066;0.9999108381094924;1.0;0.9999021684559016;0.9999788150431103;1.0;1.0;1.001560995963497;0.9999090869666785;0.9999729970877996;0.9999861486057147;1.0002233833144785;1.024999976158142;
2016-06-16 01:15:00;0.9999835243841017;1.0;1.0;0.999992109386553;0.9999096718862613;1.0;1.0016967361287443;0.9999931103925394;0.9999274993527462;1.0;1.0;1.0;1.0004132167829993;0.9999936713986977;0.9999958453632743;1.0;0.9999987277491473;0.9999093381206462;1.0005714804326742;0.999967875102318;0.9999770053178412;0.9999943646277779;0.9999990388008319;1.0016091174981712;1.0017321449801095;0.9999706589495991;0.9999955773392976;0.9999986765647434;1.0008506638523555;1.0005023725714628;1.0002230650274408;1.0000909736741235;0.9999139334631213;0.9999999999999999;0.9998882708207945;0.9999771765202136;1.0;1.0;1.001574200154796;0.9999122235983333;0.9999732813714656;0.9999865539100223;1.0002253249006565;1.024999976158142;
2016-06-16 01:30:00;0.9999803012863069;1.0;1.0;0.9999908608310933;0.99989983198339;1.0;1.0016766268023933;0.9999930103657415;0.9999203257589768;1.0;1.0;1.0;1.0004072415592726;0.9999938070228033;0.9999961156919349;1.0;0.9999986676337832;0.9998988732053574;1.0005641408914783;0.9999637411408112;0.9999710900260049;0.9999928343952809;0.9999989506617849;1.0015900509639872;1.0017117176047228;0.999965311025145;0.9999937826775566;0.9999987039038712;1.0008722388263882;1.000539305870043;1.0002456110524005;1.0001030595407403;0.999905549515859;1.0;0.9999108786143377;0.9999834706046583;1.0;1.0;1.001555627006906;0.9999034671243396;0.9999671489756796;0.9999849671960358;1.000222119005767;1.024999976158142;
2016-06-16 01:45:00;0.9999753961489892;1.0;0.9999999999999999;0.9999888879066593;0.9998682731234358;1.0;1.0016847813058607;0.9999914306968584;0.999896509473552;1.0;1.0;0.9999999999999999;1.0004082426867342;0.9999903553902826;0.9999922631014055;1.0;0.9999986890631064;0.999867576335557;1.000567057973303;0.9999548810139027;0.9999663224077606;0.9999935987950606;0.99999898482614;1.0015977993934966;1.001719945768565;0.9999590165923549;0.9999946230647175;0.9999979832450117;1.0009189356088473;1.000583291125455;1.0002787268479054;1.0001197339496481;0.9998739588042389;1.0;0.9999157821269788;0.9999895824457693;1.0;1.0;1.0015627884207066;0.9998714029472172;0.9999617719263812;0.9999818030522379;1.0002217478156505;1.024999976158142;
2016-06-16 02:00:00;0.9999831858619647;1.0;1.0;0.9999920517520482;0.9999142568794507;1.0;1.0016523176625114;0.9999939685452468;0.9999318053606738;0.9999999999999999;1.0;0.9999999999999999;1.0004019617638444;0.9999942624505647;0.9999960743441785;1.0;0.9999988004579771;0.9999136504329028;1.0005562663492011;0.9999692166198253;0.9999760960291388;0.9999946332294208;0.9999990732748588;1.0015670091839137;1.0016868369650789;0.9999707807679049;0.9999954677938137;0.9999988016543293;1.000894862494954;1.0005656364972266;1.000268247653954;1.0001145194863708;0.9999186032776204;1.0;0.9999165178012561;0.9999878280835673;1.0;1.0;1.0015330251640975;0.9999168984070342;0.9999727029730927;0.9999873347479171;1.0002192190034542;1.024999976158142;
2016-06-16 02:15:00;0.999983220500767;1.0;0.9999999999999999;0.9999920510826438;0.999913819617013;0.9999999999999999;1.0016532869987005;0.9999942566295822;0.9999321048961115;1.0;1.0;1.0;1.0004022013716052;0.9999933696709367;0.9999945696885179;1.0;0.9999988907136564;0.9999135241052056;1.0005568494111534;0.9999700928180193;0.9999776360167337;0.9999963865275767;0.9999991616056657;1.00156792121067;1.0016877664928172;0.9999722496718896;0.9999970740449062;0.9999986159546951;1.0008914843644623;1.0005618079096852;1.0002648491889832;1.0001121349305235;0.99991711649998;0.9999999999999999;0.9999158434816202;0.9999851590313225;1.0;1.0;1.0015337472750858;0.9999155161641916;0.9999744652273996;0.9999880354139218;1.0002189910133403;1.024999976158142;
2016-06-16 02:30:00;0.9999821091983768;1.0;1.0;0.999991533843176;0.999915240024239;1.0;1.0016554445097858;0.9999947557152681;0.9999336785418456;1.0;1.0;1.0;1.0004022592705333;0.99999381958605;0.9999948590989635;0.9999999999999999;0.9999988349877064;0.9999146443125498;1.0005572973030847;0.9999699912423198;0.9999755121092158;0.9999962401631715;0.9999990994790964;1.001569914641239;1.0016900631467636;0.9999707769471836;0.9999966354321435;0.9999987092520758;1.0008971846898838;1.0005658735247362;1.0002697378123535;1.0001159278032061;0.9999188745299635;0.9999999999999999;0.9999139096024081;0.9999900912534294;1.0;0.9999999999999999;1.0015358115508366;0.9999172161955393;0.9999724424522948;0.9999881651379329;1.0002190918327651;1.024999976158142;
2016-06-16 02:45:00;0.9999839980533577;1.0;0.9999999999999999;0.9999921613466531;0.999922330515086;1.0;1.0016463325923795;0.9999948310217968;0.9999387758023929;0.9999999999999999;0.9999999999999999;1.0;1.0004007211474268;0.999993891366669;0.9999949069504925;0.9999999999999999;0.9999987957930335;0.999922097854957;1.000554565489762;0.9999725832025163;0.9999789045668845;0.9999970959995613;0.9999990960461095;1.0015612145033743;1.0016807526015192;0.9999737584280187;0.999997654217086;0.9999987257991627;1.0008954420602674;1.0005675412471962;1.0002702519754132;1.0001157092127257;0.9999251026420138;1.0;0.9999175821015349;0.9999887433615366;1.0;1.0;1.0015273349788858;0.9999236909982486;0.9999759173355116;0.9999891452242652;1.0002182611896329;1.024999976158142;
2016-06-16 03:00:00;0.9999821520709;0.9999999999999999;1.0;0.9999917374133;0.9998999075450181;1.0;1.0016473492161755;0.9999929698034332;0.999920703187379;1.0;1.0;1.0;1.000400705878096;0.9999923398927367;0.9999940131312443;1.0;0.9999989008498207;0.9998996948015049;1.0005549113483758;0.9999658267785547;0.9999761788626297;0.999995317980502;0.9999991748809599;1.0015623653541246;1.0016816232277246;0.9999697526316317;0.9999963974022062;0.9999984020519985;1.0008963528863355;1.0005696135297022;1.000270867143058;1.0001160327502852;0.9999038233242907;1.0;0.9999195160540167;0.9999888781848401;1.0;1.0;1.0015281624054804;0.9999019805675291;0.9999725135654569;0.9999860473758262;1.00021803934025;1.024999976158142;
2016-06-16 03:15:00;0.9999847816532591;1.0;1.0;0.9999926379169757;0.9999191317183691;1.0;1.0016330322650608;0.9999940500008169;0.9999354180395635;1.0;1.0;1.0;1.000397808719651;0.999994050116055;0.9999957054947538;1.0;0.9999988255231907;0.9999188974952709;1.000550110487253;0.9999713912324489;0.999979290486427;0.9999956936208483;0.9999991178514132;1.0015486983181774;1.0016671050197834;0.9999736243159593;0.999996643865234;0.9999987591388952;1.0009009222553347;1.0005825857533606;1.000278776242236;1.0001207392147928;0.9999225626572903;1.0;0.9999300235762426;0.9999925150505011;1.0;1.0;1.0015150613347379;0.9999210671186481;0.9999760200769656;0.9999882263640036;1.0002168576353385;1.024999976158142;
2016-06-16 03:30:00;0.9999775971789258;1.0;1.0;0.9999901245639501;0.9998808769633377;1.0;1.0016521782643797;0.9999927263182394;0.9999071423880467;0.9999999999999999;1.0;1.0;1.0004003765689466;0.999991233690462;0.9999925878442268;1.0;0.9999990031831618;0.9998801403490609;1.0005560100920863;0.9999597293977045;0.9999693906753371;0.9999946317852652;0.9999992135754073;1.001567039800538;1.0016865434214142;0.9999634781851732;0.9999953219312259;0.9999981697462489;1.0009196701363767;1.0005993219015001;1.0002879204617183;1.0001246282223917;0.9998859610129246;1.0;0.9999333366847253;0.9999920412973613;1.0;1.0;1.0015325331728768;0.9998836137292058;0.9999655632503839;0.9999839611778086;1.0002175195411138;1.024999976158142;
2016-06-16 03:45:00;0.9999793612029535;1.0;0.9999999999999999;0.9999904342877752;0.9999015945788924;1.0;1.00163295225217;0.9999943761753238;0.9999237884991123;1.0;1.0;1.0;1.0003960451185827;0.9999924134633313;0.9999930970472704;1.0;0.9999988570225404;0.9999009774046498;1.0005496752459315;0.9999660860557035;0.9999724472183534;0.9999966950886007;0.9999991142152177;1.001548579486389;1.0016670912294237;0.9999674327391413;0.9999969387340361;0.9999984162082143;1.0008940461166969;1.000572374055493;1.0002770393110538;1.0001238825633199;0.9999052986245062;1.0;0.9999215247803821;1.0000042917404517;1.0;0.9999999999999999;1.0015147716051749;0.9999034002606384;0.9999692077724257;0.9999869106992811;1.000215269730329;1.024999976158142;
2016-06-16 04:00:00;0.9999791585031054;0.9999999999999999;1.0;0.9999899431382835;0.9999025927552156;1.0;1.0016393775110968;0.9999940762558733;0.9999240281780257;1.0;1.0;1.0;1.0003979223093276;0.9999922536246715;0.9999930873021414;0.9999999999999999;0.999998585770736;0.9999021670603115;1.0005520634091458;0.9999658753086972;0.9999726107613606;0.999996963322101;0.9999989276991267;1.0015544730939443;1.0016737843400154;0.9999668240862755;0.9999973442482983;0.9999983809635511;1.0008790993195635;1.0005547607172067;1.0002646269493574;1.0001181400387364;0.9999059516908582;0.9999999999999999;0.9999157988617176;1.0000035264404146;1.0;1.0;1.0015207611358126;0.9999041484316067;0.9999691129606374;0.9999867874241899;1.0002162950536848;1.024999976158142;
2016-06-16 04:15:00;0.9999786748228671;0.9999999999999999;1.0;0.9999900686724054;0.9998969095771894;1.0;1.0016322111154665;0.9999935319411415;0.9999191586786731;1.0;0.9999999999999999;1.0;1.0003958940882873;0.999992858375591;0.9999943596411699;1.0;0.9999986721294881;0.9998960519089183;1.0005492649921;0.9999634171962447;0.9999701418427108;0.9999946342377528;0.9999989610648206;1.0015478405848495;1.0016664170014615;0.9999645915635731;0.9999951894084277;0.9999985068661835;1.0008873388666522;1.0005632222579257;1.0002730376126194;1.000123067659181;0.9999018078555919;1.0;0.999916024384486;1.000007162333662;1.0;0.9999999999999999;1.0015142499336078;0.999899734256599;0.9999664095995442;0.9999853973837587;1.0002154885984818;1.024999976158142;
2016-06-16 04:30:00;0.9999843139282116;1.0;1.0;0.9999929242254394;0.9999206760449345;1.0;1.0016147306849637;0.9999953664184061;0.9999384869989588;1.0;1.0;1.0;1.0003925412854549;0.9999938801592579;0.9999944995078267;1.0;0.9999992455042522;0.9999202319942465;1.0005437147998262;0.999973149192223;0.999979067477677;0.9999971561250529;0.9999994127088963;1.0015315568080811;1.0016482671020988;0.9999751099685892;0.9999974626230991;0.9999987233638403;1.0008786673887917;1.0005598217698226;1.0002703228354808;1.0001211668059096;0.9999236991615915;1.0;0.9999200563438364;1.0000050435171135;1.0;1.0;1.0014979426322188;0.9999221664466945;0.9999765469794796;0.999989525864144;1.0002136868079248;1.024999976158142;
2016-06-16 04:45:00;0.9999856812974901;0.9999999999999999;1.0;0.9999934122413396;0.9999268464744111;1.0;1.0016127100143413;0.9999957078926968;0.9999433384277377;1.0;1.0000000000000002;0.9999999999999999;1.0003924479174873;0.9999938447718565;0.9999941975937992;1.0;0.999999272130513;0.9999266843084589;1.0005432658241005;0.9999756360825824;0.9999818076032334;0.9999983001791042;0.9999994521014084;1.0015296095377009;1.0016461808531454;0.999977796057784;0.9999985985846435;0.9999987178566684;1.000872386284401;1.0005547080779142;1.0002665790469187;1.000119750288381;0.9999289868726959;1.0;0.9999201456946908;1.0000057801159175;1.0;1.0;1.0014960071773353;0.9999276627301517;0.9999794950114744;0.9999906259208479;1.0002135632301545;1.024999976158142;
2016-06-16 05:00:00;0.9999842657887754;1.0;0.9999999999999999;0.999992415505138;0.9999242640297934;1.0;1.0016249387179719;0.9999952420676039;0.9999407400780757;0.9999999999999999;1.0;1.0;1.0003953813796929;0.999993952971584;0.9999946969775759;1.0;0.9999989256850719;0.999923999162394;1.000547341829038;0.9999735950195878;0.9999793937725892;0.999997532118319;0.9999991895321302;1.001540992963471;1.001658862149095;0.9999747394763461;0.9999979320970565;0.9999987382995378;1.0008856617544124;1.0005638243549548;1.0002709890443193;1.0001192458585932;0.9999268577976301;1.0;0.9999197415237205;0.9999983792814627;1.0;1.0;1.0015074605135967;0.9999254696436723;0.9999766460822955;0.9999896889111236;1.0002152883874393;1.024999976158142;
2016-06-16 05:15:00;0.9999879352068144;1.0;0.9999999999999999;0.9999936791908507;0.9999483560238626;1.0;1.0016115308216604;0.9999962316362186;0.9999585980659179;1.0;1.0;1.0;1.0003930540457864;0.9999964299042597;0.9999975665639209;1.0;0.9999987688387457;0.9999480206815642;1.000542815217749;0.9999801355148834;0.9999832335919597;0.9999971126227388;0.9999990689791085;1.0015281621171492;1.0016453129093452;0.9999792574068637;0.9999975523224329;0.999999255483623;1.0008765724465125;1.000559975499197;1.0002639595000775;1.00011190534821;0.9999507615887844;1.0;0.9999263371919024;0.9999856159655751;1.0;1.0;1.0014953242404487;0.9999497852683107;0.9999807954875249;0.9999919852615243;1.0002146990666658;1.024999976158142;
2016-06-16 05:30:00;0.9999911403435913;1.0;0.9999999999999999;0.9999955088941271;0.9999572211453407;1.0;1.0016048054630795;0.9999964304635887;0.9999649732039865;1.0;1.0;1.0;1.0003919555193268;0.9999977732536018;0.9999993671456442;1.0;0.9999990815947267;0.9999567647787181;1.0005404284730155;0.9999832320713044;0.9999863813285339;0.999995851830339;0.9999992910290125;1.0015220660435198;1.00163825463788;0.9999831190290605;0.9999965111770519;0.9999995365303492;1.0008614212517797;1.0005457450637643;1.0002527356314215;1.0001047343155829;0.9999601525074789;1.0;0.9999251527009598;0.9999789714437399;1.0;1.0;1.0014892147214027;0.9999592548895444;0.9999842292286653;0.9999927689770706;1.0002145276292964;1.024999976158142;
2016-06-16 05:45:00;0.9999878077278126;1.0;1.0;0.9999941518980376;0.9999418668468296;1.0;1.0016605791966242;0.999995989041615;0.9999537683066854;1.0;0.9999999999999999;1.0;1.000404901022435;0.9999963869384149;0.9999976780160904;1.0;0.999999068606863;0.9999412910314985;1.0005589954529333;0.9999785434579245;0.9999822577865337;0.9999960140531471;0.9999992730792099;1.0015750074681373;1.0016951703304413;0.9999787510964318;0.9999964951751701;0.9999992481419065;1.0009063461731242;1.0005769798250768;1.000276657950369;1.0001204339192429;0.9999451206815521;1.0;0.9999184376110153;0.9999944995513738;1.0;1.0;1.0015407699642527;0.9999439215533699;0.9999798726825667;0.9999911983561796;1.0002212287476526;1.024999976158142;
2016-06-16 06:00:00;0.9999870555191351;1.0;1.0;0.9999939894396591;0.9999445049168508;1.0;1.0016671022118284;0.9999970493379616;0.9999571338817906;0.9999999999999999;1.0;1.0;1.0004059573389978;0.9999964125725365;0.9999969430703491;1.0;0.9999992374718;0.9999437467558919;1.0005609876044568;0.9999798762328647;0.9999814938739102;0.9999971709845745;0.9999993847644113;1.001581263750822;1.0017018004081073;0.9999791627547417;0.9999971247906838;0.9999992531285657;1.0009178620860202;1.0005927504870271;1.0002867069477617;1.0001281084372295;0.999947414963788;1.0;0.9999258269824426;1.0000042287597215;1.0;1.0;1.0015467457483178;0.9999462197646298;0.9999795930525288;0.9999922170262145;1.0002216379815485;1.024999976158142;
2016-06-16 06:15:00;0.9999900663221607;0.9999999999999999;1.0;0.99999508416113;0.9999560527813688;1.0;1.0017541613234409;0.9999970666711663;0.999965171327131;1.0;1.0;1.0;1.0004284235979712;0.9999971408144934;0.9999979865121017;1.0;0.9999991744359374;0.9999556270637047;1.000590550796708;0.9999835320653537;0.9999858489410389;0.9999973642428627;0.9999993616113722;1.0016638457372258;1.0017906314670144;0.9999830985284414;0.9999976329875598;0.9999994049931714;1.000959976192939;1.0006202545025074;1.0002994743600735;1.000135801043922;0.999958334490316;1.0;0.9999236091086268;1.00001072524004;1.0;1.0;1.0016275595918855;0.9999574453223704;0.9999840000430114;0.9999933788624451;1.0002342012191077;1.024999976158142;
2016-06-16 06:30:00;0.9999916813276367;1.0;1.0;0.9999956180354145;0.999960664493085;1.0;1.0018275985660732;0.9999966609336322;0.9999677565312978;1.0;1.0;0.9999999999999999;1.000447314428798;0.9999976302583773;0.9999989917903731;0.9999999999999999;0.999999059834164;0.9999604011798454;1.0006153665944417;0.999984613364105;0.9999878180170587;0.9999967565800056;0.9999992885256765;1.001733529413141;1.001865576452286;0.9999844728017867;0.9999973762842774;0.9999995069748371;1.0010115926923902;1.000660601144366;1.0003207790365396;1.000145808199572;0.9999629516020871;1.0;0.9999270866312716;1.000012817689978;0.9999999999999999;1.0;1.0016957374540598;0.9999621868039541;0.9999857830085571;0.9999934464265875;1.000244805258314;1.024999976158142;
2016-06-16 06:45:00;0.9999842142864076;1.0;1.0;0.9999915887686749;0.999941555215737;0.9999999999999999;1.0018284011162761;0.9999959676455955;0.9999532658528408;1.0;1.0;1.0;1.0004459886882378;0.9999964416539016;0.9999977797952562;1.0;0.9999982977165641;0.9999408277050132;1.0006152931646863;0.9999761460094623;0.9999772999763085;0.9999962380629985;0.9999986942116592;1.00173373531329;1.001866910237304;0.9999730006191241;0.9999964878237413;0.9999992557663483;1.0010097798367499;1.0006585658379037;1.0003173246608774;1.0001421341758103;0.9999448182455267;1.0;0.9999276411303805;1.0000062190180992;0.9999999999999999;0.9999999999999999;1.001696529780029;0.999943629294951;0.9999743571561115;0.9999905092169583;1.000243787274864;1.024999976158142;
2016-06-16 07:00:00;0.9999845617924124;1.0;1.0;0.9999913754762709;0.9999417005235985;0.9999999999999999;1.0019370290278091;0.999995411704003;0.999952611862182;1.0;1.0;1.0;1.0004731610014261;0.9999960808488229;0.9999976682674238;1.0;0.9999980689790685;0.9999412962836335;1.000652121268248;0.9999759339036025;0.9999784481143278;0.9999965026749148;0.999998548272067;1.0018366377705576;1.0019778513796318;0.999973087136309;0.9999970370882628;0.9999991776370433;1.000894377173704;1.0005381650454064;1.000192799688089;1.000064391070453;0.9999445044361939;0.9999999999999999;0.999927161845331;0.9999385143261164;1.0;0.9999999999999999;1.0017972800561763;0.99994342966762;0.999975200482214;0.9999902886769557;1.000258645826263;1.024999976158142;
2016-06-16 07:15:00;0.9999840748630971;1.0;1.0;0.9999917546445671;0.9999188964394282;1.0;1.0020286187186702;0.9999928842334833;0.9999332540841547;1.0;1.0;1.0;1.000495683288355;0.9999952046186584;0.9999982378344423;1.0;0.9999982432818642;0.9999184002711815;1.0006827822324738;0.9999687017369855;0.9999763455848026;0.999992828610946;0.9999986703078861;1.0019238512610444;1.00207107714053;0.9999694684529495;0.999994292381448;0.9999989940490688;1.000863811071709;1.000498125736887;1.0001497925009322;1.0000432335792608;0.9999237795172565;1.0;0.999922424959937;0.999933049640587;1.0;0.9999999999999999;1.0018822417918773;0.9999221957442666;0.9999721979139398;0.9999864429864322;1.0002711134069793;1.024999976158142;
2016-06-16 07:30:00;0.9999878013228893;1.0;1.0;0.9999937137291847;0.9999523576139386;1.0;1.0020337365443073;0.9999966510039716;0.9999617698910973;1.0;1.0;1.0;1.00049671156832;0.9999975509134245;0.9999988868403992;1.0;0.9999987708365508;0.9999515978832726;1.0006840887926371;0.9999806073557078;0.9999816097624452;0.9999959960665403;0.9999990406946015;1.0019288805087494;1.0020762035634245;0.9999784545880678;0.9999962780444086;0.9999994886388657;1.000875140486588;1.0005086882832017;1.0001602062495816;1.000051772529674;0.9999555985431053;1.0;0.9999226646286107;0.999945526400755;1.0;1.0;1.001886986738043;0.999954554378404;0.9999792608496597;0.9999920793380805;1.0002718293384256;1.024999976158142;
2016-06-16 07:45:00;0.9999645702688386;1.0;1.0;0.9999836741888414;0.999827429157965;1.0;1.0021769748930665;0.999990167786482;0.999866573172892;1.0;1.0;0.9999999999999999;1.000526988761973;0.9999860279078361;0.9999869369042524;1.0;0.999998160768445;0.9998266388776881;1.0007322704072728;0.9999414681818005;0.9999537933470151;0.9999952673712454;0.9999985888498344;1.0020644366665996;1.0022225360090544;0.9999449058859653;0.9999957180128799;0.9999970591256166;1.0009758131374107;1.0005882022470665;1.0001974576084;1.0000644059845845;0.999833184047491;1.0;0.999932782181739;0.9999340770623669;0.9999999999999999;1.0;1.0020188427467351;0.9998299420583532;0.9999482994341827;0.9999775416972376;1.0002855567107622;1.024999976158142;
2016-06-16 08:00:00;0.9999620054318236;1.0;1.0;0.9999822053254948;0.9998206782236597;1.0;1.0022301391610098;0.9999898731904107;0.9998614114084796;0.9999999999999999;1.0;1.0;1.0005395765489824;0.9999853933738059;0.9999862340699898;1.0;0.9999978599191884;0.9998198405261833;1.0007500458789405;0.9999385959147016;0.9999505589162873;0.9999954482093011;0.9999983637630473;1.0021146413464925;1.0022769843523924;0.9999411172467441;0.9999957955244748;0.9999969267353095;1.0009771450194216;1.0005823701752992;1.0001827808257253;1.0000531480169441;0.9998265008391976;1.0;0.9999336515141439;0.9999204913977651;1.0;0.9999999999999999;1.002068114482215;0.9998231519609322;0.9999447250096951;0.9999765885795895;1.0002922826132623;1.024999976158142;
2016-06-16 08:15:00;0.9999843184539936;1.0;0.9999999999999999;0.9999921440640975;0.9999306496190685;0.9999999999999999;1.0021929231666513;0.9999955818786683;0.9999455103901578;1.0;1.0;1.0;1.0005351213059643;0.9999946613623202;0.9999954765135384;1.0;0.999998722482488;0.9999302959388373;1.0007377894471314;0.9999748066468778;0.9999790859199018;0.9999974864679093;0.9999990335224209;1.0020798250036402;1.0022386264370036;0.9999745474213592;0.9999978007512794;0.999998886531964;1.000842172126842;1.0004292417734906;1.0000835389868883;0.9999984104615678;0.9999332243679453;0.9999999999999999;0.999884158488009;0.9998889506617804;0.9999999999999999;1.0;1.0020342445790433;0.9999319391276016;0.9999763269812969;0.9999901803606254;1.0002920518382072;1.024999976158142;
2016-06-16 08:30:00;0.9999868600536428;1.0;1.0;0.9999934578629339;0.9999338474935356;1.0;1.002225141487166;0.999995092760587;0.999947068618058;1.0;1.0;1.0;1.0005437633324126;0.9999951543994631;0.9999965454631604;1.0;0.9999988689466012;0.9999336347428011;1.0007487048533223;0.9999761017663166;0.9999821000846727;0.9999964874684282;0.999999151365628;1.002110566256169;1.002271355155764;0.9999772551995646;0.9999972387453576;0.9999989902558991;1.000840349696802;1.0004199473328734;1.000072668052458;0.9999908364680262;0.9999366605051919;1.0;0.9998798871846972;0.9998813384025796;1.0;1.0;1.0020641717151673;0.9999354426079514;0.9999792934920685;0.9999902065274288;1.0002970422138928;1.024999976158142;
2016-06-16 08:45:00;0.9999822832218875;1.0;0.9999999999999999;0.9999914860557146;0.999901776050978;1.0;1.0023512299402635;0.9999926173181065;0.9999214202848276;1.0;0.9999999999999999;1.0;1.0005740307099025;0.9999926404262783;0.9999947067248575;1.0;0.99999865769069;0.9999016138890917;1.000791038973374;0.9999656355765892;0.9999761077690547;0.9999948152256255;0.9999989991938297;1.0022301492548722;1.002400042462119;0.9999690865755549;0.9999960919854758;0.9999984639064718;1.0008438230481038;1.0003940353977823;1.000027107787739;0.99994791343206;0.9999058054246187;1.0;0.9998708462775183;0.9998148125305718;1.0;1.0;1.0021809305241767;0.9999040178057632;0.9999721622140539;0.9999857671016645;1.0003131816184982;1.024999976158142;
2016-06-16 09:00:00;0.9999795315498113;0.9999999999999999;0.9999999999999999;0.9999902812024504;0.9998937156240496;0.9999999999999999;1.0023186212611763;0.9999925923733767;0.9999157195627807;1.0;0.9999999999999999;1.0;1.0005652843775832;0.9999922423059487;0.9999941529259969;1.0;0.9999985707116569;0.9998932501148028;1.0007798965617989;0.9999625809094773;0.9999719943557199;0.9999945287995349;0.9999989138077257;1.0021991612642418;1.0023668524418499;0.9999651779396782;0.9999955490036349;0.9999983771791233;1.000853096460581;1.0004192765257773;1.0000493161582324;0.9999665371288153;0.9998983113559401;1.0;0.9998848048970689;0.9998401305349665;1.0;0.9999999999999999;1.002150702615946;0.9998962963216242;0.9999679042622543;0.9999847710629551;1.0003082626246889;1.024999976158142;
2016-06-16 09:15:00;0.9999814480585517;1.0;1.0;0.9999906902706034;0.9999083674612345;1.0;1.0022541442224682;0.9999930534533764;0.999926352703273;1.0;1.0;1.0;1.0005501610344396;0.9999936338384746;0.9999958327838631;1.0;0.9999983201944603;0.9999079417638719;1.0007583348852624;0.9999662536117756;0.9999741299472065;0.9999944385754342;0.9999987319419814;1.0021378036785271;1.0023012144388999;0.999967328249086;0.9999955285306987;0.9999986694274299;1.0007996278900468;1.0003807218429035;1.0000282343859623;0.9999601868326364;0.9999126828219964;0.9999999999999999;0.9998846545562157;0.9998480977065359;1.0;1.0;1.0020910973838049;0.9999109563710377;0.999970082502606;0.9999860537045167;1.0003003798917764;1.024999976158142;
2016-06-16 09:30:00;0.9999842268486736;1.0;0.9999999999999999;0.9999920513692416;0.9999301421751626;1.0;1.0022576412835549;0.9999950977723565;0.9999442941782126;1.0;1.0;1.0;1.0005511071086903;0.9999954264816977;0.9999969398248348;1.0;0.9999985782866107;0.9999295357189804;1.0007592892863508;0.999973555363978;0.9999775756763021;0.9999956867479621;0.9999989095104843;1.002141212595211;1.002304746889587;0.9999728309154904;0.9999962256387108;0.9999990446896555;1.0008232778800843;1.0004010981380822;1.0000497916400937;0.9999762397372439;0.9999337408144645;1.0;0.9998816259997331;0.9998682265237724;1.0;1.0;1.0020944276147439;0.9999323530173561;0.9999744925901595;0.9999892843618032;1.0003011604062855;1.024999976158142;
2016-06-16 09:45:00;0.9999879652207687;1.0;1.0;0.9999938953165968;0.999953559064749;1.0;1.0023118581175998;0.999997022577123;0.9999632075940732;1.0;1.0;1.0;1.0005646928931327;0.9999974073992617;0.9999984064607904;1.0;0.9999988903489938;0.9999528315452919;1.0007772610279722;0.9999815024886595;0.9999822179553538;0.9999966754888784;0.9999991310471614;1.0021927826774086;1.002359996745622;0.9999794443606881;0.9999968024729139;0.9999994595134469;1.000826912354762;1.0003753878204389;1.0000298917830774;0.9999570791667944;0.9999564651395899;1.0;0.9998551358796518;0.9998386531532031;1.0;1.0;1.0021447978796747;0.9999554542862575;0.9999801030037458;0.9999926178362543;1.000308945322476;1.024999976158142;
2016-06-16 10:00:00;0.9999877808316167;1.0;1.0;0.9999940077984615;0.9999457674716236;1.0;1.002330233395229;0.9999963421297058;0.9999569414161031;1.0;0.9999999999999999;1.0;1.0005692087751192;0.9999966901934079;0.9999978624796853;0.9999999999999999;0.9999989954468863;0.9999451502701158;1.0007835242552525;0.999979518141627;0.9999821975167502;0.999996308291113;0.9999992162504174;1.0022103205861719;1.0023786389207856;0.9999789147361008;0.9999966608253054;0.9999993098561758;1.000834838087603;1.0003789297543804;1.000025223415261;0.9999479477188195;0.9999488642884312;0.9999999999999999;0.9998572948088049;0.999817708151954;1.0;1.0;1.0021617625602248;0.9999477320826162;0.9999798987943646;0.999991685947234;1.0003112878987936;1.024999976158142;
2016-06-16 10:15:00;0.9999891811702099;1.0;1.0;0.9999944843642397;0.9999405102497237;1.0;1.0024076368045856;0.9999947221071935;0.9999510303686515;1.0;1.0;0.9999999999999999;1.0005893019195737;0.9999963232565944;0.9999985114852852;1.0;0.9999988505829066;0.9999402668495982;1.0008098274529074;0.9999776182016517;0.9999841047646055;0.9999949124346799;0.9999991356806435;1.002283794194208;1.0024575675137657;0.9999790418791538;0.9999960719481343;0.9999992332401183;1.0008248482702695;1.0003357617734967;1.0000063885926163;0.9999472640117447;0.9999439069124259;1.0;0.9998146481914961;0.9998420263771964;1.0;1.0;1.0022335497023274;0.9999427722818766;0.9999811545078298;0.9999902387513416;1.0003224620683657;1.024999976158142;
2016-06-16 10:30:00;0.9999869221123933;1.0;1.0;0.9999933416487188;0.9999295787668705;1.0;1.0024329148350875;0.9999940201981607;0.9999424729962101;1.0;1.0;1.0;1.000595163436555;0.999995289689726;0.9999975252276176;1.0;0.9999986738661644;0.9999293751889764;1.0008183461209539;0.9999738950685503;0.999981430665328;0.9999948418390394;0.9999990082130444;1.0023076619532587;1.0024834429258342;0.9999755624377866;0.9999960653486883;0.999999017342504;1.0008245386943435;1.0003274052757147;0.9999959596328543;0.9999376717411522;0.9999331461797625;1.0;0.9998097786127192;0.9998273456334159;1.0;1.0;1.0022569148298632;0.9999318403994323;0.9999780768366149;0.999988824953529;1.0003254374604111;1.024999976158142;
2016-06-16 10:45:00;0.9999850388947235;1.0;1.0;0.9999918656568122;0.9999401411442288;1.0;1.002398934736168;0.9999955133327951;0.9999517800672937;1.0;1.0;1.0;1.0005860128407156;0.9999957609267951;0.9999971242876249;1.0;0.9999982937377694;0.9999397966326778;1.0008068943098807;0.9999762722937244;0.9999794359881101;0.9999968622784866;0.9999987181337684;1.002274944842474;1.0024491461082286;0.9999743468643506;0.9999973620418571;0.9999991138381119;1.0007845042419223;1.000299276435796;0.9999767711904456;0.9999307800008418;0.9999427747746594;1.0;0.9998136592927477;0.9998317590869419;1.0;1.0;1.002225493180594;0.9999416794205599;0.9999763862208498;0.9999904935450966;1.0003203054586012;1.024999976158142;
2016-06-16 11:00:00;0.9999679168772818;1.0;0.9999999999999999;0.9999798251876619;0.9999094173889054;1.0;1.0024813470336085;0.9999917180439754;0.9999242409051118;1.0;1.0;1.0;1.0006052579330558;0.999993079171272;0.999996096672858;1.0;0.9999946229849411;0.9999091632609032;1.0008353109902035;0.999956582377924;0.9999570770876263;0.9999961347272656;0.9999960186683248;1.0023504934990248;1.0025353967858095;0.9999445629667646;0.9999969390266538;0.9999985156319656;1.0007946440293387;1.000318568031763;0.9999595293288881;0.9999140990941356;0.9999125502586653;1.0;0.9998450783328375;0.9998039686408708;1.0;1.0;1.0023024560921345;0.9999111869011862;0.9999500724568806;0.9999829778528141;1.0003305976621604;1.024999976158142;
2016-06-16 11:15:00;0.9999799220058644;1.0;1.0;0.9999886102374891;0.9999236152155305;1.0;1.0025298478299636;0.9999936942776613;0.999937487693243;1.0;1.0;1.0;1.0006181364969458;0.9999948076722077;0.9999970829397302;0.9999999999999999;0.9999973552014708;0.9999231895116765;1.0008508438042185;0.9999682302645108;0.9999720740761852;0.9999953063550922;0.9999980206309516;1.002398642679415;1.0025832169223126;0.9999645812447086;0.9999961527298019;0.9999989072636195;1.0007791480619905;1.0002782695728987;0.9999345065995926;0.9999001433089894;0.9999272212466757;1.0;0.9998166705854068;0.9997973921270864;0.9999999999999999;0.9999999999999999;1.0023469953751187;0.999925849308706;0.999967651412569;0.9999870753082982;1.0003379205700376;1.024999976158142;
2016-06-16 11:30:00;0.9999828877990423;0.9999999999999999;1.0;0.9999911423679124;0.9999324621321645;1.0;1.0024111408388174;0.9999955185508402;0.9999463875124032;1.0;1.0;0.9999999999999999;1.0005883789585293;0.9999956368745114;0.9999969398248347;0.9999999999999999;0.9999983439215009;0.9999317238879619;1.000810587355069;0.9999735342927726;0.9999757072103053;0.9999961033558531;0.9999987275165914;1.0022866293358614;1.0024615961666679;0.9999711279035124;0.9999963789565326;0.9999990878975613;1.000789311345093;1.0002851901458858;0.9999766960873151;0.999931351955283;0.9999359582172981;1.0;0.999787904951548;0.999833505340043;1.0;1.0;1.0022367955215572;0.9999345990437529;0.9999726032763063;0.999989516019813;1.0003215718796545;1.024999976158142;
2016-06-16 11:45:00;0.9999790146473763;1.0;1.0;0.9999895973042816;0.9999073844137654;0.9999999999999999;1.0023814799918207;0.9999938842711619;0.9999267585901265;1.0;1.0;1.0;1.0005802193524702;0.999993709656379;0.9999953394001961;1.0;0.9999982690290415;0.9999065772905769;1.0008006486149428;0.9999655153982362;0.999970527875954;0.9999949469030236;0.9999986674805807;1.002258470116865;1.0024313194030385;0.9999647060092248;0.9999954704945448;0.9999986834255453;1.0007933096391044;1.0003065198034382;0.9999809065546125;0.9999263331485035;0.9999118840125036;1.0;0.9998129542666625;0.9998119313433251;1.0;1.0;1.0022091875278802;0.9999100443613199;0.9999666910426226;0.9999862355542052;1.0003167088519072;1.024999976158142;
2016-06-16 12:00:00;0.99998179584109;1.0;1.0;0.9999909737150288;0.9999095346078238;1.0;1.0023945630361348;0.9999931904779163;0.9999273386211;1.0;1.0;1.0;1.0005843516127833;0.999993908373817;0.9999961287615339;0.9999999999999999;0.9999984056340743;0.9999090185370475;1.0008052499482498;0.9999666901732891;0.9999742682189283;0.9999941792721506;0.9999987885840206;1.0022710477110308;1.0024445006700775;0.9999677838443176;0.9999952417011585;0.9999987278880604;1.0007949940515004;1.0002983003708104;0.9999739648983357;0.9999178999862556;0.9999140375630883;1.0;0.9998044856902283;0.9997963189859859;0.9999999999999999;1.0;1.0022213180172606;0.9999122958107957;0.9999703172679317;0.9999861892906613;1.0003191630919455;1.024999976158142;
2016-06-16 12:15:00;0.9999811345044243;1.0;1.0;0.9999908704223196;0.9998895363107725;1.0;1.0024519943590957;0.9999909519108483;0.999910464654965;1.0;1.0;1.0;1.000598711537422;0.9999922460573977;0.9999953524814887;1.0;0.999998416183086;0.9998893434762607;1.0008248425512376;0.9999607482400034;0.9999736783080622;0.999992599622751;0.9999988190248126;1.0023256442896693;1.0025029572084412;0.9999651810408133;0.9999944643668225;0.999998379048095;1.0007584076324119;1.0002253248432817;0.9999335752390623;0.9999002885837835;0.9998947418425433;1.0;0.9997532386101486;0.9997981327561323;1.0;1.0;1.0022744729018744;0.9998927068023342;0.9999689061009776;0.9999832375195093;1.000326838600142;1.024999976158142;
2016-06-16 12:30:00;0.9999775529882894;1.0;1.0;0.9999895289510409;0.9998792212840591;1.0;1.002484228189686;0.9999914806575443;0.9999040814059456;0.9999999999999999;1.0;0.9999999999999999;1.0006051706728771;0.9999913929843163;0.9999937302193137;0.9999999999999999;0.999998518914808;0.9998786562398653;1.0008352326898557;0.9999577251922958;0.9999689153970736;0.9999932639627996;0.999998868647942;1.0023562186600519;1.0025358895987864;0.9999613141659952;0.9999945287993489;0.9999982012619933;1.0008226738847101;1.0002965075741568;0.9999636286513406;0.9999026566338056;0.999884709332142;1.0;0.9997879691202346;0.9997661626402112;1.0;1.0;1.0023042300634908;0.9998823923229133;0.9999643163746266;0.9999826317868408;1.0003299806026928;1.024999976158142;
2016-06-16 12:45:00;0.9999569321092993;1.0;1.0;0.9999807103205719;0.9997550753770259;0.9999999999999999;1.0025766489671801;0.99998406299392;0.9998081927505867;0.9999999999999999;1.0;1.0;1.0006238598858168;0.9999798201093361;0.9999824006482096;1.0;0.9999979899392487;0.9997548626643278;1.0008668241958583;0.9999192391970113;0.9999448361127069;0.9999918148148973;0.9999985034304785;1.0024436509907815;1.0026302187930989;0.9999305028456876;0.9999938749888895;0.9999957485119353;1.0008653158842389;1.0003144457428863;0.9999756741382645;0.9999109479266676;0.9997629864555184;1.0;0.9997696678637901;0.9997743533066679;1.0;1.0;1.0023890115242295;0.999758574839242;0.9999368667353756;0.9999678013667962;1.0003374976570416;1.024999976158142;
2016-06-16 13:00:00;0.9999609448679357;1.0;1.0;0.99998207294451;0.9997925362926523;1.0;1.0025605818861865;0.9999871219851038;0.9998383561347947;1.0;1.0;1.0;1.0006205345058485;0.9999825366783431;0.9999840994750056;1.0;0.9999979878456025;0.9997922821943555;1.0008613351544837;0.9999309809482981;0.9999504422118841;0.9999944501616918;0.9999984989860765;1.0024282583069781;1.0026139772089435;0.9999384306240707;0.9999957251660665;0.9999963261389719;1.000880917834477;1.0003307620512785;0.9999967977451146;0.9999279006232666;0.9997987014451851;0.9999999999999999;0.9997671466864748;0.9997974294580636;1.0;1.0;1.0023742660667139;0.9997949897566357;0.9999437015732227;0.9999730362724792;1.0003360877518324;1.024999976158142;
2016-06-16 13:15:00;0.9999660268187138;0.9999999999999999;0.9999999999999999;0.999983625837574;0.9998367856332602;1.0;1.0025394348046295;0.9999896258457989;0.9998720709502568;1.0;1.0;1.0;1.0006166214576806;0.9999871421028766;0.9999889415005737;1.0;0.999997657168955;0.9998361485889026;1.00085387346926;0.9999427736216299;0.9999551429264655;0.9999942378689792;0.9999982283891056;1.00240796110953;1.0025927216705257;0.9999451020927177;0.9999951483503233;0.9999972976187951;1.000853485456228;1.0003161396707676;0.9999808840686519;0.9999189551273729;0.9998426227545326;1.0;0.9997791999005214;0.999791762502139;1.0;1.0;1.0023551534253814;0.9998396087817177;0.9999491549512317;0.999977553073582;1.0003351156211255;1.024999976158142;
2016-06-16 13:30:00;0.9999773850857482;1.0;1.0;0.9999888468260923;0.9998893678422275;0.9999999999999999;1.002487402955142;0.9999918763967675;0.9999114496515524;1.0;1.0;0.9999999999999999;1.0006061203765162;0.9999925086153941;0.999995065825484;1.0;0.9999980831671651;0.999888680183016;1.0008363222509253;0.9999593264118279;0.9999680881660086;0.999993097510774;0.9999985388559021;1.0023589007492066;1.0025394326319923;0.9999604236487942;0.9999942728399627;0.9999984290339484;1.0007882980502385;1.0002526282801882;0.9999454921037043;0.9999034981215618;0.999894842695324;0.9999999999999999;0.9997625341188715;0.9997928120019016;1.0;1.0;1.0023074087349166;0.99989269659134;0.9999633510778982;0.9999832477343379;1.0003308162146232;1.024999976158142;
2016-06-16 13:45:00;0.999966953810295;0.9999999999999999;1.0;0.999985127812278;0.9998125049516803;0.9999999999999999;1.0025726303070424;0.9999875362707965;0.9998526995859172;1.0;1.0;1.0;1.0006247919865017;0.9999849875843505;0.9999873410981945;0.9999999999999999;0.9999983507287878;0.9998122094698152;1.000865316779118;0.9999375314423892;0.9999569316644749;0.9999927742395346;0.9999987635734068;1.00244003897627;1.0026260313758608;0.9999458009693013;0.9999944742885384;0.9999968435447192;1.0007981395169683;1.0002590792679709;0.999928514874343;0.9998886478054729;0.9998191017483125;1.0;0.9997756482089305;0.9997708665641879;1.0;0.9999999999999999;1.002385678654826;0.9998156753982376;0.9999506360059865;0.9999748827622339;1.0003391962357722;1.024999976158142;
2016-06-16 14:00:00;0.9999598469906946;0.9999999999999999;0.9999999999999999;0.9999821557566309;0.9997622943599365;1.0;1.0025349453669148;0.9999832595463889;0.9998117397120966;1.0;1.0;1.0;1.0006147989122827;0.9999821375923071;0.9999863390907985;1.0;0.9999979561169041;0.9997616880055538;1.0008525249673006;0.999919965791157;0.9999457294157367;0.9999878795882033;0.9999984508978941;1.002404329690454;1.002587596507876;0.9999313120877021;0.9999906080476771;0.9999962354156489;1.000766321194205;1.0002464715658441;0.9999306825038419;0.9999073103146597;0.9997721560950942;1.0;0.999778929723199;0.999821949828152;0.9999999999999999;1.0;1.0023507026705833;0.9997676930792724;0.9999373855484768;0.9999669933022526;1.0003335020022748;1.024999976158142;
2016-06-16 14:15:00;0.9999404619143073;1.0;1.0;0.9999736122184776;0.9996212727323689;0.9999999999999999;1.0026061397969555;0.9999714016806455;0.9996974495854846;1.0;1.0;1.0;1.0006299593909262;0.9999714101769202;0.9999795115374919;1.0;0.9999968454849748;0.999620988039399;1.0008771177201685;0.9998729176049462;0.9999197468199558;0.9999790609874641;0.9999976547847346;1.0024715979263021;1.002660337499621;0.9998947630841718;0.9999846189896331;0.9999939194968591;1.0008808662963486;1.000336046516507;0.9999959644408059;0.9999368686246294;0.9996369844348347;1.0;0.9997723390826742;0.9998231511313334;0.9999999999999999;1.0;1.0024162734803213;0.9996300341688336;0.9999059163641593;0.9999464966956344;1.0003401603899584;1.024999976158142;
2016-06-16 14:30:00;0.9999803171354599;1.0;1.0;0.9999906393335268;0.9998804533236499;1.0;1.0023627727995896;0.9999897225333974;0.9999022980362352;1.0;0.9999999999999999;0.9999999999999999;1.0005768148226541;0.9999925372087016;0.9999966787530762;0.9999999999999999;0.999998320993148;0.9998799571744791;1.0007948514890566;0.9999567929720273;0.9999708621851291;0.9999898425637962;0.9999987275901664;1.002241063860617;1.0024119092627046;0.9999617443805425;0.9999921443493887;0.9999984318426783;1.0007896467256483;1.0003075213045152;0.9999874468960507;0.9999348795017865;0.999887300581108;1.0;0.9998118930664571;0.9998280159178973;1.0;1.0;1.0021919539510369;0.9998849733735434;0.9999654965772056;0.9999810581380796;1.0003151620748258;1.024999976158142;
2016-06-16 14:45:00;0.999955872244106;0.9999999999999999;1.0;0.9999806755069189;0.9997661274438883;1.0;1.0024185128432244;0.999987703689712;0.9998213628027429;0.9999999999999999;1.0;1.0;1.0005837180547752;0.9999788724007468;0.9999783485226194;1.0;0.9999986197041352;0.9997659346331768;1.0008135254089918;0.9999258229410756;0.9999464239946854;0.9999979238848381;0.9999989690338894;1.0022937789587727;1.0024686642806309;0.9999353901433692;0.9999982912068159;0.9999955722399608;1.0007771193728867;1.0002852392840214;0.9999657469463135;0.999924480312167;0.9997712563420936;1.0;0.9998029730818297;0.9998254390046601;0.9999999999999999;1.0;1.0022418625660887;0.9997671139408113;0.9999402659161499;0.9999723075276336;1.0003145535110483;1.024999976158142;
2016-06-16 15:00:00;0.9999376093936856;1.0;1.0;0.9999725506072817;0.9996799837781244;0.9999999999999999;1.0023731699143215;0.9999835455980779;0.9997558654704303;1.0;1.0;0.9999999999999999;1.0005682851566366;0.9999717178834258;0.9999710445542125;1.0;0.9999979369888559;0.9996792640639516;1.000797957126916;0.9998972541830465;0.9999228256839009;0.9999964356994547;0.9999984288318571;1.002250262360708;1.0024227629741818;0.9999083221702247;0.999996633220905;0.9999940464631192;1.0007376259820213;1.0002599707519901;0.9999448141633195;0.9999116015952045;0.9996877528086854;1.0;0.9998096588189734;0.9998127152312993;1.0;1.0;1.0021993370744515;0.9996819593664157;0.9999143319902892;0.9999617246499216;1.0003043256329995;1.024999976158142;
2016-06-16 15:15:00;0.9999647965532845;0.9999999999999999;0.9999999999999999;0.9999838140306093;0.9998215226411417;1.0;1.0022480492188264;0.9999893236515742;0.999861325763987;1.0;1.0;0.9999999999999999;1.0005440588289618;0.9999855500613513;0.999986851477938;1.0;0.9999981515699504;0.9998208931899681;1.0007562142445985;0.9999397389469267;0.9999542016863109;0.9999946439322465;0.9999985933497081;1.002131744642223;1.002295082313995;0.9999444855662851;0.9999954484893578;0.999996965354787;1.0006999243124817;1.0002333857188703;0.9999464965539477;0.9999147213698212;0.9998274835858614;0.9999999999999999;0.999799554714318;0.9998193841202996;1.0;1.0;1.0020847628279004;0.9998241733962433;0.9999483950105468;0.999976578401037;1.0002948352442567;1.024999976158142;
2016-06-16 15:30:00;0.9999746955019164;1.0;0.9999999999999999;0.9999879109888149;0.999880948768902;1.0;1.0022034840164011;0.9999930027707554;0.9999075801851495;1.0;0.9999999999999999;1.0;1.0005350976067924;0.9999902285520809;0.9999909395846582;1.0;0.9999984056374587;0.999880503172208;1.000741365676141;0.9999588963854025;0.9999672491722192;0.9999969687611038;0.9999987935229774;1.0020895021365002;1.0022495865764387;0.9999604297426369;0.9999973257134844;0.9999979540106199;1.0006736790657118;1.0002135196828623;0.9999333797934234;0.9999043008895666;0.9998846967308025;1.0;0.9998007554517926;0.9998055946472291;1.0;1.0;1.0020437585578574;0.9998825159938857;0.9999631728061001;0.999984252496999;1.0002909043060555;1.024999976158142;
2016-06-16 15:45:00;0.9999468121879157;1.0;1.0;0.9999763754379788;0.9997222404571581;1.0;1.0023331016658752;0.9999847308644707;0.9997866521936256;0.9999999999999999;1.0;1.0;1.000560812925772;0.9999756790587383;0.9999759354468921;1.0;0.9999980103301154;0.9997217734643429;1.000784986673961;0.9999100651649918;0.9999339118528837;0.999995634887393;0.999998500617957;1.002212320930307;1.0023818193534781;0.9999202390285905;0.9999963377828638;0.9999948629114951;1.0007474596149848;1.0002718838202254;0.9999639315830097;0.9999243892533332;0.9997293573420406;1.0;0.9998053853547475;0.9998249731859262;0.9999999999999999;1.0;1.0021626822031724;0.9997243580834795;0.9999260787216099;0.999965948358015;1.000301394144633;1.024999976158142;
2016-06-16 16:00:00;0.9999436006393325;1.0;1.0;0.9999749084324496;0.9997032502205424;1.0;1.0022981461067901;0.9999834535841517;0.999771726406451;1.0;1.0;1.0;1.0005517905380952;0.9999740368330488;0.9999744852261725;1.0;0.9999978435124838;0.9997028246105056;1.0007732627349557;0.9999038744973527;0.9999299606353231;0.9999951264213838;0.9999983805560105;1.0021790897297813;1.0023461829161153;0.9999150542847927;0.9999960179853871;0.9999945204839487;1.000795508054069;1.0003250183511763;1.0000113613728243;0.9999519368584706;0.9997108649738708;1.0;0.9998125197088032;0.99984415055379;1.0;1.0;1.0021301233937212;0.9997055452524239;0.9999214931048361;0.9999634788801108;1.000296110707016;1.024999976158142;
2016-06-16 16:15:00;0.9999556563429406;1.0;1.0;0.9999803527626308;0.9997687553265673;1.0;1.0022041918016715;0.9999875472784371;0.9998228029147277;1.0;1.0;1.0;1.0005310110741272;0.9999795537494487;0.9999794642036541;1.0;0.9999984043575519;0.9997684017035987;1.0007416933796682;0.999925551850758;0.9999452709330952;0.9999969648654323;0.9999987990193128;1.0020902522668766;1.0022501029889577;0.9999340869679102;0.9999974223618234;0.9999957028761343;1.0007453374093207;1.0002965432342596;0.9999971491434893;0.9999462224783905;0.9997743963165706;0.9999999999999999;0.9998208549677855;0.9998453572073673;0.9999999999999999;1.0;1.00204334912977;0.9997702506560571;0.9999388933374811;0.9999719921694022;1.000285926695733;1.024999976158142;
2016-06-16 16:30:00;0.9999499790585233;1.0;1.0;0.9999780984051304;0.999732978285463;1.0;1.0022202718539872;0.9999851535593528;0.9997946181056737;1.0;1.0;1.0;1.0005338064795437;0.9999771824509645;0.9999777784051362;1.0;0.9999982665496228;0.9997323719488603;1.0007468636537045;0.9999136784937128;0.9999370312383647;0.9999946131770756;0.9999986797146717;1.0021055344985907;1.0022665113898532;0.9999241645193185;0.9999954497486939;0.9999952000447232;1.0007469034405676;1.0002822832115341;0.9999927736317132;0.9999432340033383;0.9997405012448547;1.0;0.999800649667883;0.9998421407205846;0.9999999999999999;1.0;1.0020581321825912;0.999735619334154;0.9999295257225956;0.9999670205162073;1.000287053987907;1.024999976158142;
2016-06-16 16:45:00;0.9999784202903673;1.0;1.0;0.9999901209121603;0.9998821785470706;1.0;1.002087110592241;0.9999923660488272;0.9999076870062096;1.0;0.9999999999999999;1.0;1.0005074814805783;0.9999904409138662;0.9999917033651832;1.0;0.9999988455285913;0.999881985713978;1.0007025144018826;0.9999605617872569;0.9999720922146741;0.9999959564802766;0.9999991354978529;1.0019794920800364;1.002130463085676;0.999965079064731;0.9999968784778437;0.9999980032629981;1.0006352282650408;1.0001856104129956;0.9999338668214632;0.9999081282654084;0.9998861120775021;1.0;0.9997884036695909;0.9998148675524308;1.0;1.0;1.0019358079980722;0.9998839751762414;0.9999681239827075;0.9999843289081514;1.0002759628158242;1.024999976158142;
2016-06-16 17:00:00;0.9999819251131731;1.0;1.0;0.9999911662271072;0.9999179107503444;1.0;1.0019997252073254;0.9999949957892339;0.9999359161047534;1.0;1.0;1.0;1.0004865511811647;0.9999935145754459;0.9999942449411577;1.0;0.9999986985704937;0.9999175156918257;1.0006730705575972;0.9999708790997544;0.999976152121416;0.9999973985744263;0.9999990129937252;1.001896349678871;1.0020415293460856;0.9999711800682526;0.9999976913604104;0.9999986440680403;1.0006201074451686;1.0001977674577631;0.9999498245235273;0.9999228455052244;0.9999207906221859;1.0;0.9998078145500279;0.9998370293360381;1.0;1.0;1.001855080705099;0.9999192660160924;0.9999731220644024;0.9999887442572851;1.0002650997587683;1.024999976158142;
2016-06-16 17:15:00;0.9999724145393285;1.0;1.0;0.9999871459715007;0.9998633445049834;1.0;1.0020129657401282;0.9999918707735354;0.9998938524435498;1.0;1.0;1.0;1.0004877683845863;0.9999888626506247;0.9999897847057517;1.0;0.9999984524312298;0.999862868274953;1.000677454759097;0.999953568811661;0.9999642283100454;0.9999961476894874;0.9999988258664825;1.0019087969837956;1.0020550878077907;0.9999566452708784;0.999996700920544;0.9999976676643842;1.0006392574759826;1.0002209579506078;0.9999603894247748;0.9999267838941401;0.9998677893099494;1.0;0.9998193869136119;0.9998346600478265;0.9999999999999999;1.0;1.0018669893877594;0.999865269493981;0.9999597111171948;0.9999820436078638;1.000264692044072;1.024999976158142;
2016-06-16 17:30:00;0.9999649465809496;1.0;1.0;0.9999836742336339;0.9998186709449449;1.0;1.0021096338617703;0.9999883175014236;0.9998578021746768;0.9999999999999999;1.0;1.0;1.0005102928847653;0.9999857768632964;0.999987910655248;1.0;0.9999979153345543;0.9998180645563696;1.0007098570782385;0.9999378873508225;0.9999536774641345;0.9999930904019899;0.9999984208366327;1.0020002670806116;1.00215392976381;0.9999429381177473;0.9999943568484616;0.9999970142170408;1.0006971949448273;1.0002525581564552;0.9999840242451833;0.9999421582096767;0.9998253061109778;1.0;0.9998035579555097;0.9998507104353949;1.0;1.0;1.0019565538218391;0.9998219403524595;0.9999473357314117;0.9999753483559735;1.0002765707767327;1.024999976158142;
2016-06-16 17:45:00;0.9999726321945609;1.0;0.9999999999999999;0.9999872411382453;0.9998641219592033;1.0;1.002019225646515;0.9999914999276089;0.999893678523422;1.0;1.0;1.0;1.000489403180459;0.9999897736914961;0.9999913753621321;1.0;0.9999983527668906;0.9998633730305216;1.0006793343791625;0.9999528025300609;0.999963051429267;0.9999943349273972;0.9999987332812768;1.001914742294616;1.0020615319554902;0.9999554229224048;0.9999950944031031;0.9999978574405655;1.0006473298448617;1.0002133219611358;0.9999670778973494;0.9999337185421106;0.9998695964520762;1.0;0.9997964960233581;0.9998468078038466;1.0;1.0;1.00187297686862;0.9998669883941053;0.9999582809322499;0.9999813348719713;1.0002659668736344;1.024999976158142;
2016-06-16 18:00:00;0.9999602489652426;1.0;0.9999999999999999;0.9999820938751447;0.999794541125348;1.0;1.0020677607326258;0.9999885337243626;0.9998418896230581;1.0;0.9999999999999999;1.0;1.0004985208092831;0.9999820616123469;0.9999823750489165;1.0;0.9999983273021045;0.9997942165732507;1.0006959916905396;0.9999329864515007;0.9999505349877039;0.9999966625915052;0.9999987442621044;1.0019607008099107;1.0021109644765414;0.9999400135196631;0.9999972379727423;0.9999962320044946;1.000685692108407;1.0002416838314625;0.999984229809258;0.9999419757693839;0.9997998210164035;0.9999999999999999;0.999795072620315;0.9998486374260124;0.9999999999999999;1.0;1.0019171342359217;0.9997961405181197;0.9999445440120602;0.9999745855382753;1.0002688069114172;1.024999976158142;
2016-06-16 18:15:00;0.9999677042883532;1.0;1.0;0.9999837092145333;0.9998531252330367;1.0;1.0020620526257737;0.9999904663217617;0.9998845757124362;1.0;1.0;1.0;1.0004996947515816;0.9999877746645855;0.9999892532349977;1.0;0.999997360577601;0.9998528420376508;1.0006942967264876;0.9999475892142207;0.9999584774663007;0.9999960612923555;0.999998034578725;1.0019545753770969;1.0021057938809648;0.999948291997594;0.9999968529322577;0.9999974278288924;1.0006826152873904;1.0002295282779974;0.9999938620428968;0.9999593778787644;0.9998575146987574;1.0;0.9997733112609898;0.9998889123478282;1.0;1.0;1.001912634361676;0.9998549437990631;0.9999527085763135;0.9999796867840608;1.000271092590802;1.024999976158142;
2016-06-16 18:30:00;0.9999729945481676;1.0;1.0;0.999986503447437;0.9998654682790894;1.0;1.0020091413071168;0.9999900270936526;0.9998923470916536;1.0;1.0;1.0;1.0004879623787677;0.9999900753982326;0.999992893092382;1.0;0.9999976559284988;0.9998650441636275;1.0006763745776104;0.9999512560291769;0.9999632930844619;0.999992984172783;0.9999982424107738;1.0019047384093644;1.0020515581091163;0.9999533892458708;0.9999944838005065;0.9999979173439812;1.0006852952583472;1.0002400598436754;1.0000010339970502;0.9999554459580142;0.9998711165233892;1.0;0.9997819300295179;0.9998671343798583;1.0;0.9999999999999999;1.0018638444283512;0.9998686499973619;0.9999575615135722;0.9999800674285291;1.0002655351008434;1.024999976158142;
2016-06-16 18:45:00;0.9999467476447771;1.0;1.0;0.9999762250186329;0.9997147353261688;1.0;1.0021166877018872;0.999983455555221;0.999779643803222;1.0;1.0;1.0;1.0005080674732216;0.9999751885689316;0.9999761519254506;1.0;0.9999978504039735;0.9997144521699803;1.0007125602334122;0.9999073197339279;0.9999337390978286;0.9999945029638956;0.9999983956282325;1.0020069252914914;1.002160976460185;0.9999187285419201;0.9999957280809372;0.9999947621553721;1.0007723666162822;1.0003035624215677;1.0000503804755618;0.9999901024199476;0.9997222706777293;1.0;0.9997703865455537;0.9999053565693056;0.9999999999999999;1.0;1.0019620096905713;0.9997171817410604;0.9999253353608079;0.9999644202183426;1.0002725452075119;1.024999976158142;
2016-06-16 19:00:00;0.9998906923087992;1.0;0.9999999999999999;0.9999521149390742;0.9994097032271273;1.0;1.0023345758606372;0.9999672360397828;0.9995464286141512;1.0;1.0;0.9999999999999999;1.0005498551131682;0.9999474767659687;0.9999479655122898;0.9999999999999999;0.9999964178632605;0.9994093083693969;1.0007854329637047;0.9998112027260329;0.9998659665600949;0.9999916132402649;0.9999973318042542;1.0022128721781913;1.002383659942018;0.9998367309376964;0.9999935134266579;0.9999888254061653;1.0008461685741163;1.0003247807808993;1.0000517118592889;0.999988052314445;0.9994238449131907;0.9999999999999999;0.999738974723057;0.9998976889548166;1.0;1.0;1.0021615890839823;0.9994133852050292;0.9998496987100172;0.9999283185478891;1.0002886851734578;1.024999976158142;
2016-06-16 19:15:00;0.9999343913995161;1.0;1.0;0.9999708288898731;0.9995947435888167;1.0;1.0021674276541523;0.9999700171213479;0.999677049528113;1.0;1.0;1.0;1.0005204497720876;0.9999695378782807;0.9999778290682739;1.0;0.9999965292907882;0.9995941556455038;1.0007297329706448;0.9998634898281558;0.9999112912725647;0.9999779634205148;0.9999974004401355;1.0020550102856653;1.0022128589793167;0.9998852109207794;0.9999834919465351;0.9999935083495655;1.0008273631999818;1.000364534990882;1.0000832425646682;1.0000088151141961;0.999611675913397;1.0;0.9997937410295169;0.999917627245892;1.0;1.0;1.0020094204642558;0.9996041744080008;0.9998966050636053;0.9999428857826129;1.0002797182240315;1.024999976158142;
2016-06-16 19:30:00;0.9999266245834978;1.0;1.0;0.9999674814845243;0.999586000612554;1.0;1.0022151986915366;0.9999737477053681;0.9996767792489626;1.0;1.0;1.0;1.000529036317662;0.9999657215150518;0.9999695888961198;1.0;0.9999968852295247;0.9995854938775396;1.0007456419262601;0.9998640023619613;0.9999061057364296;0.9999868495895841;0.9999976684906172;1.0021001241780676;1.0022616779822022;0.9998829106790519;0.9999899706750854;0.9999927048141336;1.0009034041696245;1.0004236573459913;1.0001246635107672;1.0000254389731067;0.9995992305117263;1.0;0.9997914180044795;0.9999128918464453;1.0;0.9999999999999999;1.0020529217612943;0.9995917309699655;0.9998930477879058;0.999946083521477;1.0002824519073354;1.024999976158142;
2016-06-16 19:45:00;0.999943976536571;1.0;1.0;0.9999746675618224;0.9996913582865513;1.0;1.0020702079132302;0.9999801432707881;0.9997584251784434;0.9999999999999999;1.0;1.0;1.000496971694396;0.9999748548010511;0.9999780896263228;1.0;0.9999972320689994;0.9996908423283796;1.0006968459753007;0.9998971859279446;0.9999275984061031;0.9999894870542299;0.9999979235188518;1.0019626528363008;1.0021137467388563;0.999909701256412;0.9999918623213819;0.9999946852012501;1.0009465609106551;1.0004712281610426;1.000198727794778;1.0000735567623669;0.9997016405474665;1.0;0.9997768017091413;0.9999588500296273;1.0;1.0;1.0019191639376137;0.9996960275471587;0.9999174326977538;0.9999591492524483;1.0002669328793041;1.024999976158142;
2016-06-16 20:00:00;0.999940535681189;1.0;1.0;0.9999725288660504;0.9996804081167345;1.0;1.0021551251795189;0.9999791979425505;0.9997494581899699;1.0;0.9999999999999999;1.0;1.0005173887771572;0.9999736975348347;0.9999771381550313;1.0;0.999996706531477;0.9996799916860512;1.0007255918227254;0.9998924857557377;0.9999235082825937;0.9999895412726738;0.9999975431087299;1.0020428123732141;1.0022007056630249;0.9999041487804141;0.9999920110583554;0.9999944172987891;1.0010596269708547;1.0005712764898742;1.0002594517521353;1.000099024991243;0.9996907215881777;1.0;0.9997926464029212;0.9999554512479095;1.0;1.0;1.0019979427501333;0.9996849807947735;0.9999126266006115;0.9999573734639123;1.00027787906878;1.024999976158142;
2016-06-16 20:15:00;0.9999606517957861;1.0;1.0;0.9999821611273961;0.9997795883678863;1.0;1.0019786041992198;0.9999855714708112;0.9998272142208681;1.0;1.0;1.0;1.0004777112403602;0.999981846566081;0.9999842327411206;1.0;0.999998019206368;0.9997793955545788;1.000666333462699;0.9999268399119232;0.9999495592756386;0.9999926247989452;0.9999985264004109;1.0018761396786269;1.0020199601449429;0.9999363913115076;0.9999944800674156;0.9999961773664905;1.0009289663459564;1.000495098475913;1.000212202120351;1.0000838815030537;0.9997867027791731;0.9999999999999999;0.9998188462525464;0.9999717204676045;1.0;1.0;1.0018346518481807;0.9997827428486427;0.9999422410466218;0.9999708466170844;1.0002578575931602;1.024999976158142;
2016-06-16 20:30:00;0.99990409165411;1.0;1.0;0.9999577412374637;0.9994871324104572;1.0;1.0021501848968373;0.9999719893114005;0.9996066715669109;1.0;1.0;0.9999999999999999;1.0005074855393212;0.9999536772449638;0.9999534180408289;0.9999999999999999;0.999996781353347;0.9994869703158169;1.000723650508766;0.9998364253366268;0.9998835391935701;0.9999944621143791;0.9999976160798256;1.0020380721966102;1.0021954103047324;0.9998580855952248;0.9999958254750553;0.9999901872382327;1.0009831664200803;1.000518065111794;1.0002123416321647;1.0000830960162967;0.9994984893784793;1.0;0.999807020629509;0.9999688314233712;1.0;0.9999999999999999;1.0019909840188763;0.9994894889262188;0.9998695410331385;0.9999383739114642;1.000266799403638;1.024999976158142;
2016-06-16 20:45:00;0.9999473287964594;1.0;0.9999999999999999;0.9999760558814584;0.9997166189620645;1.0;1.0020461705720318;0.9999822229160545;0.9997788822787039;1.0;0.9999999999999999;1.0;1.0004915524832811;0.9999765733937324;0.9999790660115356;1.0;0.9999973882032406;0.9997161336275332;1.0006888225881536;0.9999056165683798;0.9999324168540104;0.9999913781963843;0.9999980407555888;1.001939855078422;1.0020892184546624;0.9999162370335882;0.9999932566141646;0.9999950449170469;1.0009610391745605;1.000499841300987;1.0002131072433553;1.0000776654437828;0.9997256284730729;1.0;0.9997980867363608;0.9999517601091177;1.0;1.0;1.0018969605232697;0.9997204928860915;0.999923208854843;0.9999628635375951;1.000264200333316;1.024999976158142;
2016-06-16 21:00:00;0.9999410918995503;1.0;0.9999999999999999;0.999972928988709;0.9996864552798875;0.9999999999999999;1.0020774387354583;0.9999803839804751;0.9997554909910112;1.0;1.0;1.0;1.0004982459248515;0.9999734578715291;0.9999759164431751;1.0;0.9999969548098896;0.9996861598352748;1.000699550220661;0.9998956264820851;0.9999254426366136;0.9999916744311933;0.9999977346062674;1.0019692133319398;1.0021213148088046;0.9999070959212331;0.9999936791900439;0.9999943727292617;1.0009812027219986;1.0005139296993595;1.0002223452747572;1.0000837855598241;0.9996956464632066;0.9999999999999999;0.9997959221152058;0.9999578263324734;1.0;1.0;1.0019257209301564;0.9996900659591698;0.9999152118339498;0.9999591720033747;1.0002671120669775;1.024999976158142;
2016-06-16 21:15:00;0.999941262684835;1.0;1.0;0.9999735144846831;0.9997045993927486;1.0;1.0020120687725742;0.9999839974535717;0.9997732554359425;1.0;0.9999999999999999;1.0;1.0004810055984719;0.999974413736824;0.9999746413505365;1.0;0.9999975350071403;0.9997038521469355;1.0006769703947533;0.9999030855021672;0.9999263078720461;0.9999952719629325;0.9999981305929225;1.0019074046702434;1.0020544931136226;0.9999117900895161;0.9999957656192389;0.9999945962094371;1.0009783981086915;1.0005334167411697;1.0002379643024424;1.0000934864508189;0.9997124318694944;1.0;0.9998171636985448;0.9999658754022304;1.0;1.0;1.001864905506379;0.9997070709172534;0.999917781038988;0.9999634733712707;1.0002573720769106;1.024999976158142;
2016-06-16 21:30:00;0.9999567938181927;1.0;0.9999999999999999;0.9999807237587278;0.9997436681902492;1.0;1.001962018329146;0.9999818197462425;0.9997967818691336;0.9999999999999999;0.9999999999999999;0.9999999999999999;1.000473325608718;0.9999807307593659;0.9999853501077016;1.0;0.9999977422843713;0.9997430618471632;1.0006604163188006;0.9999135885528434;0.9999416404980273;0.9999868759459879;0.9999982932789616;1.0018605054120475;1.0020030278407914;0.9999258659639928;0.9999898862703698;0.9999959414326286;1.0009573132399772;1.0005156150162495;1.0002321701014223;1.0000893745349229;0.9997542710481055;0.9999999999999999;0.9998122189548395;0.9999613912580043;1.0;1.0;1.001819408291206;0.9997494773897817;0.999932560654027;0.9999643148954875;1.0002557229914093;1.024999976158142;
2016-06-16 21:45:00;0.9999517651463418;0.9999999999999999;0.9999999999999999;0.9999784524192706;0.9996937042386158;1.0;1.0020261627768412;0.9999762929557776;0.9997542766893814;1.0;1.0;1.0;1.0004891051999525;0.9999777822364896;0.9999851363047898;1.0;0.9999972053643159;0.9996932189152091;1.000682282662606;0.9998958880813318;0.9999334721611269;0.9999810817559966;0.9999979059929931;1.00192130047416;1.0020685126832392;0.9999128653367593;0.9999858520977403;0.9999952945685538;1.001008035825732;1.0005551052153694;1.0002592831789123;1.0001071332511842;0.999707504918285;1.0;0.9998109735687857;0.9999790369961628;0.9999999999999999;1.0;1.0018789624133595;0.9997017920216521;0.9999218630375304;0.9999557483232507;1.0002643082023295;1.024999976158142;
2016-06-16 22:00:00;0.9999569925005126;1.0;1.0;0.9999800592608407;0.9997563565100049;1.0;1.0019712278379085;0.9999825548589057;0.9998065446029364;1.0;1.0;1.0;1.0004759535464318;0.9999812202910051;0.9999855339782259;1.0;0.9999973175470523;0.9997559615153149;1.000663793364775;0.999916733208919;0.9999427310995836;0.999988443673845;0.9999979950203138;1.0018688562578344;1.0020127136927865;0.9999267502518326;0.99999124825235;0.9999960366700973;1.0009890232045373;1.0005521692598276;1.000253023820995;1.0000984133742084;0.9997658224555883;1.0;0.9998267721659749;0.9999608288527949;1.0;1.0;1.001828035715798;0.9997613691263775;0.9999337152572135;0.999965852190472;1.0002572055506385;1.024999976158142;
2016-06-16 22:15:00;0.9999326319664614;1.0;1.0;0.999969001845862;0.9996589376250321;1.0;1.0020249120893017;0.9999806378827112;0.9997370341359825;1.0;1.0;1.0;1.0004832339611696;0.9999696392540238;0.999970215608755;1.0;0.9999967837952165;0.9996586743912442;1.0006818390051417;0.9998877922052278;0.9999169587207332;0.9999953355654999;0.9999976107965299;1.0019191017053752;1.0020678777581569;0.9998984147242981;0.9999963465394457;0.9999935620941902;1.0010151737116757;1.00056638169135;1.0002649790210767;1.00010986198339;0.9996670030362105;1.0;0.9998174199011285;0.9999788245979465;1.0;1.0;1.0018764776414977;0.9996610231771769;0.9999066429571928;0.9999575466638247;1.0002575363486437;1.024999976158142;
2016-06-16 22:30:00;0.9999551480396544;1.0;1.0;0.9999799630839946;0.9997492998014385;1.0;1.001946178217052;0.9999843109446358;0.9998046564519999;0.9999999999999999;1.0;1.0;1.000468528072006;0.9999787901657614;0.9999807360510597;1.0;0.9999980411481264;0.9997491376642803;1.0006554766393976;0.9999179809179702;0.9999434092951978;0.9999930943446944;0.9999985447215386;1.0018454046681646;1.0019868062846986;0.9999292399606313;0.999994850482124;0.9999955246376655;1.0009537191770217;1.000514169214364;1.0002326788554545;1.0000892082751234;0.9997567194389377;0.9999999999999999;0.9998121574184777;0.9999596467907205;1.0;1.0;1.0018042494553923;0.9997522366098152;0.9999355675634931;0.9999677455347757;1.0002519974789654;1.024999976158142;
2016-06-16 22:45:00;0.9999336900903673;0.9999999999999999;1.0;0.9999705620254998;0.9996413781584632;1.0;1.0020229625350283;0.9999786205132817;0.999721950371198;1.0;1.0;1.0;1.0004827936091374;0.9999699417938467;0.9999721151201779;1.0;0.9999972936571921;0.9996406707679696;1.0006807725602282;0.9998824069068792;0.9999155604817401;0.9999905234777633;0.9999979554798034;1.0019178592413418;1.0020654777460158;0.9998967146773096;0.9999923924655664;0.9999936255090638;1.000996132942919;1.0005366333598016;1.000250538607024;1.000102902944811;0.9996522961483978;1.0;0.9997980531632717;0.9999770884479837;1.0;1.0;1.0018747977739453;0.9996457579338014;0.9999047066895638;0.999954236101772;1.0002577474648233;1.024999976158142;
2016-06-16 23:00:00;0.9999426461283758;1.0;1.0;0.9999745014419932;0.9996885176013975;1.0;1.001975240374802;0.9999813431639696;0.9997583998317461;1.0;1.0;0.9999999999999999;1.0004728856465825;0.9999738277407404;0.9999757292614551;1.0;0.9999976292346903;0.9996879710044776;1.0006648486727008;0.9998979666306776;0.999927136064488;0.999991840181457;0.9999982141248648;1.0018727479846903;1.002016656932447;0.9999105913701428;0.9999935200225877;0.9999944675546693;1.0010079433131804;1.0005715793318013;1.0002691270289121;1.0001094392502248;0.9996979040564217;1.0;0.9998287359691876;0.9999720141461357;1.0;1.0;1.0018308073040498;0.9996922456064203;0.9999176757577728;0.999960269333788;1.0002531866521973;1.024999976158142;
2016-06-16 23:15:00;0.9999475056917738;1.0;1.0;0.999976178382571;0.9997100683441933;1.0;1.0020030683845602;0.9999813130279697;0.9997731122034553;1.0;1.0;1.0;1.0004813060142546;0.9999760308823403;0.9999789393251294;1.0;0.9999973809295234;0.9997097529894013;1.000674487606666;0.9999036963648193;0.9999327791179946;0.9999907218800886;0.999998047316522;1.0018990143994162;1.0020451618527135;0.999915714492349;0.9999929736620077;0.999994934740297;1.000986336630676;1.000528787704659;1.0002450235346125;1.0000972783303612;0.9997193006777852;1.0;0.9997986520484852;0.9999679457665615;1.0;1.0;1.0018569401198356;0.9997140870515463;0.9999232350683663;0.9999618117862802;1.0002585607660834;1.024999976158142;
2016-06-16 23:30:00;0.999968482385868;0.9999999999999999;1.0;0.9999849275230109;0.9998288120349309;1.0;1.0018347340171314;0.9999870420852964;0.9998626908400047;1.0;1.0;0.9999999999999999;1.0004446573799233;0.9999880625573861;0.9999921581529178;1.0;0.9999975881010799;0.9998281136827608;1.0006176366001127;0.9999389919164595;0.9999558937382415;0.9999893012425738;0.9999981731818313;1.0017394764532417;1.0018734513826255;0.9999440130024919;0.9999915300106665;0.9999974892586984;1.0008960900905042;1.0004784406471048;1.0002208432465487;1.0000893150919692;0.9998369551172794;1.0;0.9998147956685064;0.9999756147916351;1.0;1.0;1.0017020342486551;0.9998337002580273;0.9999488570669943;0.9999745097973903;1.0002416561865912;1.024999976158142;
2016-06-16 23:45:00;0.9999711309579098;0.9999999999999999;1.0;0.9999863528322653;0.9998397975294301;1.0;1.001831958132954;0.9999879920338222;0.9998718176206102;1.0;1.0;1.0;1.0004443373687972;0.9999885014106699;0.999992103719855;1.0;0.9999979227360887;0.9998392723235054;1.0006168755887568;0.999943676714866;0.9999601055071932;0.999990561895368;0.999998431987636;1.0017370260196645;1.001870440101778;0.9999491562674769;0.9999926288002225;0.9999975786142268;1.0009023898050076;1.0004905777151545;1.000224931419344;1.0000894530058857;0.9998470585195661;1.0;0.9998251256827575;0.999970504508013;1.0;0.9999999999999999;1.001699415286965;0.9998440430401938;0.999953718130157;0.9999765318390537;1.000241468335215;1.024999976158142;
2016-06-17 00:00:00;0.9999705781794448;1.0;1.0;0.9999864467606968;0.9998172332578388;1.0;1.0018260140204402;0.9999855397073039;0.9998528755211932;1.0;1.0;1.0;1.0004432226478817;0.9999867180021856;0.9999913051802376;1.0;0.9999980174873717;0.9998170205319157;1.0006151734470672;0.9999371212502364;0.9999595387406383;0.9999886443688804;0.9999985237433487;1.0017315949480519;1.0018641443973428;0.9999465346792095;0.999991596424676;0.999997204722205;1.0009115786396594;1.0005063467658215;1.0002331593996654;1.0000929820161268;0.999825402793038;1.0;0.9998356951214112;0.9999700659191803;1.0;1.0;1.0016937707252302;0.9998220337688283;0.999952297925409;0.9999732462560688;1.0002406676741684;1.024999976158142;
2016-06-17 00:15:00;0.9999688086598867;1.0;1.0;0.9999859504170759;0.9998016757117277;0.9999999999999999;1.0018099935963298;0.9999845863872682;0.9998408437850562;0.9999999999999999;1.0;0.9999999999999999;1.0004388994160456;0.9999854584074537;0.9999901698164443;1.0;0.9999981210320203;0.9998014614255673;1.000609735964735;0.9999326608440543;0.9999573052774126;0.999988039092276;0.9999985999588991;1.001716518605145;1.0018476826524199;0.9999436967359583;0.9999911592804893;0.999996943824158;1.0009147173296258;1.0005159140097208;1.000241828312447;1.0000997994813654;0.9998103872328223;1.0;0.9998416600410951;0.9999789836359333;1.0;1.0;1.0016787690872129;0.9998067248001612;0.9999497351995148;0.9999714079124279;1.0002380302377696;1.024999976158142;
2016-06-17 00:30:00;0.9999815134841247;1.0;1.0;0.9999911131112464;0.9999039418789722;1.0;1.0017199808373758;0.9999932572274032;0.9999237912340196;1.0;0.9999999999999999;1.0;1.0004184064817228;0.9999927212927798;0.9999943596411697;1.0;0.9999986581992345;0.9999036586691934;1.0005792846681112;0.999966300063691;0.9999751871301961;0.9999955201997832;0.9999989910792699;1.001631065637095;1.0017559299477738;0.9999687614474875;0.9999964645927566;0.9999984798428686;1.0008896827338596;1.0005218748769011;1.0002410378107731;1.000095014448235;0.9999077542325596;0.9999999999999999;0.9998726155969979;0.9999655121797509;1.0;1.0;1.0015956161549198;0.9999059837275933;0.9999714628153902;0.9999863410661113;1.0002278130502973;1.024999976158142;
2016-06-17 00:45:00;0.9999812828575033;1.0;1.0;0.9999911153897089;0.9999065078962207;1.0;1.0017093884346224;0.9999935827785188;0.9999258805292371;1.0;1.0;1.0;1.0004155291971306;0.9999935892164036;0.9999953807478614;1.0;0.9999986725165761;0.9999058631992904;1.0005754030695284;0.9999664891263008;0.9999736779114611;0.9999945772629648;0.9999989762851308;1.0016210519892328;1.001745158619477;0.9999679516400546;0.9999953850091893;0.9999986604285568;1.000869735620955;1.0004992005024278;1.0002333909318188;1.0000968903471865;0.9999110451326002;1.0;0.9998602174698478;0.9999813568853807;1.0;1.0;1.0015859181046518;0.999909200153982;0.999970029503138;0.999986346242163;1.000226480555308;1.024999976158142;
2016-06-17 01:00:00;0.9999801397125295;0.9999999999999999;1.0;0.9999908156869897;0.9998966739907049;1.0;1.0016841996348;0.9999931613952994;0.9999186092937723;1.0;1.0;1.0;1.000409072708482;0.9999924838635462;0.9999940860668509;0.9999999999999999;0.9999987953384178;0.9998961165446304;1.0005670096562032;0.9999640820744777;0.9999727572884958;0.999994871390716;0.9999990729356549;1.0015972486575215;1.0017193493305772;0.9999667378072113;0.9999956933109662;0.9999984289011925;1.0009117183029994;1.0005720460716736;1.0002700485895977;1.000112082076381;0.9999011802446005;1.0;0.999910574860584;0.999978121240736;1.0;1.0;1.001562408504327;0.9998991818114877;0.9999690224319553;0.9999855047910482;1.0002226374482892;1.024999976158142;
2016-06-17 01:15:00;0.9999781429317993;1.0;1.0;0.9999899111966137;0.9998857764960317;1.0;1.0016805343706237;0.9999925700468258;0.9999102877701554;0.9999999999999999;1.0;0.9999999999999999;1.0004078090312583;0.9999913842446161;0.9999929219228719;1.0;0.9999987209972168;0.999885271172668;1.0005657981248337;0.9999607173923074;0.9999705470838106;0.9999949731355098;0.999999021792909;1.0015937224850546;1.001715627741833;0.9999639175002527;0.9999958242978998;0.9999982000338157;1.0009021739493988;1.00055749324319;1.0002651916221135;1.000111767276165;0.99989037406008;0.9999999999999999;0.9998998892519402;0.9999836463619184;1.0;0.9999999999999999;1.0015588940562483;0.9998882043873327;0.9999665248476586;0.9999842725084963;1.0002216678251092;1.024999976158142;
2016-06-17 01:30:00;0.9999839875346731;1.0;1.0;0.99999255944731;0.9999232843227589;1.0;1.0016605570101733;0.9999953315367399;0.9999400883510405;1.0;1.0;1.0;1.0004037511766606;0.9999945393303948;0.9999954825134304;0.9999999999999999;0.9999990382504721;0.9999226671351285;1.0005589958478804;0.9999729685754798;0.999977834646819;0.9999963771283656;0.999999247800362;1.001574900894184;1.0016951795207372;0.999973814781512;0.9999967101072498;0.9999988593658508;1.0008869860299225;1.0005459215810304;1.0002601852537598;1.0001111560258091;0.9999267547077594;0.9999999999999999;0.9998985688945197;0.9999884664612416;1.0;1.0;1.0015405930818837;0.9999252202366239;0.9999751349309575;0.9999893160330796;1.0002200577902578;1.024999976158142;
2016-06-17 01:45:00;0.9999827539754346;1.0;1.0;0.9999917103512113;0.9999186544095445;1.0;1.0016425204137283;0.9999946982925444;0.9999358893276018;1.0;1.0;1.0;1.0003993644183418;0.9999942975811071;0.9999955939676111;1.0;0.9999987545847365;0.9999180479603295;1.0005529612755488;0.9999706654804412;0.9999760184119119;0.999995808834734;0.999999039460742;1.001557618587052;1.0016769132718462;0.999971166270901;0.9999963133543972;0.9999988091734946;1.0009206566177564;1.0006015656959455;1.0002865134307943;1.0001192774518948;0.999922417163307;1.0;0.9999367811341495;0.9999777915389129;1.0;1.0;1.001523901988759;0.9999208150456477;0.9999728766479099;0.9999882703848584;1.0002176830162381;1.024999976158142;
2016-06-17 02:00:00;0.9999855230661782;1.0;1.0;0.9999927082170144;0.999929909309237;1.0;1.001609449138098;0.9999949913068501;0.9999442098911977;0.9999999999999999;1.0;1.0;1.0003921916962875;0.9999945744508613;0.9999957816755664;1.0;0.9999987491840003;0.9999297471427879;1.000542275216865;0.9999747504627933;0.9999807838413208;0.9999969920513518;0.9999990666331825;1.0015262036598973;1.0016431285105285;0.9999756388271727;0.9999976577715853;0.9999988676370896;1.0009184831970717;1.0006156512891422;1.0002986580058055;1.0001310310335163;0.9999325170419536;1.0;0.9999519397912119;0.9999970046851807;1.0;1.0;1.0014932108044832;0.9999312608064795;0.9999778565024952;0.9999898501912375;1.0002138015441389;1.024999976158142;
2016-06-17 02:15:00;0.9999844375821983;1.0;1.0;0.9999929309351371;0.9999149745807911;0.9999999999999999;1.0016195139682995;0.9999945275798879;0.9999334270675218;1.0;1.0;1.0;1.0003940369865292;0.999993197118482;0.9999941209103672;1.0;0.9999991967845772;0.9999147801776337;1.0005455710499205;0.9999715359172295;0.9999797045702442;0.9999969234391788;0.9999993943026528;1.0015360914094888;1.0016531077255544;0.999974774314936;0.9999975724196983;0.9999985804689876;1.0009283341226363;1.0006246323616383;1.0003020078814635;1.0001306997034292;0.999917941818596;1.0;0.9999549379091778;0.9999915364475064;1.0;1.0;1.0015023284170712;0.9999163772990274;0.9999768658261695;0.9999886750324718;1.0002144153406778;1.024999976158142;
2016-06-17 02:30:00;0.9999843122233454;1.0;1.0;0.9999927829190745;0.9999165477841869;1.0;1.001623796670713;0.9999945701285491;0.9999344974936102;0.9999999999999999;0.9999999999999999;1.0;1.00039507978476;0.9999935386124056;0.9999945854496687;1.0;0.9999991116966879;0.9999162630071226;1.0005469351635206;0.9999715855920437;0.9999791549037911;0.9999965979824867;0.9999993252465702;1.001540101500427;1.0016575414220799;0.9999742607827251;0.9999972380537069;0.999998651665862;1.0009282093156218;1.000622397605591;1.0002983874679865;1.0001262792587473;0.9999197109949962;1.0;0.9999540685400601;0.9999830373429317;1.0;1.0;1.0015063629025907;0.9999181499412954;0.9999762601326152;0.9999886462448101;1.000215097299249;1.024999976158142;
2016-06-17 02:45:00;0.9999865641517035;1.0;1.0;0.9999939029162261;0.9999297514286296;0.9999999999999999;1.0016054817217164;0.999995618660238;0.9999451256191404;1.0;0.9999999999999999;1.0;1.000390862472873;0.9999946442106691;0.9999954220838291;1.0;0.9999993002096085;0.9999294160925704;1.000540712573456;0.9999761228603093;0.9999819853529367;0.999997132535125;0.9999994606565236;1.0015228287245406;1.001638783678689;0.9999781758979167;0.9999975664541776;0.9999988835993318;1.0009206865412672;1.0006189147039475;1.000302811630897;1.0001347278544728;0.9999325175740932;1.0;0.9999522546363739;1.0000026182103257;1.0;1.0;1.0014894319346028;0.9999311720970244;0.9999796368569212;0.9999905257596171;1.0002129883060606;1.024999976158142;
2016-06-17 03:00:00;0.9999811295347104;1.0;1.0;0.9999902650810406;0.9999208536731563;1.0;1.0016350943048467;0.9999947035042517;0.9999373031910832;1.0;1.0;1.0;1.0003975811762247;0.9999942235524332;0.9999954890184168;1.0;0.9999982400482941;0.9999203360327701;1.0005506215950755;0.9999701059909496;0.9999742772764204;0.9999964777218852;0.9999986664170109;1.001550168579471;1.0016696539982173;0.9999686828641017;0.9999968930592514;0.9999987907060548;1.000935529668301;1.0006273839031468;1.0003006712456672;1.000126938406812;0.9999241649206198;1.0;0.9999538735320713;0.9999819846017344;1.0;1.0;1.0015170809730838;0.9999226756830328;0.9999708072070318;0.9999882324016816;1.0002166822467615;1.024999976158142;
2016-06-17 03:15:00;0.999983321581916;1.0;1.0;0.9999922190255394;0.9999237746579015;1.0;1.0016072029602927;0.9999956524591219;0.9999408587043296;0.9999999999999999;1.0;1.0;1.0003904802167638;0.9999945500313281;0.9999952632087153;1.0;0.9999990084011015;0.9999230762394027;1.0005409705620294;0.9999730306043181;0.9999769793152884;0.9999967353891522;0.9999992201023497;1.0015242494367358;1.001640771053004;0.9999732379746579;0.9999968776390533;0.999998862578532;1.0009315056717143;1.0006354615719666;1.0003073015920807;1.000132969378081;0.9999271624973091;1.0;0.9999651316242604;0.9999913186742038;1.0;1.0;1.0014910851806527;0.9999256236053278;0.9999743628017166;0.9999895214478866;1.0002127411692585;1.024999976158142;
2016-06-17 03:30:00;0.9999836481432037;1.0;1.0;0.9999923585162529;0.9999141572465257;1.0;1.001615302917491;0.9999942936365566;0.9999324309006705;1.0;0.9999999999999999;1.0;1.000392980182745;0.9999933832024525;0.9999945631096299;1.0;0.9999989860772569;0.9999138724701421;1.0005441088158047;0.9999704700870874;0.9999782196108558;0.9999963806627356;0.9999992326516249;1.001531968077417;1.0016489357000273;0.9999729734264501;0.9999970816837374;0.9999986178933697;1.0009357780859522;1.0006390965751315;1.0003119725579184;1.0001388219183323;0.9999174475303386;1.0;0.9999639027225867;1.0000027413503532;1.0;1.0;1.0014985029822818;0.9999158482125079;0.9999751334617311;0.9999881633358014;1.0002139427863441;1.024999976158142;
2016-06-17 03:45:00;0.9999816570774603;1.0;1.0;0.9999917734287782;0.9999043248149587;0.9999999999999999;1.0016320417345004;0.9999941579337223;0.9999254343322979;1.0;1.0;1.0;1.0003963382600516;0.9999927756111613;0.9999937803145418;1.0;0.9999991110169181;0.9999037995751386;1.0005494756122726;0.9999675596438512;0.9999752594564807;0.9999960439969581;0.9999993078835829;1.0015479470316988;1.001665966289783;0.9999703288650238;0.9999965724055442;0.999998491222363;1.0009408702778029;1.0006363836049867;1.0003060992268091;1.0001300117297485;0.9999081858373337;1.0;0.999959360232331;0.999984010814626;1.0;0.9999999999999999;1.001513954065256;0.9999063292101494;0.999972142226904;0.9999871575778517;1.000215594368082;1.024999976158142;
2016-06-17 04:00:00;0.9999846322064766;1.0;1.0;0.9999927496805522;0.999923455329258;0.9999999999999999;1.0016180293357426;0.9999951237178001;0.9999400064714709;0.9999999999999999;1.0;1.0;1.000393715969069;0.999994101018046;0.9999949988903801;1.0;0.9999990268629694;0.9999231215590418;1.000544974227911;0.9999734320146496;0.999979508001478;0.9999969990837035;0.9999992592793503;1.0015345398408502;1.0016517424679605;0.9999749855815129;0.9999974721572361;0.9999987681637083;1.000927890548132;1.000623270244658;1.0003029268378627;1.000132289996019;0.9999263689172605;0.9999999999999999;0.9999526446525362;0.9999951089690755;1.0;1.0;1.0015010767353913;0.9999249293012795;0.9999767736709116;0.9999894949686355;1.0002144494163543;1.024999976158142;
2016-06-17 04:15:00;0.9999824032357877;1.0;1.0;0.9999914317090507;0.9999121492814909;0.9999999999999999;1.0016128081866378;0.9999940596547268;0.9999306384107401;1.0;1.0;1.0;1.0003923307761016;0.9999930696722413;0.9999942802776867;0.9999999999999999;0.9999987031212679;0.9999119365353729;1.0005433379129829;0.999969199094309;0.9999768550162847;0.9999966373658722;0.9999990291321382;1.0015293815940478;1.0016465550657732;0.999970983916908;0.9999973464245723;0.9999985531369523;1.000922905480505;1.0006228382742735;1.0003016433142962;1.0001326911207837;0.9999152701334721;1.0;0.999957097512301;0.9999980224230198;1.0;1.0;1.001496188728824;0.9999136826945172;0.999973490998831;0.9999877355217549;1.0002135192369273;1.024999976158142;
2016-06-17 04:30:00;0.9999885559261841;1.0;1.0;0.9999945422938807;0.9999443280845557;1.0;1.001596622295722;0.9999960041123515;0.9999554699172882;1.0;1.0;1.0;1.0003892297391699;0.9999967823902772;0.9999982410917868;1.0;0.9999991106643552;0.9999437124476598;1.0005375057912278;0.9999792513284387;0.9999828998678884;0.999995605193237;0.9999993012878915;1.0015143367313921;1.0016298886931134;0.9999795180120654;0.9999961568909631;0.9999993300165679;1.000900004017313;1.0005985364259926;1.0002856357765808;1.000122260060275;0.9999477565972515;1.0;0.9999504263394445;0.9999879267879638;1.0;0.9999999999999999;1.0014815216845123;0.9999465792187598;0.9999805489812724;0.9999913445468417;1.0002127669770657;1.024999976158142;
2016-06-17 04:45:00;0.9999870073369986;1.0;1.0;0.9999940852228327;0.9999352629604329;1.0;1.0015826756675936;0.999995738293018;0.999948860635499;1.0;1.0;0.9999999999999999;1.0003853092561557;0.9999961004579645;0.9999974457887074;1.0;0.999999208138344;0.9999345263060899;1.0005326882472163;0.9999766569508455;0.9999807812852519;0.9999953931948067;0.9999993646505057;1.0015011898508037;1.0016155972828715;0.9999774471721882;0.9999958699774656;0.999999187745628;1.000903941767062;1.00060634323804;1.000297161230712;1.0001336865593697;0.9999390726445383;1.0;0.9999512208191672;1.000007002280583;1.0;1.0;1.0014685041355442;0.9999376892937105;0.999978354400616;0.9999904108958766;1.000210430946777;1.024999976158142;
2016-06-17 05:00:00;0.9999902877639092;1.0;1.0;0.9999951487815644;0.9999572076510675;0.9999999999999999;1.0015917401435583;0.9999970678990411;0.9999659706680715;1.0;1.0;1.0;1.0003883699331324;0.9999972597876002;0.9999981583955652;0.9999999999999999;0.9999991544126963;0.9999567911050796;1.0005360491519841;0.9999838195206072;0.9999860967796359;0.9999973063928504;0.9999993474954145;1.0015096522013605;1.0016249176306102;0.9999833163821372;0.9999976015639602;0.9999994295272209;1.0008803311251369;1.0005826721683295;1.0002738985777377;1.000118149264505;0.9999594830546079;1.0;0.9999509365260478;0.9999911724821302;1.0;1.0;1.0014769739411382;0.9999586171685778;0.9999842392762489;0.9999934572438233;1.000212276567643;1.024999976158142;
2016-06-17 05:15:00;0.9999891446189347;0.9999999999999999;1.0;0.9999944964168384;0.999954759551023;1.0;1.0015983563444482;0.9999966710529663;0.99996351084664;1.0;1.0;1.0;1.0003898141625014;0.9999977797754758;0.9999992017649252;1.0;0.9999989305094659;0.9999540519387667;1.000538029158282;0.999981796836169;0.9999833362276128;0.9999958253713335;0.9999991620460528;1.0015158275527323;1.0016318108634035;0.9999803494684564;0.9999962131563976;0.9999995375152746;1.0008816773583318;1.0005871283360108;1.000271788512628;1.0001149942676502;0.99995798975704;1.0;0.9999579668872544;0.9999844822049624;1.0;1.0;1.0014832585063391;0.9999569880188355;0.9999811225778872;0.9999924173567785;1.0002133162474482;1.024999976158142;
2016-06-17 05:30:00;0.9999880583170984;0.9999999999999999;1.0;0.9999936806758815;0.9999468544004445;1.0;1.0016029974718859;0.9999956728669698;0.9999566658819546;0.9999999999999999;1.0;1.0;1.0003911701804098;0.9999967731399164;0.9999984701488646;1.0;0.9999986598798729;0.9999464394225662;1.0005398820102889;0.9999790082697637;0.9999826280323425;0.9999958648175968;0.9999989830815882;1.0015200532271782;1.0016366385340423;0.9999782223817859;0.9999965664455159;0.9999993276170298;1.0008818153667471;1.0005870695048686;1.0002691407592612;1.0001118098265773;0.9999498920730757;1.0;0.9999595109186193;0.9999784058698918;0.9999999999999999;1.0;1.0014875031818133;0.9999488524650694;0.9999798904214094;0.999991200083939;1.0002138839454557;1.024999976158142;
2016-06-17 05:45:00;0.9999910724528417;1.0;0.9999999999999999;0.9999956022716796;0.9999542682865961;0.9999999999999999;1.0016992433222327;0.9999964386999778;0.9999630760023333;1.0;1.0;0.9999999999999999;1.000415340690539;0.9999970867195931;0.9999983651243833;0.9999999999999999;0.9999992112131024;0.9999539743266471;1.000572246316575;0.9999830824562814;0.9999870879016173;0.99999665037868;0.9999993979589251;1.0016118066765853;1.001734510677797;0.9999837829475926;0.9999972658534798;0.9999993940088336;1.000933416854629;1.000620865748569;1.0002864060117853;1.0001212799810182;0.9999567555717619;1.0;0.9999555538266979;0.9999841451456289;1.0;0.9999999999999999;1.0015766443524292;0.9999558564333029;0.9999850489286436;0.999992872569045;1.0002271224530552;1.024999976158142;
2016-06-17 06:00:00;0.9999897673267926;1.0;1.0;0.9999949496755075;0.9999535513404175;1.0;1.0016744464728573;0.9999968163031413;0.999963083103179;1.0;1.0;1.0;1.0004088194826102;0.9999969870158849;0.9999979451757466;1.0;0.9999991465512259;0.9999531271875933;1.0005637855402532;0.9999826558902225;0.9999853873565913;0.9999971120888161;0.9999993411673065;1.0015881984012796;1.0017092864347117;0.9999824217931709;0.9999974533600532;0.999999373344858;1.0009359583170132;1.000628049763156;1.0002970765334693;1.0001299222270914;0.9999559817163419;1.0;0.9999570975123011;0.9999959122164852;1.0;1.0;1.0015536274431072;0.9999550458778339;0.9999834231216339;0.9999929705107173;1.000223449201292;1.024999976158142;
2016-06-17 06:15:00;0.999991762361675;1.0;1.0;0.9999957675266311;0.9999612824309725;1.0;1.0017861255723075;0.9999971032069673;0.9999689158063132;1.0;1.0;0.9999999999999999;1.0004369260177195;0.9999972368327271;0.9999980980390643;1.0;0.9999992082063929;0.9999611202594355;1.0006014946303448;0.9999855840157331;0.9999886816774715;0.999997871295352;0.9999994049834151;1.0016942143516436;1.0018231897437453;0.9999856999214507;0.999998290362356;0.9999994260005483;1.000999381616657;1.000677206885118;1.0003218951235877;1.00014508202942;0.9999629895187625;1.0;0.9999616843657082;1.0000089550896873;1.0;1.0;1.00165716585054;0.9999622747004481;0.9999869288206024;0.9999941130261294;1.000238895235675;1.024999976158142;
2016-06-17 06:30:00;0.9999917267968161;1.0;0.9999999999999999;0.9999961815642892;0.9999598946325222;0.9999999999999999;1.0017545940166483;0.9999972622289228;0.999968104156444;1.0;1.0;1.0;1.000428810433075;0.9999978482216997;0.9999988677577387;1.0;0.9999994342440189;0.9999593387149955;1.000590528472397;0.9999851049675803;0.9999873455393401;0.9999966296645162;0.999999543988949;1.0016645097117451;1.0017909078077574;0.9999852359030856;0.999996960097555;0.9999995533458037;1.0009976072027427;1.0006763594272847;1.0003283465899406;1.00014928260093;0.9999625724246544;1.0;0.9999574123638167;1.0000128748085355;1.0;0.9999999999999999;1.0016279929436396;0.9999616830499022;0.999985735094591;0.9999937942084195;1.0002346339608748;1.024999976158142;
2016-06-17 06:45:00;0.9999846703688874;1.0;1.0000000000000002;0.9999921038483188;0.9999433020619531;1.0;1.0017910684435003;0.9999963222080984;0.9999549299738698;1.0;1.0;1.0;1.000436549266463;0.9999969942528342;0.9999983205305104;1.0;0.9999985001366325;0.9999423325064429;1.0006025125693154;0.9999768501550363;0.9999771574012071;0.9999956925363384;0.9999988264460147;1.0016984555470658;1.0018287310226404;0.9999736568074963;0.9999958267057487;0.9999993718636839;1.0009928609531824;1.000657051450572;1.0003131093867819;1.0001390222316098;0.9999470265537463;1.0;0.9999424068906848;1.0000023274449275;1.0;1.0;1.001661953338628;0.9999457765100306;0.9999744448041676;0.999990753479956;1.0002387391473981;1.024999976158142;
2016-06-17 07:00:00;0.9999849870939191;1.0;0.9999999999999999;0.9999927893032137;0.9999311428397374;0.9999999999999999;1.001798348946238;0.9999954920583984;0.9999455929004958;1.0;1.0;0.9999999999999999;1.0004382040907076;0.9999956108169213;0.9999969175597715;1.0;0.9999988829467515;0.9999304245084991;1.0006051486664818;0.9999745977139155;0.9999783840786923;0.9999956903661594;0.9999991262335425;1.0017056304023126;1.0018358712571167;0.9999744285496698;0.9999961040227906;0.9999990843375131;1.0009802944402775;1.0006348376679657;1.0002907301030433;1.0001163280922378;0.9999348569002722;0.9999999999999999;0.9999344318965416;0.9999638187403964;1.0;0.9999999999999999;1.0016685069266442;0.9999334340991449;0.9999756352970447;0.9999897476706563;1.0002392993589508;1.024999976158142;
2016-06-17 07:15:00;0.9999364714071767;1.0;1.0;0.999969688589374;0.9996962069729091;1.0;1.002154669704332;0.9999821081649429;0.9997644274645016;1.0;1.0;1.0;1.0005167042575134;0.9999737902181774;0.9999751815269434;1.0;0.9999961465523522;0.9996956281440068;1.000725298010184;0.9998964917627949;0.9999198433304002;0.9999942432550577;0.9999971189341208;1.0020418733923055;1.0022007311876282;0.9999020742454447;0.9999952121174002;0.9999944234675805;1.0011141912936865;1.0007142862939544;1.000304478495391;1.0001178134831765;0.999704356253343;1.0;0.999932542563809;0.9999507001972872;1.0;1.0;1.0019974003961079;0.9996989745299004;0.9999096865463559;0.9999605794655227;1.0002770914903722;1.024999976158142;
2016-06-17 07:30:00;0.9999783088079002;1.0;1.0;0.9999894456775126;0.9998965890715926;1.0;1.0019454653030293;0.999993402712298;0.9999189115056408;1.0;1.0;1.0;1.0004732191827077;0.9999917642596544;0.9999928707523004;1.0;0.9999984469898394;0.9998962338397368;1.0006549095625554;0.9999636705557192;0.9999715405024929;0.9999965367632604;0.9999988303429398;1.0018448677884115;1.0019861814448334;0.9999650068143328;0.9999971156030751;0.9999982771944921;1.0008395324413206;1.0004974854206679;1.0001515785049153;1.0000441642000246;0.9999001558266413;0.9999999999999999;0.9999398573009545;0.9999326853497839;1.0;1.0;1.0018046121771147;0.9998982674526324;0.9999676961907813;0.9999857830444095;1.0002575065186858;1.024999976158142;
2016-06-17 07:45:00;0.9999877137627122;1.0;1.0;0.9999928761742551;0.9999569929946872;1.0;1.0019597413727106;0.9999966090740892;0.9999650241724523;0.9999999999999999;1.0;0.9999999999999999;1.000479009320088;0.9999967590899592;0.9999977732919817;1.0;0.999998336407396;0.999956830823846;1.0006598953541674;0.9999818961216467;0.9999835271073838;0.9999981648487898;0.9999987623712634;1.0018582356454453;1.0020009272967036;0.9999791007502187;0.999998501452143;0.9999993225104337;1.000827052960055;1.0004792640912625;1.0001315896022727;1.000026527170674;0.9999585897653807;1.0;0.9999368730979138;0.9999066812027986;1.0;1.0;1.0018183086449868;0.9999578650754841;0.9999809902351329;0.9999928665666006;1.00026185421304;1.024999976158142;
2016-06-17 08:00:00;0.9999831227019912;1.0;1.0;0.9999899332135344;0.999946497972978;1.0;1.0020688967318292;0.9999956528945264;0.9999561494630029;1.0;1.0;1.0;1.0005053996525224;0.9999960891227311;0.9999975093903555;1.0;0.9999975298272923;0.9999462239276323;1.0006965039827551;0.9999762218730618;0.9999771654818961;0.9999975911886159;0.999998159984091;1.0019612595174925;1.0021127940257561;0.9999711492283768;0.9999979646339899;0.9999991787918897;1.0008647588665132;1.0004860001734706;1.00012527531001;1.000014352351874;0.9999485797411158;1.0;0.9999204883848007;0.9998793718599983;0.9999999999999999;1.0;1.001919629169425;0.9999476866391152;0.9999736722074637;0.9999906757654669;1.0002762543157961;1.024999976158142;
2016-06-17 08:15:00;0.9999870799074801;1.0;1.0;0.9999926728466036;0.999947871549522;1.0000000000000002;1.0020480720936684;0.999995582643283;0.999957233797436;1.0;1.0;1.0;1.00050085867863;0.999996335875537;0.9999979070732355;1.0;0.9999982914442427;0.9999476986161125;1.0006895031455785;0.9999787500436123;0.9999822337002133;0.9999968758222819;0.9999987284743833;1.0019421215047517;1.0020910256828508;0.9999770103534861;0.9999975623743097;0.9999992344336613;1.000843845098339;1.0004781665698737;1.000119087786056;1.0000153126834896;0.9999501875229131;1.0;0.9999303971433747;0.9998904362862704;1.0;1.0;1.0019002107942627;0.9999492788462082;0.9999792555758453;0.999991279496629;1.0002738669418474;1.024999976158142;
2016-06-17 08:30:00;0.999979773324051;1.0;1.0;0.9999894807550923;0.9999139443849564;1.0;1.0021421196324822;0.9999937494751244;0.9999310092731378;1.0;1.0;1.0;1.000522165341716;0.999994296325287;0.999996290896363;1.0;0.9999979673255642;0.9999132567088426;1.000720620366782;0.9999666954235661;0.9999714388794869;0.9999947570251743;0.9999984534678041;1.002031187338015;1.0021871929954758;0.9999650240184789;0.9999954666693123;0.9999988049115051;1.0008249160174125;1.0004116535885712;1.0000753168142746;0.999987675858849;0.9999182655517136;1.0;0.99987601754921;0.9998663645586499;1.0;1.0;1.001987373225837;0.999916594838359;0.9999673810612681;0.9999865147044696;1.0002851429731303;1.024999976158142;
2016-06-17 08:45:00;0.9999611060281268;1.0;1.0;0.9999748467163149;0.9999079308214288;1.0;1.002321633746319;0.9999911435703343;0.9999219097198235;1.0;1.0;0.9999999999999999;1.0005656266995615;0.999993359403023;0.9999970002555983;1.0;0.9999930258217905;0.9999073534619449;1.0007818255733785;0.9999511158615093;0.9999471454433543;0.9999956531064382;0.9999948186679651;1.00219782314438;1.0023734100071573;0.9999326747273453;0.9999962337138782;0.9999985438381221;1.0008999551312103;1.000459791575966;1.000087677396046;0.9999913506438988;0.9999115083999309;1.0;0.9998779983793588;0.9998617392676244;1.0;1.0;1.002154765434502;0.999910134056054;0.9999388058443115;0.9999810455853021;1.0003091116972007;1.024999976158142;
2016-06-17 09:00:00;0.9999833928122107;0.9999999999999999;1.0;0.9999910818577672;0.9999291727859231;1.0;1.0022002615707168;0.9999945260278703;0.9999427716567884;0.9999999999999999;1.0;1.0;1.0005372342796661;0.9999950355664485;0.9999967967844087;1.0;0.9999981518045807;0.9999288175424912;1.000740407170291;0.9999723795760436;0.9999770492737526;0.9999959578961577;0.9999986127594891;1.0020864221607773;1.0022464202652919;0.9999710608002012;0.9999966996158166;0.9999989599882008;1.000825985286533;1.0003998656295436;1.0000484591197267;0.9999589880141451;0.9999323873394615;1.0;0.9998766777241274;0.9998168048166873;0.9999999999999999;1.0;1.0020412874348845;0.999931088836241;0.999973502206266;0.999988766120448;1.0002935154108559;1.024999976158142;
2016-06-17 09:15:00;0.9999613536710301;1.0;1.0;0.9999752423981256;0.9999082068064333;1.0;1.0022635073252906;0.9999914481392218;0.9999225131877642;1.0;1.0;1.0;1.0005510332901704;0.9999936121489911;0.9999971307905683;0.9999999999999999;0.9999932215001051;0.9999074685801383;1.0007621316616337;0.9999515345446377;0.9999470797644274;0.9999954351913265;0.9999949516323489;1.0021427857380907;1.002314011592039;0.9999332479004034;0.9999958983857545;0.9999986028864716;1.000880048256851;1.000443999856339;1.000077213295999;0.9999770469830354;0.9999120488147583;1.0;0.9998772043753164;0.9998320528663801;0.9999999999999999;1.0;1.0021008624403984;0.9999106170089404;0.9999389524965986;0.9999812404743852;1.0003011389798329;1.024999976158142;
2016-06-17 09:30:00;0.9999709966893776;1.0;1.0;0.9999819388886748;0.9999157044070095;1.0;1.002250612726429;0.9999921396116478;0.9999291802133591;1.0;1.0;0.9999999999999999;1.0005490694473522;0.9999943154705705;0.9999975474812285;0.9999999999999999;0.9999951625928235;0.9999152098040295;1.0007576386374335;0.9999594522893085;0.9999599305501657;0.9999948575734511;0.9999963995787998;1.0021320679777117;1.0022995890362467;0.9999486922731124;0.9999957534635433;0.9999987863627373;1.0008730233996996;1.000434598844371;1.0000800179337366;0.9999840775000396;0.9999195544514009;1.0;0.9998679684930037;0.9998502022569188;1.0;1.0;1.0020885438747327;0.9999181725746015;0.9999534173695177;0.9999837608679284;1.000300178697916;1.024999976158142;
2016-06-17 09:45:00;0.9999847298486821;1.0;0.9999999999999999;0.9999913831495515;0.9999390258199716;1.0;1.0022338477518322;0.9999950188449803;0.9999502976336139;0.9999999999999999;1.0;1.0;1.0005459086421429;0.9999954948937237;0.9999971019470758;1.0;0.9999980418312732;0.9999388636520442;1.000751835119035;0.9999754224009504;0.9999793634373723;0.9999968698839505;0.999998545236124;1.0021181632586156;1.0022807705693677;0.9999733964993719;0.9999975699686966;0.999999056834591;1.0007990700711182;1.0003407561515054;1.0000233426483043;0.9999518434890524;0.9999414738150662;0.9999999999999999;0.9998276132439492;0.9998294242954666;1.0;1.0;1.0020724550456312;0.9999404274776629;0.9999759904023159;0.9999900533664969;1.0002983386831557;1.024999976158142;
2016-06-17 10:00:00;0.9999866534832548;1.0;0.9999999999999999;0.9999927667113107;0.9999403179233661;1.0;1.0022999437297744;0.9999951958610798;0.9999515700673546;1.0;1.0;0.9999999999999999;1.0005622667622767;0.9999955854416885;0.9999971019470757;1.0;0.9999984695952008;0.9999401939832604;1.0007739685888637;0.9999770478781634;0.9999819515724244;0.9999968171900409;0.9999988632258815;1.0021811891708308;1.0023479583588932;0.9999765932760897;0.9999975745189776;0.9999990767381266;1.0007719573166813;1.0002739072131286;0.9999875883462475;0.9999361552442834;0.999942757013088;0.9999999999999999;0.9997747289197276;0.9998309731896385;0.9999999999999999;1.0;1.0021336721468688;0.9999417131607246;0.9999789407898197;0.9999906015306783;1.000307298892367;1.024999976158142;
2016-06-17 10:15:00;0.9999844009974541;1.0;1.0;0.9999924739198516;0.9999060963078852;1.0;1.002301945825646;0.9999916802151442;0.9999227565612807;1.0;1.0;1.0;1.0005624460457128;0.9999945348708252;0.9999981360671829;1.0;0.9999985480426036;0.9999056001459901;1.0007742853892778;0.9999653958086575;0.9999762837499951;0.9999911918084036;0.9999988949517122;1.0021834203316111;1.002349788660425;0.9999688934310285;0.9999931151387522;0.9999988589199413;1.0007937480086853;1.0003251734829286;0.9999834891905658;0.9999098015322077;0.9999119258188023;1.0;0.9998375089355891;0.9997575289514528;1.0;1.0;1.0021356117926943;0.9999100651424032;0.9999718584623942;0.999984669926016;1.0003076360116654;1.024999976158142;
2016-06-17 10:30:00;0.999984797180682;1.0;1.0;0.999992139818074;0.999919998286754;1.0;1.0023486736976368;0.9999930679879734;0.9999343929382648;1.0;1.0;1.0;1.0005740703705304;0.9999948007581119;0.9999975126469458;1.0;0.9999983635997767;0.9999197226849019;1.000790147217921;0.9999698531333043;0.9999781835756801;0.9999938090950087;0.9999987744625538;1.0022275000869374;1.0023976506701413;0.9999713115470491;0.9999952425555203;0.9999989138004672;1.0008196570748518;1.0003499413522943;1.0000126745007694;0.9999459791479005;0.999924227043378;1.0;0.9998347954134353;0.9998283986223572;1.0;1.0;1.0021788940521827;0.9999227350991383;0.9999742246038705;0.9999870431722975;1.000313859705593;1.024999976158142;
2016-06-17 10:45:00;0.9999852194691545;1.0;1.0;0.9999921442951885;0.9999422755284633;1.0;1.0023052183463534;0.9999957925516826;0.9999535510712162;0.9999999999999999;1.0;1.0;1.0005628069838934;0.9999965143364355;0.9999980120228734;1.0;0.9999983911037373;0.9999416292448637;1.0007752112867956;0.9999766540039977;0.9999786324547412;0.9999959955942109;0.999998768743944;1.0021861187786696;1.0023534852352327;0.9999742318741448;0.999996403643235;0.9999992714513775;1.0007109142181718;1.0002332736330706;0.9999452252611019;0.9999180369687543;0.9999455533847642;1.0;0.9997945013893126;0.9998335737886672;1.0;1.0;1.002138696417285;0.9999443893742337;0.9999757030582777;0.9999905523119496;1.000307803929539;1.024999976158142;
2016-06-17 11:00:00;0.9999842121382921;0.9999999999999999;1.0;0.9999920787479527;0.9999247272580113;1.0;1.0023047937743288;0.9999941704251297;0.9999391548451435;0.9999999999999999;1.0;1.0;1.000562661956824;0.9999954808242183;0.9999976970991142;1.0;0.9999985099942602;0.9999240686581703;1.0007750998563953;0.9999713193467489;0.9999767750741364;0.9999941083137232;0.9999988555146327;1.0021859271856972;1.002352881957439;0.9999713343979892;0.9999950324714713;0.999999054367439;1.0005727960494195;1.0001057750733169;0.9998416943321172;0.9998651697287511;0.9999291430890433;0.9999999999999999;0.9997873871159194;0.9998119799044974;1.0;1.0;1.002138257663119;0.9999276220236409;0.9999732706572141;0.9999879596186917;1.0003076534545872;1.024999976158142;
2016-06-17 11:15:00;0.999981945694487;1.0;1.0;0.9999900357534048;0.9999222417572422;1.0;1.0023729364447915;0.9999930797801163;0.9999356396139034;0.9999999999999999;1.0;0.9999999999999999;1.0005798133151544;0.9999954855621324;0.9999985114852852;1.0;0.9999976655444628;0.9999216643894953;1.0007981827196162;0.9999680464825935;0.9999734464492099;0.9999932149546313;0.9999982387552956;1.002250044787343;1.0024228733641756;0.999966090235014;0.9999944801306201;0.999999049020149;1.0007437388892495;1.0002413387688345;0.9999543533740329;0.99992403629322;0.999926940627185;1.0;0.9997730606349363;0.9998397146600351;1.0;1.0;1.0022016426231564;0.9999254425333725;0.9999689707062402;0.999986395601007;1.0003172526361241;1.024999976158142;
2016-06-17 11:30:00;0.9999891469782466;1.0;1.0;0.9999942765526671;0.9999485043134779;1.0;1.0023330823761083;0.9999956104091783;0.9999577612858115;1.0;1.0;1.0;1.000570642094463;0.9999968858300124;0.999998680123255;1.0;0.9999987691286645;0.9999481705349006;1.0007847821464377;0.9999798610151664;0.9999841194343845;0.9999957586535584;0.9999990693028403;1.002212879503883;1.0023816200838993;0.9999797128399199;0.9999965802611033;0.9999993506515498;1.0007549621392815;1.000256371449241;0.9999692823364096;0.9999287583401568;0.9999514833381465;0.9999999999999999;0.9997768935042483;0.999834447906099;1.0;0.9999999999999999;1.0021644921896145;0.9999504863915301;0.9999814494308651;0.9999914161402359;1.0003122611341848;1.024999976158142;
2016-06-17 11:45:00;0.9999921138549469;0.9999999999999999;1.0;0.9999958515850084;0.9999603897809;1.0;1.0022352832512267;0.9999965628479044;0.9999674746363861;1.0;1.0;0.9999999999999999;1.000547162450298;0.9999974675925358;0.9999988264096236;1.0;0.9999991090239201;0.9999602276095078;1.0007521017005878;0.9999848168874007;0.9999886554829788;0.9999969021370546;0.9999993318758009;1.0021203004637198;1.002281619489059;0.9999851791834233;0.9999975932897587;0.9999994737635318;1.0007287847733917;1.0002411433819967;0.999974849173976;0.9999350324408091;0.9999625203248734;0.9999999999999999;0.9997697596459335;0.9998441455620469;1.0;0.9999999999999999;1.0020737498025827;0.9999617785180553;0.9999866343973396;0.9999934978941007;1.0002994400063963;1.024999976158142;
2016-06-17 12:00:00;0.9999858349772229;1.0;0.9999999999999999;0.9999919283679337;0.9999453995621296;1.0;1.0023071734582971;0.9999953983254003;0.9999551631906733;1.0;1.0;1.0;1.0005637724390004;0.9999963330391916;0.9999980376193193;1.0;0.9999980971226069;0.9999451163406082;1.0007762327904701;0.9999772597347769;0.9999802454481062;0.9999965083568358;0.9999985775047775;1.0021877116102238;1.0023556232443718;0.9999747728394703;0.9999971756288899;0.9999992339107747;1.0007772811023614;1.0002721956614775;0.9999802968994344;0.9999227176325219;0.9999480134198958;1.0;0.999773982364879;0.9998011872629059;1.0;1.0;1.0021405338985725;0.9999470379461922;0.9999770397035793;0.9999906879269294;1.000308326479576;1.024999976158142;
2016-06-17 12:15:00;0.9999714385481123;1.0;0.9999999999999999;0.9999866574038373;0.9998614290638503;0.9999999999999999;1.0024087650708402;0.999991810609085;0.9998923618194632;1.0;1.0;1.0;1.000585078979093;0.9999889923817269;0.9999900170169475;1.0;0.9999983554105576;0.9998607828325036;1.0008099471513394;0.9999524292711869;0.9999624271210001;0.999995668861291;0.9999987424306707;1.0022843998615172;1.0024590372154558;0.9999548846512544;0.9999961677387845;0.999997694152461;1.0008380647013877;1.000312992618876;1.0000042457974407;0.9999367827699336;0.9998662778871199;1.0;0.9997685423440703;0.999811974239153;1.0;1.0;1.0022339859014506;0.9998636743923253;0.9999577890482083;0.9999815847609378;1.0003180934647522;1.024999976158142;
2016-06-17 12:30:00;0.9999727983898242;1.0;1.0;0.9999874009882367;0.9998649662462983;0.9999999999999999;1.0024203817859028;0.999992142059051;0.9998954266736259;1.0;1.0;1.0;1.0005882586086743;0.9999887905292143;0.9999894855464344;1.0;0.999998556304952;0.999864540567413;1.0008140558565157;0.9999545092259982;0.9999650643708142;0.9999966622483992;0.9999989059767994;1.0022955498794694;1.0024707555131678;0.9999577486501035;0.999997127025116;0.9999976503770128;1.0008187652286487;1.000285658311127;0.999996289282119;0.9999433495160642;0.9998691193668623;1.0;0.9997487180371003;0.9998423699997991;0.9999999999999999;1.0;1.0022446686843614;0.9998666435058635;0.9999607338544081;0.999982528160539;1.00031971558216;1.024999976158142;
2016-06-17 12:45:00;0.9999650018729103;1.0;1.0;0.9999842104742481;0.9997938055920284;1.0;1.0024328602871584;0.9999849992155124;0.9998358446935303;1.0;1.0;1.0;1.0005906372303763;0.999985011130345;0.9999892216524223;1.0;0.9999979855947908;0.9997931793136579;1.0008182256296339;0.9999295430401035;0.9999518737739557;0.9999883017944408;0.999998471232131;1.002307396000931;1.0024834917434402;0.9999388401053676;0.9999908906568684;0.9999968504202861;1.0008078378334266;1.0002661669949624;0.9999822808211191;0.9999337489162012;0.9998029505774022;1.0;0.9997376738801842;0.9998321045721131;1.0;1.0;1.0022563081650242;0.9997990484593804;0.9999442697837788;0.9999706574810509;1.000320938392947;1.024999976158142;
2016-06-17 13:00:00;0.9999591321190363;1.0;1.0;0.9999811567311234;0.9997461994065195;1.0;1.002370400378267;0.9999792430632518;0.9997944275108003;0.9999999999999999;0.9999999999999999;1.0;1.0005754945947118;0.9999829523178424;0.9999904592127628;1.0;0.9999970596832031;0.9997454429875302;1.0007974838632798;0.9999109115253576;0.999941369812519;0.9999812181980117;0.9999977796040224;1.002247863180096;1.0024200080804824;0.9999231758396884;0.9999856507366586;0.999996395275394;1.0007826862293672;1.000257580462968;0.9999838715065488;0.9999406979954889;0.999759279318309;1.0;0.999741810446828;0.9998486948999022;0.9999999999999999;0.9999999999999999;1.002198673473306;0.9997544338949232;0.9999308504885059;0.9999614891867079;1.0003129398900452;1.024999976158142;
2016-06-17 13:15:00;0.9999715042797581;1.0;0.9999999999999999;0.9999863530217721;0.9998227017373147;0.9999999999999999;1.002312388378509;0.9999842338449806;0.9998543324217283;1.0;1.0;1.0;1.0005635589166646;0.9999890649588891;0.9999956701462293;0.9999999999999999;0.9999974424082705;0.9998220555309981;1.000778115645783;0.9999356092154017;0.9999574840172194;0.9999842393748057;0.999998069448746;1.0021929055243677;1.002360779761937;0.9999434166150736;0.9999879471516674;0.9999976867232041;1.0007622421384628;1.0002474242548813;0.9999806083910819;0.9999376238587626;0.9998330543452104;0.9999999999999999;0.9997454952831185;0.999843398401284;0.9999999999999999;1.0;1.0021453241528626;0.9998296224839608;0.9999493022378128;0.9999714852465016;1.0003076484008977;1.024999976158142;
2016-06-17 13:30:00;0.9999505496992542;1.0;0.9999999999999999;0.9999704909195911;0.9998243570678188;1.0;1.0023844070360473;0.9999844533433345;0.9998548025435738;0.9999999999999999;1.0;1.0;1.0005794944180482;0.9999866028707991;0.9999920754579366;1.0;0.999992633796858;0.9998241228669207;1.000803208252597;0.999924515811964;0.9999337678698017;0.9999913692445562;0.9999945537690907;1.0022573363466583;1.0024373736459151;0.9999134019546619;0.9999935328990636;0.9999971199935679;1.0008078369553324;1.000282749307667;0.9999929819138514;0.999938653313191;0.9998308699414664;1.0;0.9997520439298053;0.9998300334425245;0.9999999999999999;1.0;1.0022125181743193;0.9998280597501961;0.9999225128612329;0.9999695899775534;1.0003155108324608;1.024999976158142;
2016-06-17 13:45:00;0.9999708372511147;1.0;1.0;0.9999842707448043;0.9998791676055944;1.0;1.002312869763344;0.9999914317821134;0.9999037397231364;1.0;1.0;1.0;1.000562861328501;0.9999900600875093;0.9999918594823145;1.0;0.999996904496254;0.9998789946840666;1.0007784734471707;0.9999542589631748;0.9999622308376224;0.9999963798363964;0.9999977061298747;1.0021923237846735;1.0023620130781996;0.9999521102828666;0.9999972051460707;0.9999979107532988;1.0007408758930587;1.000218745277842;0.9999531771908249;0.9999124372493305;0.9998828138374968;1.0;0.99973949838243;0.9998047421490841;1.0;1.0;1.002145436406524;0.999880776676046;0.9999565928845211;0.9999821559131078;1.0003063603464073;1.024999976158142;
2016-06-17 14:00:00;0.9999697870711898;1.0;0.9999999999999999;0.9999857193779425;0.999784552610145;0.9999999999999999;1.0022632801184492;0.9999794474479816;0.9998211490923057;1.0;1.0;1.0;1.0005519952491804;0.9999867417628034;0.9999957849330418;1.0;0.9999971709273715;0.9997842694341816;1.0007620257336183;0.9999227792665586;0.9999543250510139;0.9999794203791567;0.999997894798644;1.0021463483228017;1.0023105477917658;0.9999359963952298;0.9999848842499277;0.9999972028692914;1.0007094473343632;1.0002007907615555;0.9999487193581157;0.9999179448464282;0.9997972504795574;1.0;0.9997404285248084;0.9998263004548023;1.0;1.0;1.0020997864518892;0.9997931784112521;0.9999441365029359;0.999964867182613;1.0003013187226895;1.024999976158142;
2016-06-17 14:15:00;0.9999627754261573;1.0;1.0;0.9999828695994823;0.999722711024123;1.0;1.002193908951354;0.9999733718489698;0.9997695939146931;1.0;1.0;1.0;1.0005342069901908;0.9999833791642778;0.9999953617289153;1.0;0.9999967039579454;0.9997222348610756;1.000738798138379;0.999901147308713;0.9999426400327963;0.9999723656758672;0.9999975370550025;1.002080526015644;1.0022397539055217;0.9999195055023737;0.9999795952029634;0.9999964761385227;1.0006926282937165;1.0002043441968074;0.9999555257888926;0.999924379617109;0.9997396786450453;1.0;0.9997534089786524;0.999835128805806;1.0;1.0;1.0020355318055965;0.9997343618724638;0.9999296747773715;0.9999546568043829;1.0002914518723598;1.024999976158142;
2016-06-17 14:30:00;0.9999728046601144;1.0;1.0;0.9999866944744449;0.9998679091939778;1.0;1.0020680670610498;0.9999905431468786;0.9998946158743757;1.0;1.0;1.0;1.000502012693267;0.9999910584173759;0.9999939396958025;1.0;0.9999977851221667;0.9998670193412956;1.0006956919970955;0.9999516068609978;0.999961617081774;0.9999919420449601;0.9999983049829494;1.001960777640644;1.0021116764097684;0.9999528036978701;0.9999932171255752;0.9999981231946815;1.000609405754152;1.0001472993644676;0.9999214805950485;0.9999063461904689;0.9998744401708943;1.0;0.9997599908699906;0.9998257086672522;1.0;1.0;1.0019186005868783;0.9998718582999727;0.9999560862587595;0.9999801732326403;1.0002734849291577;1.024999976158142;
2016-06-17 14:45:00;0.9999682122034632;0.9999999999999999;1.0;0.999984661534317;0.9998597253901358;1.0;1.0020533492349906;0.9999913041147288;0.9998898892003237;1.0;1.0;1.0;1.0004968227644975;0.999990679391853;0.9999928392390612;1.0;0.9999976748749219;0.9998582595427694;1.0006901999101552;0.9999483287213401;0.9999549446192867;0.999992343769478;0.9999981833250324;1.0019466721011827;1.0020968492763371;0.9999471746348666;0.9999928663614732;0.9999980419867467;1.0005883395983435;1.0001364530960328;0.9999093006514811;0.9998998460799439;0.9998668042559785;1.0;0.9997692528891604;0.9998221173616533;1.0;1.0;1.00190492058185;0.9998639316824622;0.9999494956657382;0.9999795309228774;1.000270377200534;1.024999976158142;
2016-06-17 15:00:00;0.9999658002631446;1.0;1.0;0.999984155888917;0.9998588558503904;1.0;1.0020672551850927;0.9999925546776536;0.9998908204258492;1.0;1.0;1.0;1.0004987627457465;0.9999918608383639;0.9999936437817961;1.0;0.9999979332722098;0.999856400387985;1.0006939549513214;0.9999474332803715;0.9999494103255718;0.9999911155347704;0.9999983043958202;1.0019600691748685;1.0021110439238632;0.9999440301677526;0.999990883878077;0.999998284387957;1.0006245909575022;1.0001806133127427;0.9999281716611338;0.9999027967936962;0.9998674965366754;1.0;0.9997927827613614;0.999805750002433;1.0;1.0;1.0019179548778663;0.9998642887679943;0.9999444255624603;0.9999794957679099;1.0002716349257774;1.024999976158142;
2016-06-17 15:15:00;0.9999674539093742;0.9999999999999999;1.0;0.9999851317583599;0.9998386594667923;1.0;1.0021299166340674;0.9999892938639129;0.9998724136528788;1.0;1.0;1.0;1.0005152444709837;0.9999902776249748;0.9999937232192331;1.0;0.9999979787334548;0.9998368214265815;1.000715590024429;0.9999415962140323;0.9999518262024499;0.9999884240310997;0.9999983812018862;1.002019714201242;1.0021747218590202;0.9999434221931844;0.9999896334997441;0.9999979531724855;1.000663513048376;1.0002050558142879;0.9999503607575487;0.9999221993733053;0.9998481860913714;1.0;0.999783356307424;0.9998359756547618;1.0;0.9999999999999999;1.0019760070776935;0.999844741005699;0.9999457186833307;0.9999759847473151;1.0002806707358887;1.024999976158142;
2016-06-17 15:30:00;0.9999693843309049;0.9999999999999999;1.0;0.9999860127243307;0.9998370737679912;1.0;1.0020906056139172;0.999988599156584;0.9998705473663375;1.0;1.0;1.0;1.0005064813362186;0.9999894375899855;0.9999930046183939;1.0;0.9999980837255771;0.9998357886862961;1.0007028538981666;0.9999421919448555;0.9999557411483591;0.9999890588284505;0.9999984973707073;1.0019825193878298;1.0021344317142937;0.9999462994638568;0.9999907042304121;0.9999977834248821;1.000673993720123;1.0002244311793895;0.9999702558791084;0.999935197538938;0.9998458037620681;1.0;0.9997898913932011;0.9998481338315444;1.0;1.0;1.0019393920395294;0.9998424910583178;0.9999495362704625;0.9999760218926864;1.0002757062157763;1.024999976158142;
2016-06-17 15:45:00;0.9999660213758367;1.0;0.9999999999999999;0.9999838080178663;0.9998412734008353;1.0;1.0020976060914748;0.9999893391337983;0.9998741688631334;1.0;0.9999999999999999;1.0;1.0005074223870607;0.9999902441172752;0.9999936470396723;1.0;0.9999974961156028;0.9998395257179267;1.0007048772710414;0.9999412578640573;0.9999503315802214;0.9999891039498341;0.999998031793679;1.0019886873647657;1.0021420440863897;0.9999412489320251;0.9999902230062956;0.9999979446908586;1.0006405397164857;1.00018013614614;0.9999369365806327;0.999912322792187;0.9998503360624986;0.9999999999999999;0.9997731469071487;0.9998233820402844;1.0;1.0;1.0019460950737187;0.9998470109362163;0.9999439324026611;0.9999760304996926;1.0002763727191082;1.024999976158142;
2016-06-17 16:00:00;0.9999723139232717;1.0;1.0;0.9999863904276853;0.9998811211881906;1.0;1.0020699998533538;0.9999923282690567;0.9999061142149359;1.0;1.0;1.0;1.000501809874142;0.9999925031958965;0.9999947350676326;1.0;0.9999977617586977;0.9998797472432716;1.0006958951343345;0.9999551066148378;0.9999601229060069;0.9999926453753917;0.9999982538158206;1.0019625057417871;1.002113817122178;0.9999531624874992;0.9999931854945363;0.9999984237985609;1.000645592886705;1.0001990456118446;0.9999485304025656;0.9999188323373729;0.9998876068026836;0.9999999999999999;0.9997898579508254;0.9998275794161126;1.0;1.0;1.0019205303901648;0.9998851371701516;0.9999551908498291;0.9999820460415554;1.0002735600465404;1.024999976158142;
2016-06-17 16:15:00;0.9999681726681988;1.0;1.0;0.9999853113844521;0.9998651808515647;0.9999999999999999;1.0020595824290544;0.9999923641641619;0.9998948932370033;1.0;1.0;0.9999999999999999;1.0004974659833266;0.9999927922852907;0.9999951294269813;1.0;0.9999980145209042;0.999862739235821;1.0006914024417046;0.9999493086658174;0.9999518350576865;0.999990028873576;0.9999983652590115;1.0019528917007292;1.002103138450032;0.9999464488907274;0.9999901178005477;0.9999984805975702;1.0006406419361666;1.000194797886917;0.9999484239001746;0.9999201906088392;0.9998741664250862;1.0;0.9997872504487706;0.9998314740812712;1.0;1.0;1.0019109644407334;0.999871048401045;0.9999468591198503;0.999979796007076;1.000271275611272;1.024999976158142;
2016-06-17 16:30:00;0.9999741332581082;0.9999999999999999;1.0;0.9999883975507496;0.999870593523983;1.0;1.0020267522911137;0.9999916875320805;0.9998981177790277;1.0;1.0;1.0;1.0004911237396736;0.9999921622329724;0.9999947002231783;1.0;0.9999985524975572;0.9998690771085831;1.0006811731840566;0.9999536823211873;0.999961745987615;0.9999909574711102;0.9999988266879889;1.0019221474723727;1.0020691509622497;0.9999554562720863;0.9999918131867949;0.9999983554857184;1.0006240724094488;1.0001907219981183;0.9999443663606845;0.9999183212615317;0.9998781875064845;1.0;0.9997976244954284;0.999831008271112;1.0;1.0;1.0018803057153356;0.999875404154233;0.9999570578169216;0.9999810457745033;1.000267700522224;1.024999976158142;
2016-06-17 16:45:00;0.9999781328146474;1.0;1.0;0.9999895476462911;0.9998954229643973;1.0;1.0020047132873915;0.9999929308410703;0.9999171569540932;1.0;1.0;1.0;1.0004870014619964;0.9999931300148008;0.999995196361422;1.0;0.9999983958019096;0.9998945024450846;1.0006743429300793;0.9999618688680286;0.9999687656377428;0.9999935471129258;0.9999987529739337;1.001901011633708;1.0020467579367123;0.9999625271309233;0.9999943376637933;0.9999985597500064;1.0006265362906934;1.0001999359551919;0.9999558549764503;0.999928752227055;0.9999008566383517;1.0;0.9998016245366532;0.9998469772361139;1.0;0.9999999999999999;1.001859892260777;0.99989873836813;0.9999646066594279;0.9999845010698657;1.0002655623841565;1.024999976158142;
2016-06-17 17:00:00;0.9999819157750781;1.0;1.0;0.9999913625169109;0.9999102621834204;1.0;1.0020091646222462;0.9999939442115592;0.9999290733664844;1.0;1.0;1.0;1.000488841129063;0.9999935237694222;0.9999950244778577;1.0;0.9999987222386684;0.9999097568476821;1.0006761594607763;0.9999681009599098;0.9999751334170437;0.9999954602686499;0.9999990227074943;1.0019053849813058;1.0020511081395544;0.9999695654160925;0.9999961748114725;0.9999986455072298;1.000613331148947;1.0001693314775293;0.9999413238295385;0.9999190625532824;0.9999142186492872;1.0;0.9997763838176117;0.9998374284922111;1.0;1.0;1.0018639209902014;0.9999124911612423;0.9999716874643956;0.9999871392005308;1.0002665282651506;1.024999976158142;
2016-06-17 17:15:00;0.9999667085389593;1.0;1.0;0.9999814514135923;0.9998826120957471;1.0;1.0020876855505039;0.9999914521530318;0.9999055273554082;1.0;1.0;1.0;1.0005063489567279;0.9999918884512029;0.9999945250201804;1.0;0.9999959647872022;0.9998816242516206;1.0007024752495364;0.9999511410042285;0.999953906961107;0.9999940148410448;0.9999969563018418;1.0019778919410602;1.0021329407776336;0.9999436430713581;0.9999945993216982;0.9999982782872846;1.0006577972750352;1.0001986981000912;0.9999520566053899;0.9999200482892419;0.9998879651899766;1.0;0.9997761582415857;0.9998263091732983;1.0;1.0;1.0019371892300506;0.9998857853617065;0.9999475061884626;0.9999807885581841;1.000275989038923;1.024999976158142;
2016-06-17 17:30:00;0.999953640029598;1.0;1.0;0.9999718702175369;0.9998285421271567;1.0;1.0021393307025759;0.9999830083528038;0.9998554602989591;1.0;1.0;1.0;1.000519980893961;0.9999883128740282;0.999995635315351;1.0;0.999992518850708;0.9998281884830413;1.0007210908540045;0.9999243811931177;0.9999355163328545;0.9999875510989322;0.9999944606614907;1.002024763301448;1.0021872993323364;0.9999141967622553;0.9999906542352133;0.9999974615635735;1.0007250259748877;1.0002694867823645;0.999997164586611;0.9999490265826338;0.9998367252479458;1.0;0.9997952981891963;0.9998528396217801;0.9999999999999999;1.0;1.0019856985470932;0.9998338945608364;0.9999236418506954;0.9999683071308227;1.0002837112706848;1.024999976158142;
2016-06-17 17:45:00;0.9999759375190544;1.0;1.0;0.9999874809515726;0.9998643637612987;1.0;1.0020477482300685;0.9999873053113703;0.9998874547663168;1.0;1.0;0.9999999999999999;1.0004990681324093;0.9999915651817441;0.9999970448490195;1.0;0.9999972179928852;0.9998639993695705;1.0006895892224907;0.9999485653631358;0.9999646301443957;0.9999879216043838;0.9999979237944492;1.0019413032012423;1.0020910402627956;0.9999522357886561;0.9999909090163587;0.9999982207537338;1.0005726689732621;1.0001573405913118;0.9999083207726167;0.999906262311357;0.9998721036578825;1.0;0.9998150381359687;0.9998430309546937;1.0;1.0;1.0019001098779579;0.9998695731442006;0.9999575969115527;0.9999772910739996;1.0002726034859974;1.024999976158142;
2016-06-17 18:00:00;0.9999804683360827;1.0;1.0;0.9999900105673615;0.999902582000462;1.0;1.002028376664792;0.9999913945791925;0.9999195537026598;1.0;1.0;1.0;1.0004940718181947;0.9999950909172306;0.999999160428489;1.0;0.9999978514892132;0.9999016017491102;1.000682343537987;0.9999615226639174;0.9999695529106424;0.9999898374199202;0.9999983475693417;1.0019232267507245;1.0020711446417447;0.9999616735918503;0.9999916034128988;0.9999989682317325;1.0005951964858142;1.0001525870261052;0.9999224177557904;0.9999082474353219;0.9999094936870143;1.0;0.9997795146582957;0.9998304887969973;1.0;0.9999999999999999;1.0018822869332078;0.9999074592197923;0.9999644550380377;0.9999831365710365;1.0002703732363047;1.024999976158142;
2016-06-17 18:15:00;0.9999819858341873;1.0;1.0;0.9999902608972235;0.9999186496842692;1.0;1.0019903413955715;0.9999927843783772;0.9999327517426241;1.0;1.0;1.0;1.0004851842599884;0.9999953979312766;0.9999985941814383;1.0;0.9999977696081956;0.999918012587752;1.0006698997887744;0.999967080683584;0.9999731783792674;0.9999925997628945;0.9999983112760269;1.001886959000788;1.0020324220524912;0.9999658133735717;0.9999939713021969;0.9999990326472881;1.0006327713263596;1.000207620746623;0.9999716738545286;0.9999452986434513;0.9999237438714622;0.9999999999999999;0.9997974711876312;0.9998760362187986;1.0;1.0;1.0018469531028442;0.9999221457935534;0.9999686477510158;0.9999858735097503;1.0002653744941634;1.024999976158142;
2016-06-17 18:30:00;0.9999728413230353;1.0;0.9999999999999999;0.9999863322030157;0.999862429065766;1.0;1.0020128472395258;0.9999891162106748;0.9998887958520406;1.0;0.9999999999999999;1.0;1.0004890753089566;0.9999906413299534;0.9999943852265762;1.0;0.9999974568528083;0.9998618226506515;1.0006775508838244;0.9999490845893253;0.9999617183206572;0.9999908563391626;0.9999980828861083;1.001908206822008;1.0020554229667578;0.9999511494344062;0.9999927509378292;0.9999980295851829;1.000653085801926;1.0002176588312062;0.9999799401531579;0.9999481058929175;0.9998692109166725;0.9999999999999999;0.9997892561095564;0.9998729445193018;0.9999999999999999;1.0;1.0018674803121321;0.9998666148094333;0.9999554719732899;0.9999786700992409;1.0002664993839823;1.024999976158142;
2016-06-17 18:45:00;0.9999531887318435;1.0;1.0;0.999977940373824;0.9997595222595611;1.0;1.0020767954838665;0.9999845012014681;0.9998115453454456;1.0;1.0;0.9999999999999999;1.0005004023297195;0.9999804350579652;0.9999829897861338;1.0;0.9999971250997675;0.9997590154365806;1.0006990836302543;0.9999178604872044;0.9999393199244738;0.9999921143187676;0.9999978453148096;1.0019686272477717;1.0021207455887224;0.9999245771126326;0.9999937642570073;0.9999958697672567;1.0007143618891312;1.0002731515313694;1.0000159174738044;0.9999708289151733;0.9997674615370578;0.9999999999999999;0.9997968137099936;0.9998931215213392;1.0;1.0;1.0019257680444322;0.999763115796468;0.9999308821520965;0.9999676132847083;1.0002699796680057;1.024999976158142;
2016-06-17 19:00:00;0.9999700156297445;1.0;1.0;0.9999853888332958;0.9998424416585858;1.0;1.002100549497378;0.9999880391340232;0.9998735344076964;1.0;1.0;1.0;1.000509755462485;0.9999889746194592;0.9999927532233451;1.0;0.9999975446870689;0.9998417922840269;1.0007069102844528;0.9999432211253374;0.9999581672655782;0.9999903032461357;0.9999981446172544;1.001991487015493;1.002144844265311;0.9999469260032062;0.9999923051536902;0.9999976801077557;1.0007166493683977;1.000245070764178;1.0000092927630932;0.9999666839005888;0.9998498636275548;1.0;0.9997585866010449;0.9998914179865911;1.0;1.0;1.001948654613659;0.9998468845330797;0.9999515188302169;0.9999763665202621;1.0002774266739063;1.024999976158142;
2016-06-17 19:15:00;0.999980201117764;1.0;1.0;0.9999902067048994;0.9998874642632394;1.0;1.0019875020091025;0.999990257864989;0.9999078235825011;1.0;1.0;1.0;1.000484232854428;0.9999929579845364;0.9999968952310385;1.0;0.9999980946273999;0.9998869880217207;1.0006690733226167;0.9999584438383466;0.9999709199421513;0.9999905848175676;0.9999985621306006;1.0018846431786437;1.0020291688165253;0.9999618888129981;0.9999927004580093;0.9999985230196274;1.0006592110740713;1.0002189152911285;0.999992170191466;0.999956946344946;0.9998938328891819;0.9999999999999999;0.9997779548771573;0.9998835946402678;1.0;0.9999999999999999;1.001844086233954;0.999891666377632;0.9999656193508124;0.999981904063709;1.000264447924897;1.024999976158142;
2016-06-17 19:30:00;0.9999681808634788;1.0;1.0;0.9999819291485297;0.9998575097719754;1.0;1.002092960354809;0.999986772246227;0.99988162318874;1.0;1.0;1.0;1.0005094288445344;0.9999902139400957;0.9999955146042423;1.0;0.9999956185490259;0.9998572970374828;1.0007051106962732;0.9999425461506204;0.9999556530987497;0.9999897753086294;0.9999967554404677;1.0019829169863108;1.0021381871644202;0.9999406809238974;0.9999924106842405;0.9999979215957046;1.0007870605692148;1.0003111819080657;1.0000597717963997;0.9999884986624128;0.9998643093528524;1.0;0.9997647818380255;0.999889490020409;1.0;1.0;1.0019421530724903;0.9998618497050564;0.9999473475373523;0.999975619854177;1.0002779060815654;1.024999976158142;
2016-06-17 19:45:00;0.9999624615881073;0.9999999999999999;1.0;0.9999775637130072;0.9998668091904875;1.0;1.002072485672253;0.9999879009075813;0.9998893539529938;1.0;1.0;0.9999999999999999;1.0005037100729315;0.9999903755235353;0.9999950086419692;1.0;0.9999943315342674;0.9998664555328369;1.0006983740005098;0.9999420173906612;0.9999487708067835;0.9999922474714568;0.9999957968400573;1.0019624089537142;1.0021182046845436;0.9999332187699099;0.9999940323248089;0.9999979235603442;1.000974189205097;1.000494996311647;1.0002036513661032;1.000060297724563;0.9998724370531932;0.9999999999999999;0.999786888150051;0.9999128461870381;1.0;1.0;1.0019233849238214;0.999870241095728;0.9999400297009846;0.9999763802079875;1.000274656540281;1.024999976158142;
2016-06-17 20:00:00;0.9999615246601556;1.0;1.0;0.99997995083675;0.9998289301984539;1.0;1.0020354044691533;0.9999872704681639;0.9998626971922613;0.9999999999999999;1.0;1.0;1.0004927889904216;0.999987748502629;0.9999915760770485;1.0;0.9999961523976867;0.999828083323048;1.0006850661268387;0.9999350927098336;0.9999470701711686;0.9999907811969834;0.9999971044756285;1.0019286545091297;1.0020792339907167;0.9999337448652972;0.9999924295623323;0.9999974055031459;1.0009139622238774;1.0004409694865397;1.0001754081839707;1.0000549394581333;0.9998364855209139;1.0;0.9997750021530595;0.9999344349431457;1.0;1.0;1.0018883681700508;0.9998333218373717;0.9999391235256132;0.999973701518504;1.0002678611855595;1.024999976158142;
2016-06-17 20:15:00;0.9999687661845039;1.0;1.0;0.999985615241431;0.9998307581510113;1.0;1.0019766531869543;0.9999881758342216;0.9998657992410608;1.0;1.0;1.0;1.000478694925544;0.9999879650785771;0.9999911876450664;1.0;0.9999980624776175;0.9998299112740568;1.0006650822680545;0.9999410273333095;0.9999566244148623;0.9999904964113648;0.999998512434812;1.0018743532365981;1.002018094586596;0.9999463203788596;0.9999922244805376;0.9999974697898303;1.000905141299669;1.0004421487829545;1.0001834034226422;1.0000598853731484;0.9998385418453645;1.0;0.9997785537862582;0.9999383145105332;0.9999999999999999;1.0;1.001833534295757;0.999835265784887;0.9999503174265173;0.9999757742097823;1.0002600556266097;1.024999976158142;
2016-06-17 20:30:00;0.9999628018787847;0.9999999999999999;1.0;0.9999834300838173;0.9997958042208845;1.0;1.0019954852893214;0.9999872542039948;0.9998407482079011;1.0;0.9999999999999999;1.0;1.0004817206792673;0.9999835670432105;0.9999854926317647;1.0;0.9999983335121144;0.9997952667359447;1.0006716364944332;0.9999322797938593;0.9999515616198482;0.9999929644673933;0.9999987339090418;1.0018923320565511;1.0020371105589079;0.9999404323785412;0.9999943419477618;0.9999965425787651;1.000916992911159;1.0004384099317976;1.0001961442754803;1.0000762400791023;0.9998028583683486;0.9999999999999999;0.99975385139504;0.9999704879240823;1.0;1.0;1.0018504143517601;0.9997990729641582;0.9999450618036502;0.9999732033912723;1.0002603534454289;1.024999976158142;
2016-06-17 20:45:00;0.999920287722165;0.9999999999999999;0.9999999999999999;0.9999647834503149;0.9995768469318878;1.0;1.0021643285573487;0.9999759494614946;0.9996737144101614;1.0;0.9999999999999999;1.0;1.0005142885457505;0.9999637575044326;0.9999651572024473;1.0;0.9999970282733639;0.9995759971436987;1.000728141453622;0.9998622457585907;0.9998996147163195;0.9999911015759796;0.9999977498568272;1.0020517549694339;1.0022098680755633;0.9998784986171215;0.9999926459533451;0.9999922806001369;1.0010802156812137;1.0006015110189488;1.0002767455127315;1.000110896358275;0.9995887764286008;1.0;0.9998081263796714;0.9999669382632155;0.9999999999999999;1.0;1.0020053408016028;0.9995810851445034;0.9998873911452714;0.9999471571223727;1.0002733261529444;1.024999976158142;
2016-06-17 21:00:00;0.9999348298535445;1.0;1.0;0.9999691663060688;0.9996623119590958;1.0;1.0021221858479075;0.99997776362931;0.999734715043963;1.0;0.9999999999999999;1.0;1.0005087138207232;0.9999722857140566;0.999976171005148;1.0;0.9999959086905444;0.9996618159181685;1.0007145645886715;0.9998845384922266;0.9999158799305723;0.999988860401739;0.9999969494139316;1.0020110382929135;1.0021675283781861;0.9998945656752273;0.9999914323453369;0.999994099365266;1.001020577664952;1.000527962433108;1.0002433774721116;1.0000981011446164;0.9996732585782674;1.0;0.9997698934432658;0.9999732690878173;1.0;1.0;1.0019674239420295;0.9996672200414886;0.9999038660533447;0.9999542863700976;1.0002729018339012;1.024999976158142;
2016-06-17 21:15:00;0.9999142800608924;0.9999999999999999;1.0;0.9999554288743447;0.9996180334654361;1.0;1.0022187423652245;0.9999731267934192;0.9996966985563969;1.0;1.0;1.0;1.0005307616579664;0.9999682524092739;0.999973943990069;0.9999999999999999;0.9999920024713628;0.9996175879859102;1.0007476107515296;0.9998599170132529;0.9998892003300535;0.9999880398457477;0.9999940735116979;1.0020998361726408;1.0022683386378932;0.999859675193135;0.9999908971538971;0.9999931259791209;1.0010827066573684;1.0005718453277914;1.0002695696684574;1.000113874663632;0.9996297768519;1.0;0.999765740021257;0.9999856625790244;1.0;0.9999999999999999;1.0020573973877722;0.9996232372781515;0.9998727550013925;0.9999449448452907;1.0002844358701406;1.024999976158142;
2016-06-17 21:30:00;0.9999284018905468;1.0;1.0;0.9999623677357349;0.999691580413523;1.0;1.0021223447812235;0.9999786568212129;0.999755443536233;1.0;1.0;1.0;1.000509198014481;0.9999742296423486;0.9999784236190392;1.0;0.9999930992841299;0.9996911639781859;1.0007150223630121;0.9998859186753936;0.9999077151269676;0.9999912211837179;0.9999948840896131;1.0020089950907376;1.0021695086382585;0.9998835881143434;0.9999932200596563;0.9999944731008855;1.0010030023603114;1.0005126379046705;1.0002288805518742;1.00008962472791;0.9997007201193912;1.0;0.9997709683920785;0.99996675546943;1.0;1.0;1.0019682108078145;0.9996954678366744;0.999894244277503;0.9999555464717423;1.0002737037248575;1.024999976158142;
2016-06-17 21:45:00;0.9999471447899307;1.0;1.0;0.9999746814150711;0.9997311433350882;1.0;1.0020016028572187;0.9999821280173795;0.9997884246438602;1.0;1.0;1.0;1.0004813918191713;0.9999782175016853;0.9999815351774356;1.0;0.9999964425620459;0.9997306441047329;1.0006739866015553;0.9999070881693853;0.999931294262259;0.9999906585395373;0.9999973427314524;1.0018969080977846;1.0020443106062824;0.999913943718819;0.9999927245179991;0.9999953821616291;1.0009685471980703;1.000513036429473;1.000235554623719;1.0000963414958777;0.9997401498777991;1.0;0.9997962258417398;0.9999777770604092;1.0;1.0;1.0018560006519657;0.9997353242001952;0.9999214416269105;0.9999631627204959;1.00025922446659;1.024999976158142;
2016-06-17 22:00:00;0.9999570399938301;1.0;1.0;0.9999789020270018;0.9998127166099288;1.0;1.001943379207356;0.9999881932569097;0.9998527810755244;1.0;1.0;1.0;1.0004681448841533;0.9999869676495087;0.9999897623771437;1.0;0.9999966658732934;0.9998110394356764;1.0006533043677808;0.9999308157668664;0.9999401282903881;0.9999907137668641;0.9999974247429726;1.0018417126041965;1.0019851367122765;0.9999290188458889;0.9999914584267681;0.9999972416050472;1.0009171581474672;1.000459860208177;1.0002095006383527;1.0000834467886737;0.9998214667017857;1.0;0.9997768459822907;0.9999738225956477;1.0;0.9999999999999999;1.0018028385181743;0.9998177424783545;0.999932684078971;0.9999727158048545;1.0002539370357273;1.024999976158142;
2016-06-17 22:15:00;0.9999355766076432;1.0;1.0;0.9999631835519582;0.9997917833802401;1.0;1.0020513435823453;0.9999846103308332;0.9998319512573993;1.0;1.0;1.0;1.0004933288242175;0.9999853295403379;0.999990233491983;0.9999999999999999;0.9999916502938984;0.999789916346354;1.0006901469528777;0.9999098711267325;0.9999111840655509;0.9999900785054746;0.9999937142477985;1.0019404687177582;1.0020983665415228;0.9998916031715304;0.999990790772791;0.9999967967291123;1.0010055178556587;1.000535494944193;1.000250315348005;1.0001034163568445;0.9998010052329077;1.0;0.9997889719316182;0.9999794920869186;1.0;0.9999999999999999;1.0019038585550923;0.9997972083427973;0.9998989754770033;0.9999649671376866;1.0002678310540292;1.024999976158142;
2016-06-17 22:30:00;0.9999646837083823;1.0;1.0;0.9999828151053486;0.9998229061997191;1.0;1.0018926339019065;0.9999872667644956;0.9998588327048815;1.0;0.9999999999999999;1.0;1.000457887871815;0.9999874342917786;0.9999910957040257;1.0;0.9999972208560173;0.9998220163870883;1.000636944465575;0.9999361479084623;0.99995105749691;0.9999900605136669;0.9999978890507791;1.0017940633993407;1.001932834375292;0.999939082668089;0.9999918633408114;0.9999973509657234;1.0008963103060948;1.0004551773918093;1.000205222316474;1.00008013762476;0.9998309970448606;1.0;0.999790063940364;0.9999692073968369;1.0;1.0;1.0017557275262055;0.9998276237503264;0.9999438075359519;0.9999738702997637;1.0002486412945437;1.024999976158142;
2016-06-17 22:45:00;0.9999637164255787;1.0;1.0;0.9999829523131438;0.9998147917480691;1.0;1.0018875211650764;0.999986926630794;0.9998525960647704;0.9999999999999999;1.0;1.0;1.000456019362448;0.9999878987380438;0.9999920117820359;1.0;0.9999974520468788;0.9998133458718184;1.0006346977628102;0.9999332650172587;0.9999478442679025;0.9999877891642198;0.9999980204717998;1.001789478865856;1.0019274972693202;0.9999365643236681;0.999989612077954;0.9999974481240197;1.0008964632261699;1.0004574352068267;1.0002096905651885;1.0000856672419296;0.9998245767368972;1.0;0.9997903174735429;0.9999799160564357;0.9999999999999999;1.0;1.001751077391408;0.9998208452821885;0.9999405038218475;0.9999724346557053;1.0002478373375248;1.024999976158142;
2016-06-17 23:00:00;0.9999627524780663;1.0;1.0;0.999982440891747;0.9997791176201002;1.0;1.0018786326779547;0.9999822006369941;0.9998213872088376;1.0;1.0;0.9999999999999999;1.0004550196364372;0.9999848625461151;0.999991060368028;1.0;0.999997154500813;0.9997784806124858;1.0006325378314764;0.9999219214382962;0.9999472585023675;0.9999845957174248;0.9999978578693838;1.001781075929241;1.0019182632342176;0.9999312066768223;0.9999882131950116;0.9999968083622772;1.0009123929347135;1.0004830073137287;1.0002235833602986;1.0000917514424046;0.9997900570451671;1.0;0.999806118044962;0.9999794711720916;0.9999999999999999;1.0;1.0017426928248103;0.9997858842915672;0.9999380067291458;0.9999665972640459;1.0002470634361926;1.024999976158142;
2016-06-17 23:15:00;0.9999694139949079;1.0;1.0;0.9999855864126564;0.9998041636788795;0.9999999999999999;1.0018517853903197;0.9999833433266813;0.9998405627773984;0.9999999999999999;1.0;1.0;1.0004499411158876;0.9999863582019062;0.9999923903782882;1.0;0.9999975744044115;0.9998040015328237;1.0006239596391986;0.9999313872730716;0.9999569496276256;0.9999858860240152;0.9999982006895102;1.0017558606005466;1.0018905944113525;0.9999417528167104;0.9999896688317006;0.9999971252521549;1.0008998940500182;1.0004757660123025;1.0002241731019834;1.0000960206872067;0.9998136590463558;1.0;0.9998052626102032;0.9999914698216249;1.0;1.0;1.0017178293589009;0.9998100558404773;0.9999485614991294;0.999970160113639;1.0002446012249424;1.024999976158142;
2016-06-17 23:30:00;0.9999701078664437;1.0;1.0;0.9999859483149406;0.999823076193806;0.9999999999999999;1.0018360607086834;0.9999861529396383;0.999857687788085;1.0;0.9999999999999999;1.0;1.0004455216358161;0.9999871569936201;0.9999914961448352;1.0;0.9999978407686522;0.999822782272424;1.000618476309729;0.9999384102777213;0.9999589128587437;0.9999892484068597;0.9999983877865122;1.0017409445641707;1.0018745586641147;0.9999462259646361;0.9999919409000992;0.9999972972980705;1.000918092762393;1.0005071984927927;1.0002433036346867;1.0001066524313775;0.999830952752502;1.0;0.9998247357326404;0.9999979719251774;1.0;1.0;1.0017031440302764;0.9998276894058911;0.9999517770077667;0.9999739852784305;1.0002419693070008;1.024999976158142;
2016-06-17 23:45:00;0.9999701054004497;1.0;0.9999999999999999;0.9999860533986112;0.9998184683121383;1.0;1.0018136146176817;0.9999855367859495;0.9998536072661889;0.9999999999999999;1.0;0.9999999999999999;1.0004401226510082;0.9999871086636762;0.9999918687436546;1.0;0.9999978477510274;0.9998181330133988;1.0006108725303906;0.9999367965372368;0.9999584134872621;0.9999882072120796;0.9999983900345275;1.0017197170490162;1.001851607644453;0.9999453366875855;0.9999911461732354;0.99999729066869;1.0009077088780949;1.0005032279969637;1.0002397827805003;1.0001036698191803;0.9998269134218438;1.0;0.9998298475790973;0.9999935635526087;1.0;0.9999999999999999;1.0016823423464551;0.9998235380370813;0.9999510320911853;0.9999730661272315;1.0002391028759543;1.024999976158142;
2016-06-18 00:00:00;0.9999646224541334;0.9999999999999999;1.0;0.9999841917736927;0.9997840625699712;1.0;1.0018211874393281;0.9999840816285926;0.9998278723790203;1.0;1.0;1.0;1.000440472212738;0.9999841913477772;0.9999886912494601;1.0;0.9999980349816826;0.9997835664686301;1.0006131121641972;0.9999268293026329;0.9999515557867735;0.9999877226998277;0.9999985167672446;1.0017270730298105;1.0018591840586328;0.9999377307768761;0.999990619007675;0.9999966876129719;1.0009023955931933;1.0004946122492167;1.0002346566291727;1.0001018951016756;0.999793496982578;0.9999999999999999;0.9998247799680624;0.9999951518972889;1.0;0.9999999999999999;1.001689009855291;0.9997894476893298;0.9999436340180945;0.9999693722962352;1.0002385355570318;1.024999976158142;
2016-06-18 00:15:00;0.9999691334732673;1.0;0.9999999999999999;0.9999864586236823;0.9998189127638042;0.9999999999999999;1.0017997460866397;0.9999874731402842;0.9998568114303685;1.0;1.0;1.0;1.0004354008203686;0.9999868647166053;0.9999900963779552;1.0;0.9999985175830239;0.9998181761951765;1.000605705572806;0.9999388385032583;0.9999574654942838;0.9999901144942093;0.9999988556341696;1.0017069303161616;1.0018371957555812;0.999947056624508;0.9999920721174577;0.9999972443998971;1.0008935130350958;1.0004880333837611;1.0002329926578788;1.0001012457749148;0.9998269899974661;1.0;0.9998233119003029;0.9999952296018955;0.9999999999999999;1.0;1.0016692493856105;0.9998234953901909;0.9999511942545493;0.9999747626422248;1.0002360959719334;1.024999976158142;
2016-06-18 00:30:00;0.9999742896220621;1.0;1.0;0.9999882390002391;0.999860450522895;0.9999999999999999;1.0017592710401761;0.9999903086532264;0.999889420914715;1.0;0.9999999999999999;1.0;1.000426490194798;0.999990198343129;0.999992861000538;1.0;0.9999984476529532;0.9998596832543902;1.0005921187760602;0.999951402786112;0.9999640817314042;0.999991976763475;0.9999988019376485;1.0016683606909167;1.0017960673179256;0.9999557673457805;0.9999933779271253;0.9999979433825268;1.000888146551791;1.0004996539366915;1.0002395346256399;1.0001049769163324;0.9998670238232682;1.0;0.9998410581385087;0.9999976225342389;1.0;1.0;1.0016319994988347;0.9998642950855967;0.9999589230069598;0.9999800214716109;1.0002318783370807;1.024999976158142;
2016-06-18 00:45:00;0.9999796017953918;0.9999999999999999;1.0;0.999990260308811;0.999882975142189;1.0;1.0017265000609858;0.9999905513414165;0.9999052549706331;1.0;1.0;1.0;1.0004201197673597;0.9999922344769793;0.9999956288103263;1.0;0.9999983475903435;0.9998825112015789;1.0005814046636132;0.9999580404732241;0.9999707455454689;0.9999914534478234;0.9999987494540812;1.0016372358468715;1.0017626347987316;0.9999622012196465;0.9999933388031829;0.9999983744820363;1.000867617100623;1.0004877111078332;1.0002319732200424;1.0001012302251657;0.9998890579373572;1.0;0.9998454963552685;0.9999963872265504;0.9999999999999999;0.9999999999999999;1.00160183586239;0.9998868126420403;0.9999657193919788;0.9999820479783034;1.0002290515639456;1.024999976158142;
2016-06-18 01:00:00;0.9999790310960505;1.0;1.0;0.9999898815604165;0.9998883488930306;1.0;1.0017164674035615;0.9999917035274801;0.9999106993959703;1.0;1.0;0.9999999999999999;1.0004173188590075;0.9999919509525244;0.999994378723195;1.0;0.9999983759572869;0.999887964581402;1.0005780724939193;0.9999603208993169;0.9999711515604861;0.9999936668076416;0.9999987759464498;1.0016276251181215;1.0017524472169594;0.9999633590125827;0.9999950191647008;0.9999983158263145;1.0008774113919143;1.0005058955958042;1.000241637542423;1.000105478727697;0.9998933119787946;0.9999999999999999;0.9998583146918915;0.9999962489415082;1.0;1.0;1.0015924079488892;0.9998912226862919;0.9999666000891806;0.9999835884206594;1.000227220509691;1.024999976158142;
2016-06-18 01:15:00;0.9999840037514506;1.0;1.0;0.9999922261186318;0.9999084685203272;1.0;1.001683572881011;0.9999925424232132;0.9999258088140186;1.0;1.0;1.0;1.0004103586547584;0.9999936913131517;0.99999628431776;1.0;0.999998633873958;0.9999082358634235;1.000567127333479;0.9999672173484673;0.9999775008789062;0.9999937273260409;0.9999989766951484;1.0015966059146546;1.0017187201599802;0.9999705083917063;0.9999952313415568;0.9999986837060177;1.0008352167758823;1.0004731742497666;1.0002187282937962;1.0000948619877437;0.99991291300197;1.0;0.9998598749164324;0.9999947344726913;1.0;1.0;1.0015620147570172;0.9999112070487134;0.9999735123569307;0.9999860205882519;1.0002238652110957;1.024999976158142;
2016-06-18 01:30:00;0.9999802907329434;1.0;1.0;0.9999904617943272;0.9999009092940776;1.0;1.0017132458669138;0.9999934280354867;0.9999220271302566;1.0;1.0;1.0;1.0004164631596777;0.9999919315852888;0.99999309322684;1.0;0.9999986135135857;0.999900747132332;1.0005771469740208;0.9999656744932142;0.9999744943808901;0.99999671396533;0.9999989666279394;1.001624587224788;1.0017490955377713;0.9999679764984507;0.9999974574488207;0.9999983130691142;1.0008416615718858;1.0004725392899265;1.0002170538279525;1.0000945762304723;0.9999041407484125;1.0;0.9998545228472183;0.9999961273362408;1.0;1.0;1.0015892602086256;0.9999023738152383;0.9999708208390404;0.9999864368477451;1.0002264455116956;1.024999976158142;
2016-06-18 01:45:00;0.9999599448557182;1.0;1.0;0.999982362726998;0.999793872892929;1.0;1.0017829906496143;0.9999888782272909;0.9998418383275908;0.9999999999999999;1.0;1.0;1.0004285183638537;0.9999826883763023;0.9999830365420385;1.0;0.9999985460960079;0.9997931240168665;1.000599998236377;0.9999326954391703;0.9999488912717457;0.9999956460550621;0.99999887578038;1.001690788938884;1.0018202272052024;0.9999394012972517;0.9999960353565798;0.9999963580043079;1.00091578369;1.0005492244536998;1.0002576254582063;1.0001146722473588;0.9998000450749049;0.9999999999999999;0.9998806702576766;1.0000025003597877;1.0;1.0;1.001653073196594;0.9997961983436983;0.9999431017602807;0.9999744347993389;1.0002306449657379;1.024999976158142;
2016-06-18 02:00:00;0.9999744048434281;1.0;0.9999999999999999;0.9999883212973985;0.9998698002103992;1.0;1.001719014738156;0.9999923921719662;0.9998991542371882;1.0;1.0;1.0;1.00041621188077;0.9999893151702801;0.9999900583642091;1.0;0.9999987383339473;0.9998693637900526;1.0005787910610031;0.9999564239206029;0.999966955815366;0.9999964724388146;0.9999990394009365;1.0016301690970004;1.0017549040845404;0.9999600750012874;0.9999969786857031;0.999997763136823;1.0008989043512013;1.000547494657185;1.0002557348183998;1.0001090434837079;0.9998739729023575;0.9999999999999999;0.9998938181993693;0.9999880597828381;1.0;1.0;1.0015943295307452;0.999871563292799;0.9999628528940148;0.999983170573232;1.000225583783868;1.024999976158142;
2016-06-18 02:15:00;0.9999807400725841;0.9999999999999999;1.0;0.9999907750143487;0.9999105020830636;1.0;1.0016570791682866;0.9999943699818828;0.9999297715515164;1.0;1.0;1.0;1.0004024579310684;0.9999936305003085;0.9999948656027394;0.9999999999999999;0.9999986556469465;0.9999098175647224;1.0005577593880568;0.9999678608797997;0.9999733842836804;0.9999957323652243;0.9999989610583001;1.0015713566135296;1.001691834333731;0.9999682453852861;0.9999961716273686;0.9999986703540399;1.0008948391585863;1.0005557580595945;1.0002662985171504;1.0001135148277847;0.9999145138835918;1.0;0.9999027675315075;0.9999874097478566;1.0;1.0;1.001537351132646;0.999912751057576;0.999970021334483;0.9999872756107467;1.0002192017973395;1.024999976158142;
2016-06-18 02:30:00;0.9999835660904971;1.0;1.0;0.9999919444146906;0.9999297180050313;1.0;1.0016457839000636;0.9999956018836458;0.9999447312461065;1.0;1.0;1.0;1.000400188594106;0.9999954134651887;0.9999965547214797;1.0;0.9999987106816312;0.9999289399477107;1.0005539268666759;0.999973696762754;0.9999766091249862;0.9999960368967221;0.9999989950668541;1.0015606509400419;1.001680333551254;0.9999725897395543;0.9999962868602029;0.9999990408265089;1.000903253988222;1.0005717836453716;1.0002762584772622;1.000119117311234;0.9999333588851105;1.0;0.9999133082267997;0.9999910017415139;0.9999999999999999;1.0;1.0015270530698648;0.999931911077769;0.9999737749204913;0.9999895811079879;1.0002183630441426;1.024999976158142;
2016-06-18 02:45:00;0.999984995165595;1.0;1.0;0.9999930620102623;0.9999186456595551;1.0;1.001622688561541;0.9999945206630836;0.9999358795575926;1.0;1.0;1.0;1.0003950170436549;0.9999937361391765;0.9999949069504926;1.0;0.9999991083381886;0.9999184114365708;1.0005466053501575;0.9999722289606748;0.9999800214417716;0.9999964697800354;0.9999993263163048;1.001539052972637;1.001656402366072;0.9999750355783849;0.9999972020382769;0.9999986936009833;1.0009191247987235;1.0006060124457608;1.0002948793490487;1.0001285268063707;0.9999217746494748;1.0;0.9999393027933963;0.999994504192947;1.0;1.0;1.0015053582238789;0.9999202634017156;0.999977119628844;0.9999888005452778;1.000215138748204;1.024999976158142;
2016-06-18 03:00:00;0.9999837292313665;1.0;1.0;0.9999925199446237;0.9999186412849423;1.0;1.0016091667957001;0.999994909580717;0.99993628186844;1.0;1.0;1.0;1.0003912000960935;0.9999942090930183;0.9999953078883533;1.0;0.999999057475705;0.9999180531511188;1.0005417112546453;0.9999716003009541;0.9999774736269921;0.9999960118278589;0.9999992640090989;1.0015261955341486;1.0016426889712893;0.9999731178710667;0.9999964797178712;0.9999987930841432;1.0009298190752913;1.0006292573756157;1.0003073240185991;1.0001352369970415;0.9999223200191156;1.0;0.9999571562874443;0.9999981385688951;1.0;1.0;1.0014928809176826;0.999920705531683;0.9999746168355735;0.9999886691341191;1.000213145358494;1.024999976158142;
2016-06-18 03:15:00;0.9999833558227879;1.0;1.0;0.9999922734343718;0.999917430403899;1.0;1.0016121432225493;0.9999950883552086;0.9999358560907937;1.0;0.9999999999999999;0.9999999999999999;1.0003918815693218;0.9999933826792339;0.9999939810434374;1.0;0.9999990734472051;0.9999170950719718;1.0005429501371121;0.9999718974464701;0.9999782352477372;0.9999974748554624;0.9999992935078309;1.0015289703284624;1.00164571236425;0.9999737197565778;0.9999978125659078;0.9999986195656055;1.000933815121242;1.000635466402356;1.0003093030692172;1.0001356094276324;0.9999202522702012;1.0;0.9999618488194422;0.9999966178516779;1.0;1.0;1.0014955054174053;0.9999187108107467;0.9999755033459764;0.9999890997962596;1.000213201969606;1.024999976158142;
2016-06-18 03:30:00;0.9999828457514554;0.9999999999999999;1.0;0.9999914230425618;0.9999233324982676;1.0;1.0016202380821295;0.9999950662334657;0.9999397047518372;1.0;1.0;1.0;1.0003941003867405;0.9999940905300881;0.9999950277243503;1.0;0.9999986095934386;0.9999229589131544;1.0005457064288976;0.9999722081930704;0.9999771267968057;0.9999971678510261;0.9999989489141579;1.0015363157251063;1.0016542654358747;0.9999720874149798;0.9999975493887552;0.9999987653390278;1.0009360224478119;1.0006332184276807;1.0003092105131888;1.0001360437374365;0.9999261859146007;1.0;0.9999566323223152;0.9999980556349491;1.0;1.0;1.0015031887155674;0.9999247667036358;0.9999740788614048;0.9999891348766482;1.0002146661833347;1.024999976158142;
2016-06-18 03:45:00;0.9999801534145453;1.0;1.0;0.9999907517828791;0.9999033723299994;0.9999999999999999;1.0016213731918506;0.9999938023312586;0.9999239943532231;1.0;1.0;1.0;1.0003935667328663;0.9999934713826842;0.9999950499896976;1.0;0.9999987349401223;0.9999025345632379;1.0005456393680163;0.9999655226782096;0.999971927045787;0.9999945679996742;0.9999990087592165;1.0015376073933173;1.0016553212834396;0.9999666430697992;0.9999951639533156;0.9999986358704053;1.0009292606816447;1.0006256555187691;1.0003045418030454;1.0001344564036352;0.9999081683174644;1.0;0.9999540238737413;0.9999994886204342;1.0;1.0;1.0015042496203455;0.9999062097043615;0.99996835644952;0.9999861297343726;1.000214379441687;1.024999976158142;
2016-06-18 04:00:00;0.9999794148961629;0.9999999999999999;1.0;0.999990824096969;0.9998906561440719;1.0;1.0016342965090992;0.9999931813105348;0.999914535309917;0.9999999999999999;1.0;1.0;1.0003964722240553;0.9999919506585384;0.9999932940171735;1.0;0.9999990068913358;0.9998900190653908;1.0005500945140493;0.9999628427656296;0.9999718964148209;0.9999949915194655;0.9999992232891971;1.0015500641656259;1.00166829661388;0.9999662218606408;0.9999956912955185;0.9999983208018989;1.0009336991833415;1.0006259888751654;1.000303568840476;1.0001326619705395;0.9998953125782456;1.0;0.9999514158264787;0.9999953893712346;1.0;1.0;1.0015160025935657;0.9998931730597468;0.9999682822737359;0.9999851514406712;1.000215550861723;1.024999976158142;
2016-06-18 04:15:00;0.9999844543824742;0.9999999999999999;0.9999999999999999;0.9999927072756596;0.999925346574276;1.0;1.001601563140942;0.999995322357465;0.9999414719979148;1.0;1.0;1.0;1.0003895139062406;0.9999947450466647;0.9999957849330416;1.0;0.9999990061455624;0.9999247615921145;1.0005391761077842;0.9999735073418492;0.9999783967474903;0.9999962913439021;0.9999992263943148;1.0015189245109386;1.0016349807983438;0.9999742956104585;0.9999966842905281;0.9999989045204468;1.00091300607622;1.000609153957037;1.0002963799544007;1.000130107876978;0.9999287807079679;0.9999999999999999;0.999948314027651;0.9999972577225191;1.0;1.0;1.001485885656602;0.999927294221164;0.999975680757292;0.9999894602611626;1.0002123358740966;1.024999976158142;
2016-06-18 04:30:00;0.9999829481840152;1.0;1.0;0.9999920649104724;0.9999193296373698;0.9999999999999999;1.0016206016413702;0.9999952192211069;0.9999371855642675;0.9999999999999999;1.0;1.0;1.0003937605314517;0.9999941538521058;0.9999950053956971;0.9999999999999999;0.999998989376737;0.9999186909484366;1.0005455405527346;0.9999716609478329;0.9999765877273031;0.9999965001285089;0.9999992102670591;1.001536961840451;1.0016544307271982;0.9999724291583896;0.999996774706355;0.999998779301195;1.000933647432512;1.0006288521072677;1.000307349194551;1.0001352498791631;0.9999228349259149;0.9999999999999999;0.9999532743436904;0.999998143977883;1.0;0.9999999999999999;1.001503489607821;0.9999212309734804;0.9999737948444916;0.9999888963088528;1.0002144747499386;1.024999976158142;
2016-06-18 04:45:00;0.9999910636976862;1.0;1.0;0.9999950878493543;0.9999636566718457;1.0;1.001591299735628;0.9999970327321022;0.9999703201677218;1.0;0.9999999999999999;1.0;1.0003887528813868;0.9999976997651772;0.9999988231637872;0.9999999999999999;0.9999989034163181;0.9999633933578183;1.000536086327004;0.999985210514391;0.9999872568344691;0.9999974211876229;0.9999991732284996;1.0015090476769528;1.001624603931336;0.999983986169794;0.9999978542999989;0.9999995207589368;1.0008987803899545;1.0005955944648768;1.0002874092113074;1.0001250178274956;0.9999655959175471;1.0;0.9999458395793474;0.9999938795969837;0.9999999999999999;1.0;1.0014766550342562;0.9999649070979996;0.9999852621712882;0.999993894152461;1.0002126442499564;1.024999976158142;
2016-06-18 05:00:00;0.9999919285697193;1.0;0.9999999999999999;0.9999956173792449;0.9999641529344143;1.0;1.0015870011585506;0.9999970149688723;0.9999707040768664;1.0;1.0;1.0;1.0003878706251477;0.9999976068075749;0.9999986991312544;1.0;0.9999990380522792;0.9999639907624119;1.000534696026331;0.9999858889263037;0.9999886538264257;0.9999975704191475;0.9999992795619601;1.0015050677318997;1.0016201188348608;0.9999854179195572;0.9999980739543473;0.9999995026950891;1.000904587827844;1.0006052509819126;1.0002906980811679;1.0001241240149574;0.9999659263571115;1.0;0.999953349564734;0.999986804672396;1.0;0.9999999999999999;1.0014726178194353;0.9999652682903782;0.9999867631311499;0.9999941204621222;1.0002121316790031;1.024999976158142;
2016-06-18 05:15:00;0.9999923029104788;1.0;1.0;0.9999963126874037;0.9999591007214053;1.0;1.0015840811731729;0.999996828631744;0.9999669988141306;1.0;1.0;1.0;1.0003869548559239;0.9999974985710132;0.9999986768658787;1.0;0.9999993722417962;0.9999587960240561;1.0005335515182394;0.9999850021750296;0.9999886550084343;0.9999967924033654;0.999999515901732;1.0015025791533843;1.0016169297556665;0.9999858567557233;0.999997356093571;0.9999994805010423;1.0008987535487155;1.0005997865826783;1.0002865360415112;1.0001215066750009;0.9999614641995633;1.0;0.9999527950434146;0.9999844563101378;1.0;1.0;1.0014698681687642;0.9999606386519941;0.9999868819711187;0.99999363091818;1.0002116251016717;1.024999976158142;
2016-06-18 05:30:00;0.9999898299544219;1.0;1.0;0.999994975169764;0.9999542620043386;1.0;1.0015925665605565;0.9999968928644897;0.9999636918537689;1.0;1.0;1.0;1.000388509113749;0.9999970247525009;0.9999979451757464;1.0;0.9999991531288489;0.999953836287437;1.0005363169014436;0.9999829034291424;0.999985496590678;0.9999971961344553;0.9999993459058778;1.0015104518455582;1.0016257508920687;0.9999825952547481;0.9999975120584558;0.9999993804578403;1.0009189614428669;1.0006220441099125;1.000302695073082;1.0001325109580668;0.9999566462596653;1.0;0.9999585660292056;0.9999960892363884;1.0;1.0;1.0014777173187286;0.9999557232936379;0.9999835657045343;0.9999930910383906;1.000212304769872;1.024999976158142;
2016-06-18 05:45:00;0.999990638516899;1.0;1.0;0.9999953317562829;0.9999605872604237;1.0;1.0015788361253242;0.9999972801429262;0.999968537189645;1.0;1.0;1.0;1.0003852762226835;0.9999978534817318;0.9999988645118459;1.0;0.9999991598553347;0.9999600221702488;1.0005315816225382;0.9999845692182145;0.9999859679845968;0.999996855119337;0.999999341091875;1.0014974450849408;1.0016117577091583;0.9999835460212821;0.9999971120550053;0.9999995531106891;1.0009063703293999;1.0006119699696183;1.00029995170952;1.000134955916999;0.9999631469565317;1.0;0.999955838121303;1.00000711018719;1.0;1.0;1.0014650765666582;0.9999622901375926;0.9999841802190076;0.9999936828439133;1.0002107564666518;1.024999976158142;
2016-06-18 06:00:00;0.9999897953061562;1.0;0.9999999999999999;0.9999950546748521;0.9999541245453839;1.0;1.0015734756081855;0.9999967694378482;0.999963302871336;0.9999999999999999;0.9999999999999999;1.0;1.0003837927902763;0.9999976122978189;0.9999988868403993;1.0;0.9999991498714533;0.999953455190251;1.0005296888668713;0.9999823199322204;0.9999844070424165;0.9999960209031415;0.9999993264217171;1.0014923974175554;1.0016062734916393;0.999981709909077;0.9999963962550714;0.9999995026952625;1.0008934982664612;1.000603291760832;1.0002939234135235;1.0001342116896805;0.9999572596071219;1.0;0.9999576520419456;1.0000128974136409;1.0;1.0;1.0014601122876712;0.9999562449912189;0.999982382468969;0.9999926483063057;1.0002099498036288;1.024999976158142;
2016-06-18 06:15:00;0.9999900994212445;1.0;1.0;0.9999947908206868;0.9999587096337804;0.9999999999999999;1.001624453339133;0.9999968838891812;0.9999666524577288;1.0;1.0;1.0;1.000396752976593;0.9999974964853091;0.9999986355295073;1.0;0.9999989391492152;0.999958303823139;1.000547052567791;0.9999835984306121;0.9999856531213319;0.9999970178545768;0.9999991895760987;1.0015405986106678;1.001658401353075;0.9999824699200002;0.9999974059762713;0.9999994791015165;1.0008697690465191;1.0005774361347122;1.0002638515686733;1.000117953171687;0.9999610550323347;1.0;0.9999587167644636;1.0000040112860735;1.0;1.0;1.0015073635282317;0.9999602293550764;0.9999835863930349;0.9999932690730622;1.000216998114695;1.024999976158142;
2016-06-18 06:30:00;0.9999902856400786;1.0;1.0;0.9999950478239964;0.9999567453771696;1.0;1.0016285980460409;0.9999968608372815;0.9999653363906335;1.0;1.0;1.0;1.000397740045252;0.9999971977078587;0.9999982187516744;0.9999999999999999;0.9999990779211259;0.9999563901239421;1.0005484727368075;0.9999835076559439;0.9999861569895919;0.9999972147068201;0.9999992954106789;1.001544628950443;1.0016625391670293;0.9999830599583318;0.9999976036926891;0.9999994170870975;1.0009189824933247;1.0006151242903354;1.0002989098541228;1.0001355519748325;0.9999590000977376;1.0;0.9999506216821308;1.0000103439754395;1.0;0.9999999999999999;1.0015111431165005;0.9999581475428255;0.9999841793841089;0.9999932672963197;1.0002174404042798;1.024999976158142;
2016-06-18 06:45:00;0.9999896107620303;1.0;1.0;0.9999948197009256;0.9999511502273889;1.0;1.0016622433015054;0.9999965086988152;0.9999610058689646;1.0;1.0;1.0;1.0004058070658495;0.9999966743617696;0.9999977161189657;1.0;0.9999990982473396;0.9999508256244534;1.0005597902130183;0.9999819150197802;0.9999854206694881;0.9999971178702607;0.9999993125422986;1.001576562968165;1.0016968499253789;0.9999820452271045;0.9999975680554832;0.9999993082218539;1.0009228850925869;1.000606769220409;1.0002939530505262;1.0001335231046886;0.9999535160105717;1.0;0.9999380289914507;1.0000109205086611;1.0;1.0;1.0015422968796452;0.9999525695198732;0.9999833177151168;0.9999926297092813;1.0002217351744769;1.024999976158142;
2016-06-18 07:00:00;0.9999894971613418;1.0;0.9999999999999999;0.9999949346267414;0.9999417222973731;0.9999999999999999;1.0016945516995088;0.9999954345393482;0.9999530179065911;1.0;1.0;1.0;1.0004138535253961;0.9999960058209925;0.9999975284731232;1.0;0.9999991457148272;0.9999415095449633;1.0005707380912046;0.999979143592812;0.9999852084793203;0.9999961311937453;0.9999993553739548;1.0016073071029241;1.0017297234656561;0.9999809771401473;0.9999969825643096;0.999999169324025;1.000868808086549;1.0005542384534074;1.0002446591544067;1.000106709713145;0.9999445669274813;1.0;0.9999373688223676;0.9999959013134051;1.0;1.0;1.001572221272792;0.9999434632897348;0.9999827351576392;0.9999911951838841;1.000226094863527;1.024999976158142;
2016-06-18 07:15:00;0.9999877356893733;0.9999999999999999;1.0;0.9999941821704669;0.9999135868799061;1.0;1.0017269546530854;0.9999917058965552;0.9999281253179572;0.9999999999999999;1.0;1.0;1.0004222647783123;0.9999949397461365;0.9999987023768945;1.0;0.9999988147156598;0.9999133741334821;1.0005817362919827;0.9999687148088577;0.9999810696989698;0.9999912888739082;0.9999991113928828;1.0016380851751447;1.0017627765539379;0.999973729749102;0.9999934996786707;0.9999989443952162;1.0007807685481238;1.0004719895220966;1.0001715929147987;1.0000694597161257;0.9999189752648092;0.9999999999999999;0.9999363044816231;0.9999810116423635;1.0;1.0;1.0016024195070923;0.9999173086203782;0.99997690974622;0.9999857111362803;1.0002309826627849;1.024999976158142;
2016-06-18 07:30:00;0.9999873111609053;1.0;1.0;0.999993743389088;0.9999390367241896;1.0;1.0016872025886403;0.999995445627326;0.9999509728867925;1.0;1.0;1.0;1.000411507854284;0.9999963171942147;0.9999979740061984;1.0;0.9999988843224908;0.9999384792544979;1.0005679875131541;0.9999770535925931;0.9999813659238648;0.9999953878624733;0.9999991385280803;1.0016001565497046;1.0017224275897723;0.9999772117855433;0.9999960651653976;0.9999992329724038;1.0007303755624761;1.0004323661724543;1.0001437544942386;1.0000560612091118;0.999942575891713;0.9999999999999999;0.9999375332732124;0.9999776280897821;1.0;1.0;1.0015655189990493;0.9999413341858284;0.9999786450807951;0.9999904243127591;1.000224914689903;1.024999976158142;
2016-06-18 07:45:00;0.9999856510179214;0.9999999999999999;1.0;0.9999929561726226;0.9999292102637652;1.0;1.0017207055278736;0.9999946414338791;0.9999430103560122;1.0;0.9999999999999999;0.9999999999999999;1.000419550032524;0.9999956503156666;0.9999975953315515;1.0;0.9999987544345599;0.9999286237157181;1.000579241628492;0.9999735607125654;0.9999790009020011;0.9999946794303802;0.9999990407467731;1.0016319006898773;1.0017566589064264;0.9999741229250652;0.9999955232961553;0.9999990925236365;1.0007510037488303;1.0004462268232255;1.0001519566701276;1.000060752002017;0.9999332466110026;1.0;0.999935599309353;0.9999808951426087;1.0;1.0;1.0015965755820158;0.999931818721752;0.9999758626875961;0.9999889240964855;1.0002292332406575;1.024999976158142;
2016-06-18 08:00:00;0.9999835700838133;0.9999999999999999;1.0;0.9999924568104067;0.9999132368466297;1.0;1.0017261443523628;0.999993925179244;0.9999310431214866;1.0;1.0;1.0;1.0004201412152283;0.9999944039696957;0.9999963099041452;1.0;0.999998947903122;0.9999125400274167;1.000580948443422;0.9999691207635022;0.9999762249972715;0.999994143125968;0.9999991756210422;1.001637214910046;1.001762077822282;0.9999711678916857;0.9999950149645941;0.9999988318907803;1.000764040919342;1.0004537417358454;1.0001565296328232;1.0000591679287385;0.9999179123094455;1.0;0.999932840969673;0.9999700282941344;1.0;1.0;1.0016014884114721;0.9999161450870354;0.9999728962426688;0.9999871959617022;1.0002292437324265;1.024999976158142;
2016-06-18 08:15:00;0.9999520762575648;1.0;0.9999999999999999;0.9999787772214349;0.9997575195487541;1.0;1.001995974619063;0.99998744528043;0.9998148194329606;1.0;1.0;1.0;1.0004791185124817;0.999978803006577;0.999978461702575;0.9999999999999999;0.9999982967866947;0.9997568534804118;1.0006715737380285;0.9999214992733366;0.9999402136478758;0.9999968303516343;0.9999986978130008;1.0018926605497345;1.0020376960069775;0.9999291674513662;0.9999969778167116;0.9999955356139236;1.0008255945297042;1.0004249129530516;1.0001282715186461;1.0000357960078547;0.9997637258033858;1.0;0.9998559744709687;0.9999378745796748;1.0;0.9999999999999999;1.0018502028700027;0.9997592968889346;0.999933644721348;0.9999706891156266;1.0002572749078982;1.024999976158142;
2016-06-18 08:30:00;0.9999677813146509;1.0;1.0;0.9999857470477865;0.9998216648027062;1.0;1.00187009743496;0.9999891188175014;0.9998613572142128;1.0;1.0;1.0;1.0004521781294176;0.9999853034718784;0.9999866290047023;1.0;0.9999986639822583;0.9998213111610234;1.0006295466174788;0.9999415629062897;0.9999586867239874;0.9999946771510805;0.9999989903986234;1.0017736102163395;1.0019089675708395;0.9999491338635659;0.9999957788822796;0.9999969238911701;1.0007896575637942;1.0004273807451307;1.000131046014792;1.0000363938880414;0.9998273658669085;1.0;0.9998882962352046;0.9999357130715039;0.9999999999999999;1.0;1.001734095119963;0.9998241003601936;0.9999532021188193;0.9999770579912103;1.0002444732994817;1.024999976158142;
2016-06-18 08:45:00;0.9999778549782896;1.0;1.0;0.9999896377373878;0.9998896037232202;0.9999999999999999;1.0018540773783264;0.9999933943893834;0.9999142207368676;1.0;1.0;1.0;1.0004502015504393;0.9999908767843984;0.9999915858355451;1.0;0.9999987379900137;0.9998892990470476;1.000624213082085;0.9999626143387921;0.9999715372797743;0.9999971045443192;0.9999990483871863;1.001758284084978;1.0018927659933394;0.9999652610516684;0.9999975801180603;0.9999980950773709;1.0007242249643362;1.000339902253938;1.000081738783649;1.00000979149688;0.9998930201003228;1.0;0.9998444958467211;0.9999215512325708;1.0;1.0;1.0017197050313897;0.9998910128213656;0.9999678753845819;0.9999855568751711;1.000244570874099;1.024999976158142;
2016-06-18 09:00:00;0.9999850029098465;0.9999999999999999;1.0;0.9999924294566523;0.9999290605356342;1.0;1.0018317914810129;0.9999949290514629;0.9999434803598167;1.0;1.0;1.0;1.0004465732428802;0.9999946951335092;0.99999600416256;1.0;0.9999986798802992;0.9999287972307166;1.0006168691489326;0.9999741057532858;0.999979752490497;0.9999966398579712;0.999999008456677;1.0017371135924433;1.0018700913805303;0.9999746014094617;0.9999972921031768;0.9999988911101607;1.0007543020288925;1.0003921292318863;1.0001096696792455;1.0000223666110186;0.9999319320493233;1.0;0.9998795445820667;0.9999221501247199;1.0;1.0;1.0016994734760687;0.9999306300476087;0.9999767365649825;0.9999895659873307;1.0002436417289808;1.024999976158142;
2016-06-18 09:15:00;0.9999828907567072;1.0;1.0;0.999992334561169;0.9999027832844668;1.0;1.001835025205216;0.9999930864728973;0.9999227335690574;1.0;1.0;1.0;1.000446714077617;0.9999934051330293;0.9999954732564044;1.0;0.9999990266873376;0.9999022166633558;1.000617621415175;0.9999663040188748;0.9999756753202518;0.9999938101288633;0.9999992428227902;1.0017405911927546;1.0018730989921105;0.9999699354108097;0.9999949199256288;0.9999986228472499;1.0007511799292852;1.000384835384157;1.0001053829126143;1.0000191838186105;0.9999076605254411;1.0;0.9998739221565174;0.9999182277893683;1.0;1.0;1.0017023729156584;0.9999057322307175;0.9999720849355656;0.9999859570698475;1.0002435943768688;1.024999976158142;
2016-06-18 09:30:00;0.9999823856596876;1.0;1.0;0.9999915496293383;0.9999255239498522;1.0;1.001818544317687;0.9999956586529837;0.9999418651290691;0.9999999999999999;1.0;1.0;1.0004421311623959;0.9999952753381187;0.999996313149806;1.0;0.9999987528972935;0.9999245528477948;1.0006117250710402;0.999972303490423;0.9999746954521187;0.9999958005417721;0.9999990126473952;1.0017246027387456;1.0018566415361436;0.9999709703752403;0.9999959025390655;0.9999990123566183;1.0007413998699937;1.0003831162225054;1.0001018116643359;1.000016962754421;0.9999295370351394;1.0;0.99988198815252;0.9999162399726136;0.9999999999999999;1.0;1.0016872588139967;0.9999279550931574;0.9999718590086342;0.9999891302327901;1.0002412833992744;1.024999976158142;
2016-06-18 09:45:00;0.9999800005364055;1.0;0.9999999999999999;0.9999898357474712;0.9999044178292764;1.0;1.001984931582354;0.9999927752218543;0.9999231743026812;1.0;1.0;1.0;1.0004832863400699;0.9999933414871287;0.9999956195534063;1.0;0.9999981230403265;0.999903950751362;1.0006681646434124;0.9999644266940659;0.9999721638395695;0.9999943025089844;0.9999985837136826;1.0018820677210414;1.0020266642201099;0.9999649546171648;0.9999953846510627;0.999998603876391;1.0006797210081515;1.000218355560801;1.000007212694551;0.9999655272080568;0.9999088892886676;1.0;0.9997490379280876;0.9998888854264114;1.0;0.9999999999999999;1.001841574108311;0.9999070925711756;0.9999678597681761;0.9999853684889923;1.000263642109109;1.024999976158142;
2016-06-18 10:00:00;0.9999732961871131;1.0;0.9999999999999999;0.9999869376610268;0.9998301834771371;0.9999999999999999;1.0019896225407847;0.99998430078113;0.9998596110073018;0.9999999999999999;1.0;1.0;1.0004848398244917;0.9999894588571944;0.9999961826146366;0.9999999999999999;0.999997367042026;0.999829777718655;1.000670056413402;0.9999379940993284;0.9999602542506681;0.999984594225102;0.9999980307596014;1.0018865548104796;1.00203142455441;0.9999458690536637;0.9999884696308258;0.9999977768034723;1.0007689283075254;1.0003340876950266;1.0000769097208473;1.0000021970614936;0.9998400022477444;0.9999999999999999;0.9998016385421163;0.9999058668705895;1.0;1.0;1.0018460581166577;0.9998367835472238;0.9999521044013993;0.9999723066199058;1.0002646326298494;1.024999976158142;
2016-06-18 10:15:00;0.9999645506807883;1.0;1.0;0.999982769586901;0.9998154152915831;1.0;1.0019758632815414;0.9999862476618984;0.999852217085323;1.0;1.0;1.0;1.0004787224912335;0.99998690469273;0.9999910668723365;1.0;0.9999971663484278;0.9998146572285;1.0006649980017404;0.9999337055820624;0.9999508453979388;0.9999891713650431;0.999997858112923;1.0018730999536771;1.0020177133628492;0.9999379083733955;0.9999913700678529;0.9999972417423325;1.0007671148176818;1.0003590578139316;1.0000826253770685;1.0000071099394972;0.9998238815020667;0.9999999999999999;0.9998369685922236;0.9999127729131232;1.0;1.0;1.001832879426766;0.9998203998361376;0.9999431841355495;0.9999725749361059;1.0002600618718085;1.024999976158142;
2016-06-18 10:30:00;0.999975736162124;1.0;1.0;0.999988405067432;0.9998625441665416;1.0;1.002006675027906;0.999989520287208;0.9998898492366268;1.0;1.0;1.0;1.0004880611064249;0.9999897257185675;0.9999927499670919;1.0;0.999998186167426;0.9998623513372357;1.0006757120073646;0.9999520396872165;0.9999672092498285;0.9999925097867531;0.9999986494766813;1.001902883621128;1.002048624662113;0.9999573292787455;0.9999943993427147;0.9999978462708602;1.000710924078943;1.0002722266091801;1.0000300299961413;0.9999793134735422;0.9998682514433789;1.0;0.9997893172886103;0.999900205147555;1.0;0.9999999999999999;1.001861422952275;0.9998657505221475;0.9999616843890002;0.9999800224655964;1.0002655720709022;1.024999976158142;
2016-06-18 10:45:00;0.9999705036363206;1.0;1.0;0.9999853707861266;0.9998276432243451;1.0;1.002048564702092;0.9999852741336551;0.9998594159963089;1.0;1.0;1.0;1.0004984118832605;0.9999878963472989;0.9999932113335045;1.0;0.9999972512281771;0.9998274810744814;1.0006900105809655;0.9999379635409494;0.9999588391320283;0.9999880039531804;0.9999979624720046;1.0019421953472802;1.0020917262357818;0.9999446748411709;0.9999911924052867;0.9999974502267509;1.000789079111847;1.000335105618181;1.0000779812671243;1.0000030409289455;0.9998357952609576;1.0;0.9997861834862833;0.9999078417130701;0.9999999999999999;1.0;1.0019004542007328;0.9998326697633868;0.9999510131033426;0.9999732966084182;1.0002713481540855;1.024999976158142;
2016-06-18 11:00:00;0.999962119501512;1.0;1.0;0.9999817178959931;0.9998156351375395;0.9999999999999999;1.002043116215377;0.9999860497888237;0.9998513917270533;1.0;1.0;1.0;1.000494170520359;0.9999898760407697;0.9999955303661442;1.0;0.9999968150842382;0.9998135029865514;1.0006864470437515;0.9999300397353634;0.9999423875596114;0.9999838858827561;0.9999975028314826;1.0019368038706509;1.002086685562491;0.9999305449301105;0.9999860428150084;0.999997852161715;1.0007668168355122;1.000306955981882;1.0000620619535152;0.9999953305735751;0.9998277216267722;1.0;0.9997726512120001;0.9999054731684641;0.9999999999999999;1.0;1.0018958671772598;0.9998237883154553;0.9999341654019315;0.9999704038329122;1.0002695763504938;1.024999976158142;
2016-06-18 11:15:00;0.9999609411627287;1.0;1.0;0.9999815383036763;0.9998228912409606;0.9999999999999999;1.0020721225495837;0.9999887648261371;0.9998605297093931;1.0;0.9999999999999999;0.9999999999999999;1.000500052330652;0.9999891273698387;0.9999924573115424;1.0;0.9999972861103092;0.999820722414674;1.0006959707449878;0.9999345459382243;0.9999429560359971;0.9999883667639455;0.999997847458087;1.0019644233404665;1.0021161788853765;0.9999336518502226;0.9999892248466543;0.9999977037880636;1.000765694276406;1.0002917733889887;1.000051474974639;0.9999875088474265;0.9998330057660939;1.0;0.9997582639778302;0.9998964819401426;0.9999999999999999;1.0;1.001922410145077;0.9998292381060155;0.9999360809066208;0.999973626385629;1.000272065946544;1.024999976158142;
2016-06-18 11:30:00;0.9999479541164799;1.0;1.0;0.9999760739105465;0.9997474532067798;1.0;1.0021192133722931;0.9999847504474849;0.9998029873641007;1.0;1.0;0.9999999999999999;1.0005089517675176;0.999981855276456;0.9999848599904976;1.0;0.9999970641929624;0.999745474430301;1.0007119306942913;0.9999116261058919;0.999928123828985;0.999988332909789;0.9999976971918965;1.0020089971115322;1.0021642065340777;0.9999152097308234;0.999989409813464;0.999996166823251;1.000792263944139;1.0003308255390566;1.0000605703581842;0.9999901547789299;0.9997587077200891;1.0;0.9997887213188654;0.9998921281239267;0.9999999999999999;0.9999999999999999;1.001965380233018;0.9997536708072451;0.9999194421100882;0.999965094415662;1.0002751244539554;1.024999976158142;
2016-06-18 11:45:00;0.9999594210445142;1.0;1.0;0.9999810908361135;0.9998213514781525;1.0;1.0020638965479005;0.9999897726310839;0.9998609777602924;1.0;1.0;1.0;1.0004971884420804;0.9999885985008735;0.9999909493450497;1.0;0.9999974877193112;0.9998190401492663;1.0006929892621235;0.99993488646961;0.9999415786091375;0.999989935508175;0.9999979860738312;1.0019566749306668;1.0021077429499328;0.999933385562519;0.9999901947558969;0.9999975972884686;1.000769658817804;1.0003244877085304;1.0000585041791918;0.9999907997318259;0.9998309820134871;1.0;0.9997999615670042;0.9998970241844013;1.0;0.9999999999999999;1.0019146166271489;0.9998271606437243;0.9999351867375783;0.9999743964411887;1.000270136617414;1.024999976158142;
2016-06-18 12:00:00;0.9999619815546061;1.0;1.0;0.9999826526182912;0.999836752507877;1.0;1.0020511591550487;0.9999910878572901;0.9998733311199979;1.0;1.0;0.9999999999999999;1.000493839782524;0.9999908025248714;0.9999931764869194;1.0;0.9999978167187931;0.9998339479102776;1.0006882050885952;0.9999396567972845;0.9999431949514686;0.9999889772211884;0.9999981939967661;1.001944782187156;1.0020946658240155;0.9999369819314258;0.9999889581471754;0.999998064195998;1.0007050685913976;1.0002384414466619;1.0000089313348843;0.9999636879748229;0.9998470420734308;1.0;0.9997578404586605;0.9998820041211733;1.0;0.9999999999999999;1.0019030179547543;0.9998433155873451;0.9999374652045281;0.9999761676447335;1.0002688162220958;1.024999976158142;
2016-06-18 12:15:00;0.9999550719379849;0.9999999999999999;0.9999999999999999;0.9999799931794181;0.999783698231417;1.0;1.002116924389528;0.9999879628310958;0.9998327550283298;0.9999999999999999;1.0;1.0;1.0005087158609576;0.999984757134367;0.9999867111874722;1.0;0.9999979369527108;0.999781586053124;1.0007109812260653;0.9999251840689054;0.9999373717149092;0.9999901642918162;0.9999983311666756;1.0020072633213333;1.0021615236316979;0.9999280932199965;0.9999905791386413;0.9999967822774749;1.000787439379732;1.0003119684633153;1.00005477663497;0.9999855608294087;0.9997937287599441;1.0;0.99976872330473;0.9998869187830561;1.0;1.0;1.0019633681485791;0.9997892651801998;0.9999305520398275;0.99997078204073;1.000275414319714;1.024999976158142;
2016-06-18 12:30:00;0.9999004155996304;1.0;1.0;0.9999562033635592;0.9996352822556454;1.0;1.0021894484010063;0.9999864297208334;0.9997246733565515;1.0;1.0;1.0;1.000510226924965;0.9999844147771908;0.9999874526273297;1.0;0.9999955519517918;0.9996245888275561;1.0007276923702362;0.9998605087752105;0.999844122398257;0.9999719258055552;0.999995971219815;1.0020748583801538;1.0022379119209488;0.9998405434431917;0.9999679278833233;0.999996605012747;1.0008847475163591;1.000406634331957;1.0001165659443492;1.0000222016967255;0.9996642397950843;1.0;0.9997868770782548;0.9999138015076076;1.0;1.0;1.0020318079480866;0.9996545864243791;0.9998331650231614;0.9999470386031127;1.0002764180811219;1.024999976158142;
2016-06-18 12:45:00;0.9999601373220527;0.9999999999999999;0.9999999999999999;0.9999815329279149;0.9998345963725744;1.0;1.0020825844409142;0.9999912576648892;0.9998720730270243;1.0;1.0;1.0;1.0005011432136988;0.9999902935509287;0.9999923300231942;0.9999999999999999;0.9999976057091456;0.9998318038441935;1.0006988625445425;0.9999386151464663;0.9999412934301717;0.9999898550849022;0.9999980393013621;1.0019743862293304;1.0021268955210745;0.9999349009744389;0.9999896026837063;0.9999979477397966;1.0007675933896698;1.0002895395730713;1.00005070322901;0.9999875398455489;0.9998445219764467;1.0;0.9997543195724272;0.9998984130211546;1.0;1.0;1.0019321537000605;0.9998407910976308;0.9999354742961616;0.9999760801598357;1.0002726101233779;1.024999976158142;
2016-06-18 13:00:00;0.9999639977494558;1.0;1.0;0.9999831288073375;0.9998363384801489;1.0;1.0020977462249239;0.999989905190323;0.99987157526517;0.9999999999999999;1.0;1.0;1.000506446620153;0.9999897695048491;0.9999925492518557;1.0;0.9999976277702498;0.9998343472296314;1.0007046899648644;0.9999400466655362;0.9999477239340242;0.9999897714678407;0.999998111755305;1.0019888335579041;1.0021421890290427;0.9999394700043807;0.999990432423582;0.9999978430828814;1.0006955876234414;1.0002143747453625;0.9999852563433019;0.9999461422901053;0.9998454597088033;1.0;0.9997458655536671;0.9998613143662436;1.0;1.0;1.0019461498526308;0.9998419807927863;0.9999415687165278;0.9999759944239638;1.000275564836058;1.024999976158142;
2016-06-18 13:15:00;0.9999593501591291;0.9999999999999999;0.9999999999999999;0.9999817372761407;0.9998004781797084;0.9999999999999999;1.0021194165050198;0.9999880596166306;0.9998444306862655;1.0;1.0;0.9999999999999999;1.0005105599326476;0.9999864788426014;0.9999891292057048;1.0;0.9999979129996269;0.9997985299373255;1.0007119792795662;0.999930104533454;0.999942408128567;0.9999893076201605;0.9999983250119756;1.0020096487644659;1.0021640477941391;0.999933043060617;0.9999901456863229;0.9999971484100896;1.0007855445661118;1.0002921029576959;1.0000397323932286;0.9999655344321945;0.9998104103518151;1.0;0.9997506622624831;0.9998468752029982;1.0;1.0;1.0019658860156953;0.999806276933225;0.9999356818659909;0.9999721670974471;1.0002770001951993;1.024999976158142;
2016-06-18 13:30:00;0.9999508503116813;1.0;1.0;0.9999773885206485;0.9997785820400694;0.9999999999999999;1.0021247771509922;0.9999874695785105;0.9998280919663336;1.0;0.9999999999999999;1.0;1.0005099543979352;0.9999854015958825;0.9999880221843097;1.0;0.9999971924437838;0.9997759122595178;1.000713225445622;0.999920498751259;0.999929893745466;0.9999882971566363;0.9999977432721099;1.0020142317909508;1.0021700362788188;0.9999199942133008;0.9999886171466522;0.999996905633756;1.0008317929145856;1.0003492167672672;1.000082607900056;0.9999962998071076;0.9997900113852372;1.0;0.9997688460613852;0.9998821269973737;1.0;1.0;1.0019709408193798;0.9997853215121869;0.9999222679140083;0.9999688269775235;1.0002764043399948;1.024999976158142;
2016-06-18 13:45:00;0.9999571457331257;1.0;1.0;0.9999804795955708;0.9998191217308109;0.9999999999999999;1.0021243003756242;0.999990088681894;0.9998594227031987;1.0;0.9999999999999999;1.0;1.0005105003703008;0.9999906098930083;0.999993643781796;1.0;0.9999974960050602;0.9998156215262017;1.0007122644041726;0.9999321119063408;0.9999346503530562;0.9999863348447644;0.9999979088090988;1.002014025114312;1.0021695402683304;0.9999281125121434;0.9999862846794251;0.9999980076872296;1.0007802204104348;1.0002852959356827;1.0000443493928706;0.9999785475592738;0.9998315348528127;1.0;0.999742060668708;0.9998804039494291;1.0;1.0;1.0019710441192626;0.9998272741654096;0.9999281563476087;0.9999729987974832;1.0002780440370038;1.024999976158142;
2016-06-18 14:00:00;0.9999426105176837;0.9999999999999999;1.0;0.9999734821723668;0.9997156095143347;1.0;1.0021450307046593;0.9999810779193248;0.9997752374173335;1.0;1.0;1.0;1.0005144832586752;0.9999816816334035;0.999987318833034;1.0;0.9999963527883886;0.9997128956397262;1.0007201729246338;0.9998977022845914;0.9999170386724967;0.9999816368681478;0.9999971212439732;1.0020332217176853;1.0021908890265698;0.9999014736360355;0.9999837768820258;0.9999961012202458;1.0009148589939116;1.000398732030612;1.000142602712472;1.0000318386180422;0.9997309815274144;0.9999999999999999;0.9997326351623089;0.9999090645765851;1.0;1.0;1.0019897685977301;0.9997251032355796;0.9999062947218728;0.9999582186746558;1.0002787157376334;1.024999976158142;
2016-06-18 14:15:00;0.9999490693399452;1.0;1.0;0.9999713397055701;0.9998250853003272;1.0;1.0020632111971706;0.9999862270714097;0.9998573253806226;1.0;1.0;1.0;1.0004980868603834;0.9999897326283496;0.9999953111335891;1.0;0.9999934151354972;0.9998229622999694;1.0006936824532582;0.9999238989598247;0.9999262770054992;0.999987110880994;0.9999949972669007;1.0019531356310685;1.0021094154763053;0.9999103841379516;0.9999883727860414;0.9999977738657362;1.0009105854858216;1.000423637908357;1.0001616956689343;1.0000442543894457;0.9998353713572514;1.0;0.9997603782422392;0.9999200653119937;0.9999999999999999;1.0;1.001915070629401;0.9998319131215111;0.9999158627664396;0.9999692626296951;1.000271648875691;1.024999976158142;
2016-06-18 14:30:00;0.9999345177806577;1.0;1.0;0.9999622940555576;0.9997883713665187;1.0;1.0021485979591946;0.9999835823329423;0.9998278849664557;1.0;1.0;0.9999999999999999;1.000517253668464;0.9999858150425046;0.9999916968618898;0.9999999999999999;0.9999912044870719;0.9997863419612684;1.0007227346837482;0.9999069527173338;0.9999084947833443;0.9999880741045785;0.999993374240688;1.0020324828251788;1.0021978616099794;0.9998878318900558;0.9999891689838722;0.9999968942805861;1.0009292247714767;1.0004143551124054;1.0001503962067972;1.0000340560317382;0.9997986416812126;1.0;0.999738064111436;0.9999045164396299;1.0;1.0;1.0019942817300225;0.9997947353640597;0.999895563673882;0.9999633252880866;1.000281275557453;1.024999976158142;
2016-06-18 14:45:00;0.9999480593960088;1.0;1.0;0.999968108538934;0.9998538226047496;1.0;1.0021105135742094;0.9999869451601862;0.9998780350254356;1.0;0.9999999999999999;1.0;1.0005109976694575;0.9999905078312536;0.9999959916486506;1.0;0.9999916573619383;0.9998524929653421;1.000710581801601;0.9999291617874351;0.9999273485648491;0.9999907719165997;0.9999937571711198;1.001996549604391;1.0021587702119534;0.9999089812615998;0.999991887129115;0.999997907962467;1.000922841034073;1.0004190515186853;1.0001589320460462;1.0000427759572836;0.9998611079833891;0.9999999999999999;0.9997451665460989;0.9999197516603581;1.0;1.0;1.0019592494644474;0.999858572469475;0.9999162571367789;0.9999718748001273;1.000278876252964;1.024999976158142;
2016-06-18 15:00:00;0.9999631845488348;0.9999999999999999;1.0;0.9999809458853731;0.9998491134720827;1.0;1.001973114944589;0.9999889970400329;0.999878679534666;1.0;1.0;1.0;1.000477292783029;0.9999912240885963;0.9999953426466156;1.0;0.9999962684759982;0.9998472953185712;1.0006632601683605;0.9999398947224494;0.9999458847406768;0.9999886244552367;0.999997121937308;1.0018697158272503;1.0020157410786905;0.9999351624455123;0.9999898000074992;0.9999981362818455;1.0008747541650482;1.0003877182452159;1.0001556184391198;1.0000423298656445;0.9998582257870999;1.0;0.9997401473404347;0.9999221426619602;1.0;1.0;1.0018310073734213;0.9998550990932636;0.999938536161577;0.9999754165150782;1.0002602810741281;1.024999976158142;
2016-06-18 15:15:00;0.9999665773976856;1.0;1.0;0.9999838703285394;0.9998617294753572;0.9999999999999999;1.0019588094707825;0.9999909626502781;0.9998901433528401;1.0;1.0;1.0;1.0004731404023912;0.9999935604409785;0.9999972738309115;1.0;0.999997295597694;0.9998590809468574;1.000657543313263;0.9999453876964937;0.9999479704396241;0.9999873223147496;0.9999978208222926;1.001856899717272;1.0020006698577943;0.9999409400371356;0.9999879415003409;0.9999986351621832;1.0008828847725861;1.0004127581456996;1.00016833179574;1.0000508167467181;0.9998720890598969;1.0;0.9997630467389567;0.9999310903353226;1.0;0.9999999999999999;1.0018178327636431;0.9998688560211336;0.9999419290188662;0.9999775774770597;1.0002584656437847;1.024999976158142;
2016-06-18 15:30:00;0.9999719532139382;1.0;1.0;0.9999857604678032;0.9998856727238769;1.0;1.001906536539942;0.9999915936897498;0.9999077130598494;1.0;1.0;1.0;1.0004621091531989;0.9999946626345765;0.9999984064607905;1.0;0.9999972147870854;0.9998837227520614;1.0006406384796145;0.9999534262552375;0.9999565265824598;0.9999889800968063;0.9999978102453637;1.0018071990620392;1.001947316557155;0.9999490874975604;0.9999899098528694;0.9999988713558497;1.0008320629542817;1.0003683172344047;1.0001412941541954;1.00003650429974;0.9998941862283807;0.9999999999999999;0.9997565454507406;0.999923540571781;1.0;1.0;1.0017694008396323;0.999891610267432;0.9999508521089837;0.9999805830967827;1.0002526979677369;1.024999976158142;
2016-06-18 15:45:00;0.9999777682534208;1.0;1.0;0.999989009344353;0.9999021311249409;1.0;1.0018845153781866;0.9999927127685462;0.999920999855156;1.0;1.0;1.0;1.0004576872856463;0.9999953485279562;0.9999985750986419;1.0;0.9999979499037868;0.9999005824228855;1.000633523383743;0.9999611986434804;0.9999653315171221;0.9999904687485474;0.9999983802498448;1.0017867869689523;1.0019243878686317;0.9999591633092061;0.9999914262339514;0.999999020688328;1.000826073531884;1.0003602649974568;1.0001410637614256;1.000035940104869;0.999909363385784;1.0;0.9997494230034106;0.9999220478073165;1.0;1.0;1.0017488487151516;0.9999071661515455;0.9999606842121104;0.9999836479129892;1.0002503182422084;1.024999976158142;
2016-06-18 16:00:00;0.999983789761059;1.0;1.0;0.9999919689039801;0.9999102228532188;1.0;1.0018549403057775;0.9999920005621683;0.9999259632427702;1.0;1.0;0.9999999999999999;1.000452261529388;0.9999951834137172;0.9999988487495831;1.0;0.9999983546540189;0.9999095244441857;1.0006243610331431;0.9999657887449687;0.9999748544828891;0.9999909174753623;0.999998738221544;1.0017590559351193;1.0018938045736165;0.999967721398641;0.9999926931852026;0.9999989895422349;1.0008263012796212;1.0003726954186314;1.0001482568198712;1.0000390360035387;0.9999162896166554;1.0;0.9997631525178358;0.9999215923320494;0.9999999999999999;0.9999999999999999;1.0017213066020862;0.9999144519530505;0.9999703978745828;0.9999848646665574;1.0002474138912405;1.024999976158142;
2016-06-18 16:15:00;0.999985607162584;1.0;1.0;0.9999925471580744;0.9999147807895846;1.0;1.0018761606178779;0.9999918186232567;0.9999290101716267;1.0;1.0;0.9999999999999999;1.000458211291371;0.9999947990966802;0.9999984254802785;1.0;0.999998315672223;0.9999145879502043;1.00063197115496;0.9999678297307095;0.9999786078541341;0.9999920260831361;0.9999987449380473;1.0017791212627558;1.001915428733671;0.9999707078221817;0.9999940519521426;0.9999989093160191;1.0008153404367024;1.0003492648883066;1.0001346773771482;1.0000325201154954;0.9999197785894404;1.0;0.9997461862786678;0.999920295687126;1.0;1.0;1.0017409184427943;0.9999181862917503;0.9999741597157737;0.999985627246288;1.0002505695193182;1.024999976158142;
2016-06-18 16:30:00;0.9999813167348468;1.0;1.0;0.9999903816200499;0.9998955279204932;1.0;1.001913042965298;0.9999903586353561;0.9999134158748397;1.0;0.9999999999999999;1.0;1.0004665343569576;0.999993761130537;0.9999979865121019;1.0;0.9999978981513503;0.9998951022285968;1.0006441506432455;0.9999602793853333;0.9999721285963924;0.9999903701385252;0.9999984208501105;1.0018138809284443;1.0019532880284294;0.9999628803689046;0.9999926023568064;0.9999986921115076;1.0008318946738295;1.000354245184659;1.0001364788078682;1.0000316656460844;0.9999017779263579;1.0;0.9997389190748631;0.9999157713568116;1.0;1.0;1.0017751481411905;0.9998997811600426;0.99996675392134;0.9999824645708218;1.0002550196453326;1.024999976158142;
2016-06-18 16:45:00;0.9999847268919093;1.0;1.0;0.9999918893578856;0.9999210505905382;1.0;1.0018748886868827;0.9999927297848853;0.9999345515660476;1.0;0.9999999999999999;0.9999999999999999;1.000457565015224;0.9999952173442958;0.9999983683696938;1.0;0.9999981625478509;0.9999207168211246;1.000631398780734;0.9999693275204227;0.9999775069069413;0.9999929764713551;0.9999986221860881;1.0017777382191102;1.001914297609992;0.9999702384426965;0.9999945790789465;0.9999989971375792;1.000868132491013;1.0004259485345415;1.0001784677682657;1.0000565128091656;0.9999256622610083;1.0;0.9997885403325821;0.9999343524702302;1.0;1.0;1.001739767016169;0.9999241705860205;0.9999732834424272;0.9999866051803585;1.0002502020606683;1.024999976158142;
2016-06-18 17:00:00;0.9999825783006313;1.0;1.0;0.9999911739523719;0.9999070500314591;1.0;1.0018662173984558;0.9999918625194484;0.9999235804074077;1.0;1.0;1.0;1.0004549052409246;0.9999945514884835;0.9999980343628507;1.0;0.9999981785990173;0.9999064834079303;1.0006282620016576;0.9999646456985242;0.9999739200676273;0.9999916207916402;0.9999986176895113;1.0017695942458709;1.0019054146974016;0.9999662890463209;0.9999933454010171;0.9999988580203626;1.00085157618923;1.0004057143042377;1.0001653840201143;1.0000475510432065;0.9999127252952668;1.0;0.9997804312128726;0.9999245372047876;1.0;1.0;1.0017317000269548;0.9999108949365778;0.9999693042563838;0.9999845945124631;1.000248666677228;1.024999976158142;
2016-06-18 17:15:00;0.9999786609100044;1.0;1.0;0.9999890975408399;0.9998968338887987;1.0;1.0018921602222415;0.9999913789288399;0.9999156109051553;1.0;0.9999999999999999;1.0;1.0004604204613907;0.9999942316377411;0.9999979293383121;1.0;0.9999977677500687;0.9998959057601927;1.0006366913904088;0.9999598202302642;0.9999678414496468;0.9999906774968131;0.9999982894973597;1.001793927205138;1.0019321729855508;0.9999597587562169;0.9999922654717751;0.9999987875416432;1.0008796622737712;1.0004328678214922;1.0001786728278392;1.0000519886856998;0.9999034296183744;1.0;0.9997890640501986;0.9999204061498039;1.0;1.0;1.0017558488623746;0.9999013291958915;0.9999626765711147;0.9999827666093812;1.000251658727647;1.024999976158142;
2016-06-18 17:30:00;0.9999805962354672;1.0;1.0;0.999989635827943;0.9999061566880608;1.0;1.0018939763945574;0.9999916121517933;0.9999224730211851;1.0;1.0;1.0;1.000461581139874;0.9999943894448045;0.9999979897694294;1.0;0.9999976711699806;0.9999056191437958;1.0006376919596884;0.9999630091189375;0.999971437510777;0.9999918216715142;0.9999982456953568;1.001795532742013;1.0019340601561724;0.9999629577853775;0.9999935221614393;0.9999988202279781;1.000880612091217;1.000435123797286;1.000188744522395;1.000067459101636;0.9999116961421884;0.9999999999999999;0.9997849856870036;0.9999538212974036;1.0;1.0;1.0017575305067192;0.9999098981065904;0.9999663853690927;0.999984044376386;1.0002523070740457;1.024999976158142;
2016-06-18 17:45:00;0.9999537349518344;1.0;1.0;0.9999745963357456;0.9998107807278633;1.0;1.0020725660635426;0.999985034006653;0.9998465538085073;1.0;0.9999999999999999;1.0;1.0005014389343427;0.999986373106773;0.9999912670807068;1.0;0.9999945191285633;0.9998099613847986;1.0006978315846464;0.9999247990800381;0.9999366021771751;0.999989704543273;0.9999959024738726;1.0019627636065362;1.002118087287483;0.9999196012950913;0.9999916855560513;0.9999970907550998;1.0009762589350821;1.0004922394834441;1.0002165680718538;1.000079504043185;0.9998189718287592;1.0;0.999772322483458;0.9999538368155945;0.9999999999999999;1.0;1.0019230725032064;0.9998155920224905;0.9999266815360761;0.9999695436851829;1.0002725164993986;1.024999976158142;
2016-06-18 18:00:00;0.999957085538894;1.0;1.0;0.9999746260646645;0.9998571836500455;1.0;1.0020448977691392;0.9999873166979034;0.9998812781905997;1.0;0.9999999999999999;1.0;1.0004957994236707;0.9999912857254184;0.9999967456879081;1.0;0.9999936020751431;0.9998559307470937;1.0006883073537403;0.9999354437681153;0.9999387027646088;0.9999892791258911;0.9999951960865471;1.001935810829306;1.0020905599999292;0.9999228739677131;0.9999908988636277;0.9999981160401858;1.0009470644619651;1.0004677506281128;1.0002007239667359;1.0000713818621447;0.9998651075208694;1.0;0.999770433731246;0.9999502886380643;1.0;1.0;1.0018981152680053;0.9998624882049733;0.9999290579439684;0.999973603915632;1.000270736932811;1.024999976158142;
2016-06-18 18:15:00;0.9999694106805465;1.0;0.9999999999999999;0.9999825232139614;0.9998699172594775;1.0;1.0019772651699488;0.9999880348609068;0.9998918963543364;1.0;1.0;1.0;1.0004811260261393;0.9999913789497771;0.999996271813528;0.9999999999999999;0.9999957309137738;0.9998695130485317;1.0006660311182838;0.999946497325047;0.9999569182994896;0.9999903691098806;0.9999968248404281;1.0018732105565102;1.0020201150016779;0.9999432275734366;0.9999926253685955;0.9999981739905095;1.0009095650088677;1.0004389966178526;1.000193630174556;1.0000736724084316;0.9998764433877149;1.0;0.9997634031316659;0.9999667005529106;1.0;1.0;1.0018349017991361;0.9998741548661186;0.999949149638159;0.9999774093544236;1.000262593506932;1.024999976158142;
2016-06-18 18:30:00;0.9999756214103225;1.0;1.0;0.9999863329515165;0.9998947634313957;1.0;1.0019541630557156;0.9999908141340661;0.9999133773027385;1.0;1.0;1.0;1.0004758358573795;0.9999926933702159;0.9999961221841704;1.0;0.9999968221338048;0.9998944802242166;1.000658189438019;0.9999577852170781;0.9999662210350637;0.9999931205700798;0.9999976376905239;1.0018519477204402;1.0019959808261913;0.9999557760853629;0.9999947387376195;0.9999984624455852;1.0008954245773218;1.000427455150191;1.0001863620432634;1.0000678490395523;0.9998996315729067;1.0;0.9997629043822924;0.9999590108793689;0.9999999999999999;1.0;1.0018132804622613;0.9998977870749838;0.9999603159396648;0.9999823992037296;1.0002596628224665;1.024999976158142;
2016-06-18 18:45:00;0.999959784189935;1.0;0.9999999999999999;0.9999756848247519;0.9998676039845907;1.0;1.0020322366336738;0.9999881570479344;0.9998900622904944;0.9999999999999999;1.0;1.0;1.0004934550261937;0.9999904339108786;0.9999948878678077;1.0;0.9999937884209814;0.9998671277525313;1.0006847134814894;0.9999407435144047;0.9999452218826105;0.9999927744471692;0.9999953879121791;1.001923795247825;1.0020774985105005;0.9999293118229661;0.9999942752654336;0.9999979442690227;1.0009586441265468;1.0004820310946894;1.0002113419062124;1.0000755441379698;0.9998730783841314;1.0;0.9997750466904054;0.999948645410931;1.0;1.0;1.0018861058503092;0.9998709101381543;0.9999361852501335;0.999976186306703;1.0002690104624166;1.024999976158142;
2016-06-18 19:00:00;0.999949992171059;1.0;1.0;0.9999745080051667;0.9997693302815754;0.9999999999999999;1.002092377261712;0.9999838490099567;0.9998168505506284;1.0;1.0;1.0;1.0005046743510737;0.9999816983577927;0.9999853463490002;1.0;0.9999955772628848;0.9997687729064956;1.0007045691722072;0.9999160705204138;0.9999341379722655;0.9999912255168976;0.9999967008178094;1.001982294544899;1.0021375925434421;0.9999171414176058;0.999993069040464;0.9999961081138671;1.0009713185382048;1.0004727010994443;1.0002112858443264;1.0000809533836994;0.9997774161575864;0.9999999999999999;0.9997501386191302;0.9999652182919478;1.0;1.0;1.0019407171025634;0.999773324515096;0.9999244331723374;0.9999666858743204;1.0002728744695424;1.024999976158142;
2016-06-18 19:15:00;0.9999697158983142;1.0;1.0;0.999985687232576;0.9998356048915918;1.0;1.0019851970902987;0.9999879332511187;0.9998687940311978;1.0;1.0;1.0;1.0004812968828625;0.9999882211627087;0.9999917442044095;1.0;0.9999978511303945;0.9998349678479866;1.0006682379209824;0.9999420865885199;0.999958120264463;0.9999905160199898;0.9999983713621698;1.001882295890933;1.0020269146535434;0.9999471561896636;0.9999924715217363;0.9999975174372571;1.0009048268128444;1.0004246732798543;1.0001832485680322;1.0000635551863972;0.9998430676097245;1.0;0.9997524644516367;0.999949816726416;1.0;0.9999999999999999;1.0018415508594916;0.9998399508166698;0.999951630321258;0.9999760154473467;1.0002616077111752;1.024999976158142;
2016-06-18 19:30:00;0.9999671291447234;0.9999999999999999;0.9999999999999999;0.9999843591855297;0.9997779848019922;0.9999999999999999;1.0019735121792108;0.9999791434374274;0.9998159117584348;1.0;1.0;1.0;1.0004800911073757;0.9999868804928299;0.9999962048799215;1.0;0.999996893630283;0.999777317128326;1.0006644626886787;0.9999193564267828;0.9999496539866829;0.9999782417596783;0.9999976634338085;1.0018711981425472;1.0020150518382946;0.9999311844269115;0.9999836097511466;0.9999972355048234;1.000930264620678;1.0004667417005242;1.0002071987255268;1.0000765550213466;0.9997916692235579;1.0;0.9997785704252095;0.9999569817568185;0.9999999999999999;0.9999999999999999;1.001831191210881;0.9997873743719204;0.999939068276447;0.9999634882360384;1.0002620112813885;1.024999976158142;
2016-06-18 19:45:00;0.9999543247905751;1.0;1.0;0.9999790520719797;0.9996445007221814;1.0;1.002031913934639;0.999964599142886;0.999702660029494;1.0;1.0;1.0;1.000494418070005;0.9999797053673591;0.9999964720259277;1.0;0.9999957430568772;0.9996438132313735;1.000684527449292;0.9998723078384918;0.9999274651736947;0.9999616099103998;0.9999968139392843;1.0019267190226981;1.0020745589571456;0.9998969979960114;0.9999716238038799;0.9999956670611858;1.0009832255623863;1.0005139570398982;1.000236736363658;1.0000944976803197;0.9996675895433658;1.0;0.9997847015573662;0.9999710494209684;1.0;0.9999999999999999;1.0018855470124728;0.999660703278361;0.9999103331977715;0.9999405413630819;1.0002699152938013;1.024999976158142;
2016-06-18 20:00:00;0.999969280546257;1.0;0.9999999999999999;0.9999857018890018;0.9997833961669471;1.0;1.0019275512816643;0.9999800035868218;0.9998212363056934;1.0;1.0;1.0;1.0004691002378077;0.9999862615976485;0.9999946838935928;1.0;0.9999973660319587;0.9997831114278045;1.0006493799261797;0.9999232390518626;0.9999542891501951;0.9999805322308906;0.9999980385016177;1.0018278577443667;1.0019678579386095;0.9999365837614616;0.9999856820263198;0.9999971019845061;1.0009111771004262;1.0004678660166633;1.000206614652144;1.0000784743970113;0.999795655306713;1.0;0.9997961366595208;0.9999626944562997;1.0;1.0;1.0017883445162026;0.9997915678495068;0.9999444366807005;0.9999654202187762;1.00025563390357;1.024999976158142;
2016-06-18 20:15:00;0.999975786208478;1.0;1.0;0.9999872402241174;0.9998823761353779;1.0;1.0019026739271604;0.9999899697894212;0.9999036700801655;1.0;1.0;1.0;1.0004629928442623;0.9999923835368749;0.9999962843177597;0.9999999999999999;0.9999972887075582;0.9998818417311849;1.00064065321923;0.9999546833624833;0.9999653181364205;0.9999911135563034;0.999997963995689;1.0018035578411084;1.001943103292369;0.9999551299160951;0.9999930161468313;0.9999983974322035;1.0009045351600858;1.0004647570536853;1.000204337943101;1.0000742805261145;0.9998886097368884;1.0;0.9997991064964037;0.9999535205937033;1.0;1.0;1.001765488408359;0.9998864044240667;0.9999593405376807;0.9999807538910284;1.0002526729331356;1.024999976158142;
2016-06-18 20:30:00;0.999979269803129;1.0;1.0;0.999989206707709;0.9998841162161988;1.0;1.0019070304055582;0.9999893524721443;0.9999041491722686;1.0;1.0;1.0;1.0004649454425871;0.9999925153809585;0.9999969175597715;1.0;0.9999976416631923;0.9998838835649614;1.0006423544804068;0.9999563671518774;0.9999700509931507;0.9999903680433758;0.9999982453258107;1.0018080037841801;1.001947249330895;0.9999595141809609;0.9999928150942264;0.999998429256502;1.0008801108279577;1.0004278437243248;1.0001853900595095;1.0000661917726064;0.9998903566843499;0.9999999999999999;0.9997766819772108;0.999954641820799;0.9999999999999999;1.0;1.0017694981468248;0.9998882287412868;0.9999641384355221;0.9999808936569714;1.0002538924876592;1.024999976158142;
2016-06-18 20:45:00;0.9999473166722053;1.0;1.0;0.9999761163349303;0.9997199821061408;1.0;1.0020474388152054;0.9999827402286194;0.9997818994291613;1.0;1.0;1.0;1.0004915864235857;0.999977054244023;0.9999793782626025;1.0;0.9999974359054824;0.9997193160628068;1.0006890403959205;0.9999065883600855;0.9999320022964493;0.9999914040655464;0.999998063246108;1.0019410619507878;1.0020905356210958;0.9999164685753604;0.999993074918253;0.9999951516497719;1.0009897401179484;1.0005169665332883;1.000235747197458;1.0000916067726247;0.9997291077482086;0.9999999999999999;0.9997847461670144;0.9999640012855435;1.0;1.0;1.0018981698721863;0.9997239788266403;0.9999229949007078;0.9999633595941889;1.000264289056377;1.024999976158142;
2016-06-18 21:00:00;0.9999380496927179;1.0;1.0;0.9999720703416963;0.9996792735254649;1.0;1.0020253642169583;0.9999808203138151;0.9997508023113288;1.0;0.9999999999999999;1.0;1.0004840407266096;0.9999745336921821;0.9999771327491446;1.0;0.999997062289804;0.9996779443809444;1.0006809735884852;0.9998921793578183;0.9999184989144113;0.9999892593947903;0.9999977413370276;1.0019199534523133;1.0020682276172201;0.9999017882810761;0.9999907955044406;0.9999946172167375;1.000982897797739;1.0005182159977535;1.0002359359954531;1.0000916117554568;0.9996906774579927;1.0;0.9997918189978456;0.999963190000835;1.0;1.0;1.0018775614936426;0.999684631621203;0.9999082937833569;0.9999578289302712;1.0002596237292167;1.024999976158142;
2016-06-18 21:15:00;0.9999411678904271;1.0;1.0;0.999972611870043;0.9997016316259407;1.0;1.002042337229988;0.9999811673980504;0.9997665289330128;1.0;1.0;1.0;1.0004894541403606;0.9999766651091055;0.9999799674026485;1.0;0.9999965487154221;0.9997004525193414;1.0006868939417815;0.9998974744709251;0.999922020203673;0.9999888448964516;0.9999973732994539;1.0019356885709052;1.002085856225358;0.9999048213048856;0.9999906650459482;0.9999950678471383;1.0009226185111395;1.0004546855764245;1.0001796494278432;1.0000556888974077;0.9997126294696153;0.9999999999999999;0.9997846680016613;0.9999301713346058;1.0;0.9999999999999999;1.0018936336912527;0.9997070517853935;0.9999116802263025;0.999959514498281;1.0002632623598684;1.024999976158142;
2016-06-18 21:30:00;0.9999383820236948;1.0;1.0;0.9999717051909611;0.9996765702509287;0.9999999999999999;1.0020377785808883;0.9999794872092959;0.9997470161691491;0.9999999999999999;0.9999999999999999;1.0;1.0004879152425812;0.9999741508572364;0.9999775804184018;1.0;0.9999966751850488;0.9996756177015412;1.000685665240406;0.9998904527058523;0.9999192857400098;0.999988540778398;0.9999974824025231;1.0019315137998497;1.0020810221175398;0.9999007126963908;0.9999906961678123;0.9999945138370805;1.0009903326497307;1.0005271553848134;1.000243018512165;1.0000995741559564;0.999687919362001;0.9999999999999999;0.9997940362353647;0.9999775421013801;0.9999999999999999;1.0;1.0018891769572948;0.9996819448798587;0.9999083812232943;0.9999566732689799;1.0002618513469623;1.024999976158142;
2016-06-18 21:45:00;0.9999439822718379;1.0;1.0;0.9999743927973138;0.9997070126270965;1.0;1.0020026126032016;0.9999819011455872;0.9997716075199826;0.9999999999999999;1.0;1.0;1.0004800686239843;0.9999763144653255;0.9999789180637401;1.0;0.999997108717843;0.9997061627282474;1.0006737856979449;0.9999014309538629;0.9999271219965834;0.9999905397771665;0.9999978091754623;1.0018983463148436;1.0020449705221814;0.9999107397705932;0.9999922497588241;0.9999949999405869;1.0009563365762348;1.0004913233722612;1.000219332288126;1.0000815973451658;0.9997168973798195;1.0;0.9997846543753792;0.9999550798521013;1.0;1.0;1.0018565828673904;0.9997114989976901;0.9999175022964829;0.9999613088874688;1.0002578750968734;1.024999976158142;
2016-06-18 22:00:00;0.9999689124492788;1.0;1.0;0.9999850340855212;0.9998398479497981;0.9999999999999999;1.0018971563595358;0.9999885939530159;0.9998726369826809;0.9999999999999999;1.0;1.0;1.0004596198305116;0.9999882716105198;0.999991331271792;1.0;0.999997687254155;0.9998392109034893;1.0006386240398932;0.9999431740317493;0.999957523389919;0.9999916649993447;0.9999982505674142;1.0017986110764616;1.0019371990882373;0.9999468160005963;0.9999932982030484;0.9999975333437985;1.0008523267408407;1.0004178682512956;1.000171684420513;1.0000630627737108;0.9998467313496885;1.0;0.9997935095300294;0.9999626503849002;1.0;1.0;1.0017598557007574;0.9998437245476268;0.9999511746051408;0.9999768107135465;1.0002496452505367;1.024999976158142;
2016-06-18 22:15:00;0.9999748245347778;1.0;0.9999999999999999;0.999987513422346;0.9998704630962333;1.0;1.0018327826623492;0.9999898545818853;0.9998954604727701;1.0;1.0;1.0;1.0004452755418458;0.9999913080968966;0.999994808428953;1.0;0.9999977505092693;0.9998698244385129;1.0006170434941977;0.9999523633675106;0.9999642753217367;0.9999911983414838;0.9999982970846846;1.0017376077904354;1.0018714894126597;0.999954654715494;0.9999929611706436;0.9999981716777117;1.0008888182557145;1.0004721956329075;1.0002144500925432;1.0000845462515222;0.9998770103896576;1.0;0.9998160716165364;0.999970022215714;1.0;0.9999999999999999;1.0017004678118737;0.9998745327325924;0.9999585167939157;0.9999800103932254;1.00024262392792;1.024999976158142;
2016-06-18 22:30:00;0.9999753556727056;1.0;1.0;0.9999877836958418;0.9998723750011622;1.0;1.0018091862231568;0.9999895949585521;0.9998962262338151;1.0;0.9999999999999999;0.9999999999999999;1.0004396643907296;0.9999922603692168;0.999996373580492;1.0;0.9999976944489604;0.9998714867081274;1.0006088851352306;0.9999521182107199;0.9999636024183981;0.9999895426137106;0.9999982382580495;1.0017152591020397;1.0018474360986558;0.9999540432565244;0.9999914932424774;0.9999983734695089;1.0008913300497342;1.0004889531919174;1.000218575630786;1.0000822117943498;0.9998798437926543;0.9999999999999999;0.9998365311638262;0.9999573154892969;1.0;1.0;1.0016787407318508;0.9998773048995904;0.9999576688244386;0.999979530173662;1.0002399264934951;1.024999976158142;
2016-06-18 22:45:00;0.9999736500964926;1.0;1.0;0.9999870262625687;0.999863926768913;1.0;1.001790833380765;0.9999887974522605;0.9998890915793339;1.0;0.9999999999999999;0.9999999999999999;1.000434879157526;0.9999923337867914;0.9999970638569861;1.0;0.9999975324226378;0.999862736735931;1.0006024835198521;0.9999483886562986;0.9999600625775351;0.9999877064534965;0.9999980976674684;1.0016978197273003;1.0018287863865318;0.9999500848812828;0.9999898374792383;0.9999983860198774;1.0008968990530658;1.00050328675933;1.0002337161284978;1.000096598789436;0.9998726238908868;1.0;0.9998432925484951;0.9999803758409178;1.0;1.0;1.001661828272105;0.9998698285820234;0.999953648025892;0.9999777509790646;1.0002374722419656;1.024999976158142;
2016-06-18 23:00:00;0.9999622626814577;1.0;1.0;0.9999814212473218;0.999812821257752;1.0;1.0018486539799567;0.9999847757016546;0.9998474326934336;1.0;0.9999999999999999;1.0;1.0004471130706676;0.9999902557334034;0.9999970002555982;1.0;0.9999964459544992;0.9998107244709793;1.0006211947133825;0.9999277497323907;0.9999416319430845;0.9999819152122453;0.9999972332227731;1.0017521497078878;1.0018883668917762;0.9999283871552402;0.9999846650020052;0.9999979392319892;1.000915408955814;1.0004985302519942;1.0002271343147606;1.0000869286472656;0.9998257353808713;1.0;0.9998247939797902;0.999960142101583;1.0;1.0;1.0017156659597997;0.9998217550963575;0.999932681734828;0.9999688616418443;1.0002441529860728;1.024999976158142;
2016-06-18 23:15:00;0.9999740541680756;1.0;1.0;0.9999876872964263;0.999878478446906;1.0;1.0018067570319582;0.9999911098864104;0.9999022824874553;1.0;1.0;1.0;1.000437838149129;0.999994280121547;0.9999981997436843;1.0;0.9999979104132207;0.9998765345089;1.0006071069540121;0.9999530405617039;0.9999590474079025;0.999987963435337;0.9999983234235075;1.0017131299998692;1.0018450018513492;0.9999521046312279;0.9999891851920392;0.9999987918146769;1.0008924278062197;1.00048279402445;1.0002270173686179;1.0000948283549387;0.9998875984068072;0.9999999999999999;0.9998205847810898;0.9999841532233386;1.0;1.0;1.0016767345386695;0.9998848272913122;0.9999536462332597;0.9999800863417546;1.0002393626315031;1.024999976158142;
2016-06-18 23:30:00;0.9999754068132363;1.0;1.0;0.9999885739028823;0.9998796779953067;1.0;1.0018070322744412;0.999990931867222;0.9999028268097222;1.0;1.0;0.9999999999999999;1.000438118821898;0.9999948282961912;0.9999991190803548;0.9999999999999999;0.9999980885772765;0.9998776360775378;1.0006070785085441;0.9999535489493853;0.9999600768249707;0.9999868908953847;0.9999984478805255;1.001713570642804;1.0018451600301155;0.9999533611357946;0.9999883050469539;0.9999989094475268;1.000861281450499;1.000454409595644;1.0002011288336978;1.0000788690490054;0.9998893465286708;1.0;0.9998213618073292;0.999970587778052;1.0;0.9999999999999999;1.00167704596573;0.9998865374072196;0.9999547173488277;0.9999799730379993;1.000239735615603;1.024999976158142;
2016-06-18 23:45:00;0.9999748075049788;0.9999999999999999;1.0;0.9999886501805682;0.9998757840964386;1.0;1.0017849686421856;0.9999913112436521;0.9999007940469143;0.9999999999999999;1.0;1.0;1.0004323029425666;0.9999942293939498;0.9999979706864417;1.0;0.9999983542412161;0.9998737055249058;1.0005995585272796;0.9999532914553253;0.9999597592395462;0.9999876848685825;0.999998641132955;1.0016928073511497;1.0018225030761367;0.9999536706764841;0.9999888353677261;0.9999987870170002;1.0008485399554756;1.0004529743207342;1.0002010704751343;1.0000828833115396;0.9998852386143204;1.0;0.9998298892810517;0.9999825708770641;1.0;1.0;1.0016564243150508;0.9998823454416153;0.9999547092023677;0.999980179934482;1.000236281863345;1.024999976158142;
2016-06-19 00:00:00;0.9999760842654168;1.0;0.9999999999999999;0.9999890300373789;0.9998772905571854;1.0;1.0017907298392528;0.9999910234283731;0.9999015968038999;1.0;1.0;0.9999999999999999;1.0004343052309264;0.9999935651641111;0.9999972167319541;1.0;0.9999983249756945;0.99987570523634;1.000601948257425;0.9999544573673168;0.9999628719158092;0.9999888130926192;0.9999986541497417;1.001698212533918;1.001828342236799;0.9999559538716558;0.9999901945603367;0.9999986493617247;1.0008498094603262;1.0004506347667133;1.0002006185133743;1.000082806180013;0.9998857348933671;1.0;0.9998256324968158;0.9999830526279728;1.0;0.9999999999999999;1.001661662103245;0.9998830292769008;0.999957786178961;0.9999806385287422;1.0002371955049814;1.024999976158142;
2016-06-19 00:15:00;0.9999837847441657;1.0;1.0;0.9999918979533109;0.9999079734300389;1.0;1.0017367088205098;0.9999917630239085;0.9999241312313044;1.0;1.0;0.9999999999999999;1.000423547710717;0.9999946182459892;0.9999981997436843;0.9999999999999999;0.9999983345817393;0.9999074880026103;1.0005848260334163;0.9999654181827002;0.9999755579130801;0.9999914518463807;0.9999987383603711;1.0016468867950563;1.0017731112159531;0.9999679603131477;0.9999933140677066;0.9999988742133078;1.00082787047949;1.0004358335199308;1.0001969302232074;1.0000815134154557;0.9999136334114698;1.0;0.9998241198718887;0.9999838412695619;1.0;0.9999999999999999;1.0016115520006865;0.9999118280258587;0.9999710287866634;0.9999847598866167;1.0002315410467386;1.024999976158142;
2016-06-19 00:30:00;0.9999781409129326;0.9999999999999999;1.0;0.999989799413758;0.9998951431483953;1.0;1.0017522827761043;0.9999924445234004;0.9999158952310917;1.0;1.0;1.0;1.000425182093001;0.9999949862680246;0.9999982410917867;1.0;0.9999983538292898;0.9998934933502812;1.000588985054976;0.9999600086338218;0.9999655155507962;0.9999897912035212;0.9999986708985255;1.0016616987173654;1.00178916074578;0.999959762294866;0.9999908265868314;0.9999989466688723;1.000851873524699;1.0004528811976992;1.000210490667757;1.0000878335992687;0.999902920400411;1.0;0.9998205096036825;0.9999848226078191;1.0;1.0;1.0016261091254204;0.9999005292307087;0.9999610082010797;0.9999830522315567;1.0002324453782285;1.024999976158142;
2016-06-19 00:45:00;0.9999835951103677;0.9999999999999999;1.0;0.9999925925847835;0.9999163189521494;1.0;1.0017060856243845;0.9999938329718948;0.9999327103578335;1.0;1.0;0.9999999999999999;1.0004148547912095;0.9999962372433757;0.9999990363840713;1.0;0.9999988691022887;0.9999149633024103;1.0005736689927769;0.9999684241410822;0.9999734667579587;0.9999912127700058;0.9999990713396342;1.0016181892024911;1.0017417173758167;0.9999690589842822;0.9999921758032096;0.9999992124115767;1.000848355651072;1.0004694099125901;1.0002208524611034;1.0000943917084892;0.9999228530475393;1.0;0.9998416154159829;0.9999906278218792;1.0;1.0;1.001583229712793;0.999920908438053;0.9999699372010181;0.9999864062519087;1.0002269827105208;1.024999976158142;
2016-06-19 01:00:00;0.9999858718962259;1.0;0.9999999999999999;0.9999932781585781;0.9999232575035679;1.0;1.0016874116714378;0.9999937681123833;0.9999376305078446;1.0;1.0;1.0;1.0004112516210297;0.9999957419497323;0.9999983651243832;1.0;0.9999988107914384;0.9999225606773714;1.000568011798933;0.9999714316932847;0.9999783527607276;0.9999929328220173;0.9999990745557981;1.0016003778483888;1.0017226264075718;0.999973066223218;0.999994144530998;0.9999991100634052;1.000847768634587;1.0004790728228083;1.0002248717211937;1.000095916413557;0.9999282631415808;1.0;0.9998540576695096;0.9999897733414753;1.0;1.0;1.0015658002397714;0.999926661097455;0.9999748997828248;0.9999876223332711;1.0002248501614923;1.024999976158142;
2016-06-19 01:15:00;0.9999740872216846;1.0;0.9999999999999999;0.9999883768959328;0.9998743092940593;1.0;1.0017244944479327;0.9999920445963703;0.9999010816353593;1.0;1.0;1.0;1.0004171800101143;0.9999928662643085;0.9999954634314788;1.0;0.9999985278142477;0.9998725584259742;1.000579538043647;0.9999543494412253;0.9999609303496801;0.9999904940895056;0.9999987920530784;1.001635445436151;1.0017607006836315;0.9999551573991885;0.9999912195198427;0.9999984999589374;1.0008976641551635;1.000529183983051;1.0002546786017843;1.0001112990365164;0.999882271671868;1.0;0.9998677007430957;0.9999963468047232;1.0;1.0;1.0016000652957684;0.999879481051462;0.9999563252298008;0.999981299111204;1.0002274033876106;1.024999976158142;
2016-06-19 01:30:00;0.9999891062323295;1.0;1.0;0.9999939014444296;0.9999541847428388;0.9999999999999999;1.001625511638561;0.9999958387054596;0.9999619131439985;1.0;1.0;1.0;1.0003970590752265;0.9999974154040931;0.9999992844611544;1.0;0.9999985274557622;0.9999538294905211;1.0005475666565917;0.9999808581636107;0.9999839040469739;0.9999958501131372;0.9999988896576816;1.0015413053045326;1.0016597008709114;0.9999794028971061;0.9999966222083722;0.999999459536658;1.0008715505520918;1.000538042333281;1.000260040513402;1.0001146469076518;0.9999570287479461;1.0;0.9998998587035228;0.9999991616312607;1.0;1.0;1.00150849623656;0.9999561451593304;0.9999811646651205;0.9999918275412231;1.00021730112588;1.024999976158142;
2016-06-19 01:45:00;0.9999852194119283;1.0;1.0;0.9999931149132905;0.9999299504299001;1.0;1.0016290126077572;0.9999950178125913;0.9999438668997261;0.9999999999999999;1.0;0.9999999999999999;1.000396341492516;0.9999967465397602;0.9999989091058545;1.0;0.999998894387205;0.9999287878103903;1.000547916085939;0.999973189224086;0.9999765667914642;0.9999930839069376;0.9999991035137046;1.0015450091689793;1.0016630829834743;0.999972829921838;0.9999937360474886;0.9999993210769218;1.000875285552801;1.0005408810538736;1.0002615595483142;1.0001148768562678;0.9999352489957952;1.0;0.9998999785269639;0.9999978376715547;1.0;1.0;1.0015117013796395;0.9999336333039134;0.9999735639560178;0.9999886544661627;1.000216818459251;1.024999976158142;
2016-06-19 02:00:00;0.9999830074507903;1.0;1.0;0.9999923084571458;0.999930628182012;1.0;1.0016546364749075;0.9999961655598324;0.9999458353005647;1.0;1.0;1.0;1.0004014900779008;0.9999972496962369;0.9999988041559068;1.0;0.9999989666510868;0.9999288986908716;1.0005559920783325;0.9999730238602635;0.9999727283292402;0.9999932705096038;0.9999991170304456;1.0015693207997216;1.0016893197856467;0.9999705632583159;0.9999932407714089;0.9999994243702882;1.0008621824501105;1.0005119690993498;1.0002463471776706;1.0001088986799826;0.9999364146655122;1.0;0.9998774021018716;1.0000001649113353;1.0;0.9999999999999999;1.0015355109997635;0.9999346496465072;0.9999701017264117;0.9999890689156116;1.0002196117558513;1.024999976158142;
2016-06-19 02:15:00;0.99998264153605;0.9999999999999999;1.0;0.9999923373061184;0.9999261250551353;0.9999999999999999;1.0016287365787917;0.9999962103314906;0.9999429426217187;1.0;1.0;0.9999999999999999;1.000394966121952;0.9999963956067325;0.9999975317300981;1.0;0.9999991393867517;0.999924538064833;1.0005473756741048;0.9999725464161233;0.9999731120270651;0.9999941845374605;0.9999992543466996;1.0015448442819124;1.001662774167147;0.9999710037023171;0.9999940563761732;0.9999992473490621;1.0008698158171658;1.0005353865264934;1.000258615569222;1.0001145911064455;0.999931469053667;0.9999999999999999;0.9998982869747772;1.0000008838790346;1.0;1.0;1.0015113254710213;0.9999296682151139;0.9999706357051947;0.9999891070366859;1.0002157368807711;1.024999976158142;
2016-06-19 02:30:00;0.999978607219296;1.0;1.0;0.9999897767443066;0.9999174667041911;1.0;1.0016383225127972;0.9999956082607072;0.9999359271155792;1.0;1.0;1.0;1.0003968423811809;0.9999955824850729;0.9999967967844087;0.9999999999999999;0.9999984856042022;0.9999158506724833;1.000550633685834;0.9999681097295086;0.9999679792919891;0.9999943370498381;0.9999987703998062;1.001553453040929;1.0016729530944315;0.9999646312529186;0.9999941337821027;0.9999990751377773;1.0009016792008043;1.0005743727005687;1.0002782731834743;1.0001215098123584;0.9999228811533607;1.0;0.9999172367397018;0.9999955108964518;1.0;1.0;1.001520247220017;0.9999209686296413;0.9999648058729786;0.9999875592123385;1.0002165886110057;1.024999976158142;
2016-06-19 02:45:00;0.9999694015570348;1.0;1.0;0.9999861463156248;0.9998753419671492;1.0;1.0016653772409696;0.9999937490972397;0.9999038696665467;1.0;1.0;1.0;1.0004009704745407;0.9999936465681247;0.9999953492245152;1.0;0.9999983103049229;0.9998727057014772;1.0005587773218088;0.9999531847612195;0.9999533256925944;0.9999909135252891;0.9999985696372751;1.0015791356336559;1.0017006969021975;0.9999495247227995;0.9999905381825838;0.9999986663940773;1.0009440273289583;1.000622985534536;1.0003030086418456;1.0001320449517446;0.9998839856462313;1.0;0.9999384331640868;0.9999942948064467;1.0;1.0;1.0015453050011796;0.9998809905648671;0.999949048349195;0.9999816604465664;1.0002185029409185;1.024999976158142;
2016-06-19 03:00:00;0.9999756277082777;1.0;0.9999999999999999;0.9999885176419306;0.9999048347620916;1.0;1.0016385187203247;0.999995259617524;0.9999267177872532;1.0;0.9999999999999999;1.0;1.0003961200839055;0.9999944773868518;0.9999954509283735;1.0;0.9999984388035595;0.9999030869680804;1.0005505769551006;0.9999640996354772;0.9999641934082042;0.9999944238362237;0.999998726661224;1.0015536040311022;1.001673189593272;0.9999606551828781;0.999994049715646;0.9999988424970382;1.0009444026403012;1.0006396605537782;1.0003100020899094;1.0001349969589142;0.9999105670563475;1.0;0.9999587305361841;0.9999938490135777;1.0;1.0;1.001520323314729;0.999908397305763;0.9999608052735549;0.9999862188134075;1.0002158725288384;1.024999976158142;
2016-06-19 03:15:00;0.9999785885200709;1.0;0.9999999999999999;0.9999904045654908;0.9999065170605113;1.0;1.0016225907284517;0.9999952087451601;0.9999280384650516;1.0;1.0;1.0;1.0003927364030232;0.9999943383909234;0.999995282291309;1.0;0.9999989370993901;0.9999050220613847;1.0005454115938726;0.9999663278195806;0.9999686388283511;0.999994582665827;0.9999991116866416;1.0015388662111484;1.0016565852882582;0.9999653928888015;0.9999944446505081;0.9999988158206904;1.0009374140377763;1.0006392895175313;1.0003100345186127;1.0001363072116705;0.999911931768994;1.0;0.9999640977870465;0.9999977470414382;1.0;1.0;1.0015054373277754;0.9999098295453948;0.9999656215431327;0.9999869050277514;1.000213979838367;1.024999976158142;
2016-06-19 03:30:00;0.9999741523527473;0.9999999999999999;1.0;0.9999881986331637;0.9998978672006649;1.0;1.0016538204533016;0.9999950979152356;0.9999215510420568;1.0;1.0;1.0;1.0003992121544687;0.9999946775838732;0.9999958611127054;1.0;0.9999985451447199;0.9998956735855947;1.0005553235281002;0.9999615068325532;0.999960900273679;0.9999929853156597;0.9999987737833393;1.0015682505430386;1.0016887743328995;0.9999578937065008;0.9999925199107449;0.9999988817346498;1.0009535541681274;1.0006452862658346;1.0003131543468833;1.0001364505173413;0.9999047970121556;0.9999999999999999;0.999957381805835;0.9999940359695711;1.0;1.0;1.001534584840061;0.9999023443788214;0.9999574255150707;0.9999850969451055;1.000217663124635;1.024999976158142;
2016-06-19 03:45:00;0.9999709640464446;1.0;1.0;0.999986978311734;0.999870081527676;0.9999999999999999;1.0016735999485462;0.9999932326446795;0.9998999637871953;0.9999999999999999;1.0;1.0;1.0004036197810813;0.9999915986821936;0.9999927592240289;1.0;0.9999985866066593;0.9998682924178957;1.0005623173008273;0.9999538616129666;0.9999583093759227;0.9999932783814985;0.9999988327055566;1.001587069905935;1.0017088161273304;0.9999534558081383;0.9999931794840773;0.999998236950952;1.0009523720415527;1.0006352763141797;1.0003081093643178;1.000134829758488;0.9998769718525322;1.0;0.9999465585502683;0.9999958742115335;1.0;1.0;1.0015525930664404;0.9998741418761973;0.9999541706895749;0.9999821104883545;1.0002193357558768;1.024999976158142;
2016-06-19 04:00:00;0.999977087022313;1.0;1.0;0.9999896949911794;0.99988945313664;1.0;1.0016391143187395;0.9999935546640621;0.9999139982455157;1.0;1.0;1.0;1.0003968832524384;0.9999925983374318;0.9999939652813291;1.0;0.9999988233257278;0.999888289000414;1.000551269321915;0.9999611828237562;0.9999674437704967;0.9999941143217881;0.9999990510221431;1.0015545136303892;1.0016734045488886;0.9999624258915403;0.9999944750975782;0.9999984526737485;1.0009392072799232;1.0006315566171613;1.0003063623553443;1.0001337753771298;0.9998950260223637;1.0;0.9999533048965458;0.9999950157740953;1.0;1.0;1.0015206168999746;0.9998927147571021;0.9999637428788023;0.999984623230825;1.0002159358949367;1.024999976158142;
2016-06-19 04:15:00;0.9999705910323015;1.0;1.0;0.9999864086277614;0.999883930459359;1.0;1.0016593917469365;0.999994481462083;0.9999110289469102;1.0;1.0;0.9999999999999999;1.0003998930492028;0.9999933166613971;0.9999943406332126;1.0;0.9999982994012268;0.9998817138360477;1.0005571732211667;0.9999567027203635;0.9999566386891224;0.9999932374391286;0.9999985910270933;1.0015733498752966;1.0016946003824638;0.9999528554579673;0.9999926755654626;0.9999985957481283;1.0009539351925316;1.0006416493054902;1.0003121484514144;1.0001362593029914;0.999891004337037;1.0;0.9999522264005435;0.9999947942816222;1.0;0.9999999999999999;1.001539642904081;0.9998883211214853;0.9999527227470038;0.9999834447180461;1.0002176728992525;1.024999976158142;
2016-06-19 04:30:00;0.9999668873369661;1.0;1.0;0.9999848535796891;0.9998728638421145;0.9999999999999999;1.0016648791414065;0.9999942808620221;0.9999028631589221;1.0;0.9999999999999999;1.0;1.0004001153324196;0.9999933129791931;0.9999944836725171;1.0;0.9999981600935854;0.9998700329820525;1.0005584551322517;0.9999519994499448;0.9999501542166966;0.9999917432769916;0.9999984452676043;1.0015785023767594;1.001700343804376;0.9999467588456155;0.9999909187131378;0.9999985925816186;1.0009548030659146;1.0006429344015546;1.0003125245024507;1.000137420531494;0.999881384193591;1.0;0.9999531545571779;0.9999977918576126;1.0;1.0;1.001544814702384;0.9998783151619804;0.999945932354091;0.9999816542859676;1.0002178286793157;1.024999976158142;
2016-06-19 04:45:00;0.9999687896936678;1.0;1.0;0.9999857359423469;0.9998771598673081;1.0;1.0016600156102726;0.9999944925274072;0.9999063585199488;1.0;1.0;1.0;1.0003994459374368;0.999992818762827;0.9999936089378558;1.0;0.9999983321252308;0.9998747748230221;1.0005571873671362;0.9999546096646708;0.9999541582607462;0.9999932723649436;0.9999986033371677;1.0015739577848695;1.00169524235511;0.9999506045019907;0.9999925135900966;0.9999984927904416;1.0009476110234592;1.0006346177196974;1.0003071536142183;1.0001336960573062;0.9998845118034132;1.0;0.999950262169122;0.9999937257982343;1.0;0.9999999999999999;1.001540153828265;0.9998816593683686;0.9999502252514196;0.9999828138737163;1.0002172535583829;1.024999976158142;
2016-06-19 05:00:00;0.9999758135974586;1.0;1.0;0.9999893343211526;0.999890722464423;1.0;1.001643320347652;0.9999945651105508;0.9999162873517995;1.0;1.0;1.0;1.0003971089980952;0.99999282148191;0.9999935518386228;1.0;0.9999989653598331;0.9998892151616796;1.0005523263287972;0.9999617385221014;0.9999654486795939;0.9999947171229366;0.9999991316531143;1.0015585518892693;1.0016777068295963;0.9999617318467411;0.9999945275425479;0.9999984992786947;1.0009466816217185;1.0006390199461013;1.0003083989329804;1.0001319160552293;0.9998963735326026;1.0;0.9999569025025039;0.9999867006958839;1.0;1.0;1.0015244923700077;0.9998939886767112;0.9999621651337791;0.9999852831407582;1.000215960328418;1.024999976158142;
2016-06-19 05:15:00;0.9999746316466543;1.0;1.0;0.9999883915252047;0.9998917786723459;1.0;1.0016519019302126;0.9999944540661716;0.9999166913730383;1.0;1.0;1.0;1.0003991506680312;0.999993180808357;0.9999941562460428;1.0;0.9999986133645861;0.9998901519186211;1.0005551433536364;0.9999608173830788;0.9999633853030148;0.9999942850726357;0.9999988638180721;1.0015664489462652;1.0016866912865583;0.9999593037619199;0.9999940841971426;0.9999985728369386;1.0009406014819389;1.0006274477872779;1.0003005728109835;1.0001270283023918;0.999897691327217;1.0;0.9999497519823626;0.9999824051677768;1.0;1.0;1.001532570963291;0.9998953091356597;0.9999598037261564;0.9999848836650612;1.0002172223644181;1.024999976158142;
2016-06-19 05:30:00;0.999970259246046;0.9999999999999999;1.0;0.999986218927672;0.9998824272878871;1.0;1.001657952674575;0.9999943485655172;0.9999097865412248;1.0;1.0;1.0;1.0003995062857671;0.9999932106602183;0.9999942835346121;1.0;0.999998253895887;0.9998802106679082;1.0005566840917253;0.9999561070461817;0.9999561864202046;0.9999931467128564;0.9999985574846465;1.0015719553988014;1.0016931546099193;0.9999522437927089;0.9999926103524134;0.9999985741386329;1.0009449024468668;1.0006323144125122;1.000305732370894;1.000133129530868;0.9998895626693006;1.0;0.9999500224932376;0.9999939092864852;0.9999999999999999;1.0;1.0015383052416706;0.9998868551390525;0.9999521842510563;0.9999831957626681;1.000217447165614;1.024999976158142;
2016-06-19 05:45:00;0.9999696650857253;0.9999999999999999;1.0;0.9999858479860839;0.999889526855246;1.0;1.0016534493737905;0.9999951394931308;0.9999156035320909;0.9999999999999999;0.9999999999999999;1.0;1.0003980317063175;0.9999944566841692;0.9999955146042425;1.0;0.9999981344158558;0.9998868690773793;1.0005547835088573;0.9999572653769446;0.9999541207269438;0.9999925861692415;0.9999984384807585;1.0015675955723315;1.0016887152581824;0.9999511505331258;0.9999917173804244;0.9999988333556415;1.0009494024543641;1.0006423293793534;1.0003110300516747;1.0001363313242428;0.9998972146815228;1.0;0.9999578470474665;0.9999965000191181;1.0;1.0;1.0015343023728145;0.999894507092103;0.9999502758030706;0.9999837450244047;1.0002169342009568;1.024999976158142;
2016-06-19 06:00:00;0.9999752313802671;1.0;1.0;0.9999890147979839;0.9999066579223572;1.0;1.0016301877988105;0.9999961899645284;0.9999290968169642;1.0;1.0;1.0;1.0003931722384707;0.9999959013297769;0.9999968348755767;0.9999999999999999;0.9999988063577848;0.9999040980788717;1.0005469910218376;0.9999644311886632;0.9999613529568556;0.9999927748657587;0.9999989406475257;1.001546009226876;1.001664578687124;0.9999598995472475;0.9999919620218902;0.9999991400702573;1.0009348311436264;1.0006289834985505;1.000304030970463;1.000131451336041;0.9999139103627273;1.0;0.99995468445932;0.9999911147231636;1.0;1.0;1.0015127411932978;0.9999114895995361;0.9999584141236446;0.9999863587245243;1.0002145889747336;1.024999976158142;
2016-06-19 06:15:00;0.9999781649832667;1.0;1.0;0.9999900002779606;0.999924608713522;1.0;1.0016100124669587;0.999996875518877;0.9999423983375327;1.0;1.0;1.0;1.0003890728138927;0.9999974880478756;0.9999986355295073;1.0;0.9999986871502957;0.9999221315901199;1.0005403271170137;0.9999695405015162;0.999964932794588;0.999992871693879;0.9999988585828751;1.0015267734385527;1.0016440745989936;0.9999637905268547;0.9999921236792817;0.9999994715157097;1.0009260109705211;1.0006262422966363;1.000305624602769;1.0001358800146596;0.9999314098531595;1.0;0.9999569776732508;1.000002336763964;1.0;1.0;1.0014942109197702;0.9999293405138586;0.999962232788025;0.999988199526361;1.0002127746875462;1.024999976158142;
2016-06-19 06:30:00;0.9999799844613997;1.0;0.9999999999999999;0.9999908524194523;0.9999326376413237;0.9999999999999999;1.0016208370755364;0.9999974001723508;0.9999487620071372;0.9999999999999999;1.0;1.0;1.0003920676044078;0.9999978841315282;0.9999988264096236;1.0;0.9999988190866568;0.9999303014561136;1.0005440778100463;0.999972618732352;0.9999677557689701;0.9999935836851777;0.9999989657181169;1.0015371008438114;1.001655052499321;0.9999670013035482;0.9999927923384372;0.9999995551788949;1.0009429533835177;1.0006435923047592;1.0003186665676906;1.0001452460384437;0.9999388586144736;1.0;0.99996021579051;1.0000132381400546;1.0;1.0;1.0015042414942132;0.9999369751082148;0.9999653847523579;0.9999894683968624;1.000214459421924;1.024999976158142;
2016-06-19 06:45:00;0.9999790046726725;1.0;1.0;0.9999897865902834;0.999931365036566;1.0;1.0016303947231766;0.9999968967954241;0.9999471623655337;1.0;1.0;1.0;1.0003947143524736;0.9999972540199561;0.9999982824282179;1.0;0.9999983886233745;0.9999293536848682;1.000547631743594;0.9999715339880945;0.9999674103853734;0.9999943099080281;0.999998671196459;1.0015458322825614;1.0016650246894045;0.9999653721212657;0.9999936753688304;0.9999994228462123;1.0009384103372374;1.0006343462712655;1.000313152034679;1.0001429216183875;0.9999369385112936;0.9999999999999999;0.9999537395801623;1.0000135964806864;1.0;1.0;1.0015130910493688;0.9999351676185256;0.9999646157185342;0.9999890875207572;1.0002157784288714;1.024999976158142;
2016-06-19 07:00:00;0.9999771538544439;1.0;1.0;0.999989407982955;0.9999153884335836;1.0;1.0016248738735425;0.9999958030731533;0.9999344927269292;1.0;1.0;1.0;1.000392813962838;0.999996717927684;0.9999983014361348;1.0;0.9999985132038937;0.9999130538524927;1.0005454684049855;0.9999663001813697;0.9999637308838804;0.99999221195151;0.9999987403588495;1.0015407894773414;1.0016592819608168;0.9999614129723738;0.9999918074215666;0.9999993106206954;1.0009166756449308;1.0006137998871543;1.0002970852319377;1.0001337000839556;0.9999224771595233;1.0;0.9999517612210571;1.0000071711375942;1.0;1.0;1.0015079706907404;0.9999202857202535;0.9999605128799722;0.9999866842250437;1.000214742557029;1.024999976158142;
2016-06-19 07:15:00;0.9999736931390631;1.0;1.0;0.9999882098273433;0.9998749128819872;1.0;1.00164334209109;0.9999916234631184;0.9999005418636271;1.0;0.9999999999999999;1.0;1.0003972622768251;0.9999944840251771;0.9999981138019715;1.0;0.999998342973277;0.9998725569208681;1.0005517445269272;0.9999526406533704;0.9999576790406891;0.9999874078004555;0.9999986133754768;1.0015584672923792;1.0016780021124394;0.9999521172314139;0.9999883280119939;0.9999988385113255;1.0009154578476118;1.000615855167188;1.0002930095671745;1.0001321997088313;0.9998847813636889;0.9999999999999999;0.9999585969258024;1.0000080578903303;1.0;1.0;1.0015250971926832;0.9998817905656686;0.9999526814988611;0.9999800471549029;1.0002171337830543;1.024999976158142;
2016-06-19 07:30:00;0.9999730240965877;1.0;1.0;0.9999879875938611;0.9999064586248197;1.0;1.0016233304326425;0.9999962623357644;0.9999286070422122;1.0;1.0;1.0;1.0003907556416487;0.9999976421451087;0.9999993067897761;0.9999999999999999;0.9999985411074394;0.9999030089033868;1.0005438943054548;0.9999619607043658;0.9999552899904045;0.9999898466304771;0.999998682730045;1.0015394120592158;1.0016578253366746;0.9999546485166197;0.9999888678609591;0.9999995024266878;1.000897277515925;1.0006010596236066;1.0002851341908274;1.0001295602367737;0.9999158472773787;1.0;0.9999569025025039;1.0000106122353754;0.9999999999999999;1.0;1.0015067146658492;0.9999131397762666;0.9999520449189776;0.9999850890088777;1.000213857041881;1.024999976158142;
2016-06-19 07:45:00;0.9999688597876192;1.0;1.0;0.9999858356758571;0.9998880555872705;1.0;1.0016591796488612;0.9999948277032622;0.9999136856756272;1.0;1.0;1.0;1.0003989027571718;0.9999965584158018;0.9999987850731638;1.0;0.9999981114633053;0.9998844283434195;1.000555813547335;0.9999547268023976;0.9999491575748802;0.9999883931424335;0.9999983535821247;1.0015731761990743;1.001694634031203;0.9999471251540921;0.9999876252152187;0.9999992738134603;1.0008954032311335;1.0005860914230065;1.000273622294042;1.0001224875354469;0.9998985396685542;1.0;0.9999434853657264;1.0000046854738793;1.0;1.0;1.0015399880625562;0.9998954610940702;0.999945008499388;0.999982071525115;1.0002181922768767;1.024999976158142;
2016-06-19 08:00:00;0.9999703814581118;1.0;1.0;0.999986614467998;0.9999029446417446;1.0;1.0016406981786588;0.9999967292913243;0.999926801414707;0.9999999999999999;1.0;1.0;1.0003942584630334;0.9999971236989394;0.9999982187516743;1.0;0.999998380681178;0.9998993508843814;1.0005496056792753;0.9999605303114605;0.9999521437975831;0.9999908354956369;0.9999985543762561;1.0015557082362323;1.001675709252638;0.9999517741869824;0.9999894190950929;0.9999993919957236;1.0008928114787585;1.0005836510594552;1.0002762820023383;1.0001244706014492;0.9999121072510495;1.0;0.9999401721414366;1.0000070721707657;1.0;1.0;1.0015227691516897;0.99990932660831;0.9999489247545392;0.9999850119466452;1.0002155147540681;1.024999976158142;
2016-06-19 08:15:00;0.9999711741625468;1.0;1.0;0.9999868088817583;0.9998942354357813;1.0;1.0016489336788885;0.9999953674029832;0.9999191246467583;1.0;1.0;0.9999999999999999;1.0003970710836207;0.9999953729589367;0.9999966727520235;1.0;0.9999983321402373;0.9998913861724681;1.0005530639740017;0.9999588090767025;0.9999551763182972;0.9999916572526512;0.9999985707999935;1.001563493649592;1.00168400100561;0.999952860547456;0.9999908367534508;0.999999027076946;1.0009224155033873;1.000607195146903;1.000295795505144;1.0001338046903419;0.9999024440209857;0.9999999999999999;0.999937683661184;1.0000092156189722;0.9999999999999999;0.9999999999999999;1.0015302013328735;0.9998997360887205;0.9999515263599928;0.9999841273975755;1.0002166856151402;1.024999976158142;
2016-06-19 08:30:00;0.9999774546082844;1.0;0.9999999999999999;0.9999898544162822;0.9999090047526911;1.0;1.0017711569863321;0.9999951551777758;0.9999292105581945;1.0;1.0;1.0;1.000428602942198;0.9999964059614291;0.9999983205305104;1.0;0.9999986842512208;0.9999066717504369;1.0005945904766491;0.999964672829685;0.9999638347080478;0.9999912914097874;0.9999988665491558;1.001679722299374;1.0018084392355382;0.9999612585742907;0.9999911470345706;0.9999992455557248;1.000867799952634;1.0004701815705275;1.000213950867458;1.0000846452042838;0.9999166108188194;0.9999999999999999;0.9998311206927474;0.9999707562921188;1.0;1.0;1.001643631363269;0.999914277374178;0.9999604777283911;0.9999857703059024;1.0002343406222691;1.024999976158142;
2016-06-19 08:45:00;0.9999785376269245;1.0;1.0;0.9999902125879752;0.9999155264712667;0.9999999999999999;1.0017072348578024;0.9999953857178046;0.9999340052274823;1.0;0.9999999999999999;1.0;1.0004133069219474;0.9999970004915275;0.9999990141304568;1.0;0.999998633894876;0.9999132225324399;1.0005731630124184;0.9999665012354478;0.9999651349329414;0.9999912862484509;0.999998831470346;1.0016190521179171;1.001743231608837;0.9999626440722288;0.9999911756610474;0.9999993700431542;1.000877134181489;1.0005116282296906;1.00024332270273;1.0001057085080292;0.9999229856658317;1.0;0.9998662771669136;0.9999947608681441;0.9999999999999999;0.9999999999999999;1.0015844099436129;0.9999207800609456;0.9999618489908323;0.9999864157825236;1.0002261324003046;1.024999976158142;
2016-06-19 09:00:00;0.9999817646169655;1.0;1.0;0.9999913400711099;0.9999296476707733;1.0;1.001707792483344;0.9999958248554279;0.9999445603232112;0.9999999999999999;1.0;1.0;1.0004144673157545;0.9999973504929177;0.9999992017649253;0.9999999999999999;0.9999986110069097;0.9999278691902497;1.0005738640682544;0.9999715668038867;0.9999707637145102;0.9999928280061142;0.999998851447246;1.0016195008080697;1.0017437829304596;0.9999679847498335;0.9999928680765637;0.9999994430606506;1.0008691386751494;1.000499186153943;1.0002351242502876;1.0000997593251415;0.9999356659209347;1.0;0.9998596964533983;0.9999877899018753;1.0;1.0;1.001584917173031;0.9999338859977515;0.9999677625974858;0.9999884188388722;1.0002268108356571;1.024999976158142;
2016-06-19 09:15:00;0.9999719068630987;0.9999999999999999;1.0;0.9999873289821554;0.9999007818002561;1.0;1.0017413806322455;0.9999959285774775;0.9999242943386569;1.0;1.0;1.0;1.0004194796814783;0.9999966813596951;0.9999981583955653;1.0;0.9999984325070326;0.9998975387971945;1.0005837441894614;0.9999603747755551;0.999954726207659;0.999990601476477;0.9999986171737951;1.0016512767244825;1.001778355609459;0.9999534331416055;0.9999896402464985;0.9999993009973139;1.000900865107732;1.0005310186995884;1.0002545803132978;1.000112693158346;0.9999097315009277;1.0;0.9998681353525113;1.0000010232102985;1.0;1.0;1.0016161122658647;0.9999070027271538;0.9999513008380658;0.9999846202956062;1.0002293055760898;1.024999976158142;
2016-06-19 09:30:00;0.9999685967759444;1.0;1.0;0.9999856825795855;0.9998819576207392;1.0;1.0017611092398657;0.9999943362812224;0.9999089596849303;1.0;1.0;1.0;1.0004239142451883;0.9999953715533363;0.9999974267058489;1.0;0.9999981244775937;0.9998786824690167;1.0005904119914226;0.999953554062439;0.9999500860518482;0.9999892843798895;0.9999983878630506;1.001669843643666;1.001798609097893;0.9999472616127991;0.9999886570476322;0.9999990224895223;1.0008988324931687;1.0005251307232481;1.0002473652806505;1.0001078952903781;0.9998918140632517;1.0;0.9998656447847468;0.9999961142261865;1.0;1.0;1.0016343962828012;0.9998887405936276;0.9999458017387917;0.9999816951809455;1.0002315583308656;1.024999976158142;
2016-06-19 09:45:00;0.9999747921477937;0.9999999999999999;1.0;0.9999881748998868;0.9999113458265846;1.0;1.0017193367399175;0.9999958744679774;0.9999316839399409;1.0;1.0;1.0;1.000415286637535;0.9999966225687477;0.9999981138019712;1.0;0.999998301754958;0.9999087584561703;1.0005769867883794;0.999964186780647;0.9999601644298555;0.9999920421224274;0.9999985667712197;1.0016302299454238;1.0017558653187113;0.9999579231688167;0.9999914045161502;0.9999992887158954;1.0008748688336562;1.000514841389067;1.0002390958260523;1.0001032196088409;0.9999188201147188;1.0;0.9998759311110582;0.9999929091972042;1.0;1.0;1.0015956326431088;0.9999164975653605;0.9999567753345484;0.9999860361172405;1.0002269999156748;1.024999976158142;
2016-06-19 10:00:00;0.9999718103030149;1.0;1.0;0.9999867734320655;0.9998972727546191;1.0;1.0017204779383235;0.9999945146803118;0.9999197497351885;1.0;1.0;1.0;1.0004150667921894;0.9999966862578216;0.9999992017649252;1.0;0.9999979806881729;0.9998942136568827;1.0005770092168265;0.9999578841492255;0.9999541848079284;0.9999890869294205;0.9999982970290116;1.0016312135961765;1.0017571981299238;0.9999511225358375;0.9999887551097559;0.9999992979320425;1.0009020120971026;1.0005467990329007;1.000259805368007;1.000113830692707;0.9999067139158848;1.0;0.9998874267019687;0.9999972383076046;1.0;1.0;1.0015968778975435;0.9999039786086871;0.999949953616777;0.9999830531912502;1.000227139060275;1.024999976158142;
2016-06-19 10:15:00;0.9999809832223464;1.0;0.9999999999999999;0.9999912672364563;0.9999304580472573;1.0;1.0016957818413446;0.9999966842274151;0.9999463121602951;1.0;0.9999999999999999;1.0;1.0004108860976417;0.9999975250176968;0.9999988264096237;1.0;0.9999988098279454;0.999928396113881;1.0005695036710478;0.9999721766933408;0.9999694726027983;0.9999933084166032;0.9999989781239061;1.0016082115245437;1.00173148102285;0.9999678729100274;0.9999928988892145;0.9999994811158236;1.0008710574078088;1.0005113297773294;1.0002415140684378;1.0001045574208722;0.9999365567367724;1.0;0.9998722754231992;0.9999937226302487;1.0;1.0;1.001573730020175;0.9999347073626701;0.9999668735251307;0.9999890132006286;1.0002247611280917;1.024999976158142;
2016-06-19 10:30:00;0.9999742004556978;1.0;1.0;0.9999880955875265;0.9998941852574896;1.0;1.0017962557342026;0.9999938807011577;0.9999170564313045;0.9999999999999999;1.0;1.0;1.0004343245611593;0.9999954453210966;0.9999978624796853;1.0;0.9999982941857526;0.9998917786695257;1.0006030299491566;0.9999588228775806;0.9999591913076242;0.9999901814187309;0.999998573865885;1.0017032995338788;1.0018342487524605;0.9999552705370852;0.9999902668225173;0.9999990404837917;1.0009258370013492;1.0005441480560937;1.0002587688587121;1.0001129104059554;0.99990257519797;1.0;0.9998642657908074;0.9999964355607882;1.0;1.0;1.0016669416935078;0.9998999656112916;0.9999550420786073;0.9999833016943943;1.000237360527899;1.024999976158142;
2016-06-19 10:45:00;0.9999585445067496;1.0;1.0;0.9999808645646057;0.9997466309233864;1.0;1.001918863056166;0.9999778300041159;0.9997918629636484;1.0;1.0;1.0;1.00046435732518;0.9999867724621829;0.9999970290863581;1.0;0.9999965730797551;0.999744509653113;1.0006448961110055;0.9999063843275616;0.9999340323924749;0.9999734398363904;0.9999973252067726;1.0018193279140748;1.0019595481715655;0.9999158997672489;0.999978541233697;0.9999971902501418;1.000971871937251;1.0005536244237407;1.0002618026999603;1.0001123620333516;0.9997643718348093;1.0;0.9998374449001916;0.9999909472721271;1.0;1.0;1.0017807652677122;0.9997590479512245;0.9999224026370276;0.9999581367970869;1.0002535985406307;1.024999976158142;
2016-06-19 11:00:00;0.9999721490908858;1.0;1.0;0.9999865089164603;0.9998852771800848;1.0;1.0018365307711294;0.9999925015638613;0.9999088622604312;1.0;1.0;1.0;1.0004444025663821;0.9999946018197055;0.9999976557627213;1.0;0.9999977228339618;0.9998831019352269;1.0006168844268433;0.9999546524454134;0.9999567748249337;0.9999895988433952;0.9999981689358703;1.0017411275780543;1.0018756224591159;0.9999508669326025;0.9999901046300476;0.9999988578490109;1.000906143713019;1.0004989832284528;1.0002319443423884;1.0000982223214347;0.9998937985551486;0.9999999999999999;0.9998303684148641;0.9999880574817799;0.9999999999999999;1.0;1.0017043564463095;0.9998911264018052;0.999951740897845;0.9999814079464951;1.0002428268238779;1.024999976158142;
2016-06-19 11:15:00;0.9999760929121886;1.0;1.0;0.9999882748435329;0.9998960556890564;1.0;1.0018031657837367;0.9999924808417241;0.9999164083999019;1.0;1.0;1.0;1.0004374077147808;0.9999951155377833;0.9999984064607905;0.9999999999999999;0.9999978716184481;0.9998943170863654;1.0006060410894129;0.9999588455878751;0.9999626633230269;0.9999899478473402;0.9999983092285195;1.0017095945248473;1.001841413536301;0.9999564493840224;0.9999908406496351;0.9999989713321696;1.0008900001614107;1.0004849320547282;1.0002263314518751;1.0000944540890804;0.9999038055199522;1.0;0.999826504558661;0.9999840662127646;1.0;1.0;1.0016734021656717;0.9999014427098085;0.9999578314111787;0.9999827454238065;1.0002391776992183;1.024999976158142;
2016-06-19 11:30:00;0.9999813153764077;1.0;1.0;0.9999912312613809;0.9999098432853434;1.0;1.0018632804825862;0.9999935217232786;0.999927763508755;1.0;1.0;0.9999999999999999;1.000452892947239;0.9999954019047254;0.9999980533709875;1.0;0.999998584248353;0.9999085581101185;1.0006265122512081;0.9999658927235877;0.9999710116724361;0.9999917593694636;0.9999988663122891;1.001767051168676;1.001902331196918;0.9999659129226666;0.9999926471736997;0.9999990377821385;1.0008198650080702;1.000368752523235;1.0001517348114262;1.0000514266642535;0.999916166266766;1.0;0.9997604644277076;0.9999546113524107;1.0;1.0;1.00172897485035;0.9999141574992885;0.9999671664400245;0.9999856189095723;1.000247568499438;1.024999976158142;
2016-06-19 11:45:00;0.9999406433835712;1.0;0.9999999999999999;0.9999734400112593;0.9997152840881831;1.0;1.002016598238469;0.999981221590923;0.9997742976655498;1.0;1.0;1.0;1.0004816694072927;0.9999861887068255;0.9999937329808902;0.9999999999999999;0.9999964187207477;0.9997104149912571;1.0006750855638846;0.9998936574084254;0.9999064626425872;0.9999736900159905;0.9999970186981724;1.0019117526457428;1.0020599327792101;0.9998936698758918;0.9999756685595117;0.999997048432014;1.000944862117273;1.0004857367369901;1.0002123178295712;1.000082650873655;0.9997362432164894;0.9999999999999999;0.9997909805416818;0.9999678394585656;1.0;1.0;1.0018713907004104;0.9997296084522755;0.999895416225679;0.9999555582322842;1.0002622866535975;1.024999976158142;
2016-06-19 12:00:00;0.9999125240310863;1.0;1.0;0.9999610620734242;0.9995772913719922;1.0;1.0022128611806826;0.9999766169130052;0.9996735195544114;1.0;1.0;1.0;1.0005233831418259;0.9999692059002573;0.9999725698816888;0.9999999999999999;0.9999961117005737;0.9995735686373712;1.000741909539827;0.9998547176142687;0.999879652806352;0.999982541184766;0.9999968727216785;1.0020973697338211;1.0022602779341685;0.9998613325269454;0.9999833007507428;0.9999934179387789;1.001074427403614;1.0005787645142203;1.0002594313152007;1.0001012697520562;0.9995957166546786;1.0;0.9997911338744724;0.9999619582059668;1.0;0.9999999999999999;1.0020514224890094;0.999587140170212;0.9998665386318583;0.9999435290204858;1.0002800665215152;1.024999976158142;
2016-06-19 12:15:00;0.9999096094112278;1.0;1.0;0.999959951741878;0.9995648202587574;1.0;1.0022583554364504;0.9999773043446808;0.9996663551936662;0.9999999999999999;1.0;1.0;1.0005335604354637;0.9999660216892231;0.9999674919142378;1.0;0.9999964210649175;0.9995616349235031;1.0007576802974247;0.9998533954332273;0.9998795105482182;0.9999870549492804;0.9999971384415841;1.0021405548111588;1.0023065451727484;0.9998613604280134;0.9999871408213149;0.9999927190010882;1.0011325749308408;1.0006346482718516;1.0002978423419409;1.0001256567812853;0.9995810113564353;1.0;0.999800708281808;0.9999843461833369;0.9999999999999999;1.0;1.0020930996513753;0.9995724228822139;0.9998669272908559;0.9999442106775926;1.0002844251493206;1.024999976158142;
2016-06-19 12:30:00;0.9999544999251195;0.9999999999999999;1.0;0.9999795814805736;0.999785410366711;1.0;1.0020377849387592;0.9999877145139856;0.9998332914125359;0.9999999999999999;1.0;0.9999999999999999;1.0004893484785236;0.99998600213742;0.9999887026826454;0.9999999999999999;0.9999976912275141;0.9997828615720784;1.0006840900673692;0.9999240294902675;0.9999346696623654;0.9999880579720014;0.9999981194200857;1.001932111120492;1.0020809161709427;0.9999254433052364;0.9999885795937783;0.9999970382367208;1.0009766927822596;1.0005168789149073;1.0002304497900343;1.000090358682175;0.9997967345151174;1.0;0.9997998528726642;0.9999677234185607;1.0;1.0;1.0018902285749682;0.9997921591933014;0.9999275118848857;0.999969948374685;1.0002652898155084;1.024999976158142;
2016-06-19 12:45:00;0.9999523849278671;1.0;1.0;0.999978622135712;0.9997963262599853;1.0;1.0020135611854233;0.9999886465681519;0.9998412812677968;1.0;1.0;1.0;1.0004822946098506;0.999990345322109;0.9999943150473518;1.0;0.9999973148010303;0.9997920403409929;1.0006744027792547;0.9999231186794867;0.9999256691908546;0.9999827391975262;0.9999977201348312;1.0019090263426467;1.002056619081665;0.9999187592146844;0.9999828258679117;0.9999979478805298;1.000905580155817;1.000447427738101;1.0001833207075534;1.0000677407918348;0.9998114605421375;1.0;0.9997864400239087;0.9999622985110729;1.0;1.0;1.0018684737278256;0.9998065243968326;0.9999183126106597;0.9999690378724817;1.0002627676389162;1.024999976158142;
2016-06-19 13:00:00;0.9999600257658724;1.0;0.9999999999999999;0.9999816675142019;0.9998281707373796;1.0;1.001983537773671;0.9999899279436678;0.9998654390294266;1.0;1.0;1.0;1.000477107411692;0.9999914262133602;0.9999949384613103;1.0;0.9999974945057819;0.9998248850271456;1.0006652244286345;0.9999349304960562;0.9999383475045295;0.9999858761089815;0.9999979227489946;1.0018805570935447;1.0020258169547502;0.9999314769020206;0.9999861932148293;0.9999981832215527;1.0009070098964212;1.0004581474345478;1.000192193163589;1.0000727431769711;0.9998404020871062;1.0;0.9997955241117548;0.9999654787072474;0.9999999999999999;1.0;1.001840576690915;0.9998363542277351;0.9999318548627799;0.9999737159803526;1.0002600779767046;1.024999976158142;
2016-06-19 13:15:00;0.999943865816115;1.0;0.9999999999999999;0.9999751381526404;0.999748334171153;1.0;1.0020717927370497;0.9999870161860999;0.9998063219691674;1.0;1.0;1.0;1.000494560120385;0.9999842604708796;0.9999867019367905;1.0;0.9999974359391253;0.999744579893407;1.0006943884577257;0.9999104712042264;0.9999183796255796;0.9999860110514163;0.9999978466919365;1.0019642390931722;1.0021159025091892;0.9999096402790929;0.9999857678576602;0.9999966602960482;1.0009601947137134;1.0004751089495139;1.0002081446198396;1.0000787903781143;0.9997623894714257;0.9999999999999999;0.9997653806843844;0.9999626448611447;1.0;0.9999999999999999;1.0019217222008199;0.9997568014080391;0.9999104695813541;0.9999651559543636;1.0002676640972124;1.024999976158142;
2016-06-19 13:30:00;0.9998958486632122;1.0;1.0;0.9999540809732588;0.9994987745378762;1.0;1.002314326785616;0.999974387636035;0.9996165424173877;1.0;1.0;1.0;1.0005440509986714;0.9999605127034817;0.9999616770024246;1.0;0.9999960965002219;0.9994951329947565;1.0007760037856213;0.9998319686880759;0.9998617484833462;0.9999860924341293;0.9999968671726627;1.0021934709563372;1.002363823226116;0.9998414347034853;0.9999859385890175;0.999991526576004;1.0011276717542403;1.0005948449751003;1.0002785371129181;1.0001154031121;0.9995169744288034;1.0;0.9997573614081318;0.9999793279648679;1.0;1.0;1.0021445366349542;0.9995070976876279;0.9998475943883783;0.9999363637206081;1.0002887781523742;1.024999976158142;
2016-06-19 13:45:00;0.999909489671;1.0;1.0;0.9999598283651756;0.9995301752005905;1.0;1.0022594918530623;0.9999712731446251;0.9996335335544215;1.0;1.0;0.9999999999999999;1.0005354102091848;0.9999654465992015;0.9999710646911443;1.0;0.9999958525469207;0.9995270973264362;1.0007583322848794;0.9998395556837523;0.9998759450745356;0.9999785553856367;0.999996726917914;1.002141691845983;1.002307674820493;0.999852647970349;0.9999811475953831;0.9999925822449132;1.0011179875590432;1.0006059057316332;1.0002832398344008;1.000115964296294;0.999550460459096;0.9999999999999999;0.9997791999005214;0.9999745335890257;1.0;1.0;1.0020945259561151;0.9995411765782773;0.9998606550372888;0.9999361296590114;1.0002862891952167;1.024999976158142;
2016-06-19 14:00:00;0.9999439821543857;1.0;1.0;0.9999753452562682;0.9996946160113043;1.0;1.0020648713610023;0.9999803753914632;0.9997605033288313;1.0;0.9999999999999999;1.0;1.00049490697222;0.9999779537521212;0.9999824098862505;1.0;0.9999974213446926;0.999692788968974;1.0006938988504033;0.9998961056765528;0.999922584418584;0.999984478849126;0.9999979710894178;1.0019579023035865;1.002108295626196;0.9999066991455954;0.999986804570369;0.9999953296311814;1.000977656735063;1.0004984597436668;1.000222423616918;1.0000849722697613;0.9997083233020272;1.0;0.9997759187261945;0.9999616839476125;1.0;1.0;1.001914712009569;0.9997022951543605;0.9999124084232714;0.9999579739530747;1.0002668304466824;1.024999976158142;
2016-06-19 14:15:00;0.999926298614091;1.0;1.0;0.9999675360506902;0.9996287528610985;1.0;1.0021454774080123;0.9999787974896289;0.9997125455831839;0.9999999999999999;0.9999999999999999;1.0;1.0005100153400392;0.9999726900339755;0.9999759773120507;1.0;0.9999968976687613;0.9996258875746576;1.0007199959854594;0.9998737541157514;0.999899049878799;0.9999844056738321;0.999997512238479;1.0020339536520213;1.0021909937410134;0.9998823943536568;0.9999855962429892;0.9999941897678329;1.0009575096238932;1.0004625893976924;1.0001857928659568;1.0000636539608967;0.9996446649402189;1.0;0.9997632387367563;0.999946415293138;0.9999999999999999;1.0;1.001989046576793;0.9996372163063645;0.9998875710026254;0.9999505209217595;1.0002735640684786;1.024999976158142;
2016-06-19 14:30:00;0.9999380330295634;1.0;0.9999999999999999;0.999972863370923;0.9996932069581312;1.0;1.0019997765185964;0.9999830509035531;0.9997631517676474;1.0;1.0;1.0;1.0004764707125262;0.999977959304919;0.9999804635258189;0.9999999999999999;0.9999974886574511;0.999690431840037;1.0006710218171977;0.9998953949156327;0.9999142450522024;0.9999867114749618;0.9999979542093403;1.0018960392500609;1.002042088088321;0.9999014176203543;0.999987357557687;0.9999953369482674;1.0008892759185755;1.0004444398024062;1.0001742105566587;1.0000620417807349;0.9997069487453933;1.0;0.9998006971318452;0.9999560110062855;1.0;1.0;1.00185420851597;0.9997006673088994;0.9999049338240513;0.9999591736070128;1.0002562765128649;1.024999976158142;
2016-06-19 14:45:00;0.9999500085494134;1.0;1.0;0.999977423436578;0.9997537071214943;0.9999999999999999;1.0020149606001134;0.9999855211610963;0.9998085925695019;1.0;1.0;1.0;1.0004833813060285;0.9999820393174872;0.9999845733215712;1.0;0.9999974941303554;0.9997518079530803;1.0006770464756274;0.9999149705172711;0.9999313379481891;0.9999892389497645;0.9999980196870726;1.0019103202801234;1.0020575897407302;0.999919437854631;0.9999901493849956;0.999996197480195;1.0009297586606585;1.000468128251957;1.000200352647401;1.000075660107614;0.9997644153688386;1.0;0.9997850749004963;0.9999626904395286;0.9999999999999999;0.9999999999999999;1.0018686454821142;0.9997594950260713;0.9999232699935838;0.9999665713533792;1.000261039206658;1.024999976158142;
2016-06-19 15:00:00;0.9999666432953507;1.0;1.0;0.9999840928389403;0.9998403366527209;1.0;1.0019462740236427;0.9999892206928304;0.9998735478767293;1.0;1.0;0.9999999999999999;1.0004706675887074;0.9999894757890964;0.9999926286876358;1.0;0.9999975854589814;0.9998389321191291;1.0006544717310115;0.999941829986524;0.9999523667356579;0.9999901783360419;0.999998121710746;1.0018451596648907;1.0019875025520857;0.9999429055511999;0.9999913765256194;0.9999977777237774;1.0008805802213214;1.0004207461853918;1.0001783840675027;1.0000646226169057;0.9998486172900029;1.0;0.999769787644035;0.9999587634247225;1.0;1.0;1.0018056360194199;0.9998453829382252;0.9999460481807761;0.9999763611270301;1.000256003171425;1.024999976158142;
2016-06-19 15:15:00;0.9999668906678204;1.0;1.0;0.9999845400373703;0.9998519897169945;1.0;1.0019435630008904;0.9999905211115738;0.9998830519920784;1.0;1.0;1.0;1.0004693269872302;0.9999922135760979;0.9999956386360193;1.0;0.9999977031214131;0.9998495955617096;1.0006525963741624;0.9999440561042096;0.9999494346805838;0.9999878964618412;0.9999981390492673;1.0018427250467712;1.001984812349174;0.9999422628694485;0.9999886367472313;0.9999983559213201;1.00090490633032;1.0004473159135037;1.0001934623406257;1.0000679359303188;0.9998620486588978;1.0;0.9997797405070422;0.9999489685928348;0.9999999999999999;1.0;1.0018034529582795;0.9998586948035865;0.9999435294364476;0.9999771047152607;1.000255986929105;1.024999976158142;
2016-06-19 15:30:00;0.9999637440906108;1.0;1.0;0.9999831699869244;0.99983689914618;1.0;1.0019967872581248;0.9999897583367008;0.9998715034652521;1.0;1.0;1.0;1.0004815952075836;0.999991126216248;0.9999946207842824;1.0;0.9999975854310577;0.9998343502202851;1.000670317701547;0.9999389372188084;0.9999450951536812;0.9999873160335975;0.9999980414424585;1.0018931478987811;1.0020391973648692;0.9999373631224455;0.999988047239201;0.9999981262755937;1.0009167839185475;1.0004382692991616;1.0001892281234799;1.0000659552226698;0.9998476210093711;0.9999999999999999;0.9997594030988374;0.9999493776267285;1.0;1.0;1.001852750890147;0.9998439546909254;0.9999387551665008;0.9999751449001071;1.000262457625156;1.024999976158142;
2016-06-19 15:45:00;0.9999660710429152;1.0;1.0;0.9999837004299506;0.9998449350107899;1.0;1.0020019172505141;0.9999894207182815;0.999876642819735;1.0;1.0;1.0;1.00048396531372;0.999991082304586;0.9999947959208962;0.9999999999999999;0.9999973580361188;0.9998429790742058;1.0006725359080064;0.99994154050254;0.9999494485764308;0.9999882388605718;0.9999979154117459;1.0018978213822525;1.0020444966138027;0.9999405101184633;0.9999893698454865;0.9999981257378854;1.0009382037173893;1.0004651968692275;1.000207290871812;1.0000778592806212;0.9998545013545123;1.0;0.9997705840653526;0.9999618374806027;0.9999999999999999;0.9999999999999999;1.0018574776449716;0.9998511794846531;0.9999429549529875;0.999975986932805;1.0002637962555831;1.024999976158142;
2016-06-19 16:00:00;0.9999705883097203;1.0;1.0;0.9999856919537298;0.999862487404879;1.0;1.0019292705555227;0.9999899516607125;0.9998896086910117;1.0;1.0;1.0;1.0004674206147317;0.9999923342103132;0.9999962239624629;1.0;0.9999975123781193;0.9998608316452416;1.0006484843472931;0.999947602951751;0.9999556888020306;0.9999885918023166;0.9999980502316882;1.0018290297033372;1.0019702273309958;0.9999470295373959;0.999989957081244;0.9999983864725795;1.000850783306951;1.0003784707732504;1.0001582052812006;1.0000540605382484;0.9998713008225106;1.0;0.9997447876527829;0.9999541740665531;1.0;1.0;1.0017902005836876;0.9998683678946775;0.999949598651131;0.9999781071881005;1.0002550831671093;1.024999976158142;
2016-06-19 16:15:00;0.9999647052735745;1.0;1.0;0.9999833025271259;0.9998381397155056;1.0;1.0019104697100492;0.9999887404662322;0.9998706958245918;1.0;1.0;1.0;1.0004612421480479;0.9999919400949208;0.999996542206178;1.0;0.9999972905622084;0.9998355831749307;1.0006413825637455;0.9999379736551112;0.9999452032753913;0.9999852622524098;0.9999978235568296;1.0018111705771156;1.001951206551624;0.9999364043926063;0.9999865618966708;0.9999982981909508;1.0008657123273628;1.0004003094547216;1.0001732422183556;1.0000607859678508;0.9998497015229874;1.0;0.999754678846891;0.9999539064073885;1.0;1.0;1.001772897335255;0.9998460413326542;0.9999382799774705;0.9999740893148786;1.0002517761763463;1.024999976158142;
2016-06-19 16:30:00;0.9999678090245587;1.0;1.0;0.9999845463548825;0.9998624105557218;1.0;1.0019093695648595;0.9999913738106401;0.9998915507123182;1.0;1.0;1.0;1.0004613159024254;0.999992181130343;0.9999949705517625;0.9999999999999999;0.9999975839573039;0.999860359526003;1.000641417730182;0.9999477006451015;0.9999521190975542;0.9999901032092674;0.9999980752732008;1.0018100998705863;1.0019500086185946;0.9999450075807061;0.9999906051078156;0.9999983515289963;1.0008365215065826;1.0003672716972474;1.000154026163527;1.0000541268344871;0.999870985175199;1.0;0.9997422695770736;0.9999595799535856;0.9999999999999999;1.0;1.001771665504511;0.999867961964538;0.9999465357314657;0.9999789509826114;1.0002514418659088;1.024999976158142;
2016-06-19 16:45:00;0.9999388146257688;1.0;1.0;0.9999714031250386;0.9997129244430788;1.0;1.0020764669228925;0.9999833255483567;0.9997771965394253;1.0;1.0;0.9999999999999999;1.0004965821504648;0.9999779057576931;0.9999802307028597;1.0;0.9999964525305282;0.9997110774596719;1.0006978595550635;0.9999000269743398;0.9999180278009566;0.9999899920660725;0.9999972555483171;1.0019678781793449;1.0021209512936842;0.9999030809245386;0.9999907477253532;0.999995301888778;1.0009280704144934;1.0004376412513125;1.000184851205538;1.0000696426121911;0.9997239022392572;1.0;0.9997506037260612;0.9999654854894813;1.0;1.0;1.0019254509607538;0.999718363086297;0.9999083430819218;0.9999613252530577;1.0002672263030319;1.024999976158142;
2016-06-19 17:00:00;0.9999136955162009;1.0;0.9999999999999999;0.9999617866178853;0.9995618548408775;1.0;1.0021815763901563;0.9999757088378697;0.9996624008110614;1.0;1.0;1.0;1.0005164999890912;0.999964654383028;0.9999666335204422;0.9999999999999999;0.9999965752342161;0.9995597124992883;1.0007327457279966;0.9998543186807619;0.9998871555748956;0.9999876585206127;0.9999973252475093;1.0020678777420822;1.0022278823566553;0.9998667931598119;0.9999887347808805;0.9999924671706822;1.0009881727142798;1.0004580866854131;1.0002084396140796;1.0000863573213699;0.999576796053976;1.0;0.9997145614349363;0.9999845331842994;0.9999999999999999;1.0;1.0020216386964866;0.9995684490075302;0.9998742575287826;0.9999440049483214;1.0002748829960921;1.024999976158142;
2016-06-19 17:15:00;0.9999239051744897;1.0;1.0;0.9999658292159289;0.9996228023588947;1.0;1.0021284027286785;0.999978816649969;0.99970873410187;1.0;1.0;1.0;1.0005057981690224;0.9999702623881818;0.9999724741641033;1.0;0.9999965909114913;0.9996206491500265;1.0007149607212453;0.9998726850859764;0.9998992424905676;0.9999881182437573;0.9999973360562283;1.0020174012785223;1.0021737146773397;0.9998813355192983;0.9999890558095076;0.9999936622820872;1.000895041530694;1.0004077811145087;1.000153106793103;1.0000579370529308;0.9996364881997117;1.0;0.99975433911827;0.9999721965791651;1.0;1.0;1.0019728845169915;0.9996292224413179;0.9998876770126247;0.9999508937381434;1.0002704230450972;1.024999976158142;
2016-06-19 17:30:00;0.9999280654974336;1.0;0.9999999999999999;0.9999670002732204;0.9996629548733434;1.0;1.0022066267062493;0.9999811220038404;0.9997393136364955;1.0;1.0;1.0;1.000525628644517;0.9999747538216885;0.9999772910225765;1.0;0.9999962219216116;0.99966028852823;1.000740806221212;0.9998829611707759;0.9999023577273793;0.9999874518747772;0.999997028083939;1.002091277681105;1.0022539436221172;0.999886372251993;0.9999880092318508;0.9999946203459643;1.000988082019973;1.0004705594999044;1.0002018758085187;1.0000807449498024;0.9996767115887024;1.0;0.9997395735332156;0.9999779555728003;1.0;1.0;1.0020460011607637;0.9996700289113862;0.9998914139722271;0.9999547972552246;1.000282422025889;1.024999976158142;
2016-06-19 17:45:00;0.9999292933059675;1.0;1.0;0.9999655974239169;0.9996875579593242;1.0;1.0021066273258372;0.999980864854784;0.9997555872142979;1.0;1.0;1.0;1.0005028858292349;0.9999769057999547;0.9999806473891795;1.0;0.999994888089435;0.9996852071299555;1.0007077766744636;0.9998867336100697;0.9999035618521505;0.9999870908450927;0.9999960670098132;1.0019954785596135;1.0021526482292855;0.9998854915638808;0.9999881011587826;0.9999950491461652;1.0009687010993715;1.0004839691864018;1.0002135877239144;1.00008889392206;0.9997006201232372;1.0;0.9997669713270205;0.9999851010625604;1.0;1.0;1.0019537539401262;0.9996945514145948;0.9998917526834412;0.9999558215687344;1.0002707755588602;1.024999976158142;
2016-06-19 18:00:00;0.9999567538541849;1.0;1.0;0.9999764514688871;0.9998552921248017;0.9999999999999999;1.0019557177272493;0.9999900913773955;0.9998840448854049;0.9999999999999999;1.0;1.0;1.000471876071784;0.9999917496298355;0.9999953492245153;0.9999999999999999;0.9999950240049306;0.9998530328603572;1.0006571632605015;0.9999380224856019;0.9999370649280864;0.9999900588538362;0.9999961736663598;1.0018521724054572;1.00199890534979;0.9999261162941743;0.999990342029164;0.9999982308526509;1.0008719893718194;1.000409846840854;1.0001736439872866;1.0000669126855313;0.9998640377308218;1.0;0.9997635534845901;0.9999720065330296;0.9999999999999999;1.0;1.0018151245049183;0.9998610142117883;0.9999292229910646;0.9999755463083755;1.0002573115827773;1.024999976158142;
2016-06-19 18:15:00;0.999961899668717;1.0;1.0;0.9999784880357798;0.999872844611254;1.0;1.0019712098721805;0.9999897515894107;0.9998956516892575;1.0;1.0;1.0;1.000477325034517;0.9999935317042697;0.9999981807353838;1.0;0.9999949399992486;0.9998708946644556;1.00066274335875;0.9999430559956803;0.9999432864468231;0.9999888083177948;0.9999961334410721;1.0018668746247557;1.0020146910928378;0.9999316995714281;0.9999897862710815;0.9999986029286911;1.0009034471039044;1.0004432102173748;1.0001938059065965;1.0000767342349934;0.9998814946517811;1.0;0.9997743306947325;0.9999751211837022;1.0;1.0;1.0018297573442732;0.999878852321194;0.9999353588508213;0.9999767305601459;1.0002609687983028;1.024999976158142;
2016-06-19 18:30:00;0.9999627483924902;1.0;1.0;0.9999804670178062;0.9998556674020278;1.0;1.0020136032493456;0.9999891092562219;0.9998829993597153;1.0;1.0;1.0;1.0004869870062973;0.9999930166307531;0.9999978657368168;1.0;0.9999959424683605;0.9998533161773389;1.0006764222820834;0.9999398447355136;0.9999430458758788;0.9999865220808646;0.9999968442503179;1.0019079211366293;1.0020573295401727;0.999932664965901;0.9999876961911315;0.9999985089757498;1.0008965716578593;1.0004120583345228;1.000176116440522;1.0000662589929492;0.9998660765807461;1.0;0.999745612052483;0.9999681716079069;0.9999999999999999;1.0;1.0018689006566708;0.9998629038123814;0.9999354361129843;0.9999750585893049;1.0002661809262174;1.024999976158142;
2016-06-19 18:45:00;0.9999622043210709;1.0;1.0;0.9999807424840521;0.9998534304985482;1.0;1.0020189721292134;0.9999897556578513;0.9998824086628719;1.0;1.0;1.0;1.00048761893392;0.9999930399222469;0.9999974202031379;1.0;0.9999962898287246;0.9998507728166282;1.0006778913760443;0.9999398670369339;0.9999419301395545;0.9999866066394194;0.9999970788084388;1.0019132521943719;1.0020626581626064;0.9999327921726361;0.9999874165357896;0.9999985149028445;1.0008691542337385;1.0003965088412436;1.0001554666344838;1.000055877370452;0.9998641799329784;1.0;0.9997592191390327;0.9999644264591597;1.0;0.9999999999999999;1.0018738155675413;0.9998608564102109;0.9999347364213234;0.9999753178119163;1.0002664208466376;1.024999976158142;
2016-06-19 19:00:00;0.9999571923134969;1.0;1.0;0.9999774020086454;0.9998373824096822;1.0;1.0020575432080987;0.9999879810371329;0.9998686211638389;1.0;1.0;1.0;1.0004968431266303;0.9999915402095874;0.9999965769753423;1.0;0.9999953257745006;0.9998348932037756;1.0006911836784753;0.9999323898629493;0.999935694786083;0.9999861160137138;0.9999963799883114;1.0019491736585244;1.0021025353025308;0.999923857992455;0.999987250567453;0.9999981822243242;1.000888629653893;1.0004016804442333;1.0001627949051484;1.0000621383837665;0.99984838508878;0.9999999999999999;0.9997455675085275;0.9999736015463039;0.9999999999999999;1.0;1.0019096650324821;0.999844885311856;0.999927175841892;0.9999722909826655;1.0002712675006438;1.024999976158142;
2016-06-19 19:15:00;0.9999525948733838;1.0;1.0;0.9999715947873191;0.9998533821789098;1.0;1.0020964606705605;0.999987111243568;0.9998782202718152;1.0;1.0;1.0;1.000507812600278;0.9999907797612565;0.9999962239624628;1.0;0.9999927766888036;0.9998520357856489;1.0007057214169912;0.9999319722047408;0.9999329426981186;0.999989858664008;0.999994581098141;1.0019840729527913;1.0021437260544073;0.9999160805298882;0.9999912116952593;0.999997980752265;1.0009657120320143;1.0004623873053387;1.0002073452337392;1.000081106068137;0.9998611624583982;1.0;0.9997420916186599;0.9999711717044448;1.0;1.0;1.0019460686217487;0.999858517898032;0.9999226546135939;0.9999726000005914;1.000277185757256;1.024999976158142;
2016-06-19 19:30:00;0.9999538743145373;1.0;1.0;0.9999749383639646;0.9998366732473132;1.0;1.0020167312460349;0.9999880955846792;0.9998682372049132;1.0;0.9999999999999999;1.0;1.000486617424863;0.9999907316544016;0.9999953459043315;1.0;0.9999946366463789;0.9998343679265019;1.0006777208689293;0.9999308241686873;0.9999325236146218;0.9999879005589772;0.9999958849035938;1.0019098808700717;1.0020613189017968;0.9999196938288932;0.9999887382675156;0.9999980041372465;1.0009498188164134;1.0004722510644757;1.0002175334849954;1.0000889488300921;0.9998466902978218;1.0;0.9997632553568897;0.999980586592343;1.0;1.0;1.0018717892704492;0.999843311492102;0.9999236195870234;0.9999722010125405;1.0002653777696873;1.024999976158142;
2016-06-19 19:45:00;0.9999661938508385;1.0;1.0;0.9999800329634978;0.9998815747364594;1.0;1.0020051455142214;0.999988946989704;0.9999007397331997;1.0;1.0;1.0;1.0004873440800723;0.9999933300426299;0.9999984635704308;1.0;0.9999948568324339;0.9998805025434583;1.0006749469990135;0.9999465609643206;0.9999506839809194;0.999989585130469;0.9999961336912011;1.0018990058565276;1.002049235985845;0.99993740755112;0.9999913197801593;0.9999985682080116;1.000934986350597;1.0004555123354004;1.0002031768388278;1.0000756464086538;0.9998888436636575;0.9999999999999999;0.9997606008356411;0.9999599383461811;0.9999999999999999;1.0;1.0018611847963679;0.9998866222354673;0.9999425784088863;0.9999776448778959;1.0002665192965154;1.024999976158142;
2016-06-19 20:00:00;0.9999737897857854;1.0;1.0;0.9999860235281525;0.9998713534906647;1.0;1.0019523435512994;0.9999886896181566;0.9998941622431847;1.0;1.0;1.0;1.000475104085662;0.9999916316594557;0.9999961412784659;1.0;0.9999969356712116;0.9998708772568196;1.0006574827774317;0.9999502085494655;0.999962508131212;0.9999900806928426;0.9999977078432589;1.001850469654531;1.0019939512411957;0.9999508715781744;0.9999923377949818;0.9999982325156651;1.0009292474480227;1.0004747087467472;1.0002146919633457;1.000083577173967;0.9998781387944531;0.9999999999999999;0.9997865428416339;0.999968063661776;1.0;0.9999999999999999;1.001811607478751;0.9998757615879055;0.9999557924585976;0.9999787185317929;1.00025926706603;1.024999976158142;
2016-06-19 20:15:00;0.9999688910585135;1.0;1.0;0.9999816417554868;0.9998769337889145;1.0;1.002008998127814;0.9999882386132731;0.9998969511578922;1.0;1.0;0.9999999999999999;1.000489069720319;0.9999918411195572;0.9999968157926127;1.0;0.99999529172023;0.9998765801276829;1.0006768570218332;0.9999474736819097;0.9999563224601217;0.9999907964340192;0.9999965046418151;1.001902957269623;1.0020527895262816;0.9999422123845313;0.999992988822369;0.9999982596240945;1.0008883639774475;1.0004070557962608;1.0001682771500078;1.0000591927960758;0.9998830716948791;1.0;0.9997501106499215;0.9999568979790159;1.0;1.0;1.0018644787512805;0.9998809596390101;0.9999483673001587;0.9999778762000829;1.000267070285469;1.024999976158142;
2016-06-19 20:30:00;0.999967103922307;1.0;1.0;0.9999806305867244;0.9998696408214631;1.0;1.0019872255582203;0.9999879088057114;0.9998915013886432;1.0;1.0;1.0;1.0004835419807345;0.9999906890089509;0.9999953905724123;1.0;0.9999951348416993;0.9998694786647883;1.0006697098100343;0.9999452800233941;0.9999549638642633;0.9999917227002605;0.9999964024276577;1.001882162635675;1.0020306406113897;0.9999401602498135;0.9999938676725956;0.9999980187299266;1.0008956604737205;1.0004361453632433;1.0001778113165893;1.0000612908366;0.9998753059645533;1.0;0.9997813311510814;0.9999500193482916;0.9999999999999999;1.0;1.0018441499869406;0.9998731474203816;0.9999467934199273;0.9999772555329663;1.000263705340501;1.024999976158142;
2016-06-19 20:45:00;0.9999821789281037;1.0;1.0;0.9999911543293001;0.9999010929335391;1.0;1.001888744808171;0.999991728219896;0.9999194686025652;1.0;1.0;1.0;1.0004602416521344;0.9999934119346525;0.9999964817866924;1.0;0.9999983370026071;0.9999007683468532;1.0006360385545292;0.9999638317259031;0.9999745640588232;0.9999926977044392;0.9999987514210958;1.0017910281492002;1.0019282932023437;0.9999667208573524;0.9999943886221857;0.9999986191154933;1.0008722736246976;1.0004316562226276;1.0001857586057228;1.0000677344127895;0.9999061806535436;0.9999999999999999;0.9997888245255321;0.9999585263181011;1.0;1.0;1.001752418698924;0.9999043198900818;0.9999700355747875;0.9999844934228292;1.0002512141520465;1.024999976158142;
2016-06-19 21:00:00;0.9999773517130909;1.0;1.0;0.9999890856404063;0.9998701071929988;1.0;1.0019686570630857;0.9999889591928395;0.9998938417531165;1.0;1.0;1.0;1.0004789908432279;0.9999922776700708;0.9999968571289013;1.0;0.999997982425696;0.9998693291820624;1.000662488158555;0.9999521474136688;0.9999659818992703;0.9999885109976915;0.9999984582635232;1.0018667724341013;1.0020099726960092;0.999956197085221;0.9999908737503015;0.9999983795726654;1.0009281452081935;1.00046590070031;1.0002100396151896;1.0000814784136747;0.999877965476495;0.9999999999999999;0.9997780912921032;0.9999688664599126;1.0;1.0;1.0018266423554116;0.9998753784146864;0.9999600188717793;0.9999791048629555;1.0002615643184778;1.024999976158142;
2016-06-19 21:15:00;0.9999821634868239;1.0;1.0;0.9999907746649606;0.9999174241937366;1.0;1.0019122210487084;0.9999934899724003;0.9999331057615646;1.0;1.0;1.0;1.0004656987951561;0.9999946952938982;0.9999970606108998;1.0;0.9999981716881199;0.9999168682998208;1.0006437058923325;0.9999682917268837;0.9999744315144736;0.9999941377095191;0.9999986133455205;1.0018130703854724;1.001952482755756;0.9999679474606469;0.9999951675884802;0.9999988869521942;1.0009183592645798;1.0004789139919559;1.0002173224582362;1.0000856833743408;0.9999218293545771;1.0;0.9998005855297728;0.9999710370900651;1.0;1.0;1.0017743014188507;0.9999202315736286;0.9999704466667758;0.999986788525922;1.0002543392140644;1.024999976158142;
2016-06-19 21:30:00;0.9999778133414519;0.9999999999999999;1.0;0.9999886065340001;0.999898970582785;1.0;1.0019335113602255;0.9999924147480568;0.9999187789425846;1.0;1.0;1.0;1.0004701191283347;0.9999931825737404;0.9999956576439701;1.0;0.9999978401674826;0.9998983243271744;1.0006508160119072;0.9999616630359514;0.9999687643043372;0.9999937058696051;0.999998362639813;1.0018330497584231;1.0019743879353722;0.9999611588489816;0.9999947564730167;0.9999985667679199;1.000878659751863;1.000431090395873;1.0001815201122501;1.0000669425963262;0.9999039557344809;1.0;0.9997856401311715;0.9999622244023234;1.0;1.0;1.0017939780640284;0.9999020204095195;0.9999640940020876;0.9999842816627639;1.000256423427829;1.024999976158142;
2016-06-19 21:45:00;0.9999778458011458;1.0;1.0;0.9999881093130176;0.999899638047816;1.0;1.0018999591410576;0.9999915833233991;0.999917896416619;1.0;1.0;1.0;1.0004625025775562;0.9999934984645981;0.9999967233474892;0.9999999999999999;0.9999974229126166;0.9998991020707724;1.0006397085895324;0.9999605592707272;0.9999684115219986;0.9999926925368909;0.9999980628087868;1.0018009849804381;1.0019403362668837;0.9999595709874165;0.9999941502142611;0.9999986327728494;1.000881103936086;1.0004386484071863;1.0001883046859632;1.0000674991190162;0.9999049013926176;1.0;0.9997901251718169;0.9999543772572939;1.0;1.0;1.0017629983175966;0.9999030218569761;0.9999631647035262;0.9999834485248795;1.0002525095949506;1.024999976158142;
2016-06-19 22:00:00;0.9999818091171987;1.0;1.0;0.9999906018996011;0.9999056211663206;1.0;1.0018504072156331;0.9999919220603517;0.9999227591661348;0.9999999999999999;1.0;1.0;1.00045098706255;0.9999937944472359;0.9999968952310384;1.0;0.9999980671811681;0.9999052874020575;1.0006231749074628;0.9999644478371164;0.9999740152573842;0.9999928993300734;0.9999985518892989;1.0017544582022209;1.0018893413179182;0.9999659985774116;0.9999945235119179;0.9999986995723187;1.0008494034182125;1.0004131466674988;1.000178939259966;1.0000661884535949;0.9999105320917971;1.0;0.9997842194973026;0.9999624914917877;1.0;1.0;1.0017169327224635;0.9999087724409521;0.9999693855265247;0.9999847950612206;1.0002462479598557;1.024999976158142;
2016-06-19 22:15:00;0.9999815696233899;0.9999999999999999;0.9999999999999999;0.999990578453951;0.9998933130191515;1.0;1.0018604761478687;0.9999903281487813;0.9999120338001953;1.0;1.0;1.0;1.0004537658159742;0.9999929676545678;0.9999968571289014;1.0;0.9999980207395024;0.9998931508586376;1.0006267326091944;0.9999605041416365;0.9999735492367188;0.999991407871025;0.9999985296910897;1.0017640728716146;1.0018995370271995;0.9999641165753066;0.999993641284493;0.9999985266846158;1.0008111817228733;1.0003771246072677;1.000146948808183;1.0000486387065464;0.9998989024868705;1.0;0.9997834672247499;0.9999522420410581;1.0;0.9999999999999999;1.001726250013723;0.9998969486779843;0.9999682951549659;0.9999827141045422;1.0002477596963781;1.024999976158142;
2016-06-19 22:30:00;0.9999786117214321;1.0;1.0;0.99998859122566;0.9998913612510741;1.0;1.0018600428103934;0.9999902071821675;0.9999103004809327;1.0;1.0;0.9999999999999999;1.0004532758824678;0.9999929826723244;0.9999969811727809;1.0;0.9999974596085335;0.9998910274915709;1.0006265441156685;0.9999580950011473;0.9999692806365952;0.9999913000763271;0.9999981040383158;1.0017632442456383;1.0018994673777857;0.9999592606351025;0.9999933731895285;0.9999985224593502;1.000879513332022;1.000455891769885;1.0002006941470043;1.000077319674885;0.9998971645595205;1.0;0.9998087532647378;0.9999668766886505;1.0;1.0;1.001725979245743;0.9998951665964674;0.9999635630131961;0.9999819199713674;1.0002475209670423;1.024999976158142;
2016-06-19 22:45:00;0.9999708465370496;0.9999999999999999;1.0;0.9999842634884563;0.9998623435831366;1.0;1.0018633217281685;0.9999880940868217;0.9998870218091027;1.0;1.0;0.9999999999999999;1.0004530530731726;0.9999906963747796;0.9999952218725678;1.0;0.9999965340359162;0.9998619087296922;1.0006276418634235;0.9999464865861533;0.9999590019242999;0.9999902861327429;0.9999974146927897;1.0017657474595463;1.0019033114846443;0.9999463637299725;0.9999925314667238;0.9999980364152222;1.0009045481422132;1.000479727600281;1.000219455063426;1.0000877153150192;0.9998691297558285;1.0;0.9998108371419482;0.9999729781944201;0.9999999999999999;1.0;1.001728990801938;0.9998666371962794;0.9999517775901035;0.999977398979195;1.000246979441876;1.024999976158142;
2016-06-19 23:00:00;0.9999689278861352;1.0;1.0;0.9999837300374681;0.9998566304670067;1.0;1.0018608580894592;0.9999884540383943;0.999883533420483;1.0;1.0;1.0;1.0004515732299448;0.9999906168139581;0.9999948465199469;1.0;0.9999966807942555;0.9998557911758676;1.0006264279205375;0.9999446852335405;0.9999557467730186;0.9999899591950192;0.9999974945091002;1.0017635148954336;1.0019007719114197;0.9999440067143756;0.999991847095935;0.9999980171081794;1.0009136760813404;1.0004936121550922;1.0002282318051579;1.0000931858935587;0.9998640778001441;0.9999999999999999;0.9998181971840973;0.9999776796884768;0.9999999999999999;1.0;1.0017266899871144;0.9998613537069008;0.9999486690927051;0.999976920221617;1.000246079948551;1.024999976158142;
2016-06-19 23:15:00;0.9999754339745772;1.0;1.0;0.9999881691146552;0.9998551970414751;0.9999999999999999;1.0018418357025853;0.9999881758846231;0.9998827368174884;1.0;1.0;1.0;1.000447922246192;0.9999897420278208;0.999993758565875;0.9999999999999999;0.9999979844029332;0.9998549720089577;1.000620439241056;0.9999487572579381;0.9999658488773845;0.9999904451476904;0.9999984984951213;1.0017464406046375;1.0018804493018933;0.9999547863012249;0.9999928786706155;0.9999978462120742;1.000900981579087;1.0004820544026887;1.0002231784087083;1.000090748465145;0.9998619335878605;1.0;0.9998148708514079;0.9999770833454763;1.0;1.0;1.001708684262124;0.9998592716698067;0.9999596552468404;0.9999781324698693;1.00024382209243;1.024999976158142;
2016-06-19 23:30:00;0.9999685363524281;1.0;0.9999999999999999;0.999985091085565;0.999827572186017;1.0;1.001830181369187;0.9999874137772421;0.9998625751808413;1.0;1.0;1.0;1.0004433899713767;0.999987189099994;0.9999906185881651;1.0;0.9999977810059311;0.9998271158785644;1.0006162786657957;0.9999398235021147;0.9999573081714314;0.9999909447927604;0.9999983323482046;1.0017352189348154;1.0018686956509528;0.9999456267303737;0.9999929807945068;0.9999973085601357;1.0009081712923713;1.0004986299876744;1.0002315959960335;1.0000946972637552;0.9998348040394539;1.0;0.9998280478019325;0.999977472489168;1.0;1.0;1.0016976209877766;0.9998316107620105;0.9999505825246661;0.9999752062399325;1.0002405923152073;1.024999976158142;
2016-06-19 23:45:00;0.9999188398307416;1.0;1.0;0.9999637459450434;0.999559331260197;0.9999999999999999;1.0020422330713155;0.9999735285534931;0.999658193244002;1.0;1.0;1.0;1.0004850318487173;0.9999621906781251;0.99996466438066;1.0;0.9999966162006229;0.9995589057114319;1.0006875525314598;0.9998559773694583;0.9998981503723926;0.9999897095474759;0.9999974758663797;1.0019357555209873;1.0020853331303199;0.9998742564109476;0.9999921159174987;0.999991943079893;1.0010728749895441;1.000639623198366;1.000309190980142;1.0001355895291033;0.9995717047582344;1.0;0.9998495888644624;0.9999970289952322;1.0;1.0;1.0018920391607362;0.9995638279306946;0.9998847740042254;0.9999440737444202;1.0002571923653973;1.024999976158142;
2016-06-20 00:00:00;0.999946889767811;1.0;1.0;0.9999750432788943;0.9997147651322633;1.0;1.0019177444915353;0.9999808541075348;0.9997755501116516;0.9999999999999999;1.0;1.0;1.0004610034207353;0.9999763971370177;0.9999798232640571;1.0;0.9999967503966746;0.9997146030007061;1.000646092400501;0.9999033928278972;0.9999319546649591;0.999990527665548;0.9999975932841163;1.0018176444569604;1.0019584236015981;0.9999136407179942;0.9999930039600783;0.9999949988517577;1.0009998730248235;1.0005904271173423;1.0002817738544867;1.0001202205505506;0.9997237980602913;1.0;0.9998555564304152;0.9999872718641535;1.0;1.0;1.0017779687316317;0.9997187507425761;0.9999218592611732;0.9999615210558015;1.0002476583657147;1.024999976158142;
2016-06-20 00:15:00;0.9999719129927632;1.0;1.0;0.9999873927366043;0.9998237749496066;1.0;1.001777659392554;0.999986598514343;0.9998590077396846;0.9999999999999999;1.0;1.0;1.0004312623582474;0.9999869633665168;0.9999908759830322;1.0;0.9999983731206091;0.9998235514877741;1.0005988045227687;0.999940372713149;0.9999617577255833;0.9999898299492426;0.9999987851333377;1.0016859192431231;1.0018146301580475;0.9999499612586028;0.99999243742063;0.9999972659763473;1.0009201840856417;1.000540588155173;1.0002555561258635;1.0001077532941869;0.9998313577474506;1.0;0.9998653299882936;0.9999845898256574;1.0;1.0;1.0016488090689881;0.9998280987472826;0.9999551652707896;0.9999748535478613;1.0002340165426562;1.024999976158142;
2016-06-20 00:30:00;0.9999780897671684;0.9999999999999999;1.0;0.9999900119735677;0.9998688326321737;1.0;1.0017166220564486;0.9999898649866584;0.9998945581192642;1.0;1.0;1.0;1.0004172037373016;0.9999911768811456;0.9999945919536952;1.0;0.9999985561706823;0.9998682859366634;1.0005779384199633;0.999954207494477;0.9999686834213773;0.9999908604861615;0.999998897397116;1.0016280557601465;1.0017523991577595;0.9999599465681727;0.999992820428824;0.9999981564979994;1.0008835749811644;1.000516985042285;1.0002430899712174;1.0001023002185025;0.9998755158995286;1.0;0.9998689575088038;0.9999846898420407;0.9999999999999999;1.0;1.0015925320460661;0.9998729731885148;0.99996348379224;0.9999805025655872;1.0002272081824968;1.024999976158142;
2016-06-20 00:45:00;0.9999815065197103;1.0;0.9999999999999999;0.9999915669058179;0.999891411557629;1.0;1.0016789496190652;0.9999919060552466;0.9999132167679324;0.9999999999999999;0.9999999999999999;1.0;1.0004084143487324;0.9999923475902903;0.9999948019265712;1.0;0.9999988410264078;0.9998910256811105;1.000565421958966;0.9999624699236931;0.9999741865763105;0.9999932965303581;0.9999991186442224;1.001592397416098;1.0017138643029155;0.9999671258459509;0.9999947511579748;0.9999984010331813;1.0008749895432982;1.000520632001796;1.000250297486866;1.0001107435414942;0.999896513037573;0.9999999999999999;0.9998769033028554;1.0000004445775446;1.0;0.9999999999999999;1.0015575758632242;0.9998944381038399;0.9999700311363865;0.9999842473318914;1.0002224470962835;1.024999976158142;
2016-06-20 01:00:00;0.999974349028852;1.0;1.0;0.9999880326271406;0.9998762454688805;1.0;1.0016778836612485;0.9999920827140303;0.9999026842727923;1.0;1.0;1.0;1.0004062678842767;0.9999917050859766;0.999993752063006;0.9999999999999999;0.9999983535556445;0.9998751211653516;1.0005644371564397;0.9999556803510753;0.9999635977196017;0.9999929371682308;0.9999987075416625;1.0015910157561303;1.00171318903293;0.9999568782324604;0.9999936724628681;0.9999982593900176;1.0009119663622228;1.0005763408440107;1.0002811367115438;1.0001276548411728;0.9998824824353217;0.9999999999999999;0.999909421316294;1.0000102373241435;1.0;1.0;1.001556635765515;0.9998799591269408;0.9999590055994109;0.999982175780502;1.000221021962273;1.024999976158142;
2016-06-20 01:15:00;0.9999795783693245;1.0;1.0;0.9999903973701862;0.9998957727728739;0.9999999999999999;1.0016496980718028;0.9999928809740017;0.999917485174587;0.9999999999999999;1.0;1.0;1.00040065385435;0.9999927026146949;0.999994607703802;0.9999999999999999;0.9999986198884122;0.9998951265193301;1.0005553558112674;0.9999630635688879;0.9999715127067509;0.9999942026426221;0.9999989373828159;1.001564425535127;1.0016842351026187;0.9999651890043967;0.9999951137345382;0.9999984744240729;1.0008943837639663;1.0005610994988716;1.000273233008058;1.0001225813010433;0.9999006581518027;1.0;0.9999065432893517;1.000005469874772;1.0;1.0;1.0015304817602808;0.9998986192141293;0.9999675384242069;0.9999849658853682;1.0002181529805607;1.024999976158142;
2016-06-20 01:30:00;0.9999811013211073;0.9999999999999999;0.9999999999999999;0.9999910055002654;0.999910723537414;1.0;1.0016287177372223;0.9999943464166682;0.999929916605401;1.0;1.0;0.9999999999999999;1.0003956048805882;0.9999936437537347;0.9999949036929089;1.0;0.9999987143037031;0.9999100589305456;1.0005482696474266;0.9999680957771767;0.999973870985027;0.999995679425342;0.9999990056904672;1.0015445034496802;1.0016628454607688;0.9999687670386431;0.9999961556266749;0.9999986718858327;1.0008958636596683;1.0005696931737718;1.000279933579081;1.0001264404827028;0.9999147384580681;1.0;0.9999138905402462;1.000008148989036;1.0;1.0;1.0015110442155004;0.9999129795304184;0.9999705433754735;0.999987328567197;1.000215459812445;1.024999976158142;
2016-06-20 01:45:00;0.9999849283114178;1.0;1.0;0.9999932208851456;0.9999190632560159;0.9999999999999999;1.0016005783336694;0.9999948732708303;0.9999366771524928;1.0;1.0;1.0;1.000389375304705;0.9999938395462918;0.9999947986689628;1.0;0.999999244877339;0.9999187080161757;1.0005390391277176;0.9999726396082296;0.9999797815930719;0.9999965869232194;0.9999994184746966;1.0015181692655075;1.0016337813933878;0.9999753610132858;0.9999971518936316;0.9999987157870818;1.0009061574318694;1.0006004605361893;1.0002954799411279;1.000134139392157;0.9999222673904539;1.0;0.999941490272611;1.0000106118616734;1.0;1.0;1.0014848272726085;0.999920721610284;0.9999770848050743;0.9999890788030126;1.0002120247290212;1.024999976158142;
2016-06-20 02:00:00;0.9999859988491568;1.0;1.0;0.9999929835768586;0.9999263917281751;1.0;1.0015958462653263;0.9999942037765217;0.9999406288254142;1.0;1.0;1.0;1.0003891729234615;0.9999946701326267;0.9999964942914228;1.0;0.9999987283603449;0.9999262295622965;1.0005377328185656;0.9999733422306085;0.9999808153428295;0.9999956730368316;0.9999990512846485;1.0015133622469152;1.0016292032874787;0.9999750895404808;0.9999967090686243;0.9999988870271836;1.000916628133267;1.0006158929673865;1.000304741769989;1.0001387940305526;0.9999296242052965;1.0;0.9999498412690129;1.0000122953421169;1.0;1.0;1.001480658330469;0.9999282828246212;0.9999775728641368;0.9999888798390774;1.000212320028155;1.024999976158142;
2016-06-20 02:15:00;0.999986963001922;1.0;1.0;0.9999939259425987;0.9999297361243078;1.0;1.0016027991170247;0.9999952609875263;0.9999446329819197;1.0;1.0;1.0;1.0003905478299207;0.9999944946446144;0.9999954666780944;0.9999999999999999;0.9999992038104402;0.999929573957887;1.0005399919315765;0.9999760255467491;0.9999828035481266;0.9999971210645906;0.9999994017425775;1.001520227237694;1.0016360666278514;0.9999784191131322;0.9999977505063592;0.9999988520641323;1.0008764768807306;1.0005785181514917;1.0002736790521791;1.0001235033759746;0.9999323252343316;1.0;0.9999480273773498;1.0000075991193298;1.0;1.0;1.0014869462328204;0.9999310347544397;0.9999802885296573;0.9999903607487006;1.0002128278780162;1.024999976158142;
2016-06-20 02:30:00;0.9999790824660415;1.0;1.0;0.9999901589442132;0.9999011797329754;1.0;1.0016087844963182;0.9999939054514133;0.9999226425479308;1.0;1.0;1.0;1.0003902500000252;0.9999930386100501;0.999994347135729;1.0;0.9999986566881339;0.9999003726147956;1.0005414157682828;0.9999648332461012;0.9999709491642225;0.9999952060723719;0.9999989532277724;1.0015255771379676;1.0016425332082757;0.999965587449327;0.9999956569324118;0.9999985462768637;1.0008823475458706;1.0005815079440705;1.0002760479648138;1.0001242375679484;0.9999057046414895;1.0;0.999945973536014;1.0000066490703248;1.0;1.0;1.0014925098678429;0.9999037336871222;0.9999673622844875;0.9999860761014147;1.0002123957187385;1.024999976158142;
2016-06-20 02:45:00;0.9999816123311481;1.0;1.0;0.9999912898091945;0.9999089980390501;1.0;1.0015983406177322;0.9999942947056323;0.9999288179060339;1.0;1.0;0.9999999999999999;1.0003883628623098;0.9999928350074279;0.9999937650673116;1.0;0.999998831577303;0.9999086519744557;1.000538297855115;0.9999685427723277;0.9999757647186166;0.9999968162172921;0.9999991144708216;1.0015157383552147;1.0016317383410291;0.9999703610023294;0.9999973270079563;0.9999985061160039;1.0008874991832342;1.0005923721383843;1.0002830016132411;1.0001280640433237;0.9999122422702633;1.0;0.9999534388476337;1.0000089182391105;1.0;1.0;1.001482701939122;0.999910555885909;0.9999725424824603;0.9999876542578646;1.0002112236410157;1.024999976158142;
2016-06-20 03:00:00;0.9999817685165517;1.0;1.0;0.9999912484676904;0.9999181364158802;1.0;1.0015964787402534;0.9999950824978752;0.9999360779734932;1.0;1.0;1.0;1.000387754781823;0.9999941333778022;0.9999950755757117;1.0;0.9999987415737216;0.9999174487368836;1.0005373971359903;0.9999705281485088;0.999974891746761;0.9999963941098238;0.9999990241743043;1.0015139022904316;1.0016299647085092;0.9999703836516347;0.9999966440985628;0.9999987752169538;1.0008866865352608;1.0005950780195112;1.0002828317284904;1.000127718422616;0.9999217395605958;1.0;0.9999583404595268;1.0000080995379892;1.0;1.0;1.0014811521326537;0.9999201170830874;0.9999718683808819;0.9999884812613404;1.000211203630356;1.024999976158142;
2016-06-20 03:15:00;0.9999839217637384;1.0;0.9999999999999999;0.9999925234466981;0.9999201068104314;1.0;1.0015793904824124;0.9999947466794796;0.9999369843211922;0.9999999999999999;1.0;0.9999999999999999;1.0003840599809668;0.9999946390396961;0.9999960520786608;1.0;0.9999989680113677;0.9999194406337684;1.000531681118361;0.9999715233269661;0.9999771772194204;0.9999953163879252;0.9999991925916136;1.0014979169604972;1.001612347011835;0.9999727074802132;0.9999958928557693;0.9999988811676193;1.000918297456965;1.0006294317869837;1.0003109486255632;1.0001423016168862;0.9999241301240533;1.0;0.9999648167704736;1.0000145946183614;1.0;1.0;1.0014653572367131;0.9999225126408137;0.9999741928330519;0.9999884570904064;1.0002094141329918;1.024999976158142;
2016-06-20 03:30:00;0.9999802325349082;1.0;1.0;0.9999909955291884;0.9998936055094813;1.0;1.0015927650296037;0.9999931698222057;0.9999166503802129;1.0;1.0;1.0;1.0003867329311396;0.9999916697833466;0.999992896338178;0.9999999999999999;0.9999989509893875;0.9998932717492288;1.0005364347653523;0.9999640898597968;0.9999738955904064;0.9999958791198933;0.9999992033524019;1.0015105990487307;1.001625913831456;0.9999677874748328;0.9999966665204363;0.9999982619336407;1.0009263097685406;1.0006352840647077;1.000314207827348;1.000144259676823;0.9998975193347498;1.0;0.9999646969317003;1.0000161553965987;1.0;0.9999999999999999;1.0014774269543607;0.9998955372943866;0.9999703008972208;0.9999856940500316;1.0002101245267494;1.024999976158142;
2016-06-20 03:45:00;0.999980330487126;1.0;1.0;0.9999909839920462;0.9999020106744199;1.0;1.0015937167456455;0.9999943555361399;0.9999241525936654;1.0;1.0;1.0;1.0003866994894743;0.9999920973683668;0.999992651519845;1.0;0.9999989992203038;0.999901595715152;1.0005366495135364;0.9999669545729959;0.9999743641748755;0.9999972239963696;0.9999992332100199;1.0015114532343723;1.00162693487505;0.9999692678895524;0.9999975436984796;0.9999983520088863;1.0009198954264227;1.0006243221749482;1.0003078907649392;1.0001401244269537;0.9999052865257028;0.9999999999999999;0.99995774131997;1.000012104934583;1.0;1.0;1.001478291409298;0.999903451892617;0.9999712504081036;0.9999872645326631;1.0002100474033382;1.024999976158142;
2016-06-20 04:00:00;0.9999824310551203;1.0;0.9999999999999999;0.9999913213664413;0.9999121883737855;0.9999999999999999;1.001605010921707;0.9999938355767223;0.9999303452908618;1.0;1.0;1.0;1.000390575381059;0.9999930782341796;0.9999944581602574;0.9999999999999999;0.999998605662016;0.9999120262102105;1.0005408092861192;0.9999689469768017;0.9999768834205061;0.9999964557808627;0.9999989608410976;1.0015219286208987;1.0016386376124145;0.9999706875766566;0.9999972718823692;0.9999985527712616;1.0009165664090764;1.000614358435162;1.0003032735799817;1.000138812060934;0.9999153297510895;1.0;0.9999485372769035;1.0000143042066822;1.0;1.0;1.0014889920000343;0.9999137588562537;0.9999733850550123;0.999987543710263;1.0002126004241878;1.024999976158142;
2016-06-20 04:15:00;0.9999827677767963;1.0;1.0;0.9999919250864178;0.9999121941388955;1.0;1.0015892392170982;0.9999944439549978;0.9999312901257277;1.0;1.0;1.0;1.000386353053519;0.9999930347628138;0.9999939461989554;1.0;0.9999989609623954;0.9999119109267791;1.0005353029754038;0.9999699439722529;0.9999773846294973;0.9999969232450057;0.9999992142487382;1.0015071955735657;1.0016223667249788;0.9999721909693167;0.9999974737676446;0.9999985475396679;1.0009117036724626;1.000612283415812;1.0003023150810795;1.0001372644025228;0.9999152822835594;1.0;0.999950186663672;1.0000109132857087;0.9999999999999999;1.0;1.0014742584415601;0.9999136621429202;0.9999743289581389;0.9999881576921306;1.0002101667387562;1.024999976158142;
2016-06-20 04:30:00;0.9999847424570291;1.0;1.0;0.9999929929696072;0.9999304171381436;1.0;1.0015744727827407;0.9999959252287548;0.9999457215020382;1.0;1.0;1.0;1.0003826709633967;0.9999956819133188;0.9999967043400734;1.0;0.9999990995418342;0.9999295088859552;1.0005297796381791;0.999974800126374;0.9999777945206438;0.9999957540208468;0.9999992725699164;1.0014933038484628;1.001607331402253;0.999974639796564;0.9999959388981415;0.9999990994318275;1.0008984706658342;1.000605551527311;1.00029698817965;1.0001355261249907;0.9999343248832534;1.0;0.999954804298201;1.0000127720235936;1.0;1.0;1.0014608610282567;0.9999328213241373;0.9999753205476536;0.9999899811900317;1.000208809711819;1.024999976158142;
2016-06-20 04:45:00;0.9999845110895612;0.9999999999999999;1.0;0.9999929412540489;0.9999207798777546;0.9999999999999999;1.0015849296164696;0.9999952318904946;0.9999383690582628;1.0;0.9999999999999999;1.0;1.0003854073370113;0.9999938204322342;0.999994509258188;1.0;0.9999992019597942;0.9999204139016898;1.0005337566914936;0.999973159503129;0.9999794752538254;0.999997187330866;0.9999993860870287;1.0015032619181476;1.0016178611536382;0.9999752655610981;0.999997571831677;0.9999987122824052;1.0009070874963708;1.0006135485933845;1.0003008620627163;1.0001371278318718;0.9999237045315987;1.0;0.9999569917851219;1.0000124389238116;1.0;0.9999999999999999;1.0014702894226188;0.9999222005196374;0.9999768839924734;0.9999894840592114;1.0002097836260937;1.024999976158142;
2016-06-20 05:00:00;0.9999810548380618;1.0;1.0;0.9999909577594982;0.9999133986035004;0.9999999999999999;1.0015930811407683;0.9999946716062014;0.9999321785892857;0.9999999999999999;0.9999999999999999;1.0;1.0003868142965786;0.9999939534673884;0.9999951136659556;1.0;0.999998698900624;0.9999126420580062;1.0005361905391101;0.9999687773115531;0.999973620468492;0.9999957704773237;0.9999989878905582;1.0015106820121233;1.001626506734551;0.9999688418775612;0.9999961190678043;0.9999987378564049;1.000914973803036;1.0006166068701332;1.0003019889101332;1.0001349396470656;0.999917418856053;1.0;0.9999541742647661;1.000004337065434;1.0;0.9999999999999999;1.001478009350326;0.9999156847297022;0.9999703925679879;0.9999876758935259;1.0002106982552652;1.024999976158142;
2016-06-20 05:15:00;0.9999818649472667;1.0;1.0;0.9999909532901878;0.999920647893375;1.0;1.0016065898794997;0.9999948959329005;0.9999375056072802;1.0;0.9999999999999999;1.0;1.0003905324948936;0.999994249387468;0.9999953839943375;1.0;0.9999985138460079;0.9999200812621405;1.0005409664836844;0.9999707589405024;0.9999751722249242;0.9999964414304321;0.9999988648011202;1.001523328996918;1.0016404041270381;0.9999701148561455;0.9999968125456448;0.9999987971273382;1.0009253962638387;1.000628647792162;1.0003054393945172;1.0001349633978183;0.9999240476854546;0.9999999999999999;0.9999612496758609;0.9999998099790387;1.0;1.0;1.0014905940654;0.9999225205835142;0.9999719523000394;0.9999884940287952;1.000212798036239;1.024999976158142;
2016-06-20 05:30:00;0.999988832621824;1.0;1.0;0.9999947068542235;0.999942519036164;0.9999999999999999;1.0015896231491443;0.9999961997032263;0.9999547787529249;1.0;1.0;1.0;1.0003876828520264;0.999995489397964;0.9999962239624628;1.0;0.9999992718775697;0.9999423568676701;1.0005355479240718;0.999980166533123;0.9999852748686051;0.9999977724794391;0.9999994519153257;1.0015077503553296;1.0016226155529744;0.9999816740819222;0.9999982191478728;0.9999990605841386;1.0009166942895926;1.0006206843243262;1.0003064025147832;1.000139420929655;0.9999446072806385;1.0;0.9999559579591907;1.0000119726244396;1.0;1.0;1.001474780682306;0.9999435514169411;0.9999831854742502;0.999992099141645;1.0002114450023856;1.024999976158142;
2016-06-20 05:45:00;0.9999881203875948;0.9999999999999999;1.0;0.9999945332694075;0.999937155338979;1.0;1.0016630842940863;0.9999958592849212;0.9999505589420814;1.0;1.0;1.0;1.0004056705106577;0.999995316261315;0.9999962207161815;1.0;0.9999993063169792;0.9999368705560453;1.0005600986194663;0.9999783809976261;0.9999839037838376;0.9999970816321899;0.999999468703326;1.001577557769667;1.0016975354580593;0.9999802354341886;0.9999975860700253;0.9999990242966323;1.0009588411273156;1.0006514991465303;1.0003216508481898;1.0001475247566096;0.9999397605852107;1.0;0.9999567074971931;1.000016157364762;0.9999999999999999;1.0;1.001542898095295;0.9999385600142313;0.9999816746772126;0.9999912968153913;1.0002213130027826;1.024999976158142;
2016-06-20 06:00:00;0.9999871410282629;1.0;1.0;0.9999941273825843;0.9999310039916949;1.0;1.0017036366451648;0.9999956485661211;0.9999460938157597;1.0;1.0;0.9999999999999999;1.000415548076956;0.9999944393895299;0.9999951011605954;1.0;0.9999993282343063;0.9999308418250684;1.000573770617535;0.9999768911450763;0.999983304341821;0.999997684973181;0.999999493456459;1.0016160639502178;1.001738877684737;0.999979337743;0.9999981561883885;0.9999988430491474;1.000985983427322;1.000674703917619;1.0003329049919596;1.000153119959375;0.9999333368074561;1.0;0.9999613695144927;1.0000181208398353;1.0;1.0;1.001580361908977;0.9999320720948195;0.9999810166203276;0.999990872192696;1.0002264680714132;1.024999976158142;
2016-06-20 06:15:00;0.9999802351893399;1.0;1.0;0.9999907785032742;0.9999063099771552;1.0;1.001772263711518;0.9999946867314488;0.9999275264571057;1.0;1.0;1.0;1.0004308820407706;0.999992559932583;0.9999930839696733;1.0;0.9999988898612739;0.9999058046434143;1.0005965554672904;0.9999678294795665;0.9999739862529043;0.9999972827132033;0.9999991462629003;1.0016808744088732;1.0018091972137326;0.9999691160857259;0.9999974855460905;0.9999984463465391;1.0010182335329942;1.0006949847589943;1.000340818122591;1.0001566529020491;0.9999095691134969;1.0;0.9999595109186193;1.0000183143382924;1.0;1.0;1.001643924304745;0.9999077932895826;0.9999709188772412;0.999987669762241;1.0002343876709447;1.024999976158142;
2016-06-20 06:30:00;0.9999784642071751;1.0;1.0;0.9999895067730958;0.999908273137156;1.0;1.0018972880799375;0.9999945893347155;0.9999284168320076;1.0;0.9999999999999999;1.0;1.0004613187087061;0.9999935907670382;0.999994652372246;1.0;0.9999984143658482;0.9999073649050813;1.0006382099823843;0.9999662907709842;0.9999700776811293;0.9999958405025416;0.9999987675194627;1.0017992009973287;1.0019371148710474;0.9999650468877922;0.9999960009326906;0.9999986594359711;1.0011031499979581;1.0007589957468532;1.0003756449116552;1.0001740345616077;0.9999124876362147;1.0;0.999961999217107;1.0000249290911378;0.9999999999999999;1.0;1.0017601206737683;0.9999106415362886;0.9999665850983875;0.999986900949132;1.0002514354788123;1.024999976158142;
2016-06-20 06:45:00;0.9999873156038102;1.0;1.0;0.9999938241836298;0.999941375678247;1.0;1.0018778254594705;0.9999962417871677;0.9999539022131609;1.0;1.0;1.0;1.000458470091297;0.9999957347947219;0.9999965487078953;1.0;0.9999990536399224;0.9999409897824468;1.0006320628085252;0.999978877468155;0.9999826608899505;0.9999973493183945;0.9999992753636705;1.001781159762297;1.00191685040622;0.9999790763075879;0.9999976664058186;0.999999112034284;1.0010560178331585;1.0007025183357954;1.0003401738803177;1.0001523901843687;0.9999438749866864;1.0;0.9999402026859808;1.0000070256019082;1.0;1.0;1.0017420913002222;0.9999427450519354;0.9999803927355709;0.9999916440654067;1.0002503353895227;1.024999976158142;
2016-06-20 07:00:00;0.9999875249053715;0.9999999999999999;1.0;0.9999941259175694;0.9999468442656818;1.0;1.001862320745407;0.9999970032715622;0.9999586533080976;1.0;1.0;1.0;1.0004542834385979;0.9999967239228643;0.9999974267058488;0.9999999999999999;0.9999991832753004;0.9999460876948824;1.000626482378387;0.9999803631279868;0.9999819023232744;0.9999968944793982;0.9999993449280679;1.001766529746448;1.0019010244329989;0.999979487661874;0.9999969277065965;0.9999993188080589;1.00086603613057;1.0005223299900918;1.0001961982121468;1.000074062220601;0.9999498256792951;1.0;0.9999246428883832;0.9999628313031953;1.0;1.0;1.0017278057787715;0.9999486711185933;0.9999799577522259;0.999992298367509;1.0002482478511707;1.024999976158142;
2016-06-20 07:15:00;0.9999799174092157;1.0;1.0;0.999990365537636;0.9999048779790515;0.9999999999999999;1.0020254224819407;0.999994075526363;0.9999255658259636;1.0;1.0;0.9999999999999999;1.0004931742592762;0.9999927129535299;0.999993752063006;1.0;0.9999986352136975;0.9999043802540027;1.0006815496931973;0.9999664925834026;0.9999731380305052;0.9999964032221313;0.9999989590940219;1.0019209241298934;1.0020676783534253;0.9999675106875603;0.9999968614289797;0.9999984773702385;1.0008568907981041;1.0004956712187767;1.0001510184023101;1.0000496141285025;0.9999085124726346;1.0;0.9999237288917149;0.9999505944208118;0.9999999999999999;1.0;1.0018787948840693;0.9999067155344896;0.9999696663568312;0.9999868717868557;1.0002686675229138;1.024999976158142;
2016-06-20 07:30:00;0.9999763812745793;1.0;1.0;0.9999884855941912;0.9998897119077576;1.0;1.0020338055343028;0.9999933295337103;0.9999141382848361;1.0;1.0;0.9999999999999999;1.000494685162305;0.9999906892726869;0.9999913687815261;1.0;0.9999983693383256;0.9998894562210267;1.0006846501087807;0.9999617463528788;0.9999698868397822;0.9999975484644316;0.9999987800844624;1.0019286435145465;1.0020763600429405;0.9999630627743091;0.9999979534935624;0.9999980500350598;1.0008511266642839;1.0004975328982129;1.000143629286587;1.00004384041879;0.9998928634362622;1.0;0.9999360648133606;0.9999428794341412;1.0;1.0;1.0018863870311838;0.999890902903488;0.9999659673181204;0.9999853567929317;1.0002689245280683;1.024999976158142;
2016-06-20 07:45:00;0.9999397897216706;1.0;1.0;0.9999676956909528;0.9997617302676405;0.9999999999999999;1.0022249750294985;0.9999840528862475;0.9998114210451172;1.0;1.0;1.0;1.0005367151592468;0.9999803675804492;0.999983246509802;1.0;0.9999937859207582;0.9997610426962099;1.0007488674796887;0.9999092560513176;0.9999217942534181;0.9999937558712646;0.9999953712632144;1.002106919788222;1.002273983262718;0.9999028371753461;0.9999947439400864;0.9999958411221308;1.0009531710051542;1.0005636900737898;1.0001731167987344;1.0000561809111979;0.9997688759106268;1.0;0.9999311771876904;0.9999416588867353;1.0;1.0;1.002063600962758;0.9997647838260622;0.9999109186751324;0.9999651639885473;1.0002900026235035;1.024999976158142;
2016-06-20 08:00:00;0.9999599419903664;1.0;1.0;0.9999821168989389;0.99978964615892;0.9999999999999999;1.0021700864943126;0.999987785205538;0.9998372681954;1.0;1.0;1.0;1.0005244430481608;0.999982641043479;0.9999837589720826;1.0;0.9999982939024012;0.9997890015373372;1.0007300036225133;0.9999305510671745;0.9999484756398808;0.9999943590532191;0.9999986971978043;1.0020580954792235;1.0022152932266193;0.9999377647984807;0.9999952259653241;0.9999963534319223;1.0009018435802903;1.000524599915656;1.0001425952275103;1.0000349409287126;0.9997963183882446;1.0;0.9999355240916402;0.9999181535828819;1.0;1.0;1.0020120859286676;0.9997924225423027;0.999942113604542;0.999973131358532;1.0002834087088803;1.024999976158142;
2016-06-20 08:15:00;0.999971580062727;1.0;1.0;0.9999868870857156;0.9998633044863101;1.0;1.0021587779992496;0.9999926274455997;0.9998949937405268;1.0;1.0;0.9999999999999999;1.0005239268018693;0.9999883944942662;0.9999885536516576;1.0;0.9999985907923471;0.9998628175169642;1.000726260448057;0.9999542780679233;0.9999638803103541;0.99999759766435;0.9999989271001023;1.002047396993492;1.0022037646423243;0.9999570012660464;0.9999977318056039;0.9999975709849513;1.0009001025639117;1.000523926051756;1.0001404562923837;1.0000302180232454;0.9998671510278797;0.9999999999999999;0.999938177055347;0.9999073462088324;1.0;1.0;1.0020019770764013;0.9998646440598421;0.9999597359222828;0.9999828116519954;1.0002842780561922;1.024999976158142;
2016-06-20 08:30:00;0.9999681845416084;1.0;1.0;0.9999855324298799;0.9998439545334498;1.0;1.0022506322865856;0.9999912215840858;0.9998794601396688;1.0;0.9999999999999999;0.9999999999999999;1.000545700795677;0.9999876810701712;0.9999885471469027;0.9999999999999999;0.999998449903457;0.9998430877394392;1.0007567379999622;0.9999471487676626;0.9999579839578291;0.9999952367230731;0.9999987966132368;1.002134549758025;1.0022975605702313;0.9999503418805937;0.9999956117573898;0.9999974186477425;1.0009051747804314;1.0004976448905163;1.0001124282842255;1.0000060634913717;0.9998495269162998;1.0;0.9999144003568925;0.9998730917023038;1.0;1.0;1.002087199979015;0.9998465374514087;0.999953105657594;0.99997966488377;1.0002962015749377;1.024999976158142;
2016-06-20 08:45:00;0.9999511861060266;1.0;1.0;0.9999781814680185;0.9997409315862871;1.0;1.0024752942806423;0.9999850343529746;0.9997998812628235;1.0;1.0;1.0;1.0005975862153227;0.9999777647620909;0.9999787195266162;1.0;0.9999979887495417;0.9997405151303919;1.0008326225832616;0.9999154320504107;0.9999387160137764;0.9999945800262185;0.9999984882598904;1.0023474496780622;1.0025268492750221;0.9999252332048486;0.9999956366218883;0.9999953143986493;1.000902462930164;1.000396708527327;1.0000514019007118;0.9999729092419634;0.9997481165294623;1.0;0.9998071039584646;0.9998565918339359;1.0;1.0;1.0022946834103736;0.9997434467682087;0.9999310344379688;0.9999675117880238;1.0003222615933687;1.024999976158142;
2016-06-20 09:00:00;0.9999515054749374;0.9999999999999999;1.0;0.9999778895672764;0.9997453281608352;1.0;1.0025370783314194;0.9999845385008977;0.9998019752776681;1.0;1.0;1.0;1.0006132106722465;0.9999788239381245;0.9999806125525383;1.0;0.9999976020064463;0.9997447922665064;1.0008532290007264;0.999915166702365;0.9999379382398084;0.9999930039960852;0.9999981948116137;1.0024058653594412;1.0025901124449927;0.9999237903926389;0.999994371142704;0.999995539818521;1.0009865728606002;1.0004956644363692;1.0000921630434791;0.9999823323400361;0.9997532019064367;0.9999999999999999;0.9998609531467506;0.9998322844586321;1.0;1.0;1.0023521877311983;0.9997485768734127;0.9999297981916349;0.9999669574836153;1.0003312741188606;1.024999976158142;
2016-06-20 09:15:00;0.9999700810835543;1.0;0.9999999999999999;0.99998559648565;0.9998560589919232;1.0;1.0024449399774809;0.9999912750570983;0.9998879644746439;1.0;1.0;1.0;1.0005943543954354;0.9999877725194097;0.999988645589256;1.0;0.9999980589783909;0.9998557957062286;1.000822465430485;0.9999506607523748;0.9999620399752139;0.9999968309585107;0.9999985507778215;1.0023185418162917;1.0024960560910268;0.999953265471329;0.9999974286664375;0.9999974363293302;1.00089915698855;1.0004161194805288;1.0000541835507293;0.9999708695728998;0.9998600970182718;1.0;0.9998397238555458;0.999848110304246;0.9999999999999999;1.0;1.002267393447157;0.9998575481262989;0.999957054477928;0.9999810619924134;1.000322869323625;1.024999976158142;
2016-06-20 09:30:00;0.9999767304640031;1.0;0.9999999999999999;0.9999889524602006;0.9998921267201043;1.0;1.0023806763011047;0.9999937931129825;0.9999163822731026;1.0;1.0;1.0;1.0005795202184373;0.9999914103591622;0.9999920722117253;1.0;0.9999985650364974;0.9998915601050322;1.0008005368297839;0.9999625343063998;0.9999694021423224;0.9999969050862529;0.9999989025330864;1.0022579158977818;1.0024302815511805;0.9999635215193022;0.9999971457184496;0.9999982038411839;1.0008476822531425;1.0003855513227056;1.0000265119184069;0.999951907920166;0.9998958375350548;1.0;0.9998548376367734;0.9998272946444084;1.0;1.0;1.0022080529149817;0.9998938089705213;0.999965734443951;0.9999856481957426;1.0003155683490772;1.024999976158142;
2016-06-20 09:45:00;0.9999738328149411;1.0;1.0;0.9999871344575786;0.9998869027988045;1.0;1.0024523287431286;0.9999932190854085;0.9999116906808265;0.9999999999999999;1.0;1.0;1.0005966009164988;0.9999915762212221;0.99999274021701;0.9999999999999999;0.9999980372146919;0.9998860558742944;1.000824390993368;0.99995887830459;0.9999645298161449;0.9999956948554258;0.9999984938117691;1.0023255261603257;1.002503751232902;0.9999579131440923;0.9999959640128476;0.9999982332385112;1.0008469568707623;1.0003628593775966;1.0000143469426852;0.999952012419676;0.9998914690006644;1.0;0.9998313185395237;0.999845287693155;1.0;1.0;1.0022746762000492;0.9998892853298842;0.9999602269649696;0.9999840964508222;1.0003250738463918;1.024999976158142;
2016-06-20 10:00:00;0.9999744088929727;0.9999999999999999;0.9999999999999999;0.9999871792897861;0.9998854496438463;0.9999999999999999;1.0024884265099607;0.9999925812374062;0.9999098578885526;1.0;1.0;0.9999999999999999;1.000605943493313;0.9999910874315759;0.9999925013982918;1.0;0.9999979141465696;0.9998849320217882;1.0008368600554107;0.9999584877562473;0.999965996750643;0.9999958562461424;0.9999984261873264;1.0023596934603514;1.0025406009003133;0.9999583792407892;0.9999964456394035;0.9999981278489026;1.0008537215481565;1.0003505789454836;0.9999993704557659;0.9999329509394859;0.9998896310160628;1.0;0.9998176012058866;0.9998084450998365;1.0;1.0;1.0023081314912732;0.9998875248565899;0.999961426696324;0.9999837704938888;1.0003301323515363;1.024999976158142;
2016-06-20 10:15:00;0.9999804935381503;1.0;1.0;0.9999901954419176;0.9999120026700742;1.0;1.0025301522427568;0.9999941458629104;0.9999305029581578;1.0;1.0;1.0;1.000617221906014;0.9999933048093734;0.9999945663678268;1.0;0.9999983652280185;0.9999115861429171;1.0008508092486026;0.9999679182951501;0.999973843208552;0.999996433740016;0.9999987657768121;1.0023995640575443;1.0025829561209714;0.99996785794784;0.9999969736064117;0.9999985971766996;1.0008425724233618;1.0003102878547983;0.9999658908720417;0.9999013764307725;0.9999153961587312;1.0;0.9997909525396098;0.9997598089619815;1.0;1.0;1.0023469120729376;0.9999137684443302;0.9999702453280812;0.9999873441914401;1.0003368019388896;1.024999976158142;
2016-06-20 10:30:00;0.9999728822588881;1.0;1.0;0.9999857691418272;0.9998945020230711;1.0;1.002516538810555;0.9999932924179132;0.999916865925064;0.9999999999999999;1.0;1.0;1.0006126138076146;0.9999920788020314;0.9999934245620081;1.0;0.9999973804642885;0.999893754635312;1.0008460703735544;0.9999594867185524;0.9999634239843441;0.9999961528212306;0.9999980166907929;1.0023859275823719;1.002569694739932;0.9999559428069944;0.9999964041056613;0.9999983351208318;1.0008187861392832;1.0002752126620882;0.9999637181638062;0.9999152168764925;0.999898589020953;1.0;0.9997580966586196;0.999803451445314;0.9999999999999999;1.0;1.0023343697750189;0.9998966247834489;0.9999587362358523;0.9999844048031267;1.0003340044219255;1.024999976158142;
2016-06-20 10:45:00;0.999969941285361;1.0;1.0;0.9999855137028569;0.9998329130512811;1.0;1.002412986316057;0.9999871977755499;0.9998659088932219;1.0;0.9999999999999999;1.0;1.0005874756516981;0.9999877377799153;0.999991566827169;1.0;0.999997656732942;0.9998325777476977;1.0008118050440034;0.9999411044945934;0.9999589956108613;0.9999905138960599;0.999998249232401;1.002288264529604;1.0024634512056654;0.9999468822721591;0.9999928054672739;0.9999974268228905;1.0008434068087797;1.0003474712395006;1.000015160634873;0.9999481222217208;0.9998401024772586;1.0;0.9998083383002333;0.9998311521041889;1.0;0.9999999999999999;1.0022380783942195;0.9998370397588532;0.9999521386874869;0.9999754385848407;1.0003197945765279;1.024999976158142;
2016-06-20 11:00:00;0.9999622767518329;1.0;1.0;0.9999828497017393;0.99973758655757;1.0;1.0025078149833149;0.9999769539588368;0.9997853339314594;1.0;1.0;0.9999999999999999;1.000610728442412;0.9999825718754567;0.9999915728312462;0.9999999999999999;0.9999972064902624;0.999737272757556;1.000843960975322;0.9999086555607932;0.9999452213244784;0.9999786728701638;0.9999979188614365;1.0023785671416503;1.0025599380135597;0.9999250508295285;0.9999843117194378;0.9999963167152407;1.0008611281943551;1.0003372182930461;1.000001169752368;0.9999362087192937;0.9997514680784633;1.0;0.9997878633520437;0.9998144924447694;0.9999999999999999;1.0;1.0023260950419386;0.9997465383393364;0.9999340016109898;0.9999594643269126;1.000332522028899;1.024999976158142;
2016-06-20 11:15:00;0.9999711241016298;1.0;1.0;0.9999869093231527;0.9998103592341968;1.0;1.0025471743512882;0.9999845680585893;0.9998467802640286;1.0;1.0;1.0;1.0006206765675205;0.9999864181689875;0.9999915728312462;1.0;0.9999981089815639;0.9998102169923578;1.0008569921229111;0.9999351422418974;0.9999599243702195;0.9999874038712099;0.9999985961297153;1.0024160495946974;1.0025999571694364;0.9999462436868979;0.9999907825991067;0.9999971456273543;1.000858754840276;1.0003171678104392;0.9999706214328808;0.9999005666458557;0.999819115019346;1.0;0.9997834314755435;0.9997501942626965;0.9999999999999999;1.0;1.0023624389384471;0.9998156158797163;0.9999523764191826;0.9999720436384111;1.000337965844586;1.024999976158142;
2016-06-20 11:30:00;0.9999801517223083;1.0;1.0;0.999990139322167;0.9999002503673876;1.0;1.0024887541657512;0.9999928545198825;0.9999206511945281;1.0;1.0;1.0;1.0006072964396078;0.9999921829841069;0.9999938760942229;0.9999999999999999;0.9999983716985911;0.9999000882057487;1.0008371515435805;0.9999645819495923;0.9999738199397369;0.9999957908723394;0.9999987883843771;1.0023603506908283;1.002540605938416;0.9999665986357258;0.9999967936150963;0.9999983654333775;1.000808873356229;1.0002761001123877;0.9999624006292059;0.9999135821631001;0.9999038699901304;1.0;0.9997688600539116;0.9998002474475388;1.0;0.9999999999999999;1.0023084230235464;0.9999020927366669;0.9999697652052767;0.9999857187147227;1.0003312000208702;1.024999976158142;
2016-06-20 11:45:00;0.9999749129100064;1.0;1.0;0.9999880660321192;0.9998910933225964;0.9999999999999999;1.0024917018636004;0.9999939969387652;0.9999157422921816;1.0;1.0;1.0;1.0006060084507433;0.9999920456281884;0.9999928484870257;1.0;0.9999984011961687;0.9998900748281322;1.000837333707453;0.9999610285840372;0.999965685060151;0.9999959092575937;0.9999987500770247;1.0023631172195469;1.0025437657662477;0.9999602857463493;0.99999592774102;0.9999983340947026;1.0008009301245564;1.0002624612467834;0.999957945468884;0.9999141888554443;0.9998956934287486;0.9999999999999999;0.9997573474191924;0.9998076718166515;1.0;1.0;1.0023111427355218;0.9998935138472435;0.9999618988888108;0.9999850810083627;1.0003302508712586;1.024999976158142;
2016-06-20 12:00:00;0.9999705322684903;1.0;1.0;0.9999853456554517;0.9998629274068636;1.0;1.0024827404575214;0.999990853718398;0.9998917905951195;1.0;1.0;0.9999999999999999;1.0006039286024344;0.9999894133772982;0.9999913372732714;1.0;0.999997634057926;0.9998623822781367;1.0008349600515238;0.9999506676950084;0.9999607388472523;0.9999946015171661;0.9999982177999052;1.0023541507288294;1.0025349026889614;0.9999515120331842;0.9999955125410819;0.999997776164559;1.0008031128112318;1.000270300764443;0.9999646907735219;0.9999206986744974;0.9998680504712497;1.0;0.9997618655448403;0.9998175652313863;0.9999999999999999;1.0;1.0023027925359485;0.9998655357349563;0.9999552721147196;0.9999804983961653;1.0003287444245728;1.024999976158142;
2016-06-20 12:15:00;0.999972043633119;1.0;0.9999999999999999;0.9999866763201136;0.9998547588552711;1.0;1.0024902234354167;0.9999897906640144;0.9998846833730847;1.0;1.0;1.0;1.0006060827538688;0.9999893802202273;0.9999920531295452;1.0;0.999998009501735;0.9998541524448086;1.0008373340702759;0.999948766993415;0.9999617759058156;0.9999924931167885;0.9999984902507956;1.002361656421989;1.0025422284217398;0.9999523217638644;0.9999939280511928;0.9999977738635116;1.0007576983629116;1.0002048412594826;0.9999223345528134;0.9998939307650717;0.9998610162750206;1.0;0.9997298330400819;0.9997936763661005;0.9999999999999999;0.9999999999999999;1.0023097118618898;0.9998582745598235;0.9999561348936804;0.9999791201834183;1.0003300998728828;1.024999976158142;
2016-06-20 12:30:00;0.9999741515857646;1.0;0.9999999999999999;0.999986925413615;0.9998630585600317;1.0;1.0025757958005932;0.9999885722948044;0.9998884369121283;1.0;0.9999999999999999;1.0;1.0006283930117;0.9999908475609204;0.9999950815737645;1.0;0.9999974590782806;0.9998625715908054;1.0008663027580558;0.9999492157709658;0.9999632354599307;0.9999900715714007;0.9999980929018042;1.0024425711015805;1.0026297992363415;0.9999521464535438;0.9999923191639409;0.9999980720860382;1.0008151768812488;1.0002429740209002;0.9999239140113386;0.9998716104341097;0.999870043397019;0.9999999999999999;0.9997402365030059;0.9997260768593738;0.9999999999999999;1.0;1.0023894286560904;0.9998674778210281;0.9999568074705583;0.9999783603873273;1.0003430431322915;1.024999976158142;
2016-06-20 12:45:00;0.9999542538569725;1.0;1.0;0.9999794129616905;0.9997470781745701;1.0;1.0027138292225009;0.9999841727853164;0.9998029003098743;1.0;0.9999999999999999;0.9999999999999999;1.000657227917328;0.9999785643035916;0.9999805135899229;1.0;0.9999979113052272;0.9997469160377723;1.0009128526833864;0.999916964129248;0.9999423078884413;0.9999931613640998;0.9999984490114074;1.002573788172054;1.0027702432228696;0.9999278680584182;0.9999948987682571;0.9999954754356181;1.0009381190516997;1.00035991937519;0.9999991715568289;0.9999236062357671;0.9997544987291721;1.0;0.9997637959876469;0.999783221227931;1.0;1.0;1.0025160163513014;0.9997499877969169;0.9999343193273894;0.9999673966388228;1.0003553574375235;1.024999976158142;
2016-06-20 13:00:00;0.9999558723846542;1.0;1.0;0.999975887166299;0.9998284986442151;1.0;1.002640568061162;0.9999880735082607;0.9998636040615483;0.9999999999999999;0.9999999999999999;1.0;1.000641034418809;0.9999857346263044;0.9999881206255904;1.0;0.9999951701931941;0.9998281250945334;1.0008885059079766;0.9999337403412772;0.9999428346199212;0.9999954822905686;0.9999964136448599;1.0025020224898862;1.0026974315885224;0.9999282896324669;0.9999963359205094;0.9999969629046498;1.0007743432434182;1.0002248599930197;0.999901991342754;0.9998834200478808;0.999833504268101;1.0;0.9997621302160817;0.999790917954047;1.0;1.0;1.0024492885329301;0.9998306196157088;0.9999346201301683;0.9999744857482445;1.0003482859261659;1.024999976158142;
2016-06-20 13:15:00;0.999952436217944;1.0;0.9999999999999999;0.9999723163915396;0.9998282461304372;1.0;1.0026718589204286;0.9999861012027916;0.9998602024614456;1.0;1.0;1.0;1.0006498245411397;0.9999860489609466;0.9999900708650074;1.0;0.9999935381541798;0.9998280839804757;1.0008994920389718;0.9999288681562842;0.9999376806992407;0.999993869480333;0.9999952254402621;1.0025306812648969;1.0027302259578499;0.9999195141962897;0.9999954108869171;0.9999970038702939;1.000896070197015;1.0003209597805036;0.9999820528561377;0.999921278439732;0.9998336142881372;1.0;0.9997499046498788;0.9997976081710177;1.0;1.0;1.002478709670976;0.9998308726223891;0.9999276776086452;0.9999719921717658;1.0003535861677568;1.024999976158142;
2016-06-20 13:30:00;0.9999795112781886;1.0;0.9999999999999999;0.999989430990028;0.9999109002243243;1.0;1.0024941842422788;0.999993746037859;0.9999290238346786;1.0;1.0;1.0;1.000608499510489;0.999993563655294;0.9999952311925485;1.0;0.9999980532727745;0.9999103841528431;1.0008386906050457;0.9999664208368101;0.9999719466932471;0.9999956268767073;0.999998528852756;1.002365270867084;1.0025464180792363;0.9999654210727487;0.9999962827431585;0.9999986517055423;1.0007829338943146;1.0002341212845;0.9999409882972746;0.9999036331447704;0.999914737185007;0.9999999999999999;0.9997415874774152;0.9997988687375415;1.0;1.0;1.0023136624291702;0.9999130689357111;0.9999679723703353;0.9999865903914483;1.00033218884578;1.024999976158142;
2016-06-20 13:45:00;0.9999788818730989;1.0;1.0;0.9999897775719329;0.9998939189068863;1.0;1.0025470190590475;0.9999922942346495;0.9999152335403805;1.0;1.0;0.9999999999999999;1.0006213772477606;0.999992883687815;0.9999953013105489;1.0;0.9999983273940404;0.9998932296808198;1.0008561882675036;0.9999614147989282;0.9999700494829853;0.9999932663252392;0.9999987187686834;1.0024157613877622;1.002600082803179;0.999962989652138;0.9999943926203192;0.9999985101408985;1.0008249892588381;1.0002687953961764;0.999958821697564;0.999910691641616;0.9998992589309018;1.0;0.9997477627365196;0.9997972767599435;1.0;1.0;1.0023625976035198;0.9998971799420973;0.9999656398449179;0.9999840708392164;1.0003392710632628;1.024999976158142;
2016-06-20 14:00:00;0.9999808910303024;1.0;0.9999999999999999;0.9999903634501821;0.999906645096528;1.0;1.0025894218114733;0.9999929144844483;0.9999249550943607;1.0;0.9999999999999999;1.0;1.000632353440906;0.9999935000206251;0.9999957435852223;1.0;0.9999982435624126;0.9999062086600996;1.0008706215446304;0.9999654895600115;0.9999733793203349;0.9999943631362678;0.9999986747020103;1.002455868609965;1.0026434189031834;0.9999663956285603;0.9999954622751959;0.9999986389555597;1.0008550749993754;1.0003036282678814;0.9999702998102113;0.9999138646368112;0.9999110294925999;1.0;0.9997693586420928;0.999792879889575;1.0;1.0;1.0024019465257559;0.9999092726047543;0.9999692235061052;0.9999857558546729;1.000345385805082;1.024999976158142;
2016-06-20 14:15:00;0.9999799057967458;0.9999999999999999;1.0;0.9999887020504109;0.9999208584747667;1.0;1.002494160734598;0.9999935430158573;0.9999354150974616;1.0;1.0;1.0;1.000609041460345;0.9999944513787186;0.9999966694954202;1.0;0.9999974256446548;0.9999205032342888;1.000838896364018;0.9999677333489773;0.9999723237968486;0.999995436702625;0.9999980774985969;1.002364750394805;1.0025467742627847;0.9999647132915745;0.9999963247448179;0.9999988367303575;1.0008072320142642;1.0002661483894077;0.9999542848471191;0.9999043434337156;0.9999243908242742;0.9999999999999999;0.9997617152259037;0.999784012126741;1.0;1.0;1.0023138628971993;0.9999229876846408;0.9999678970326572;0.9999868880910204;1.000332813005527;1.024999976158142;
2016-06-20 14:30:00;0.9999820499958956;1.0;0.9999999999999999;0.9999907929487264;0.9999219604038689;0.9999999999999999;1.0023082325453705;0.9999944306888787;0.9999376159653406;1.0;1.0;1.0;1.0005630121974485;0.9999947857720268;0.9999965008699284;1.0;0.9999982867452804;0.9999213447807446;1.0007762893622927;0.9999701969009112;0.9999746960006982;0.9999953491258692;0.9999986939682775;1.0021889516151476;1.0023565622099015;0.9999690975824865;0.999995972605664;0.9999989092507495;1.0007042215842892;1.0001968061949709;0.9999292290108015;0.9999017702313263;0.9999258360878361;1.0;0.9997551358271176;0.9998056285887321;1.0;1.0;1.0021413688511178;0.9999243160036934;0.9999711419563766;0.9999879468989179;1.0003075557908556;1.024999976158142;
2016-06-20 14:45:00;0.9999875370585439;1.0;0.9999999999999999;0.9999937231813567;0.9999393853596311;1.0;1.0023945136834231;0.9999956139929008;0.9999516559759309;1.0;1.0;1.0;1.00058499097575;0.9999953932618202;0.9999965133737075;1.0;0.9999989116025161;0.9999392231916455;1.0008054985777446;0.999978077243982;0.9999833151208938;0.999997202356923;0.9999991863536334;1.0022711540045959;1.0024442493788428;0.9999788448722419;0.9999978090905565;0.999999039449621;1.000760409482051;1.0002373044432298;0.9999404770284759;0.9998954327004995;0.9999417468415818;0.9999999999999999;0.9997650131899598;0.9997741318830825;1.0;1.0;1.0022212395679428;0.9999406509533837;0.999980754119627;0.9999911386566205;1.0003195867810493;1.024999976158142;
2016-06-20 15:00:00;0.9999900491863482;0.9999999999999999;1.0;0.9999952098280432;0.999950827916995;1.0;1.0022711520791583;0.9999966297301963;0.9999610445523461;1.0;1.0;0.9999999999999999;1.0005546909721657;0.9999965003405183;0.9999973756091629;1.0;0.9999992644948641;0.9999505446939362;1.0007640179907669;0.9999824020189116;0.9999862501035841;0.9999974036604565;0.9999994379859194;1.0021542880112004;1.0023182140071287;0.9999831233520072;0.9999978195147746;0.9999992716852741;1.0006901166048483;1.0001959836578902;0.9999179595573113;0.9998854054376375;0.9999530485330083;1.0;0.9997744561955529;0.9997720273799067;1.0;1.0;1.0021069216940472;0.9999520999234659;0.9999843164944664;0.9999928763300246;1.0003031772816962;1.024999976158142;
2016-06-20 15:15:00;0.9999848272675049;0.9999999999999999;1.0;0.9999924255124184;0.999936980512851;1.0;1.0021848917937215;0.9999960257046009;0.9999503573672579;1.0;1.0;1.0;1.0005324646370461;0.9999958600032278;0.9999968919735206;1.0;0.9999987261962114;0.9999362928208945;1.00073484521699;0.999976113195108;0.9999785005476228;0.999996534665334;0.9999990128395746;1.0020720743618479;1.0022305438204033;0.9999747091859158;0.9999967453018717;0.9999991352948425;1.0006513731942681;1.0001807712282682;0.9999136059432486;0.999887819641435;0.9999401887822849;1.0;0.9997843644835981;0.999783050840954;1.0;1.0;1.00202702978621;0.9999389039494341;0.9999758664103755;0.9999905708309816;1.000290884378594;1.024999976158142;
2016-06-20 15:30:00;0.9999873166735637;1.0;1.0;0.9999935825991252;0.9999407783655722;1.0;1.0021515045856366;0.9999955507801028;0.9999523561243584;1.0;1.0;1.0;1.0005251411377774;0.9999961734535263;0.9999976906077914;0.9999999999999999;0.9999988058028317;0.9999403419142455;1.0007238761761499;0.9999776146489231;0.9999818526191314;0.9999959877122848;0.9999990891358649;1.002040511610001;1.0021963506106013;0.9999775385491724;0.9999966309511367;0.9999992019809208;1.0005313526936235;1.0000784399664175;0.9998397736367701;0.999858896357458;0.9999439033579615;1.0;0.9997799718381973;0.999793964328904;1.0;1.0;1.0019960975461741;0.9999427417687285;0.9999791463533355;0.99999074873783;1.000287067441389;1.024999976158142;
2016-06-20 15:45:00;0.9999822891241367;1.0;1.0;0.9999908602943565;0.9999207374498534;1.0;1.0022116701057338;0.999994075340476;0.9999362681608449;1.0;1.0;1.0;1.0005390581400098;0.999994721741818;0.9999966662499402;1.0;0.9999982429308519;0.9999201891339512;1.000744037916245;0.9999697138629583;0.9999749871690884;0.9999950073768507;0.999998666392652;1.002097207167979;1.0022580647771446;0.9999689999524469;0.9999958015148717;0.9999988957670808;1.0006686221044152;1.0001769999400862;0.9999202116462812;0.9998924475761758;0.9999247099487912;1.0;0.9997599016734949;0.9997885927471298;1.0;0.9999999999999999;1.0020519025281271;0.999923183549957;0.9999712786717053;0.9999876035457687;1.000294435399692;1.024999976158142;
2016-06-20 16:00:00;0.9999830264340785;1.0;1.0;0.9999920983216314;0.9999158996605857;1.0;1.0021893316840467;0.9999947077753193;0.999934131345161;1.0;1.0;1.0;1.0005330696935548;0.9999938240791177;0.9999949004466125;0.9999999999999999;0.9999989707397007;0.9999153744146854;1.00073647688448;0.9999706386142512;0.9999768240438316;0.9999961987535261;0.999999204484236;1.0020764880282846;1.0022348536885095;0.9999721450348473;0.9999966838737611;0.9999987100315282;1.0006770941627536;1.0001985466768593;0.9999373335111502;0.9999061613871212;0.9999194788978893;0.9999999999999999;0.9997732696197096;0.9998066272987212;1.0;1.0;1.0020309213779357;0.9999178411664075;0.9999738438362406;0.999988336314701;1.000290734463923;1.024999976158142;
2016-06-20 16:15:00;0.9999881100647218;0.9999999999999999;0.9999999999999999;0.9999937380415977;0.999946105547135;1.0;1.0021612807293778;0.9999959186404792;0.999956660644417;1.0;1.0;1.0;1.0005277106506856;0.999995998588922;0.9999971688812099;1.0;0.9999987714646784;0.9999459433780594;1.0007273960832637;0.9999797052128513;0.9999839369263286;0.9999973181428284;0.999999083057114;1.0020496722285392;1.0022063601521722;0.9999795278824195;0.999997892436942;0.9999991661129133;1.000597910238489;1.000138733673878;0.9998799699237813;0.9998713354600565;0.9999482876872517;1.0;0.9997884540055461;0.9997781987885184;1.0;1.0;1.0020051073543195;0.9999473239329806;0.9999814094984274;0.999991773643963;1.0002883406884173;1.024999976158142;
2016-06-20 16:30:00;0.9999907269971855;1.0;1.0;0.9999950739290842;0.9999626365174357;1.0;1.0021063941705062;0.9999972450658684;0.9999699178110769;1.0;1.0;1.0;1.0005145563381586;0.9999976512411857;0.9999985974270115;0.9999999999999999;0.9999989953112581;0.9999622812621152;1.0007087861470807;0.9999850948558958;0.9999867415592887;0.999997533078605;0.999999234518164;1.0019977476283126;1.00215027666244;0.9999838318759321;0.9999978326970976;0.999999511127998;1.000563935892815;1.0001037541083495;0.9998736725686133;0.9998762212486556;0.9999646448591724;1.0;0.999767199739674;0.9998005300706277;1.0;0.9999999999999999;1.0019543244595988;0.9999639084877925;0.9999848655907516;0.9999939571971009;1.0002814825579984;1.024999976158142;
2016-06-20 16:45:00;0.9999895772219347;1.0;0.9999999999999999;0.9999942519164194;0.9999551592967276;1.0;1.0020703899285912;0.999996105230084;0.9999630436534729;0.9999999999999999;1.0;1.0;1.0005058569712815;0.9999972479035155;0.9999988455040019;1.0;0.9999986751827279;0.9999548760724419;1.0006968605082716;0.9999817819573201;0.9999849485306799;0.9999964420145641;0.9999990035990505;1.0019634045468815;1.0021136685024181;0.9999807335188138;0.9999971279197918;0.9999994258697543;1.0005567271112759;1.0001029182732903;0.9998774522529422;0.9998790788558515;0.9999576705161421;1.0;0.9997685007084355;0.999803489575821;0.9999999999999999;0.9999999999999999;1.001921013166534;0.9999568248486245;0.999982424950708;0.9999923175071576;1.0002767715753087;1.024999976158142;
2016-06-20 17:00:00;0.9999880331316224;1.0;1.0;0.9999940140503871;0.9999512469261972;1.0;1.002032613087574;0.9999969422452692;0.9999615818212726;0.9999999999999999;1.0;1.0;1.0004956935974005;0.9999969191542741;0.9999977574553317;0.9999999999999999;0.9999989822645623;0.9999506511930565;1.000683840052042;0.9999813183835614;0.9999828535467483;0.9999971406592761;0.9999992080387213;1.0019277512546447;1.002075004939456;0.9999799646789996;0.9999972833737182;0.999999357852906;1.0005272498926394;1.00009634723895;0.9998685124766908;0.999877963268507;0.9999538678926487;0.9999999999999999;0.9997887964896311;0.9998113728835074;0.9999999999999999;0.9999999999999999;1.0018858589208928;0.9999528553522009;0.9999807866522266;0.9999926158046999;1.000270950331064;1.024999976158142;
2016-06-20 17:15:00;0.9999826250788262;1.0;1.0;0.9999913363059916;0.9999238515168684;1.0;1.0019910082174623;0.9999950463569278;0.9999399237523445;1.0;0.9999999999999999;0.9999999999999999;1.0004844767116543;0.9999946202295902;0.9999958105188458;1.0;0.9999985609511884;0.9999232618205276;1.0006699843398388;0.9999717973208698;0.9999759815262437;0.9999962988998562;0.999998897906403;1.0018879789036657;1.0020327475945416;0.9999711224945833;0.9999966844638606;0.9999988752664504;1.0005256480890108;1.0000959632641877;0.9998739396717847;0.9998780912600034;0.9999272817248221;1.0;0.9997847936599937;0.9998037263184564;1.0;1.0;1.0018471880015427;0.999925799537342;0.9999728500889093;0.9999888410882304;1.0002643240242162;1.024999976158142;
2016-06-20 17:30:00;0.9999866549309966;1.0;0.9999999999999999;0.999993421227713;0.9999387109539085;1.0;1.0019893363154366;0.9999959025762396;0.9999515257902243;1.0;0.9999999999999999;0.9999999999999999;1.0004847461893223;0.9999956721164763;0.9999967075861761;1.0;0.9999989295803609;0.9999382852436276;1.0006695204945448;0.9999775705469508;0.9999815306110975;0.9999968738670953;0.9999991811260558;1.0018866217464573;1.0020308321636766;0.9999775970439423;0.9999972801878025;0.9999990972142826;1.0005719308675844;1.0001440779017947;0.9998970808477573;0.9998765292118533;0.9999414927787428;0.9999999999999999;0.9998032878271544;0.9997682958273664;1.0;1.0;1.0018456522434054;0.999940303884334;0.999979039388432;0.9999910308826065;1.0002646825488193;1.024999976158142;
2016-06-20 17:45:00;0.9999843325383336;1.0;1.0;0.9999923422076176;0.9999203693472621;0.9999999999999999;1.0019776179699977;0.9999941567134462;0.9999363551035797;1.0;1.0;1.0;1.0004818046597372;0.9999943687722802;0.9999960934263883;1.0;0.9999987305375003;0.9999200033713476;1.0006657153639806;0.9999712738880913;0.9999782790178035;0.9999954100456893;0.9999990385976001;1.0018754703115096;1.0020188914971822;0.9999727399187971;0.9999962935352795;0.9999988227477623;1.0005904183426593;1.0001611717978172;0.9999278005825236;0.9999075963179211;0.9999240274615743;1.0;0.9997922730614394;0.9998205682225617;0.9999999999999999;1.0;1.001834751059315;0.9999225170879333;0.9999749662809049;0.9999881806016984;1.0002629301406403;1.024999976158142;
2016-06-20 18:00:00;0.9999825246628878;1.0;1.0;0.9999905703686517;0.999926197796545;0.9999999999999999;1.0019726400471882;0.9999944596336375;0.999940664141157;1.0;1.0;1.0;1.0004805980536842;0.9999944235810236;0.9999959568159356;1.0;0.9999980748859437;0.9999259651355162;1.0006642145417268;0.9999715736154783;0.999976557017332;0.999996659081781;0.9999985646570155;1.001870192235609;1.0020142411695787;0.9999702659303612;0.9999973400442124;0.9999988333913075;1.0005379007481587;1.0000979356095068;0.9998876499923313;0.9998865628774105;0.9999290357613327;1.0;0.9997677205680808;0.9998106878077875;1.0;0.9999999999999999;1.001830209162309;0.999927737196206;0.9999729488380319;0.9999886251180571;1.0002622334107696;1.024999976158142;
2016-06-20 18:15:00;0.9999542102096518;1.0;1.0;0.9999700219808547;0.999895217868702;1.0;1.0021073449820959;0.9999900968250639;0.9999115566986232;1.0;1.0;1.0;1.0005118329960117;0.9999910988742902;0.9999945413447177;1.0;0.9999916937120501;0.9998950557078793;1.0007104698526776;0.9999445015142593;0.9999400917931304;0.9999977722495683;0.9999938658190343;1.001993250774018;1.0021555799732316;0.9999227120038464;0.9999982189396548;0.9999980555869179;1.0006982727424536;1.0002329651672308;0.999979600709474;0.9999366192508589;0.9998975982667281;1.0;0.9997741331207938;0.9998386534843722;1.0;1.0;1.001956059061186;0.9998962502006434;0.9999305220811961;0.9999790579884643;1.0002789924124798;1.024999976158142;
2016-06-20 18:30:00;0.9999762268893965;1.0;1.0;0.9999861400364489;0.9999278917928827;1.0;1.0020294686577982;0.9999946942227617;0.999941616725922;1.0;1.0;1.0;1.0004935905435623;0.9999950560656871;0.9999967108433936;1.0;0.9999967366199906;0.9999271949634568;1.0006829599173017;0.9999677836288288;0.9999672285943924;0.9999966311479561;0.9999975456567253;1.0019230811671467;1.0020731571944796;0.9999600037765247;0.9999968045747162;0.9999989619000179;1.0006431134662253;1.000187928777776;0.9999532877048377;0.9999199478571346;0.9999310861105059;1.0;0.9997721275395042;0.999824856105606;1.0;1.0;1.0018832173012577;0.9999297824953792;0.9999627245439318;0.9999875665757673;1.0002695225534013;1.024999976158142;
2016-06-20 18:45:00;0.9999878955971215;1.0;1.0;0.9999939190311145;0.999943994276485;1.0;1.0020135965605252;0.9999959142337383;0.9999551452948223;1.0;1.0;1.0;1.000491010091914;0.9999963256526356;0.9999976459271923;0.9999999999999999;0.9999989026183032;0.999943568563955;1.0006776670130026;0.9999789555566961;0.9999827738051688;0.9999963911892039;0.999999161252706;1.0019096302419903;1.002055603633405;0.9999788422041545;0.9999969330504641;0.9999992336971452;1.0006353854719905;1.0001765802809357;0.999950709896303;0.9999184014433878;0.9999468871200212;1.0;0.9997632863009513;0.999823630523981;0.9999999999999999;1.0;1.0018682423964094;0.9999457847313642;0.9999802838360551;0.9999913702802938;1.0002683335533882;1.024999976158142;
2016-06-20 19:00:00;0.9999707382103931;1.0;1.0;0.9999815093289944;0.9999258250081777;1.0;1.00207266986887;0.9999932891438797;0.9999377452198804;1.0;1.0;1.0;1.0005043698469882;0.999994913721019;0.9999975823252115;1.0;0.9999950172962083;0.9999252492020843;1.0006979469312554;0.9999622617986035;0.999959847958837;0.9999961674644411;0.9999962867805542;1.0019628232478264;1.0021182564599973;0.9999493674047005;0.9999966054515064;0.9999989101051371;1.0007358126929706;1.0002564640871618;1.0000100783731356;0.999947135901336;0.9999290081854553;0.9999999999999999;0.9997587430401341;0.9998306583688709;1.0;0.9999999999999999;1.0019236735710737;0.9999278168018108;0.999953677761588;0.9999852990075901;1.0002756298494782;1.024999976158142;
2016-06-20 19:15:00;0.9999622756459663;1.0;1.0;0.9999762585183719;0.9999023964043682;1.0;1.0020535213923143;0.9999913281265599;0.999918452534129;1.0;1.0;1.0;1.0004987909930882;0.9999929795540108;0.9999962462277764;0.9999999999999999;0.9999936666329279;0.9999017577262508;1.00069163720769;0.9999512481344744;0.9999487392615442;0.9999955560954337;0.9999952867542882;1.0019437132351279;1.0020994858685799;0.9999352055398197;0.9999960958122629;0.9999984900623045;1.0007410529826066;1.0002784011781123;1.000029450335326;0.999967743746929;0.9999062221204175;1.0;0.9997736846081308;0.9998663720009893;1.0;0.9999999999999999;1.0019060010160958;0.99990468410757;0.9999408585920637;0.9999811065904489;1.000272254655933;1.024999976158142;
2016-06-20 19:30:00;0.999981751291998;1.0;1.0;0.9999899677561679;0.9999275883576305;1.0;1.0019598198265856;0.9999945706921919;0.9999417142519227;1.0;0.9999999999999999;1.0;1.0004773433895504;0.9999945597599782;0.999996080847973;1.0;0.999997882669949;0.9999273051411539;1.0006599360614676;0.9999713993691447;0.9999754550676617;0.9999967804447489;0.9999984194250373;1.00185786868905;1.00200129626765;0.9999690670147106;0.999997371189741;0.9999988582622006;1.000760055250371;1.0003074878242775;1.0000625209075515;0.9999814018203393;0.9999303872423777;0.9999999999999999;0.9997793196333564;0.9998632172501135;1.0;1.0;1.001818386541836;0.9999291151148428;0.9999717514181772;0.9999886396592509;1.0002604781886342;1.024999976158142;
2016-06-20 19:45:00;0.9999680902472139;1.0;1.0;0.9999800879765123;0.9999096114148686;1.0;1.0019625905551586;0.9999918909191915;0.999924637441507;1.0;0.9999999999999999;1.0;1.0004773492001087;0.9999932208955689;0.9999961826146364;0.9999999999999999;0.999994754161607;0.9999092577420786;1.0006613216699511;0.9999568580938454;0.9999570581219479;0.9999959889099681;0.9999961083786597;1.0018582547521446;1.0020059835647892;0.9999449532486301;0.9999967236110152;0.9999985425170934;1.0009414060513844;1.000493202819154;1.0002038988885205;1.0000588041453957;0.999912913205585;0.9999999999999999;0.9998111408723503;0.9999070864786368;1.0;1.0;1.0018214904456295;0.9999115134603176;0.9999501914740532;0.9999831001332489;1.0002605055963838;1.024999976158142;
2016-06-20 20:00:00;0.9999672825072871;1.0;0.9999999999999999;0.99998075531722;0.9998706781735432;0.9999999999999999;1.0019802113754739;0.9999879644303556;0.999892320181472;1.0;1.0;1.0;1.0004818386199301;0.9999908599733809;0.9999956130499116;0.9999999999999999;0.9999951666052578;0.9998704654362489;1.0006673837223934;0.9999455619452147;0.9999550020427154;0.999991549238541;0.9999964222911242;1.0018755404404673;1.0020234677839117;0.9999403600176127;0.9999936866078665;0.9999980447317053;1.0009151758991415;1.0004586406752674;1.0001821707452647;1.0000504311942155;0.9998764542105295;0.9999999999999999;0.999795445996784;0.9999108144098341;1.0;1.0;1.00183769221495;0.9998742925688333;0.9999468746563391;0.9999773341442413;1.0002628266797953;1.024999976158142;
2016-06-20 20:15:00;0.9999761971713408;1.0;1.0;0.9999887472905921;0.9998502371747198;1.0;1.0019223177923133;0.9999872796506214;0.9998780257631401;1.0;1.0;1.0;1.0004678216429639;0.9999898258944689;0.9999945315981504;1.0;0.9999980752905941;0.9998499830617584;1.0006474476705616;0.9999471299732263;0.999966091013641;0.9999888096929939;0.9999985634516844;1.0018229250903734;1.0019624829942948;0.9999545454067033;0.9999916700520629;0.9999978633985194;1.0008613648141356;1.0004171554079766;1.0001603842534244;1.000044510427989;0.9998577969439678;1.0;0.9997928970188149;0.9999220881547508;1.0;1.0;1.0017833937883338;0.9998550020423012;0.9999596105757964;0.9999769936419589;1.0002548973519159;1.024999976158142;
2016-06-20 20:30:00;0.9999644603556286;1.0;1.0;0.9999829501256015;0.9997833003034586;1.0;1.0019626498472451;0.9999811173138055;0.9998225021994506;1.0;0.9999999999999999;1.0;1.0004763434899857;0.9999863630383373;0.9999940288828065;1.0;0.999996860551088;0.9997825223600677;1.0006607223989674;0.9999214865567649;0.9999475583861341;0.9999816082907953;0.9999976313142477;1.001860683733792;1.0020041340666448;0.9999305846590677;0.9999859083160291;0.9999971186938879;1.0008687975249215;1.0004063353842696;1.000156956134101;1.0000442770427225;0.9997955637518201;1.0;0.999772213711323;0.9999258325028032;1.0;1.0;1.0018209610530442;0.9997913930860997;0.9999376885452699;0.9999655083245852;1.0002594412606143;1.024999976158142;
2016-06-20 20:45:00;0.9999748875974297;1.0;1.0;0.9999881155495937;0.9998358608495809;1.0;1.0019001663806886;0.9999851721711537;0.999864844771068;1.0;1.0;1.0;1.0004625988658817;0.9999899021027558;0.9999961793684119;1.0;0.9999977759069419;0.999835364722537;1.0006398607844587;0.9999408806556095;0.9999623501896198;0.9999851120934933;0.9999983258026796;1.0018018912266597;1.0019399507077233;0.999949207626077;0.9999887418375043;0.9999978768105973;1.0008451120373683;1.0004052271576909;1.000154016418805;1.0000420835274755;0.9998454782480587;1.0;0.9997925377129702;0.9999229374486664;0.9999999999999999;1.0;1.0017630512583293;0.9998423153455611;0.9999548000465316;0.999973607102779;1.0002524322877986;1.024999976158142;
2016-06-20 21:00:00;0.9999741012804975;1.0;1.0;0.9999876381309696;0.9998460257785589;1.0;1.001866763523119;0.999986855697997;0.9998741738519513;1.0;1.0;1.0;1.000453837391833;0.9999905845413457;0.9999959378079698;1.0;0.9999977641714682;0.9998452692840398;1.000628330282691;0.9999439680910533;0.9999614087109407;0.999986722525618;0.9999982988933237;1.0017700920527153;1.0019059932698615;0.9999497630920615;0.9999896111956448;0.999998024234165;1.0008297570969236;1.0003983980452082;1.0001530089401858;1.0000443993730368;0.9998550362404461;1.0;0.9997956685826006;0.9999310532952399;1.0;1.0;1.0017320599666284;0.9998520124943611;0.9999544537448425;0.9999754815078978;1.000247579511258;1.024999976158142;
2016-06-20 21:15:00;0.9999810274317845;1.0;1.0;0.9999908110030836;0.9998807207302064;1.0;1.0018250792500611;0.9999892606254078;0.9999017936623976;1.0;1.0;1.0;1.0004449423616923;0.9999925497929227;0.9999970257663817;0.9999999999999999;0.9999982180551725;0.9998803869742547;1.0006146596818355;0.9999566983474435;0.9999718895424883;0.9999895160886284;0.9999986631024985;1.0017307458853055;1.0018632358073092;0.9999621150872611;0.9999920900716979;0.9999984409948609;1.0008150920301528;1.0004010117836484;1.0001523627549114;1.0000439102473406;0.9998875285312534;1.0;0.9998124721969969;0.9999302892283917;1.0;1.0;1.0016934019742822;0.9998852557863079;0.9999663061405137;0.9999807941292416;1.000242970923817;1.024999976158142;
2016-06-20 21:30:00;0.9999825700867141;1.0;1.0;0.9999912243036226;0.9998962980477323;1.0;1.0018355804700396;0.9999906241118874;0.9999145784663603;0.9999999999999999;0.9999999999999999;0.9999999999999999;1.0004477718281841;0.9999931835367206;0.99999695566176;1.0;0.9999982039911928;0.9998961358867343;1.0006183873651457;0.99996194130673;0.9999748925704337;0.9999915614506338;0.9999986647674598;1.0017405864359095;1.0018740246448434;0.9999659125117393;0.9999937516919288;0.9999985704101747;1.0008327661230478;1.0004126169073786;1.0001645275793205;1.0000518601694364;0.9999017831496279;1.0;0.9998069259610034;0.9999381002994646;1.0;0.9999999999999999;1.0017031530061156;0.9998998708067148;0.9999698834575711;0.9999832921627098;1.0002445029509572;1.024999976158142;
2016-06-20 21:45:00;0.9999679958506804;1.0;1.0;0.9999842327389229;0.9997986274394801;1.0;1.0019182725104943;0.9999815028931299;0.9998337652862271;1.0;1.0;1.0;1.000466638170794;0.999987078469845;0.9999947861641681;1.0;0.9999968295641649;0.9997982921473946;1.0006462764791675;0.9999266750572379;0.9999531318426883;0.9999826061618944;0.9999976395176644;1.0018185377586735;1.0019588233468697;0.9999359243500847;0.9999871176591044;0.9999972675719383;1.000882919508003;1.0004509020456045;1.0001812666004006;1.000058124303562;0.9998097442041961;0.9999999999999999;0.9998111518936733;0.999934703776611;1.0;1.0;1.001779849490412;0.9998059883934266;0.9999435068518842;0.9999674291234035;1.0002543103182022;1.024999976158142;
2016-06-20 22:00:00;0.9999696934266495;1.0;0.9999999999999999;0.9999851918395138;0.9998293236180928;1.0;1.0018903697584445;0.9999861912047343;0.9998618581628561;1.0;0.9999999999999999;1.0;1.0004589575836593;0.9999879975190571;0.9999926863661216;1.0;0.9999974031010744;0.9998289393291511;1.0006366561958886;0.999938840406367;0.9999577569203593;0.9999888018354539;0.9999980588403389;1.0017921417612126;1.0019302733905069;0.9999446817389477;0.9999915196639104;0.9999974746720569;1.0008507047094726;1.0004212397303807;1.0001647736508634;1.0000514022902034;0.9998373396987037;1.0;0.9998045579066652;0.999936394654888;1.0;1.0;1.0017536935849636;0.9998341864207931;0.9999503361163742;0.9999740542342157;1.0002496062206025;1.024999976158142;
2016-06-20 22:15:00;0.9999572161526787;1.0;0.9999999999999999;0.9999799974594978;0.9997100315637596;1.0;1.0019945434147979;0.9999737994750177;0.9997615083534733;1.0;1.0;1.0;1.000483971723153;0.9999813658700897;0.9999921516481944;1.0;0.99999639873873;0.9997095446690629;1.0006719026557733;0.9998970396467495;0.9999369114215026;0.9999748828246299;0.9999973113159502;1.0018910244280925;1.0020365456821123;0.9999136567187277;0.999981393033982;0.9999960403518087;1.0009027332407963;1.0004408084865306;1.0001796953927258;1.000060092362317;0.999726137300662;1.0;0.9997800046862649;0.9999428836722031;1.0;1.0;1.0018504071081518;0.9997206592351733;0.9999238671310785;0.99995402950937;1.00026316824175;1.024999976158142;
2016-06-20 22:30:00;0.9999603956137155;1.0;1.0;0.9999812606062134;0.9997568426291359;1.0;1.0019638722766875;0.9999793721778749;0.9998018473976719;1.0;1.0;0.9999999999999999;1.000475961988883;0.9999840027729774;0.9999919002540507;1.0;0.9999967702200054;0.9997561351569343;1.0006612758724933;0.9999132234017254;0.999942665053085;0.9999809263951009;0.9999975696677985;1.0018618392742886;1.0020053518919936;0.9999241891941638;0.9999854953696979;0.9999966073610423;1.0009040417590802;1.0004549519061934;1.000186937463337;1.000062192921214;0.9997697888196038;1.0;0.9997955348256472;0.9999394753732647;0.9999999999999999;1.0;1.0018219226425984;0.999765161116787;0.9999320333742987;0.9999621975088337;1.0002587250330568;1.024999976158142;
2016-06-20 22:45:00;0.9999696992636382;1.0;1.0;0.9999843885972297;0.9998434892883364;1.0;1.0018932655018686;0.9999867252621614;0.9998721577471439;0.9999999999999999;1.0;1.0;1.0004600019519776;0.9999895213804235;0.9999945185152139;1.0;0.9999968356867821;0.9998429640804727;1.0006376339097356;0.9999412313369077;0.999956984812261;0.999988600795714;0.9999976307092189;1.0017944679373512;1.0019336181545444;0.9999438222255519;0.9999912185758963;0.9999977848509177;1.0008170628283297;1.0003934413638336;1.0001447329287316;1.0000471819578745;0.999851444626925;1.0;0.9998043489660298;0.9999503748662829;1.0;1.0;1.0017566714448238;0.9998485376820827;0.9999493972153392;0.9999749600418897;1.0002506152163253;1.024999976158142;
2016-06-20 23:00:00;0.9999623431346796;1.0;1.0;0.999981478965406;0.9997940934480669;1.0;1.0019494406635512;0.9999834322093317;0.9998334323028509;1.0;1.0;1.0;1.0004723453355917;0.9999856062337668;0.9999912670807071;1.0;0.9999967193049525;0.9997935085426919;1.0006565020377924;0.9999255837903019;0.9999473408281147;0.99998643905792;0.999997540728942;1.0018478036153828;1.001990882663883;0.9999316219823496;0.9999895966945749;0.9999969479976146;1.000805999678132;1.0003805843153564;1.0001216802355106;1.0000328842524422;0.999803898170504;1.0;0.9998097005247928;0.9999380339094553;1.0;1.0;1.0018085014226226;0.9998000679929009;0.9999383103429783;0.9999685332890821;1.0002565949554412;1.024999976158142;
2016-06-20 23:15:00;0.9999701352857148;1.0;0.9999999999999999;0.9999854959539606;0.9998291378517885;1.0;1.001898411692923;0.9999863143187355;0.9998620471467048;1.0;0.9999999999999999;1.0;1.0004609769562263;0.9999875477205229;0.999991948181098;1.0;0.9999975396876881;0.9998289251233327;1.0006395264798593;0.9999395359089601;0.9999590907597237;0.999989608027291;0.9999981715501587;1.0017998373290822;1.0019383903071275;0.9999460709749185;0.9999922898290025;0.99999737763112;1.0008316575935892;1.0003966262630313;1.0001486514615028;1.0000437150376178;0.9998366499731307;1.0;0.9997941729816278;0.9999347264187325;1.0;1.0;1.001761063515756;0.9998335449353664;0.9999518426907525;0.9999744620914419;1.000250535420142;1.024999976158142;
2016-06-20 23:30:00;0.9999682574972211;1.0;1.0;0.9999848863605116;0.9998089610279451;1.0;1.0018539779805464;0.9999845570992318;0.9998456304749633;1.0;0.9999999999999999;1.0;1.0004499568430234;0.9999861276448943;0.9999911626364664;1.0;0.9999975329712641;0.9998087988811112;1.0006246006979924;0.9999332244078197;0.9999564135389978;0.9999880417848424;0.999998170148886;1.0017577919636251;1.0018929404320134;0.9999420140420942;0.9999912194697854;0.9999970850344797;1.0008625956511557;1.0004469867197336;1.0001857217919958;1.0000651355165544;0.9998174466369619;1.0;0.9998192195995329;0.9999495722175128;1.0;1.0;1.0017197375319158;0.9998139715533384;0.9999484599721092;0.9999715775720782;1.0002443164312544;1.024999976158142;
2016-06-20 23:45:00;0.9999701939371614;1.0;0.9999999999999999;0.9999862082353774;0.9998252980975314;1.0;1.0018393707871103;0.9999865040284112;0.9998596201341229;1.0;1.0;1.0;1.000446053438704;0.9999879634215161;0.9999924029558951;1.0;0.9999979456740845;0.9998246610604928;1.0006192418707665;0.9999388085092685;0.999957901519963;0.9999883583087723;0.9999984410546838;1.0017441861036114;1.0018779171863124;0.9999460175403281;0.9999909197476639;0.9999974687755439;1.0008641583218396;1.0004545664562419;1.000191911413782;1.0000696898019736;0.9998338710598788;1.0;0.9998252174348109;0.9999549848174909;1.0;1.0;1.0017063047821095;0.9998305268674385;0.9999509137000963;0.9999740723971254;1.0002424764523705;1.024999976158142;
2016-06-21 00:00:00;0.9999654711835219;1.0;1.0;0.9999846444995115;0.9997581353725624;1.0;1.0018321926104221;0.9999790855283506;0.9998025488953646;1.0;0.9999999999999999;1.0;1.0004446359945602;0.9999842901924425;0.9999924888974585;1.0;0.9999976461310658;0.9997576193799257;1.0006170315653802;0.9999161340199227;0.9999492243712284;0.9999799275697613;0.9999982287473487;1.0017376607582693;1.0018703390646988;0.9999313936192125;0.9999849901153934;0.9999966938233421;1.000884476186693;1.000488949247163;1.0002109406260449;1.0000802865670622;0.9997713524943934;0.9999999999999999;0.9998471760360534;0.9999613775548811;1.0;0.9999999999999999;1.00169963447055;0.9997667228656123;0.9999391095131364;0.9999627815489303;1.0002417211236097;1.024999976158142;
2016-06-21 00:15:00;0.9999684471798023;1.0;1.0;0.9999855954739176;0.9998012922397589;1.0;1.0017841980353552;0.999984064994613;0.9998396161091903;1.0;1.0;0.9999999999999999;1.0004326958874836;0.9999861604640368;0.999991566251972;1.0;0.9999978773128767;0.9998008665879821;1.0006009062191468;0.9999312466041678;0.9999555756386092;0.9999863973906139;0.9999984054886131;1.001691942810206;1.0018214903902065;0.999941553049443;0.9999897439871209;0.9999970916498563;1.0008708589403992;1.0004923100670933;1.0002165889117405;1.0000875446891746;0.9998109078068281;1.0;0.9998599472545294;0.9999755534921612;0.9999999999999999;1.0;1.0016550168721725;0.9998071678749529;0.9999476046399517;0.9999704772894632;1.0002349657539402;1.024999976158142;
2016-06-21 00:30:00;0.9999713107120958;1.0;1.0;0.9999866814004674;0.9998369898849631;0.9999999999999999;1.0017940050459215;0.9999876909119894;0.9998693904426212;1.0;1.0;1.0;1.00043498775862;0.9999887953625619;0.999992743463499;1.0;0.9999980297982982;0.9998362807924276;1.0006039296852671;0.9999426885442355;0.999959477633892;0.9999893726521091;0.9999984980111098;1.0017011557021402;1.0018316314957565;0.9999486560105838;0.9999915693737685;0.9999976433408074;1.0008778962811753;1.0004994786257873;1.0002122037674843;1.0000771914248614;0.9998450017721956;0.9999999999999999;0.9998679238434784;0.9999502623714188;1.0;1.0;1.001664258148234;0.9998418568053625;0.9999530059916334;0.9999758935214945;1.0002365013296124;1.024999976158142;
2016-06-21 00:45:00;0.9999821881405034;1.0;1.0;0.99999146619388;0.9999077987864947;1.0;1.0017111234391534;0.9999937061258515;0.9999271670556866;1.0;1.0;1.0;1.0004162676511066;0.999992776413232;0.9999941115782275;0.9999999999999999;0.9999987605307926;0.9999075860413024;1.000576357837094;0.9999679894910437;0.9999764980767633;0.9999962590030295;0.9999990714500755;1.0016226959613483;1.001746847180237;0.9999704436181781;0.9999970742141753;0.9999984919063016;1.0008168654140928;1.000465129589045;1.000191588536575;1.0000722238307334;0.9999111634702493;1.0;0.9998815061845279;0.9999626722694612;0.9999999999999999;1.0;1.0015873610090895;0.9999094868537541;0.9999730342768052;0.999987162697198;1.000226581176061;1.024999976158142;
2016-06-21 01:00:00;0.9999831239849991;1.0;1.0;0.9999922983897697;0.9999050900539209;1.0;1.0016879182224132;0.999993513979627;0.9999251144395851;1.0;1.0;1.0;1.0004106550702008;0.9999926511666575;0.9999940669847723;1.0;0.9999990504609918;0.999904877309305;1.0005685294627071;0.9999679134871493;0.9999776050813934;0.9999958178184314;0.9999992851608989;1.0016009271539874;1.0017229639664849;0.9999717753524607;0.9999967568390676;0.9999984670523515;1.0008382872107136;1.0004991304844992;1.000213364409872;1.0000826946381078;0.9999087126892497;1.0;0.999900321523144;0.9999651272262046;1.0;1.0;1.0015657838355845;0.9999069584926527;0.9999742630836561;0.999986982603299;1.0002234986876346;1.024999976158142;
2016-06-21 01:15:00;0.9999830749408076;1.0;1.0000000000000002;0.9999919866129309;0.9999091338873669;1.0;1.0016683934491921;0.9999936328568142;0.9999279937346587;1.0;1.0;1.0;1.000406028883744;0.9999930219514073;0.999994521762049;1.0;0.9999988541340391;0.9999089195781752;1.0005620265879487;0.9999685560684736;0.9999774391483601;0.9999958672370479;0.9999991403361338;1.001582258838881;1.0017031643820729;0.9999714596825786;0.9999967906636341;0.9999985421522359;1.0008871074952008;1.0005642023859291;1.0002555531055315;1.0001038304416041;0.9999126511244122;1.0;0.9999292996151619;0.9999725175067191;1.0;1.0;1.0015477567894693;0.9999109832868328;0.9999740144509488;0.9999872354206026;1.000221074985615;1.024999976158142;
2016-06-21 01:30:00;0.9999381145578807;1.0;0.9999999999999999;0.9999727149570466;0.9996762076662741;0.9999999999999999;1.0018056453213395;0.9999828371273923;0.9997523372005049;0.9999999999999999;1.0;1.0;1.0004297530493107;0.9999711072084029;0.9999706724727023;1.0;0.999997905309178;0.9996757820677502;1.000607697347913;0.9998963654243924;0.999924107813232;0.9999964333670961;0.9999984261089662;1.001711861182524;1.001843504389564;0.9999087000271031;0.999996958317492;0.9999939218291963;1.0010028839999323;1.0006625768563195;1.0003126773408335;1.0001339921940984;0.9996837440821307;1.0;0.9999417577516756;0.9999872526545197;0.9999999999999999;1.0;1.0016729109932556;0.9996779690010504;0.9999153712981497;0.9999611859721547;1.0002283697523293;1.024999976158142;
2016-06-21 01:45:00;0.9999804738430312;1.0;1.0;0.9999905225439888;0.9999112690817168;1.0;1.0016319563471436;0.999994507827636;0.9999305227220066;1.0;0.9999999999999999;1.0;1.0003963283080903;0.9999934196711554;0.9999944646646518;1.0;0.9999985943586772;0.9999106718087061;1.0005494433633653;0.9999681428946049;0.999973493381088;0.9999963558694678;0.9999989219981541;1.0015474557860915;1.0016662346675949;0.9999682603303446;0.9999967169123586;0.9999986235131219;1.0009247904362928;1.0006156346514095;1.0002950545593785;1.0001260758744053;0.999914907998816;1.0;0.9999489108483277;0.9999868630557426;1.0;1.0;1.0015140277148893;0.9999131990475744;0.9999701520839233;0.9999875305471668;1.0002157513373424;1.024999976158142;
2016-06-21 02:00:00;0.9999868226320698;1.0;1.0;0.9999938039440589;0.9999379659490573;1.0;1.001602285845733;0.9999960413274441;0.9999511775039627;1.0;1.0;1.0;1.0003901051735655;0.9999959910519721;0.9999970671026964;1.0;0.999999114352613;0.9999373288402327;1.0005393760272492;0.999977500827677;0.9999810834097553;0.9999962490745018;0.999999302500313;1.0015196790779137;1.0016356837547635;0.9999777286815895;0.9999965960976492;0.9999991646591507;1.0009044871358703;1.0006004046136365;1.0002836898682015;1.0001171090603453;0.9999412546194749;0.9999999999999999;0.9999507106307103;0.9999749793493135;1.0;0.9999999999999999;1.0014866701236267;0.9999399692737204;0.9999787288769566;0.9999909428004413;1.000212965450122;1.024999976158142;
2016-06-21 02:15:00;0.9999897801583973;0.9999999999999999;1.0;0.999995046787045;0.9999476870915232;1.0;1.0015887218542818;0.9999959766698144;0.9999578273627249;1.0;1.0;1.0;1.000387690209758;0.9999968277686896;0.9999983270215408;1.0;0.9999991374767012;0.999947261377421;1.0005350424924562;0.9999806074130121;0.999984927115088;0.9999959015665659;0.9999993343689721;1.0015068555911597;1.0016217848118898;0.9999813455497709;0.9999965809400524;0.999999339253096;1.0008986219998923;1.0005991870995998;1.0002876699583947;1.0001245611527225;0.999950739662613;1.0;0.9999512208191671;0.9999921439655237;1.0;1.0;1.0014741870235944;0.9999496779738403;0.9999826272560525;0.9999918048449415;1.0002119441318928;1.024999976158142;
2016-06-21 02:30:00;0.9999928589846734;0.9999999999999999;1.0;0.9999965117931892;0.9999614455480464;1.0;1.0015870587153601;0.9999968307069491;0.9999686230319788;0.9999999999999999;1.0;1.0;1.000387866650638;0.9999977008282281;0.9999989695365504;1.0;0.9999993542152865;0.9999611806707982;1.0005346152625672;0.9999856748206151;0.9999893667901245;0.9999967322955996;0.9999995054063456;1.0015053932989395;1.0016199738566702;0.9999865097686232;0.9999973570747548;0.9999995220151716;1.0008986156820527;1.0005958969594049;1.0002824383673325;1.0001161786907302;0.9999637518799586;1.0;0.9999497214316978;0.9999738457921885;1.0;1.0;1.0014726645228798;0.999962978929649;0.9999875952094208;0.9999938270149091;1.000212193958539;1.024999976158142;
2016-06-21 02:45:00;0.999990858225902;1.0;1.0;0.9999953402888422;0.9999556892959425;0.9999999999999999;1.001581468528638;0.9999965777952183;0.9999642696374529;1.0;0.9999999999999999;1.0;1.0003862112643398;0.9999969700672225;0.9999980947190936;1.0;0.9999991205055129;0.9999554765405607;1.0005327842520186;0.9999834669156551;0.9999871948428173;0.9999972088026517;0.9999993367916534;1.0014999009912906;1.0016144066089825;0.9999837816446555;0.9999977576701405;0.9999993697969719;1.0008918611603745;1.0005894782851787;1.0002842167145771;1.000123174652673;0.9999578242052275;1.0;0.9999445496696687;0.9999925668020139;1.0;0.9999999999999999;1.0014674212134942;0.9999569895607918;0.9999851653489238;0.9999931471592565;1.0002110790782857;1.024999976158142;
2016-06-21 03:00:00;0.9999916838756182;1.0;1.0;0.999995588587344;0.9999623660897268;1.0;1.0015872891848585;0.9999970291638802;0.9999695290589425;1.0;1.0;0.9999999999999999;1.0003878211143649;0.9999973857317522;0.9999983683696937;1.0;0.9999990952524312;0.9999622039180143;1.0005347867004066;0.9999855572498604;0.9999884648935813;0.9999977241126548;0.9999993217245235;1.0015053751242349;1.001620380942218;0.9999853027243915;0.9999981844892583;0.9999994565313995;1.0008999199176436;1.0006003237505239;1.0002825446974162;1.0001150862420918;0.999964109733699;1.0;0.9999552527562587;0.9999704107102602;1.0;1.0;1.0014728476060126;0.9999634185616478;0.9999866140907282;0.9999940523431567;1.0002120256650224;1.024999976158142;
2016-06-21 03:15:00;0.9999872960472923;1.0;1.0;0.9999935447878223;0.999944378896325;1.0;1.0015719859877819;0.9999957438874659;0.9999549564349735;1.0;1.0;1.0;1.0003831855270382;0.9999970984358413;0.999998890097727;1.0;0.9999987302263854;0.999943651383547;1.000529167710453;0.9999779293314164;0.9999806867969611;0.9999950070661067;0.9999990130198274;1.0014907156625317;1.0016049765905588;0.9999767830826028;0.9999956024791099;0.9999993952685546;1.0009113192534016;1.000622111682739;1.0003013107136915;1.0001310534620542;0.9999481477574318;1.0;0.9999660761867202;0.9999935224004537;1.0;1.0;1.0014587910153014;0.9999469566478911;0.9999779590961343;0.9999907358993942;1.0002096126465976;1.024999976158142;
2016-06-21 03:30:00;0.9999870979344403;1.0;1.0;0.9999938225762057;0.999940137452014;0.9999999999999999;1.0015898182204799;0.9999960704093714;0.9999526968652829;0.9999999999999999;0.9999999999999999;1.0;1.000387196167122;0.9999961685934904;0.9999973026732292;0.9999999999999999;0.9999990517592277;0.9999395309897696;1.000535209792465;0.9999780083416108;0.9999814447385158;0.9999962680175446;0.999999258511517;1.0015078067199648;1.0016229944587167;0.9999780023456756;0.9999966437902236;0.9999992022849662;1.000908407844084;1.0006075800955196;1.0002907031617172;1.0001218287104763;0.9999433434434979;0.9999999999999999;0.9999535891895424;0.9999798558834864;1.0;1.0;1.0014751280922316;0.9999421106709971;0.9999790686392764;0.9999911127010668;1.0002114291660964;1.024999976158142;
2016-06-21 03:45:00;0.9999864169490134;1.0;1.0;0.9999935736999916;0.9999326672990714;1.0;1.001597065609839;0.9999954345711051;0.9999466744697175;1.0;1.0;1.0;1.0003889356051847;0.9999954686243889;0.9999967521796692;1.0;0.9999990498618876;0.9999321512163557;1.00053774343158;0.9999758130483959;0.9999807680146404;0.9999960024926831;0.9999992634495901;1.0015147051862536;1.0016303518848146;0.9999767397508859;0.9999965531203211;0.9999990556415793;1.000901516076269;1.0005994230518167;1.0002863409456584;1.000122314439174;0.9999360276358936;1.0;0.9999499916573971;0.9999871340648784;1.0;1.0;1.0014817939039302;0.9999346828561693;0.999978149736758;0.9999901532041524;1.0002122503900632;1.024999976158142;
2016-06-21 04:00:00;0.999987027759859;1.0;1.0;0.9999941009697648;0.9999351087591709;1.0;1.0016126932879386;0.9999957108005909;0.9999487145839033;1.0;1.0;0.9999999999999999;1.0003926423475387;0.9999960994605096;0.9999974647968772;1.0;0.9999992112702305;0.9999343721049417;1.0005427792041641;0.9999766068798419;0.9999807893305562;0.9999953476871302;0.9999993669589274;1.0015296650294183;1.0016462322245503;0.999977439493326;0.999995837239994;0.9999991872432912;1.0009018379784749;1.000593797152616;1.0002770416862532;1.0001115151298354;0.9999389409447534;1.0;0.9999474141219059;0.999966990361777;1.0;0.9999999999999999;1.0014963529541463;0.9999375536935754;0.9999783538495325;0.999990376838081;1.0002144494573815;1.024999976158142;
2016-06-21 04:15:00;0.99999129254918;1.0;1.0;0.9999955213629239;0.9999569379229727;1.0;1.001581786849878;0.9999964874702897;0.9999649921103022;1.0;1.0;0.9999999999999999;1.0003864419507948;0.9999971837040004;0.9999984701488646;1.0;0.9999991066862889;0.9999567251673253;1.000532902089988;0.9999837327706846;0.9999875765436944;0.9999969043451886;0.9999993266057441;1.001500210840278;1.0016147297153384;0.9999840946450864;0.9999975386844179;0.999999414182616;1.000890650288541;1.0005871778745954;1.0002821443765078;1.000121054111527;0.9999591803991563;1.0;0.9999435017360407;0.9999889362848552;1.0;0.9999999999999999;1.0014677533546577;0.9999583627408225;0.9999855097598986;0.999993139101447;1.0002112954285818;1.024999976158142;
2016-06-21 04:30:00;0.9999914555050009;1.0;1.0;0.9999953482820645;0.9999583626413987;1.0;1.0015990056248645;0.9999960824714896;0.9999652891114125;0.9999999999999999;1.0;1.0;1.0003909360021146;0.9999976278693304;0.9999994118146472;1.0;0.9999988917915074;0.9999581284091109;1.0005387328342434;0.9999833128640707;0.9999872395424853;0.999996030252459;0.9999991666991168;1.0015164273773094;1.0016324127581464;0.999983237017574;0.9999968861586979;0.9999995052579217;1.0008939410803286;1.0005872956965087;1.0002762771841727;1.0001134277745616;0.9999609594443571;1.0;0.9999447752206606;0.9999737704652812;1.0;1.0;1.001483855313453;0.9999601607999227;0.9999848723026937;0.9999926991553214;1.0002139798726741;1.024999976158142;
2016-06-21 04:45:00;0.9999905405350894;0.9999999999999999;1.0;0.9999951020543465;0.999954695642832;1.0;1.0015870889082532;0.99999640274218;0.9999633045775066;1.0;1.0;1.0;1.0003876033641386;0.9999969410034524;0.9999981807353838;0.9999999999999999;0.999999032083915;0.9999544828876616;1.0005346859043671;0.9999828763767898;0.999986695958951;0.9999970233814693;0.9999992716153913;1.001505177538879;1.0016201889443719;0.9999830455052542;0.9999976243100893;0.9999993634586333;1.0008938715762654;1.0005916274601587;1.000281465692153;1.000118494069805;0.9999569208486773;1.0;0.999947938091016;0.9999821204707124;1.0;1.0;1.001472655481115;0.9999560717719451;0.9999845377834649;0.999992867310597;1.0002118617830829;1.024999976158142;
2016-06-21 05:00:00;0.999989352249875;0.9999999999999999;1.0;0.9999948015389739;0.9999494450461502;1.0;1.001600972616635;0.9999965179621064;0.9999598482346049;0.9999999999999999;1.0;0.9999999999999999;1.0003904721314296;0.9999965805371535;0.9999975730665321;1.0;0.9999991534823789;0.9999490683237177;1.0005391634768726;0.9999814980705589;0.999985005426305;0.9999970540994825;0.9999993496019332;1.0015184287527445;1.0016343114861639;0.9999817570114363;0.9999974643101021;0.9999992887490429;1.0009158601041215;1.0006140953942642;1.0002891150810649;1.000115936552609;0.9999519247904933;1.0;0.999958206564701;0.9999642245559784;1.0;1.0;1.0014854694697395;0.9999509285793051;0.9999829275950262;0.9999924930878197;1.0002132871631084;1.024999976158142;
2016-06-21 05:15:00;0.9999903302882353;1.0;1.0;0.9999956485114425;0.9999561522089523;1.0;1.0015834578124765;0.9999974726743095;0.9999658033510637;1.0;0.9999999999999999;1.0;1.0003858982540454;0.9999975784096828;0.9999983237763044;1.0;0.9999994641711877;0.9999554338597477;1.000532936948052;0.9999839441832623;0.999985415240807;0.9999968174346259;0.9999995546585988;1.0015020302351918;1.001616320949107;0.9999836654363519;0.999996914765121;0.9999994966960251;1.0009018256916895;1.0006063373985017;1.0002873117107076;1.0001197743113537;0.9999589828113818;1.0;0.9999595860905799;0.9999781861063627;1.0;1.0;1.001469282476495;0.999957982669707;0.9999838634158515;0.9999935525298999;1.000210962601139;1.024999976158142;
2016-06-21 05:30:00;0.9999914171564045;0.9999999999999999;1.0;0.9999957355600051;0.9999647824537762;1.0;1.001614529522179;0.9999976853376167;0.9999720405240599;1.0;1.0;1.0;1.0003940999181935;0.9999980750619982;0.9999988900977271;0.9999999999999999;0.9999992538502549;0.9999642464418131;1.0005435762888282;0.9999862191769437;0.9999871823321926;0.9999973115635066;0.9999994124151428;1.0015313517955857;1.0016481454277504;0.9999851332956851;0.9999974726653946;0.9999995997459947;1.0009150856632083;1.0006099516297016;1.0002854594910715;1.00011425235078;0.9999670492218946;1.0;0.9999550439751211;0.9999640462244825;1.0;1.0;1.0014981682293174;0.9999662773668478;0.9999856213945466;0.9999944223974936;1.000215595649144;1.024999976158142;
2016-06-21 05:45:00;0.9999911639010111;1.0;1.0;0.9999952913269167;0.9999594143683872;1.0;1.001742557822011;0.9999965464435613;0.9999666917078369;0.9999999999999999;1.0;1.0;1.0004262798695431;0.9999975739440448;0.9999989950475858;1.0;0.9999989717572954;0.9999591295791144;1.0005868374153104;0.9999839370359052;0.9999870630288201;0.9999966451640443;0.9999992220972332;1.0016527507746165;1.0017788561435175;0.9999835405680373;0.9999972723073693;0.9999994945955147;1.0010003855494765;1.000675202424352;1.0003232384203244;1.0001365606738468;0.9999617859639657;1.0;0.99995654298698;0.999981245506275;1.0;1.0;1.0016169046713403;0.9999609979922385;0.999984913832346;0.9999931763335553;1.0002332733405477;1.024999976158142;
2016-06-21 06:00:00;0.9999919286135127;0.9999999999999999;1.0;0.9999956702637147;0.9999647623723861;1.0;1.0017822577768312;0.9999970695303881;0.9999711578395423;1.0;1.0;1.0;1.0004360085778492;0.9999979078200684;0.9999990968150015;1.0;0.9999990523911103;0.99996447758159;1.0006001421625028;0.9999858791831469;0.9999882033292111;0.9999971488923931;0.9999992815334066;1.0016904337137125;1.0018193539161655;0.9999851723980112;0.9999976346132629;0.9999995646588898;1.001014904364922;1.0006798345258148;1.0003259815736034;1.0001392965486513;0.9999668304464373;1.0;0.9999497519823628;0.9999860733794037;1.0;1.0;1.0016537249874846;0.9999661399346036;0.9999863207625831;0.9999940600148474;1.0002386224425224;1.024999976158142;
2016-06-21 06:15:00;0.9999916120882855;0.9999999999999999;1.0;0.9999960233884868;0.9999551231398046;1.0;1.0018288198912473;0.9999967983052538;0.9999643196982462;1.0;1.0;1.0;1.0004474243644472;0.9999967177583526;0.9999975665639208;1.0;0.9999994096616669;0.9999549609692666;1.0006157966781397;0.9999842792464984;0.9999885487040789;0.9999976365230856;0.9999995534776603;1.0017349379373186;1.001866597165377;0.9999855914429504;0.9999981214469553;0.9999993179908725;1.0010495703088054;1.0007101070745203;1.000343878813994;1.0001506932858764;0.9999570556074336;1.0;0.9999542941027108;0.9999967116105278;1.0;0.9999999999999999;1.0016966611289846;0.9999562113339587;0.9999868088751721;0.9999935551331118;1.0002445347203142;1.024999976158142;
2016-06-21 06:30:00;0.9999898637687273;0.9999999999999999;0.9999999999999999;0.9999949590194458;0.9999532077855177;1.0;1.001887473868119;0.9999968105555187;0.9999629080113805;1.0;1.0;0.9999999999999999;1.0004615126114453;0.9999966500113115;0.9999974615394281;1.0;0.9999991575182259;0.9999529229980122;1.0006354041440526;0.9999828629387937;0.9999860616397506;0.9999976558727474;0.9999993590229148;1.0017904022029749;1.0019266302526262;0.9999829324160872;0.9999979991972628;0.9999993026173012;1.001069809090322;1.0007215787793742;1.0003448317520007;1.0001503041454443;0.9999552719959313;1.0;0.9999542497715055;0.9999945590066882;0.9999999999999999;1.0;1.0017510978475512;0.9999543778005744;0.9999841254397462;0.999993133009199;1.0002522291528015;1.024999976158142;
2016-06-21 06:45:00;0.9999802787826135;1.0;0.9999999999999999;0.9999894285334109;0.9999275419522075;1.0;1.001924402666996;0.9999950252508444;0.999942108311885;1.0;1.0;1.0;1.0004690907863496;0.9999953947822268;0.9999969589076888;0.9999999999999999;0.999997858408376;0.9999267133415375;1.0006474975501551;0.9999704793036958;0.9999719802631567;0.9999957147447499;0.9999983632993694;1.0018245635130125;1.0019651173253503;0.9999665336797002;0.9999959991076022;0.9999990326575763;1.0010719765429177;1.0007076045480574;1.0003325879159084;1.0001394714215595;0.999931346980109;1.0;0.9999392886693843;0.9999782312745049;1.0;1.0;1.001785555320981;0.999929903967379;0.9999683296409932;0.9999883304354932;1.0002562582148213;1.024999976158142;
2016-06-21 07:00:00;0.9999772498978841;1.0;1.0;0.9999887141587398;0.9999032011629914;1.0;1.0020221413867392;0.9999941485538065;0.999924302717936;1.0;1.0;1.0;1.000492009629244;0.9999928778399072;0.9999939461989552;1.0;0.9999982206704702;0.9999024414696728;1.0006802772906367;0.9999644627056353;0.9999690328038744;0.9999961762831212;0.9999986351579864;1.0019175375591252;1.002064613279828;0.9999632408997553;0.999996407352059;0.999998507735042;1.0009746926628218;1.0005989705621183;1.0002240798738413;1.0000703570548461;0.9999071968778948;1.0;0.9999307592760731;0.9999152847953084;1.0;1.0;1.0018758536500978;0.9999053234264104;0.9999652516411488;0.9999862409615191;1.0002680874841992;1.024999976158142;
2016-06-21 07:15:00;0.9999734085702162;0.9999999999999999;1.0;0.9999874822277979;0.9998458697187805;0.9999999999999999;1.0021698986270933;0.9999874628457598;0.9998750568461949;1.0;1.0;1.0;1.0005285996113278;0.9999902723067147;0.9999950532356503;1.0;0.9999979102917761;0.9998450519105014;1.0007300048562553;0.9999444782083036;0.999960928003272;0.9999876972676913;0.9999984022994104;1.0020579800435057;1.0022152160980513;0.9999499803752623;0.9999902438328493;0.9999979497806928;1.0009008448358057;1.000524537694685;1.0001430011219383;1.0000362805886018;0.9998545422978027;1.0;0.999936574648325;0.9999220129902076;1.0;1.0;1.0020130262088216;0.9998515021059322;0.9999542968794556;0.9999760475871381;1.000288392840712;1.024999976158142;
2016-06-21 07:30:00;0.9999790650845896;1.0;1.0;0.9999897050101291;0.9998747042416877;1.0;1.0021483786318568;0.9999889520839313;0.9998971712513783;1.0;1.0;1.0;1.0005246518384519;0.9999919219706134;0.9999963479942305;1.0;0.9999980057955279;0.9998743704877443;1.0007231496492963;0.999954330665214;0.99996953675098;0.9999896973923779;0.9999985066418157;1.0020375153095347;1.0021932214706268;0.9999592594767099;0.999992220367189;0.9999983050480101;1.0008774243732341;1.0005015253928584;1.000127559049016;1.0000257961409247;0.9998815265194312;1.0;0.9999324227296438;0.9999113727812885;1.0;1.0;1.0019931216161977;0.9998791648741311;0.9999636794476061;0.9999799907036815;1.0002865324298316;1.024999976158142;
2016-06-21 07:45:00;0.9999650634496348;1.0;1.0;0.9999780785917862;0.9998862703705693;1.0;1.00228039361063;0.9999885706259994;0.9999036148957543;1.0;1.0;0.9999999999999999;1.0005567340016983;0.9999919158293568;0.9999967298510689;1.0;0.9999939916385376;0.9998861082111977;1.0007682207566537;0.9999472031142725;0.9999522562781423;0.9999927480393724;0.9999955597331966;1.0021596771245154;1.0023304760872775;0.9999365841906839;0.9999946052331228;0.9999982590771038;1.0009733221398984;1.000569596919611;1.0001650565098128;1.0000412818756275;0.9998911214988587;0.9999999999999999;0.9999297533600019;0.9999087181351336;1.0;0.9999999999999999;1.0021162419863072;0.9998893578387618;0.999943614084498;0.9999783117629896;1.000304200889454;1.024999976158142;
2016-06-21 08:00:00;0.9999721958107785;1.0;1.0;0.9999836564759671;0.999888893036882;1.0;1.0022669738353285;0.9999893732640224;0.9999069462791211;1.0;1.0;1.0;1.0005537049339635;0.9999927661489456;0.99999731517886;0.9999999999999999;0.9999958167329102;0.9998885286362144;1.000763251071265;0.9999526612338498;0.9999607259761425;0.9999914178137189;0.9999968908898657;1.0021483521113712;1.0023156658113808;0.9999481154989466;0.9999934238564432;0.9999984594068583;1.0009489267281308;1.0005490926822829;1.0001454600709438;1.0000262869573475;0.9998946026746949;1.0;0.999932960803747;0.999889949728202;1.0;1.0;1.0021035589582596;0.9998926726778818;0.9999535760008289;0.9999799953836467;1.0003026859312545;1.024999976158142;
2016-06-21 08:15:00;0.9999824039458964;1.0;1.0;0.9999910119115593;0.9999069850007278;1.0;1.0022203533451222;0.9999919505299277;0.9999236977951337;1.0;0.9999999999999999;1.0;1.0005425705205147;0.999994218223025;0.9999974871250744;1.0;0.9999981548587528;0.99990654095612;1.0007470740187463;0.9999648426591786;0.9999742605179289;0.9999923047898851;0.9999986087847186;1.0021057575500822;1.0022667481291951;0.9999665077806247;0.9999939734984954;0.9999987893055928;1.0008414400272312;1.0004259908944693;1.000067749951351;0.9999806897908368;0.9999122426709292;1.0;0.9998901710085882;0.9998564783922559;1.0;1.0;1.0020599416373928;0.9999104603493512;0.9999696818454995;0.9999848140853682;1.0002966242654572;1.024999976158142;
2016-06-21 08:30:00;0.9999823624215236;1.0;1.0;0.9999909731273229;0.9999168177965009;1.0;1.0022940999380274;0.9999934893134452;0.999932705658775;1.0;1.0;1.0;1.0005603127641634;0.9999946764879593;0.9999970290863581;1.0;0.9999982472047467;0.999916251167437;1.0007716193007143;0.9999683133849468;0.9999746594944002;0.9999940663804852;0.9999986682584415;1.0021757077770717;1.0023420481682905;0.9999682769410373;0.9999951043977982;0.9999988856612422;1.0008462140315126;1.00039779030542;1.0000514468803812;0.9999711844155738;0.9999212799334108;1.0;0.9998557794852513;0.9998507105541328;1.0;1.0;1.0021282691078242;0.9999196623022678;0.9999707211596047;0.9999867798919643;1.0003062401853073;1.024999976158142;
2016-06-21 08:45:00;0.9999755624199913;1.0;1.0;0.9999879099992401;0.9998844623024704;1.0;1.0024071505028553;0.9999919118563367;0.9999081153513589;0.9999999999999999;1.0;1.0;1.0005865057497159;0.9999918527663002;0.9999940925700503;1.0;0.9999979780659999;0.9998837655033097;1.0008094274735522;0.9999577019267911;0.9999661199071848;0.999993746603831;0.9999984607416534;1.002282774222705;1.0024575592034193;0.9999583296330915;0.9999947295665068;0.9999982912947091;1.0008820187636065;1.0004159697073507;1.0000397734242301;0.9999516710706244;0.9998897471693506;1.0;0.999863337950197;0.9998093871628714;1.0;1.0;1.0022328850540494;0.9998875322362656;0.9999613068899694;0.9999828848026828;1.0003198794102803;1.024999976158142;
2016-06-21 09:00:00;0.999979634131046;1.0;1.0;0.9999901784691855;0.9999027952945049;0.9999999999999999;1.0023612205868468;0.9999937884777753;0.9999237043610605;0.9999999999999999;1.0;0.9999999999999999;1.000575628083442;0.9999925825599351;0.9999937743168569;1.0;0.9999985698947369;0.9999023190456842;1.000794120120666;0.99996564285898;0.9999727152930382;0.9999961473091638;0.9999989124520449;1.0022395081755309;1.0024103917654366;0.9999667727463523;0.9999967012203353;0.9999984490912953;1.0009076444016354;1.0004580273072488;1.0000644550089914;0.9999576789056329;0.9999065493420868;1.0;0.9998880566525292;0.9997941210590969;1.0;1.0;1.0021901579953927;0.9999047218226916;0.9999690905274633;0.9999864571551246;1.0003138455380665;1.024999976158142;
2016-06-21 09:15:00;0.9999783084896215;1.0;1.0;0.9999898781633759;0.9998939149845442;1.0;1.0022864826878841;0.999993581349627;0.9999173391214107;1.0;1.0;1.0;1.0005568425647389;0.9999918087528894;0.999992803818201;1.0;0.9999987274490371;0.999893359103698;1.0007690055958154;0.9999633565408581;0.9999710728710997;0.9999961404989289;0.9999990230020936;1.002168724785429;1.0023340200468756;0.9999652472276817;0.9999966077383219;0.9999982867573156;1.0008564092765915;1.0004203655408557;1.000055854479417;0.9999669486277367;0.9998979218071441;1.0;0.9998778480440205;0.9998316473906852;1.0;1.0;1.0021207603333455;0.9998959022250677;0.9999674439390899;0.9999856767331762;1.0003033266213597;1.024999976158142;
2016-06-21 09:30:00;0.9999742507780781;1.0;1.0;0.9999880343690924;0.9998540746363598;1.0;1.0023857767518198;0.9999895596701511;0.9998841198566301;1.0;1.0;1.0;1.00058123472159;0.999988769651122;0.9999913340148593;1.0;0.9999983756774483;0.9998538419921124;1.0008026631221634;0.999950141619911;0.999965726362358;0.9999931012329689;0.9999987863725638;1.002262887683646;1.0024353254926597;0.999956112443938;0.9999947804348066;0.9999976480485538;1.0008462949298413;1.0003909031210365;1.000024115643189;0.999949787121424;0.9998597320062551;0.9999999999999999;0.9998648535451321;0.9998235903607556;1.0;1.0;1.0022126990432232;0.9998570677383993;0.9999603124414943;0.9999795620121077;1.0003163386120424;1.024999976158142;
2016-06-21 09:45:00;0.999980633298749;1.0;0.9999999999999999;0.9999907389839053;0.9999004318867796;0.9999999999999999;1.002428583017247;0.9999934163912083;0.9999216965753728;1.0;1.0;1.0;1.0005925465383587;0.9999919279882677;0.9999930938029417;0.9999999999999999;0.9999987076266255;0.9999002697251113;1.0008169086054923;0.9999657832070372;0.9999749127101678;0.9999966239464841;0.9999990359998343;1.002303527468696;1.0024789970310612;0.9999684879165428;0.9999973928714085;0.9999983149427114;1.0007596003116344;1.0002650108059452;0.9999433937596827;0.9999058014410683;0.9999037148383968;1.0;0.9998039450246381;0.9998002803910039;1.0;0.9999999999999999;1.002252479121365;0.9999019336037315;0.9999712905162814;0.9999864458442786;1.0003229547541534;1.024999976158142;
2016-06-21 10:00:00;0.9999788194176072;1.0;1.0;0.9999899454645309;0.999892790464702;1.0;1.0024113289558465;0.9999927830412839;0.999915350261658;1.0;1.0;1.0;1.0005878195358773;0.9999920977456382;0.9999938031588143;0.9999999999999999;0.9999985532540172;0.9998922744025677;1.0008108655691197;0.999962285119269;0.9999711577670026;0.9999948566088627;0.9999988973949485;1.0022870991860147;1.0024614909069418;0.9999645075418904;0.9999957286471334;0.9999983478882385;1.0007862826959346;1.0003097330959736;0.9999609255562304;0.9999062775454518;0.9998973123041047;1.0;0.9998370269016217;0.9997781347857554;0.9999999999999999;1.0;1.0022366172722748;0.999895274100573;0.9999671155122913;0.9999848129374642;1.0003205270519848;1.024999976158142;
2016-06-21 10:15:00;0.9999770985350459;1.0;1.0;0.9999890265048438;0.9998906679945808;1.0;1.0024827032569776;0.9999931886270994;0.9999144713781951;1.0;1.0;1.0;1.0006048938593686;0.999991517679947;0.9999926672834799;1.0;0.9999984612738483;0.9998901519335419;1.0008347410283156;0.9999616657855543;0.9999695527922177;0.9999960424784691;0.9999988295943798;1.0023547005958706;1.0025344204061128;0.9999630545283729;0.9999965815261153;0.9999982270116128;1.0008546368056448;1.000351671737019;0.9999955032356318;0.9999246933745047;0.9998947139253415;1.0;0.9998214538992382;0.9997889189780227;1.0;1.0;1.002302691643095;0.9998926663347767;0.9999655929308223;0.9999849962806968;1.0003296126725079;1.024999976158142;
2016-06-21 10:30:00;0.999983437195267;1.0;1.0;0.9999920579020861;0.9999214700822628;1.0;1.0024009353074628;0.9999950036519866;0.9999383432760416;1.0;1.0;0.9999999999999999;1.0005859280430225;0.9999942412890365;0.9999952887937927;1.0;0.9999988480890788;0.999920973912739;1.0008073185483464;0.9999720506443895;0.9999774098012971;0.9999964984478954;0.9999991161165516;1.0022773516456895;1.0024508047046339;0.9999727580664902;0.9999969318522132;0.999998798479434;1.0008069882069965;1.0003112635348597;0.9999887806664728;0.9999329497214746;0.9999247826665046;1.0;0.99980346586507;0.9998215167737657;1.0;1.0;1.0022270661606263;0.9999232679847551;0.99997446955881;0.9999889350538026;1.0003198466046437;1.024999976158142;
2016-06-21 10:45:00;0.9999848734636494;1.0;1.0;0.9999925208356683;0.9999334148708324;0.9999999999999999;1.0024388290317106;0.9999956322423719;0.9999473636497167;1.0;1.0;1.0;1.00059553945945;0.999995548153208;0.9999967265938128;1.0;0.99999876373901;0.9999327976769492;1.000819917959981;0.9999751715829819;0.9999786467890248;0.9999962732188951;0.9999990454555712;1.0023132409949234;1.002489565141333;0.9999745240921459;0.9999966355448756;0.9999990704341495;1.0008027207281849;1.0002933419569073;0.9999680218735749;0.9999136611156484;0.999936728638812;1.0;0.9997951478487701;0.9997920357382166;1.0;1.0;1.0022623582860046;0.9999353936532112;0.9999758921678368;0.9999900853861076;1.0003254551738257;1.024999976158142;
2016-06-21 11:00:00;0.9999790159044222;1.0;1.0;0.9999898823466558;0.9999019953664771;1.0;1.0024797747683514;0.9999940761703209;0.9999236054700178;1.0;1.0;1.0;1.0006044256214661;0.9999921823710951;0.9999929822782645;1.0;0.9999985861479321;0.9999015712355213;1.0008338026681436;0.999965712855404;0.9999724672799782;0.9999970229214263;0.9999989280867815;1.0023519440461746;1.0025313967600729;0.9999666743205016;0.9999973889035182;0.999998367643703;1.000805136590169;1.0002771574119813;0.999957315476237;0.9999060626797971;0.9999053371862587;1.0;0.9997764759057234;0.9997839604343784;1.0;1.0;1.0022999802670636;0.9999035255550203;0.9999689678104319;0.999986747717647;1.0003294269332303;1.024999976158142;
2016-06-21 11:15:00;0.9999825040388338;1.0;1.0;0.999991887330525;0.9999084636335849;1.0;1.0024680350721975;0.999994037738282;0.9999281108325362;1.0;1.0;1.0;1.000602171268946;0.9999929671744004;0.9999941464221991;1.0;0.9999989653127573;0.9999081191329479;1.0008299511987293;0.9999686053653088;0.9999766511872914;0.9999961961617982;0.9999992131574242;1.0023411124814001;1.0025191570244716;0.9999712434145706;0.9999968826810962;0.9999985314857748;1.0007895281752404;1.000265902921003;0.9999510738286153;0.9999056690645421;0.9999119915967679;1.0;0.9997768212522471;0.99979105587123;1.0;1.0;1.002289155830156;0.999910273769006;0.9999734273854534;0.9999874614641615;1.0003284645638242;1.024999976158142;
2016-06-21 11:30:00;0.9999849744015138;1.0;1.0;0.999991939552222;0.9999347508559896;1.0;1.0024451930618707;0.999994998485522;0.9999474069465016;0.9999999999999999;1.0;1.0;1.0005976426231462;0.9999951656131383;0.9999966406635594;1.0;0.9999983576286959;0.9999345381050629;1.000822549320694;0.9999749507415828;0.9999796733249978;0.9999967427150316;0.9999987744655922;1.0023189502185568;1.00249625400477;0.9999741247293586;0.9999974223038011;0.9999989873863546;1.000792692813552;1.0002803024074596;0.9999578672074254;0.9999075504023051;0.9999374023957671;1.0;0.9997907881719408;0.9997871980103333;1.0;1.0;1.002268312062512;0.9999362414881222;0.9999764843811456;0.9999898735848552;1.0003265776217112;1.024999976158142;
2016-06-21 11:45:00;0.9999814748441177;0.9999999999999999;1.0;0.9999912343538362;0.9999058026932753;1.0;1.0025395580686982;0.9999939002066056;0.9999260710897321;0.9999999999999999;1.0;0.9999999999999999;1.0006195806994025;0.9999925529271002;0.9999936470396724;1.0;0.9999988168897368;0.9999055194829695;1.0008539506626455;0.9999675410554731;0.9999756437597577;0.9999965554937238;0.9999991080508096;1.0024088442569044;1.0025922375448373;0.9999698675136643;0.9999972091871328;0.9999984448822729;1.0007960239115334;1.00025015513324;0.9999306563638083;0.9998867951172837;0.9999091512187003;1.0;0.9997636036075753;0.999763166587511;1.0;1.0;1.002355431597432;0.999907420948371;0.9999722715537027;0.9999871522331526;1.0003378805293912;1.024999976158142;
2016-06-21 12:00:00;0.9999815178516728;1.0;1.0;0.9999914319121065;0.9999136375219719;1.0;1.0025915579577538;0.9999952357368167;0.9999333641179838;0.9999999999999999;1.0;1.0;1.0006317977793389;0.999993265751951;0.9999937074583014;1.0;0.9999989967976062;0.9999130693027244;1.0008710689935325;0.9999702679373541;0.9999754387302566;0.9999973783220286;0.9999992206774716;1.0024582371111945;1.002645301903274;0.9999711908500393;0.9999974844772397;0.9999985929913714;1.0008263172224177;1.0002579432006675;0.9999429588822051;0.9998957968548062;0.9999167980278751;1.0;0.9997433674736457;0.9997753179171445;1.0;0.9999999999999999;1.0024036570638137;0.9999151277951305;0.9999726559885235;0.9999886394138928;1.0003445841509861;1.024999976158142;
2016-06-21 12:15:00;0.9999813431607049;0.9999999999999999;1.0;0.9999912860079148;0.9999110308611507;1.0;1.0026010938689112;0.9999949388597245;0.9999311855085737;1.0;1.0;1.0;1.0006342237692043;0.9999928289987914;0.9999932906960505;1.0;0.9999989543157659;0.9999106051626544;1.0008743888621208;0.9999695722991122;0.9999756329468058;0.9999975860433571;0.9999991993570978;1.002467249248981;1.00265503430038;0.9999709419888296;0.9999977921407196;0.9999985021697615;1.0007721613549554;1.0002180176906783;0.9999002901282463;0.9998731442240184;0.9999140011216999;0.9999999999999999;0.9997580604225951;0.9997643367138221;1.0;1.0;1.002412450027873;0.9999123318080823;0.9999727295687194;0.9999883537371502;1.000345812779548;1.024999976158142;
2016-06-21 12:30:00;0.9999777065196702;1.0;1.0;0.99998907677891;0.9999022419173779;1.0;1.0025875481322553;0.9999941510988539;0.9999237444529238;1.0;1.0;1.0;1.0006302053265628;0.9999925712282168;0.9999934974105409;1.0;0.9999983630995193;0.9999015849242849;1.0008697659971295;0.999964776992707;0.9999700419897528;0.9999965237880142;0.9999987473461547;1.0024539501006327;1.0026415931950725;0.9999643134538262;0.9999967712301235;0.999998444407278;1.0006732988324107;1.0001000582556687;0.9998276462964054;0.9998368033998287;0.9999060137770565;1.0;0.999711205159156;0.9997514189315219;1.0;1.0;1.0024000565053952;0.9999041466147254;0.9999663810702716;0.9999864014407266;1.0003436414173053;1.024999976158142;
2016-06-21 12:45:00;0.9999687810773918;1.0;1.0;0.9999859040083113;0.9998387952611981;1.0;1.002659420431819;0.9999907840526134;0.9998755483737501;1.0;1.0;1.0;1.0006461759039544;0.9999863344505505;0.9999869178971937;1.0;0.9999986108232433;0.9998384094049855;1.0008941231935922;0.9999468740620904;0.9999604502584604;0.9999964903470046;0.9999989489540021;1.0025224691083414;1.002714589615461;0.9999521084144994;0.9999970469527312;0.9999971333051811;1.0008063942403882;1.0002316160453053;0.9999183583986664;0.9998893974667203;0.9998434493384886;1.0;0.9997362812689217;0.9997884333621047;1.0;0.9999999999999999;1.0024660148356292;0.9998405122064246;0.9999555940236509;0.9999796484736199;1.0003508451487513;1.024999976158142;
2016-06-21 13:00:00;0.9999592162591134;1.0;1.0;0.9999820631152472;0.9997725154275684;1.0;1.002675576429328;0.9999864623924491;0.9998238611442158;1.0;1.0;1.0;1.000648331958989;0.999980355270161;0.9999814171478064;1.0;0.9999984863061668;0.9997723731911135;1.0008998807077865;0.9999266571435389;0.9999492156678507;0.9999949661302484;0.999998874251256;1.0025378089516632;1.0027309540139902;0.9999371552479612;0.9999962195622945;0.9999958680621572;1.000887382432142;1.0003215779851138;0.9999705996263798;0.9999093147129314;0.9997787367627409;1.0;0.9997677374708089;0.9997779769894084;1.0;1.0;1.0024805185483492;0.9997746736148175;0.999942539464784;0.9999715522450813;1.0003507013672246;1.024999976158142;
2016-06-21 13:15:00;0.9999771604618808;1.0;0.9999999999999999;0.9999895097537763;0.9998782813513186;0.9999999999999999;1.0026370456222795;0.9999921477955119;0.999904588993554;0.9999999999999999;1.0;1.0;1.0006424952814823;0.9999904268798718;0.9999918431577659;1.0;0.9999987338212568;0.9998779169545183;1.000886529180667;0.9999587566709086;0.9999698997347373;0.9999953483395962;0.9999990411266544;1.002501319650582;1.002691722213727;0.9999627893689974;0.9999962505115174;0.9999979992267144;1.0007440120845144;1.0001749461746596;0.9998696128676384;0.9998570184620001;0.9998827097032991;1.0;0.999738125254811;0.9997573635292561;1.0;0.9999999999999999;1.002445670722901;0.999880452196816;0.9999657344778258;0.9999835832525875;1.00034999061489;1.024999976158142;
2016-06-21 13:30:00;0.9999789982534814;1.0;1.0;0.9999902481905345;0.9998882002239612;1.0;1.0025660964502694;0.9999928029293833;0.9999124663582879;0.9999999999999999;1.0;0.9999999999999999;1.000625500317222;0.999990813886165;0.9999919258409652;1.0;0.999998802904266;0.9998880380642763;1.0008629669749192;0.999962381940582;0.999973009269234;0.9999964543575169;0.9999991062302599;1.0024339998489828;1.0026192866631007;0.9999662421828214;0.9999972705957986;0.9999980807802987;1.0007708487394968;1.0002143454690462;0.9999085436847204;0.999879262469778;0.9998917813615228;1.0;0.9997464563980927;0.9997707130426461;1.0;1.0;1.0023798848494525;0.9998897706687538;0.9999692001394792;0.999985143862238;1.0003406998404551;1.024999976158142;
2016-06-21 13:45:00;0.999970566940414;1.0;1.0;0.9999863526076213;0.9998216212049982;1.0;1.0026003559870833;0.9999855125414896;0.9998555963607831;1.0;1.0;1.0;1.0006333106212344;0.9999882077191804;0.9999934844111332;1.0;0.9999978375027573;0.9998209535021907;1.0008743977471557;0.9999369557298974;0.9999575132224269;0.9999866001880504;0.9999983591706613;1.0024662852855226;1.002654508534359;0.999944841655667;0.9999896210575345;0.9999975146721505;1.0007589778572081;1.0001929697571945;0.9998947893282301;0.9998760562750802;0.9998310348778753;1.0;0.9997326993054577;0.9997790254732752;1.0;1.0;1.0024120381617663;0.9998275914326942;0.9999500710077122;0.9999728092482773;1.000345333949131;1.024999976158142;
2016-06-21 14:00:00;0.9999811321779849;1.0;1.0;0.9999911577715396;0.9999029719647612;1.0;1.0025225283491703;0.9999930756703269;0.9999226566976687;1.0;1.0;1.0;1.000615328049887;0.999993806106959;0.9999960678392447;0.9999999999999999;0.9999986677766076;0.9999021740168175;1.000847885308881;0.9999649541159231;0.9999726268697571;0.9999932759456528;0.9999989620451192;1.00239271028676;1.0025749419552803;0.999966720444329;0.9999942787805202;0.9999987025417002;1.0007309064771537;1.0001884940311656;0.9998923052718648;0.9998745586594232;0.9999082837885171;1.0;0.9997503391273314;0.9997768748517138;1.0;1.0;1.0023399545808507;0.9999063086433551;0.999968751243257;0.9999854463161103;1.0003361244031252;1.024999976158142;
2016-06-21 14:15:00;0.9999754557454539;1.0;0.9999999999999999;0.9999888058203698;0.9998747721506593;1.0;1.002517711755739;0.9999922486775769;0.9999021769179527;1.0;1.0;1.0;1.0006127426942881;0.9999906645707937;0.9999921168053957;0.9999999999999999;0.9999986767950677;0.9998740431248643;1.0008462938602436;0.9999569809642717;0.9999667001374809;0.9999946013533562;0.9999989735228089;1.002388101279601;1.002570005099524;0.999960014275695;0.999995308290688;0.9999980465229804;1.0007443184555904;1.0002059027263905;0.9998975184832389;0.9998705405374653;0.9998799470651996;1.0;0.9997610745120901;0.9997572555072468;1.0;1.0;1.0023351111855998;0.9998775154471575;0.9999624584871222;0.9999829400928012;1.0003337659969622;1.024999976158142;
2016-06-21 14:30:00;0.9999771755181779;0.9999999999999999;1.0;0.9999891321969347;0.9998724262222789;0.9999999999999999;1.0026218321990228;0.9999901339598442;0.9998973694173238;1.0;1.0;1.0;1.0006394372522731;0.9999912401574366;0.9999944902503917;1.0;0.9999982401536582;0.9998719285133837;1.0008814039608276;0.999954609649566;0.9999678270326919;0.9999915961416855;0.9999986678933539;1.0024867060177933;1.0026763883298366;0.9999588397992389;0.9999934039186159;0.9999981680195524;1.0007591647549743;1.0001726942344404;0.9998819301369548;0.9998624124112433;0.9998786600125635;1.0;0.9997134280308128;0.9997571573612347;1.0;1.0;1.002431883944543;0.9998762300212929;0.9999625324661056;0.9999808679995367;1.0003489423441734;1.024999976158142;
2016-06-21 14:45:00;0.9999848575815616;1.0;1.0;0.9999926589614366;0.9999168451036418;1.0;1.00252603800781;0.9999935978349243;0.9999331915789896;1.0;0.9999999999999999;1.0;1.0006172576634393;0.9999940147399847;0.9999959824010369;0.9999999999999999;0.9999987786092663;0.9999166323565248;1.0008494612606975;0.9999704701269956;0.9999791651089023;0.9999950806453021;0.9999990847776752;1.0023960520375994;1.0025784189185765;0.99997310175198;0.9999962268235602;0.9999987521894532;1.0006716731217253;1.000122499657371;0.9998463594082371;0.999851352439494;0.9999205540069428;1.0;0.9997328831015387;0.9997692806067351;1.0;0.9999999999999999;1.0023430910852875;0.999919015557212;0.9999756972884047;0.9999876624764262;1.0003371606598865;1.024999976158142;
2016-06-21 15:00:00;0.9999836249222918;1.0;0.9999999999999999;0.999992370436927;0.9999062668220331;1.0;1.0023382754397194;0.9999930904456347;0.9999252346067407;1.0;1.0;1.0;1.0005704331843492;0.9999930650867194;0.9999949771285289;1.0;0.9999989118083413;0.9999060540771668;1.0007866479313003;0.9999676540247173;0.9999777487485222;0.9999949229530486;0.9999991829587485;1.0022179069040522;1.0023867441716412;0.9999714485332122;0.9999961133367248;0.9999985529683554;1.0006629400575264;1.0001671551499296;0.999885717036791;0.9998720930292692;0.9999102395540084;1.0;0.9997760439158131;0.9997752832487045;1.0;1.0;1.002168964352724;0.9999085015995219;0.9999741519454436;0.9999865786695095;1.000311236899921;1.024999976158142;
2016-06-21 15:15:00;0.9999828696545134;1.0;1.0;0.9999917823974545;0.9999142807844508;1.0;1.0022721040389655;0.9999940805414612;0.9999320441811483;1.0;1.0;0.9999999999999999;1.0005535886777825;0.999993892726871;0.999995457430576;1.0;0.9999987476008229;0.9999138060938527;1.0007642745161702;0.999969402176572;0.9999763210299719;0.9999954270292185;0.9999990435520044;1.0021548868976526;1.0023194289742796;0.9999708559688766;0.9999961850427846;0.9999987244940804;1.0005810701143254;1.000105641904719;0.9998453630112728;0.9998573195589779;0.9999181501619748;1.0;0.999778052467299;0.9997837160086348;1.0;1.0;1.0021077422597693;0.9999165011898488;0.9999729572823662;0.999987581326658;1.0003021028697996;1.024999976158142;
2016-06-21 15:30:00;0.9999783888016667;1.0;1.0;0.9999898061248148;0.9998839501302512;1.0;1.0022015443565941;0.9999915612746288;0.9999074128920786;1.0;1.0;0.9999999999999999;1.00053565008547;0.9999919139095309;0.9999944265743216;0.9999999999999999;0.9999984646121952;0.9998833850833849;1.000740604845642;0.9999589187265177;0.9999697629975313;0.9999930190282198;0.9999988286212448;1.0020878643121525;1.0022474810011621;0.9999621771754283;0.999994352613745;0.999998309635695;1.000567707850991;1.000100468804558;0.9998421418360462;0.9998459731840397;0.9998894561304769;1.0;0.9997813505241825;0.9997520632276649;0.9999999999999999;0.9999999999999999;1.0020422684029813;0.999887221296361;0.9999651723361241;0.9999829833428946;1.000292026377714;1.024999976158142;
2016-06-21 15:45:00;0.9999839048108927;0.9999999999999999;1.0;0.9999925868615466;0.9999151377978726;1.0;1.0021485195824185;0.9999940330182091;0.9999325161737335;1.0;1.0;1.0;1.000523226532999;0.9999945332095697;0.9999964181740256;1.0;0.9999989508553798;0.9999144592970768;1.0007226574294106;0.9999697460522025;0.9999767063823056;0.9999942479920362;0.9999991790820829;1.0020378069684786;1.0021931947987934;0.9999717112510663;0.9999951107401324;0.9999988591150877;1.0005776649750877;1.0001078200447608;0.9998648460117844;0.9998617443273657;0.9999197164188353;1.0;0.99976828062555;0.9997690121561074;0.9999999999999999;1.0;1.0019932346121045;0.9999179897820405;0.9999734267066936;0.9999874474736583;1.0002856921844083;1.024999976158142;
2016-06-21 16:00:00;0.9999841095142155;1.0;1.0;0.9999925431610367;0.9999222491203726;1.0;1.002165476802923;0.9999950622068127;0.9999389995644524;0.9999999999999999;1.0;1.0;1.0005272522364501;0.999994403405379;0.9999954797587308;1.0;0.9999989855887345;0.9999217223074769;1.000728447817365;0.9999725983565828;0.9999781270349903;0.9999962870975907;0.9999992153206246;1.0020538076467838;1.0022105348338315;0.9999737328949009;0.9999967457998227;0.9999988327367024;1.0005369711167176;1.0000418714747945;0.999833216302531;0.9998509952325579;0.9999256796070524;1.0;0.9997244881902695;0.9997792849267125;1.0;1.0;1.0020088598759156;0.9999241559273738;0.9999753007392738;0.9999890844145028;1.0002876707349315;1.024999976158142;
2016-06-21 16:15:00;0.9999819406563004;1.0;1.0;0.9999917401087115;0.9999063944647552;1.0;1.0021591284590738;0.9999939726094552;0.9999265026777614;0.9999999999999999;1.0;1.0;1.0005252968507925;0.9999932350643743;0.9999945794480808;1.0;0.9999989729576303;0.9999058294052052;1.0007262725525385;0.9999675989738148;0.9999751521468324;0.9999954090314177;0.9999992033274322;1.0020478322604665;1.0022040139483024;0.9999699652317036;0.9999960717255912;0.9999985893057386;1.000506839123242;1.0000399564860798;0.9998075070076481;0.9998306602151682;0.9999105181653047;1.0;0.9997642334047204;0.9997520396997871;0.9999999999999999;1.0;1.0020028828088994;0.9999086882789783;0.9999718635620798;0.9999869818110075;1.0002863859316418;1.024999976158142;
2016-06-21 16:30:00;0.9999843560052756;1.0;1.0;0.9999918653262174;0.999930966866934;1.0;1.0021038836243956;0.999995219126852;0.9999451927908287;1.0;1.0;1.0;1.000512825911964;0.999994535171503;0.9999955591976655;1.0;0.9999985185924066;0.9999307831963685;1.0007081700233917;0.9999745153473716;0.9999794325828979;0.9999975281549972;0.999998895153883;1.0019950019844026;1.0021479350892881;0.9999741779822464;0.9999980195330481;0.9999988598209578;1.0003496655065955;0.9999076388881798;0.9997120788961406;0.9997920715137671;0.9999333309956177;1.0;0.99975975130408;0.999762252107386;1.0;0.9999999999999999;1.0019517893168284;0.9999321148958028;0.9999764280731565;0.9999899651658967;1.000279795053213;1.024999976158142;
2016-06-21 16:45:00;0.999980777107118;1.0;1.0;0.9999911909293203;0.9998735254724236;1.0;1.0021270016252435;0.9999894139830611;0.9998973289056012;1.0;0.9999999999999999;1.0;1.0005184306203225;0.9999912659866358;0.9999950532356503;0.9999999999999999;0.9999986255560536;0.999873363315119;1.000716071163031;0.999956204626806;0.9999727849998113;0.9999908186395948;0.9999989755077159;1.0020174046440469;1.002171129672403;0.9999633995964299;0.9999932172199572;0.9999981716105389;1.0003161175199295;0.9998846667784456;0.9996769868747831;0.9997680312865541;0.999879761805467;1.0;0.9997765982418452;0.999736334431684;1.0;0.9999999999999999;1.001973159697567;0.9998774015929286;0.9999675551127134;0.999980938812088;1.0002827419453098;1.024999976158142;
2016-06-21 17:00:00;0.9999833088711408;1.0;1.0;0.9999923060761735;0.999898772554431;1.0;1.002098256176397;0.9999918721373591;0.9999181755044118;0.9999999999999999;1.0;1.0;1.0005114106035633;0.9999933632893823;0.9999962973983576;1.0;0.9999988029754755;0.9998983575965069;1.000706101120362;0.9999643170581618;0.9999758422206744;0.9999924000353354;0.9999990885585224;1.0019901493088768;1.0021418350398683;0.9999687808965134;0.9999940741994686;0.9999986142273604;1.0004252989731661;0.9999770133550924;0.999764115551117;0.9998121052134172;0.9999041530121184;1.0;0.9997651606901626;0.9997526493081462;1.0;1.0;1.0019466023052637;0.9999021874551137;0.9999716627325104;0.9999846340127173;1.0002791953196417;1.024999976158142;
2016-06-21 17:15:00;0.999985078516187;1.0;0.9999999999999999;0.9999931075635619;0.999912862162036;1.0;1.0020593580499;0.9999930036414735;0.9999294402907428;0.9999999999999999;1.0;1.0;1.0005019645684263;0.9999947532483462;0.9999974871250742;1.0;0.9999988914453223;0.9999122756235785;1.0006928885118658;0.9999686318125661;0.9999776456010556;0.9999926672087428;0.9999991417394359;1.0019532604512107;1.002102158813587;0.9999717467384188;0.9999940759218532;0.9999989049406828;1.0004149680757306;0.9999724723506171;0.999772045697904;0.9998234383232324;0.9999180588805368;0.9999999999999999;0.9997612191761863;0.9997759593268755;1.0;0.9999999999999999;1.0019106536999176;0.9999162935695175;0.9999739531075238;0.9999864276018904;1.000274300496001;1.024999976158142;
2016-06-21 17:30:00;0.9999833002272087;1.0;1.0;0.9999917981865525;0.9999116603202883;1.0;1.002100104929384;0.9999929270419646;0.999928416772823;1.0;1.0;1.0;1.000511752254639;0.9999943924268362;0.9999970225090559;0.9999999999999999;0.9999985104502198;0.9999111442484147;1.000706656805737;0.999967405936383;0.9999757416127334;0.9999932874145979;0.999998865845074;1.0019915926225684;1.002143988532244;0.9999692162531413;0.9999946002546873;0.9999988286115644;1.0004792158263716;1.0000189286834016;0.9998024330381565;0.9998307202263078;0.9999165141834794;1.0;0.9997577903146928;0.9997582791832984;1.0;1.0;1.0019484550725226;0.9999147863940219;0.9999717684889567;0.9999861427477473;1.000279544722551;1.024999976158142;
2016-06-21 17:45:00;0.9999857881020504;0.9999999999999999;1.0;0.9999930926288657;0.9999250485695073;1.0;1.0020736952978064;0.9999940673370155;0.9999393369876404;0.9999999999999999;1.0;1.0;1.0005056007718587;0.9999954032001467;0.9999976557627213;1.0;0.9999987725733058;0.9999245201631074;1.0006977562892312;0.9999722987902205;0.999979081507069;0.9999940665383913;0.9999990581938835;1.001966692780234;1.0021169226034952;0.9999737380647974;0.999995147008543;0.9999990404187515;1.000323877399674;0.9998797777526774;0.9997119353612751;0.9998057343330645;0.9999293631067527;1.0;0.9997387212041317;0.9998033965204867;1.0;1.0;1.0019239861997074;0.9999278651382099;0.9999757394623223;0.9999882090325679;1.0002763314081016;1.024999976158142;
2016-06-21 18:00:00;0.9999910141504913;0.9999999999999999;1.0;0.9999957173928207;0.9999492707518843;1.0;1.0020760151193928;0.9999958488900508;0.9999587708636033;1.0;1.0;1.0;1.0005069323391897;0.9999969638512817;0.9999986164350754;1.0;0.9999992484723225;0.9999489354092792;1.0006986241110547;0.9999814388381661;0.9999865726747648;0.9999956889883652;0.9999994225214205;1.0019691418796186;1.002119061238493;0.9999829350265134;0.9999965284111365;0.9999993683323288;1.000407907665567;0.9999538284285462;0.9997666379499245;0.999825538882316;0.9999523019467845;1.0;0.999743715671032;0.9997906657985964;1.0;1.0;1.001926139834022;0.9999512824636808;0.9999843184736914;0.9999919698414377;1.0002772866821483;1.024999976158142;
2016-06-21 18:15:00;0.9999871901055576;1.0;0.9999999999999999;0.9999938083065687;0.99992649540777;1.0;1.0020443658934954;0.9999938390940141;0.9999400978548263;1.0;0.9999999999999999;1.0;1.0004988525690863;0.9999954015226393;0.9999978178858646;1.0;0.999998872098433;0.9999261401652894;1.0006880737018877;0.9999731866179876;0.9999811708728339;0.9999939849146967;0.9999991436976966;1.0019389626185322;1.002086888029195;0.9999756034811625;0.9999952805629688;0.999999040777685;1.0004966464282543;1.0000545444628826;0.9998412251454226;0.999863222425901;0.9999306522123274;1.0;0.9997698989133826;0.9998037099091117;1.0;1.0;1.0018967688732614;0.9999292185690265;0.9999778526867844;0.9999883798558181;1.0002726760061782;1.024999976158142;
2016-06-21 18:30:00;0.9999897275675018;0.9999999999999999;1.0;0.9999949538116749;0.9999321647621585;0.9999999999999999;1.0020343175357693;0.9999934937288384;0.9999435621927684;1.0;1.0;1.0;1.0004971543524952;0.9999959650864813;0.9999988868403993;1.0;0.9999989269675147;0.9999320025953439;1.000684913975274;0.999975084628158;0.9999843833337848;0.9999933434327263;0.9999991976810287;1.0019295019336683;1.0020765504519593;0.9999784433672908;0.9999950336030813;0.9999991580467923;1.000465332512189;1.0000089657638185;0.9998184522837842;0.9998515153465564;0.9999363039995982;0.9999999999999999;0.9997423646941399;0.9997987016398706;1.0;0.9999999999999999;1.0018875328849335;0.9999350091058193;0.9999810252174948;0.9999887119521722;1.0002719980936645;1.024999976158142;
2016-06-21 18:45:00;0.9999892060373468;1.0;0.9999999999999999;0.9999947071436539;0.9999236443207767;1.0;1.0020209483902152;0.9999923181262795;0.9999359265655164;1.0;1.0;1.0;1.000494060077568;0.9999956800363152;0.9999993291300247;1.0;0.9999988040401427;0.9999234821553437;1.0006804340602364;0.9999718440127592;0.9999830932941045;0.9999917904687635;0.9999991070708308;1.00191681976338;1.0020629109736985;0.9999761448258583;0.9999939166602598;0.9999990993426096;1.0004991412803432;1.0000556788825046;0.999847531546457;0.9998657723488652;0.9999285880032803;1.0;0.9997648153616797;0.9998026288312251;0.9999999999999999;1.0;1.0018751762918678;0.9999271239581327;0.9999791885005016;0.9999869914241768;1.0002704097410975;1.024999976158142;
2016-06-21 19:00:00;0.9999786097851361;0.9999999999999999;1.0;0.9999882198818327;0.9999048079087419;1.0;1.0020428567227861;0.9999912079972816;0.9999206977268075;1.0;0.9999999999999999;0.9999999999999999;1.0004978075661786;0.9999948485543726;0.9999989504539628;1.0;0.9999971703852887;0.9999040390425198;1.0006874624629953;0.9999606870760619;0.9999678145995421;0.9999907250472492;0.9999978603412376;1.0019364332043923;1.0020863249312983;0.9999587060424684;0.9999924765926227;0.9999989158656352;1.0004944718172433;1.000056734525663;0.9998436922341528;0.9998683656195282;0.9999110377752904;1.0;0.9997726817806053;0.9998154848229963;1.0;1.0;1.0018957769308983;0.9999091673235093;0.9999622276554291;0.999982984641644;1.0002723697630806;1.024999976158142;
2016-06-21 19:15:00;0.999982249050165;1.0;0.9999999999999999;0.9999906443260995;0.9999039033711126;1.0;1.00203018360681;0.9999908267411051;0.9999198438859589;1.0;1.0;1.0;1.0004953354867077;0.9999945428586764;0.9999987818157209;1.0;0.9999978301317761;0.9999034378571229;1.0006834678974539;0.9999625569187106;0.9999731155170848;0.9999904644645508;0.9999983679206381;1.0019249231678895;1.0020729172656755;0.9999642068195917;0.9999926259501858;0.9999988524627046;1.0006219610043499;1.0001770246288348;0.9999387869320966;0.9999130815085313;0.9999100022271001;1.0;0.9997827821389428;0.9998232077062709;1.0;0.9999999999999999;1.0018838971156498;0.9999081472265181;0.9999678909044271;0.9999833580058022;1.0002709748450684;1.024999976158142;
2016-06-21 19:30:00;0.999975293307164;1.0;1.0;0.9999872195702407;0.999874204942762;1.0;1.001993546612422;0.9999889590022603;0.9998964328415896;1.0;1.0;1.0;1.0004851661491145;0.9999926027542787;0.9999973375072069;1.0;0.9999972759281551;0.9998734177528315;1.0006709174251485;0.9999514041329733;0.9999632194325057;0.9999888038168877;0.999997936850021;1.0018898604655544;1.0020358184767353;0.9999525754348795;0.9999910742596074;0.9999984439523061;1.0006429667856416;1.0002104036200334;0.9999768859294064;0.9999468285182858;0.9998818231724952;1.0;0.9997891421048694;0.9998734549943827;1.0;1.0;1.0018498751998708;0.999879363258784;0.9999567829887873;0.9999789408485993;1.000265065158474;1.024999976158142;
2016-06-21 19:45:00;0.9999669563647928;1.0;1.0;0.9999804759388712;0.9998545282203817;1.0;1.0020144548507404;0.9999848998295491;0.9998764283399204;1.0;1.0;1.0;1.0004909917945306;0.9999912676772073;0.9999984097178387;0.9999999999999999;0.9999947364464117;0.9998541423580971;1.0006787051532662;0.9999381715367044;0.9999518922510164;0.9999862903082806;0.9999960930873267;1.001908001868761;1.0020584970922435;0.9999347086144973;0.9999897121150465;0.9999981423274233;1.0007414902455085;1.00029870346821;1.0000391998369127;0.9999716849679517;0.9998629789608086;1.0;0.9997971424708485;0.9998648615711634;0.9999999999999999;1.0;1.0018697211588679;0.9998604209325543;0.999942243966552;0.9999729431714843;1.0002685086767686;1.024999976158142;
2016-06-21 20:00:00;0.9999773366345033;1.0;1.0;0.9999872755523751;0.9998904936572431;1.0;1.002021581409886;0.9999894385723408;0.9999084535201502;1.0;1.0;1.0;1.0004930440814903;0.9999929691235573;0.9999975284731232;1.0;0.9999968660986825;0.9998902809157328;1.0006809489531676;0.9999561710759242;0.9999675249199359;0.9999908157174681;0.9999976750396041;1.0019160619518614;1.0020646613095914;0.9999560837631734;0.9999931592391789;0.9999985166359483;1.0007451797962503;1.0002893906284607;1.0000420905361704;0.9999758769541679;0.9998963539933723;0.9999999999999999;0.9997788128804944;0.9998745084562651;1.0;1.0;1.0018759316686434;0.9998944086402437;0.9999611380682899;0.999980961643703;1.0002694212588166;1.024999976158142;
2016-06-21 20:15:00;0.9999793291224965;1.0;1.0;0.9999891588709586;0.9998912165756118;1.0;1.001989312993638;0.9999902509399001;0.9999102727789073;1.0;0.9999999999999999;1.0;1.0004848700717164;0.9999930567287044;0.9999970480945096;0.9999999999999999;0.9999976432053563;0.999890862909328;1.000669825061402;0.9999585184685723;0.9999701115114323;0.9999911192192625;0.9999982379752125;1.001886002398922;1.0020312942117446;0.9999603624432265;0.9999932210985979;0.9999985435690358;1.0007348207384494;1.0002793665816383;1.000044998772519;0.9999812026062639;0.9998971312787259;1.0;0.9997700993688537;0.9998865150972126;1.0;0.9999999999999999;1.0018458315588648;0.9998951106032069;0.9999645254275566;0.9999820274258732;1.0002648333007902;1.024999976158142;
2016-06-21 20:30:00;0.9999764599700814;1.0;1.0;0.9999870690604683;0.9998881419820799;1.0;1.0019445694855365;0.9999899788533029;0.9999076997919673;1.0;1.0;1.0;1.000473797162107;0.9999923443566089;0.9999962272083683;1.0;0.9999970378269567;0.9998879292410697;1.0006550570887212;0.9999562442349645;0.9999670872453322;0.9999920398620774;0.999997801621985;1.0018430895513288;1.0019859874669839;0.9999562221442029;0.9999940396363567;0.9999983873018077;1.0007766629899115;1.0003405027369914;1.0000958282873378;1.000015632021696;0.9998935334434121;1.0;0.9997922395367203;0.9999215823918324;1.0;0.9999999999999999;1.001804354918063;0.9998915560316315;0.9999610126584815;0.9999814112478946;1.0002585777742317;1.024999976158142;
2016-06-21 20:45:00;0.9999734457896322;1.0;1.0;0.9999862112465633;0.9998752908951474;1.0;1.001946878117207;0.9999899067026573;0.9998986139689614;1.0;1.0;1.0;1.000473140733089;0.9999920303806603;0.9999958262808447;1.0;0.9999972105032492;0.9998745037043617;1.0006552879077266;0.9999520012212115;0.9999618126790751;0.999990831698802;0.9999978886213751;1.001845436728825;1.0019882990552889;0.9999517569631886;0.999992532642694;0.9999983189716458;1.0008188435416947;1.0003769926158452;1.0001284344969188;1.0000340805190626;0.9998820204980258;1.0;0.9997897964347996;0.9999336584621413;1.0;1.0;1.0018064879543913;0.9998796193967113;0.9999556937368248;0.9999798587879385;1.000258120804089;1.024999976158142;
2016-06-21 21:00:00;0.9999676806007984;1.0;0.9999999999999999;0.9999804635568875;0.999894285409533;0.9999999999999999;1.0020291568468855;0.9999903128872679;0.9999117322660417;1.0;1.0;1.0;1.000493485429847;0.999993012616931;0.9999970225090558;1.0;0.9999949449949519;0.9998936682398017;1.000683433796152;0.999951845077333;0.999954871204404;0.999992917357798;0.9999962305768059;1.0019216853712052;1.0020737338617587;0.9999421631630665;0.9999942217418528;0.9999984980480139;1.0007720096798844;1.000317018381081;1.0000682436806965;0.999997440575934;0.9998994517235217;1.0;0.9997793782392388;0.999903920864618;1.0;0.9999999999999999;1.0018832965404803;0.9998976367300305;0.9999474553231378;0.9999803973700317;1.000269537762862;1.024999976158142;
2016-06-21 21:15:00;0.99996227873026;1.0;1.0;0.9999754094459128;0.9999029052370021;1.0;1.0020225797219764;0.9999899929987673;0.9999168623600316;1.0;1.0;1.0;1.0004921963769697;0.9999929479606467;0.999997232482955;1.0;0.9999930297809768;0.9999026097284206;1.0006817938808943;0.9999497294836301;0.999948843748521;0.9999947219123935;0.9999948413562408;1.0019139692586996;1.0020681901417863;0.9999332136010268;0.9999958769237403;0.9999984605779166;1.000771186351578;1.0003349929397958;1.0000745544675365;1.00000511087665;0.9999066846750578;1.0;0.9998026273796037;0.9999180877610206;1.0;1.0;1.001877498608447;0.9999052830679717;0.9999401119886477;0.999980013080601;1.0002688828998187;1.024999976158142;
2016-06-21 21:30:00;0.9999783947740721;1.0;1.0;0.9999880008035875;0.9999172153606991;1.0;1.0019561521099039;0.9999934993020325;0.999932771459687;1.0;0.9999999999999999;1.0;1.0004760868271032;0.9999944145680791;0.9999966629922308;1.0;0.9999973421304383;0.9999166471394183;1.0006585719716485;0.9999660577427805;0.9999698295481234;0.9999950246697749;0.9999980010000769;1.001854085855193;1.0019978583879408;0.9999623303183256;0.9999957917976781;0.9999988206657809;1.000762866004862;1.000311784710652;1.0000774757572455;1.0000018301624989;0.9999211987154061;1.0;0.9997728738114205;0.9999046556210348;1.0;1.0;1.0018151560353747;0.9999196688796603;0.9999652828028391;0.9999862867699644;1.000259931456784;1.024999976158142;
2016-06-21 21:45:00;0.9999760974885201;1.0;1.0;0.9999874355098588;0.9998853315955094;1.0;1.0019524048786297;0.9999907638845452;0.9999070635066756;0.9999999999999999;1.0;1.0;1.0004750305688712;0.9999916673229776;0.9999946746374984;1.0;0.9999974765767329;0.9998850683021068;1.000657594395981;0.9999569000198888;0.9999673384400346;0.9999933779746567;0.9999981214835194;1.0018507561250767;1.0019937777530445;0.9999576137234855;0.9999949457868431;0.9999982448779424;1.0007757391511083;1.0003253137690866;1.0000901829621403;1.0000105591500041;0.9998902843206102;1.0;0.9997737317768473;0.9999138153938603;1.0;1.0;1.0018114367162354;0.9998882349726171;0.9999618389941184;0.9999821494791115;1.0002588784912803;1.024999976158142;
2016-06-21 22:00:00;0.999956471251479;1.0;1.0;0.9999747332995899;0.9998416574547685;1.0;1.0020077116647457;0.9999871725242467;0.999871071005479;0.9999999999999999;1.0;1.0;1.0004866127181746;0.9999873407302866;0.9999911305481709;1.0;0.9999941098693407;0.9998414447236487;1.0006766707578718;0.9999344755017627;0.9999426646861074;0.9999939678607754;0.9999956433301938;1.001900751353076;1.0020522090384691;0.9999260502278257;0.9999954257595893;0.9999972903275044;1.0008710513921293;1.0004176199642172;1.0001544570261762;1.0000486222232128;0.9998468380967588;1.0;0.9997891223389573;0.9999424241135344;1.0;1.0;1.0018629360640887;0.9998442814292134;0.9999334638626345;0.9999741146555559;1.000264371930248;1.024999976158142;
2016-06-21 22:15:00;0.9999621677283135;1.0;1.0;0.999979070877053;0.9998359990313248;1.0;1.0019932194145937;0.9999862687225185;0.9998660135065248;0.9999999999999999;1.0;1.0;1.0004837143464196;0.9999880342679968;0.9999927369584648;1.0;0.9999953482589448;0.9998356453845719;1.0006714959416902;0.999935407958971;0.9999484594314053;0.9999906442322767;0.999996546312276;1.0018880838159396;1.002036569627956;0.9999328734433688;0.9999928789747705;0.99999746010717;1.000834787106633;1.000375169509796;1.0001247281884988;1.0000279652652893;0.9998429299773213;1.0;0.9997756621890702;0.9999199327933701;1.0;1.0;1.001849431108306;0.9998400859066103;0.9999397014614296;0.9999734118897341;1.00026316914605;1.024999976158142;
2016-06-21 22:30:00;0.9999700991771563;0.9999999999999999;0.9999999999999999;0.9999857128852976;0.999838503386534;1.0;1.0019387990398452;0.9999880879578746;0.9998710447085305;1.0;1.0;1.0;1.000470189473845;0.9999881725134904;0.9999915597468102;0.9999999999999999;0.99999779870259;0.9998380072581791;1.0006527789261366;0.9999431028712858;0.9999591192976646;0.9999911408082077;0.9999983425984755;1.0018382330347022;1.0019795822685476;0.9999480322099005;0.9999930774892518;0.9999975092704196;1.000851952159492;1.0004125324146185;1.0001483962968507;1.0000366297803203;0.9998455007811634;1.0;0.9998016665448072;0.9999141382792015;1.0;1.0;1.0017984858223299;0.999842490769692;0.9999526817453345;0.9999765009904249;1.0002554867622984;1.024999976158142;
2016-06-21 22:45:00;0.9999675209508663;0.9999999999999999;1.0;0.999984310546583;0.9998268950114367;1.0;1.0019057035390229;0.9999869305337938;0.9998611915615075;1.0;1.0;1.0;1.0004618455239958;0.9999877960948317;0.9999918589067129;1.0;0.999997437473422;0.9998262165705187;1.0006415244460016;0.9999380521304663;0.9999548037512294;0.9999894996444254;0.9999980635473174;1.00180666533637;1.0019459817387841;0.9999426304071463;0.9999916946905268;0.9999974295895018;1.0008531807428016;1.0004228384975327;1.000164141420473;1.0000520769815053;0.9998349568999103;1.0;0.9998054159528653;0.9999394415566961;0.9999999999999999;1.0;1.001767867630503;0.9998316872387372;0.9999476240623224;0.9999742198137678;1.0002509913900302;1.024999976158142;
2016-06-21 23:00:00;0.9999701952596634;1.0;1.0;0.9999849693695007;0.9998448919146539;0.9999999999999999;1.0019091164934606;0.9999876114683003;0.9998745342549425;1.0;0.9999999999999999;1.0;1.0004635949056426;0.9999889928057066;0.9999930932268402;1.0;0.999997204783721;0.9998444754154523;1.000642918725177;0.9999432428665874;0.9999587500444759;0.9999903690007317;0.9999979103983693;1.0018096900089613;1.0019496118562612;0.9999465094488453;0.9999926111950294;0.9999976847963794;1.000882391369213;1.00044049079689;1.0001815903095637;1.0000579197420658;0.9998519810754783;0.9999999999999999;0.9997959276974685;0.9999340529233915;1.0;1.0;1.0017711541987044;0.9998491374429507;0.9999517561954887;0.9999762287349819;1.0002522435091596;1.024999976158142;
2016-06-21 23:15:00;0.9999690707384048;1.0;1.0;0.9999851021636391;0.9998346124303215;1.0;1.0019101515835953;0.9999880353931143;0.9998683891894278;0.9999999999999999;1.0;1.0;1.0004630846357736;0.9999872222691729;0.9999902204076772;0.9999999999999999;0.9999977243912543;0.9998343368520037;1.000643346425066;0.9999422589404419;0.9999588795813001;0.9999923368653056;0.9999983032887102;1.0018109653471359;1.0019503734969593;0.9999473784471291;0.9999941824928047;0.9999973108370767;1.0008874590561647;1.0004387884303936;1.0001852718420354;1.0000604478196125;0.9998409393095018;0.9999999999999999;0.999786289275257;0.9999365504278491;1.0;1.0;1.0017717769874503;0.9998379487632794;0.9999524021732515;0.9999764458109163;1.0002512790062388;1.024999976158142;
2016-06-21 23:30:00;0.9999701945632641;1.0;1.0;0.9999859966789958;0.9998118286026244;1.0;1.0018450874742255;0.9999841071345488;0.9998469088977117;1.0;0.9999999999999999;1.0;1.0004482758699016;0.9999871434074336;0.9999929691962833;0.9999999999999999;0.999997656397602;0.9998115132157325;1.0006215664547962;0.9999337900948178;0.9999576247934768;0.9999860894097339;0.9999982503827072;1.0017495514300931;1.0018837554950386;0.9999432831933613;0.9999896448785699;0.9999972899564007;1.0009220085464803;1.0005169063900856;1.0002334510417663;1.0000894309168538;0.9998212636601368;1.0;0.9998427687660504;0.9999590878225443;1.0;1.0;1.0017116756954394;0.9998177497479189;0.9999495718325889;0.9999712199044941;1.000243829489469;1.024999976158142;
2016-06-21 23:45:00;0.9999718666004817;1.0;1.0;0.9999865701666218;0.9998305123909619;1.0;1.001849098395596;0.9999861544685369;0.9998628301121713;1.0;1.0;1.0;1.0004493141232225;0.999987795506458;0.9999924187154436;1.0;0.9999977722505168;0.9998303502406328;1.0006230024116205;0.9999405381530163;0.9999611746546381;0.9999890699102072;0.9999983465238033;1.0017532786495529;1.0018878826582285;0.9999482868745366;0.9999919588830011;0.9999974311990699;1.000933681344447;1.0005361358139466;1.0002383462411502;1.0000879382771257;0.9998381965374105;1.0;0.9998589136817768;0.9999481514543275;1.0;1.0;1.001715322677746;0.9998351023960533;0.9999540405483511;0.9999746060345036;1.0002442667639033;1.024999976158142;
2016-06-22 00:00:00;0.9999656270298771;1.0;1.0;0.9999829461815795;0.9998153466443453;1.0;1.001885936795361;0.9999854528151024;0.9998511296310768;0.9999999999999999;1.0;1.0;1.0004572881450675;0.9999864821212661;0.9999910380275597;1.0;0.9999969906909124;0.9998150129102157;1.0006352655125803;0.9999336610832086;0.9999530620907283;0.9999892692819171;0.9999977583902411;1.00178763516693;1.001925975234586;0.9999388524478791;0.9999919115866216;0.9999971501270857;1.0009401534804971;1.0005264507128178;1.000234193863227;1.0000863090332608;0.9998233310577046;1.0;0.9998415985144956;0.9999489856003019;1.0;1.0;1.001749487375156;0.9998199802580273;0.9999450658081674;0.9999722844803652;1.0002483014437613;1.024999976158142;
2016-06-22 00:15:00;0.9999662113283261;1.0;1.0;0.9999841684889057;0.9998239483032565;1.0;1.0018416978704114;0.9999882920335044;0.9998613824690052;1.0;1.0;1.0;1.0004452817120166;0.9999864562210914;0.9999889164951442;1.0;0.9999978796686055;0.9998233419114807;1.0006199562668245;0.9999392296026514;0.9999549121794501;0.9999925389193598;0.9999983945473084;1.0017461306402682;1.0018804679395583;0.9999441315833513;0.9999939604376683;0.9999971550590873;1.000934612641105;1.0005374575356816;1.0002436426071013;1.0000938436887772;0.999830722816806;1.0;0.9998565454324921;0.9999588781618984;1.0;1.0;1.0017081436385256;0.9998274440884508;0.9999485483445388;0.9999756484023573;1.0002412238031049;1.024999976158142;
2016-06-22 00:30:00;0.9999783585137982;1.0;0.9999999999999999;0.9999899603805076;0.9998701947083825;1.0;1.0017913543439516;0.9999896590769666;0.9998952346733269;0.9999999999999999;1.0;1.0;1.0004356973515216;0.9999912414867329;0.9999948432626667;1.0;0.9999984422252398;0.9998697383814774;1.0006032102631313;0.999954352716292;0.999969109971761;0.9999907619121355;0.9999988197434573;1.00169886494829;1.0018287255085703;0.9999599982902223;0.9999928497367943;0.9999981638933971;1.000906961602994;1.0005182486689168;1.0002326467913176;1.0000862729679143;0.9998767983335614;1.0;0.9998582395149382;0.9999506242815762;1.0;1.0;1.0016619107373814;0.9998743093159501;0.9999637812360525;0.9999804552168933;1.0002373920046044;1.024999976158142;
2016-06-22 00:45:00;0.9999814909562224;1.0;1.0;0.9999917403435984;0.999895780604301;1.0;1.0017237854444743;0.9999927468657994;0.9999173993940562;0.9999999999999999;1.0;1.0;1.0004189892641842;0.9999928795968532;0.9999949580452767;1.0;0.9999989867290483;0.9998951526701482;1.0005802069776852;0.9999639973071229;0.9999737840719448;0.9999935907051068;0.9999992090696822;1.0016349992416134;1.0017596058419758;0.999967797320242;0.9999946940176309;0.9999985138039998;1.000873578015005;1.000502693818783;1.0002255541188907;1.0000846912235104;0.9999009340867737;0.9999999999999999;0.9998675781868662;0.9999550632366262;0.9999999999999999;1.0;1.0015991726554254;0.9998988641830278;0.9999700084050123;0.9999850827732929;1.0002282740414081;1.024999976158142;
2016-06-22 01:00:00;0.999981402198211;1.0;1.0;0.9999912194304856;0.9999066746849602;1.0;1.001694857431881;0.9999937532920092;0.9999263115562137;1.0;1.0;1.0;1.0004119687565793;0.9999933452357663;0.9999949036929087;0.9999999999999999;0.9999987460064754;0.9999061080616444;1.000570593085855;0.9999669676915266;0.9999742806533943;0.9999951500359547;0.9999990359295196;1.0016073014267202;1.0017302850294727;0.9999686645617816;0.999995883634455;0.999998608923484;1.0009083564181456;1.00056806583352;1.0002594535180747;1.000100586058392;0.9999108904432993;1.0;0.9999145178660176;0.9999576144056687;1.0;1.0;1.0015723822363005;0.9999090754610123;0.9999707573019181;0.9999866623588105;1.000224418894075;1.024999976158142;
2016-06-22 01:15:00;0.9999826164539115;1.0;1.0;0.9999916797206735;0.9999143769732495;1.0;1.001692113206993;0.999994664804096;0.999933145117352;1.0;1.0;1.0;1.0004115124816255;0.9999929061582031;0.9999936024342291;0.9999999999999999;0.9999988765210127;0.9999141933057314;1.0005699936825858;0.9999706252839837;0.9999776859770718;0.9999976561257133;0.9999991589855931;1.0016046788903599;1.0017274249639754;0.9999724313883028;0.9999981113262756;0.9999985182895101;1.000898126678074;1.000555456318943;1.0002528690314367;1.0000980359903777;0.9999170076106375;1.0;0.999908476856621;0.9999586941217642;1.0;1.0;1.0015696724966616;0.9999154721220982;0.9999746801837147;0.9999885874395954;1.0002238584446925;1.024999976158142;
2016-06-22 01:30:00;0.9999839301475983;1.0;1.0;0.9999926124393373;0.9999167098009041;0.9999999999999999;1.0016861923540774;0.999994916959061;0.9999351789246897;0.9999999999999999;1.0;0.9999999999999999;1.0004101367725469;0.9999931932424198;0.999993831501009;1.0;0.9999991522167445;0.9999164863183007;1.0005679294879026;0.9999720349606964;0.9999792450300837;0.9999975236457271;0.9999993594122639;1.001599269862903;1.0017212204811516;0.9999745737420078;0.9999979718275496;0.9999985798624739;1.0008933738514545;1.0005502127065402;1.0002512346214;1.000097936182073;0.9999194162724748;1.0;0.9999056737273118;0.9999605836154206;0.9999999999999999;1.0;1.0015641605453653;0.9999178882976341;0.9999765223553974;0.99998908583343;1.0002231603012897;1.024999976158142;
2016-06-22 01:45:00;0.9999849071125438;1.0;0.9999999999999999;0.9999930338475306;0.9999195074484051;1.0;1.0016480596725241;0.9999946427207391;0.9999366204061848;1.0;1.0;0.9999999999999999;1.0004011528390246;0.9999939298328995;0.9999950978407685;1.0;0.99999910556415;0.9999191935912893;1.0005550412758475;0.9999723663489064;0.9999796734760041;0.9999963448760386;0.999999318687938;1.001563122124564;1.0016823105999104;0.9999748729269198;0.9999970237925;0.9999987345646736;1.0009152442114984;1.0005961898176827;1.0002762068270914;1.000108580353187;0.9999227550927722;1.0;0.999940155358921;0.9999592933857515;1.0;1.0;1.0015289112044108;0.9999212346280485;0.9999768054547189;0.9999888653566978;1.000218544821365;1.024999976158142;
2016-06-22 02:00:00;0.9999894493779122;1.0;1.0;0.9999947491540949;0.9999576311325502;1.0;1.0016132510048377;0.9999971473164346;0.9999661848296566;0.9999999999999999;1.0;1.0;1.0003933371232772;0.9999979751931082;0.9999991381631069;1.0;0.9999990485345184;0.9999568637894716;1.0005429602122862;0.9999830017250766;0.9999837662542945;0.9999962111204914;0.9999992448546947;1.0015300161454703;1.001646972785643;0.9999813382871796;0.9999964242946842;0.9999995783593731;1.0009029336382715;1.0005951200197387;1.0002766153386817;1.0001100957096762;0.9999607141537038;0.9999999999999999;0.9999487768989188;0.9999633012833454;1.0;1.0;1.0014970591580303;0.9999597455329364;0.9999818055737748;0.9999930341452831;1.0002152303945522;1.024999976158142;
2016-06-22 02:15:00;0.999988172762925;1.0;1.0;0.9999938950286319;0.99995185450803;1.0;1.0016202415527324;0.9999964123450479;0.9999610892723537;0.9999999999999999;1.0;1.0;1.0003950760583888;0.9999975626577835;0.9999990777322124;1.0;0.9999987769647306;0.9999511393175489;1.0005454003861;0.9999804441482648;0.9999820290923275;0.9999956939870811;0.9999990483347224;1.001536481297081;1.0016542349953863;0.9999786666115009;0.9999961102466483;0.9999994913444136;1.0008967824828308;1.0005878298983932;1.0002688805122344;1.000104606080931;0.9999551885058797;1.0;0.9999481025999435;0.9999570545188161;0.9999999999999999;1.0;1.0015035732627702;0.999954142267294;0.999979605215155;0.9999918831143552;1.0002161680986812;1.024999976158142;
2016-06-22 02:30:00;0.9999930912887264;1.0;1.0;0.9999965576749821;0.9999683594332787;1.0;1.0015887383631001;0.9999976317353497;0.9999745114851483;1.0;1.0;1.0;1.0003881695537908;0.9999982348271187;0.9999991604284887;1.0;0.9999993628835062;0.9999679934397994;1.0005350795970693;0.9999877927547908;0.9999896427780067;0.9999973670332004;0.9999995047058271;1.0015069532121068;1.0016217358138173;0.9999875031346165;0.9999977013471512;0.999999633132067;1.0008861323694827;1.0005876240420857;1.0002743401170782;1.0001134923550368;0.9999703751382568;1.0;0.99995319917296;0.9999765431823976;1.0;1.0;1.0014742510956112;0.9999697072083522;0.9999881754208635;0.9999948933680487;1.0002124069601;1.024999976158142;
2016-06-22 02:45:00;0.9999893024698293;1.0;1.0;0.9999948730459534;0.9999477473337071;0.9999999999999999;1.0016108921478797;0.9999962918446753;0.9999583197305383;1.0;0.9999999999999999;1.0;1.0003928754354316;0.9999967516272918;0.9999979865121019;0.9999999999999999;0.9999991737416065;0.9999472618869693;1.0005424147381397;0.9999807573347566;0.9999844057307353;0.9999963116563285;0.9999993569115676;1.0015278899107483;1.0016444160469375;0.9999811619870586;0.9999968095590908;0.9999993236903127;1.0009083762098174;1.0006053319637396;1.0002841071448412;1.0001165069986317;0.9999506869290883;0.9999999999999999;0.9999546230622799;0.9999726320092479;0.9999999999999999;0.9999999999999999;1.001494717904511;0.999949614136768;0.9999822389524216;0.9999920445787459;1.0002147027038124;1.024999976158142;
2016-06-22 03:00:00;0.9999909825776662;1.0;1.0;0.9999954411142132;0.9999619841238697;1.0;1.001597810787956;0.9999974734874141;0.9999698644047674;1.0;0.9999999999999999;1.0;1.0003899692033262;0.9999975035610245;0.999998215505856;0.9999999999999999;0.9999991958372042;0.999961610524316;1.0005381086339007;0.9999855167480777;0.999987230466311;0.9999978163769593;0.9999993810411258;1.0015154165127218;1.0016311036351835;0.9999847564683529;0.9999980160734748;0.9999994809587794;1.0009116754151974;1.0006144718007735;1.000286385228119;1.0001138464727195;0.9999639166018648;0.9999999999999999;0.9999641424003697;0.9999615589424397;1.0;1.0;1.0014825973492085;0.9999631535823794;0.9999855753420008;0.9999942225218263;1.0002131668790362;1.024999976158142;
2016-06-22 03:15:00;0.9999903044881221;1.0;1.0;0.9999950946985294;0.9999504860458573;1.0;1.0015938274599017;0.9999959005980099;0.9999596410255276;1.0;1.0;0.9999999999999999;1.0003892531575305;0.9999969476996533;0.9999985560905414;1.0;0.999999031824125;0.9999501829148838;1.0005368752595847;0.9999812976277304;0.9999858144273088;0.9999960257459817;0.9999992650871915;1.0015116243422;1.0016270414475725;0.9999819126880792;0.9999968063971909;0.9999993646766876;1.0009089066714498;1.0006163187352792;1.0002870016464358;1.0001157078230576;0.9999533039320844;1.0;0.9999688796612309;0.999966338517839;0.9999999999999999;1.0;1.001478943675532;0.9999523364304408;0.9999834440340583;0.9999920112322914;1.000212855878724;1.024999976158142;
2016-06-22 03:30:00;0.9999913061447804;0.9999999999999999;1.0;0.9999953315727466;0.9999600643095777;1.0;1.0016073554201812;0.9999964795627486;0.9999670145824237;1.0;1.0;1.0;1.000392801504849;0.9999977582505841;0.9999993100470064;1.0;0.9999989418261751;0.999959750439732;1.0005414241255652;0.9999839492077706;0.9999870243335827;0.9999963533350611;0.9999991979961809;1.0015243641148834;1.0016409340557701;0.9999834605517787;0.999997030127774;0.9999995334901093;1.0008957594366072;1.0005904758247195;1.0002718269707278;1.000106719704313;0.9999625763509272;1.0;0.99995102547494;0.9999594962867272;1.0;1.0;1.001491580974915;0.9999617886219199;0.9999848284415581;0.9999931010894902;1.0002149780307728;1.024999976158142;
2016-06-22 03:45:00;0.999991390926151;1.0;1.0;0.999995747724008;0.9999600987085898;1.0;1.0016181342513288;0.9999970719682931;0.9999679580435927;1.0;1.0;1.0;1.000395049058835;0.9999976944857651;0.999998785073164;1.0;0.9999992393754045;0.9999596622488303;1.0005448913231907;0.9999847910695189;0.9999872113152695;0.9999968555390097;0.9999994087259577;1.0015347722393746;1.0016517979339092;0.9999845763543493;0.9999972551984126;0.9999995204673057;1.0009003486607528;1.0005928892901776;1.0002712013523043;1.000104688857018;0.9999625413843344;1.0;0.9999512208191673;0.9999542263754974;1.0;1.0;1.0015015015343016;0.9999617072804504;0.9999854161347987;0.9999936709530062;1.000216083193379;1.024999976158142;
2016-06-22 04:00:00;0.9999854602164963;1.0;1.0;0.9999929154055449;0.999935494990471;0.9999999999999999;1.0016129497290842;0.999995650598186;0.9999487499816793;1.0;1.0;1.0;1.0003926012556195;0.9999962279893844;0.9999976970991141;1.0;0.9999988194789359;0.9999346862808952;1.0005428417838307;0.9999755253072675;0.9999785265395749;0.9999953121763582;0.9999990731141033;1.0015296236821296;1.0016467441977004;0.9999747302446558;0.9999957317001412;0.999999212914692;1.00090234823709;1.0005977905710361;1.000279276705329;1.0001144286382262;0.9999393801963683;1.0;0.9999515520902587;0.9999727891320712;1.0;1.0;1.0014966753217092;0.9999380072337304;0.9999757884329499;0.9999900214793912;1.0002144836823395;1.024999976158142;
2016-06-22 04:15:00;0.9999906573814548;1.0;1.0;0.99999523278826;0.9999598550667467;1.0;1.0016016369566645;0.9999972910142833;0.999968156909113;1.0;1.0;0.9999999999999999;1.0003909123365344;0.9999971863740557;0.9999978879901744;1.0;0.9999991479553644;0.9999595595413342;1.0005394558873628;0.9999848804741202;0.9999870793878229;0.9999979800494115;0.999999351221667;1.0015190084510635;1.0016350233200177;0.9999843080820146;0.9999982204891366;0.9999994152690674;1.0008997938591997;1.0005957833338612;1.0002773323418237;1.000110693870939;0.9999616722975564;1.0;0.9999519703461784;0.9999641333818411;1.0;1.0;1.0014861109808966;0.9999609004349168;0.999985328627753;0.9999939900928649;1.0002136047665595;1.024999976158142;
2016-06-22 04:30:00;0.9999904369532536;1.0;1.0;0.999995477295632;0.9999508479465078;0.9999999999999999;1.0016146620895159;0.9999963404204949;0.9999605291872501;1.0;1.0;1.0;1.0003940311002193;0.9999971254721618;0.9999984924024243;1.0;0.9999992642145361;0.9999503716747999;1.0005436781520938;0.9999818815950875;0.9999857006050027;0.9999960373506404;0.9999994242433647;1.0015315450955604;1.001648202742898;0.999982600279474;0.9999966224886577;0.9999994021731978;1.0009049704608666;1.0005998048194107;1.000275292897122;1.0001063800941628;0.9999538461174801;1.0;0.9999550439751211;0.9999538596445707;0.9999999999999999;1.0;1.0014982444177074;0.9999528203206978;0.9999836195558283;0.9999923540643666;1.0002154562313805;1.024999976158142;
2016-06-22 04:45:00;0.9999919727812668;1.0;1.0;0.9999955656882095;0.9999638522595845;1.0;1.001594542522233;0.9999967862783664;0.9999701338901195;0.9999999999999999;1.0;1.0;1.0003898457507459;0.9999977111260496;0.9999990173760238;1.0;0.9999989671646521;0.9999636900876308;1.0005372406572737;0.9999855055237137;0.9999885068925888;0.9999971785909428;0.9999992273102144;1.0015121942010907;1.0016278432848154;0.9999850201816116;0.9999977921436205;0.9999995243185712;1.0008965967084524;1.0005999281858327;1.0002779685335077;1.0001119636076161;0.9999657927979372;1.0;0.9999605447506117;0.9999671058168993;1.0;1.0;1.0014796493794191;0.9999651279364666;0.9999864802395204;0.9999938450270321;1.0002132905001537;1.024999976158142;
2016-06-22 05:00:00;0.9999896478350935;1.0;1.0;0.9999945571305578;0.9999509143694523;0.9999999999999999;1.0016119410865896;0.9999958569164141;0.9999598146328923;1.0;1.0;1.0;1.0003936609835888;0.9999969951095694;0.9999986577831645;1.0;0.9999988408122523;0.9999506005024785;1.0005429781972595;0.9999808778550815;0.9999849130569727;0.9999960486861421;0.9999991235380834;1.0015286645932393;1.0016456483405816;0.9999807582323027;0.9999968109678302;0.9999993738572412;1.0009110756280162;1.000610339713919;1.0002815681268138;1.0001103589360454;0.9999537124595346;1.0;0.9999616091419975;0.999957475181852;0.9999999999999999;1.0;1.0014957870432644;0.9999527632167037;0.9999823963082266;0.9999918734862784;1.000215293224455;1.024999976158142;
2016-06-22 05:15:00;0.9999906499399239;1.0;1.0;0.9999951818347174;0.9999550790419788;1.0;1.0016346910775584;0.99999641616256;0.999963589208159;0.9999999999999999;1.0;0.9999999999999999;1.0003992409972742;0.9999970437975012;0.9999983205305104;1.0;0.9999990477343731;0.9999548340744988;1.0005506654121055;0.9999829732026824;0.9999867074509972;0.9999968822051251;0.9999992808929585;1.00155035107068;1.001668764648798;0.9999831310065848;0.9999974869662986;0.999999384115658;1.0009106495309679;1.0006012120006467;1.000269422583124;1.00009756995849;0.9999573927208563;1.0;0.9999562728067786;0.999935147870095;1.0;1.0;1.0015168303641164;0.99995653645406;0.9999845621304108;0.9999928771412245;1.0002182670558621;1.024999976158142;
2016-06-22 05:30:00;0.9999911129488752;1.0;1.0;0.9999957531767787;0.9999617841371148;1.0;1.0016076400759224;0.9999975843118586;0.9999698346434348;1.0;1.0;1.0;1.0003921726240155;0.9999979369310842;0.9999987628078038;0.9999999999999999;0.9999993337397931;0.9999611776617415;1.000541186340222;0.999985420883712;0.999986605803766;0.9999970484008228;0.9999994663615192;1.0015248668464483;1.001641074193781;0.9999846623559597;0.9999972051299462;0.9999995711594658;1.0009022159206753;1.000597891118024;1.0002765990783549;1.0001089782378545;0.9999642938671766;1.0;0.9999536197421985;0.9999599497982207;1.0;1.0;1.0014917656395788;0.9999634382591982;0.9999850429330986;0.9999940908413557;1.0002145035550458;1.024999976158142;
2016-06-22 05:45:00;0.9999887472902267;1.0;1.0;0.9999947569288501;0.999952508497177;1.0;1.0017286827253233;0.9999971619973409;0.9999626957876733;1.0;1.0;1.0;1.0004214779269378;0.9999977086993943;0.9999987404793368;1.0;0.9999992343467758;0.9999515803168926;1.0005815313730195;0.9999817762315932;0.9999825771312981;0.9999959612595911;0.9999993705402673;1.0016397451143568;1.0017646509833296;0.9999805680077014;0.999996065962444;0.9999995229011477;1.000977869109743;1.0006567627358907;1.0003038069834254;1.0001204380744115;0.9999559656336883;1.0;0.9999606951470624;0.9999585181360007;1.0;1.0;1.0016040386522571;0.9999548427955416;0.9999807084239085;0.9999926165033854;1.0002305715343114;1.024999976158142;
2016-06-22 06:00:00;0.9999910880044625;0.9999999999999999;1.0;0.9999952220997345;0.999961042038429;1.0;1.0018167734256147;0.9999967991056854;0.9999681882963353;1.0;1.0;1.0;1.000444371942979;0.9999975980152245;0.999998845504002;1.0;0.9999989665337251;0.9999607572486924;1.0006117399364898;0.9999845011430566;0.9999871243007563;0.9999970334215248;0.9999992182470624;1.0017231296985325;1.001854619756334;0.999983781878001;0.9999975515502021;0.9999994996606897;1.0010237844113818;1.0006862401749343;1.000316821264748;1.0001258565055209;0.9999632192563791;1.0;0.9999582065647012;0.9999579128487498;1.0;1.0;1.0016857239724861;0.9999624668127365;0.9999850726929779;0.9999935165649015;1.0002431447065239;1.024999976158142;
2016-06-22 06:15:00;0.9999904018959938;0.9999999999999999;0.9999999999999999;0.9999949337796923;0.9999586818734176;1.0;1.0018449153303128;0.9999968645135849;0.9999666775660435;1.0;1.0;0.9999999999999999;1.0004511541053178;0.999997257954681;0.9999983047681136;1.0;0.9999989780479762;0.9999583970843533;1.0006211644160945;0.9999839179876794;0.9999864736711029;0.9999974007218458;0.9999992267341008;1.0017498445245032;1.001883331675913;0.999983177946354;0.999997815725833;0.9999994289358055;1.0010493541343664;1.0007038522818157;1.0003241355733294;1.000123989813972;0.999960744561617;1.0;0.9999584015746027;0.9999426986720048;1.0;1.0;1.0017117590735232;0.9999599563759748;0.999984447357663;0.9999934303844995;1.0002467385220348;1.024999976158142;
2016-06-22 06:30:00;0.9999917295270426;1.0;1.0;0.9999958934833847;0.9999621914400428;1.0;1.0018607636439565;0.9999974116446518;0.9999699868622455;1.0;1.0;1.0;1.000455081901956;0.9999974177703668;0.9999981360671828;1.0;0.9999993068406277;0.9999619066499792;1.0006264299031535;0.999986008736818;0.9999884174284803;0.9999978834507183;0.9999994690896711;1.0017651075503262;1.0018993225345174;0.9999859283708686;0.9999981629255086;0.9999994630908539;1.0010635686984153;1.0007173313541318;1.0003311855501378;1.0001273309560539;0.9999640094891109;1.0;0.9999621942297175;0.9999434920933512;1.0;1.0;1.0017263861539147;0.9999632684609714;0.9999868286432302;0.9999943611277851;1.0002488540525765;1.024999976158142;
2016-06-22 06:45:00;0.9999909905364207;1.0;1.0;0.9999956238196228;0.9999599688115693;1.0;1.0018525665642872;0.9999974447971688;0.9999684628550238;1.0;1.0;1.0;1.00045264387992;0.9999973910234582;0.9999980724539106;1.0;0.9999993116861721;0.9999595538282487;1.0006235469381122;0.999985176684281;0.9999871623184536;0.9999976805863235;0.9999994635325966;1.0017572973828648;1.0018909878725415;0.9999848540871576;0.9999978724462494;0.9999994578299978;1.00102074563835;1.0006594072864712;1.0002937190988024;1.0001023008894223;0.9999620452123958;1.0;0.9999359308505975;0.999918046349033;1.0;1.0;1.0017187993289167;0.9999612241094559;0.9999855623427188;0.9999940813537403;1.0002474905109588;1.024999976158142;
2016-06-22 07:00:00;0.9999687124573768;1.0;1.0;0.9999847888556527;0.9998518817444486;1.0;1.002054456036962;0.9999901404859425;0.999883042355;1.0;1.0;1.0;1.0004985393873966;0.9999892590261249;0.9999916331860684;0.9999999999999999;0.9999976462452222;0.9998509842983468;1.0006911139009977;0.9999466268270067;0.9999570813815137;0.9999928337830936;0.9999982020787141;1.0019479345914983;1.0020977860235047;0.9999477644524744;0.9999938497415274;0.9999977418072783;1.0009405909810412;1.000560002142852;1.0001852820218349;1.0000446089807515;0.9998583140097198;1.0;0.9999266520230381;0.9998894199491399;1.0;1.0;1.0019057153891315;0.9998554709157469;0.9999512689971387;0.999978665606381;1.0002710978640692;1.024999976158142;
2016-06-22 07:15:00;0.9999507774296895;1.0;0.9999999999999999;0.9999760909285268;0.9997480243279084;1.0;1.0022280997744673;0.9999821198883634;0.9997998138542409;1.0;1.0;1.0;1.000538717827685;0.9999807573739405;0.9999852037388566;1.0;0.9999962795064857;0.9997473383575274;1.0007498007687499;0.999910959917472;0.9999340723795836;0.999988356656606;0.9999972094515329;1.0021119712073787;1.0022754670162795;0.9999168069615622;0.9999908628208924;0.9999959286526755;1.0009002518578094;1.0005087586567656;1.0001152241651143;1.0000079350991962;0.9997578934754195;1.0;0.999931433564024;0.9998733647035208;1.0;1.0;1.0020663349015333;0.9997532862751806;0.9999241149984301;0.9999639209245527;1.0002915618366124;1.024999976158142;
2016-06-22 07:30:00;0.9999289989052654;1.0;1.0;0.9999680551258329;0.9996416873356024;1.0;1.0023150087652524;0.9999808585702487;0.9997255378041803;1.0;1.0;1.0;1.0005534516639376;0.9999681163799166;0.9999678612634134;1.0;0.9999971731488407;0.9996410810543676;1.0007788697616538;0.9998834562164026;0.9999123311947159;0.9999958682107561;0.9999978737310031;1.0021947361550303;1.002363696378381;0.9998947720314088;0.9999963471770238;0.9999932298448158;1.000978650704226;1.0005748712982185;1.0001580421752605;1.0000334123215073;0.999650203411922;1.0;0.9999357053606734;0.9998926372540158;1.0;1.0;1.0021452393108934;0.9996438031022444;0.9999022555025741;0.9999563916315531;1.0002954855686221;1.024999976158142;
2016-06-22 07:45:00;0.9999790014722456;1.0;1.0;0.9999900831269205;0.9998883515155359;1.0;1.0021320773174456;0.9999918634346933;0.9999108746316345;1.0;1.0;1.0;1.0005195066635608;0.999992361817644;0.9999948590989635;1.0;0.9999984908411226;0.9998877359131033;1.0007172953480945;0.9999602381373714;0.9999703717429519;0.9999930176232851;0.999998844409455;1.002022180662152;1.0021764973871987;0.9999631156583203;0.9999942954052967;0.9999984004180974;1.0008406833717074;1.000464907913636;1.0000866268558506;0.9999869028155205;0.9998938344360345;1.0;0.999935343197654;0.9998485387329433;1.0;1.0;1.0019778340618395;0.999891660196929;0.9999659168193592;0.9999835013190397;1.0002833525527128;1.024999976158142;
2016-06-22 08:00:00;0.9999379090875281;1.0;1.0;0.9999717349383702;0.9996703130696403;1.0;1.0024068226535183;0.9999800840808969;0.9997440304717867;1.0;1.0;1.0;1.0005788960301123;0.999971655179709;0.9999735212701525;1.0;0.9999970566323927;0.9996700191931666;1.000809975313739;0.9998913196284648;0.9999221363493421;0.9999925575987737;0.999997809768538;1.002281970391227;1.002457320049083;0.9999036265812954;0.9999943158972481;0.9999939976267131;1.0009887904734687;1.0005595917021672;1.0001271071660383;0.9999998781374819;0.9996794163311918;1.0;0.9999269783311697;0.9998346677958259;1.0;1.0;1.002230851279749;0.9996735605710462;0.9999118182323942;0.9999579009847144;1.0003107844886652;1.024999976158142;
2016-06-22 08:15:00;0.9999724015100222;1.0;1.0;0.9999872223268926;0.9998521883117001;1.0;1.0023402689794219;0.9999903877587537;0.9998841052388778;1.0;1.0;1.0;1.0005692675817013;0.9999879960129122;0.9999896128232523;0.9999999999999999;0.9999984339444713;0.9998519341982429;1.000787409030188;0.9999501495952942;0.9999642781003294;0.999994950521137;0.9999988278150713;1.0022196332775333;1.0023889223793654;0.999955333709373;0.9999960863526172;0.999997483373714;1.000862470492152;1.0004171860507067;1.0000459717070198;0.9999597279870438;0.9998571162221286;1.0;0.9998749084139597;0.9998233378216116;1.0;1.0;1.0021703700246913;0.9998544400572258;0.9999592077996567;0.999980218829347;1.000309365332963;1.024999976158142;
2016-06-22 08:30:00;0.9999802049867914;1.0;1.0;0.9999904691111925;0.9998912966338023;1.0;1.002349851221929;0.9999917920766346;0.9999129305347868;1.0;1.0;1.0;1.000573706093056;0.9999919900713049;0.9999943722183106;1.0;0.9999984797043533;0.9998910532456557;1.000790601618563;0.9999617103681606;0.9999730541671656;0.9999939901781638;0.9999988623005899;1.0022288380633342;1.002398679927084;0.9999652932189498;0.9999954082220109;0.999998323322299;1.000907830311069;1.0004761331735395;1.0000752213228692;0.999970245619468;0.9998959341762323;1.0;0.9999071142207238;0.9998167793633584;1.0;0.9999999999999999;1.0021796508749818;0.9998939349318813;0.999968637999005;0.9999841057589648;1.0003129494558198;1.024999976158142;
2016-06-22 08:45:00;0.9999729221388539;1.0;1.0;0.9999874797046165;0.9998539558410005;1.0;1.0024400599725938;0.9999903099533586;0.9998851589453219;1.0;1.0;1.0;1.0005939366793764;0.9999884472601166;0.9999903221716335;1.0;0.9999984295314032;0.99985362053036;1.0008207587387856;0.9999504278308896;0.9999644334394547;0.9999942978515881;0.9999988188691776;1.002314357920516;1.0024907546588095;0.999955538021408;0.9999955267966847;0.9999975780939837;1.0008836645203845;1.0004070683647388;1.0000269948059628;0.9999385465665032;0.9998592134986777;1.0;0.9998567684855052;0.9997866598532761;1.0;1.0;1.00226295415549;0.9998565341084773;0.9999593217346975;0.9999801539707418;1.0003230535699998;1.024999976158142;
2016-06-22 09:00:00;0.9999805869679624;1.0;0.9999999999999999;0.9999905998859789;0.9999086640573716;0.9999999999999999;1.0023599406761474;0.9999938071859044;0.9999275957220577;1.0;1.0;0.9999999999999999;1.0005755334067534;0.9999939206010281;0.9999956989917312;1.0;0.9999985061069184;0.9999078951881841;1.000793430594828;0.9999665227708827;0.9999724516345457;0.9999945445455628;0.9999988449162031;1.0022383176192478;1.002409135933663;0.9999668271991387;0.9999952236064945;0.9999987286277988;1.0008583715897197;1.000408106756037;1.0000277135704858;0.9999391916953274;0.9999132907965045;1.0;0.9998789427845114;0.9997872825508513;1.0;1.0;1.002189174166021;0.999911460682402;0.999968754211623;0.9999864371338036;1.000314254733038;1.024999976158142;
2016-06-22 09:15:00;0.999982886058692;1.0;1.0;0.9999918916192224;0.9999093814951875;1.0;1.0023924645231705;0.9999934502767669;0.9999277641539436;1.0;1.0;0.9999999999999999;1.0005840885247788;0.9999936702446421;0.999995593967611;1.0;0.9999987680984308;0.9999089267141015;1.0008045866279474;0.9999678383708264;0.9999760922529441;0.9999946218458052;0.9999990600571778;1.0022693753364065;1.002442109523709;0.999970176426005;0.9999956279655914;0.999998677621688;1.0008328640741517;1.0003543552765415;0.9999923246329638;0.9999140033840388;0.9999136636392131;1.0;0.999843835758489;0.9997593099573588;0.9999999999999999;0.9999999999999999;1.0022192510023002;0.9999119165564525;0.9999725004637467;0.9999867171676777;1.0003189138715434;1.024999976158142;
2016-06-22 09:30:00;0.9999782932735886;1.0;1.0;0.999989429736192;0.9998923830191601;1.0;1.0024303412969624;0.9999925233047064;0.9999146623970888;1.0;1.0;0.9999999999999999;1.0005926172279587;0.9999919957782926;0.9999938505078141;1.0;0.9999983400749154;0.9998919374173703;1.0008173927248518;0.9999616177799044;0.999970577499302;0.9999948427630021;0.9999987451981538;1.0023049929083097;1.002481004860999;0.9999634013127764;0.999995796811559;0.9999983225349411;1.0008637186534222;1.0003772594726603;1.0000082596675892;0.99992384913893;0.9998968325809193;1.0;0.9998420081912456;0.999768041276867;1.0;0.9999999999999999;1.002254296974739;0.9998948204802074;0.9999663081895974;0.9999845127008125;1.0003231679459843;1.024999976158142;
2016-06-22 09:45:00;0.9999815924674514;1.0;1.0;0.999991067831855;0.9999068679239695;1.0;1.0025131508640435;0.9999936380586717;0.9999264074741667;0.9999999999999999;0.9999999999999999;1.0;1.0006135067513373;0.9999926702429398;0.9999940098745559;1.0;0.999998653848189;0.9999066551789754;1.0008452131621968;0.999967419718027;0.9999757595497462;0.9999963217863551;0.999998992812804;1.0023837266136655;1.0025653482052055;0.999969520040246;0.9999971193573525;0.999998468262837;1.0008199969800238;1.0002795201333678;0.9999570732982154;0.9999023963961453;0.9999102146446248;1.0;0.9997681996417732;0.999773781175012;1.0;0.9999999999999999;1.002330991419909;0.9999085303079066;0.9999721951015034;0.9999869759855868;1.000334652552708;1.024999976158142;
2016-06-22 10:00:00;0.9999790915275306;1.0;1.0;0.9999900437316217;0.999893272506248;1.0;1.0024978923395662;0.9999931222797243;0.9999163681383904;1.0;1.0;0.9999999999999999;1.0006090616238204;0.9999912015512781;0.9999922570854001;1.0;0.9999986586785365;0.9998931103457406;1.000840140582218;0.9999635507338687;0.9999731446064127;0.9999967736510323;0.999998999919413;1.0023692098631631;1.0025497696000842;0.9999664285901095;0.9999975004251732;0.9999981616600718;1.0006502257150167;1.0001455882545243;0.9998311493242686;0.999834116786377;0.9998966155243626;1.0;0.9997938496534421;0.9997360062756017;0.9999999999999999;1.0;1.002316687953492;0.9998947127645956;0.9999693637387548;0.9999856813985685;1.00033178994425;1.024999976158142;
2016-06-22 10:15:00;0.9999797246371783;0.9999999999999999;1.0;0.9999903013057715;0.9998940482489246;1.0;1.0025070871070012;0.9999923352088853;0.999915530670154;1.0;1.0;1.0;1.000611573559536;0.9999924954259178;0.9999947094807968;1.0;0.9999984957341349;0.9998935536566567;1.0008430200408376;0.999962284066303;0.9999718615233801;0.9999939149161027;0.9999988565015099;1.0023779288471868;1.0025592302229536;0.9999648171932978;0.9999950751507434;0.9999984282747831;1.0006023174239085;1.0001000452206048;0.9997971045746341;0.999821089353668;0.9998989251045072;0.9999999999999999;0.9997888439065155;0.9997425063925892;1.0;1.0;1.0023255126906443;0.9998969012904789;0.9999676230575242;0.9999844713552433;1.0003337453080803;1.024999976158142;
2016-06-22 10:30:00;0.9999783086314802;1.0;0.9999999999999999;0.9999894816491995;0.9998898812042212;1.0;1.0026369000191788;0.9999920049055063;0.9999120869430284;1.0;1.0;1.0;1.000643261397589;0.9999923126827965;0.999994687140663;0.9999999999999999;0.9999982952809735;0.9998893054188258;1.0008864035612397;0.9999602938078301;0.9999697335445343;0.9999935245443866;0.9999987030513071;1.0025009775873077;1.002691823119008;0.9999622854517125;0.999994704228555;0.999998389254734;1.0007108374221838;1.00015474421843;0.9998334416501639;0.9998256068785247;0.9998950658682831;1.0;0.9997593724905454;0.9997106130654811;1.0;1.0;1.002445881107576;0.9998929533458352;0.9999652079463351;0.99998366788004;1.0003511021597242;1.024999976158142;
2016-06-22 10:45:00;0.999979922871487;1.0;0.9999999999999999;0.9999902777905849;0.9998963704280494;1.0;1.0026834599679357;0.9999923388303472;0.999917059685466;1.0;1.0;1.0;1.0006549773919986;0.9999928623008437;0.9999952376974752;0.9999999999999999;0.9999984078040451;0.9998958344527574;1.000901965790457;0.9999626109198255;0.9999718167525401;0.9999936121500808;0.9999987887855898;1.0025452258526966;1.0027392781940494;0.9999647141601749;0.999994811557569;0.9999985062076374;1.0008141949257658;1.0002259506019229;0.9998925863719629;0.999849157022091;0.9999013696826045;1.0;0.9997421251409003;0.9997042103532955;1.0;1.0;1.0024890599153589;0.9998993778417083;0.9999675127147555;0.9999845164781909;1.0003576506732363;1.024999976158142;
2016-06-22 11:00:00;0.9999745930910955;1.0;1.0;0.9999873872913341;0.9998778261910607;0.9999999999999999;1.0025952696234637;0.9999910045877465;0.9999021181650263;0.9999999999999999;1.0;1.0;1.000632648891256;0.9999918373195058;0.9999947317350075;1.0;0.9999977888112428;0.9998770099484259;1.0008723273284532;0.9999547037015599;0.9999639821746648;0.9999922085406806;0.9999983128647795;1.0024612019756425;1.002649616275889;0.9999554543662166;0.9999934906325086;0.9999982867715723;1.0008223573881092;1.0002735593078644;0.9999381475593572;0.9998905982516654;0.9998839938949342;1.0;0.9997721440905192;0.9997650379472284;1.0;1.0;1.002407378154664;0.9998816125818731;0.9999586684933528;0.9999813439982448;1.0003453088858791;1.024999976158142;
2016-06-22 11:15:00;0.9999745158760625;1.0;1.0;0.9999880349859365;0.9998627880747276;1.0;1.0025957414967548;0.9999903070442346;0.9998910936964224;1.0;1.0;0.9999999999999999;1.0006323101688963;0.9999898508802442;0.9999923583614849;1.0;0.9999982982983472;0.9998623042328225;1.000872765159031;0.9999522121525829;0.9999653238906205;0.9999929662566973;0.9999987117216668;1.0024619467499754;1.0026497478623422;0.9999564877199073;0.9999944043791117;0.9999978718140697;1.0008109384965986;1.0002540187158893;0.9999288761696811;0.9998859884804541;0.9998685993916144;1.0;0.9997589268936334;0.9997638069622788;1.0;1.0;1.0024075268002177;0.9998660204002785;0.9999601204588628;0.9999804539171446;1.0003445358048266;1.024999976158142;
2016-06-22 11:30:00;0.999980658644195;1.0;1.0;0.9999906531826507;0.9999022702317834;0.9999999999999999;1.0025737214143817;0.9999933881265951;0.9999228491792275;1.0;1.0;1.0;1.0006278717332258;0.9999923441962457;0.9999937172182047;1.0;0.9999986099678244;0.9999020161055977;1.0008654214301858;0.9999658467463641;0.999974470031391;0.9999961303310863;0.9999989575668407;1.0024410988534345;1.0026272158979999;0.9999680282127625;0.9999969357068904;0.9999984015457334;1.0007818612964454;1.0002299692845675;0.9999037661485108;0.999864226053717;0.9999058183983333;1.0;0.9997649686059179;0.999732336691643;1.0;1.0;1.002387140231922;0.9999040411947001;0.9999707613869245;0.9999863651510844;1.0003424279087267;1.024999976158142;
2016-06-22 11:45:00;0.9999857640339644;1.0;1.0;0.999992913576468;0.9999298266691081;0.9999999999999999;1.0026359694097224;0.9999949389599135;0.9999440608415933;1.0;1.0;1.0;1.0006441000581436;0.9999947683593085;0.999996099930624;1.0;0.9999987999959744;0.9999295940072349;1.0008862304810342;0.9999746980905359;0.9999807590690776;0.9999965644848705;0.9999990991445146;1.0025002506234486;1.0026906870562038;0.9999757273286445;0.9999972719870387;0.9999989085332349;1.0008126231018377;1.0002451529442244;0.99991136801992;0.9998672025367424;0.9999326934231951;1.0;0.9997602609709795;0.9997336657754918;1.0;1.0;1.002445034791648;0.9999314047406243;0.9999778340970142;0.9999897344642096;1.0003518840170522;1.024999976158142;
2016-06-22 12:00:00;0.9999804498364165;1.0;1.0;0.9999903608740025;0.9999041503015839;1.0;1.0026611888932107;0.9999930422494169;0.9999234413025523;0.9999999999999999;1.0;1.0;1.0006495244405325;0.9999933147661565;0.9999953807478614;0.9999999999999999;0.9999983676452399;0.9999036250618555;1.0008945300568595;0.9999650174482184;0.9999727512519248;0.9999944284442496;0.9999987599377296;1.002524007382141;1.0027166170932376;0.9999661161169142;0.9999954105716276;0.999998600531335;1.0008504475175748;1.0002805307858336;0.9999319554303958;0.9998753143953528;0.9999086506036333;1.0;0.9997673810389012;0.9997302395399853;0.9999999999999999;1.0;1.0024684435424842;0.9999068159350871;0.9999687096663827;0.9999856701554237;1.000354693848976;1.024999976158142;
2016-06-22 12:15:00;0.9999806464149416;0.9999999999999999;1.0;0.9999907726580247;0.9998998459446523;0.9999999999999999;1.0026233507842;0.9999928792715876;0.9999203196463738;1.0;1.0;1.0;1.000639951753282;0.9999929394401662;0.9999949515438573;1.0;0.9999985898658206;0.9998993298788763;1.000881819699927;0.9999643620154355;0.9999730983408958;0.9999943078045892;0.9999989243826166;1.0024882309235197;1.0026778741392623;0.9999665934589964;0.9999953340007571;0.9999985245160484;1.000778571654365;1.0001906416951147;0.9998820551594365;0.9998474121569916;0.999904479993749;1.0;0.9997248615042339;0.9997123283063652;1.0;1.0;1.0024332966447027;0.9999025542554948;0.9999691353894756;0.9999853825530343;1.0003493323925094;1.024999976158142;
2016-06-22 12:30:00;0.9999724554420432;1.0;1.0;0.9999874076939809;0.9998458013380556;1.0;1.0025927277388134;0.9999890830620818;0.9998776307119376;1.0;1.0;1.0;1.000630913532635;0.9999888076530419;0.9999917442044095;1.0;0.999998348036034;0.9998451949330258;1.0008717345581255;0.9999468237486334;0.9999621072211887;0.9999915460706343;0.9999987397881089;1.0024591465562076;1.0026466139961732;0.9999525681865985;0.9999932464627463;0.9999976476903448;1.0007983352266547;1.0002243486291025;0.9999163610234548;0.9998772879743649;0.9998526486836149;1.0;0.9997326993054577;0.9997542476661061;1.0;1.0;1.0024047249749013;0.9998497036404218;0.9999564172845299;0.9999780815987198;1.0003436062018405;1.024999976158142;
2016-06-22 12:45:00;0.9999719253044871;0.9999999999999999;0.9999999999999999;0.9999871876519844;0.9998497899522852;1.0;1.0026423051886817;0.9999899468543532;0.9998815850039654;1.0;1.0;0.9999999999999999;1.0006426426128796;0.9999890721005013;0.9999914961448353;1.0;0.9999983925961891;0.9998490226919612;1.0008881270714627;0.9999481508394374;0.9999614323040141;0.9999923428602017;0.9999987613535607;1.002506155839943;1.0026972544674375;0.999952753686409;0.999993641011492;0.9999977050487855;1.0007438475695045;1.000144512565663;0.9998605932024349;0.9998470588575403;0.9998563918070813;1.0;0.9996974520728985;0.9997390649756291;1.0;1.0;1.0024506649605531;0.9998534842220641;0.9999560747492547;0.999978958811543;1.0003499704211243;1.024999976158142;
2016-06-22 13:00:00;0.9999635243970117;1.0;1.0;0.9999836851607494;0.9997633152305134;0.9999999999999999;1.0027079593731958;0.9999813901208807;0.9998097893267892;1.0;1.0;0.9999999999999999;1.000658633446106;0.9999827086688254;0.9999885280651742;0.9999999999999999;0.999997843875138;0.9997631025160623;1.0009108827206141;0.9999197974713149;0.9999499239402574;0.9999853515491613;0.9999983957726165;1.0025685056986904;1.002764086104522;0.9999336064270846;0.9999892272803389;0.9999963548742349;1.0008153046906016;1.0002006099679908;0.9998952730024026;0.999860751612274;0.9997738327947531;1.0;0.9996987277688807;0.9997342006838729;1.0;1.0;1.0025112982806315;0.999769460773094;0.9999408803658009;0.9999657731669432;1.000358019731987;1.024999976158142;
2016-06-22 13:15:00;0.9999592774501885;0.9999999999999999;0.9999999999999999;0.9999820701123452;0.9996694295070098;0.9999999999999999;1.0027394051067;0.9999679901392038;0.9997252525699596;0.9999999999999999;1.0;1.0;1.0006684827325147;0.9999800518150188;0.9999944870047406;1.0;0.999996772452783;0.9996690958215865;1.0009218882870528;0.9998842235443348;0.9999367214965998;0.9999666629732421;0.9999975975371123;1.0025986063777483;1.00279604251394;0.9999095752055334;0.9999756507934298;0.9999957512167587;1.0008822119025946;1.0002745755287736;0.9999382433249072;0.9998812505016736;0.9996896368319875;1.0;0.9997239227950342;0.9997376614919558;1.0;1.0;1.0025411880113706;0.9996833063304115;0.9999216881836626;0.9999463893716446;1.0003648362859503;1.024999976158142;
2016-06-22 13:30:00;0.9999737719858223;1.0;1.0;0.9999879372277953;0.9998222088399085;1.0;1.0026376219466622;0.9999844639707581;0.9998546460095702;0.9999999999999999;1.0;1.0;1.000643585988914;0.9999882174171688;0.9999942546918869;1.0;0.9999979863641466;0.9998219455631275;1.0008871901793006;0.9999377901087223;0.9999619584654992;0.9999856436647604;0.9999984972617423;1.0025018345952617;1.0026923284937699;0.9999482595974456;0.9999893824156916;0.9999975223701745;1.0007940534525304;1.000206814892361;0.9998993528985455;0.999865551491307;0.9998316215176459;1.0;0.9997229758031516;0.9997427605172219;1.0;1.0;1.0024465681189807;0.9998282747891786;0.9999542999655117;0.999972491537072;1.0003511489276555;1.024999976158142;
2016-06-22 13:45:00;0.9999769970270249;1.0;0.9999999999999999;0.9999888026725999;0.9998821409765422;1.0;1.0026358699777635;0.9999912493207571;0.9999056414688255;0.9999999999999999;1.0;1.0;1.0006425583986527;0.9999918479538197;0.9999945663678269;1.0;0.9999981379317587;0.9998815437209303;1.0008861078889038;0.9999573544083566;0.9999677652465762;0.999992768560022;0.9999985855626442;1.002499841082417;1.002690869909827;0.999959597744755;0.9999941365282413;0.9999982896087579;1.0007307442621656;1.0001311167827451;0.9998422409378271;0.9998272872767549;0.9998877972085318;1.0;0.9997015768604083;0.9997045673057099;1.0;1.0;1.0024449833371738;0.9998855379461116;0.9999628304945489;0.9999823475930534;1.0003506601794587;1.024999976158142;
2016-06-22 14:00:00;0.9999753342231166;1.0;1.0;0.9999884426355453;0.9998636541388881;0.9999999999999999;1.002607539280337;0.9999896724997093;0.9998905817933882;1.0;1.0;1.0;1.0006353680315039;0.9999910061700241;0.9999944935072685;1.0;0.9999982106612655;0.9998628837406041;1.0008764568145159;0.9999513543054489;0.9999645713021446;0.9999904990385041;0.9999986270310378;1.0024731544353922;1.002661831829143;0.9999555246513665;0.999992311897155;0.9999981140974532;1.0007668813875077;1.000177853966129;0.9998703224995077;0.9998348193198279;0.9998707865758406;1.0;0.9997213407909941;0.9996886578938461;1.0;1.0;1.0024186943774953;0.9998681061710318;0.9999590141764385;0.9999794960278037;1.0003467096306384;1.024999976158142;
2016-06-22 14:15:00;0.9999819342090847;1.0;1.0;0.9999914202841388;0.9999164720404454;0.9999999999999999;1.002559401374512;0.999994845279002;0.999934573534788;0.9999999999999999;1.0;1.0;1.0006242008757402;0.9999941903599917;0.9999953301416634;1.0;0.9999987831789542;0.9999157445479709;1.0008601375013801;0.9999699821996599;0.9999748018536311;0.9999958525708744;0.9999990520502918;1.0024276366012015;1.0026126009170764;0.999970221030552;0.9999962104218102;0.9999987877053733;1.0007712197131626;1.000196050647397;0.9998916536965042;0.9998526108098021;0.9999203787851847;1.0;0.9997303345144188;0.9997133788431694;1.0;0.9999999999999999;1.0023740152395162;0.9999187034440955;0.999971705806555;0.9999881235973056;1.0003408089964552;1.024999976158142;
2016-06-22 14:30:00;0.9999829319781603;1.0;1.0;0.9999918473838645;0.9999095942625557;1.0;1.0025440469352591;0.9999935359716436;0.9999281095562457;1.0;1.0;1.0;1.000621016384691;0.9999932933865312;0.9999949863883228;1.0;0.9999987702034548;0.9999093003157401;1.000855490676178;0.9999682581026975;0.999976839970002;0.999995396123449;0.9999990728860814;1.0024130841703793;1.0025968333119637;0.9999707892170263;0.9999963634248323;0.9999985984814548;1.0007449930386214;1.0001720627411412;0.9998773659340341;0.99984743682016;0.9999133791494621;1.0;0.999725028757217;0.9997162823538539;1.0;1.0;1.0023597454714743;0.9999116947827873;0.9999733098248179;0.9999870214492813;1.0003389726256986;1.024999976158142;
2016-06-22 14:45:00;0.9999777135122323;1.0;1.0;0.9999891326212625;0.9998861016577768;1.0;1.0025786788390127;0.999992039483633;0.999909744703211;1.0;1.0;1.0;1.0006284639747218;0.9999910170878029;0.9999927848109981;0.9999999999999999;0.9999983215895234;0.9998858980887344;1.0008672847522553;0.9999600827749174;0.9999706858231111;0.9999953741244877;0.9999987485436013;1.0024455621702786;1.0026324223550342;0.9999628285086374;0.9999964476863428;0.9999981182330588;1.0007713927661595;1.000198069552479;0.99988225378525;0.9998419179145032;0.999890188772688;1.0;0.9997399858500368;0.9996939517229654;0.9999999999999999;1.0;1.0023917553028945;0.9998881444064284;0.9999662500190758;0.999983959859378;1.0003425038133247;1.024999976158142;
2016-06-22 15:00:00;0.9999802215887084;1.0;1.0;0.9999909813698503;0.999886462074859;1.0;1.0024580949279294;0.9999920851631051;0.9999101962279161;1.0;0.9999999999999999;1.0;1.0005988122043261;0.9999911906193429;0.9999929947831928;1.0;0.9999988816765387;0.9998862692409402;1.0008268300042364;0.9999616838103075;0.9999737970730755;0.9999948794134599;0.9999991621432495;1.002331513908438;1.0025090350184813;0.9999666562433202;0.9999961038707199;0.9999981595122568;1.000724710717381;1.0001705361978943;0.9998764975494225;0.9998408642173852;0.999890782679174;1.0;0.9997389553419186;0.9996965120036737;1.0;1.0;1.0022799085284873;0.9998886994329235;0.9999697597871459;0.9999843669025488;1.0003262870814371;1.024999976158142;
2016-06-22 15:15:00;0.9999753388068483;1.0;1.0;0.9999886546776435;0.9998760060344714;1.0;1.0023602971206524;0.9999922310729864;0.999902947327805;1.0;1.0;1.0;1.000573359888661;0.9999909195392217;0.9999925013982919;1.0;0.9999985884071251;0.9998752188431229;1.0007936090051464;0.9999569574687166;0.9999662535839899;0.9999943181175942;0.9999989042921912;1.0022384850012895;1.0024095048103596;0.9999595321158007;0.9999950399217898;0.9999980979629618;1.0006819988031823;1.0001466652654452;0.9998737459045974;0.9998466498719601;0.9998813336826518;1.0;0.9997370779440956;0.9997150016445401;0.9999999999999999;1.0;1.0021893184356165;0.9998789075881472;0.9999619433370094;0.9999828755573419;1.0003122187936169;1.024999976158142;
2016-06-22 15:30:00;0.9999775888060967;1.0;0.9999999999999999;0.999989769100698;0.9998745328096282;0.9999999999999999;1.0023755124142677;0.9999912509189526;0.9999006544127279;1.0;1.0;1.0;1.0005779057442896;0.9999907035897991;0.9999929023361932;1.0;0.9999986912790714;0.9998740963872161;1.00079905671266;0.9999570218352335;0.9999695134557921;0.9999935770493947;0.9999990047177939;1.002253048315307;1.0024248723654419;0.9999618081850271;0.9999948964366457;0.9999980527187134;1.000693057764144;1.00016057207783;0.999873672344272;0.9998408649411946;0.9998798552545536;1.0;0.9997494898775646;0.9996980970243643;1.0;1.0;1.0022034220716707;0.9998774808137564;0.9999649639770151;0.9999823888978293;1.000314801115119;1.024999976158142;
2016-06-22 15:45:00;0.9999774644820191;1.0;0.9999999999999999;0.9999896778607181;0.9998794958761205;1.0;1.0023275932001743;0.9999919413596547;0.9999050104720882;1.0;1.0;1.0;1.0005657029005266;0.9999911552539721;0.9999930518794413;0.9999999999999999;0.9999986918752363;0.9998789200967054;1.0007828431831156;0.9999584544386773;0.9999691989837405;0.9999940272569898;0.9999989953851626;1.002207485509911;1.0023760487836932;0.9999621606122094;0.999995065614616;0.9999981490885159;1.0006526599441412;1.0001274613850788;0.9998540379715365;0.9998307071839037;0.9998846786770489;1.0;0.9997461165069066;0.9996933514815732;1.0;1.0;1.0021590339836257;0.9998823619331157;0.9999648949981689;0.9999831692967905;1.0003081333181276;1.024999976158142;
2016-06-22 16:00:00;0.9999782081835276;1.0;1.0;0.9999899670568322;0.9998875612477464;1.0;1.0023140401479875;0.9999926719253123;0.9999115775563764;1.0;1.0;1.0;1.0005624152070278;0.9999918722216967;0.9999935578409415;1.0;0.9999987135993825;0.9998868950927662;1.0007781956595478;0.999960907354388;0.9999700076802787;0.9999944156878254;0.9999990050611551;1.0021946140399924;1.0023622490638484;0.999963643422672;0.9999952447528639;0.9999982999546254;1.0006502339852756;1.0001241863503572;0.9998552714059605;0.9998315620443533;0.9998925278938727;1.0;0.9997421611599475;0.9996940830574412;1.0;1.0;1.0021465150739906;0.9998903348262964;0.9999659940740837;0.9999842656584095;1.0003064544671183;1.024999976158142;
2016-06-22 16:15:00;0.9999782991194911;1.0;0.9999999999999999;0.999989859062966;0.9998772696560411;1.0;1.0022896072596494;0.9999911923717908;0.999902515819977;1.0;1.0;1.0;1.0005570409134037;0.9999905066490865;0.9999926547761694;1.0;0.9999985961622974;0.9998771074981291;1.0007704652029028;0.999958042213367;0.9999712197241026;0.9999942931668677;0.9999989538393055;1.0021713976866728;1.0023372552189296;0.9999630221945978;0.9999957163237464;0.9999980165411472;1.000645161864981;1.000127332115596;0.9998683591530532;0.9998498965857165;0.999881950981525;1.0;0.9997417266609763;0.9997314236580473;1.0;1.0;1.0021237302999209;0.9998797244884502;0.9999666351283674;0.9999828112314435;1.000303297375861;1.024999976158142;
2016-06-22 16:30:00;0.9999802385483416;0.9999999999999999;1.0;0.999990755888634;0.999892942763964;0.9999999999999999;1.0022708329103736;0.9999926994464284;0.9999155319722614;1.0;1.0;1.0;1.0005525094703887;0.9999915391693456;0.9999930552128193;1.0;0.9999987694599581;0.9998927499287953;1.0007641719873412;0.9999634741327895;0.9999740553547494;0.999995673160876;0.9999990794270226;1.0021536173144088;1.0023180741989617;0.9999672333619052;0.99999667472366;0.9999982303962394;1.0005969230563398;1.0000754498759352;0.9998291397640338;0.9998229211134722;0.9998968024400833;1.0;0.9997296468219342;0.9997019369093864;1.0;0.9999999999999999;1.002106369083683;0.9998948554067059;0.9999701905987782;0.9999852951907864;1.0003009072221365;1.024999976158142;
2016-06-22 16:45:00;0.9999821952144657;1.0;1.0;0.9999917475617293;0.999908868441397;0.9999999999999999;1.0022355854118943;0.9999941694835727;0.9999285400800824;1.0;1.0;1.0;1.0005438482579636;0.9999931392060635;0.9999942992854456;0.9999999999999999;0.9999989470703409;0.9999084228322606;1.0007520524256168;0.9999685404653229;0.9999759851837023;0.9999960718375194;0.9999991926212576;1.0021202460552276;1.002282093554459;0.999970769078506;0.9999966810169734;0.9999985677068164;1.0004652761382578;0.9999671656811251;0.999734823194139;0.9997700984391321;0.9999125432079428;1.0;0.999740375754859;0.9996685093607848;1.0;1.0;1.002073789376747;0.9999108035447065;0.9999727805913782;0.9999874680939888;1.000296456305192;1.024999976158142;
2016-06-22 17:00:00;0.9999818825180891;1.0;1.0;0.9999916995703128;0.9999024485738375;1.0;1.002177837102702;0.9999933240138653;0.9999228498625397;1.0;1.0;1.0;1.00052988272935;0.9999930714234505;0.9999948177513066;0.9999999999999999;0.9999989124288841;0.9999019217713739;1.0007326615360261;0.9999661130502815;0.9999748457743952;0.9999946314044313;0.9999991613937186;1.0020655425129879;1.0022231195742421;0.9999690789411986;0.9999955547669722;0.9999985522941723;1.0005048967932684;1.0000213255452746;0.9997863320027264;0.9998047122627999;0.9999069329640562;1.0;0.9997523223798888;0.9997026628044108;1.0;1.0;1.002020293507568;0.999905032244043;0.9999712738799337;0.999986142016816;1.0002889406699302;1.024999976158142;
2016-06-22 17:15:00;0.9999775312630195;0.9999999999999999;1.0;0.9999895531403007;0.9998835785861032;1.0;1.0021169181056953;0.9999921930722582;0.9999081081231516;1.0;1.0;0.9999999999999999;1.0005142277361916;0.9999916539503384;0.9999935899296802;1.0;0.9999985827424985;0.9998829200133648;1.000712145691708;0.9999592621442881;0.9999689758426961;0.9999939455834307;0.9999989091374983;1.0020075581401362;1.0021611155113883;0.9999620832163743;0.9999949150845414;0.999998254665919;1.0004817376333879;0.9999994596556263;0.9997936596171081;0.9998208272816972;0.9998887988950503;1.0;0.999731819212229;0.9997400190801362;1.0;1.0;1.0019637405223707;0.9998865390465941;0.9999646821922774;0.9999834965570226;1.0002800772468372;1.024999976158142;
2016-06-22 17:30:00;0.999979379706984;1.0;1.0;0.9999896880760177;0.9998989458595475;1.0;1.002171662058917;0.9999926578775139;0.9999193350316548;1.0;1.0;1.0;1.0005284110591355;0.9999925065284833;0.9999944902503919;1.0;0.9999982259512988;0.9998986013621896;1.0007308401126076;0.999963384114132;0.9999720558064983;0.9999949545324051;0.999998668166414;1.002059163948067;1.0022172086482533;0.9999647225459682;0.9999959896992792;0.9999984323215169;1.0004537563883231;0.9999554682516464;0.9997492743669695;0.9997875442147682;0.9999031188136793;1.0;0.9997202492288114;0.9997002312563912;1.0;1.0;1.0020146274906745;0.9999012640164253;0.9999677875666967;0.9999851241441609;1.0002880530501397;1.024999976158142;
2016-06-22 17:45:00;0.9999743101909053;1.0;1.0;0.9999877052484366;0.9998568633565792;1.0;1.0021358431619818;0.9999892016557438;0.9998853990798351;0.9999999999999999;1.0;1.0;1.0005190981013055;0.9999893743819288;0.9999924730733477;1.0;0.9999980761781696;0.9998565893357991;1.000718963698889;0.9999498743209991;0.9999651574675515;0.9999921999702291;0.9999985627079843;1.0020252764994637;1.0021805510705704;0.9999549844860697;0.9999940863734885;0.9999977733061097;1.0005681281187702;1.0000657626268366;0.9998501112798893;0.9998463486922348;0.9998628768364342;0.9999999999999999;0.9997207419835858;0.9997414122939888;1.0;1.0;1.0019812285345937;0.9998602557861483;0.9999594058371319;0.9999791829128606;1.0002824782286277;1.024999976158142;
2016-06-22 18:00:00;0.9999771160366405;1.0;1.0;0.999989456790344;0.9998700384448593;1.0;1.002131634903164;0.9999907533255625;0.9998968729011424;1.0;1.0;1.0;1.0005180809339134;0.9999901325138414;0.9999924377219475;1.0;0.9999986048942434;0.999869753681041;1.0007174932205705;0.9999556124992542;0.9999692952170947;0.999993625302628;0.9999989516771202;1.0020215785829785;1.0021760119118064;0.9999609338276134;0.9999950995072746;0.9999979332233153;1.0006037990055712;1.0001025821508516;0.9998765361948595;0.9998581103172736;0.9998752599534038;1.0;0.9997287023716028;0.9997417188695574;1.0;1.0;1.001977264585883;0.9998728555170132;0.999964517042558;0.99998178053959;1.0002819097585802;1.024999976158142;
2016-06-22 18:15:00;0.9999701905762792;0.9999999999999999;1.0;0.9999841156104393;0.9998631135186238;1.0;1.0021675734775986;0.9999890871300161;0.9998891668216247;0.9999999999999999;1.0;1.0;1.0005268092071236;0.999989879850154;0.999993322281015;1.0;0.9999967535784153;0.9998627996792091;1.0007298508806046;0.9999479891419346;0.9999595722399168;0.9999926058093133;0.9999975850023664;1.0020543661333656;1.0022137787320915;0.9999477601813097;0.9999943339928744;0.9999978611317658;1.0006730458259618;1.0001698092852291;0.9999306216992991;0.9998963589419608;0.9998687896410433;1.0;0.9997355068783773;0.9997849645525935;1.0;0.9999999999999999;1.0020109890741231;0.999866369073047;0.9999528958333055;0.9999786610417376;1.0002868993622405;1.024999976158142;
2016-06-22 18:30:00;0.9999538600796775;0.9999999999999999;0.9999999999999999;0.9999713234985836;0.999862247989851;1.0;1.0022676475907073;0.999987171339069;0.9998846545196892;1.0;1.0;1.0;1.0005505451861736;0.9999899461305228;0.9999949896343742;1.0;0.9999923958027708;0.99986173194348;1.0007639649072924;0.9999350877879604;0.999937292209502;0.999992687285397;0.9999943585508861;1.0021460459928608;1.002318627180726;0.9999190449994811;0.9999941683307969;0.9999978059476792;1.0007725168882426;1.0002336229640147;0.9999735978048736;0.9999109149656996;0.9998677945091337;1.0;0.9997190487079364;0.9997717079793735;1.0;1.0;1.002104720418711;0.9998656188785243;0.9999269509208747;0.9999741146280078;1.0003002803192527;1.024999976158142;
2016-06-22 18:45:00;0.9999659178008405;1.0;1.0;0.99998031429086;0.9998795522934228;1.0;1.0021992530634005;0.9999898069454389;0.9999008414573969;1.0;1.0;1.0;1.0005341539490147;0.99999227694691;0.9999963099041451;1.0;0.9999952602188017;0.9998786241808582;1.0007401379637126;0.9999477626175449;0.9999518155523467;0.9999917787273725;0.9999964411362181;1.002083286628678;1.0022471619355677;0.9999394613230687;0.9999930573884404;0.9999983481980891;1.0006925734023373;1.0001734942169653;0.9999308896807173;0.9998899672386972;0.9998858038823621;1.0;0.9997247892083625;0.9997657651319846;1.0;1.0;1.0020409545255473;0.9998835967535253;0.9999443300917374;0.9999787370936831;1.0002916252241625;1.024999976158142;
2016-06-22 19:00:00;0.9999673166856898;1.0;1.0;0.9999805869112763;0.9998759407566417;1.0;1.0021810427014273;0.9999885019453199;0.9998966573874284;0.9999999999999999;0.9999999999999999;1.0;1.000530786601957;0.999991193720354;0.9999956864867179;1.0;0.9999950725582674;0.9998757157194554;1.0007346802962833;0.9999470287249802;0.9999552044188257;0.9999921821672139;0.9999963521105733;1.0020659086195136;1.0022285453993782;0.9999408349969268;0.9999941283236345;0.9999981253271517;1.0007040887545302;1.000186143943977;0.9999453155100411;0.9998991573747901;0.9998813577760227;0.9999999999999999;0.9997242515309851;0.9997739789328386;1.0;1.0;1.0020239561614974;0.9998793055338873;0.9999472169218666;0.9999780992043535;1.0002896346293602;1.024999976158142;
2016-06-22 19:15:00;0.9999596634314294;0.9999999999999999;1.0;0.9999745739547703;0.9998770518667192;0.9999999999999999;1.0021808061245348;0.9999877680890567;0.9998958389688224;1.0;1.0;1.0;1.0005303949310138;0.9999913204617198;0.9999965008699285;1.0;0.9999930293332921;0.9998767073769045;1.000734873482102;0.9999414243561602;0.9999447552924442;0.9999923657588298;0.9999948375908285;1.0020641614648567;1.0022295827708703;0.9999275353515755;0.9999941277767458;0.9999981146981842;1.0007470092088233;1.0002313423492635;0.9999787755752597;0.9999173693343696;0.9998823447224967;1.0;0.9997326270513494;0.999783255188405;1.0;1.0;1.0020241868763426;0.9998804291028245;0.9999351185560468;0.9999761978832974;1.0002896119433933;1.024999976158142;
2016-06-22 19:30:00;0.9999718178361953;1.0;1.0;0.9999832286896321;0.9998929506469377;0.9999999999999999;1.0020868593287764;0.9999899283924791;0.9999105989854854;1.0;1.0;1.0;1.000508279004538;0.9999925591574171;0.9999966183231351;1.0;0.9999957086176666;0.9998927179936449;1.0007030511876356;0.9999540262405131;0.9999610888382392;0.9999928374484117;0.9999968204312651;1.001977001491247;1.0021320794076103;0.9999485948028078;0.9999945911531544;0.9999984126878524;1.0007166798425609;1.0002191535815155;0.9999864453082989;0.9999302221256723;0.9998978417934865;1.0;0.999734142300425;0.9998112565498982;1.0;1.0;1.0019366191034293;0.999896052995951;0.9999541118847317;0.9999808888330975;1.0002775384680636;1.024999976158142;
2016-06-22 19:45:00;0.9999787910110828;0.9999999999999999;1.0;0.9999883584860065;0.9999019619408755;0.9999999999999999;1.0020792214691416;0.9999914108369958;0.9999193728367952;1.0;1.0;1.0;1.0005066677398375;0.9999932372156868;0.9999964752839067;1.0;0.9999973691934245;0.9999017292854857;1.0007001803924402;0.9999615645383412;0.9999704572688345;0.9999933066670909;0.9999980444802928;1.0019709434950315;1.002123305032968;0.9999610819976449;0.9999949286970354;0.999998575433586;1.0008314630204909;1.0003090583031486;1.0000594032030505;0.9999529319913296;0.9999066118340962;1.0;0.9997248780612217;0.9997830203399083;0.9999999999999999;1.0;1.0019292358179521;0.9999048724607281;0.9999651743342636;0.999983807964122;1.0002766226696425;1.024999976158142;
2016-06-22 20:00:00;0.9999764366678369;1.0;1.0;0.9999878991143919;0.9998790008505823;1.0;1.0020808011688784;0.9999892968978622;0.9999002285297863;1.0;1.0;1.0;1.0005064778727122;0.9999932034030489;0.9999979609258564;1.0;0.999997418677532;0.9998781232911031;1.0007001113450014;0.9999530810920482;0.9999643292066691;0.9999885581696734;0.9999980357366568;1.0019727075780835;1.0021248174114066;0.999954236403271;0.9999907972093195;0.9999985690011178;1.0008688718783347;1.000359476058014;1.0000960058970638;0.9999796818119541;0.9998867419788346;1.0;0.9997453532451597;0.9998151423764156;1.0;1.0;1.0019308587156617;0.9998843258176137;0.9999581156057351;0.9999795342758973;1.0002768731729563;1.024999976158142;
2016-06-22 20:15:00;0.9999823133039881;1.0;1.0;0.9999907383488048;0.9999094871902138;1.0;1.0020019703153562;0.9999920016484738;0.9999254756733129;0.9999999999999999;1.0;1.0;1.00048811695414;0.9999943345234759;0.9999976236731125;1.0;0.9999980036668752;0.9999090921350232;1.0006740217527696;0.9999652528789876;0.9999742657829682;0.999992519146999;0.9999985007737565;1.0018981741023638;1.0020440857528352;0.9999663151342454;0.9999941820227245;0.9999988102552381;1.000824275064209;1.0003295079789996;1.0000876896316484;0.999982913666528;0.9999145496382469;1.0;0.9997419802047816;0.9998348357528064;1.0;0.9999999999999999;1.0018576005491202;0.9999128389029194;0.9999696202516306;0.9999850021577797;1.0002667450327216;1.024999976158142;
2016-06-22 20:30:00;0.9999739398881495;1.0;0.9999999999999999;0.9999846909209719;0.9999068427245732;1.0;1.0020684377369984;0.9999916157944874;0.9999225410604011;1.0;0.9999999999999999;1.0;1.0005035408850917;0.9999941272752505;0.9999976426805485;1.0;0.9999961596596227;0.9999062271107563;1.0006964050221787;0.9999590988281333;0.999963019443976;0.9999931061542999;0.999997126054057;1.0019598151476432;1.0021131146538351;0.9999527690434143;0.9999943592904975;0.9999987498066286;1.0008874325502612;1.0003665683223448;1.0001265280725586;1.0000113816323994;0.9999117926939259;1.0;0.9997190821395543;0.9998696872224767;1.0;1.0;1.0019195804961634;0.9999101157337869;0.999956939747;0.9999831141752306;1.0002751901977844;1.024999976158142;
2016-06-22 20:45:00;0.9999605750210192;1.0;1.0;0.9999765734514914;0.9998645273988854;1.0;1.0020959666505689;0.9999878891904754;0.9998875092902011;1.0;1.0;1.0;1.0005089153131426;0.9999909044717509;0.9999957593468697;1.0;0.9999940960412134;0.9998637816253025;1.0007058469542705;0.9999400186095796;0.9999450463073236;0.9999911529285931;0.9999955957678396;1.001984537149288;1.0021423555572482;0.999929650300746;0.9999928096742289;0.9999980433305514;1.0009364210832123;1.0004195303737557;1.0001531688359793;1.0000201184635151;0.999871044188261;1.0;0.9997391474512117;0.9998597049319935;1.0;1.0;1.0019452757562937;0.9998686941120097;0.9999360619694985;0.9999755563964916;1.0002776816539347;1.024999976158142;
2016-06-22 21:00:00;0.9999618982210573;1.0;0.9999999999999999;0.9999766753563559;0.9998647465023671;0.9999999999999999;1.002054517686608;0.9999867239668913;0.9998860615128142;1.0;1.0;1.0;1.000499868392532;0.9999905407270779;0.9999960934263886;0.9999999999999999;0.9999937795857315;0.9998645138556366;1.000692486399413;0.9999396845198206;0.9999475504510641;0.9999909202639684;0.9999953984795086;1.0019450415318063;1.0021001234305633;0.9999303381616461;0.9999932121772344;0.9999979629866661;1.00092857217173;1.0004286453532059;1.0001683191553756;1.0000392475058109;0.9998708163198636;1.0;0.9997486932508208;0.9998964989645821;1.0;1.0;1.0019068668097384;0.9998686328292867;0.9999380115872167;0.9999749818210361;1.0002728106098675;1.024999976158142;
2016-06-22 21:15:00;0.9999556711121522;1.0;1.0;0.9999747455645347;0.999823989520704;0.9999999999999999;1.0020663438201065;0.9999851610795335;0.9998558978284455;1.0;1.0;1.0;1.0005009486064993;0.9999869001050891;0.9999919514271132;1.0;0.9999941440089294;0.9998236052338122;1.0006962114948135;0.9999283729027092;0.9999400701100684;0.9999907117373417;0.9999956564708224;1.0019565569057602;1.0021119278730322;0.9999222310523344;0.9999928933154699;0.9999971980678111;1.0009315804797752;1.0004293157027049;1.0001616907378228;1.0000292106188573;0.9998310493647266;1.0;0.9997513588146306;0.9998748191253365;1.0;0.9999999999999999;1.0019173896960833;0.999828070976921;0.9999300606492115;0.9999708829828846;1.0002724138457555;1.024999976158142;
2016-06-22 21:30:00;0.999963523970768;1.0;1.0;0.9999811456804776;0.9998320708174233;0.9999999999999999;1.0020549170545747;0.9999876986836173;0.9998657381552554;0.9999999999999999;1.0;1.0;1.0004978425064959;0.9999871463363328;0.999990385784417;1.0;0.9999965240000286;0.9998316053368758;1.0006919285204108;0.9999378792191229;0.9999512177251729;0.9999924435739724;0.9999974051353193;1.0019473622663781;1.002098908998187;0.9999382025851136;0.999994048543316;0.9999972819203256;1.0009036139009546;1.0003932380061666;1.0001466936325263;1.0000259292437663;0.9998385015186528;1.0;0.9997308862154888;0.99988542390235;1.0;1.0;1.0019062787409385;0.9998355027041899;0.9999437591492101;0.9999750181137815;1.0002703410336513;1.024999976158142;
2016-06-22 21:45:00;0.9999745510646644;1.0;1.0;0.9999875223052802;0.9998707416782165;1.0;1.0019790179406711;0.9999906297423111;0.9998969400277985;1.0;0.9999999999999999;1.0;1.0004806447957733;0.9999904366821755;0.999992975775842;0.9999999999999999;0.9999979588916721;0.9998703052574591;1.0006662380970985;0.9999537687341178;0.9999654321574978;0.999993388495199;0.9999984648663967;1.0018763567316868;1.002020656004238;0.9999563616683956;0.9999947608942487;0.999997993151831;1.000875891024344;1.0003834295269032;1.000139879825785;1.0000181096978489;0.9998761586166094;1.0;0.9997439997868084;0.9998706826359969;0.9999999999999999;1.0;1.0018358818655193;0.9998737669991022;0.9999601420467096;0.9999811344199337;1.0002615468980391;1.024999976158142;
2016-06-22 22:00:00;0.9999694200731492;1.0;0.9999999999999999;0.999984907659245;0.9998489396174784;1.0;1.001982899446897;0.9999890719046992;0.9998794825755909;1.0;1.0;1.0;1.0004807644683984;0.9999891261864797;0.9999922190687318;1.0;0.9999974688193793;0.9998482611616021;1.0006673652671079;0.9999452679000478;0.9999579436726781;0.9999918347437458;0.9999980866540238;1.0018797595430238;1.0020248769962854;0.9999473778100885;0.9999933745232763;0.9999977146050693;1.0008641827341225;1.0003655306228831;1.0001358367355917;1.0000227436612228;0.9998556152453685;1.0;0.9997292817687132;0.9998899689875883;0.9999999999999999;1.0;1.00183949451479;0.9998527775829427;0.9999516382557037;0.9999776652864968;1.0002614316700373;1.024999976158142;
2016-06-22 22:15:00;0.9999673677393078;0.9999999999999999;1.0;0.9999841712643123;0.9998350068378687;1.0;1.0020289818224828;0.9999888298715537;0.9998698414823926;1.0;1.0;1.0;1.000491503255027;0.9999866626231861;0.9999888365527007;1.0;0.9999976589485352;0.9998347419941126;1.0006832396872927;0.9999426066111117;0.9999575722012007;0.9999941322367565;0.9999982557994119;1.0019235209499193;1.0020717662399925;0.9999465268503963;0.9999954855818896;0.9999971911720723;1.0009041281621187;1.0004090826046368;1.0001528777182151;1.000027679974251;0.9998405439474459;1.0;0.9997502193484009;0.9998822687049338;1.0;1.0;1.0018818893627268;0.9998376005746515;0.9999513503514293;0.9999771850131404;1.0002665024971011;1.024999976158142;
2016-06-22 22:30:00;0.9999249306220303;1.0;1.0;0.9999662853547961;0.9996051036625587;1.0;1.0021704314056736;0.9999773379624106;0.9996952713674746;1.0;1.0;1.0;1.0005170356165145;0.9999654383965431;0.999966569923607;1.0;0.9999968937383208;0.9996046796575362;1.0007305982611807;0.9998712350334941;0.9999067198521945;0.9999929882412459;0.9999976805549196;1.0020573391124952;1.0022162082634605;0.9998860034204188;0.9999944772731639;0.9999926479578992;1.0010440988155378;1.0005403804411581;1.0002326471543075;1.0000741827299615;0.9996152897104714;1.0;0.9997758741034448;0.9999152191451532;0.9999999999999999;1.0;1.0020111267376626;0.9996082617759994;0.9998950773756787;0.9999507908476732;1.0002751641180558;1.024999976158142;
2016-06-22 22:45:00;0.9999338341591988;0.9999999999999999;0.9999999999999999;0.9999700147834435;0.9996384178621229;1.0;1.002134605906318;0.9999774107479819;0.999718251831721;1.0;1.0;0.9999999999999999;1.0005108364879784;0.9999691021972323;0.9999717968869817;1.0;0.9999968805464611;0.9996382557429475;1.0007188654267538;0.9998809670200284;0.9999168748597584;0.9999907416091458;0.9999976892101664;1.0020234624087034;1.0021795723630276;0.9998960124079418;0.9999931547606997;0.9999934393140526;1.0010102704026833;1.0005074327616996;1.0002127206881144;1.0000616326121394;0.9996487128927355;1.0;0.9997680046715165;0.9999039520408629;1.0;1.0;1.0019783539925247;0.9996423087306562;0.9999053828484603;0.99995338803161;1.0002730188470912;1.024999976158142;
2016-06-22 23:00:00;0.9999421491458403;1.0;1.0;0.9999736892984974;0.999685479667932;1.0;1.0020439285011549;0.999980140557627;0.9997545103619169;1.0;1.0;1.0;1.0004902369234678;0.9999735825474946;0.9999762759498668;1.0;0.999997154320482;0.9996851750539578;1.000688288688028;0.9998957289143205;0.9999265162900458;0.9999910087457001;0.9999978810252862;1.0019376090167618;1.0020869693407912;0.9999082568530763;0.9999931903625989;0.9999943979460794;1.000996555450611;1.0005269400705745;1.0002351648916459;1.0000840842753167;0.9996949958569663;1.0;0.9997937715847676;0.9999412113062895;1.0;1.0;1.0018946452763788;0.9996893696466507;0.99991632492883;0.9999589859538799;1.0002628141151724;1.024999976158142;
2016-06-22 23:15:00;0.9999315026839194;0.9999999999999999;1.0;0.9999684390828464;0.9996373408927064;1.0;1.0020859751604136;0.9999768331423082;0.9997162787450626;1.0;1.0;1.0;1.0004987394026779;0.9999702827148372;0.9999739537666771;1.0;0.9999962921399637;0.999636651843499;1.0007021742380184;0.9998777991785069;0.9999115310691602;0.9999882541576645;0.9999972185237362;1.0019770116174238;1.0021303137329962;0.9998901765305305;0.9999907807827711;0.9999936690168671;1.0010235997189372;1.0005430120765044;1.0002449943376128;1.0000886332580345;0.9996492091491533;1.0;0.9997884817407695;0.999941758153887;0.9999999999999999;1.0;1.0019335861895569;0.9996426358795759;0.9998993275188752;0.9999517499704456;1.0002669128359145;1.024999976158142;
2016-06-22 23:30:00;0.9999351413381133;1.0;1.0;0.9999709306576536;0.9996456850813511;1.0;1.0020643959136932;0.9999781231577093;0.9997242056487049;1.0;1.0;1.0;1.000493621675744;0.9999703222163925;0.9999730344791027;1.0;0.9999971155811249;0.999645189048674;1.0006949526140312;0.9998832845154595;0.9999174568021144;0.9999900119438289;0.9999978390425427;1.0019570619915172;1.0021078216032802;0.9998978155598156;0.9999922593289531;0.9999937005156304;1.0010224170329522;1.0005551998231363;1.0002473720084861;1.000086950725427;0.9996565194867507;1.0;0.9998064051295644;0.9999334890076446;1.0;1.0;1.0019133350237956;0.9996501196756191;0.99990634806252;0.9999542264884862;1.0002638928280618;1.024999976158142;
2016-06-22 23:45:00;0.9999650372911898;1.0;1.0;0.9999839261161437;0.9998006206564795;1.0;1.0018719181324907;0.9999858342314105;0.9998418495886098;1.0;1.0;1.0;1.000452853210931;0.9999847678191409;0.9999882609870261;1.0;0.9999978990378405;0.9998002256443012;1.0006303204625986;0.9999320668616323;0.9999532363647679;0.9999903846266165;0.999998423648412;1.001774955258307;1.0019111403000958;0.9999404252226213;0.9999926454242083;0.9999967996444359;1.0009173500734385;1.0004927536537043;1.0002196020837966;1.000079365001151;0.9998085156600942;0.9999999999999999;0.9998195066601218;0.9999473932999445;1.0;1.0;1.001736078909681;0.9998048421476585;0.9999459470091019;0.999972132029202;1.0002452126057741;1.024999976158142;
2016-06-23 00:00:00;0.9999633760861792;1.0;1.0;0.9999833791880665;0.9997817394366282;1.0;1.0018830312292577;0.9999839336383423;0.9998260449085031;0.9999999999999999;1.0;1.0;1.0004554706572681;0.9999838187712206;0.9999882707470005;1.0;0.999997835972644;0.9997812847135965;1.0006340038620982;0.9999256566440458;0.999950195823606;0.999988031157437;0.9999983729749564;1.0017855805664981;1.0019224220497387;0.999935975782062;0.99999088643735;0.9999966005194499;1.0009208641790055;1.0004935847500789;1.0002114745162447;1.0000664807211967;0.9997910286756024;1.0;0.9998233007486428;0.9999193877433108;0.9999999999999999;1.0;1.0017463842749377;0.9997869672589413;0.9999420918352785;0.9999690186651174;1.0002466473540441;1.024999976158142;
2016-06-23 00:15:00;0.9999760982568986;1.0;0.9999999999999999;0.9999888468396708;0.9998541763883158;1.0;1.0018169037864584;0.9999884591035498;0.9998825769519922;1.0;1.0;1.0;1.0004417669678678;0.9999893747112759;0.9999930138653383;1.0;0.9999983046009582;0.9998540142341489;1.0006120639267038;0.9999495781401276;0.9999672192113778;0.9999910624863378;0.9999987389266304;1.0017230130364265;1.001854807310823;0.9999566822167184;0.9999933923846606;0.9999977725003574;1.0008830122343184;1.0004647024930646;1.0002072117574656;1.0000741757588296;0.9998606276310127;1.0;0.9998143668715238;0.9999481637767217;1.0;0.9999999999999999;1.0016854271726856;0.9998579521066695;0.999961363355026;0.9999786004097353;1.0002402786322449;1.024999976158142;
2016-06-23 00:30:00;0.999975846074608;1.0;1.0;0.9999887696796383;0.9998633558015837;1.0;1.0017993676493997;0.9999901841907898;0.999891430961155;1.0;1.0;1.0;1.0004369431874203;0.9999895780943994;0.9999920498715063;1.0;0.9999984603736767;0.9998631016852881;1.0006060308519038;0.9999531831723354;0.9999676848427121;0.9999933396718255;0.9999988472985253;1.0017063631334915;1.0018369277814911;0.99995867987701;0.9999949281140496;0.9999978169977367;1.0008958315790657;1.0004961917104245;1.0002154651664243;1.0000710114297504;0.9998687756811799;1.0;0.9998456801397579;0.9999274482471542;0.9999999999999999;1.0;1.0016690620546216;0.999866267320398;0.9999625832364244;0.9999807716738903;1.0002374084886212;1.024999976158142;
2016-06-23 00:45:00;0.9999822961771911;1.0;0.9999999999999999;0.9999914714274191;0.999907352500885;1.0;1.001725215368702;0.9999932264596421;0.9999260483151647;1.0;0.9999999999999999;1.0;1.0004198852897435;0.9999933813845464;0.9999953426466155;1.0;0.9999986469254895;0.999906965058862;1.00058100921011;0.9999669860995029;0.9999755413268246;0.9999947347054359;0.9999989754606071;1.0016360581962824;1.0017612784524563;0.9999692236356619;0.9999957838457944;0.9999986144130595;1.0009005173347703;1.0005390968485774;1.0002424532152956;1.000089094789978;0.999911545754292;1.0;0.9998886443712646;0.9999457181796876;1.0;1.0;1.0016005902326997;0.9999097920141891;0.9999717874409402;0.9999863955642622;1.0002288577383887;1.024999976158142;
2016-06-23 01:00:00;0.9999808635134236;1.0;1.0;0.9999909229572645;0.999902460601585;1.0;1.0017419437243444;0.9999933387192033;0.9999228348241322;1.0;1.0;1.0;1.0004234801058307;0.9999928998745327;0.99999456310963;1.0;0.9999986836055381;0.9999019751768329;1.000586512988752;0.9999655967493062;0.9999737773527017;0.9999950643103303;0.999998995626131;1.0016519295698532;1.0017783554398378;0.9999676832543559;0.9999959120617635;0.9999985139566893;1.0009035447588617;1.0005335643345723;1.0002401354873813;1.0000876570498862;0.9999067014587826;1.0;0.999879196474056;0.9999445387609516;1.0;1.0;1.0016160359585282;0.9999048368290808;0.9999700623012298;0.9999860726203365;1.0002306393963896;1.024999976158142;
2016-06-23 01:15:00;0.9999804447234447;1.0;1.0;0.9999910629378059;0.9998942407219636;1.0;1.0017157398717276;0.9999929658394276;0.9999167266088541;1.0;1.0;0.9999999999999999;1.000416881124089;0.9999920731602124;0.9999936312773791;1.0;0.9999988931337505;0.9998938134669207;1.0005776919080762;0.9999638300079344;0.9999735736724332;0.9999950815784495;0.9999991541506967;1.0016272395914083;1.0017514559779057;0.9999673647450465;0.9999959890863542;0.9999983447655102;1.0009179923396851;1.0005637418924849;1.0002549352881762;1.0000917649951648;0.9998985745437413;1.0;0.999902856793931;0.9999371016602212;0.9999999999999999;1.0;1.0015915873905645;0.9998965672967599;0.9999698456795255;0.9999853911640353;1.0002268051611132;1.024999976158142;
2016-06-23 01:30:00;0.9999787211539364;0.9999999999999999;1.0;0.999990135204766;0.9998937323205694;1.0;1.0016920769167512;0.9999934961144874;0.9999170985261783;0.9999999999999999;0.9999999999999999;1.0;1.0004105803245031;0.999991841973807;0.9999929093400798;1.0;0.9999987805133818;0.9998931963466914;1.0005696099077086;0.9999634510099007;0.9999715695723829;0.999995976769638;0.9999990635133089;1.0016046572582968;1.0017274266658724;0.9999657145275416;0.9999965122613711;0.9999982974416733;1.0009055262883861;1.0005549859547;1.0002585240860593;1.0001017307366;0.9998977940634479;1.0;0.9998976993390436;0.9999623040248491;1.0;0.9999999999999999;1.0015695898493526;0.9998957723648474;0.9999679425008116;0.9999856407955475;1.0002231837436275;1.024999976158142;
2016-06-23 01:45:00;0.9999830889156535;1.0;1.0;0.9999916973690486;0.9999137078465864;1.0;1.0016632466259077;0.9999938320696619;0.9999313600204048;1.0;1.0;1.0;1.0004049392764442;0.999993369946686;0.9999948813643508;1.0;0.9999986650221799;0.9999135150074132;1.000560321592029;0.9999694531639307;0.9999774743646878;0.9999961053272485;0.9999990024452969;1.0015772302519892;1.0016980353424927;0.999971384808085;0.9999969858623785;0.9999986154908557;1.0009242973913863;1.0006018667177894;1.0002770505753924;1.0001064772661445;0.9999170059901822;1.0;0.9999405010901677;0.9999518271293328;1.0;1.0;1.0015430346964336;0.9999154443288003;0.9999740085679785;0.9999876301248465;1.0002205667223316;1.024999976158142;
2016-06-23 02:00:00;0.9999853321254938;1.0;1.0;0.9999926344457933;0.9999316585574548;1.0;1.001637925057833;0.9999952577111694;0.9999457442847337;1.0;1.0;1.0;1.0003990102278368;0.9999949148942434;0.9999960808479729;1.0;0.9999987442297775;0.9999313538684677;1.0005517035953881;0.9999750743455225;0.9999801577572838;0.999996850939789;0.9999990529880958;1.0015532127518938;1.0016722213701104;0.9999753680182948;0.999997398045081;0.9999989387308507;1.0009198480084605;1.000604892165497;1.0002821476299513;1.0001115650030814;0.9999344392504563;0.9999999999999999;0.9999454941905848;0.999960350407649;1.0;1.0;1.0015196632015764;0.9999331721983638;0.9999773035766242;0.9999900230714857;1.0002176073141944;1.024999976158142;
2016-06-23 02:15:00;0.9999855629629191;1.0;1.0;0.9999930909330428;0.9999251835761404;1.0;1.0016383564709932;0.9999946886296032;0.9999405098945885;1.0;1.0;1.0;1.0003990994310554;0.9999946145132348;0.9999960585827654;1.0;0.9999989424576696;0.9999248482416131;1.000551805789069;0.9999734747863505;0.9999801333748929;0.9999959573721048;0.9999991969550134;1.0015538175057888;1.001672505252347;0.9999752091321497;0.9999967212800416;0.9999988764173002;1.000919492890109;1.0006038058845117;1.0002817201879992;1.0001113101242778;0.9999285062126531;1.0;0.9999444298846539;0.9999601511431991;1.0;0.9999999999999999;1.0015200306161365;0.999927085110791;0.9999771803514559;0.9999891520486045;1.0002176507662737;1.024999976158142;
2016-06-23 02:30:00;0.9999859280639829;0.9999999999999999;1.0;0.9999933875077466;0.9999318407079392;1.0;1.001625972216737;0.999995342678593;0.9999458763431736;1.0;1.0;1.0;1.000395849217891;0.999995893017106;0.9999974359530324;0.9999999999999999;0.999999002135573;0.9999310932922704;1.0005472761540855;0.9999749641661325;0.999979244528161;0.9999950693865883;0.9999992120493382;1.001542132295416;1.0016598955443217;0.9999753817947677;0.9999956250676826;0.9999991424886664;1.0009256386861545;1.000615857602721;1.0002898892164895;1.0001158209288015;0.9999358466077101;0.9999999999999999;0.9999520149621148;0.9999628470706693;1.0;1.0;1.0015087031392846;0.9999344072595902;0.9999765214184376;0.9999896880040545;1.0002162004409838;1.024999976158142;
2016-06-23 02:45:00;0.9999863549605645;1.0;0.9999999999999999;0.9999927901851875;0.9999485157921988;1.0;1.0016305650021555;0.9999963160592711;0.9999585918829089;1.0;1.0;0.9999999999999999;1.0003973159702138;0.9999971930201682;0.9999986131893723;1.0;0.9999985255618877;0.9999477683640664;1.000548861844083;0.9999787769290814;0.999979786317548;0.9999959691116493;0.9999988607629601;1.001546079755443;1.0016649323317806;0.9999760697076137;0.999996272295551;0.9999994133618209;1.0009195615712576;1.000608011462065;1.0002824597560314;1.0001103056318543;0.9999518069936213;0.9999999999999999;0.9999502759460596;0.9999561472090396;1.0;1.0;1.001513146314952;0.9999507145323495;0.9999771430671098;0.9999913921939291;1.0002172840239658;1.024999976158142;
2016-06-23 03:00:00;0.9999900202509897;0.9999999999999999;1.0;0.9999948073473172;0.9999563522800279;1.0;1.0016026057957734;0.9999965664825954;0.9999645387349637;1.0;1.0;1.0;1.000391230561896;0.999997524986331;0.9999989091058548;1.0;0.9999989378746077;0.9999558974775785;1.0005396923065712;0.9999826838178557;0.999985190553128;0.9999963869107816;0.999999185200937;1.0015198506689071;1.0016361126194149;0.9999818335884877;0.9999968977778736;0.9999994846155706;1.0009140949123252;1.0006119058706853;1.0002868781884195;1.0001142775713086;0.9999590579699211;0.9999999999999999;0.9999578611583118;0.9999622036422805;1.0;0.9999999999999999;1.001487150365988;0.9999581659865329;0.9999829884457541;0.9999927523698655;1.000214023349865;1.024999976158142;
2016-06-23 03:15:00;0.9999915313607236;1.0;1.0;0.9999957457488481;0.9999614426141946;0.9999999999999999;1.0015981939086538;0.9999972538572007;0.9999692118950185;1.0;1.0;1.0;1.0003902494329644;0.9999974547441075;0.9999983047681137;1.0;0.9999992434688894;0.9999611394798995;1.000538304331309;0.9999855201108092;0.9999879930644787;0.9999976141185619;0.9999994210916711;1.0015158311217425;1.0016314428461828;0.9999853371413986;0.9999979488495241;0.9999994708136846;1.0009169108149372;1.0006179456949633;1.000289456087787;1.0001147038385318;0.9999634028473782;0.9999999999999999;0.9999629132136372;0.9999600528598785;0.9999999999999999;1.0;1.0014829470840019;0.9999626432581279;0.9999862984324622;0.9999941028448392;1.0002133422193231;1.024999976158142;
2016-06-23 03:30:00;0.9999895709373624;1.0;1.0;0.9999948498428533;0.9999477921044152;1.0;1.0016039016900253;0.9999959822437637;0.999957894289179;1.0;1.0;1.0;1.0003914410096686;0.9999967151688457;0.999998158395565;1.0;0.9999990723423893;0.9999474185101637;1.0005401623519696;0.999980568924913;0.9999848650057089;0.9999961615918195;0.99999929001267;1.0015212027276157;1.0016373128738039;0.9999811417149818;0.9999968258621711;0.9999993169278901;1.0009078944109644;1.0006023807024662;1.0002806781577336;1.0001100813776373;0.9999506735050631;1.0;0.9999528397116223;0.9999578226826294;0.9999999999999999;1.0;1.0014882433714833;0.9999496384784764;0.9999825323444599;0.999991843014155;1.0002139594708053;1.024999976158142;
2016-06-23 03:45:00;0.9999901519987988;0.9999999999999999;1.0;0.9999949900807236;0.9999510644270275;1.0;1.0016145669670988;0.9999961428081756;0.9999604404541568;1.0;1.0;1.0;1.0003942611748933;0.9999966634180139;0.9999979674293347;1.0;0.9999990476755969;0.9999508516726299;1.0005439140974128;0.9999817956949067;0.9999861747056866;0.9999968169151511;0.9999992831082151;1.0015312726415206;1.001648208671455;0.99998235120943;0.9999974757876063;0.9999993055649538;1.0009139393825024;1.0006012307911563;1.0002831342940155;1.0001122316375497;0.9999534437749364;1.0;0.9999443405443666;0.9999610480768812;1.0;1.0;1.0014981181497962;0.9999525249662292;0.9999839225729609;0.9999924010810115;1.0002154575191744;1.024999976158142;
2016-06-23 04:00:00;0.9999880577996052;1.0;1.0;0.9999937464540215;0.9999511970725293;1.0;1.001610102406998;0.9999963437823521;0.9999605808764139;1.0;1.0;1.0;1.0003926815787985;0.9999972410693937;0.9999986610404115;1.0;0.9999987292604657;0.999950610511585;1.0005421095520866;0.9999803670200946;0.9999823603525347;0.9999961490147264;0.9999990221909252;1.0015268178936951;1.0016439008087015;0.9999787272180674;0.9999965803470066;0.9999994245659464;1.0009110539470973;1.0006033877639668;1.0002823152275808;1.0001118181469544;0.999954214602964;1.0;0.9999506075590251;0.999960874813022;1.0;0.9999999999999999;1.0014941225800587;0.9999532045187808;0.99997989767136;0.9999919189881928;1.0002147586717178;1.024999976158142;
2016-06-23 04:15:00;0.999986884451956;1.0;1.0;0.9999933595153161;0.9999450482675442;1.0;1.001614815736718;0.9999959464165179;0.999955648984961;1.0;1.0;1.0;1.0003934859307102;0.9999973166011994;0.9999990587242015;1.0;0.9999987113554811;0.999944190557982;1.0005434242501128;0.9999779050754564;0.9999798322550932;0.9999948987277237;0.9999989899806522;1.0015313302239048;1.0016487248051507;0.9999762045970517;0.9999953800001282;0.9999994409272598;1.0009022705194792;1.000594502378768;1.0002741282883691;1.0001070929821996;0.9999489815559378;1.0;0.9999500668256868;0.9999575554003938;1.0;1.0;1.001498544095291;0.999947765666699;0.9999771450953333;0.9999907839619462;1.000215294049645;1.024999976158142;
2016-06-23 04:30:00;0.9999909181277336;0.9999999999999999;1.0;0.9999952446608334;0.9999570038790466;1.0;1.0016181542818337;0.9999964015514095;0.9999648296485243;1.0;1.0;1.0;1.0003953180553011;0.9999973992684497;0.9999988455040019;0.9999999999999999;0.9999989949881499;0.9999567083544768;1.000545051983858;0.9999832554887862;0.9999867172408738;0.9999965107569452;0.999999238468729;1.001534646480838;1.0016519171741352;0.9999831301611853;0.9999971637026882;0.9999994590031545;1.0008750938765414;1.0005703541849436;1.0002526847337192;1.0000956387615587;0.9999594885839095;1.0;0.9999508918564604;0.9999516167445442;1.0;1.0;1.001501541294932;0.9999586503166112;0.9999845240479874;0.9999928887147578;1.0002162458617123;1.024999976158142;
2016-06-23 04:45:00;0.9999863982896976;1.0;1.0;0.9999932665727223;0.9999346239967443;1.0;1.0016111632752058;0.9999952665387217;0.9999477334644558;1.0;1.0;1.0;1.0003926412425725;0.99999560422913;0.9999970704344634;1.0;0.9999988363543149;0.9999341891118642;1.0005425577807356;0.9999758748150052;0.9999807941293832;0.9999959664214724;0.9999991117656652;1.0015279343490457;1.0016448514423877;0.9999762935762667;0.9999966173778845;0.999999084624598;1.000888743941708;1.0005887128672732;1.0002698153913314;1.0001096276609354;0.9999378671867015;1.0;0.9999556431150947;0.9999709266625497;1.0;1.0;1.0014949129603063;0.9999365949538259;0.9999779881780418;0.9999901046332478;1.0002143571591353;1.024999976158142;
2016-06-23 05:00:00;0.9999908490332722;0.9999999999999999;1.0;0.9999951749600281;0.9999586770378396;0.9999999999999999;1.0016167318915186;0.9999968329921589;0.9999666899113364;1.0;1.0;1.0;1.0003948893364398;0.9999970415010175;0.9999980120228735;1.0;0.9999990384159565;0.9999585148667252;1.0005446668051803;0.9999843001825229;0.9999874575229362;0.9999977312548245;0.9999992798298197;1.0015332693629548;1.001650457634364;0.9999840691161754;0.9999981896249954;0.9999993850430132;1.0008905507423673;1.0005872351460288;1.0002641324302275;1.0001007496975682;0.999960478497724;1.0;0.9999556877790828;0.999951768569204;1.0;1.0;1.0015001258224001;0.9999597265685761;0.9999854840601576;0.9999935955307133;1.0002158122381128;1.024999976158142;
2016-06-23 05:15:00;0.9999923757607537;1.0;1.0;0.9999955904871728;0.999972015443612;1.0;1.00162930828422;0.9999975126210228;0.9999767484893659;1.0;1.0;1.0;1.0003983430895493;0.9999983887008075;0.9999994721705472;1.0;0.9999989068985016;0.9999717720358174;1.0005488681094488;0.9999877817860896;0.9999889338682245;0.9999976766560202;0.999999177191202;1.001545089865579;1.0016634119236754;0.9999860078375927;0.9999980601817983;0.9999996646443535;1.0008810402859216;1.0005708414706855;1.000248314457845;1.00008703011273;0.9999736768556127;1.0;0.9999495123070635;0.9999315189947081;0.9999999999999999;1.0;1.0015119677981983;0.9999731468503538;0.9999871430609131;0.9999949075466551;1.000218051193292;1.024999976158142;
2016-06-23 05:30:00;0.9999908882606073;1.0;1.0;0.9999952376915063;0.9999673507757008;1.0;1.001643321853087;0.9999978163487392;0.9999739117994221;1.0;1.0;1.0;1.0004011515749802;0.9999983989195679;0.9999992654533265;1.0;0.999999052551267;0.9999667427049156;1.0005532124806207;0.99998632732565;0.9999862513055133;0.999997272471418;0.9999992589838227;1.0015585242383847;1.0016776666788914;0.999984140054542;0.9999973645352502;0.9999996664177709;1.0009335470430762;1.0006210575508003;1.0002896643249128;1.0001133579886528;0.9999696477136804;1.0;0.9999534247343966;0.9999557934605072;1.0;1.0;1.0015249461706401;0.9999689144382936;0.9999845960793954;0.9999945005390781;1.0002195495668555;1.024999976158142;
2016-06-23 05:45:00;0.9999900988755156;1.0;1.0;0.9999950677376733;0.9999543394479374;1.0;1.0017783724651417;0.9999965213689787;0.9999631001045418;1.0;0.9999999999999999;1.0;1.000434567682136;0.9999975339855631;0.9999989536994289;1.0;0.9999990738734483;0.9999537942693724;1.00059857648494;0.9999822917640493;0.999985001995807;0.9999960084555822;0.999999279110063;1.001686824834953;1.0018153691539382;0.9999818886541808;0.9999965252163991;0.9999994869987213;1.0010144723237702;1.0006789195268924;1.0003173736978397;1.0001251554033666;0.9999573439239857;1.0;0.9999543696096961;0.9999548737754583;0.9999999999999999;1.0;1.0016501123165817;0.9999563741288032;0.9999828561596827;0.9999925438701038;1.000237802734651;1.024999976158142;
2016-06-23 06:00:00;0.9999870310675012;1.0;1.0;0.9999936768205527;0.9999408797308387;1.0;1.001803069384803;0.9999960433097429;0.9999531649051615;1.0;0.9999999999999999;1.0;1.000439844324286;0.9999961651027398;0.9999973184993206;1.0;0.9999989755459862;0.9999403146518007;1.0006068558837975;0.9999780778208927;0.9999814602477798;0.9999963755607005;0.9999992052357115;1.0017101504518935;1.0018406374811133;0.9999778614987117;0.9999967670772364;0.9999992008459628;1.0010366734832234;1.0006966718217332;1.0003239124916377;1.00012367244307;0.9999439798737054;0.9999999999999999;0.9999581618961536;0.9999417644024667;1.0;1.0;1.0016728920961586;0.9999427786266467;0.9999790339318226;0.9999911451700582;1.0002402960311532;1.024999976158142;
2016-06-23 06:15:00;0.9999874357130294;0.9999999999999999;1.0;0.9999939916806091;0.9999438944793848;1.0;1.0017962441227113;0.9999962871804449;0.9999554961991609;0.9999999999999999;1.0;1.0;1.0004382172759725;0.9999968915903742;0.999998193240423;1.0;0.9999990419970808;0.9999430980906872;1.0006043351077967;0.9999787398604042;0.9999811249811187;0.9999956462440924;0.9999992379985042;1.001703779210446;1.0018336453174717;0.9999780729625564;0.9999959857024271;0.9999993526797784;1.001039127996579;1.000703062378849;1.0003374313500422;1.0001411196205328;0.9999474915019408;1.0;0.9999566628253395;0.9999762873140214;1.0;0.9999999999999999;1.0016666367130411;0.9999462610982321;0.9999788012427573;0.9999913027484768;1.000239623760399;1.024999976158142;
2016-06-23 06:30:00;0.9999912472547479;1.0;1.0;0.9999950363278716;0.9999646914288866;1.0;1.0018354393172724;0.9999969177702924;0.9999708438158934;1.0;1.0;1.0;1.0004492700856236;0.9999977458887886;0.9999989727823277;1.0;0.9999988151056581;0.9999644985798809;1.000618069302353;0.9999853437654386;0.9999875832628621;0.9999974188335738;0.9999991130750968;1.0017407460053576;1.0018737463248102;0.9999840357189353;0.9999979308769296;0.9999995312539073;1.001047420122717;1.000702350850523;1.000325296495014;1.0001251739073156;0.9999665345269981;1.0;0.9999569776732509;0.9999446802630417;1.0;1.0;1.0017030369449722;0.9999658912786558;0.9999854978782993;0.9999938911243781;1.0002458689266982;1.024999976158142;
2016-06-23 06:45:00;0.9999799597786514;0.9999999999999999;1.0;0.9999902673300687;0.9999125001865193;1.0;1.0018938094427854;0.9999950331172911;0.9999321802190736;1.0;0.9999999999999999;1.0;1.0004607656438156;0.9999931499764242;0.9999936883756245;1.0;0.9999986211381727;0.9999119335599024;1.0006373262531316;0.9999688840960794;0.9999734140669888;0.9999974518091314;0.9999989438871341;1.001795986513228;1.0019334296231084;0.9999685516717702;0.9999975391353976;0.9999985686065581;1.0010501458954697;1.0006850293341916;1.0003189160075963;1.0001283826187728;0.9999156207523892;1.0;0.9999326928869023;0.9999629068368784;1.0;1.0;1.001756749325456;0.9999139592793689;0.99997029954447;0.9999881579415811;1.0002509027706952;1.024999976158142;
2016-06-23 07:00:00;0.999948952698047;0.9999999999999999;1.0;0.9999770275254917;0.9997412868700335;1.0;1.002124572207067;0.999986068465885;0.9998016337298118;1.0;1.0;1.0;1.0005108255739712;0.9999772299210783;0.9999771925851331;1.0;0.9999979229502416;0.9997407907899181;1.0007149071823283;0.9999157204908449;0.9999366378732142;0.9999965454031295;0.999998434172438;1.0020145401386626;1.0021690443422733;0.9999238888106864;0.9999969614511636;0.999995201902583;1.001051364339159;1.0006496406922483;1.0002504194471529;1.0000761482994374;0.9997477018526607;0.9999999999999999;0.9999244783774459;0.9998974072995512;0.9999999999999999;1.0;1.0019693369490976;0.9997430558343616;0.9999292868250972;0.999968353862666;1.0002743735817288;1.024999976158142;
2016-06-23 07:15:00;0.9999787924645486;1.0;1.0;0.999990239311305;0.9998632939900051;1.0;1.0019941193603923;0.9999881007878845;0.9998880833100116;1.0;1.0;1.0;1.0004864000343419;0.999991797054577;0.999996787024045;1.0;0.9999983247684945;0.9998626569287575;1.000671156328159;0.9999510160043323;0.9999678511635448;0.9999875423407462;0.999998720492051;1.0018914669907397;1.0020355795248181;0.9999577148490322;0.9999903333804785;0.9999982764889971;1.0008378444216668;1.000479831099265;1.0001311100548884;1.0000259356950352;0.9998715705346346;1.0;0.9999283459522162;0.9999050856072986;1.0;1.0;1.001850112900864;0.9998688579538159;0.9999618142530889;0.999978253969023;1.000265674591493;1.024999976158142;
2016-06-23 07:30:00;0.9999830298840564;1.0;1.0;0.9999913564187811;0.9999288427051981;1.0;1.0020281764903187;0.9999951513613993;0.9999433998169305;1.0;1.0;1.0;1.0004946705005258;0.9999953902073325;0.9999968506373705;1.0;0.9999984300308594;0.9999281351112818;1.0006823264490974;0.9999726376051786;0.9999758485577845;0.9999957091323276;0.9999987931372223;1.0019234079533952;1.0020706681527674;0.9999710716518119;0.9999961294116375;0.9999990357272537;1.0008304747899266;1.0004647824220392;1.000108314167566;1.0000045547310474;0.9999325467482023;1.0;0.9999280311200511;0.9998718014803464;1.0;1.0;1.0018816850677048;0.9999311183644636;0.999972662916496;0.9999890298349975;1.0002702310422484;1.024999976158142;
2016-06-23 07:45:00;0.9999838999068615;1.0;0.9999999999999999;0.9999917235697166;0.9999237432259318;1.0;1.002046956747394;0.9999940669754511;0.9999384262328619;1.0;1.0;1.0;1.0004998934144307;0.9999948496902207;0.9999968571289013;0.9999999999999999;0.9999983997699632;0.9999233374294805;1.000688926826503;0.9999712199652074;0.9999773325737318;0.9999950644730102;0.9999987919942439;1.0019412705581623;1.002089753470159;0.9999713818945334;0.9999960008400531;0.9999989227192858;1.0008239597318749;1.000457026315986;1.0000998508517103;1.000000893344256;0.9999275054996839;1.0;0.9999276243771639;0.9998722149642855;1.0;1.0;1.0018990722311525;0.999926061676982;0.99997376347074;0.9999880704084568;1.0002730964812447;1.024999976158142;
2016-06-23 08:00:00;0.999982677600295;1.0;1.0;0.9999906706841962;0.9999175273997011;1.0;1.002141823696462;0.999992745629653;0.9999320754758086;1.0;0.9999999999999999;1.0;1.000523468133018;0.9999947263801647;0.9999976492598395;1.0;0.9999979187988401;0.9999171737241113;1.0007208953012419;0.9999676871551635;0.9999751341300747;0.9999935507323543;0.9999984411179705;1.0020310045907277;1.0021867929518808;0.9999675744468662;0.9999949699992605;0.999998893232662;1.0008403666669616;1.0004568536110376;1.0000799933837934;0.9999797765577616;0.9999219581886704;0.9999999999999999;0.9999280731571216;0.999836051944239;0.9999999999999999;1.0;1.0019871904548079;0.9999204269606136;0.9999707359027059;0.999986218381761;1.0002861974021713;1.024999976158142;
2016-06-23 08:15:00;0.999984263924396;1.0;1.0;0.9999924829319107;0.9999129793347017;1.0;1.0022303650652362;0.9999933679409929;0.9999301691867379;1.0;1.0;1.0;1.0005447379102084;0.9999938841127838;0.9999959633926875;1.0;0.9999987972067019;0.9999126746514063;1.0007504270578618;0.9999691535569909;0.9999780776788878;0.9999946115307784;0.9999990920384428;1.0021155967466404;1.002276641072734;0.999971965831442;0.9999957873109403;0.9999987231281279;1.0008219206344005;1.0004066211758282;1.000030755047974;0.9999402203774125;0.9999170510681551;0.9999999999999999;0.9999027957311504;0.9997841884522493;1.0;1.0;1.0020689770289615;0.9999154089685358;0.9999745060217118;0.9999870856709456;1.000297443633605;1.024999976158142;
2016-06-23 08:30:00;0.9999864456183484;1.0;1.0;0.9999930518001401;0.9999379895492633;1.0;1.00220125411539;0.9999956396514987;0.999950686453122;1.0;1.0;1.0;1.000537816032242;0.9999952238770519;0.9999962495484417;0.9999999999999999;0.9999987611781721;0.9999377967054073;1.0007407348093245;0.9999772591720693;0.9999819624105045;0.9999974354908723;0.9999990733234962;1.002087775467908;1.002247077329729;0.9999773479964961;0.999997942729283;0.9999990041923931;1.0007521501927736;1.0003181934145529;0.9999855673307289;0.9999202683857134;0.9999402957823958;1.0;0.9998578966258704;0.9997840640091393;1.0;1.0;1.0020420175442104;0.9999391822805;0.9999792975698721;0.9999909425166182;1.000293715433599;1.024999976158142;
2016-06-23 08:45:00;0.9999853128737564;0.9999999999999999;1.0;0.9999922993645399;0.999929643424712;1.0;1.0023091459369775;0.9999941180749358;0.9999425184982349;1.0;1.0;1.0;1.0005643422089157;0.999995525173582;0.9999977988033532;1.0;0.9999983869455961;0.9999292575334393;1.0007768106911956;0.9999728588129919;0.999978859423959;0.9999946590257367;0.999998783937131;1.0021899741800253;1.0023573576909237;0.999972922439262;0.9999957314078473;0.9999990643372997;1.0007523659445614;1.0002769368775677;0.9999358575203532;0.9998703697689533;0.999933452203259;1.0;0.9998311681553481;0.9997019920894625;1.0;1.0;1.00214228392911;0.9999321133091758;0.9999753149871398;0.9999885149874334;1.0003086049273586;1.024999976158142;
2016-06-23 09:00:00;0.9999864389677042;1.0;1.0;0.9999929846988477;0.9999334546032241;1.0;1.002362717718325;0.9999942796597034;0.9999453448990742;1.0;1.0;1.0;1.000577725978438;0.9999962144356402;0.9999986801232551;1.0;0.9999985149333986;0.9999329369563145;1.0007946240320846;0.999974055330993;0.9999796719895478;0.9999939875683705;0.9999988690399696;1.0022409526348515;1.0024119494569628;0.999974182829777;0.9999951021844703;0.999999207912521;1.0006933190262035;1.0002148871364425;0.9998808573470546;0.9998439495249497;0.9999376252302671;1.0;0.9998254931673723;0.9996966541003157;1.0;0.9999999999999999;1.0021920150993444;0.9999362956909864;0.9999762598969563;0.9999888157132967;1.0003161567420769;1.024999976158142;
2016-06-23 09:15:00;0.9999874163077194;1.0;1.0;0.9999936618763258;0.9999433948917923;1.0;1.0023527228159392;0.999995849328679;0.9999545547336004;1.0;1.0;1.0;1.0005749987722004;0.9999965528595409;0.999998024614025;0.9999999999999999;0.9999988318027291;0.9999428389834385;1.000791158420282;0.9999783065032881;0.9999816533665304;0.9999958910886576;0.9999990999241322;1.0022315959545944;1.0024016459557104;0.999977739066072;0.9999964288109071;0.9999992801502601;1.000623961310068;1.0001255028590235;0.9998419933170826;0.9998381754888016;0.9999466380215434;1.0;0.9997746680057511;0.9997309220176533;0.9999999999999999;1.0;1.0021826421538342;0.9999454852802707;0.9999790634839326;0.9999910545838594;1.0003145079988234;1.024999976158142;
2016-06-23 09:30:00;0.999973448947185;1.0;1.0;0.9999877136568409;0.9998444440433506;1.0;1.0024535636358423;0.9999880580765723;0.9998751023834973;0.9999999999999999;1.0;1.0;1.0005977522295753;0.9999891840135748;0.9999930296255032;1.0;0.99999818363204;0.9998439096594313;1.000825147153521;0.999945658565403;0.9999626873072023;0.9999898908531683;0.9999986236556874;1.0023271702840733;1.0025045782661843;0.9999521238852688;0.9999921363748776;0.9999977328943811;1.0006951921913203;1.0001828872217364;0.9998632552114993;0.9998388576368151;0.9998519351873723;0.9999999999999999;0.9997879941334622;0.999705433213114;1.0;0.9999999999999999;1.002275767731685;0.9998489713919976;0.9999565049108896;0.9999770327831208;1.0003257754064772;1.024999976158142;
2016-06-23 09:45:00;0.999982278468708;1.0;1.0;0.9999913876093984;0.9998990695458745;1.0;1.0024120973815824;0.9999916972766942;0.9999180181604231;1.0;1.0;1.0;1.0005890360677323;0.999993300517178;0.9999963354897992;1.0;0.9999984612331327;0.9998987158768131;1.0008112921029775;0.9999635303688892;0.9999746352471677;0.9999925747093282;0.9999988409540839;1.0022878156041144;1.0024622591837618;0.9999669423016455;0.9999942679601029;0.999998601103539;1.0006344777557725;1.0001104450672782;0.9998221488117989;0.9998143848224341;0.9999042821102457;1.0;0.9997580604225951;0.9996870502009471;0.9999999999999999;1.0;1.002237568268196;0.9999023681843405;0.9999701651133804;0.9999843625723858;1.0003217753027946;1.024999976158142;
2016-06-23 10:00:00;0.9999866137234131;1.0;1.0;0.99999323829231;0.999931987732197;0.9999999999999999;1.0024631498726622;0.9999947616198736;0.999945287235912;1.0;0.9999999999999999;1.0;1.0006019283474787;0.999995014749113;0.999996586811122;1.0;0.9999987732585247;0.999931825565411;1.0008284939252559;0.999975264439002;0.9999817812235862;0.9999962542498396;0.9999990843791358;1.002336251204217;1.0025143251008835;0.9999765116074948;0.9999971271848648;0.9999989600074317;1.0006227833496728;1.0000564450374732;0.9997878144919343;0.9997853351046084;0.9999348745484178;1.0;0.9997115563790637;0.9996471347937963;0.9999999999999999;0.9999999999999999;1.00228488354234;0.9999336412294948;0.9999787866496219;0.9999897832395128;1.0003288899298521;1.024999976158142;
2016-06-23 10:15:00;0.9999752694082498;1.0;1.0;0.9999885033694936;0.9998413500050694;0.9999999999999999;1.002487114525879;0.9999862731019137;0.9998703019386899;1.0;0.9999999999999999;1.0;1.0006067021865996;0.9999900310844418;0.9999955624545896;1.0;0.9999980229799611;0.9998407941534462;1.0008364847471767;0.9999434629146476;0.9999633216450142;0.9999864456327716;0.9999985037344135;1.0023590079842704;1.0025388212014372;0.9999513448772644;0.9999896346684815;0.9999979052593453;1.000608609324822;1.0000595032014254;0.9997928152267078;0.999808876267997;0.9998503786786379;1.0;0.9997233825664477;0.9997104028647736;1.0;1.0;1.0023071634398448;0.999847302855505;0.999956353822399;0.9999750551135619;1.0003312636107304;1.024999976158142;
2016-06-23 10:30:00;0.9999736672522483;1.0;1.0;0.9999879380741287;0.9998220714817423;1.0;1.0025821993849724;0.9999841963967315;0.9998539450801259;1.0;1.0;1.0;1.0006299108723138;0.9999891016872765;0.9999957278346826;0.9999999999999999;0.9999979148146514;0.9998214742620118;1.0008682995771332;0.9999367788748756;0.9999602849177772;0.9999838682401776;0.9999984211036845;1.002449262801071;1.0026358236563924;0.9999466965681735;0.9999877349243432;0.9999977108244605;1.0006786648630432;1.0000927999092823;0.9998182592656844;0.9998177185037133;0.9998325755927431;0.9999999999999999;0.9997007219678314;0.9997055872112635;1.0;1.0;1.0023953424777219;0.999829108668773;0.999952408079295;0.9999717514198887;1.0003440072267147;1.024999976158142;
2016-06-23 10:45:00;0.9999815436181771;0.9999999999999999;1.0;0.9999911021243977;0.9999011773592695;1.0;1.0025333244546255;0.9999924441013345;0.9999205624249957;1.0;0.9999999999999999;1.0;1.0006183109958717;0.9999933075727596;0.9999958040155082;1.0;0.9999985212009934;0.9999007011112195;1.0008517833933364;0.9999643992072323;0.9999738667820026;0.9999934575799985;0.999998876560967;1.0024028191881968;1.002586001403469;0.9999669294352409;0.9999947667377357;0.9999986003555775;1.0006824938847327;1.000113916024719;0.9998346830712178;0.9998276819567277;0.9999061054599158;1.0;0.9997181376827818;0.9997133331683066;1.0;0.9999999999999999;1.0023499304496828;0.9999042043853026;0.9999697027788058;0.9999850735178315;1.000337683614225;1.024999976158142;
2016-06-23 11:00:00;0.9999779196940584;1.0;1.0;0.9999894936819261;0.9998739628927321;1.0;1.0025101874184958;0.9999899738403452;0.9998981887010777;0.9999999999999999;1.0;1.0;1.0006120582956581;0.9999915377883661;0.9999950434849748;0.9999999999999999;0.9999982593466585;0.9998734651830722;1.0008441398198562;0.9999549837626824;0.9999685089885332;0.9999910885338088;0.9999986820395368;1.0023807588911031;1.0025624497085532;0.9999594461457852;0.9999930387633643;0.9999982263899493;1.0006865822306437;1.0001294267567211;0.9998414370675051;0.999828705529726;0.9998803884641133;1.0;0.9997327967274612;0.9997067881967171;1.0;1.0;1.002328485649763;0.9998779742121084;0.9999631725966464;0.9999808288617492;1.0003340579064535;1.024999976158142;
2016-06-23 11:15:00;0.9999800358016167;1.0;1.0;0.9999900350602549;0.9998912832666821;1.0;1.0025743407659469;0.9999911872094872;0.9999119578895389;1.0;1.0;0.9999999999999999;1.0006286450305586;0.9999922640141361;0.9999952093661856;1.0;0.9999981698199523;0.9998910705250037;1.0008658008391202;0.9999606721475426;0.999972395895361;0.9999931172756231;0.9999986360323324;1.0024415356848908;1.002627982333452;0.999963792246844;0.9999948145459078;0.9999983812308101;1.000699213219406;1.0001212577967904;0.999833671513302;0.999822982132197;0.9998962401214819;1.0;0.9997168788946504;0.9997013377543066;1.0;1.0;1.0023879178898782;0.9998942565702175;0.9999675489215702;0.9999834027604546;1.0003432081070387;1.024999976158142;
2016-06-23 11:30:00;0.9999817972212124;1.0;1.0;0.9999901618546754;0.9999190210369492;0.9999999999999999;1.0025937253449595;0.9999935063352549;0.9999343071976794;1.0;1.0;1.0;1.0006337268094814;0.9999940818635448;0.9999961602860458;1.0;0.9999979265586812;0.9999188082893691;1.000872324901644;0.9999687805193987;0.9999752427118219;0.9999955705149964;0.9999984567189537;1.0024596096354201;1.0026480419856019;0.9999680557766157;0.9999965791512667;0.999998759241778;1.0007134153772097;1.0001288362069174;0.9998409338710627;0.9998281288350233;0.9999224209986208;1.0;0.9997120688951102;0.9997076022209267;1.0;1.0;1.0024060327892614;0.9999209910519784;0.9999711647629573;0.9999872135825953;1.00034622208581;1.024999976158142;
2016-06-23 11:45:00;0.9999785010250077;1.0;1.0;0.9999890515267624;0.9998981908867398;1.0;1.002598307160232;0.9999922839190414;0.99991809343097;0.9999999999999999;1.0;1.0;1.000633817653265;0.9999930424274663;0.9999955433714094;1.0;0.999997956525982;0.9998976350035166;1.000873528397974;0.9999618689114386;0.9999698564299258;0.9999937037627337;0.9999984547470302;1.0024640244713439;1.0026526922319143;0.9999621786942895;0.9999948554294463;0.9999985422479059;1.0006692060970976;1.0000630485052473;0.9998065129817784;0.9998125119855165;0.9999031055841267;1.0;0.9996733750954271;0.9997068915604856;1.0;1.0;1.0024102511212958;0.999901175616785;0.9999652239735601;0.9999842913408452;1.0003461108692873;1.024999976158142;
2016-06-23 12:00:00;0.9999733651174865;1.0;0.9999999999999999;0.9999874351996428;0.9998228003920065;1.0;1.0027054231227308;0.9999839507655748;0.9998540743295542;1.0;1.0;0.9999999999999999;1.000660616416449;0.9999889476787976;0.999995686486718;1.0;0.9999976633900138;0.9998223639921746;1.0009097073434499;0.9999365167918952;0.9999602704435346;0.9999841389590438;0.99999824705324;1.0025660510920333;1.0027616807911812;0.9999460035473846;0.9999881082528259;0.9999976772969597;1.0007201626662043;1.0001024926154791;0.9998187112478467;0.9998165516847572;0.9998329948256387;0.9999999999999999;0.999683958232533;0.9997043399823878;1.0;0.9999999999999999;1.00250957077786;0.9998296091603317;0.9999521606004926;0.9999716324997621;1.0003608375845647;1.024999976158142;
2016-06-23 12:15:00;0.9999715538426837;1.0;1.0;0.9999869162138592;0.9997952063982247;1.0;1.0027195540423532;0.9999808175726335;0.9998304769723451;1.0;1.0;1.0;1.0006641050915852;0.9999876779789643;0.9999961347741084;1.0;0.9999975608273859;0.9997947302006481;1.0009145227244376;0.9999270266128161;0.9999564452704941;0.9999801432072397;0.9999981686623428;1.0025795829140596;1.0027759988813565;0.9999398216588917;0.9999851899132354;0.9999974053347277;1.0006442633456119;1.0000157030167713;0.999754047288522;0.9997799111675274;0.9998076297156653;1.0;0.9996601299149636;0.999680253986376;1.0;1.0;1.0025227489953177;0.999803678073542;0.9999470213822006;0.9999668105796937;1.0003628460129048;1.024999976158142;
2016-06-23 12:30:00;0.9999722542196587;1.0;1.0;0.9999866312399269;0.9998315510478134;1.0;1.0027214158330287;0.9999849311392209;0.9998612859205965;0.9999999999999999;1.0;1.0;1.0006639788147147;0.9999901983908026;0.9999967902819509;1.0;0.9999974126914911;0.9998306842645559;1.00091472076714;0.9999378985978498;0.9999577105971361;0.9999840064297486;0.999998032079014;1.0025809841937248;1.0027782686148135;0.9999443825857226;0.9999875350137956;0.9999979349361431;1.0006711109410291;1.0000413326524396;0.9997712758397712;0.9997860961981202;0.9998420662093458;1.0;0.9996656327803705;0.9996765530446791;1.0;1.0;1.0025246015292688;0.9998387292168538;0.9999497482556764;0.9999724032952103;1.0003629334871667;1.024999976158142;
2016-06-23 12:45:00;0.999982926595494;1.0;1.0;0.9999909275494334;0.9999254031666318;1.0;1.0026313532754922;0.9999944524461908;0.9999401735274313;1.0;1.0;1.0;1.0006427764065637;0.999994310650021;0.9999958006945874;1.0;0.999998213212769;0.9999251904176939;1.0008848749040058;0.9999717479873776;0.9999771689225954;0.9999966687362802;0.9999986680149164;1.0024954378376532;1.0026863262298336;0.9999710264053538;0.9999973690031182;0.9999988076680806;1.0006764747298782;1.000075201013147;0.9997965548712242;0.9997982163439036;0.9999282423099894;1.0;0.9996938955609384;0.9996780941874289;0.9999999999999999;1.0;1.002440852448949;0.9999269238676527;0.9999736572958972;0.9999886774267407;1.0003510872349899;1.024999976158142;
2016-06-23 13:00:00;0.9999803927029821;0.9999999999999999;0.9999999999999999;0.99999013709175;0.9999010060414586;1.0;1.0027201376209767;0.999992575526045;0.9999207256215789;1.0;1.0;1.0;1.0006641130264378;0.9999924556614451;0.9999944804261232;1.0;0.9999982713504514;0.9999008331161541;1.0009146404741271;0.9999643561471993;0.9999737764782977;0.9999951874958483;0.9999987136608425;1.0025798059571034;1.0027768022623358;0.9999662539974564;0.9999963476708774;0.9999984187559136;1.0006942661633138;1.000075245554042;0.9997870724225065;0.9997909751127951;0.9999048740306588;1.0;0.9996883809496513;0.9996711393149854;1.0;1.0;1.0025230241234433;0.999903103122322;0.9999695487650077;0.9999854351465423;1.0003624571530094;1.024999976158142;
2016-06-23 13:15:00;0.9999782248291976;1.0;1.0;0.9999893997422535;0.9998914034155865;1.0;1.0027248062375003;0.9999924450224926;0.9999138963368382;1.0;1.0;0.9999999999999999;1.0006642976645592;0.9999918370217851;0.9999936786247264;1.0;0.9999983426514795;0.9998909976322595;1.0009159970765151;0.9999613936325469;0.999970630389769;0.9999949259166766;0.9999987498892119;1.0025842367601108;1.0027815711418915;0.9999633522845672;0.9999959007754137;0.9999982883891713;1.0007230899523425;1.00008703483418;0.9998044635319344;0.999797796967307;0.9998957950377995;1.0;0.9996708019660612;0.9996693024515435;1.0;1.0;1.0025273159864458;0.9998937775882996;0.999966338882297;0.9999844305195269;1.0003623485287003;1.024999976158142;
2016-06-23 13:30:00;0.9999776232641783;1.0;1.0;0.9999888831759427;0.9999004958557989;1.0;1.002679733411935;0.9999938012713098;0.999922078640744;1.0;1.0;1.0;1.000653072724382;0.9999921708908408;0.999993175921632;1.0;0.9999982635972169;0.9999000196080736;1.0009008266723276;0.9999642136089806;0.999970409504222;0.9999967447939672;0.9999986866747637;1.002541357534977;1.0027356930167635;0.9999640880056198;0.9999971308199397;0.9999983585867341;1.000674192991155;1.0000634106472126;0.9997798998852839;0.9997857914530814;0.9999040143554174;0.9999999999999999;0.99969034449146;0.9996637704217005;0.9999999999999999;1.0;1.0024854909182677;0.9999021776577453;0.9999665781947027;0.9999861406887932;1.000356095952224;1.024999976158142;
2016-06-23 13:45:00;0.9999757071888168;1.0;1.0;0.9999878398795022;0.9998827990053981;1.0;1.002615740346137;0.9999915362420562;0.9999065044619252;1.0;1.0;1.0;1.000637524751312;0.9999913777846909;0.9999936818717562;1.0;0.9999979047924895;0.9998823319375822;1.0008795405958533;0.9999573177063283;0.9999669332096467;0.9999940664551117;0.9999984228394061;1.0024805240088552;1.0026704823266568;0.9999585103438362;0.999995214569164;0.9999981889403918;1.0006787520382476;1.0000815339708788;0.9997997676640309;0.9997974298959946;0.9998877399836941;1.0;0.9996975218007108;0.9996701115798863;1.0;1.0;1.002426275857213;0.9998855696135244;0.9999619689854397;0.9999826879839363;1.0003476963592428;1.024999976158142;
2016-06-23 14:00:00;0.9999760312535758;0.9999999999999999;1.0;0.99998869419421;0.9998775195200557;1.0;1.0026391299231552;0.9999918285012387;0.9999034374014069;0.9999999999999999;1.0;1.0;1.0006429150723526;0.9999908206125349;0.9999926542753848;1.0;0.9999984278906852;0.9998769804035889;1.0008871932614234;0.9999572417723636;0.9999676021525532;0.9999944047352104;0.9999988033693112;1.00250310517427;1.0026940415341594;0.9999600948312382;0.9999953777609305;0.9999980760044176;1.0006869025990175;1.000071688197955;0.9997956027129862;0.9997913323003221;0.9998825198160793;1.0;0.9996792264772241;0.9996578837004504;0.9999999999999999;0.9999999999999999;1.0024477708263122;0.9998802042300612;0.9999630740346058;0.9999828295780617;1.000350411463735;1.024999976158142;
2016-06-23 14:15:00;0.9999776668295521;0.9999999999999999;1.0;0.9999897346096042;0.9998815978526518;1.0;1.0026276432655135;0.9999923733040623;0.9999071877575721;1.0;1.0;1.0;1.000640149772107;0.9999907392144971;0.9999921325546094;0.9999999999999999;0.9999987545759105;0.9998812119799207;1.0008833851369794;0.9999597875376207;0.9999704721706296;0.9999953978652766;0.9999990549189962;1.0024923780801758;1.002682138812468;0.9999635825156663;0.9999962622856993;0.9999980637311222;1.0006677434246476;1.000063703611541;0.9997868221765976;0.9997891953910047;0.9998859696673963;1.0;0.999689834916761;0.9996635512553192;1.0;0.9999999999999999;1.0024369999988572;0.9998837641731515;0.9999664085365222;0.999983992619149;1.0003487653689889;1.024999976158142;
2016-06-23 14:30:00;0.9999684742761676;0.9999999999999999;1.0;0.9999843698342623;0.9998462908884737;0.9999999999999999;1.0026787096748255;0.99998941064706;0.9998783501017019;1.0;0.9999999999999999;1.0;1.0006516453446324;0.9999877496247097;0.9999899881708998;1.0;0.9999974982900679;0.9998459770543392;1.000900887171572;0.9999454771280941;0.9999586718585157;0.9999942198293674;0.9999981339405558;1.002539967071884;1.0027349173528508;0.9999479360374492;0.9999954944458048;0.9999974202276868;1.0006708753182434;1.0000620551163075;0.9997794311218053;0.9997874052813444;0.999851628782773;1.0;0.9996894615522903;0.9996678980046437;1.0;1.0;1.002484397085018;0.9998488851877401;0.9999525780720064;0.9999783004537184;1.0003545411720762;1.024999976158142;
2016-06-23 14:45:00;0.9999640550435009;1.0;1.0;0.9999827387766;0.999778223835767;0.9999999999999999;1.0024885059202229;0.999980711892056;0.9998185654811018;1.0;0.9999999999999999;1.0;1.0006052682513304;0.999985432072126;0.9999929882781162;1.0;0.9999968624573043;0.9997776970987516;1.0008373749632278;0.9999203653977216;0.9999479419341465;0.9999822303570322;0.9999976503339649;1.002359569674605;1.0025407633560652;0.999930379199208;0.9999866342520594;0.9999969130079416;1.0005748649170412;0.9999929489875188;0.9997527215948844;0.9997763384840306;0.9997900587486608;1.0;0.9996770872086423;0.999665259446997;0.9999999999999999;0.9999999999999999;1.0023085074760596;0.9997858774165561;0.999937959786111;0.9999651294159165;1.0003298077984855;1.024999976158142;
2016-06-23 15:00:00;0.9999716935325409;1.0;1.0;0.9999865363545768;0.9998472546512768;0.9999999999999999;1.0024618909930285;0.9999889277576126;0.9998783618168152;1.0;1.0;0.9999999999999999;1.0005983366255877;0.9999886283536326;0.9999916010940069;1.0;0.9999979843877848;0.9998468198043947;1.0008281562710766;0.999946535695331;0.9999616176571122;0.99999209505695;0.9999984837685431;1.0023345453100423;1.0025133734656757;0.9999513106836557;0.9999938319242254;0.9999976092342748;1.000565557745106;0.9999814276720767;0.999749508005382;0.9997727644988375;0.9998536413472642;1.0;0.9996713335207073;0.9996601166378873;0.9999999999999999;1.0;1.002283524093484;0.9998508069592916;0.9999556555826505;0.9999780416222875;1.000325671007735;1.024999976158142;
2016-06-23 15:15:00;0.9999721719978465;1.0;1.0;0.999987097522359;0.999852247392912;1.0;1.0024860344859416;0.9999902967838449;0.9998839288991145;1.0;1.0;1.0;1.0006037484564594;0.9999883723019417;0.9999902269880078;1.0;0.999998372229745;0.9998518416254758;1.0008361557458956;0.9999496583635541;0.999963323307224;0.9999942379424699;0.9999987716895129;1.0023575994437433;1.0025378644078309;0.9999544195400714;0.9999954055258851;0.9999975605745837;1.000602908174925;1.0000171988104507;0.9997711200631689;0.9997824252535629;0.9998576273583045;1.0;0.9996807884631697;0.9996615903027155;1.0;1.0;1.002305720628986;0.9998549019138814;0.9999581477473057;0.9999799028540577;1.000328301704243;1.024999976158142;
2016-06-23 15:30:00;0.9999750248696407;1.0;1.0;0.9999884061399809;0.9998846335179602;1.0;1.0023690300796795;0.9999937057300656;0.9999110688619965;1.0;1.0;1.0;1.0005750377328342;0.9999909934573094;0.9999915374803214;1.0;0.9999986434081259;0.9998838463198194;1.0007965284565483;0.9999601912236047;0.9999667949301164;0.9999965744723719;0.9999989448316658;1.002246664870708;1.002418486852611;0.9999611943008813;0.9999966627639353;0.9999981122857831;1.0005615486203945;1.000007124500692;0.9997722228393392;0.9997875480128591;0.9998888481560521;1.0;0.9996960705747644;0.9996724427828574;1.0;1.0;1.0021973438788294;0.9998866120209512;0.9999630924694758;0.9999848368335227;1.0003129024098947;1.024999976158142;
2016-06-23 15:45:00;0.9999754308844534;1.0;0.9999999999999999;0.9999888310699191;0.9998745389854399;1.0;1.0023900333978126;0.9999924912366815;0.9999024966617194;1.0;1.0;0.9999999999999999;1.0005804170035826;0.999990125037009;0.9999911620574371;1.0;0.9999987660490266;0.9998739723803345;1.0008037791289566;0.9999575795997183;0.9999675464776133;0.9999956889393926;0.999999050701129;1.0022667300167876;1.0024397605813187;0.9999609538004012;0.9999962706293454;0.9999979305545497;1.0004709183932723;0.999909819349407;0.9996993311432457;0.9997510562566991;0.9998790969212904;1.0;0.999675001564681;0.9996601519427821;1.0;1.0;1.0022167504596364;0.9998767179699171;0.999963490323472;0.9999834164195824;1.0003157525047923;1.024999976158142;
2016-06-23 16:00:00;0.9999759410692796;1.0;0.9999999999999999;0.9999884643428357;0.9998818937252345;1.0;1.0023303963230392;0.9999927756003016;0.9999080157593634;1.0;0.9999999999999999;0.9999999999999999;1.000566377822642;0.9999899452686201;0.9999906887639837;1.0;0.9999984651667924;0.9998817315665725;1.0007840818748566;0.999959763065291;0.9999695842600034;0.9999973784395498;0.9999988572793852;1.0022098769266765;1.0023790593859667;0.9999623330495042;0.9999979353223039;0.9999978996303165;1.0005191571161254;0.9999788589588889;0.999751089394792;0.9997781316376108;0.9998851655682591;0.9999999999999999;0.999702858157924;0.9996718174352645;1.0;1.0;1.002161375234608;0.9998830863179339;0.9999655129027536;0.9999845060344222;1.0003079563348825;1.024999976158142;
2016-06-23 16:15:00;0.9999773179046425;1.0;1.0;0.9999888157062672;0.9998865317122814;1.0;1.0023883307803085;0.9999919697871127;0.9999098504639025;0.9999999999999999;1.0;1.0;1.0005811941855767;0.999991259236967;0.9999931857480806;1.0;0.9999981897932119;0.9998862485074337;1.0008035040885628;0.9999596658674984;0.9999698012231171;0.9999950084777683;0.9999986458109666;1.002264730592571;1.0024383133859767;0.9999618258008428;0.9999960963750489;0.9999981699431154;1.000552877930697;0.9999899754405381;0.9997616103314765;0.9997831073931807;0.9998908377931588;1.0;0.9996860607957333;0.9996745632660193;1.0;1.0;1.0022153988493643;0.9998887825110452;0.9999652351184795;0.9999837390765083;1.0003166592083332;1.024999976158142;
2016-06-23 16:30:00;0.9999751508559013;1.0;1.0;0.9999884106644336;0.9998749547840646;1.0;1.0023094812012214;0.9999919058864529;0.9999017414728734;1.0;1.0;1.0;1.0005610044561088;0.9999908448463527;0.9999926319349096;1.0;0.9999984561763379;0.9998742273217964;1.0007766761766392;0.9999562828163938;0.9999660093105701;0.9999940898650445;0.9999988110120829;1.0021901819543597;1.002357706970029;0.9999588209477711;0.9999949420745275;0.9999980810633835;1.000537607566424;0.999997830503672;0.9997720619246314;0.9997915262120146;0.9998803287159035;1.0;0.9997006714365131;0.9996834936266558;1.0;1.0;1.002142237487771;0.9998779060473705;0.9999614957255248;0.9999825066920515;1.000305478823226;1.024999976158142;
2016-06-23 16:45:00;0.9999654389283441;1.0;1.0;0.9999837960307422;0.9998329999752361;1.0;1.0023373419591546;0.9999901603279772;0.999870342746138;0.9999999999999999;1.0;1.0;1.0005657373282717;0.9999865415276868;0.9999876816787363;1.0;0.9999979949711695;0.9998322893218312;1.0007861122933621;0.9999427333855376;0.999954849303285;0.9999951460205713;0.9999984722240591;1.0022162197428506;1.0023863974491822;0.9999456659587549;0.9999957195504007;0.9999971713785726;1.0005228008326552;0.99995692852444;0.9997484886382841;0.9997751683329958;0.999838614635764;0.9999999999999999;0.9996663236027742;0.9996653028229688;1.0;0.9999999999999999;1.0021677114755911;0.9998355050259311;0.9999492638203383;0.9999779052901467;1.0003068800575055;1.024999976158142;
2016-06-23 17:00:00;0.9999686088653804;1.0;1.0;0.9999851070445702;0.9998365911360788;1.0;1.0022449773177342;0.9999891506474246;0.9998714409627419;1.0;1.0;1.0;1.0005442721581848;0.9999868157694334;0.9999888082152805;1.0;0.9999979682308994;0.9998363063817861;1.0007555242953659;0.9999439866390634;0.9999592029995434;0.9999942289562295;0.9999984823819349;1.0021286191467367;1.0022920448050714;0.9999487783592802;0.9999955333912822;0.9999972349506117;1.0004934582764657;0.999950469784722;0.9997583294945631;0.9997909274134735;0.9998420993199165;1.0;0.9996731131712082;0.9996984589127427;1.0;1.0;1.0020821194712648;0.9998391604710325;0.9999533040567301;0.999977738849481;1.0002953854058076;1.024999976158142;
2016-06-23 17:15:00;0.9999755211275254;1.0;1.0;0.9999882747621225;0.9998792657409362;1.0;1.0021862008348734;0.9999923211705684;0.9999054467040549;0.9999999999999999;1.0;0.9999999999999999;1.000530793506572;0.9999902463086381;0.9999914613035897;1.0;0.9999983768533209;0.9998789319854703;1.0007357106273618;0.9999582382334649;0.9999681364885662;0.9999961222328058;0.999998780149157;1.0020730093931827;1.0022319643288407;0.999960670054254;0.9999968410791906;0.9999979579443802;1.000457437106378;0.9999313253489981;0.9997400378020984;0.9997759262327449;0.9998832899380528;1.0;0.9996864647356856;0.9996772401569671;1.0;1.0;1.002027821051302;0.9998810974253749;0.9999638031740065;0.9999836384979811;1.0002886314243695;1.024999976158142;
2016-06-23 17:30:00;0.9999807797212117;1.0;1.0;0.9999906798580954;0.9999047402271181;1.0;1.0021989049822542;0.9999937307650288;0.9999251097921606;1.0;1.0;1.0;1.0005349202961944;0.9999922666726468;0.9999933603692447;1.0;0.9999986389692134;0.9999045473896742;1.0007400992287956;0.999966880904797;0.99997505988717;0.9999968451361941;0.9999989832405352;1.0020852013122676;1.0022448109254247;0.9999688448287761;0.9999975176533838;0.9999983811617189;1.000444060307105;0.9999035356746273;0.9997240501095856;0.9997657124809335;0.9999078818824071;1.0;0.9996670895056465;0.9996683502497806;1.0;1.0;1.0020397422479415;0.9999061734593054;0.9999715242887217;0.9999869450426849;1.0002913425383766;1.024999976158142;
2016-06-23 17:45:00;0.9999569131028936;1.0;1.0;0.9999808743800257;0.9997703131805419;1.0;1.0022980132467574;0.999986771105373;0.9998226573677285;1.0;1.0;0.9999999999999999;1.0005539911861177;0.9999804311162881;0.999981312126434;0.9999999999999999;0.9999983007837693;0.9997698676331525;1.0007732227133794;0.9999251157479058;0.9999456521173156;0.9999949134438346;0.9999987162277065;1.0021791458884057;1.002345928947624;0.9999339373565737;0.9999958445487883;0.9999958760470293;1.0005421618999863;0.9999943775431085;0.9997774725412928;0.9997944757679612;0.9997768901803228;0.9999999999999999;0.9996849218412963;0.9996831799783876;0.9999999999999999;1.0;1.0021306305948352;0.9997727146158618;0.9999389066564146;0.9999711892795679;1.000298908307735;1.024999976158142;
2016-06-23 18:00:00;0.9999414507235493;1.0;1.0;0.9999743086587677;0.9996471982259556;1.0;1.0023887218467675;0.9999754021315413;0.999721149203874;1.0;1.0;1.0;1.0005746215702886;0.9999727760374113;0.9999785601368069;1.0;0.9999973138734459;0.999646572039421;1.000803818192041;0.9998825996018781;0.9999220040432492;0.9999832663383286;0.9999979760887143;1.0022651282340014;1.0024385457975717;0.9999009017107261;0.999987264178687;0.9999942183485905;1.0006330817220142;1.0000558945065356;0.9998266749544846;0.9998224120340112;0.9996610359531733;1.0;0.9996678663803106;0.9997018417285837;1.0;1.0;1.002214659624827;0.9996544895809862;0.9999099949576172;0.9999517403496814;1.0003095364659846;1.024999976158142;
2016-06-23 18:15:00;0.999971384074683;0.9999999999999999;1.0;0.9999866147744584;0.9998024801608862;1.0;1.002283148024227;0.9999818652152827;0.9998371133322767;1.0;1.0;1.0;1.0005558709636508;0.9999875540561022;0.9999951996074246;1.0;0.9999975253152589;0.9998021356967637;1.000768603453397;0.9999297038291852;0.9999573524195632;0.9999822232210395;0.9999981517231921;1.0021651153411768;1.002330826484483;0.9999412930302412;0.9999868320718772;0.9999973737947863;1.0006069768541357;1.0000372125031138;0.9998338349860294;0.9998295918991689;0.9998137517676896;1.0;0.9996582445169007;0.9997150731095;1.0;1.0;1.0021181983635477;0.9998100044989172;0.9999483433302888;0.999968411461906;1.0003032470254045;1.024999976158142;
2016-06-23 18:30:00;0.9999757389090628;1.0;1.0;0.9999881566716303;0.9998747317625182;1.0;1.0021512636210228;0.9999904457495173;0.9998992576306539;1.0;1.0;1.0;1.0005228425444725;0.9999916672470943;0.9999948911131409;1.0;0.9999979660642048;0.9998740242068932;1.000723758483936;0.9999542520421518;0.9999654359365238;0.999991537675386;0.9999984511417126;1.0020397869207325;1.0021964693378551;0.9999565868577442;0.9999931288675573;0.9999982521859446;1.0005710846522602;1.0000449950450478;0.9998401342118173;0.9998340283155553;0.9998811423324468;1.0;0.9996943465308;0.9997182219310378;0.9999999999999999;1.0;1.001995823356839;0.9998787131886234;0.9999600394980308;0.9999808685800115;1.0002850960002139;1.024999976158142;
2016-06-23 18:45:00;0.9999779636729772;1.0;1.0;0.999989613718396;0.9998878365535496;0.9999999999999999;1.002136784980599;0.9999925164855775;0.9999115526083926;1.0;1.0;1.0;1.0005191240857758;0.9999917092873395;0.9999934370672445;1.0;0.9999985496902016;0.9998872898476486;1.000718943921343;0.9999607184127017;0.9999700160620011;0.9999946798987654;0.9999988926182329;1.0020263186094505;1.0021814327637375;0.999963195122272;0.9999955674032779;0.9999982645686238;1.0005649248013293;1.0000333516236308;0.9998417509429346;0.999838690861377;0.9998925529890805;1.0;0.999680666361426;0.9997300683351125;1.0;1.0;1.001982169043762;0.9998904146364331;0.9999658547609707;0.999984201180065;1.0002827136966443;1.024999976158142;
2016-06-23 19:00:00;0.9999774494214548;1.0;1.0;0.9999893392916445;0.9998746695466864;1.0;1.0021342349190403;0.9999909494432007;0.9999003608951043;1.0;1.0;1.0;1.000518933681413;0.9999902823970914;0.9999925111628588;1.0;0.9999984623100822;0.9998745073891961;1.000718472095877;0.9999568580658726;0.9999701099984533;0.9999941903633739;0.9999988551752889;1.0020239130908202;1.0021787543678644;0.9999615820154603;0.9999956421485408;0.9999979655635274;1.0006340852531288;1.000105714799726;0.9998955829077127;0.9998668776567292;0.9998794335054149;1.0;0.9996951683600998;0.9997428890981296;1.0;1.0;1.001979687821924;0.9998771659686276;0.9999653447636248;0.999982342297286;1.0002823938764933;1.024999976158142;
2016-06-23 19:15:00;0.9999804456129182;1.0;1.0;0.9999901327210161;0.9999038772253898;1.0;1.0021178095022782;0.9999929423842011;0.999923209877779;1.0;1.0;1.0;1.0005155145112037;0.9999926606343001;0.9999945060123518;1.0;0.9999982724016876;0.9999036644810317;1.0007129131081602;0.9999652581327301;0.9999738713998647;0.9999955243249727;0.9999987116444969;1.0020080924359673;1.0021622153608274;0.9999666618063067;0.9999965457954404;0.9999984644841569;1.0006307802521777;1.0000856822521629;0.9998933123271148;0.9998637855155039;0.9999075902634229;1.0;0.9996692005335261;0.9997367964152308;1.0;1.0;1.0019646767247166;0.9999058658062636;0.9999697807207164;0.9999859103804593;1.0002809963496193;1.024999976158142;
2016-06-23 19:30:00;0.9999748571017267;1.0;1.0;0.999987662419861;0.9998688116828348;1.0;1.0021815614892375;0.9999897012911355;0.9998940200726669;1.0;1.0;1.0;1.0005302572381516;0.9999914726010293;0.999995151755712;1.0;0.9999978052633051;0.9998680643142782;1.000733904176924;0.9999517585895535;0.9999638248807488;0.9999905481478575;0.9999983298215384;1.002068464181632;1.0022274531053805;0.9999542846381055;0.9999923729162292;0.9999982110281297;1.0006749887884037;1.0001267722974294;0.9999173089045656;0.9998810861433219;0.9998757786929247;1.0;0.9996791790545279;0.9997582864440974;0.9999999999999999;1.0;1.0020239657162389;0.9998732268761795;0.999958020081556;0.9999796441752796;1.0002892176054412;1.024999976158142;
2016-06-23 19:45:00;0.9999706443195323;1.0;1.0;0.9999860646528865;0.9998520165510383;0.9999999999999999;1.0021852924555883;0.9999901788478288;0.9998833997169287;0.9999999999999999;1.0;1.0;1.0005297700739726;0.9999888228180351;0.9999909651703257;1.0;0.999998031496549;0.9998513794969763;1.000735197412862;0.9999482057554372;0.9999604670878487;0.9999934775123656;0.9999985043133898;1.0020720334221949;1.0022311735592708;0.999951336203778;0.9999946018827685;0.9999976553692581;1.0008254385963102;1.000273585298031;1.000033797895996;0.9999446953361452;0.9998579350648785;0.9999999999999999;0.9996956305724455;0.9997945904101214;1.0;1.0;1.0020270059020793;0.9998551517277227;0.9999549748033636;0.9999792769617822;1.0002879521437926;1.024999976158142;
2016-06-23 20:00:00;0.9999563015828752;1.0;1.0;0.9999801350431536;0.9997626939177907;1.0;1.0022585737257015;0.9999851165006548;0.9998149018420955;1.0;1.0;1.0;1.0005448869857159;0.9999801565985957;0.9999821144943288;1.0;0.9999978461352127;0.9997624183592952;1.000760151203426;0.9999213832979122;0.9999444065239403;0.9999932133132775;0.9999983930237111;1.0021414981241124;1.0023058481309308;0.9999307204467162;0.9999948112896744;0.999995824755464;1.0009471622983719;1.0003683388301707;1.0001061654824128;0.999980110480345;0.9997699257419032;0.9999999999999999;0.9996873616984748;0.9998048791533468;1.0;1.0;1.0020941476584084;0.9997656678744156;0.999936737592021;0.9999691149344128;1.0002941126330913;1.024999976158142;
2016-06-23 20:15:00;0.9999316636960028;1.0;1.0;0.9999693350074823;0.9996419423976464;1.0;1.0022961931078995;0.9999796802423981;0.99972403525194;0.9999999999999999;0.9999999999999999;0.9999999999999999;1.0005487806364939;0.9999685680277084;0.9999693691665638;0.9999999999999999;0.9999972106296521;0.9996415367155574;1.0007728160358387;0.9998834336071803;0.9999152343505987;0.9999940137535254;0.9999979154324051;1.0021767477499322;1.0023444830532844;0.9998966633380783;0.9999952366215054;0.9999933268280481;1.0009787147672053;1.0003955537965483;1.0001378440152688;1.0000139145694906;0.9996510463712794;1.0;0.9996780566414931;0.9998626467078255;1.0;0.9999999999999999;1.002128009515432;0.9996446707338826;0.9999047791450955;0.9999555974710833;1.0002932002816118;1.024999976158142;
2016-06-23 20:30:00;0.9999298148899651;1.0;1.0;0.9999682592417165;0.999630884031405;0.9999999999999999;1.0022859029143376;0.9999786224829471;0.9997149009753975;1.0;1.0;1.0;1.0005462356817327;0.9999674617483537;0.9999685423446301;1.0;0.9999969553972013;0.9996306498758264;1.000769528684612;0.9998795472056794;0.9999132390405272;0.9999937749784813;0.9999977393253093;1.002166832402584;1.0023340718846843;0.9998933581355876;0.999995255388003;0.9999930924270705;1.0009324106147386;1.0003605189807994;1.0001123542680397;1.0000076097417887;0.9996400927026087;1.0;0.999680883719943;0.9998773489594323;1.0;1.0;1.0021183985335884;0.9996335843783744;0.9999022168400343;0.9999539685830278;1.0002916103849202;1.024999976158142;
2016-06-23 20:45:00;0.999947122790658;1.0;1.0;0.9999754132245378;0.9997386985667375;1.0;1.0021562551829277;0.9999854393400083;0.9997989018396191;1.0;1.0;1.0;1.0005178276249966;0.999976539250003;0.9999766676344866;1.0;0.9999973421978493;0.9997384858575239;1.0007259300346527;0.9999137279967113;0.9999350594905695;0.9999971596069132;0.9999980259596912;1.0020439043696356;1.0022017997413606;0.9999208019024306;0.9999977177954468;0.9999950477400639;1.0008812446512156;1.0003437033842517;1.0001057044177484;1.0000052275474451;0.9997445680273466;1.0;0.99970280792186;0.9998783810930657;0.9999999999999999;1.0;1.0019988427365007;0.9997400085604509;0.9999271265351284;0.9999676308817723;1.0002780036159182;1.024999976158142;
2016-06-23 21:00:00;0.9999527021743622;1.0;1.0;0.9999784553022247;0.99975661357674;1.0;1.0020983821630893;0.9999856451527733;0.9998113457325327;1.0;1.0;1.0;1.0005047370589772;0.9999797318732524;0.9999811277494777;1.0;0.9999977143138112;0.9997559674131377;1.0007061109157476;0.999918874398939;0.9999394150243271;0.9999937274136552;0.9999982698605798;1.001989433237744;1.0021425037096394;0.9999263657578891;0.9999947688799701;0.9999957255414867;1.000921047491798;1.0004044393688292;1.000150203362285;1.0000279231351403;0.9997640993086496;1.0;0.9997308469846681;0.9998869166615338;1.0;1.0;1.0019455540854285;0.9997596470510364;0.999931777265653;0.9999686424651658;1.0002719040560302;1.024999976158142;
2016-06-23 21:15:00;0.9999586931011801;0.9999999999999999;1.0;0.9999811295605326;0.9997904925511417;1.0;1.0020956461249677;0.9999874982144374;0.9998372110979231;1.0;1.0;1.0;1.000505124917571;0.9999833177820575;0.99998495517367;1.0;0.9999978872606554;0.9997896150693428;1.000704928396103;0.9999291242000832;0.9999457449434739;0.9999932003302539;0.9999983811268245;1.0019869506089227;1.002139695074825;0.9999346146192026;0.9999941341210162;0.9999964907168072;1.000821920616124;1.0003036607996219;1.0000752951262624;0.9999891862531246;0.9997978516024303;1.0;0.9997129655585475;0.9998705717620214;1.0;1.0;1.0019433539916434;0.9997939138147016;0.9999389596928235;0.9999723777090865;1.000273028876105;1.024999976158142;
2016-06-23 21:30:00;0.9999697811670214;1.0;1.0;0.9999854147058935;0.9998203128731963;0.9999999999999999;1.00204655781163;0.9999848858566187;0.9998537676457478;0.9999999999999999;1.0;1.0;1.0004972762169213;0.9999877911350804;0.9999933446215861;1.0;0.9999974141166028;0.9998199071187197;1.000689149366338;0.9999356945649966;0.9999570521817194;0.999986824127034;0.9999980654559942;1.0019403910167188;1.0020896077101626;0.9999430922915027;0.9999900730717174;0.9999974239490452;1.0008175775608228;1.000305551609787;1.0000877518381717;1.0000004256654031;0.9998293579355739;1.0;0.9997106705634966;0.999887441643286;1.0;0.9999999999999999;1.001898642222326;0.9998259998739997;0.9999491308315667;0.9999722354006008;1.0002707347407123;1.024999976158142;
2016-06-23 21:45:00;0.999970568991346;1.0;1.0;0.9999863239710857;0.9998329077758841;0.9999999999999999;1.0020111990942224;0.9999881113043998;0.9998674804891317;1.0;1.0;1.0;1.0004877437609403;0.9999869158737137;0.9999897085272762;1.0;0.9999981672684086;0.9998327241233305;1.000677236564022;0.9999431748143158;0.9999612067938869;0.9999925373056765;0.9999986361870538;1.0019071110615825;1.0020532330901508;0.9999501836329872;0.9999944288933296;0.9999972553527943;1.0008207399533573;1.0003231120754534;1.0000971016217401;1.0000030481771274;0.9998391167969072;1.0;0.9997282372907236;0.9998826194991957;1.0;1.0;1.0018653621487443;0.9998360950600039;0.9999550674577372;0.9999767842563325;1.000264650685357;1.024999976158142;
2016-06-23 22:00:00;0.9999695259846759;1.0;1.0;0.9999857068997752;0.9998416445604589;1.0;1.001992515727177;0.9999897855916581;0.9998758623097862;1.0;1.0;1.0;1.0004825336369352;0.9999872394999413;0.9999889518244992;1.0;0.9999981538446373;0.9998412893481231;1.0006707070141208;0.9999460481770464;0.9999603640274914;0.9999946071641738;0.9999986142610717;1.0018892534524022;1.0020342953841324;0.9999507101861593;0.9999957273843486;0.9999973291286938;1.0008222053704523;1.0003248071474096;1.0001018544263456;1.0000050283044883;0.9998469854887073;1.0;0.9997263016009569;0.9998822111160729;1.0;0.9999999999999999;1.0018479629625936;0.999844111297321;0.9999548254457838;0.9999786748884165;1.0002616186181814;1.024999976158142;
2016-06-23 22:15:00;0.9999757874341387;1.0;1.0;0.9999887364793222;0.9998643138822129;1.0;1.0020205591671123;0.9999905536663143;0.999892728358028;0.9999999999999999;1.0;1.0;1.0004907415010496;0.9999891808271318;0.9999912039840334;1.0;0.9999985201543031;0.9998641915433893;1.0006803647428806;0.9999540505034209;0.9999684154167807;0.9999944762933481;0.9999989006041978;1.0019161218239192;1.002062681950878;0.9999595847115172;0.9999958919480434;0.9999977349901162;1.0008535866344392;1.0003507087968528;1.000122940718082;1.0000199176609226;0.9998691019910025;1.0;0.9997255354787474;0.9998998110611169;1.0;1.0;1.001874129950343;0.9998666640550673;0.9999635189676918;0.999981385934853;1.0002666475760307;1.024999976158142;
2016-06-23 22:30:00;0.9999768307314548;1.0;1.0;0.9999886583120673;0.9998891521282115;1.0;1.0019827679346436;0.999992543434055;0.9999124166451364;1.0;1.0;1.0;1.0004815716887867;0.9999916858485145;0.9999933892159427;1.0;0.9999982242099898;0.9998886360679549;1.0006673764168639;0.9999602974837756;0.9999687129157762;0.9999950693939695;0.9999986548508466;1.0018799945375043;1.0020244319027434;0.9999614732109146;0.9999958815574939;0.9999982566694906;1.000849653224947;1.0003635575504244;1.0001245650904262;1.0000154141355126;0.9998936246417442;0.9999999999999999;0.9997467434289229;0.9998833520456545;1.0;0.9999999999999999;1.0018393773493208;0.9998915483794778;0.9999643498447872;0.9999841593819895;1.0002621512764505;1.024999976158142;
2016-06-23 22:45:00;0.999967734672943;1.0;1.0;0.9999843344966951;0.9998429566823209;1.0;1.0020991805603745;0.9999890837385145;0.9998753091075125;1.0;0.9999999999999999;1.0;1.0005084621361204;0.9999889238270775;0.9999919225827297;1.0;0.9999975161926865;0.9998420086934822;1.0007061668850392;0.9999432072850579;0.999955183801232;0.9999914118529458;0.9999981026702205;1.0019900760667093;1.002143573296661;0.9999450005260259;0.999992770796203;0.9999976674859342;1.0009031856181327;1.0003875368245434;1.0001382596478803;1.0000235703254936;0.9998501965660451;1.0;0.9997299417585637;0.9998913435271586;1.0;1.0;1.001947353305209;0.999847164295796;0.9999488579807986;0.9999769604907565;1.0002765165171;1.024999976158142;
2016-06-23 23:00:00;0.9999675386946906;1.0;1.0;0.9999838719287518;0.9998287164692299;1.0;1.002039030230747;0.9999866089304674;0.9998619774688254;1.0;1.0;1.0;1.0004947301259786;0.9999876420486787;0.9999918779885331;1.0;0.9999971485275534;0.9998282800668156;1.0006865602456456;0.9999381059481504;0.9999553655187284;0.9999898533827357;0.9999978675319474;1.0019328883130694;1.0020822134656682;0.9999423211585832;0.9999922179592095;0.9999973941125191;1.0008736417187911;1.0003761523164372;1.000138418414168;1.0000321114072968;0.999836328638866;1.0;0.9997361308840018;0.9999154228094056;1.0;1.0;1.0018915686903904;0.9998331868890766;0.9999479165201508;0.9999741860120621;1.0002689917377885;1.024999976158142;
2016-06-23 23:15:00;0.999961273274519;1.0;1.0;0.9999811157696606;0.9997896150794633;1.0;1.0020124304794513;0.9999838185014657;0.9998310327892929;0.9999999999999999;1.0;1.0;1.0004872663235198;0.9999845207082398;0.9999894001114831;1.0;0.9999968576899781;0.9997891802576495;1.0006776726337583;0.9999252295364308;0.9999472041250065;0.9999881256257234;0.9999976532601322;1.0019075670316508;1.002055112991653;0.9999317036332477;0.9999909765271333;0.9999967309215548;1.000882443302322;1.0003956221015997;1.0001421399062316;1.0000237210094638;0.9997986348024057;1.0;0.9997548211125498;0.9998841157241387;0.9999999999999999;1.0;1.0018666978062079;0.9997947899947404;0.9999384202461297;0.9999688788882336;1.0002643158211462;1.024999976158142;
2016-06-23 23:30:00;0.9999720297149428;1.0;1.0;0.9999869444752382;0.9998314908940331;1.0;1.001945168780033;0.9999868268462638;0.9998645508832974;1.0;1.0;1.0;1.0004723797765447;0.9999876630364715;0.999991728875111;0.9999999999999999;0.9999980383672216;0.9998312766014823;1.0006551150539342;0.9999417503926963;0.999961740614076;0.9999899271196117;0.9999985390258586;1.0018445301933632;1.001985826948338;0.9999497023114671;0.9999925176810238;0.9999974096957712;1.0008385807077318;1.0003592752380341;1.0001346143201657;1.0000308817560144;0.9998388619487617;0.9999999999999999;0.9997418270309696;0.9999156551288247;0.9999999999999999;1.0;1.0018043235960412;0.9998357688244769;0.9999550249633223;0.9999753839249008;1.0002567242379237;1.024999976158142;
2016-06-23 23:45:00;0.9999737747896683;0.9999999999999999;1.0;0.9999879974224349;0.9998334967381406;0.9999999999999999;1.0019375392491099;0.9999865286118492;0.999865500947745;1.0;0.9999999999999999;1.0;1.0004708912701081;0.9999883085722944;0.9999928832545073;1.0;0.9999982126924735;0.9998332135483143;1.0006525348505189;0.999942455712659;0.99996322117794;0.9999886485324792;0.9999986626919963;1.0018374863648405;1.0019779053818099;0.9999513033940567;0.9999915214365172;0.9999975418987506;1.0008581092481412;1.0003919550067133;1.0001455866680922;1.0000293703620207;0.9998414624502953;1.0;0.9997673195232888;0.9998962080118773;1.0;0.9999999999999999;1.0017973472163872;0.9998383478776882;0.999956512019088;0.9999752495183063;1.0002561853244842;1.024999976158142;
2016-06-24 00:00:00;0.9999753360071341;1.0;1.0;0.9999884122652458;0.999861968602173;1.0;1.0019112940398347;0.9999898252833146;0.9998898493075732;1.0;1.0;1.0;1.0004642209428347;0.9999898582751082;0.9999927178766325;1.0;0.9999982983420279;0.9998615950399863;1.0006435204864426;0.9999519674588097;0.999966337928613;0.9999924213049349;0.9999987194878083;1.0018124338584806;1.0019512626967173;0.9999570265576825;0.9999941349793782;0.9999978750569798;1.0008613873034062;1.0004005808522172;1.0001538336504245;1.0000331844019432;0.999867914955777;0.9999999999999999;0.9997721609879069;0.9998967271896834;1.0;1.0;1.0017729753330382;0.9998653432878813;0.9999609699109184;0.9999800965756812;1.0002524955374354;1.024999976158142;
