;('LV4.101 Bus 1', 'L1');('LV4.101 Bus 10', 'L1');('LV4.101 Bus 11', 'L1');('LV4.101 Bus 12', 'L1');('LV4.101 Bus 13', 'L1');('LV4.101 Bus 14', 'L1');('LV4.101 Bus 15', 'L1');('LV4.101 Bus 16', 'L1');('LV4.101 Bus 17', 'L1');('LV4.101 Bus 18', 'L1');('LV4.101 Bus 19', 'L1');('LV4.101 Bus 2', 'L1');('LV4.101 Bus 20', 'L1');('LV4.101 Bus 21', 'L1');('LV4.101 Bus 22', 'L1');('LV4.101 Bus 23', 'L1');('LV4.101 Bus 24', 'L1');('LV4.101 Bus 25', 'L1');('LV4.101 Bus 26', 'L1');('LV4.101 Bus 28', 'L1');('LV4.101 Bus 29', 'L1');('LV4.101 Bus 3', 'L1');('LV4.101 Bus 30', 'L1');('LV4.101 Bus 31', 'L1');('LV4.101 Bus 32', 'L1');('LV4.101 Bus 33', 'L1');('LV4.101 Bus 34', 'L1');('LV4.101 Bus 35', 'L1');('LV4.101 Bus 36', 'L1');('LV4.101 Bus 37', 'L1');('LV4.101 Bus 38', 'L1');('LV4.101 Bus 39', 'L1');('LV4.101 Bus 4', 'L1');('LV4.101 Bus 40', 'L1');('LV4.101 Bus 41', 'L1');('LV4.101 Bus 42', 'L1');('LV4.101 Bus 43', 'L1');('LV4.101 Bus 44', 'L1');('LV4.101 Bus 5', 'L1');('LV4.101 Bus 6', 'L1');('LV4.101 Bus 7', 'L1');('LV4.101 Bus 8', 'L1');('LV4.101 Bus 9', 'L1');('MV1.101 Bus 52', 'L1');('metainfo', 'in the first', 'few indices')
2016-01-22 00:00:00;0.9999938482238392;0.9998594188720478;0.9999322982914214;1.0;0.9999721031200476;0.9999944084682262;1.0002601663842998;0.9999908473217428;1.0;0.999990001655336;0.9999060570791882;0.9999888433597907;1.0;0.9999889820078646;1.0;0.9999999999999999;1.0;0.9999699399864513;0.9999914427824667;0.9999769663444453;0.9999903664405368;0.9998737843991045;0.9999998483147682;1.0002420697988599;1.0002680928810048;1.0;0.9998804446731739;0.9999920725049188;0.9998818119946284;1.0;0.9999999999999999;0.9996875017119703;0.9999809019993997;0.9992269935073129;0.9990902977217249;0.9995853069252357;0.9995620772312439;0.9995529416662134;1.0;0.9999779232784806;0.9999937667732892;0.9999466041685354;0.9999939607268762;1.024999976158142;simulation#3167
2016-01-22 00:15:00;0.9999926413853656;0.9998298092656681;0.9999180930276506;0.9999999999999999;0.9999645402339782;0.9999924363279117;1.0002587923739967;0.9999874072247125;1.0;0.9999877154181179;0.9998874895817559;0.9999887984136298;1.0;0.9999858721249317;0.9999999999999999;1.0;1.0;0.9999618502826494;0.999989461170719;0.9999718153316082;0.9999881679319751;0.9998459076065676;0.9999998113746772;1.000241087674814;1.0002665455628132;1.0;0.9998545965786875;0.999989779159322;0.9998992741556749;0.9999999999999999;1.0;0.9996882041331548;0.9999762995405205;0.999234573930309;0.9990841887882448;0.9995822486313765;0.9995593234443825;0.9995501879045203;1.0;0.9999724311755555;0.999992316966982;0.9999346648252806;0.9999938196070524;1.024999976158142;comment data format: active and reactive powers in Watts
2016-01-22 00:30:00;0.9999937807955344;0.9998453405921087;0.9999264528760803;1.0;0.9999700458201929;0.9999936627588916;1.0002554571514513;0.9999893841965056;1.0;0.9999890816456979;0.9998991749110441;0.9999885656266595;1.0;0.9999871338469006;1.0;1.0;1.0;0.9999681999254193;0.9999911818194126;0.9999749150259274;0.9999912201332462;0.9998633205624394;0.9999998705590423;1.000237812153373;1.0002630777730006;1.0;0.999871338613677;0.9999910552144469;0.9999088949806597;1.0;1.0;0.999703214045809;0.9999788161605218;0.9992712888434587;0.9991095758495687;0.9996024485119787;0.9995795228617051;0.9995703871372291;1.0;0.999975715164584;0.9999944247553629;0.9999418463387947;0.9999935868189131;1.024999976158142;step time in minutes: 15
2016-01-22 00:45:00;0.9999933787663776;0.9998227432668808;0.9999141101855235;1.0;0.9999659862179799;0.9999923367491762;1.000259405465749;0.9999869933334246;1.0;0.9999879418727089;0.9998823166684057;0.9999884638501199;1.0;0.9999852173595115;1.0;1.0;1.0;0.9999639504027058;0.9999902611215251;0.9999704987313245;0.9999904462044034;0.9998410798406644;0.9999998572408875;1.000241369547124;1.0002672765842133;1.0;0.9998503981668566;0.9999896528932654;0.999890934196229;1.0;1.0;0.9997012582316956;0.9999764942384323;0.9992707296566358;0.9991108597724897;0.999596931477879;0.9995730178176998;0.999562707542313;1.0;0.9999728930434681;0.9999939098231765;0.9999316090587959;0.999993511857957;1.024999976158142;start time of simulation: 2016-01-22 00:00:00+00:00
2016-01-22 01:00:00;0.9999938942826445;0.9998536867288214;0.9999289012281073;1.0;0.9999709813689905;0.999993911838863;1.0002507644770051;0.9999898986104443;1.0;0.9999898262603862;0.9999015861867682;0.9999887630245937;0.9999999999999999;0.9999884052499056;1.0;1.0;1.0;0.9999687967654125;0.9999913138667718;0.9999756778178118;0.9999903379898791;0.999867619938853;0.9999998468093724;1.0002333094753466;1.0002584362773532;1.0;0.9998747318635621;0.9999916488236952;0.9999024399153666;0.9999999999999999;0.9999999999999999;0.9997492286683498;0.9999804041073639;0.9994082889888638;0.999271484821686;0.9996476795761411;0.9996239170100368;0.9996143998815255;1.0;0.9999772676048674;0.9999937368220188;0.9999436126151016;0.9999939555885051;1.024999976158142;end time of simulation: 2016-02-05 00:00:00+00:00
2016-01-22 01:15:00;0.9999957533336993;0.999842736134212;0.9999188612914265;1.0;0.9999698218604279;0.999991546546496;1.0002467681097953;0.9999850903412248;1.0;0.9999906782483108;0.999889484490183;0.999989978466167;0.9999999999999999;0.9999864836876079;1.0;1.0;0.9999999999999999;0.9999681735032009;0.9999923903119412;0.9999713235612044;0.999992903752946;0.9998510335238848;0.9999998844104592;1.0002296225120013;1.000254184511594;1.0;0.9998599998933475;0.9999902396087152;0.9999023222090079;1.0;1.0;0.9997717082525676;0.9999812685945455;0.9994810199474765;0.9993651383258326;0.9996658146064678;0.9996432174593776;0.9996340811527606;1.0;0.9999777719300029;0.9999953598345371;0.9999335248276872;0.999994895438705;1.024999976158142;"[""terminal(s) with malfunction: ['LV4.101 Bus 16']"", 'type of malfunction: EVSE without P(U) control']"
2016-01-22 01:30:00;0.9999957396716295;0.9999087878851712;0.9999559104093337;1.0;0.9999810072305872;0.99999628254722;1.0002439352444668;0.9999939593940016;1.0;0.9999934072661587;0.9999386356716642;0.9999896588937125;0.9999999999999999;0.9999929617246224;1.0;1.0;1.0;0.999979340510197;0.9999941246688245;0.9999849613513724;0.9999928563242056;0.9999170840566549;0.9999998831242455;1.0002271637468763;1.0002511272142762;1.0;0.9999212855574401;0.9999948104549873;0.9998900059995068;1.0;1.0;0.9997691155515104;0.9999873912754922;0.9994698309134967;0.9993545798614344;0.9996656355813274;0.9996424886351559;0.9996333523352;1.0;0.999985306870596;0.9999953280132965;0.9999651291195677;0.9999947494488467;1.024999976158142;terminals with PVs: ['LV4.101 Bus 5', 'LV4.101 Bus 17', 'LV4.101 Bus 38', 'LV4.101 Bus 22', 'LV4.101 Bus 20', 'LV4.101 Bus 23', 'LV4.101 Bus 24', 'LV4.101 Bus 12', 'LV4.101 Bus 37', 'LV4.101 Bus 33']
2016-01-22 01:45:00;0.9999956192182956;0.9999159771776762;0.9999589791202177;1.0;0.9999823280234027;0.9999969455694382;1.0002421274515172;0.9999952643111412;0.9999999999999999;0.9999938828516922;0.9999418135871131;0.9999896654649396;1.0;0.999994219739901;1.0;1.0;1.0;0.9999804360336421;0.9999942010447068;0.9999861504190948;0.9999921578941016;0.9999227564873008;0.9999998673290647;1.0002253004738555;1.0002494663228998;1.0;0.9999260075457417;0.999995546401213;0.9999013424889949;1.0;1.0;0.9997695284889896;0.9999885184614402;0.9994690188211864;0.9993487052393126;0.9996674360191978;0.9996442834988836;0.9996355598637341;1.0;0.9999865434762132;0.9999948194693287;0.9999678846599763;0.999994858033537;1.024999976158142;terminals with EVSE: ['LV4.101 Bus 16', 'LV4.101 Bus 5', 'LV4.101 Bus 4', 'LV4.101 Bus 38', 'LV4.101 Bus 22', 'LV4.101 Bus 43', 'LV4.101 Bus 7', 'LV4.101 Bus 44', 'LV4.101 Bus 31', 'LV4.101 Bus 42']
2016-01-22 02:00:00;0.9999947498338985;0.9999097181231088;0.9999574916546253;1.0;0.9999802195548985;0.9999969290161904;1.0002315593144109;0.9999954067492423;1.0;0.999992881789841;0.9999398044714928;0.9999893618163096;1.0;0.9999936367324349;1.0;1.0;1.0;0.9999780595596539;0.9999932962650439;0.999985789393399;0.9999908949143383;0.9999188805934;0.9999998485370152;1.0002155807288444;1.0002385582110582;1.0;0.999922358179478;0.9999951473574391;0.9998989394750838;0.9999999999999999;1.0;0.9998314102777135;0.9999867287804685;0.999659082853263;0.9996175127134924;0.9997242884700958;0.9997008171747384;0.9996916803416849;1.0;0.9999845775575871;0.9999940162126731;0.9999670480279332;0.9999945543833303;1.024999976158142;
2016-01-22 02:15:00;0.9999961650698216;0.9999194767277492;0.9999610080146513;1.0;0.9999835858459646;0.9999969422806487;1.0002331348308053;0.999995108223925;1.0;0.9999942171343912;0.9999453418570468;0.9999893930278418;1.0;0.9999940508645446;1.0;1.0;1.0;0.9999820860159687;0.9999948075633949;0.9999867889950836;0.9999935821954569;0.9999269776417735;0.999999894826431;1.0002170110461053;1.000240067650941;1.0;0.9999304695745271;0.9999956004535928;0.9998874923312069;1.0;1.0;0.9998358784538653;0.9999890142026702;0.9996626930612829;0.9996135401139171;0.9997352996460994;0.9997115166269743;0.9997023796961325;1.0;0.9999872252260258;0.9999958007707433;0.9999693657782367;0.9999946839814791;1.024999976158142;
2016-01-22 02:30:00;0.9999959347792848;0.9999196295527932;0.9999604043043543;1.0;0.999983889061171;0.9999972873631799;1.0002307755462467;0.999995827631828;1.0;0.9999943586796725;0.9999434912698355;0.9999894117469859;0.9999999999999999;0.9999947391739326;1.0;1.0;1.0;0.9999821610419737;0.9999946690900966;0.9999867004142362;0.9999927973200994;0.9999261924627283;0.9999998788259634;1.0002145717065452;1.0002378922458888;1.0;0.9999291319488434;0.9999959620059719;0.9999005354566577;1.0;1.0;0.9998332978317166;0.9999894309002484;0.9996625994069059;0.9996156194281554;0.9997275799570498;0.999702399795598;0.9996916754807094;1.0;0.9999876449136248;0.9999952502972378;0.9999691581887676;0.9999947585463239;1.024999976158142;
2016-01-22 02:45:00;0.9999958815369877;0.9999078776895244;0.9999570242109613;0.9999999999999999;0.999982443665279;0.9999967930505208;1.0002310480914942;0.9999948107993536;1.0;0.9999932979011565;0.9999404838064135;0.9999888472017172;1.0;0.9999927508662805;1.0;1.0;1.0;0.9999812472120134;0.9999945292651297;0.9999855951084741;0.9999942811657466;0.9999201500753108;0.9999999160979989;1.0002150779421801;1.0002378493197452;1.0;0.9999245317952392;0.9999950065124537;0.9998919641352392;1.0;1.0;0.9998405253149415;0.9999871220410556;0.9996821377697824;0.9996398173763934;0.9997360363101385;0.9997117343207297;0.9997018036457305;1.0;0.9999853703187926;0.9999963758969647;0.9999665958587479;0.9999941091230159;1.024999976158142;
2016-01-22 03:00:00;0.9999964526902965;0.9998517988729725;0.9999238466424477;1.0;0.9999727689794145;0.9999921114928363;1.0002353350464115;0.9999859445931212;0.9999999999999999;0.9999914263760319;0.9998967605899405;0.9999891084426871;1.0;0.9999870088339274;1.0;0.9999999999999999;1.0;0.9999716385509599;0.9999933906660226;0.9999731123129514;0.9999947653258586;0.999861179197655;0.9999999207267052;1.0002189555087795;1.0002423374018579;1.0;0.9998699149629168;0.9999908499433792;0.9998936804084007;1.0;1.0;0.9998407139128779;0.9999825930545796;0.9996827294109097;0.9996400942402695;0.9997362008306302;0.9997120400746522;0.9997025221071468;0.9999999999999999;0.9999795094483348;0.9999966482103789;0.9999376687731801;0.9999944262108598;1.024999976158142;
2016-01-22 03:15:00;0.9999975641972992;0.9999254045484776;0.9999637844405331;1.0;0.9999861860281674;0.9999966622946468;1.0002281439658975;0.9999942102374357;1.0;0.9999951005118425;0.9999508077040931;0.9999895451398715;0.9999999999999999;0.9999935397120647;1.0;0.9999999999999999;1.0;0.9999855688017117;0.9999962583573915;0.9999875096517288;0.9999968686716599;0.9999334818941784;0.9999999567121299;1.0002125197091176;1.0002346186133955;1.0;0.99993766224899;0.9999955891817035;0.9999047562261365;1.0;0.9999999999999999;0.9998376948216205;0.999990282511487;0.9996733754462381;0.9996307406745323;0.9997334828497516;0.9997100959588175;0.99970095904096;1.0;0.9999888433416286;0.9999980468494876;0.9999710359194423;0.9999947108917245;1.024999976158142;
2016-01-22 03:30:00;0.9999978744569583;0.99994171916881;0.9999715544689376;1.0;0.9999900282847696;0.9999979634993359;1.0002289021994533;0.9999966002209764;1.0;0.999996269868695;0.9999603448832348;0.9999897579913928;1.0;0.999995646339535;1.0;1.0;0.9999999999999999;0.9999894508778817;0.9999970436384483;0.9999904142177453;0.9999971613864023;0.9999484260221394;0.9999999595039;1.0002129819996248;1.0002355921290127;1.0;0.9999511326224276;0.9999970234097112;0.9998791234666307;1.0;1.0;0.9998533653530977;0.9999927531373984;0.9997204133686468;0.9996870980167891;0.9997486251267255;0.9997253000310232;0.9997161629742068;0.9999999999999999;0.9999917478302922;0.999998215125715;0.9999777671005827;0.9999949043926403;1.024999976158142;
2016-01-22 03:45:00;0.999997099973668;0.9999155230507711;0.9999578573333615;1.0;0.9999846878331964;0.9999964873607919;1.0002312788740484;0.9999940189389861;1.0;0.9999946992789295;0.9999415936254151;0.9999893130314585;1.0;0.9999934416067423;1.0;1.0;1.0;0.9999837349902165;0.9999956620956507;0.9999855435509761;0.9999956575761975;0.9999230265453162;0.9999999331792526;1.0002151383874527;1.0002381628232593;1.0;0.999927182759353;0.9999953654650615;0.9998857613761897;1.0;0.9999999999999999;0.9998445993875723;0.9999896194300105;0.9997063474367988;0.9996767795015552;0.9997317910103499;0.9997044171545628;0.9996908027794005;1.0;0.9999879703273122;0.9999972098991335;0.9999664782974657;0.9999946501524882;1.024999976158142;
2016-01-22 04:00:00;0.9999972219001585;0.999885847237938;0.9999422273939698;1.0;0.9999796263784739;0.9999942458096761;1.0002352233742016;0.9999897564475142;1.0;0.9999932920675209;0.9999217405314615;0.999988873835344;1.0;0.9999899904637143;1.0;1.0;1.0;0.9999789171847796;0.9999950061230224;0.9999797437142948;0.9999964075396042;0.9998950120518556;0.9999999502631586;1.0002189231547371;1.0002420731778134;1.0;0.9999017300622036;0.999993093251321;0.9998835595988903;1.0;1.0;0.9998319635889079;0.9999864059145015;0.9996697676761993;0.9996260690275178;0.9997186601341483;0.9996843518469772;0.9996622371787582;1.0;0.9999841804652619;0.9999977556878688;0.9999530384275167;0.9999943361568457;1.024999976158142;
2016-01-22 04:15:00;0.9999974504205048;0.9999271337853015;0.999965718462311;1.0;0.9999869795733374;0.9999971351944246;1.0002349524602356;0.9999950903710606;1.0;0.9999950362496749;0.9999534022462719;0.9999888894682195;1.0;0.9999937458903116;1.0;1.0;1.0;0.9999864833713072;0.9999963409016094;0.9999883589181164;0.9999971490872287;0.9999371652353267;0.9999999651979261;1.0002188447647333;1.0002416046816374;0.9999999999999999;0.9999411742981001;0.999995863539955;0.9998758837337769;1.0;1.0;0.999808231752616;0.9999902005197777;0.9996125034986465;0.9995466598739899;0.9996861866095922;0.9996522127445484;0.999630246291881;1.0;0.9999889364499306;0.9999982774113833;0.9999730027765927;0.9999942824324716;1.024999976158142;
2016-01-22 04:30:00;0.999995863558428;0.9998721836675983;0.999937539757995;1.0;0.9999759125596606;0.999994037186463;1.0002380169236649;0.9999896497341068;1.0;0.9999916214903769;0.9999152140878547;0.9999884638445533;1.0;0.9999888578369936;1.0;1.0;0.9999999999999999;0.9999747713871628;0.9999935071211292;0.9999783486184362;0.9999944049817228;0.9998849598979057;0.9999999199736471;1.0002216471490057;1.0002449354362004;0.9999999999999999;0.9998921881209724;0.9999922962126759;0.9998976095249625;1.0;1.0;0.9998074548519085;0.9999834105272921;0.9996044158031719;0.9995413607840452;0.9996893670748903;0.999655787286068;0.9996345090187212;1.0;0.9999808526722267;0.9999964751606871;0.9999498073653003;0.9999938993477955;1.024999976158142;
2016-01-22 04:45:00;0.9999954039798628;0.9998127256013286;0.9999068912546949;1.0;0.99996672519154;0.9999906361812658;1.0002421240638935;0.9999833206954085;1.0;0.9999886069296866;0.9998747125970711;0.999988889237548;0.9999999999999999;0.9999830170785103;1.0;0.9999999999999999;1.0;0.9999658352509146;0.9999918248628626;0.9999674189542958;0.9999948433412161;0.9998306314719747;0.9999999375880945;1.000225301027117;1.000249246041777;1.0;0.9998420204992654;0.9999884795427225;0.9998940750237545;1.0;0.9999999999999999;0.9998179828562153;0.9999770163265416;0.9996319422185868;0.999572885610853;0.9997023228642216;0.9996701984067108;0.9996483913203374;0.9999999999999999;0.999973492828468;0.9999968818144207;0.999924481715551;0.9999937368481604;1.024999976158142;
2016-01-22 05:00:00;0.9999956147636013;0.9998406712811121;0.999923944900776;1.0;0.9999731981156958;0.9999932221232464;1.000239164489467;0.9999880302898325;1.0;0.9999898086247766;0.9998976128516118;0.9999872177699088;1.0;0.9999857138538873;1.0;1.0;0.9999999999999999;0.9999727815630469;0.9999930788494883;0.9999739185860487;0.9999963210501085;0.9998622649213057;0.999999970781046;1.0002225116419885;1.0002461303687387;1.0;0.9998717277117926;0.9999907276327733;0.9998960824401817;1.0;0.9999999999999999;0.9998066138039965;0.9999795819020525;0.99961440475335;0.9995537614912529;0.9996800082984107;0.9996450505635254;0.9996222905985683;1.0;0.9999770163794464;0.9999979604158258;0.9999395352665634;0.9999927284635;1.024999976158142;
2016-01-22 05:15:00;0.9999908552643147;0.9997594990641192;0.9998933586040649;1.0;0.9999586358645927;0.9999919265902778;1.0002447257331892;0.9999864272455656;1.0;0.9999822131960422;0.9998563647801132;0.9999832645545643;1.0;0.9999785071088134;1.0;1.0;1.0;0.9999577658436951;0.9999877753382822;0.9999645383619133;0.9999923183143365;0.9998044997126804;0.9999999389819412;1.000227749855186;1.0002518954855022;1.0;0.9998180961628419;0.9999864935701166;0.9999080351406439;1.0;1.0;0.9997982076573383;0.9999653820372082;0.9996018820469148;0.9995467826134602;0.9996632039808153;0.9996178578529562;0.999583837095555;0.9999999999999999;0.999961865259105;0.9999957420607384;0.9999178015428051;0.9999893204731989;1.024999976158142;
2016-01-22 05:30:00;0.9999914991204937;0.9997553256532402;0.9998891328608323;1.0;0.9999572243127798;0.9999905907237495;1.0002510620230438;0.9999838683766739;1.0;0.9999823541329002;0.9998514860811909;0.9999831610515894;1.0;0.9999774889145095;1.0;1.0;1.0;0.9999564032858462;0.9999878936585689;0.9999625735764094;0.9999928067531441;0.9997967803914991;0.9999999424175295;1.0002338145703755;1.0002582625217025;1.0;0.9998112286766844;0.9999856062847017;0.9998919500093341;1.0;1.0;0.9997932689201382;0.9999655466260186;0.9996137438021804;0.999564278535771;0.9996402065479539;0.999599825455651;0.999573479658382;0.9999999999999999;0.999961715736281;0.9999960007071013;0.9999132701094608;0.9999895136291681;1.024999976158142;
2016-01-22 05:45:00;0.9999929936519193;0.9997962837863265;0.9999074912575303;0.9999999999999999;0.9999649710760373;0.9999924292563465;1.0002418567678009;0.9999869943147398;1.0;0.999985574842882;0.9998756652219145;0.9999828565433465;1.0;0.9999816172102125;1.0;1.0;1.0;0.9999643140417277;0.9999901362678388;0.9999688539227818;0.9999941398868917;0.9998308840028914;0.9999999539180042;1.000225133612745;1.0002488544177188;1.0;0.9998427281514908;0.9999883146866608;0.9998963157255224;0.9999999999999999;1.0;0.999800018385175;0.9999716197374537;0.9996456283756192;0.9996096190890104;0.9996387892426224;0.9995987542266913;0.9995755319241191;0.9999999999999999;0.9999685090414073;0.9999967571050382;0.9999278015324725;0.9999898585921702;1.024999976158142;
2016-01-22 06:00:00;0.9999953860507097;0.999877449904883;0.9999417367628045;1.0;0.9999807600915953;0.9999965594358412;1.0002487782796492;0.9999944203552344;1.0;0.9999919688573162;0.9999184024730602;0.9999847318700295;1.0;0.9999910746740955;1.0;1.0;0.9999999999999999;0.9999798625298151;0.9999939690878998;0.9999807541102741;0.9999948254715979;0.999895499014114;0.9999999370511499;1.0002308418088834;1.0002566337876966;1.0;0.9999009340354171;0.9999941675959029;0.9998413030607198;1.0;1.0;0.9997472655669097;0.9999846601209708;0.9995904984253513;0.9995543713341528;0.9995173225613255;0.999477436818574;0.9994548630938443;1.0;0.9999829140750071;0.9999968735276666;0.9999553758222559;0.9999918456067085;1.024999976158142;
2016-01-22 06:15:00;0.9999961708989976;0.9997529733889213;0.9998702611764407;1.0;0.9999597728864331;0.9999867506839163;1.000271622581591;0.9999760087095516;1.0;0.9999871102914142;0.9998242712842367;0.9999851851618362;1.0;0.9999782457699172;1.0;1.0;1.0;0.9999591341716669;0.9999910624932943;0.999954105229589;0.9999959472438744;0.9997684936836668;0.9999999551990278;1.0002518774482811;1.0002802603457182;1.0;0.9997834453369854;0.9999850059703644;0.9998277177062216;1.0;0.9999999999999999;0.9996892439364027;0.999973843988951;0.9995312819894668;0.9994898674395207;0.9993827539691048;0.9993433339744417;0.9993210704427576;1.0;0.9999693518868767;0.9999975833804355;0.9998936578598863;0.9999922275379042;1.024999976158142;
2016-01-22 06:30:00;0.9999952973147193;0.9997382082110485;0.9998642423917613;1.0;0.9999542010280692;0.9999852989265309;1.0002764236750121;0.9999734769117047;1.0;0.999985486083877;0.9998174427913252;0.9999676676435868;1.0;0.9999760182058889;1.0;1.0;1.0;0.9999531594293543;0.9999896308425772;0.9999517417350802;0.9999943038779412;0.9997548133711596;0.9999999269518453;1.0002569177127985;1.0002848104506095;1.0;0.99977124139028;0.9999833494670503;0.9998408961462697;1.0;1.0;0.9996170637712124;0.9999705063256263;0.999284198417014;0.9992419253522411;0.9993337790282247;0.9992641816326754;0.99924191986436;0.9999999999999999;0.9999653520083663;0.9999964913894392;0.9998881876606265;0.9999842363477532;1.024999976158142;
2016-01-22 06:45:00;0.9999890328676393;0.999698837685371;0.9998487424700476;1.0;0.999944224609602;0.9999871849148174;1.0002887731285777;0.9999785718521593;1.0;0.9999804681904683;0.9997894432984586;0.9999380292015869;0.9999999999999999;0.9999768197328036;1.0;1.0;1.0;0.9999402628944314;0.9999834613375478;0.9999480395322949;0.9999824590027367;0.9997228846688986;0.999999722185478;1.000267437602657;1.0002989455972717;1.0;0.9997371741309801;0.9999831121145324;0.9998336074933396;0.9999999999999999;1.0;0.9996044053571139;0.9999630655582944;0.9993506371222775;0.9993145187001202;0.9992502254522267;0.9991260295688291;0.9990975725837328;1.0;0.9999569338216756;0.999988609850684;0.9998796009264797;0.9999703260890663;1.024999976158142;
2016-01-22 07:00:00;0.999994815329767;0.9997771099509922;0.9998864855797642;1.0;0.9999606176274134;0.9999885474935507;1.0002997918152658;0.99997962496664;0.9999999999999999;0.9999869642838559;0.9998462568783298;0.9999069693830774;0.9999999999999999;0.9999803318354648;1.0;1.0;1.0;0.9999593263377955;0.9999903477353774;0.9999601131383526;0.9999933433860995;0.999794219111531;0.9999999094441316;1.0002787136600477;1.000308860182386;1.0;0.9998073963614773;0.9999863638984371;0.9997943260836164;1.0;1.0;0.9994736019109758;0.9999738829897316;0.9991708550538052;0.9991056391415193;0.9989784699669377;0.9987966696525711;0.998765315353117;1.0;0.9999695576153531;0.9999958505433728;0.999907565641422;0.999956764706914;1.024999976158142;
2016-01-22 07:15:00;0.9999941465299454;0.999741265647217;0.999869026134032;1.0;0.9999540683685033;0.9999864341666529;1.0003289563531985;0.9999757973917734;1.0;0.9999846742467987;0.999823551126319;0.9998764236543253;0.9999999999999999;0.9999765368712096;0.9999999999999999;1.0;1.0;0.9999527862639432;0.9999888827243752;0.9999538848466287;0.9999929750868868;0.999762275370552;0.9999999100873022;1.0003059954037674;1.0003387377806188;1.0;0.9997780563567287;0.999983839946848;0.9997499947026852;1.0;1.0;0.9992710849516379;0.9999692592220333;0.9989713817556477;0.998901641592307;0.9985038555351988;0.9981594412441381;0.9979843280524029;1.0;0.999964254591332;0.9999956841592517;0.9998931442588079;0.9999426881835093;1.024999976158142;
2016-01-22 07:30:00;0.999992849411515;0.9997031798445378;0.9998531074736566;1.0;0.9999500500531594;0.9999860605454;1.0003354303387693;0.9999752637907815;1.0;0.9999819723230166;0.9998016494203057;0.999881320893077;1.0;0.9999735074852858;1.0;1.0;1.0;0.999949092790572;0.9999874746542342;0.9999489884999664;0.9999931471461238;0.9997350247274415;0.9999999328612255;1.0003116264817131;1.0003456547165983;1.0;0.9997526680461783;0.9999822765141375;0.9997472692697695;0.9999999999999999;0.9999999999999999;0.9992299710332546;0.9999641756277665;0.9989004953831742;0.9988308798696103;0.9984282541594546;0.9980474418737558;0.9978108922694429;1.0;0.9999590743397997;0.9999960328135884;0.9998817973502947;0.9999441501769999;1.024999976158142;
2016-01-22 07:45:00;0.9999790986151483;0.9993268950909509;0.9996934092744141;1.0;0.9998874788003879;0.9999728353219051;1.0003788698246936;0.9999532677017773;0.9999999999999999;0.9999516016451241;0.9995916688664117;0.9998503749929877;1.0;0.9999359068955911;1.0;1.0;1.0;0.9998870821901731;0.9999683884891998;0.9998960298630063;0.9999866526905741;0.9994429987447795;0.9999999721515364;1.000352362501232;1.0003899545561903;1.0;0.9994842980831308;0.9999591169467121;0.999733050144904;0.9999999999999999;1.0;0.9992121418793991;0.9999074850996581;0.99887647196663;0.9987948789072643;0.9983908862950098;0.9979999758817061;0.9977960135940135;1.0;0.9998976771613192;0.9999934356026763;0.999759347384493;0.9999243175163572;1.024999976158142;
2016-01-22 08:00:00;0.9999803158413917;0.9990210156893149;0.9995148343885308;1.0;0.9998305357977958;0.9999456272012276;1.000423746996584;0.9999035775105053;1.0;0.999937487170937;0.999357586284197;0.999850653673317;1.0;0.9999023317269837;1.0;1.0;1.0;0.9998298036767453;0.9999585335778912;0.9998283756940826;0.9999858685549929;0.9991219922475886;0.9999999486251717;1.000394278002363;1.0004360599119066;1.0;0.9991873228625814;0.9999336891394656;0.9997116549859841;0.9999999999999999;1.0;0.9990862281383684;0.999880324236914;0.9986216411048713;0.9985172499519729;0.9981851278109685;0.9977431182599855;0.9974763072110037;0.9999999999999999;0.9998627506631339;0.9999926235395451;0.9996031541003527;0.9999254863970727;1.024999976158142;
2016-01-22 08:15:00;0.9999784982523099;0.9991645210228568;0.9995847729117519;1.0;0.9998465480775401;0.9999541141171664;1.0004211235422478;0.9999202856800815;1.0;0.999944233473376;0.9994445904173793;0.9998364488361506;1.0;0.9999196071480806;1.0;1.0;1.0;0.999842258814861;0.9999593082714264;0.9998534352570426;0.9999748142545295;0.9992409682148363;0.9999996991830192;1.0003918418959445;1.0004341140426043;1.0;0.9992933749529352;0.9999435679505905;0.9997037184176393;1.0;1.0;0.9991133673844343;0.9998956292005317;0.99871971463817;0.9986012247514963;0.9982000111081754;0.9977661713290342;0.9975490056232434;1.0;0.9998791480800396;0.9999845926471922;0.9996611449944434;0.9999207732838317;1.024999976158142;
2016-01-22 08:30:00;0.9999888484348421;0.9995168123108177;0.9997525171205872;1.0;0.9999112437741217;0.9999728409063879;1.0003776732628404;0.9999520787816637;1.0;0.9999705215776695;0.9996667089588821;0.9998707236833129;1.0;0.9999553774026587;1.0;1.0;1.0;0.999908163134717;0.9999778129085752;0.9999121816343335;0.9999846352754675;0.9995489396206519;0.9999997839624833;1.0003510828654907;1.0003894367447725;1.0;0.9995785845182908;0.9999683175354867;0.9996978078821883;1.0;1.0;0.9991502033734149;0.9999428521187177;0.9987882690227543;0.9986858837752174;0.9982642997274976;0.9978732575358149;0.9976471474849865;1.0;0.9999328603756269;0.9999902777673406;0.9997967236632469;0.9999393399883671;1.024999976158142;
2016-01-22 08:45:00;0.9999808135049113;0.9994941968405793;0.9997447235178297;0.9999999999999999;0.99989498758292;0.9999736795949369;1.0003961244834472;0.9999559060695624;0.9999999999999999;0.9999648427568092;0.9996492061941378;0.9998419038827577;1.0;0.999957181651191;0.9999999999999999;1.0;1.0;0.9998869278926645;0.9999691403169418;0.9999104803167547;0.9999659460026408;0.9995232899345671;0.9999994348092365;1.0003683370047511;1.000409404102287;1.0;0.999549695462786;0.9999675484437572;0.9997232279826364;1.0;1.0;0.9990732459238477;0.9999347594164548;0.9986134257250048;0.9984650510305887;0.9981515972909902;0.997731934881116;0.9975344181546194;1.0;0.9999225994753427;0.9999775265657751;0.999792775446038;0.9999265244091584;1.024999976158142;
2016-01-22 09:00:00;0.9999694584634959;0.9993953751855531;0.999698054796644;1.0;0.9998645416077011;0.9999711917223285;1.000423801753533;0.9999547131937871;0.9999999999999999;0.9999533921536858;0.999576618807057;0.9998501890233219;1.0;0.9999532576778013;0.9999999999999999;0.9999999999999999;1.0;0.9998501890706617;0.9999552876107453;0.9998954848291552;0.9999414818891688;0.9994264879235752;0.9999989934882207;1.00039355224483;1.0004396643579878;1.0;0.9994527075333715;0.9999621471671671;0.9997296671062078;1.0;1.0;0.9989425009941234;0.9999175525633063;0.998279040170259;0.9981240428332468;0.997985606138556;0.9975691903428462;0.997356586399264;1.0;0.9999016240968706;0.9999609795193287;0.9997581254681464;0.9999301293814479;1.024999976158142;
2016-01-22 09:15:00;0.9999882191282532;0.9995584989597693;0.9997708774773186;1.0;0.9999152657199764;0.9999750805169544;1.000389829912141;0.9999566151094414;1.0;0.9999727194700547;0.9996883887234702;0.999872793317984;1.0;0.9999609287382142;1.0;1.0;0.9999999999999999;0.9999107312122951;0.9999777583196957;0.9999186596410279;0.9999801705040319;0.9995797915190436;0.9999996820155876;1.000362259554144;1.0004023641678916;1.0;0.9996052474262724;0.9999712380310968;0.9997213908568869;1.0;1.0;0.9990446105698826;0.9999479363217887;0.9985767910730078;0.9984250219931812;0.9980902542075148;0.9977346808512012;0.9975530775835459;1.0;0.9999380412491353;0.9999870168627101;0.9998117157192052;0.999941025153141;1.024999976158142;
2016-01-22 09:30:00;0.9999747188340303;0.9994798509374688;0.9997365237121371;1.0;0.9998825467401395;0.999973980284268;1.0003963507615659;0.9999584628160632;1.0;0.9999609993821598;0.9996310741680983;0.9998850597437727;0.9999999999999999;0.9999596528918474;1.0;1.0;1.0;0.9998700749576759;0.9999621497740833;0.999908182958;0.9999499268351733;0.9994998421435944;0.9999991254004599;1.0003682513797472;1.0004108271747885;1.0;0.9995228427894866;0.999967091462246;0.9997311657572523;1.0;0.9999999999999999;0.9991138177718174;0.999930368999229;0.9986621984582065;0.9985066297240528;0.9982406635955057;0.9979018879554857;0.997714889150875;1.0;0.9999162922706698;0.9999664630841544;0.9997874737644561;0.9999466597419219;1.024999976158142;
2016-01-22 09:45:00;0.9999785757567646;0.9993620976909089;0.9996830417725223;1.0;0.9998749142180617;0.9999670209765515;1.0004171906910164;0.999944029966424;1.0;0.9999558907377875;0.9995692538451343;0.9998623586643067;1.0;0.9999429854114376;0.9999999999999999;1.0;1.0;0.9998678733601775;0.9999642973872254;0.9998890003980283;0.9999674075891477;0.9994133611728208;0.9999995062391549;1.0003879742547832;1.0004308303161074;1.0;0.9994493138664599;0.9999585730940578;0.9997403565122815;1.0;1.0;0.9990059037101364;0.9999178712339376;0.998418416421466;0.9981779827558395;0.9980816536043821;0.9976924016824156;0.9974819961716241;1.0;0.9999040180394199;0.9999790004220653;0.9997431525963408;0.9999342358624296;1.024999976158142;
2016-01-22 10:00:00;0.9999595504502287;0.9987680377696554;0.9994335826772743;1.0;0.9997958954274716;0.9999510447731055;1.0004567479606363;0.9999181310040994;0.9999999999999999;0.9999090991712358;0.99923814722378;0.9998232835777628;1.0;0.9998854719280635;0.9999999999999999;0.9999999999999999;1.0;0.9997934875121582;0.999938378927189;0.9998084857174473;0.9999691244438526;0.9989732348143532;0.9999998310101134;1.0004225372806133;1.0004723954690755;1.0;0.9990449371760938;0.9999250478538437;0.9997595447274865;0.9999999999999999;0.9999999999999999;0.9989955269532853;0.999833627898223;0.9984997271113879;0.9983096546407517;0.9979948161605364;0.9975420472513752;0.9972932390338985;1.0;0.9998156422003238;0.9999834811353835;0.9995570942236601;0.9999059119511244;1.024999976158142;
2016-01-22 10:15:00;0.9999724338816484;0.9990573886059051;0.9995497410556309;0.9999999999999999;0.9998459336869884;0.9999598450260807;1.0004376189730728;0.9999318443850584;0.9999999999999999;0.9999347343784293;0.9993907535845428;0.9998465159105557;1.0;0.9999144392075526;1.0;1.0;1.0;0.9998435578883454;0.9999550063888941;0.9998461652009145;0.9999768076519515;0.9991889055573614;0.9999998332864656;1.0004041483812574;1.0004532036770148;1.0;0.9992429379722076;0.9999428162260968;0.9997611870379456;1.0;1.0;0.9990116604543856;0.9998806226499282;0.9984623979213486;0.9982757593987996;0.9980689743214349;0.9976630505426457;0.9974437407757227;1.0;0.9998661521817499;0.9999871184408143;0.9996441415466916;0.9999214967086292;1.024999976158142;
2016-01-22 10:30:00;0.9999809870260132;0.9993309053873866;0.999675006113041;1.0;0.999890120585236;0.9999713228256848;1.0004134199147459;0.9999508400917743;1.0;0.9999558385104493;0.9995581526105504;0.9998559353703537;1.0;0.9999411769398648;1.0;1.0;1.0;0.9998877202899559;0.999968912129593;0.9998886196067629;0.9999819536565622;0.9994149430218834;0.999999831625787;1.0003822364346704;1.000427814197513;1.0;0.999452485486131;0.9999604400647206;0.9997383249652466;1.0;1.0;0.9989668365760821;0.9999174626478335;0.9984261876603413;0.9982668702696204;0.9979585104752793;0.9975586945528535;0.9973396281213199;1.0;0.9999067710836853;0.9999895750375262;0.9997422009376215;0.9999290502884516;1.024999976158142;
2016-01-22 10:45:00;0.9999808330691008;0.9993273633973813;0.9996737399033302;0.9999999999999999;0.9998865050661305;0.9999700816738425;1.000414195158208;0.9999484974446244;1.0;0.9999553625206673;0.999558111744623;0.999855361355359;0.9999999999999999;0.9999398412938728;1.0;1.0;1.0;0.9998838611869568;0.9999684086393407;0.9998877273430009;0.9999811896828276;0.9994100333071463;0.9999998145568694;1.000383604843987;1.000428125857696;1.0;0.9994486724277669;0.9999594148414099;0.9997498571350578;1.0;1.0;0.9989423578823193;0.9999158521515066;0.9982955320735859;0.9980974752066832;0.9979739008618835;0.9975759359502232;0.9973609836632992;1.0;0.9999046531984517;0.9999890244134658;0.999740133848833;0.9999288904865494;1.024999976158142;
2016-01-22 11:00:00;0.9999807975964888;0.9994397317245811;0.9997314524375419;1.0;0.9998987805469133;0.9999756567648881;1.0004150378323735;0.9999588756599336;1.0;0.9999608304535258;0.9996347151235717;0.9998378376794103;1.0;0.9999507950866647;1.0;1.0;1.0;0.9998945754166186;0.9999704626849989;0.9999079336255128;0.99997687916341;0.9995079670015878;0.9999997050885363;1.0003853380019503;1.000428534689632;1.0;0.9995388846866975;0.9999661873468119;0.9997260575404093;1.0;1.0;0.9988889041117275;0.999926417605577;0.9981151044880467;0.9979380625975992;0.9979358952385415;0.9975119788725763;0.9973068919501478;1.0;0.9999162213577016;0.9999857796029009;0.999786837573555;0.9999219721306514;1.024999976158142;
2016-01-22 11:15:00;0.9999849058811072;0.9994274158391997;0.9997136067296153;0.9999999999999999;0.9999110155194714;0.9999763772961343;1.0004170344209955;0.9999594499556773;1.0;0.9999647454080726;0.9996055076217537;0.9998507703042001;0.9999999999999999;0.9999529739909866;1.0;1.0;1.0;0.9999086748998847;0.9999747057540079;0.9999020272002678;0.9999844597306786;0.9994899426642938;0.9999998357913518;1.0003843369872947;1.0004325690581237;1.0;0.9995197903670516;0.999967986397068;0.9997515556032148;0.9999999999999999;1.0;0.9988705580275107;0.999934632881925;0.9980613976144526;0.9978893590223322;0.9979172344114883;0.9974955514551712;0.9972658244826854;0.9999999999999999;0.9999257648967997;0.9999908089565133;0.9997731238105936;0.999928210905513;1.024999976158142;
2016-01-22 11:30:00;0.9999809422217241;0.9994693041657107;0.9997424341691415;1.0;0.9999030249307237;0.9999772741719599;1.0004095503198047;0.999962012310164;1.0;0.999963195382363;0.9996465781749146;0.9998514074309095;1.0;0.9999552962219489;1.0;1.0;0.9999999999999999;0.9998979021525132;0.9999710607216069;0.9999117667966728;0.9999743743506012;0.9995276510188038;0.9999996407430151;1.0003797724499606;1.0004234690768303;1.0;0.9995553543978277;0.9999686137180068;0.9997438381765196;1.0;1.0;0.9988854084562095;0.9999313778696193;0.9980701829293945;0.9978867764916547;0.9979560239526488;0.9975384702220252;0.9973138950102434;1.0;0.9999213435442886;0.9999838673776379;0.9997956983019503;0.999928795354764;1.024999976158142;
2016-01-22 11:45:00;0.9999927554357643;0.9997445559169174;0.9998702294535765;1.0;0.9999524931534332;0.9999870694928173;1.0003838548810757;0.9999774351909876;1.0;0.9999842660758824;0.9998230081271967;0.9998523416446873;1.0;0.9999780818247349;1.0;1.0;1.0;0.9999501047732667;0.9999874970298126;0.9999545189353163;0.999989053969444;0.9997626043776723;0.9999998325155205;1.0003570051998338;1.0003955051332099;0.9999999999999999;0.9997769123875656;0.9999843701378075;0.9997449859638351;1.0;1.0;0.9988259482092948;0.9999691853770811;0.9980396605544414;0.9978719103658203;0.9977975336213396;0.997382597392849;0.9971707479487308;0.9999999999999999;0.9999638696532261;0.9999929571019458;0.9998946192521233;0.9999320093365851;1.024999976158142;
2016-01-22 12:00:00;0.999993544959631;0.999732621512941;0.9998624812077438;1.0;0.9999529287019828;0.9999865254760711;1.0003801022617693;0.9999761678802256;1.0;0.99998456331096;0.9998123745703581;0.9998583740107413;1.0;0.9999772491767493;1.0;1.0;1.0;0.9999510291551205;0.999988187309285;0.999951771493574;0.9999908914658988;0.9997510316327809;0.9999998667900157;1.0003531187267405;1.0003918694158676;1.0;0.9997661460562365;0.999984001432198;0.9997367010253585;1.0;0.9999999999999999;0.99887733564859;0.9999693284046933;0.9979451551326096;0.9977532590511793;0.9980170650641776;0.9976327320593509;0.9974470411068123;1.0;0.9999640815978297;0.9999942130733013;0.9998882306527764;0.9999347116154972;1.024999976158142;
2016-01-22 12:15:00;0.9999924295174512;0.999754388544661;0.9998750391652402;1.0;0.9999547174750875;0.9999883321625057;1.0003807694549625;0.9999798758334679;1.0;0.9999848400489396;0.9998279870859125;0.9998503559619172;1.0;0.9999799608131064;0.9999999999999999;1.0;1.0;0.9999520642434622;0.9999876038894825;0.9999565143002824;0.9999881120690497;0.9997717130912026;0.9999998139430535;1.0003538162518828;1.0003926518027446;1.0;0.9997845676732341;0.9999855809862184;0.9997349871465913;1.0;1.0;0.9988977813365763;0.999970594223092;0.9980470710342161;0.9978434252247379;0.9980091325438794;0.9976108193091521;0.9974253305364501;1.0;0.9999655315930526;0.9999923066551589;0.9998992312853372;0.9999311604266529;1.024999976158142;
2016-01-22 12:30:00;0.999993154376354;0.9996683428902693;0.9998275943825238;1.0;0.9999387649827;0.9999806565064246;1.0003739694595313;0.9999654773121223;1.0;0.9999807756173246;0.9997680193508578;0.9998759351509833;1.0;0.9999694047595219;0.9999999999999999;1.0;1.0;0.999936641740958;0.9999854708815732;0.9999384649914164;0.9999899523711749;0.9996860263873986;0.9999998511054577;1.0003479635069383;1.0003851510741648;1.0;0.9997066898340288;0.9999782177029414;0.9997459968850835;1.0;1.0;0.9990139324563823;0.9999617634630805;0.9983352302373549;0.9981584304193807;0.9981626741359669;0.9977959598823372;0.9975938543958937;1.0;0.9999546994891032;0.9999935671513893;0.9998574894151253;0.9999426958447604;1.024999976158142;
2016-01-22 12:45:00;0.9999913682840731;0.9995394153150327;0.9997618377214714;0.9999999999999999;0.999915769553913;0.9999725100660795;1.0004025116617716;0.9999507097831315;1.0;0.9999731991664251;0.9996817549620354;0.9998546913162716;1.0;0.9999560498839309;1.0;1.0;0.9999999999999999;0.9999136371893836;0.9999805455624542;0.9999147528205711;0.9999888120279032;0.9995667801749715;0.9999998504618438;1.000374661068525;1.0004143968804642;0.9999999999999999;0.9995966932110558;0.9999690645409243;0.999721107085917;1.0;1.0;0.998855275208943;0.9999466019277458;0.9980871720374832;0.9979233290190257;0.9978535388967061;0.9974598294334723;0.9972676556039815;1.0;0.9999370021102696;0.999993005211227;0.9998026305772764;0.9999324279989141;1.024999976158142;
2016-01-22 13:00:00;0.9999909645104144;0.9996854405425027;0.9998424699518204;1.0;0.9999429519892314;0.9999847676701669;1.0003910287948183;0.9999734951850568;1.0;0.9999802322462642;0.999785446338272;0.999855806602419;0.9999999999999999;0.9999728161528956;1.0;1.0;1.0;0.999940445736416;0.9999847729537976;0.9999451165075166;0.9999876652103167;0.9997125904123073;0.9999998242454756;1.000363454643216;1.0004030980954544;1.0;0.9997302635431929;0.9999809551115398;0.9997224559193479;1.0;1.0;0.9988510220458912;0.9999615399798455;0.9979317626438021;0.9977362800970259;0.9979468308938664;0.9975518068442294;0.997355471309376;1.0;0.9999553644857428;0.9999922120125961;0.9998728490310465;0.9999329450030383;1.024999976158142;
2016-01-22 13:15:00;0.9999932566613493;0.9997191224262069;0.999851939834074;1.0;0.9999557260365199;0.9999877448182515;1.0003845048608315;0.9999786754445293;1.0;0.9999848467414506;0.9997934108268268;0.9998772370166439;1.0;0.9999790061926161;1.0;1.0;1.0;0.9999536242306067;0.9999880938495229;0.9999488108165683;0.9999901254212914;0.9997368777407357;0.9999998525922088;1.0003556348666958;1.0003977559210768;1.0;0.9997504173083628;0.9999850281107414;0.9997347239253997;1.0;1.0;0.9989245773650158;0.999971029509912;0.9980111412460824;0.9977847058632862;0.9981144830691627;0.997765932003192;0.9975844562091235;1.0;0.9999661101360469;0.9999936828097948;0.9998813791493667;0.9999432782146913;1.024999976158142;
2016-01-22 13:30:00;0.9999906499265176;0.9996223314578276;0.9997990899425797;1.0;0.9999483339920824;0.9999867500737398;1.00038277387786;0.9999775956810025;1.0;0.9999803158718282;0.9997139475390568;0.9999011989726122;1.0;0.9999752742720315;1.0;0.9999999999999999;1.0;0.9999457067058765;0.9999845064990912;0.9999318809285693;0.9999870850735508;0.999649624246773;0.9999998156912866;1.0003510515086274;1.0003985586357673;1.0;0.9996647677469326;0.999982375276149;0.9997234458441987;1.0;1.0;0.9991013813711224;0.9999644482557529;0.9983172467175524;0.9981002582442154;0.9984387208794366;0.9981845249202262;0.9980690921918836;0.9999999999999999;0.9999589580364245;0.9999918258527596;0.999842153676934;0.9999534515241991;1.024999976158142;
2016-01-22 13:45:00;0.9999894718986524;0.9996667828106878;0.9998342107484233;0.9999999999999999;0.9999380628404567;0.9999841755175856;1.0003688047306385;0.9999727570796946;1.0;0.9999784257033996;0.9997735797501989;0.9999100699498472;0.9999999999999999;0.9999715438591954;1.0;1.0;1.0;0.9999348838951632;0.9999829385872641;0.9999423989424472;0.9999849148342969;0.9996959578291028;0.9999997770763711;1.000342754246321;1.0003803995525091;1.0;0.9997142222555906;0.9999798855533447;0.999747100009012;1.0;1.0;0.9990886399669832;0.9999583272399118;0.9981572117898442;0.9979011962728935;0.998509583462628;0.9983134061358452;0.9982528898591915;1.0;0.999951611763678;0.9999903846433771;0.9998665574556129;0.9999573334833795;1.024999976158142;
2016-01-22 14:00:00;0.9999910754891763;0.9996144823261632;0.999801165467119;1.0;0.9999330820889945;0.9999802022027986;1.0003570570572664;0.9999651285063981;1.0;0.9999775091712348;0.9997290028760025;0.9999376980960336;1.0;0.9999667235967549;0.9999999999999999;1.0;1.0;0.9999306355923335;0.9999830059338116;0.9999301579368467;0.9999878245693473;0.9996409823687581;0.9999998284294384;1.000331012044887;1.0003688322559672;1.0;0.9996629793109446;0.999976495053843;0.99975282890636;1.0;1.0;0.999216513941865;0.9999563109810529;0.9984231514781167;0.9982092522406112;0.9987136573709751;0.9985770887258599;0.9985325396265264;1.0;0.9999488648665;0.9999923109705021;0.9998382426422258;0.9999700054630758;1.024999976158142;
2016-01-22 14:15:00;0.9999847069086298;0.9994260235382891;0.9997008646031204;1.0;0.9999021253997697;0.9999723615019575;1.0003747986436606;0.9999526633394598;1.0;0.9999655956452991;0.9995858883440851;0.9999630525560319;1.0;0.9999537528938176;1.0;0.9999999999999999;1.0;0.9998970516196318;0.9999724265306484;0.9998958182004677;0.9999765347730962;0.9994616924529383;0.9999996441538003;1.0003451490903883;1.0003896118101272;0.9999999999999999;0.999490929744274;0.9999662105092155;0.9997477526053947;1.0;1.0;0.9992827573631928;0.9999369225426069;0.9985256517022969;0.99830905182324;0.9988434602446512;0.9987476156361214;0.9986962069903964;0.9999999999999999;0.9999259149544047;0.9999848597365004;0.9997588029392811;0.9999808308406335;1.024999976158142;
2016-01-22 14:30:00;0.9999694260510085;0.9991884994318772;0.9995980220046522;1.0;0.9998403993890872;0.9999601673950013;1.0003941425630392;0.9999342435517699;1.0;0.999941422121366;0.9994484403802051;0.9999705762750398;1.0;0.9999299840731263;1.0;1.0;1.0;0.9998298190008633;0.9999511248713672;0.9998603219132164;0.9999518320727614;0.9992551986288501;0.9999992579800322;1.0003653067706435;1.0004088912655629;1.0;0.999297709549865;0.9999480688663228;0.9997725107859018;1.0;0.9999999999999999;0.9992852224581683;0.9998948560102432;0.9985047942267762;0.9982966238543198;0.9988651389158406;0.9987838596781855;0.9987255114574163;1.0;0.9998772278291462;0.9999687905391447;0.9996769421619467;0.9999820698072763;1.024999976158142;
2016-01-22 14:45:00;0.999967218252331;0.9989683800603071;0.9995034370279063;1.0;0.9998098251701633;0.9999493286783828;1.0003961921734725;0.9999139563703805;1.0;0.9999262108088501;0.9993325468842545;0.9999717458647813;0.9999999999999999;0.9999029472854926;1.0;0.9999999999999999;1.0;0.9998033992585698;0.9999454698262937;0.9998275217359361;0.9999621843018647;0.9990881853140792;0.999999549307024;1.0003682497521693;1.0004092525182324;1.0;0.9991496593053028;0.9999325813785913;0.9997589909412038;1.0;1.0;0.9993600996705072;0.9998639627271511;0.9987129167378712;0.9985280873051602;0.9989488527058626;0.9988821150560295;0.9988248190523568;0.9999999999999999;0.9998444861074485;0.9999769612105002;0.9996011833001278;0.9999789029505618;1.024999976158142;
2016-01-22 15:00:00;0.9999611465861555;0.9990316431748972;0.9995424386396107;1.0;0.9998107650869247;0.9999553908917733;1.0003973700397901;0.9999271413253262;1.0;0.9999250132999137;0.999379092618487;0.9999741080120094;1.0;0.9999119112089602;1.0;0.9999999999999999;1.0;0.9998005247439453;0.9999408057980966;0.9998426605707595;0.9999478940302101;0.9991484979509587;0.9999992818024153;1.0003697012713748;1.0004109828101324;1.0;0.9992018732145638;0.9999372311027933;0.9997755219076604;1.0;0.9999999999999999;0.9993908104981025;0.9998652666956849;0.9987697629322189;0.9985683928783893;0.9990026633916553;0.9989420736468388;0.9988882952042026;1.0;0.999845797201574;0.9999672001427614;0.9996362717538774;0.9999801780517553;1.024999976158142;
2016-01-22 15:15:00;0.9999626401183762;0.9989130853325113;0.9994847680430474;1.0;0.9998015573000293;0.9999494631063629;1.000406141800244;0.9999157555121652;1.0;0.9999189821130812;0.9993057456218059;0.9999640783486943;1.0;0.9998982773275091;1.0;1.0;1.0;0.9997947241365497;0.9999401651109708;0.9998225192802657;0.999958196243263;0.9990538140048104;0.9999995207199378;1.0003771228276874;1.000419894930751;1.0;0.9991169609212258;0.9999295092919819;0.9997748639225514;1.0;1.0;0.9993925244556412;0.9998538592094889;0.9988019341011847;0.9986095559235514;0.9989858632107887;0.9989220484099508;0.998879862814442;1.0;0.99983413175365;0.9999747198401597;0.999589813695972;0.999973981745207;1.024999976158142;
2016-01-22 15:30:00;0.9999767015092016;0.9991636281710617;0.9995866915342915;1.0;0.9998566715674766;0.9999601613219614;1.0003810246544251;0.9999318903830449;1.0;0.9999442840061387;0.9994389936637927;0.9999757128507569;0.9999999999999999;0.999924873834678;0.9999999999999999;1.0;1.0;0.9998524849281205;0.9999593757922207;0.9998567172550321;0.9999741534662393;0.9992522756161011;0.9999997063404807;1.0003518599626546;1.0003950635095347;1.0;0.9993000506545562;0.9999477990271545;0.999762005172871;0.9999999999999999;1.0;0.999410752691705;0.999897922113647;0.9988278802175653;0.9986335216522868;0.9990231245355717;0.9989717958637755;0.9989345264630132;1.0;0.9998831820673129;0.9999843991275142;0.9996685659170773;0.9999828697436484;1.024999976158142;
2016-01-22 15:45:00;0.9999733373883416;0.9989955355807484;0.9995141291089038;0.9999999999999999;0.9998374299585648;0.9999547844673449;1.0003993119860857;0.9999225392534221;1.0;0.9999320053750457;0.9993442904661572;0.9999662354975805;1.0;0.9999074613324427;1.0;1.0;1.0;0.9998357451592057;0.999953796231627;0.9998328628168986;0.9999791249326578;0.9991274038708037;0.9999998817391832;1.0003681657727976;1.0004139322024574;1.0;0.9991864250565808;0.9999378564199627;0.9997780069498557;1.0;0.9999999999999999;0.999370228330816;0.9998758695927644;0.9987219465623918;0.9984869679076174;0.9989732362472693;0.9989178790223444;0.9988843627677415;1.0;0.9998603383174945;0.9999887119794368;0.9996134810035892;0.9999755806611985;1.024999976158142;
2016-01-22 16:00:00;0.9999798729835836;0.9991927638730459;0.9996049701380634;1.0;0.9998636315733739;0.9999603910714343;1.0003721457481765;0.9999311515574636;1.0;0.9999466949388434;0.9994698550422958;0.9999736048965195;1.0;0.9999240428718957;0.9999999999999999;1.0;1.0;0.9998617767319196;0.9999633780733113;0.9998625466172361;0.9999826035313766;0.9992866093390449;0.9999998698769621;1.0003447150988853;1.0003845041271455;1.0;0.9993359970455848;0.9999484943508019;0.9997692498706218;1.0;1.0;0.9994258899494328;0.9999003457711996;0.998849819372338;0.9986506843378653;0.999053798947851;0.999001819374036;0.9989669440862406;1.0;0.9998866810255674;0.9999902448181403;0.9996820894069979;0.9999815530039355;1.024999976158142;
2016-01-22 16:15:00;0.9999923933755437;0.9994995641582197;0.9997318246105833;1.0;0.9999126464694734;0.9999696625462139;1.0003426491008733;0.9999455757003914;1.0;0.9999731501432847;0.9996378820911225;0.9999870362317056;1.0;0.9999542947586876;1.0;1.0;1.0;0.9999102629042781;0.9999801254359486;0.9999037689568842;0.9999885909023719;0.9995175347246503;0.9999998328378427;1.0003174074109324;1.0003541577970148;1.0;0.9995486773058343;0.9999670950255387;0.9997517915038833;0.9999999999999999;1.0;0.9994271542008003;0.9999473877387205;0.9988600568266258;0.9986737057823161;0.9990506216339994;0.9990019627069948;0.998962814694208;0.9999999999999999;0.9999370362363552;0.9999926642896727;0.9997772402135369;0.999992892438955;1.024999976158142;
2016-01-22 16:30:00;0.9999821326129936;0.999350216549733;0.9996573648949628;1.0;0.9998775775349624;0.9999639933150648;1.0003644416399715;0.999938206462558;1.0;0.9999599834027814;0.9995289999325749;0.9999865142271387;1.0;0.9999450415410096;1.0;1.0;0.9999999999999999;0.9998699960152828;0.999966214491965;0.9998787236116713;0.9999678139137944;0.9993744723427551;0.9999994683132042;1.0003366877998952;1.000378513611656;1.0;0.9994094421711527;0.9999584098233637;0.9997753665084169;1.0;1.0;0.9994048322840471;0.9999265195566118;0.9987873951879105;0.998571292109377;0.9990329146166955;0.9989842028109496;0.9989443903876254;1.0;0.9999119786115159;0.9999787093663398;0.9997193546014103;0.9999922258769477;1.024999976158142;
2016-01-22 16:45:00;0.9999794578925104;0.9993350739580974;0.9996475002670228;1.0;0.9998695384737335;0.9999627600179787;1.0003676466374358;0.999936986208054;1.0;0.9999577367287453;0.9995128329482404;0.999988702078685;1.0;0.9999449529249737;1.0;1.0;0.9999999999999999;0.9998597957294291;0.9999625058758703;0.9998751375358715;0.999960050690443;0.9993523921109555;0.9999993167521495;1.0003396230184272;1.0003823105872462;1.0;0.9993866233905466;0.9999570530087539;0.9997694664319404;1.0;1.0;0.9994245779871195;0.9999239597065493;0.9988262398205093;0.9986247081504653;0.999065944574648;0.9990156903581248;0.9989708970538711;1.0;0.9999081391317824;0.9999733063271224;0.999711137607397;0.999993690968691;1.024999976158142;
2016-01-22 17:00:00;0.9999824997344275;0.9993612363104105;0.999665527079012;1.0;0.9998716193308008;0.999961000232424;1.0003601557243151;0.9999326406668564;0.9999999999999999;0.9999590881458081;0.9995463616359369;0.9999889982555694;1.0;0.9999417562833953;0.9999999999999999;1.0;1.0;0.9998640223994439;0.9999656343066761;0.9998801709529573;0.9999679141269392;0.9993824537799523;0.9999994672485546;1.0003348356770985;1.0003723328864194;1.0;0.9994200394427322;0.9999559209021731;0.9997677867549027;1.0;1.0;0.9994480621441775;0.9999240601020528;0.9988978437535705;0.9987165586745544;0.9990878787661043;0.9990521433361017;0.999024439585094;1.0;0.999908650054806;0.9999787185972155;0.9997228632359232;0.9999935535874023;1.024999976158142;
2016-01-22 17:15:00;0.9999874600650221;0.9994210512474504;0.9996937043340535;1.0;0.9998912196313695;0.9999650628091421;1.0003496474746765;0.9999384972812123;1.0;0.9999659166391416;0.9995852185487298;0.9999894824555045;1.0;0.9999474131485359;1.0;1.0;0.9999999999999999;0.9998863051722106;0.9999728534226401;0.999890291668184;0.9999785081099322;0.9994416204729949;0.9999996553602561;1.0003243349749669;1.0003615514546507;1.0;0.9994764816175224;0.9999612070236944;0.9997653248519105;1.0;1.0;0.9994594316623978;0.9999349648597625;0.9988653891929947;0.9986720692359594;0.9991443369270363;0.9991107695718575;0.9990849804230402;1.0;0.9999220058125576;0.9999858826654607;0.9997461177168208;0.999993818037793;1.024999976158142;
2016-01-22 17:30:00;0.9999862849245925;0.9994616292281538;0.9997224200520581;0.9999999999999999;0.9998961852994863;0.9999686826540817;1.0003525257715835;0.9999452355963345;0.9999999999999999;0.9999663290225943;0.9996252123030956;0.99998794582702;0.9999999999999999;0.999950530572246;0.9999999999999999;0.9999999999999999;1.0;0.9998913198045286;0.9999732623535433;0.9999011057403626;0.9999780468648972;0.9994902190026569;0.9999996588010384;1.0003278237132442;1.000363828287827;1.0;0.9995227184667068;0.9999639313775718;0.9997163321303137;1.0;1.0;0.9994415576802105;0.9999355521912094;0.9988399239962271;0.9986413836027256;0.9991078152049815;0.9990763839485288;0.9990545617671817;0.9999999999999999;0.9999235252265332;0.9999857332899947;0.9997711378444716;0.9999925705113861;1.024999976158142;
2016-01-22 17:45:00;0.9999925947155538;0.9996275699544254;0.999805139482846;1.0;0.9999301208185288;0.999977427967689;1.0003340285271989;0.999959677745732;1.0;0.9999784905979408;0.999738340519715;0.9999899496620297;0.9999999999999999;0.9999651862634238;1.0;1.0;1.0;0.9999276253661303;0.9999836032158187;0.9999300978605676;0.9999885330161219;0.999644460152035;0.9999998250052055;1.0003108195974268;1.000344122352581;1.0;0.9996680477958597;0.9999750040077031;0.9997131588923449;1.0;0.9999999999999999;0.9994228859931521;0.9999572438910913;0.998759646723962;0.9985662275924518;0.999106319061061;0.9990779512318156;0.9990589208258988;1.0;0.9999490585843935;0.9999925903872244;0.999838144371798;0.999994285246344;1.024999976158142;
2016-01-22 18:00:00;0.9999931245788817;0.9996488507760738;0.9998179527369837;0.9999999999999999;0.9999359373075793;0.9999794759558797;1.0003272227267088;0.9999632478846041;0.9999999999999999;0.9999797301823199;0.9997557270131611;0.9999892615787368;1.0;0.9999672087646762;1.0;1.0;0.9999999999999999;0.999934062424331;0.9999850456653678;0.9999350014096525;0.9999906131277597;0.999669061990196;0.9999998685201512;1.0003043816304629;1.0003370768256514;0.9999999999999999;0.9996913128113138;0.9999768546521394;0.9997525458242182;1.0;1.0;0.9994083428683829;0.9999595423569536;0.9986965954503273;0.9985017058226912;0.999105512725488;0.9990760768165481;0.9990562532214372;0.9999999999999999;0.9999522170564811;0.9999940736431319;0.9998494797948823;0.9999937417144341;1.024999976158142;
2016-01-22 18:15:00;0.9999927508889435;0.9996423721636869;0.9998153000484402;1.0;0.9999355545444402;0.9999796328710557;1.0003288460800945;0.9999636541135787;1.0;0.9999791679698008;0.9997516518707196;0.9999895160625717;1.0;0.9999669227872394;1.0;1.0;1.0;0.999933684114632;0.9999846706956432;0.9999342896387415;0.999990411551776;0.9996647508551513;0.999999868831192;1.0003057157650348;1.0003388924110062;1.0;0.9996870728206746;0.9999767098610952;0.9997765017744255;0.9999999999999999;1.0;0.9994115628793685;0.9999587565686902;0.9987016782954473;0.998490456702965;0.9991117537851087;0.999087504755541;0.9990732335783461;1.0;0.999951465283999;0.9999939807322316;0.9998478416676431;0.9999937070902217;1.024999976158142;
2016-01-22 18:30:00;0.9999899999069467;0.9995971563656488;0.9997938502514953;1.0;0.9999245354065522;0.9999777132441469;1.0003264447247124;0.9999607145534414;1.0;0.9999754447875274;0.9997215040651879;0.9999891059891238;1.0;0.9999635271386192;1.0;1.0;1.0;0.9999213858517161;0.9999810071699894;0.9999269675247846;0.9999852063776759;0.9996228626000725;0.999999779135877;1.0003034901829255;1.0003366880097524;1.0;0.999647060939364;0.9999739850265253;0.999776269165044;1.0;1.0;0.9994653889121287;0.999951844178088;0.9987684923782211;0.998553227806233;0.99922847748811;0.9992078868858112;0.9991983737182017;1.0;0.9999432888108218;0.9999905192032754;0.9998308693762812;0.9999932970150551;1.024999976158142;
2016-01-22 18:45:00;0.9999888987975158;0.9996224823477601;0.9998062755731952;1.0;0.9999246179872971;0.999978793505689;1.0003304349391058;0.9999631206900763;0.9999999999999999;0.9999760675093282;0.9997369094881865;0.9999895241955759;0.9999999999999999;0.9999664994430624;1.0;0.9999999999999999;1.0;0.9999201769664199;0.9999801160997719;0.9999312663704761;0.9999809235749861;0.9996416864396147;0.9999996885783247;1.0003075016320107;1.0003408199457393;0.9999999999999999;0.9996634913787212;0.9999753402940877;0.9997878003306123;1.0;1.0;0.9994092141065135;0.9999536179062813;0.9986026934307193;0.9983685494754606;0.9991722684653415;0.9991518859495143;0.9991435474313068;1.0;0.9999448259156786;0.9999874750832402;0.9998408309900261;0.9999939349753985;1.024999976158142;
2016-01-22 19:00:00;0.9999879163423404;0.9995077427842213;0.9997458002704241;1.0;0.999904653114385;0.9999710057920035;1.0003319525577854;0.9999489553169636;0.9999999999999999;0.9999697398997582;0.9996575098723164;0.9999890422511516;0.9999999999999999;0.999954506286178;0.9999999999999999;1.0;1.0;0.9999003193333101;0.9999760780738246;0.9999092390324253;0.9999805598153887;0.9995328691811738;0.9999996960914035;1.0003088908773041;1.000342377333109;1.0;0.9995630523737777;0.9999669767341787;0.9998274848330075;1.0;0.9999999999999999;0.9994110242475707;0.9999411126930804;0.9986259140057966;0.9984304901827645;0.9991618700546712;0.9991413355150001;0.999132203795367;1.0;0.9999300243166632;0.9999873603704709;0.9997898972218763;0.9999933084741311;1.024999976158142;
2016-01-22 19:15:00;0.9999910586687242;0.9996237989583191;0.999808546653258;1.0;0.9999308394433698;0.9999794190829521;1.0003225055515337;0.9999635692919948;0.9999999999999999;0.9999771703397566;0.9997420379844731;0.999988823201353;1.0;0.9999655982496758;1.0;1.0;1.0;0.9999284021239042;0.9999828439291358;0.9999322697638692;0.9999878596799042;0.9996506622514895;0.9999998290797899;1.0002998851762543;1.000332433945075;1.0;0.9996736113333429;0.9999757926395015;0.9998247035573775;1.0;0.9999999999999999;0.9993929665250118;0.9999549882564878;0.9985659475645662;0.9983757263106666;0.999148357590049;0.9991284335330026;0.9991200952105196;1.0;0.9999472730440713;0.9999923401920146;0.9998431370147255;0.9999930894233978;1.024999976158142;
2016-01-22 19:30:00;0.9999925269132909;0.9996471422328694;0.9998172217552914;1.0;0.9999349442876276;0.9999796639985868;1.0003166450271146;0.999963750205233;1.0;0.9999794041095411;0.9997539708808102;0.9999899545788649;1.0;0.9999675289620611;0.9999999999999999;1.0;1.0;0.9999326816876223;0.9999844510625335;0.9999348678331287;0.999989189326723;0.999667065620592;0.999999841332768;1.00029445242376;1.0003263512302702;1.0;0.9996889535364515;0.9999769330279414;0.9998281422474155;1.0;1.0;0.999453489817328;0.9999590766849865;0.998748804720193;0.998531780905338;0.9992060320356944;0.9991859545842335;0.9991768224568015;0.9999999999999999;0.9999516153716883;0.999993098145814;0.999849157042191;0.9999940762516588;1.024999976158142;
2016-01-22 19:45:00;0.9999929773450984;0.9993714859185207;0.9996618786909128;1.0;0.9998960195049889;0.9999612898436735;1.0003394180743985;0.9999302034539579;0.9999999999999999;0.9999670881537929;0.9995453451424657;0.9999893918081475;0.9999999999999999;0.9999411353742655;0.9999999999999999;1.0;1.0;0.9998948998986233;0.9999772864241343;0.9998784377467386;0.9999922888934801;0.9993969665687875;0.9999999214592777;1.0003135652976363;1.0003512585803482;1.0;0.9994373816308607;0.99995815590641;0.9998612163954277;1.0;1.0;0.9994917893603964;0.9999362870796292;0.9988181927334143;0.9986291227581328;0.9992741663955114;0.9992543258413685;0.9992451930890528;1.0;0.9999241210491505;0.9999953498193397;0.999718762118238;0.9999934382808978;1.024999976158142;
2016-01-22 20:00:00;0.9999958624329967;0.9996730230175689;0.9998256633834155;1.0;0.9999447102140502;0.9999803938229801;1.000313614373907;0.9999644031330789;1.0;0.999983069368884;0.9997656887255507;0.9999903492845413;1.0;0.9999697442561577;1.0;0.9999999999999999;1.0;0.9999438891973914;0.9999882130710288;0.9999374800095203;0.9999951666370108;0.9996877463003649;0.9999999424156946;1.0002910781236258;1.000323386553731;1.0;0.9997087181040736;0.9999787522636683;0.9998241768222487;1.0;1.0;0.9994828401949392;0.9999658076349089;0.998743280389212;0.9985477555949914;0.9992983330380412;0.9992781130195002;0.9992693925798248;1.0;0.9999593826385534;0.9999970436953831;0.9998552218981935;0.9999946155130969;1.024999976158142;
2016-01-22 20:15:00;0.9999942915438583;0.9997332610642774;0.99986333020536;1.0;0.9999552713405857;0.9999867166747205;1.000295242766998;0.9999763475455621;0.9999999999999999;0.9999848392124304;0.999814230284975;0.9999900659174896;1.0;0.9999768862942291;0.9999999999999999;1.0;1.0;0.9999540979557212;0.9999890706969485;0.9999521374699533;0.9999933561835005;0.9997544161050548;0.9999999177075788;1.0002738972199265;1.000304636169719;0.9999999999999999;0.9997699074384977;0.9999840853114941;0.9998328893712496;1.0;1.0;0.9995472875221072;0.9999698801221376;0.9988431307310484;0.9986632774073271;0.9994245331768211;0.9994052267990872;0.9993965052501231;1.0;0.9999650331832844;0.999995945325617;0.9998891031658194;0.9999940430358835;1.024999976158142;
2016-01-22 20:30:00;0.9999948471176267;0.9996488199707992;0.9998171379646323;1.0;0.999940153075529;0.999979642782427;1.0002987901648648;0.9999630409616304;0.9999999999999999;0.9999809201855662;0.9997554109207352;0.999989627437163;1.0;0.9999669106760288;1.0;1.0;0.9999999999999999;0.9999394960575261;0.9999870389928366;0.999934734232043;0.9999950692138256;0.9996713451464959;0.9999999539158039;1.0002775415382756;1.0003078894033468;0.9999999999999999;0.9996942182425766;0.9999772134447105;0.9998466256496652;0.9999999999999999;1.0;0.9995647706174933;0.9999612372496823;0.998880955254937;0.9987022471106459;0.9994514357631525;0.9994319637712298;0.9994236229156058;1.0;0.9999545327332094;0.9999971428959658;0.999848835219046;0.9999937491086087;1.024999976158142;
2016-01-22 20:45:00;0.9999964918818018;0.9997207453704597;0.9998522734563984;1.0;0.9999529097482761;0.999983460258236;1.0002918055733852;0.9999698273372296;1.0;0.9999855548336966;0.9998019869884939;0.9999906310742422;1.0;0.9999739718176434;1.0;1.0;0.9999999999999999;0.999952393655113;0.9999901725659603;0.9999470944187324;0.999996444158579;0.9997353247095556;0.9999999637989936;1.0002710509891515;1.0003006674406947;1.0;0.9997534682706677;0.9999819597156758;0.9998432824424984;0.9999999999999999;1.0;0.9995945411900474;0.9999703352365416;0.9989744389578687;0.9987906657005278;0.9994773886688278;0.9994576231477018;0.9994489011414888;1.0;0.9999649403181526;0.9999979042251544;0.9998774451911125;0.9999947527498245;1.024999976158142;
2016-01-22 21:00:00;0.9999933254861741;0.999565062779154;0.9997721952626515;1.0;0.9999232761310961;0.9999736621534807;1.0003028213639709;0.9999524738524647;1.0;0.9999758646640697;0.9996955392266492;0.9999895084430338;1.0;0.9999585274231433;1.0;1.0;0.9999999999999999;0.9999219160192426;0.9999830054655346;0.9999182595437835;0.9999920932303192;0.9995886024887943;0.999999904613759;1.0002813584621555;1.0003121311224905;0.9999999999999999;0.9996171159763394;0.9999708913281554;0.9998574324810869;0.9999999999999999;1.0;0.9996188353663497;0.9999517321225679;0.9990383478818841;0.9988697646501382;0.9995070210855056;0.9994866445553685;0.9994771287337885;1.0;0.999942935820731;0.9999951532411521;0.9998107769970331;0.9999936301139889;1.024999976158142;
2016-01-22 21:15:00;0.9999945803807322;0.9996168141419267;0.9997987493021169;1.0;0.9999334069432665;0.9999768662399335;1.0002941674689783;0.9999580675638109;1.0;0.9999792097969359;0.9997310618026654;0.9999897310466257;1.0;0.9999635437950136;1.0;1.0;1.0;0.9999324573049891;0.9999856035602089;0.9999277959255638;0.9999940352264489;0.9996375337437093;0.9999999333972851;1.0002732872461224;1.000303157658807;0.9999999999999999;0.9996627384371077;0.9999745583061298;0.999906681269206;1.0;1.0;0.999617129817778;0.9999580250865207;0.9990433796871601;0.9988532898798599;0.9994984404392682;0.9994781373021245;0.9994690025042687;1.0;0.9999504003224728;0.9999964065613164;0.9998328149492459;0.9999939220751767;1.024999976158142;
2016-01-22 21:30:00;0.9999939604465274;0.9996028472284673;0.9997931857350105;1.0;0.9999317333830934;0.9999768476167055;1.0002876400652072;0.9999580957241992;1.0;0.9999781903689262;0.9997232726645855;0.9999898627033119;1.0;0.9999625556738462;1.0;1.0;1.0;0.9999308235660075;0.9999850029172408;0.9999261424611979;0.9999938050565678;0.9996277605275349;0.9999999361891002;1.000267062077985;1.0002965607405927;1.0;0.9996535665143985;0.9999740738458124;0.9999177869703902;1.0;1.0;0.9996481190975056;0.9999559973471824;0.99913143087506;0.9989570505955443;0.9995317795651014;0.9995123188226485;0.999502802756631;0.9999999999999999;0.9999483213110286;0.9999963370829736;0.9998289688588077;0.9999936952664552;1.024999976158142;
2016-01-22 21:45:00;0.9999932577869285;0.9996189842042872;0.9998039163582677;1.0;0.9999330262448424;0.9999781573966253;1.000287577285224;0.9999606516243043;1.0;0.9999782561685282;0.9997378031455411;0.9999892754014497;0.9999999999999999;0.9999639861778755;0.9999999999999999;1.0;1.0;0.9999318468653225;0.9999847974328265;0.9999301561967164;0.9999926528475508;0.9996454117527112;0.9999999172883526;1.0002672950307403;1.0002963116808314;1.0;0.9996700423521359;0.9999750916255624;0.9998971019635022;1.0;1.0;0.9996594876037961;0.9999562992340735;0.9991536938382007;0.9989724094156961;0.9995508661730107;0.9995313375312892;0.9995226148817897;0.9999999999999999;0.9999488431942117;0.9999955885431231;0.9998382585034189;0.9999933218737291;1.024999976158142;
2016-01-22 22:00:00;0.9999923261557535;0.9995718197561966;0.999782328109323;1.0;0.9999258180541223;0.9999758222054337;1.0002964033814263;0.9999565532304816;1.0;0.9999748135477468;0.9997099621414903;0.999987912128464;1.0;0.9999587819663265;1.0;0.9999999999999999;1.0;0.9999250200879467;0.9999829105038096;0.9999226750309216;0.9999931398868208;0.9996069079880048;0.9999999440304536;1.000275552500909;1.0003052722114236;1.0;0.9996349552991037;0.9999718026526763;0.9999164297338539;1.0;1.0;0.9996509063889966;0.999950041517292;0.9991148555394692;0.9989074155816394;0.9995515066820323;0.9995318271015204;0.9995234854124777;1.0;0.9999420022186496;0.9999961091315097;0.9998210012823051;0.9999920993149948;1.024999976158142;
2016-01-22 22:15:00;0.999984922405398;0.9994957658007243;0.9997655723419435;0.9999999999999999;0.9999149275137591;0.9999789456217004;1.000294698522864;0.9999634733781837;1.0;0.999965094131626;0.9996864127929757;0.9999814997016454;0.9999999999999999;0.9999529334404625;0.9999999999999999;1.0;1.0;0.9999140866099103;0.9999766996846944;0.9999200462462927;0.9999888545089285;0.9995743281341076;0.9999999410079685;1.0002738307678547;1.000303641650949;1.0;0.9996048632274354;0.9999696186301231;0.9999081712273674;1.0;1.0;0.9996882008900791;0.9999325050052663;0.9992243649063453;0.9990380655975524;0.9995892102837016;0.9995676724239195;0.9995589494573349;1.0;0.9999247384143142;0.9999941214265027;0.9998148458702737;0.9999861833710068;1.024999976158142;
2016-01-22 22:30:00;0.9999950106156605;0.9998484388051871;0.9999248679691992;1.0;0.9999728844968542;0.9999935720989428;1.0002609421185236;0.9999889913115559;1.0;0.9999903955367644;0.999896475663768;0.99998941677296;1.0;0.9999877925991186;1.0;0.9999999999999999;0.9999999999999999;0.9999714307834329;0.9999923983823218;0.9999741938218991;0.9999930253203226;0.9998630206256524;0.9999998980568283;1.0002424973684632;1.0002689838263505;1.0;0.999870800486491;0.9999914896693132;0.9998905970160223;1.0;1.0;0.9997073307058337;0.9999812720184406;0.9992876536175908;0.9991198105587721;0.9996036893939708;0.9995818212845183;0.9995730981944603;0.9999999999999999;0.9999784001483267;0.9999955781306796;0.9999401802999;0.9999942047065502;1.024999976158142;
2016-01-22 22:45:00;0.9999947666086378;0.9998097371194195;0.9999076827844056;1.0;0.999966323413805;0.9999911568385806;1.000259063804828;0.9999843740237299;0.9999999999999999;0.9999878940584238;0.999875785554813;0.9999881251907505;0.9999999999999999;0.99998279782082;1.0;1.0;1.0;0.999965451822289;0.9999913963382384;0.9999680086440398;0.9999945438180027;0.9998316914095803;0.9999999388746015;1.0002411313658668;1.0002666103700182;1.0;0.9998431044612209;0.9999885192212368;0.9999030094826402;1.0;1.0;0.9997035247662623;0.9999757218788514;0.9992683962781594;0.9990982209215815;0.9996053609057498;0.9995828583790303;0.9995741352799218;1.0;0.9999723017655198;0.9999967620443465;0.999925841418657;0.9999931135181681;1.024999976158142;
2016-01-22 23:00:00;0.9999965267013364;0.9998611967189932;0.9999320384858638;1.0;0.9999757685598571;0.999993319239688;1.000257509309504;0.9999881053664784;1.0;0.9999913696939771;0.9999088083031527;0.999989502902229;1.0;0.9999872731214995;0.9999999999999999;1.0;1.0;0.999975281535737;0.9999939957612554;0.9999763452761278;0.9999966334586132;0.9998765714442269;0.9999999658402517;1.0002397788472692;1.0002648510935632;1.0;0.9998850825418024;0.9999915190172131;0.9998934548422528;1.0;0.9999999999999999;0.9997181720744603;0.9999826379676136;0.9993155504204523;0.9991605981825763;0.9996173382805501;0.9995954823893892;0.9995863465190503;1.0;0.9999801599222763;0.9999980427138135;0.9999451692481416;0.999994186609075;1.024999976158142;
2016-01-22 23:15:00;0.9999942190286936;0.9998117251858536;0.9999113296942098;1.0;0.999966813035021;0.9999918963792354;1.000255963021976;0.9999858472916455;0.9999999999999999;0.9999873013322603;0.9998809561682795;0.9999883129945019;1.0;0.9999828167588911;1.0;1.0;1.0;0.9999660532933722;0.9999911243733071;0.9999696033182546;0.9999945420449823;0.9998379397003153;0.999999946716899;1.0002383426428667;1.0002633168222193;1.0;0.9998491743597709;0.9999887451958511;0.9998875355521754;1.0;1.0;0.9997531412372914;0.999974853771422;0.9994111430113055;0.9992857047576797;0.9996575314479281;0.9996359791354802;0.9996268428950185;1.0;0.9999716564211444;0.9999968531128199;0.9999295469399732;0.99999290052315;1.024999976158142;
2016-01-22 23:30:00;0.9999922450098283;0.9997644059309437;0.9998919537044475;1.0;0.99995843106882;0.9999904184769001;1.0002643307545396;0.9999833844669663;1.0;0.9999834453607339;0.9998554767196246;0.999986544730247;0.9999999999999999;0.9999782202782113;1.0;1.0;1.0;0.9999576207768752;0.999988616897811;0.9999632572125468;0.9999932723091383;0.999801825359235;0.9999999431719927;1.0002462506701;1.0002718337110728;1.0;0.9998159896117996;0.999985974570611;0.9998705218086817;1.0;1.0;0.9997270590698831;0.9999672913794773;0.9993377269272713;0.9991862905031714;0.9996289986159476;0.9996071299528105;0.9995984066418903;1.0;0.9999634622218627;0.999996227178592;0.9999148401263448;0.9999913326500859;1.024999976158142;
2016-01-22 23:45:00;0.9999942075147852;0.9997432547844624;0.9998719649106917;1.0;0.9999546881629938;0.9999866546254741;1.0002695972729083;0.9999761439174825;0.9999999999999999;0.9999844267489875;0.9998285349380341;0.9999883800213302;1.0;0.9999760907159387;0.9999999999999999;1.0;1.0;0.9999537675891208;0.9999890884285041;0.9999549961743361;0.9999940357277836;0.9997675143498767;0.9999999354382135;1.0002508613830254;1.0002775152492491;1.0;0.9997836250169613;0.9999837967049876;0.999879391517381;1.0;1.0;0.9997198493151359;0.9999687326309741;0.9993213231694063;0.9991722587097694;0.9996184550033809;0.9995969165134717;0.9995881932916816;1.0;0.999963929244222;0.9999964724874886;0.999895728297693;0.9999930637229172;1.024999976158142;
2016-01-23 00:00:00;0.999992867944561;0.9997509758543883;0.9998806998289366;1.0;0.999956246092118;0.9999887566953317;1.0002685100332986;0.9999802642904447;1.0;0.9999836837112824;0.9998396788431654;0.999987477832823;1.0;0.9999773073192414;0.9999999999999999;1.0;1.0;0.9999552335476528;0.9999885415928088;0.9999588381012414;0.9999930341752515;0.9997824667507653;0.9999999289893334;1.0002498564217457;1.0002764109899065;1.0;0.9997974061231397;0.9999849617116305;0.9998817293570651;1.0;0.9999999999999999;0.9997158680780979;0.9999676685512567;0.9993084222825769;0.999147059858681;0.9996152565217677;0.9995937181007751;0.9995849949068968;1.0;0.9999633377474166;0.9999959421548792;0.999904614409895;0.9999921615301846;1.024999976158142;
2016-01-23 00:15:00;0.9999927951200798;0.999827172468025;0.9999217590257712;1.0;0.9999676046544673;0.9999936869650022;1.0002556134472376;0.9999895113699495;1.0;0.999987084842967;0.999893798125098;0.9999874278216094;1.0;0.9999849743660114;1.0;1.0;1.0;0.9999661203045183;0.999990275306212;0.9999737309035144;0.9999916898665876;0.9998546163545894;0.9999998959091807;1.0002381119127899;1.0002630333745224;1.0;0.9998639699678058;0.9999900827437695;0.9998861696185721;1.0;1.0;0.9997322321682685;0.9999749611157128;0.9993604333800142;0.9992187466824697;0.9996290954497719;0.999606592388754;0.9995978690825251;1.0;0.9999719105541376;0.9999949434378592;0.9999391007480463;0.999992416145548;1.024999976158142;
2016-01-23 00:30:00;0.9999941619582897;0.9998602607572026;0.9999369320356375;1.0;0.9999748869919151;0.9999953777695931;1.0002537591107497;0.9999924012114209;1.0;0.9999896719212514;0.9999138873449713;0.9999882561136533;1.0;0.9999882319125574;1.0;1.0;0.9999999999999999;0.9999737979417629;0.9999923239454712;0.9999790210113118;0.9999935885417478;0.9998836592446239;0.9999999236273668;1.0002362121279347;1.0002611862959105;1.0;0.9998909380241672;0.999992345901331;0.9998877407140397;1.0;1.0;0.9997302033157422;0.9999800245689584;0.9993480544147383;0.9991937266129141;0.9996314296328259;0.9996097693711613;0.9996014270316437;1.0;0.9999777403312894;0.9999961467350551;0.9999513596136912;0.9999930708577182;1.024999976158142;
2016-01-23 00:45:00;0.9999932033645945;0.9998473094257458;0.9999331092381397;1.0;0.9999720379015221;0.9999951783083156;1.0002559524717156;0.9999921798603801;1.0;0.9999881604928603;0.9999091622198036;0.9999870016060871;1.0;0.9999868116535284;1.0;1.0;0.9999999999999999;0.9999708768250442;0.9999912914436252;0.9999779165966666;0.9999928435081021;0.9998756961704405;0.9999999185771282;1.000238432228215;1.000263309026575;1.0;0.9998838040214297;0.9999915400489022;0.9998987521493062;1.0;0.9999999999999999;0.9997056677538351;0.9999771407535927;0.9992817481179728;0.9991049198672103;0.99960270647976;0.9995790508037863;0.999569534102433;1.0;0.9999746865778515;0.9999957451197435;0.9999487993625411;0.9999921612815037;1.024999976158142;
2016-01-23 01:00:00;0.9999951741454015;0.9998767465612833;0.9999442927329178;1.0;0.9999785135494786;0.9999958960249596;1.0002556804063665;0.9999931586543667;1.0;0.9999910685050809;0.9999241976007525;0.999988787730954;1.0;0.9999894833118034;1.0;1.0;1.0;0.9999777828841324;0.9999935738433853;0.9999814510504293;0.9999951919148423;0.9998978334793783;0.9999999487567893;1.0002380198571712;1.0002630694862917;1.0;0.9999044253607173;0.9999932550982473;0.9998974697908724;0.9999999999999999;1.0;0.9996987902244606;0.9999826252396402;0.9992568819720726;0.9990747718284336;0.9995989440028619;0.9995767954579392;0.9995672787780584;1.0;0.9999807113961806;0.9999971824407337;0.9999569916572588;0.9999934714344506;1.024999976158142;
2016-01-23 01:15:00;0.9999954818552813;0.9998822488650503;0.9999459955993046;1.0;0.9999803807711191;0.9999963481837824;1.0002510713450166;0.9999939607818354;1.0;0.9999917439203497;0.9999258082316187;0.9999886007910459;1.0;0.9999904293037079;1.0;1.0;1.0;0.9999796914854545;0.9999940423725328;0.9999820978149401;0.9999954808342271;0.9999018884720223;0.9999999516574697;1.0002334840909786;1.0002585250327316;1.0;0.9999078400482387;0.9999938682789612;0.9998905343578659;1.0;1.0;0.999743641150925;0.9999840301819166;0.9993902529424251;0.9992394433788174;0.9996431434224841;0.9996209699948115;0.999612246563113;1.0;0.9999822967304045;0.9999973492458908;0.9999584912246814;0.9999934848936949;1.024999976158142;
2016-01-23 01:30:00;0.9999964030052159;0.9999017534220189;0.9999546673825193;0.9999999999999999;0.9999833545264891;0.9999966672453894;1.0002461062996904;0.9999943887418943;0.9999999999999999;0.9999931733989221;0.9999380888511732;0.9999894585530165;1.0;0.9999917726858826;1.0;1.0;1.0;0.999982816940723;0.9999951077727464;0.9999848470963566;0.9999964352584052;0.9999174909930622;0.9999999622951125;1.000229042280151;1.0002532372728659;0.9999999999999999;0.9999226783850713;0.9999947023210265;0.9999034955711982;1.0;1.0;0.9997399724803916;0.9999866957061755;0.9993804146457297;0.9992414896470364;0.9996387984616298;0.9996172595333858;0.9996085361340673;1.0;0.9999851896972498;0.999997914379115;0.9999648641064859;0.9999941422596551;1.024999976158142;
2016-01-23 01:45:00;0.999995907544498;0.9999040188055928;0.9999566942416599;1.0;0.9999822337344823;0.9999966972939554;1.0002482508618045;0.9999945628047333;1.0;0.9999928272041063;0.9999409799592947;0.9999892809345382;1.0;0.9999918338803103;1.0;1.0;1.0;0.999981395901647;0.9999945900704631;0.9999855465311805;0.9999952993442373;0.9999196860786579;0.9999999412433456;1.0002312676127143;1.0002553162050165;1.0;0.9999247355223949;0.9999946397767967;0.9998867378814885;1.0;1.0;0.9997429146858154;0.9999861028672841;0.9993784099574972;0.9992270646195966;0.9996490404428655;0.9996271713412779;0.9996184478554616;1.0;0.9999844531108532;0.9999971428611741;0.9999664846150552;0.9999940688674781;1.024999976158142;
2016-01-23 02:00:00;0.9999953574023916;0.9998967165755174;0.999951938348064;0.9999999999999999;0.9999802135390785;0.9999963802775219;1.000244011062115;0.9999941375978527;0.9999999999999999;0.9999924479086344;0.9999335196217449;0.9999884154928278;1.0;0.9999918168087254;1.0;0.9999999999999999;1.0;0.9999788716665072;0.9999938422080468;0.9999838838718872;0.9999935571578399;0.9999105792333277;0.9999999059012782;1.0002271533870248;1.000251203168786;1.0;0.9999155313099872;0.999994366931551;0.9998958404456461;1.0;1.0;0.9997528831130634;0.9999854788103124;0.9994240100595975;0.9992984278556952;0.9996479680751891;0.9996241957775358;0.9996154723176867;1.0;0.9999835059220047;0.9999959220091631;0.9999626290812105;0.999993804621012;1.024999976158142;
2016-01-23 02:15:00;0.999994784210434;0.9998692723679808;0.9999407120161371;1.0;0.9999771884915664;0.9999957126368665;1.0002440617768045;0.9999929020087892;1.0;0.9999905226203275;0.9999190538249149;0.99998993114383;1.0;0.999989006370139;1.0;1.0;1.0;0.9999763291907197;0.9999930942112476;0.999980281187256;0.9999945976706751;0.9998912965427811;0.9999999397367636;1.0002271120237531;1.000251226088857;0.9999999999999999;0.9998981367235987;0.9999929104915314;0.9999015271838141;1.0;1.0;0.9997749332225911;0.9999816483893522;0.9994762474713937;0.9993591994202008;0.9996788014883731;0.999659748300667;0.9996514055440453;1.0;0.9999796022746597;0.999996801514844;0.9999542819172946;0.9999939213295005;1.024999976158142;
2016-01-23 02:30:00;0.999996419413508;0.9999082959081567;0.9999578120988138;1.0;0.9999835926913513;0.9999967492540465;1.0002367156143106;0.9999945591484907;0.9999999999999999;0.9999934543459637;0.9999424445317777;0.9999924663981378;1.0;0.9999922555678105;1.0;1.0;1.0;0.9999829049673381;0.9999951392504366;0.9999858491675787;0.9999960180690387;0.9999224446198369;0.9999999517685555;1.0002204246641377;1.0002435094883038;0.9999999999999999;0.999927297449314;0.9999949234579925;0.9998839609713913;1.0;1.0;0.9998046288631505;0.9999872496865136;0.9995573343464353;0.9994778746765046;0.999712996135201;0.9996960020415843;0.9996868652525392;1.0;0.999985713707959;0.9999975979394758;0.9999671862496008;0.9999956126891809;1.024999976158142;
2016-01-23 02:45:00;0.9999956591184406;0.9998854148064439;0.9999470563584018;1.0;0.9999799567479499;0.9999959844082469;1.0002362533367601;0.9999932622654847;1.0;0.999991938959473;0.9999276839126056;0.9999919656557126;1.0;0.9999903836090362;1.0;0.9999999999999999;1.0;0.9999791786515381;0.9999940788275329;0.9999822512042998;0.9999953255487108;0.9999031035863242;0.9999999454308176;1.0002198559805657;1.0002431685077504;1.0;0.999909142011718;0.999993721977707;0.9999045727689031;1.0;0.9999999999999999;0.9998102749999974;0.9999843170953092;0.9995829410857492;0.9995045432451571;0.9997125385303751;0.9996957703004191;0.9996870462159578;1.0;0.999982456125329;0.9999972037111154;0.9999588470283434;0.9999951409746536;1.024999976158142;
2016-01-23 03:00:00;0.9999961594156433;0.9999035521564796;0.9999556039718249;1.0;0.9999830745189042;0.9999967914201888;1.0002316740055703;0.9999946911593081;1.0;0.9999931464866267;0.999939072305825;0.9999920332452427;1.0;0.9999920974365477;1.0;1.0;0.9999999999999999;0.9999823270649402;0.9999948815926215;0.9999851915592785;0.9999956985512547;0.9999186416480511;0.9999999475799478;1.0002156080616165;1.000238440537597;1.0;0.9999235490941838;0.999994828172678;0.9998913709458068;1.0;1.0;0.9998418225469595;0.9999867171350839;0.9996636134860977;0.999615165452497;0.9997526000492998;0.9997350554261805;0.9997259182802042;0.9999999999999999;0.9999851517177645;0.9999974012285142;0.9999656617054504;0.9999953531193088;1.024999976158142;
2016-01-23 03:15:00;0.9999955964034274;0.999889655462599;0.9999492231668287;1.0;0.9999799709762821;0.9999960487038596;1.0002325369313037;0.999993412034947;1.0;0.9999920564054758;0.9999306814421515;0.9999918210899502;1.0;0.999990690018616;1.0;1.0;1.0;0.9999790626790832;0.9999940246866382;0.9999829538978989;0.9999949192631716;0.9999064054578927;0.9999999363020866;1.0002164989711941;1.0002392894573908;0.9999999999999999;0.9999122138783968;0.9999938519932825;0.9998881592111301;0.9999999999999999;0.9999999999999999;0.9998436252332793;0.9999845749332876;0.9996782586818458;0.99963731724115;0.9997480358459531;0.9997304913029306;0.9997213541986683;1.0;0.9999826802250174;0.9999969085705641;0.9999604765157155;0.999995140963312;1.024999976158142;
2016-01-23 03:30:00;0.9999949052148827;0.9998891245705264;0.9999503235622746;1.0;0.9999789433004963;0.9999963151825948;1.0002300397029784;0.9999940617320319;1.0;0.9999914749785975;0.9999320126640577;0.9999920828236811;1.0;0.9999907188893542;1.0;1.0;1.0;0.9999777698878544;0.9999933896071999;0.9999834911290996;0.9999937823593972;0.9999073202721408;0.9999999177130671;1.000214278075093;1.000236691936275;1.0;0.9999129512427524;0.9999938410785607;0.9999031011101351;1.0;1.0;0.9998499018672432;0.9999836283670911;0.9996961099379209;0.9996600988328626;0.9997547760678709;0.9997383186045856;0.9997295941488163;1.0;0.9999816588420947;0.9999961656698328;0.9999617217231217;0.9999951597565039;1.024999976158142;
2016-01-23 03:45:00;0.9999962658764612;0.9999049453620774;0.9999571019148739;1.0;0.9999833716628806;0.9999968360894378;1.0002306717957716;0.9999947195145721;0.9999999999999999;0.9999931091967491;0.9999416600964055;0.9999912257225039;0.9999999999999999;0.999991879818464;1.0;1.0;1.0;0.999982804996102;0.9999950429517059;0.9999857176209896;0.9999962755299368;0.999921263940388;0.9999999602567039;1.0002147988892123;1.0002372685678798;1.0;0.9999263624278047;0.9999947992401056;0.9998847960756688;1.0;1.0;0.9998354963672326;0.9999865537429514;0.9996577004358026;0.9996191583207776;0.999737557684339;0.9997194902479777;0.999711146992774;1.0;0.9999850726639755;0.9999978178628125;0.9999668796738338;0.9999949038376605;1.024999976158142;
2016-01-23 04:00:00;0.999995225690425;0.9998780041941069;0.9999438480588528;0.9999999999999999;0.9999794380353623;0.9999962182911727;1.0002321191062253;0.9999937726483449;1.0;0.9999914620444612;0.9999226497111535;0.9999914413477278;1.0;0.9999902236419114;1.0;1.0;1.0;0.9999786093816876;0.9999937255061104;0.9999813767814015;0.9999949376549676;0.9998977909523945;0.9999999418854879;1.000215777151474;1.0002391195242915;0.9999999999999999;0.9999038514235647;0.9999936830015314;0.9998972961306377;1.0;1.0;0.9998412427242265;0.9999834776121796;0.9996732680300098;0.9996268277813076;0.9997442578041218;0.9997270307962883;0.9997183064390248;1.0;0.9999816313046014;0.9999969840265646;0.9999568176868913;0.9999947612198289;1.024999976158142;
2016-01-23 04:15:00;0.9999959303346362;0.9999054550986177;0.9999566872224672;0.9999999999999999;0.9999832288006802;0.9999970907970345;1.0002323110513685;0.9999953079765177;0.9999999999999999;0.9999931647097987;0.9999401149939809;0.9999921792348399;1.0;0.9999925413779928;1.0;0.9999999999999999;0.9999999999999999;0.9999823296729841;0.9999947438994191;0.9999856560405211;0.9999951415456633;0.9999204008305136;0.999999936945358;1.0002161527546876;1.0002391681296492;1.0;0.9999249387277708;0.9999950838824838;0.9998926651020211;1.0;1.0;0.9998186827145477;0.9999868405628625;0.9996009773898024;0.9995422983415079;0.999725581950269;0.9997082576624557;0.9996991207613994;1.0;0.9999852893414842;0.9999970195814375;0.9999667365857751;0.9999954297523708;1.024999976158142;
2016-01-23 04:30:00;0.999995455596536;0.9998837791997469;0.9999457530742945;1.0;0.9999786520186166;0.9999956343843769;1.0002343003972705;0.9999926778311031;1.0;0.9999917888468727;0.999925838169021;0.9999921108584371;1.0;0.9999902586298848;1.0;1.0;1.0;0.9999776027858652;0.9999937134359038;0.9999816794602696;0.9999944388306558;0.9998999521729655;0.9999999264202722;1.0002181143557354;1.000241154622842;1.0;0.9999060561266907;0.9999934736007902;0.9998922564686616;1.0;0.9999999999999999;0.9998308546194854;0.999984007394738;0.9996433027050419;0.9995774737474263;0.9997333889584736;0.9997165358084256;0.9997078115427491;1.0;0.9999819244774835;0.9999965701895976;0.9999575220508837;0.9999953129779874;1.024999976158142;
2016-01-23 04:45:00;0.9999937702476436;0.9998155148753599;0.9999140895879127;1.0;0.99996764561335;0.9999927035027001;1.0002402146390816;0.9999874478247227;1.0;0.9999872653112509;0.9998839486613378;0.9999911086434813;1.0;0.9999836490255113;1.0;1.0;1.0;0.9999667357635886;0.9999909544427258;0.9999708374613839;0.9999938629969414;0.9998428849379746;0.999999936191422;1.0002235385531428;1.0002472743958162;0.9999999999999999;0.9998534047233529;0.9999893331932993;0.9999060602196145;1.0;1.0;0.9998185074966852;0.9999750017193657;0.9995924594278728;0.9995294051629539;0.9997308699211883;0.999714735849355;0.9997060115993862;1.0;0.9999719532299755;0.9999964174274535;0.999932403412906;0.9999940835594568;1.024999976158142;
2016-01-23 05:00:00;0.9999960638544623;0.9998897225346265;0.9999489956266459;0.9999999999999999;0.9999808060049729;0.9999959438568223;1.0002344998278525;0.9999930926484378;1.0;0.9999923282538965;0.9999307544187427;0.9999914970391561;1.0;0.9999904844752802;1.0;1.0;1.0;0.9999801995180628;0.9999945004703363;0.9999828186280665;0.9999960419800069;0.9999067618332929;0.9999999574642054;1.0002183035036392;1.0002412623877752;1.0;0.9999128257827368;0.9999938280411539;0.9998885252596577;1.0;1.0;0.9998339735698468;0.9999849554509734;0.9996505378741485;0.9995897726252707;0.9997378551473652;0.999719811606991;0.9997106746003367;0.9999999999999999;0.9999831772495549;0.9999976759418858;0.9999601630270951;0.9999949747547495;1.024999976158142;
2016-01-23 05:15:00;0.9999970634832701;0.99992751726604;0.9999661626558953;0.9999999999999999;0.9999868028152534;0.9999974381949622;1.0002320021992213;0.9999957551755799;0.9999999999999999;0.9999948815653308;0.9999534539075305;0.9999929696358445;1.0;0.9999941217581698;1.0;1.0;1.0;0.9999860951803219;0.9999960299971886;0.9999886383748369;0.9999963293393992;0.9999376925558133;0.9999999503727324;1.0002160251030567;1.0002386766873899;1.0;0.9999413333265094;0.9999960579730005;0.9998983908226529;1.0;0.9999999999999999;0.9998067133313635;0.9999900647775539;0.9995667562863368;0.99950216068077;0.9997128484336535;0.9996958543425474;0.999686717554852;1.0;0.999988783674231;0.9999977246716555;0.9999736503321378;0.9999961159284712;1.024999976158142;
2016-01-23 05:30:00;0.9999964204237036;0.9998898068129761;0.9999456234139684;1.0;0.9999796929807154;0.999995066699729;1.0002332087573558;0.9999914723610585;0.9999999999999999;0.9999929474866488;0.9999256136696505;0.9999926833672097;1.0;0.9999907829468719;1.0;1.0;0.9999999999999999;0.9999786529193043;0.9999944562567312;0.9999812220270908;0.9999950124744571;0.9999003421903055;0.9999999270632131;1.0002170264703225;1.0002400896340418;1.0;0.9999062838037321;0.9999935952582141;0.9998965071847944;0.9999999999999999;1.0;0.9998351993913344;0.9999860753803993;0.9996548993888854;0.9996076660695197;0.9997385736264575;0.999721164542847;0.9997120275238273;1.0;0.999983909758947;0.9999968399348698;0.9999564628551404;0.9999959606865406;1.024999976158142;
2016-01-23 05:45:00;0.9999957792820977;0.9998656350942228;0.9999335626019363;1.0;0.9999754991180614;0.9999939293677105;1.000238821572168;0.999989475863031;1.0;0.9999914681971025;0.9999092160623312;0.9999922127270421;0.9999999999999999;0.9999886894949351;1.0;1.0;0.9999999999999999;0.9999743196884465;0.9999933663921117;0.9999770309309298;0.9999942415379718;0.9998784829866152;0.9999999172903181;1.000222160642323;1.0002459664884842;1.0;0.9998858031867522;0.9999921599015569;0.9998782833682957;0.9999999999999999;1.0;0.9998248031231569;0.9999831647331866;0.9996350642045274;0.9995946204431456;0.9997207624710442;0.999703359644623;0.9996946354939314;1.0;0.9999805572989694;0.9999963673950754;0.9999467533568663;0.9999955884472599;1.024999976158142;
2016-01-23 06:00:00;0.9999957923737985;0.9998646099456404;0.9999352079702901;1.0;0.9999753079486686;0.9999938868334954;1.0002383782643514;0.9999893232625704;1.0;0.9999909998198342;0.9999127240960715;0.9999918125017628;1.0;0.9999878067827477;1.0;1.0;1.0;0.9999744884707741;0.999993433869521;0.9999776467429837;0.9999952783382198;0.999881072535378;0.9999999425299005;1.0002220422116903;1.000245189335261;1.0;0.9998890502291581;0.9999918316096619;0.999891878861489;1.0;1.0;0.9998032198517344;0.999982100570349;0.9996455228720385;0.9996071761695777;0.9996485176290588;0.9996308902694877;0.999621754075536;1.0;0.9999796065579685;0.9999971448323134;0.9999481809509401;0.9999951591752321;1.024999976158142;
2016-01-23 06:15:00;0.9999973609548487;0.9997779832437738;0.9998830369053914;1.0;0.9999604183567794;0.9999858955880118;1.0002530837513908;0.9999741353668719;1.0;0.9999883134322152;0.9998448973800285;0.9999890811771927;1.0;0.9999782388602344;1.0;1.0;0.9999999999999999;0.9999599818968804;0.9999920588753255;0.9999577205257161;0.9999972028614077;0.9997885917832129;0.9999999693859859;1.0002357176060934;1.0002602407833037;0.9999999999999999;0.9998039161770972;0.9999849017164166;0.9998756895445381;1.0;1.0;0.9997741875520572;0.9999755050438967;0.9996072839871855;0.9995647130758493;0.9995870635899805;0.9995637367316904;0.9995550137994516;1.0;0.9999709083554844;0.9999983306439465;0.9999020464243265;0.9999943295882578;1.024999976158142;
2016-01-23 06:30:00;0.9999974272459613;0.999760047899696;0.9998717799628313;0.9999999999999999;0.9999568634347623;0.9999842987993199;1.0002577571745928;0.9999711776948264;1.0;0.9999877479034797;0.999829674947231;0.9999895695531417;1.0;0.9999766064780473;1.0;1.0;1.0;0.9999562354622495;0.9999914992910859;0.9999534528396791;0.9999966888848483;0.9997682725710114;0.9999999559573461;1.0002400022871483;1.00026514189066;1.0;0.9997848152732305;0.9999835687444614;0.9998291998086475;1.0;0.9999999999999999;0.999783394390426;0.9999741934209152;0.9996173426609437;0.9995771392034138;0.9996079643168447;0.9995834215453231;0.9995726985067743;1.0;0.9999690574467992;0.9999979318703751;0.9998921608274491;0.9999947159534193;1.024999976158142;
2016-01-23 06:45:00;0.9999952955241187;0.9997729307578253;0.9998825277757545;1.0;0.9999580091482766;0.999986949054947;1.000257777051815;0.9999765832965218;1.0;0.9999869849995459;0.9998420684857908;0.9999918062877416;1.0;0.9999791284224152;1.0;1.0;1.0;0.9999565845412824;0.9999902254974673;0.999958130432868;0.9999932356120939;0.9997858518069039;0.9999999000976438;1.0002398960934613;1.0002654359696754;1.0;0.9998000542613118;0.9999852812810758;0.9998247909896825;1.0;0.9999999999999999;0.9997760951305183;0.9999735715171936;0.9996039635425693;0.9995643900738181;0.9995950841763641;0.9995772800745438;0.9995689380061689;1.0;0.9999687584153086;0.999995687028132;0.999902980405314;0.9999954017593425;1.024999976158142;
2016-01-23 07:00:00;0.9999950968449921;0.9997813617596178;0.9998868266221931;1.0;0.9999588336016082;0.999987537807634;1.0002746831737734;0.9999777125671515;0.9999999999999999;0.9999873783973285;0.9998473909093746;0.9999928533377335;1.0;0.9999802093078015;1.0;1.0;0.9999999999999999;0.9999571609014869;0.9999902445930002;0.9999597031544104;0.9999924264284167;0.9997930540033805;0.9999998827019518;1.0002556652512538;1.0002828471160148;1.0;0.9998064532975575;0.9999859331541029;0.9997471281130558;0.9999999999999999;0.9999999999999999;0.9996791890377551;0.9999743489828585;0.999295965873411;0.9992246909971565;0.9995131290159575;0.9994962665495751;0.9994871315860259;1.0;0.999969593200426;0.9999951133830293;0.9999066076719533;0.999995959302428;1.024999976158142;
2016-01-23 07:15:00;0.9999964740962094;0.9997931157186488;0.9998931394423314;0.9999999999999999;0.9999627020472336;0.9999878313602657;1.0002690382405341;0.9999778886417661;1.0;0.9999884845178868;0.9998574746730502;0.999992673439716;0.9999999999999999;0.9999803397525182;1.0;1.0;0.9999999999999999;0.9999619546084972;0.9999918806516827;0.999961785331865;0.9999958401110411;0.9998060361818978;0.9999999475804677;1.0002505431000257;1.0002767347564159;1.0;0.9998196489652877;0.9999864159800573;0.9997436139672513;1.0;1.0;0.9997347467908135;0.9999761402260365;0.9994715686611808;0.9993991870288166;0.9995607836485476;0.9995435837000181;0.999534067336337;1.0;0.9999719196105743;0.9999974540402591;0.999911435351581;0.9999957929153542;1.024999976158142;
2016-01-23 07:30:00;0.9999968819007625;0.9998289301772729;0.9999126152901862;1.0;0.9999696778406443;0.9999903727579792;1.0002686271682657;0.9999825503487652;1.0;0.9999902986696156;0.9998833190371176;0.9999914165874658;1.0;0.9999838695961386;1.0;1.0;1.0;0.9999691402622308;0.99999325304549;0.9999689371209229;0.9999966795936844;0.9998416338147532;0.9999999622958107;1.0002501478871335;1.0002762778538572;1.0;0.9998527413810354;0.9999889736382339;0.9997385215457825;0.9999999999999999;1.0;0.9997231008156572;0.9999800165655054;0.9994484213018134;0.99938062535586;0.9995414651772306;0.9995226500897966;0.9995139275161102;1.0;0.9999766686095363;0.9999980174122022;0.9999280079235756;0.9999952392583258;1.024999976158142;
2016-01-23 07:45:00;0.9999969498813485;0.9998298941460076;0.9999111254232556;0.9999999999999999;0.9999694777029897;0.9999901636676785;1.000271509359013;0.9999822197772658;1.0;0.9999906827023001;0.9998805096988107;0.9999929682308046;1.0;0.9999844145525022;1.0;0.9999999999999999;0.9999999999999999;0.999968629144813;0.9999931784326679;0.9999682791617593;0.9999958265976293;0.9998389841010235;0.9999999404905527;1.0002526776272211;1.0002794351628719;1.0;0.999849701574421;0.999989075308265;0.9997390340133159;1.0;1.0;0.9997146255603587;0.999980867096949;0.9994426390087311;0.9993603562917006;0.9995198496626222;0.9995020100909024;0.9994920814992069;1.0;0.9999773565313614;0.9999973638418543;0.9999264893645042;0.9999961897213998;1.024999976158142;
2016-01-23 08:00:00;0.999996076819893;0.9998365932728321;0.9999164858451505;0.9999999999999999;0.9999692120103436;0.9999909482365367;1.0002727452056843;0.9999838696067057;1.0;0.9999902903192831;0.9998874739821441;0.9999929825388246;1.0;0.999985167813092;0.9999999999999999;1.0;1.0;0.9999679820309411;0.9999925547534569;0.9999703846274077;0.9999942524267835;0.9998470569251847;0.9999999137463458;1.0002540086965437;1.0002806372297635;1.0;0.9998570397335044;0.9999895423937366;0.9997395646081887;1.0;1.0;0.9996769841383529;0.999980357237908;0.9993812397126096;0.9992972691547046;0.999448245598038;0.9994316579765157;0.9994229361968938;1.0;0.9999768654426213;0.999996325096489;0.9999313630478381;0.9999961020154271;1.024999976158142;
2016-01-23 08:15:00;0.999996714795395;0.9997080708814422;0.999843289928217;1.0;0.9999475483079691;0.9999809207317983;1.000289467633808;0.9999651232063912;0.9999999999999999;0.9999850323984099;0.9997911924129607;0.9999929973969203;1.0;0.9999718326852597;1.0;1.0;1.0;0.9999466093921092;0.9999894106142798;0.9999431313345242;0.9999953526694347;0.9997169439294612;0.9999999341532795;1.0002693584074807;1.0002979510109895;1.0;0.9997367478922867;0.9999800402205857;0.999742189380372;1.0;1.0;0.9996533897016613;0.9999689193268144;0.9993851837424572;0.9993016472412616;0.9993743833691543;0.9993574740910797;0.9993487529588413;1.0;0.9999626311187904;0.9999970438772996;0.9998682857048626;0.9999962188876094;1.024999976158142;
2016-01-23 08:30:00;0.9999957175565081;0.9994472803561285;0.9997014218428713;0.9999999999999999;0.9999014755631159;0.9999614823098816;1.0003271684721655;0.9999295873948466;1.0;0.9999715363047458;0.9996054541398277;0.9999920301058742;1.0;0.999943969855174;1.0;1.0;1.0;0.9999007986635098;0.9999807780904614;0.9998907195841895;0.9999952132397656;0.9994620017742314;0.9999999525230968;1.0003045330715374;1.000336596650897;1.0;0.9995015251748129;0.999960205618334;0.999766962077109;1.0;1.0;0.9995630389334812;0.999942138264515;0.9991396843894407;0.9989912479770959;0.9992695186880526;0.9992525082934177;0.999244168935457;1.0;0.9999302531341374;0.9999970969505139;0.9997471813765634;0.9999953767800718;1.024999976158142;
2016-01-23 08:45:00;0.9999966442442253;0.9995462735376347;0.9997535969802692;1.0;0.9999194498201823;0.9999685977521982;1.0003152456494735;0.9999424219719737;1.0;0.9999773006555899;0.9996735247571347;0.9999930990278737;1.0;0.9999547177908802;1.0;1.0;1.0;0.9999187422329128;0.9999845517407621;0.9999098783986992;0.9999957964942506;0.9995564466763359;0.9999999503720862;1.0002932811815237;1.000324470090963;1.0;0.9995885316275528;0.9999678212925134;0.999770436578531;1.0;1.0;0.9995640331855613;0.9999531905650034;0.9991336884847399;0.9989967105972941;0.9992766130136068;0.9992604563879874;0.9992521169636951;1.0;0.9999434031828373;0.9999973849461856;0.9997914099539955;0.9999961759638232;1.024999976158142;
2016-01-23 09:00:00;0.9999963081466938;0.9996291027931209;0.9997985996393988;1.0;0.9999365468735111;0.9999765245313105;1.0003064847575522;0.9999570852370321;1.0;0.9999818417348558;0.9997296138720922;0.9999930976135526;1.0;0.9999655093658194;1.0;0.9999999999999999;1.0;0.999935535940974;0.9999872466309857;0.9999272141919755;0.9999948747563143;0.9996392758881274;0.9999999290998529;1.0002843059972029;1.0003162076044017;1.0;0.9996635170543808;0.9999755207050884;0.9997912988226216;1.0;1.0;0.9995426582482082;0.9999625505406515;0.9990644713991054;0.9989002145555983;0.9992594104203911;0.9992429611115675;0.999234240978654;0.9999999999999999;0.9999549222949304;0.999996749701739;0.9998314229640303;0.9999961745494977;1.024999976158142;
2016-01-23 09:15:00;0.999996807584457;0.9995731759272918;0.999767014130672;1.0;0.9999257192396115;0.9999713599899158;1.000314061315277;0.9999473710677906;1.0;0.999979384507473;0.9996894632960343;0.9999931428959586;1.0;0.9999587726130855;1.0;1.0;1.0;0.9999248998023548;0.9999858409770586;0.9999151294183124;0.9999956614380918;0.9995819751738957;0.9999999425278338;1.0002916830250537;1.0003236882084021;1.0;0.9996112437484083;0.9999707310701019;0.9998052504501772;1.0;1.0;0.9994756734478731;0.9999569868786005;0.9989038814218422;0.9987495162119541;0.9991670376444772;0.9991500528315936;0.9991409210322881;1.0;0.9999479387608461;0.9999972576780444;0.9998034583178025;0.9999962891891304;1.024999976158142;
2016-01-23 09:30:00;0.9999957602969168;0.9995612507907959;0.999763998374737;1.0;0.9999235057085892;0.9999714570245738;1.000314774851907;0.9999477516887798;0.9999999999999999;0.9999778247180008;0.999685594591313;0.9999915438100462;0.9999999999999999;0.9999575692397892;0.9999999999999999;1.0;1.0;0.9999226571894235;0.9999848074227328;0.9999144189037646;0.9999949696956274;0.9995758284229024;0.9999999404881104;1.000292438381344;1.0003243526867744;0.9999999999999999;0.9996057042646426;0.999970101969348;0.9997935357737572;1.0;1.0;0.9995085630590957;0.9999542374365081;0.9989932227219869;0.9988308478434436;0.9992052275793598;0.9991867356544331;0.9991776035198625;0.9999999999999999;0.9999451289714361;0.9999969124072873;0.9998018271775784;0.9999951660808272;1.024999976158142;
2016-01-23 09:45:00;0.9999958124121336;0.9996017912800034;0.9997876448257418;1.0;0.999929980455974;0.999974089351456;1.000315687129775;0.9999526950940474;1.0;0.9999792021650773;0.9997178905905008;0.9999927089099433;1.0;0.9999609227610925;1.0;1.0;1.0;0.9999292836250925;0.9999858300933062;0.9999230122455981;0.9999954177336055;0.9996175273126517;0.9999999511260265;1.0002936367154978;1.0003249679863289;1.0;0.9996449315550269;0.9999725408162349;0.9997955688683757;1.0;1.0;0.9994928770409754;0.9999574762450348;0.9989499478821355;0.9987920857577409;0.9991874681065962;0.9991682090405252;0.9991551299258962;1.0;0.999949229955929;0.9999972413465857;0.9998217750610726;0.999995614473622;1.024999976158142;
2016-01-23 10:00:00;0.9999962297017114;0.999625399699117;0.9997994667964439;1.0;0.9999332718836401;0.9999751317280493;1.000324658185541;0.9999545296851022;1.0;0.9999805860428431;0.9997339271236565;0.9999926342095616;1.0;0.9999630153965371;1.0;1.0;1.0;0.9999325137311981;0.9999866763086142;0.9999270885520107;0.99999550525571;0.9996382462286597;0.9999999468271003;1.0003021790979074;1.0003340468543904;0.9999999999999999;0.9996642678516571;0.9999739146962584;0.999800209585796;1.0;1.0;0.9994237624826579;0.9999600467479101;0.998788865279221;0.9985706779614316;0.9990890087315986;0.9990642703942575;0.9990450578838772;1.0;0.9999521064419199;0.9999972374450511;0.9998312001598874;0.999995780501133;1.024999976158142;
2016-01-23 10:15:00;0.999995787229524;0.9997245589754927;0.9998547461429754;1.0;0.9999513584322152;0.9999835180493332;1.0003138368398616;0.9999701269754947;1.0;0.9999852398322496;0.9998051320026698;0.9999922242441159;0.9999999999999999;0.9999743766216498;1.0;1.0;1.0;0.9999502861643833;0.9999894210714183;0.9999479252051514;0.9999944720813246;0.9997377686993495;0.9999999248018681;1.0002918235531444;1.000323221015352;1.0;0.9997554916527529;0.9999819929292344;0.9998037087314088;1.0;1.0;0.9994287084211034;0.9999698535959286;0.9987584869699415;0.9985235106287728;0.9991246731451463;0.9990990069950891;0.9990794130255498;1.0;0.9999642115478148;0.999996534998516;0.9998793699704474;0.9999955709189632;1.024999976158142;
2016-01-23 10:30:00;0.999996792428581;0.9996191998828038;0.9997946924563004;1.0;0.9999323561575958;0.9999741734576174;1.0003179208912996;0.9999526268291962;1.0;0.9999807352680417;0.9997279407957838;0.999993108022034;1.0;0.9999621583826734;1.0;1.0;1.0;0.9999317373723448;0.9999869090847943;0.9999251170279568;0.9999962201058816;0.999630095118878;0.9999999565998232;1.0002959035705306;1.000327092404645;1.0;0.9996568792178516;0.9999732744781341;0.9998007555769377;1.0;1.0;0.9994392053797791;0.9999600638081452;0.9988520551058987;0.9986709116440511;0.9990924371283717;0.999026677409445;0.9989536247747939;1.0;0.9999519336536072;0.9999976806943994;0.9998266353950834;0.9999961291124297;1.024999976158142;
2016-01-23 10:45:00;0.9999956388475;0.9996260894566541;0.9998015255899111;1.0;0.9999346119182023;0.9999763784639333;1.0003169618498615;0.9999569006980826;1.0;0.9999803913885088;0.9997356720129998;0.9999922935596743;1.0;0.9999638517498424;1.0;1.0;1.0;0.9999338537647441;0.9999865704066025;0.9999283301088965;0.9999951945778677;0.9996426192574381;0.9999999468258954;1.0002947237246473;1.0003263748035336;0.9999999999999999;0.999667903115209;0.9999747031131743;0.9997941916708845;1.0;1.0;0.9994364818752126;0.9999597995709025;0.9988188886187118;0.9986391868935262;0.9991068762461593;0.9990291897582535;0.9989408642119235;1.0;0.9999521680292537;0.999997103179212;0.9998340401115127;0.9999953704931454;1.024999976158142;
2016-01-23 11:00:00;0.9999951502922302;0.9996352678105113;0.9998044039217405;1.0;0.9999350258929823;0.9999770619012656;1.0003212309338245;0.9999583514804943;1.0;0.9999810495150507;0.999737626789576;0.9999921448781209;1.0;0.9999658818178598;1.0;1.0;1.0;0.9999334863162279;0.9999862183657244;0.9999294067920612;0.9999927301051023;0.9996470327033866;0.9999998920320335;1.0002984609574201;1.000331128320115;1.0;0.9996707589345054;0.999975669299725;0.9997630330775972;0.9999999999999999;1.0;0.9993941540409232;0.9999612968263588;0.9986931208682892;0.9985260038360743;0.9990650951270329;0.9989859206325419;0.9988973654354326;1.0;0.9999535374413191;0.9999953249219894;0.9998365023610757;0.9999956361076284;1.024999976158142;
2016-01-23 11:15:00;0.9999904901968731;0.9996199408844835;0.999802578737571;1.0;0.9999256864115507;0.9999776376046725;1.000324952211078;0.9999606129648414;1.0;0.9999769306682548;0.9997332027590496;0.9999923850123403;1.0;0.9999654604590857;0.9999999999999999;0.9999999999999999;1.0;0.9999219513750804;0.9999813632428798;0.9999294990994909;0.9999838436368994;0.9996368318339864;0.9999997380833173;1.0003023933607014;1.0003350348383422;1.0;0.9996597427321321;0.9999747468999578;0.9997879548260499;0.9999999999999999;1.0;0.9993864688860818;0.9999548167151953;0.9986894696339638;0.9985153166573926;0.9990444069265642;0.9989661412004828;0.9988767525845945;1.0;0.999946071567717;0.9999894032197918;0.9998367418884575;0.9999953867481653;1.024999976158142;
2016-01-23 11:30:00;0.9999925206244065;0.9996222333704712;0.9998044305450592;1.0;0.9999300182240659;0.9999775116277524;1.0003199988776956;0.9999597686014825;1.0;0.9999779155179453;0.9997381499910618;0.9999912457903176;1.0;0.9999642841414824;1.0;1.0;1.0;0.9999279117847183;0.9999836314559384;0.9999300219944673;0.9999896070118972;0.9996435298574419;0.9999998522830501;1.0002978260535684;1.000329557402219;1.0;0.9996677570170351;0.9999747093088958;0.999794015389974;1.0;1.0;0.9994137200359406;0.9999560151915668;0.998765604873509;0.998594018016904;0.9990746089568577;0.9990017620800006;0.99892072711425;1.0;0.9999479840543504;0.9999934101300921;0.9998379653517322;0.9999945656617694;1.024999976158142;
2016-01-23 11:45:00;0.9999942145134895;0.9996369200876374;0.9998128379665393;1.0;0.9999339644679334;0.9999777015293105;1.0003195354870744;0.9999595386539575;1.0;0.9999793310519692;0.9997520216302621;0.9999914951740875;1.0;0.9999641971557579;1.0;1.0;1.0;0.9999329734456474;0.9999857039992078;0.9999327154334003;0.9999937567419855;0.9996598103516035;0.9999999304986397;1.0002977889140028;1.0003285147072278;1.0;0.9996845994940393;0.9999752117945121;0.9998070857729041;1.0;1.0;0.9993761432740959;0.9999577560834296;0.9986239618340151;0.9984064587915822;0.9990579992115987;0.9989926360316694;0.9989203292089713;1.0;0.9999502847735383;0.9999962587191532;0.9998441780764749;0.999994572105102;1.024999976158142;
2016-01-23 12:00:00;0.999992750465156;0.9996566386775347;0.9998260116253881;1.0;0.9999397590766476;0.999981684689558;1.000315043957194;0.999967235532528;1.0;0.9999797677940789;0.9997662802009311;0.999990058419106;0.9999999999999999;0.9999683717758916;1.0;1.0;1.0;0.9999384156946176;0.9999856455373879;0.9999386145284374;0.9999919604446711;0.9996848721797741;0.9999999057879031;1.0002928307916457;1.0003246176008285;1.0;0.9997062372285979;0.9999782954840263;0.9998053571576272;1.0;1.0;0.9993797307026153;0.9999595040867207;0.9986348595402552;0.9984642521880148;0.9990613769329364;0.998994588626151;0.9989221342856149;1.0;0.9999529666182709;0.9999951517909116;0.9998577957767089;0.9999935496413292;1.024999976158142;
2016-01-23 12:15:00;0.9999896227276335;0.9997481167471893;0.9998768597687272;1.0;0.9999502573496358;0.9999892908793836;1.0003241453883498;0.9999822865608284;1.0;0.9999824535399511;0.9998294543626053;0.9999913574997978;1.0;0.9999799717773765;0.9999999999999999;0.9999999999999999;1.0;0.9999465070345177;0.9999849895981577;0.9999577861924687;0.9999834266621468;0.9997710804319;0.9999997370168814;1.0003013096740154;1.0003344849823759;1.0;0.999783306600465;0.9999854437113866;0.9998056037836816;1.0;1.0;0.9992492272745319;0.9999666562421069;0.9983031104156777;0.9980940424067214;0.9988943040952991;0.9988286185956488;0.9987561762924643;1.0;0.99996124515237;0.9999892409165804;0.9999021772747838;0.9999945037873521;1.024999976158142;
2016-01-23 12:30:00;0.9999898383371341;0.9996890769137164;0.9998447839831202;1.0;0.9999397556157509;0.9999845231132671;1.0003322970386979;0.9999733647493867;1.0;0.9999796064912387;0.9997883800741332;0.9999913568695175;1.0;0.9999731393428396;0.9999999999999999;0.9999999999999999;0.9999999999999999;0.999936311828433;0.9999834410766701;0.999945779174631;0.9999843627964529;0.9997134103200683;0.9999997585083539;1.0003090957518217;1.0003426373842979;0.9999999999999999;0.9997306360925075;0.9999807288890468;0.9998099714614334;0.9999999999999999;1.0;0.9992106280094207;0.9999605402551149;0.9981979913957754;0.9979964588269142;0.9988496674816104;0.9987831259492992;0.9987091747786707;1.0;0.9999538544307823;0.9999899115891884;0.9998743940851867;0.9999944069840837;1.024999976158142;
2016-01-23 12:45:00;0.9999902077016579;0.9995697976221487;0.9997754172578877;1.0;0.9999161251540977;0.9999738230053957;1.0003342638293902;0.9999535608196126;1.0;0.9999743911637351;0.9996978122018918;0.9999918367218709;1.0;0.9999600756879506;1.0;1.0;1.0;0.9999123259766062;0.9999796618711525;0.9999194214734258;0.9999834591950043;0.9995874082184154;0.9999997335834886;1.0003111898290433;1.0003445168843652;1.0;0.9996141878141253;0.9999709314180611;0.9998314119461816;1.0;1.0;0.9992817358281192;0.9999493885073607;0.9983754907317928;0.9981747730942173;0.9989429251546892;0.9988929000696941;0.9988412432197274;1.0;0.9999394626680683;0.999989163758781;0.9998134144337193;0.9999950872382882;1.024999976158142;
2016-01-23 13:00:00;0.9999901771387536;0.9992935025310873;0.999621755554226;1.0;0.999878085854251;0.999956528637871;1.0003621272410643;0.9999219494433187;0.9999999999999999;0.9999619389218646;0.9994909141805337;0.9999910651597127;0.9999999999999999;0.9999341941579896;1.0;1.0;0.9999999999999999;0.9998755153488452;0.9999725511582791;0.9998640515090222;0.9999865918640045;0.9993207840224146;0.9999998197164989;1.0003348854226062;1.0003747701552645;1.0;0.999365695816077;0.9999528342564324;0.9998341878802677;1.0;1.0;0.9993092366852742;0.9999259860165935;0.9983883913961745;0.9981834771208942;0.9990170672030152;0.9990002499633075;0.9989907387725486;1.0;0.9999116226803564;0.9999915202947649;0.9996853993845742;0.9999940668915759;1.024999976158142;
2016-01-23 13:15:00;0.9999903258950891;0.9993669748183356;0.9996609900924321;1.0;0.9998894538374755;0.9999612512550217;1.0003717620279906;0.9999307606670264;1.0;0.9999654131845542;0.999542599451257;0.9999908323385958;1.0;0.999941626919957;1.0;1.0;1.0;0.9998865217962701;0.9999744396021388;0.9998782574389201;0.9999856829128001;0.999390071986338;0.9999997943686827;1.0003440825125973;1.000384564820369;1.0;0.9994296404452309;0.9999578139100161;0.9998361738389688;1.0;1.0;0.9992051010368344;0.999933326426519;0.9980822701251768;0.9978452566291646;0.9989120321352974;0.9988932766611027;0.9988829733970283;1.0;0.9999202406248865;0.9999908118000175;0.9997182974731557;0.9999942542064028;1.024999976158142;
2016-01-23 13:30:00;0.9999887626895542;0.9993611250889632;0.9996655462947174;0.9999999999999999;0.9998830082518636;0.9999606506296992;1.0003552494771661;0.999929539970504;0.9999999999999999;0.9999632904671275;0.9995526411111174;0.9999900647612199;1.0;0.9999389410022398;0.9999999999999999;1.0;1.0;0.9998798923617945;0.9999730554058543;0.9998798003033474;0.9999843704017584;0.9993923830253798;0.9999997814853819;1.0003301853719189;1.0003663994434597;1.0;0.9994339178207547;0.9999564829849651;0.9998413805610827;1.0;1.0;0.9992986255512795;0.9999276260952508;0.998352859451487;0.9981149861717596;0.9990093264724251;0.9989922473232181;0.9989835293782183;1.0;0.9999140359342397;0.999990086176846;0.9997217962061501;0.9999933420719687;1.024999976158142;
2016-01-23 13:45:00;0.999988696998106;0.9995164688655535;0.9997503635823041;1.0;0.999908394526005;0.9999720059143532;1.000335389987242;0.9999504821596007;1.0;0.9999708684697605;0.9996636063025255;0.9999907209570053;1.0;0.9999555411097413;1.0;1.0;0.9999999999999999;0.9999046105643697;0.999977392452405;0.9999110407597227;0.9999826231928356;0.999542967202921;0.9999997346462054;1.0003118729734741;1.0003459754788027;1.0;0.9995726372886332;0.9999680561920345;0.9998299229822318;1.0;1.0;0.9993514667473282;0.9999427953974289;0.9985246850489972;0.9983136845890951;0.9990513621500811;0.999034659694857;0.9990263221549727;1.0;0.9999322314397172;0.9999887835486889;0.999794009490365;0.999993971469796;1.024999976158142;
2016-01-23 14:00:00;0.9999811526946466;0.999367497702054;0.9996736653160201;1.0;0.9998713105979449;0.9999628332189018;1.000364173575843;0.9999358986258471;1.0;0.9999587368093938;0.9995572967269277;0.9999911779820334;0.9999999999999999;0.999942793095289;1.0;0.9999999999999999;1.0;0.9998634195025907;0.999965272737812;0.9998836713040501;0.9999664582156004;0.9993949281295982;0.9999994466213483;1.0003388762631593;1.0003762772846498;1.0;0.9994317554862168;0.9999571209055497;0.9997999334401886;1.0;1.0;0.9993337122498592;0.9999222401645254;0.9984626533153872;0.9982253548441559;0.9990401734664877;0.9990232583017812;0.9990133344657849;1.0;0.9999070273209429;0.9999778499841161;0.9997308121860744;0.9999941103572857;1.024999976158142;
2016-01-23 14:15:00;0.9999857695360002;0.9994636926044803;0.9997230850617125;1.0;0.9998938082213977;0.999968557265072;1.0003505069228087;0.9999449039356434;0.9999999999999999;0.9999665866558175;0.9996258566092253;0.9999915977681845;1.0;0.9999510653638698;1.0;1.0;1.0;0.9998882488328402;0.9999728345782385;0.9999012070708775;0.9999758736790939;0.9994891047344369;0.9999996101434515;1.0003261925745068;1.0003616935483626;1.0;0.9995213279059811;0.999964126135569;0.9998048045374346;1.0;1.0;0.9993218891475689;0.9999350966206756;0.9984555603374953;0.998193063392187;0.9990093567506327;0.9989936513292724;0.9989849333720203;1.0;0.9999226488761566;0.9999841849670189;0.9997712612634175;0.999994441419441;1.024999976158142;
2016-01-23 14:30:00;0.9999862164489873;0.9994389320240648;0.9997094246892352;0.9999999999999999;0.9998881361143276;0.9999654474076641;1.0003455861122041;0.9999391675696584;1.0;0.9999650854540203;0.9996099001896479;0.9999922643009542;1.0;0.9999470186257946;0.9999999999999999;1.0;1.0;0.9998828386911743;0.9999720740038432;0.9998956572877956;0.9999767867430556;0.9994636205265088;0.999999628513481;1.0003221044979977;1.000356168017282;1.0;0.9994988093934918;0.9999611996098409;0.9998161046724217;0.9999999999999999;0.9999999999999999;0.9993706500674967;0.9999321827878748;0.9985712519121571;0.9983584585189467;0.9990774220309306;0.9990633261075792;0.9990554007709255;1.0;0.9999189910493897;0.9999847958587683;0.9997585112985985;0.9999947920438899;1.024999976158142;
2016-01-23 14:45:00;0.9999881923322416;0.9993385301364526;0.9996502506763449;1.0;0.9998732306593132;0.9999569674121218;1.000352125394483;0.9999229659919547;1.0;0.999961975601328;0.9995329238704623;0.9999919131393072;1.0;0.9999360612275402;1.0;1.0;1.0;0.9998688972484233;0.9999709926905169;0.9998733442239346;0.999980530254274;0.9993605443397129;0.9999996961088942;1.0003279122568307;1.0003629184087233;1.0;0.9994041309504386;0.9999535935241337;0.9998189894146025;1.0;1.0;0.9993638578726292;0.9999247334597097;0.9985594166816121;0.9983167073413927;0.9990650178896162;0.9990481868681194;0.9990382627844943;0.9999999999999999;0.9999095578095547;0.9999872924467117;0.9997068889628068;0.9999948187006735;1.024999976158142;
2016-01-23 15:00:00;0.9999864737637649;0.9994203556938055;0.9997003967584337;0.9999999999999999;0.9998886282427558;0.9999652790458723;1.000347395860798;0.9999388076714378;1.0;0.9999643294919772;0.9995974354101269;0.999991162126117;0.9999999999999999;0.9999455495594348;1.0;1.0;1.0;0.9998840401752314;0.9999722557644517;0.9998928167748997;0.9999789065436596;0.9994503879003022;0.9999996782535515;1.0003232783134834;1.000358302291982;0.9999999999999999;0.9994865796920098;0.9999605667499895;0.9998251873854311;1.0;1.0;0.9993955050778114;0.9999310296147192;0.9986474885766958;0.9984158794995853;0.9991003270877845;0.9990845636025779;0.9990754324018156;1.0;0.9999181027006924;0.9999863517670473;0.9997519573441263;0.9999939231305166;1.024999976158142;
2016-01-23 15:15:00;0.9999896791722396;0.9994683285281533;0.9997205535898925;1.0;0.999899033860642;0.9999669144944923;1.0003389915852823;0.9999408665585954;1.0;0.9999693511410408;0.9996252773797151;0.9999909311010768;0.9999999999999999;0.9999498357341061;1.0;1.0;1.0;0.9998953358545198;0.999976474660427;0.9998994093353661;0.99998336614827;0.9994894042732475;0.9999997406723005;1.0003153926782722;1.0003495216657035;0.9999999999999999;0.9995234467762184;0.99996376898934;0.99981703646971;1.0;1.0;0.9993996666826855;0.9999391087703027;0.9986542176286625;0.99840847842501;0.9991082840398731;0.9990907704467429;0.9990824324385806;1.0;0.9999271558546431;0.9999891803255394;0.9997671066701725;0.9999944378601009;1.024999976158142;
2016-01-23 15:30:00;0.9999822203966712;0.9994725862132001;0.9997302281621909;1.0;0.9998905655664612;0.9999703078798601;1.0003445688966988;0.9999493567273202;1.0;0.9999645775657265;0.9996320772562117;0.9999915458876842;1.0;0.9999536008931402;1.0;1.0;1.0;0.9998829381168904;0.9999693880372824;0.9999043882802651;0.9999679129138824;0.9994973441527345;0.9999994651206822;1.0003206351043734;1.0003560541455065;1.0;0.9995267048747016;0.9999649537791645;0.9998474370793354;1.0;1.0;0.9993854580776418;0.9999334907506855;0.9986155399856431;0.9983692733983833;0.9990918411106294;0.9990755974076687;0.9990664662888533;1.0;0.9999206076008769;0.9999787767345117;0.999778717720135;0.9999944588957627;1.024999976158142;
2016-01-23 15:45:00;0.9999730392042806;0.9993863937349146;0.9996899847478968;0.9999999999999999;0.9998626393099422;0.9999670469214472;1.0003564952269084;0.9999459594708264;1.0;0.9999547835121361;0.9995717834067737;0.9999913289759181;0.9999999999999999;0.9999487795964007;1.0;0.9999999999999999;1.0;0.9998498846204682;0.9999578491425595;0.9998909968900289;0.9999480545763331;0.9994125945180558;0.9999991055483108;1.0003318541043498;1.0003693160184008;1.0;0.9994431308397939;0.99995947778631;0.9998324851365208;1.0;1.0;0.999421753633395;0.9999178174520195;0.9987262758057298;0.9984690238773009;0.9991256932801682;0.9991097041355506;0.9991009851655359;1.0;0.9999014621553528;0.9999653360841463;0.9997477501874669;0.9999942613516132;1.024999976158142;
2016-01-23 16:00:00;0.9999757963182335;0.9993622188964935;0.9996720101314379;1.0;0.9998611661535717;0.9999637602897751;1.000352349242656;0.999939124740984;1.0;0.9999557649608055;0.9995495729552816;0.9999913654852405;1.0;0.9999454147316461;0.9999999999999999;0.9999999999999999;1.0;0.9998495296979534;0.9999596096739155;0.9998837065873232;0.9999528071572469;0.9993835832718286;0.9999991839652936;1.0003278492750776;1.0003649346251904;1.0;0.9994172704403086;0.9999573357624896;0.9998451369582753;0.9999999999999999;1.0;0.999407773020995;0.9999183010526475;0.9987118294083603;0.9984894722283759;0.9990933901278436;0.9990757838844476;0.9990662719745524;0.9999999999999999;0.999901576908884;0.9999684558154697;0.9997308373556367;0.9999946160001263;1.024999976158142;
2016-01-23 16:15:00;0.9999775447377488;0.9994010184076721;0.9997065536068231;1.0;0.9998795336099893;0.9999702697614651;1.0003510632808479;0.999950150516494;0.9999999999999999;0.999957052546019;0.9996001705386947;0.9999870848287883;1.0;0.9999471636715991;1.0;1.0;0.9999999999999999;0.9998719352936645;0.9999645627947839;0.9998978174042482;0.9999653000878603;0.9994532908884216;0.9999994671507253;1.000326624496006;1.0003627737841914;1.0;0.999486094271234;0.9999615192099154;0.9998399160506514;1.0;1.0;0.9994021640232102;0.9999201282632184;0.9986856483355464;0.9984404103858614;0.9990943517819453;0.9990770145461987;0.9990686766528377;1.0;0.9999068957678859;0.9999775904653739;0.9997635150304138;0.9999905357290292;1.024999976158142;
2016-01-23 16:30:00;0.9999914000307302;0.9996360472061285;0.9998093940124685;1.0;0.9999294863683181;0.9999783228946902;1.000321186800116;0.9999617069905471;1.0;0.9999783981935882;0.999742263569979;0.9999925860608392;0.9999999999999999;0.9999670194110976;0.9999999999999999;0.9999999999999999;0.9999999999999999;0.9999260179846067;0.9999825679875526;0.9999318031546358;0.9999851103225215;0.9996502657708509;0.9999997567821624;1.000298767134527;1.000331206377232;1.0;0.999672244874449;0.9999758271644844;0.9998632611887115;1.0;1.0;0.9994071210791136;0.9999576084708474;0.9986896403110781;0.9984483376774814;0.9991065771998986;0.9990898131400611;0.9990806818913203;1.0;0.9999492419282046;0.9999902080344518;0.9998420828844153;0.9999956629952103;1.024999976158142;
2016-01-23 16:45:00;0.9999804217296329;0.9994252539117977;0.9997230737451794;1.0;0.9998916247961162;0.999972851264354;1.0003334614294508;0.9999538755284543;1.0;0.9999594765318796;0.9996254303017461;0.9999862809817064;0.9999999999999999;0.9999479846018827;1.0;0.9999999999999999;1.0;0.9998868300238584;0.9999689886826393;0.9999041413401382;0.9999749266394884;0.9994892242337369;0.9999996637506396;1.0003100916496783;1.0003441979845205;0.9999999999999999;0.9995221425958549;0.9999637516212675;0.9998758481699592;1.0;1.0;0.9994672035652555;0.9999236313843307;0.998824715800625;0.9986132624851699;0.9991955545875293;0.9991793992724882;0.9991710605246659;0.9999999999999999;0.9999123688600118;0.9999843720362981;0.9997781360973194;0.9999893578966771;1.024999976158142;
2016-01-23 17:00:00;0.9999724785372632;0.9993605825941696;0.9996782566952424;1.0;0.9998607133529325;0.9999666711289574;1.0003535683357043;0.9999454046166639;1.0;0.9999530891506602;0.9995554450814631;0.9999897509288244;1.0;0.9999467496529938;1.0;0.9999999999999999;1.0;0.9998483002416798;0.9999570590879907;0.9998873114525336;0.9999486781761595;0.9993932823476628;0.9999991294954682;1.0003286976908299;1.000366592543578;0.9999999999999999;0.9994250328957551;0.9999583633090525;0.9998950603204898;0.9999999999999999;1.0;0.9993885813813629;0.9999150331923833;0.998702601462772;0.9984753193698837;0.9990418061545623;0.9990232864566465;0.9990129818515626;1.0;0.9998986812431727;0.9999658990083211;0.9997392236921819;0.9999930975953943;1.024999976158142;
2016-01-23 17:15:00;0.9999659844054147;0.9993381555737624;0.999675523808878;0.9999999999999999;0.9998500355735436;0.9999687043928618;1.000360394835659;0.9999506559059481;1.0;0.9999478728334067;0.9995476666533857;0.9999890485621727;1.0;0.9999472126310912;0.9999999999999999;1.0;1.0;0.9998347764473906;0.999950898985662;0.9998878715287602;0.9999369452616282;0.9993806751251032;0.9999989298993022;1.000335185161517;1.0003741098306096;1.0;0.9994106226996603;0.9999581263563924;0.9998833753293842;1.0;1.0;0.9993738304947494;0.9999065728409944;0.998626707770166;0.998378037644994;0.9990491494033847;0.9990321779713924;0.9990226664766565;1.0;0.9998892446785365;0.9999581433971539;0.9997404653005891;0.9999920986696981;1.024999976158142;
2016-01-23 17:30:00;0.9999804845790642;0.9992730312861475;0.9996223116660564;0.9999999999999999;0.9998604956537887;0.9999584446784436;1.000356970015182;0.9999280881878032;1.0;0.999954214726813;0.9994862679224926;0.999989443598816;1.0;0.999935127024735;1.0;1.0;1.0;0.9998530061949761;0.9999626265440903;0.9998658310334253;0.9999670929502903;0.9993074612853914;0.9999994747662967;1.000330817954784;1.0003699086558264;1.0;0.9993493499282958;0.9999518862330097;0.999887314352253;0.9999999999999999;0.9999999999999999;0.9993898973974339;0.9999144529572928;0.9986011559552629;0.998381003923322;0.9991150550874915;0.999097283421799;0.999088152104783;1.0;0.9998981392785478;0.9999784420552693;0.9996895356065413;0.9999928386618;1.024999976158142;
2016-01-23 17:45:00;0.9999804971314544;0.9994123753108084;0.9996957104957003;1.0;0.9998918323915738;0.9999718680139263;1.0003496959880749;0.9999530557451756;1.0;0.9999621083330067;0.9995762611138812;0.9999893672358326;1.0;0.9999537021037879;1.0;1.0;1.0;0.99988407158835;0.9999674326610721;0.9998942413862806;0.9999664722464423;0.999445221359587;0.9999994557254683;1.0003221033394107;1.0003641018856793;1.0;0.9994733976522651;0.9999649418998738;0.9999058154250441;1.0;1.0;0.9993827424005619;0.9999320322613232;0.9986188017937526;0.998405683939702;0.9990814222401078;0.9990637809949415;0.9990554432120224;1.0;0.9999196162113008;0.9999779764635436;0.9997551887311986;0.999992914301032;1.024999976158142;
2016-01-23 18:00:00;0.9999704592781483;0.9992526655541505;0.9996084986642807;1.0;0.9998500552119634;0.9999622318520653;1.0003745020460424;0.9999390210626045;1.0;0.9999481128143064;0.9994501001667787;0.9999910761679538;1.0;0.9999425540109914;0.9999999999999999;1.0;1.0;0.9998358605704948;0.9999515210575932;0.9998633847579032;0.9999421578291232;0.9992764786610893;0.9999990044952949;1.0003444851700605;1.0003915740152964;0.9999999999999999;0.9993094702812424;0.9999533912128493;0.9999279384351766;1.0;1.0;0.9993912976654997;0.9999115608842298;0.9985829084760817;0.9983525685035132;0.9991317402479878;0.9991135710702961;0.9991032655339552;1.0;0.9998935254851209;0.9999613104925192;0.9996839527457391;0.999994311163943;1.024999976158142;
2016-01-23 18:15:00;0.999976472467609;0.9993623345317078;0.9996867391347585;1.0;0.9998793716316601;0.9999710111151079;1.0003451471634561;0.9999518734385681;1.0;0.9999551389160113;0.9995694151154874;0.9999862335712515;1.0;0.9999461849834524;1.0;1.0;1.0;0.9998720030701391;0.9999634683724284;0.9998920213066642;0.9999653122901009;0.999422907413163;0.9999994832413899;1.0003195043703175;1.0003579821505804;1.0;0.99945586162932;0.9999611121132799;0.999920141021754;0.9999999999999999;1.0;0.9993945671042334;0.9999178271864575;0.9985649994612974;0.9983578348827613;0.999153832373202;0.9991325751325365;0.9991186841192143;1.0;0.9999048885791852;0.99997777767368;0.9997500714052514;0.999989572778159;1.024999976158142;
2016-01-23 18:30:00;0.9999850643857082;0.9995219937993214;0.9997625848432128;1.0;0.9999133229334197;0.9999775792589175;1.000325255291549;0.9999616730821497;1.0;0.9999685848607724;0.9996756153413173;0.9999878582552845;1.0;0.99995893579433;1.0;1.0;1.0;0.9999092204139145;0.9999755598129223;0.9999177082312799;0.9999796350132786;0.9995664704963141;0.9999997122958051;1.0003014056845216;1.0003364815118378;1.0;0.9995925598346785;0.9999710194042687;0.9999083596942527;1.0;1.0;0.9994260755360187;0.9999407023291226;0.9985973925132312;0.998374999373304;0.9992267475199891;0.9992096518440305;0.9992021061886134;1.0;0.9999314411944483;0.9999871428707923;0.9998094580388157;0.9999914246674142;1.024999976158142;
2016-01-23 18:45:00;0.999979508646994;0.999428133587801;0.9997310734348365;1.0;0.9998953538422035;0.9999755312372093;1.0003373512539628;0.9999588262739489;1.0;0.9999586348875535;0.9996360690796394;0.9999845452897669;1.0;0.9999485988882625;1.0;1.0;1.0;0.9998912912142314;0.9999692146051424;0.9999080813140306;0.9999765331354751;0.999505173567282;0.9999997150864139;1.0003135095619629;1.000348210922662;1.0;0.9995374136194886;0.9999650789636153;0.9999024066199438;0.9999999999999999;1.0;0.9993912457860283;0.9999221920230623;0.9985086738717821;0.9982792802237064;0.9991822811678516;0.9991663081911965;0.9991583820376095;1.0;0.9999118956314799;0.9999857355239656;0.9997872186270981;0.9999876647400495;1.024999976158142;
2016-01-23 19:00:00;0.9999793851654918;0.9994646583847527;0.9997383990863744;0.9999999999999999;0.9998969386984766;0.9999759936664523;1.0003430186627509;0.9999602631750207;1.0;0.9999619659659802;0.9996401856614637;0.9999874641284687;1.0;0.9999551070574554;1.0;1.0;1.0;0.9998902777763282;0.9999686828388009;0.9999099628801591;0.999969090326674;0.9995162097948285;0.9999995328837925;1.0003180786782337;1.0003551800804917;1.0;0.9995436231816841;0.9999675338527239;0.9999005699344377;1.0;1.0;0.9993707971773513;0.9999298476070421;0.9984471191442407;0.9981925837627275;0.9991626415897975;0.999145809089415;0.9991374706219225;1.0;0.9999187853595826;0.9999801409844048;0.9997915631991784;0.9999907549580275;1.024999976158142;
2016-01-23 19:15:00;0.9999746117915161;0.9992910565633008;0.9996519570919025;1.0;0.9998737461932659;0.9999700596064535;1.0003537736456565;0.9999506692754502;0.9999999999999999;0.9999507490621196;0.9995192199772661;0.9999850283425904;1.0;0.9999416395232865;1.0;1.0;1.0;0.999866723956443;0.9999608559610453;0.999881011006415;0.9999651422583935;0.9993653471440105;0.9999995074951521;1.0003259928031984;1.0003680606425212;1.0;0.9994007538101829;0.9999583616279308;0.9999027187880286;1.0;1.0;0.9994264285455237;0.9999110967753428;0.9985952473309375;0.9983756560959722;0.9992292779524868;0.9992123034605458;0.9992027902508873;1.0;0.9998979686815437;0.9999779613651031;0.9997246016079167;0.9999880784378536;1.024999976158142;
2016-01-23 19:30:00;0.9999852778103707;0.999463182800572;0.9997285776211929;1.0;0.9999125940301017;0.9999767630111601;1.000340239703837;0.9999601911189359;1.0;0.9999670516809225;0.9996254512923997;0.9999877782896156;0.9999999999999999;0.999956342073387;1.0;1.0;1.0;0.9999092483167912;0.999975223211066;0.9999066235606862;0.9999818587384127;0.9995136516525581;0.9999997653331473;1.0003132340696386;1.000353490925116;0.9999999999999999;0.9995413266159218;0.9999695523994345;0.9999143216417249;0.9999999999999999;0.9999999999999999;0.9993513208099922;0.9999387078953617;0.9983985944825966;0.9981668345388798;0.9991370358639894;0.9991192876945083;0.9991093629046004;0.9999999999999999;0.9999295820889362;0.9999887825615108;0.9997837634523608;0.9999909729475684;1.024999976158142;
2016-01-23 19:45:00;0.9999812842596306;0.9994624949959136;0.9997432029087394;1.0;0.9999075426017443;0.9999789373059732;1.0003358358915488;0.99996479696396;1.0;0.9999627725703716;0.999648031565554;0.9999847975418831;0.9999999999999999;0.9999546644179674;1.0;1.0;0.9999999999999999;0.999903846128349;0.9999722241139486;0.9999129085041875;0.999978625177077;0.9995331819013806;0.9999997407479131;1.0003105746539287;1.0003478412409263;1.0;0.9995613236635358;0.9999692458464899;0.9999035689921552;1.0;1.0;0.9993830198959363;0.999930556747735;0.9984776032802575;0.9982439251802223;0.9991786888243848;0.9991614417297227;0.9991531031317666;1.0;0.9999215587303412;0.9999870176943816;0.9997983220613748;0.9999882193890394;1.024999976158142;
2016-01-23 20:00:00;0.9999878108747139;0.9995827305893341;0.9997933843439942;1.0;0.9999257595077714;0.9999804809403146;1.0003203215690661;0.9999661945192563;1.0;0.9999732221917842;0.9997188526922627;0.999988918845382;1.0;0.9999637042788466;1.0;0.9999999999999999;0.9999999999999999;0.9999228504236736;0.9999798257791461;0.9999283610521708;0.9999846646219152;0.9996238161099057;0.9999997959897695;1.000297117072787;1.0003309002673106;1.0;0.9996472693349467;0.9999748681775807;0.9999144483382171;1.0;1.0;0.9993894909628609;0.9999484155041937;0.9984256722533149;0.9981684396029458;0.9992336736846442;0.9992167667873584;0.9992080468830357;0.9999999999999999;0.9999405966376528;0.9999904779957828;0.9998340670187432;0.9999921403229322;1.024999976158142;
2016-01-23 20:15:00;0.9999870285250221;0.9994354462282342;0.9997076523159885;1.0;0.9999067975369877;0.9999724558621125;1.000337675557605;0.9999518895587276;1.0;0.9999671933210449;0.9995988433556622;0.999988836403555;1.0;0.9999526907117791;1.0;1.0;1.0;0.999903559233699;0.9999754021465265;0.9998979665412131;0.9999831094530715;0.999476381955061;0.9999997728729125;1.000310988704829;1.0003507130894058;1.0;0.9995071695141712;0.9999665621180636;0.999913408020875;1.0;1.0;0.9993868656908528;0.9999380729825488;0.9984185285247773;0.998177650156122;0.9992306336037114;0.9992135506710186;0.9992048307947623;1.0;0.9999278538977111;0.9999894340357233;0.9997637406078633;0.9999921137102781;1.024999976158142;
2016-01-23 20:30:00;0.9999912285221101;0.9996547683682634;0.9998172815389403;1.0;0.9999467968148806;0.9999858362798189;1.0003156895906324;0.9999756500373486;1.0;0.9999814404703719;0.9997429691085925;0.9999915865872755;1.0;0.999975475945597;1.0;1.0;1.0;0.9999438999689854;0.9999850646701812;0.9999371978832428;0.9999866849448381;0.9996762836363369;0.9999997968274309;1.000290269741854;1.000328241203271;1.0;0.9996917910167357;0.9999823277059201;0.9999078000889976;1.0;1.0;0.9993895122676909;0.9999651449309003;0.9984142099956869;0.9981965579974218;0.9992415671199391;0.9992249829286137;0.999216262952591;1.0;0.9999592415587467;0.9999914298202889;0.999854466525937;0.9999947060595233;1.024999976158142;
2016-01-23 20:45:00;0.9999929405946945;0.9996724662194688;0.9998325294208308;1.0;0.9999411570206701;0.9999819936309696;1.0003033281927671;0.9999678971651038;1.0;0.9999806829335222;0.9997746571076258;0.9999913578346863;1.0;0.9999699340537757;1.0;0.9999999999999999;1.0;0.9999394442913762;0.9999858416869944;0.9999406923221802;0.9999910222439253;0.9996957877008771;0.9999998798899269;1.000281993370344;1.0003125920736622;1.0;0.9997160299768233;0.999979016282002;0.9999053491101219;1.0;0.9999999999999999;0.9994622916590965;0.9999615764221362;0.9986261518613673;0.9984100836703178;0.9993163444394082;0.9992997590070202;0.9992910383784461;0.9999999999999999;0.9999550291838288;0.9999944084188617;0.999862625983698;0.9999944773062206;1.024999976158142;
2016-01-23 21:00:00;0.9999929202497825;0.9996694935167287;0.9998303922369229;1.0;0.999941496984138;0.9999821469564086;1.000298108569907;0.9999681920543935;1.0;0.9999807567746701;0.9997710525571133;0.9999908143215465;1.0;0.9999701555205827;1.0;1.0;1.0;0.9999397674741989;0.999985870203263;0.9999400512644022;0.9999909560490036;0.9996927423167451;0.9999998787125542;1.00027687290343;1.0003074457747403;1.0;0.9997128089920982;0.9999791610852894;0.9999010204964892;1.0;1.0;0.9995225610926929;0.9999617813714751;0.9987518067457626;0.9985412338658461;0.9994123196516805;0.9993947755187341;0.9993860540609758;1.0;0.9999552741992809;0.9999943639766693;0.9998611380705016;0.9999942361892916;1.024999976158142;
2016-01-23 21:15:00;0.9999897801905512;0.9996277054506447;0.9998127423443463;1.0;0.9999307696494805;0.9999806834569592;1.000297772284339;0.9999661963113546;1.0;0.9999765571792568;0.9997465294875094;0.9999906562944428;1.0;0.9999667008087191;1.0;0.9999999999999999;0.9999999999999999;0.9999278406433166;0.9999819685095471;0.9999342278753323;0.9999857450557044;0.9996571645149428;0.9999997946012888;1.000276757004367;1.0003071923918319;1.0;0.9996790032607622;0.9999765247484735;0.9999075867914408;1.0;0.9999999999999999;0.9995330491272522;0.9999542544015723;0.9987823577967312;0.9985960183577742;0.9994230900983713;0.9994060277198966;0.9993965126658457;1.0;0.999946627684669;0.9999909624632177;0.9998476612205884;0.9999937332228761;1.024999976158142;
2016-01-23 21:30:00;0.9999883371882242;0.9996261488265824;0.9998086723341588;1.0;0.9999267901084932;0.9999802645879193;1.0002993321302465;0.9999659943912313;1.0;0.9999761796837304;0.999738264857537;0.9999918256109231;1.0;0.999968065178996;1.0;0.9999999999999999;1.0;0.9999221926944841;0.9999800239472786;0.9999326521358457;0.9999801832301334;0.9996471552991081;0.999999677609128;1.0002780110450424;1.0003093170258057;1.0;0.9996676317930289;0.9999764629216384;0.9999002126024312;1.0;1.0;0.9995577492056159;0.9999543238871554;0.9988654671497106;0.9986808793678428;0.9994408343787898;0.9994239478712644;0.9994144326466011;1.0;0.9999458737574051;0.9999870086006187;0.9998440177409573;0.9999948466974444;1.024999976158142;
2016-01-23 21:45:00;0.999992128079951;0.9996808947764316;0.9998337304432906;1.0;0.9999398564282614;0.9999821220627474;1.0002871108344775;0.9999685094359717;1.0;0.9999811322940526;0.999774004207334;0.9999923998929358;1.0;0.9999719601022999;1.0;0.9999999999999999;1.0;0.9999368815308146;0.9999848495491638;0.9999409662423125;0.9999869537678245;0.9996961221307151;0.9999997913862773;1.000266700847299;1.0002963478855342;1.0;0.9997146860565042;0.999979614943408;0.9999116605597034;0.9999999999999999;1.0;0.9996057068380156;0.9999630145900462;0.9989844837189426;0.9988096503908133;0.9995042074681278;0.9994870521207054;0.9994775362952449;1.0;0.999955995288658;0.9999914825205015;0.9998632681538566;0.9999955058562221;1.024999976158142;
2016-01-23 22:00:00;0.9999904836776558;0.9997156094270914;0.9998602568623997;0.9999999999999999;0.9999448229401213;0.9999860970414804;1.000281263537072;0.9999760745267587;1.0;0.9999808826445755;0.9998102866817193;0.9999905182713228;1.0;0.9999749393742017;1.0;0.9999999999999999;0.9999999999999999;0.9999418954563202;0.9999847940276267;0.9999513266997201;0.9999862088201492;0.9997414584246845;0.9999997947130613;1.0002618008971147;1.0002898738711652;1.0;0.9997575330927065;0.9999822885340134;0.9998980440781903;1.0;1.0;0.9996170594371374;0.9999629092506076;0.9990124662426182;0.998855417959805;0.9995193400971844;0.9995018562248855;0.9994931338326617;1.0;0.9999569203740546;0.999991196681229;0.999887238254239;0.9999939207859223;1.024999976158142;
2016-01-23 22:15:00;0.9999914645408393;0.9996722689561944;0.9998314992136477;0.9999999999999999;0.9999392914112549;0.999982609162768;1.0002873857710404;0.9999694972185981;1.0;0.9999802442406706;0.9997706306591896;0.9999915736989438;1.0;0.9999714911713993;1.0;1.0;1.0;0.9999363990435617;0.9999843696831228;0.9999405965937682;0.9999868374731118;0.9996924120260374;0.999999797171641;1.0002668158324814;1.000296730387846;0.9999999999999999;0.9997111621122168;0.9999795353984093;0.9999160764066544;1.0;1.0;0.9995947747378313;0.9999614007796046;0.9989419833315287;0.9987730879294862;0.9995002581684911;0.9994833467606321;0.9994746245299356;1.0;0.9999544973717426;0.9999915016235339;0.9998623941002368;0.9999947951850465;1.024999976158142;
2016-01-23 22:30:00;0.9999901301949446;0.9996989230809137;0.9998516137483607;0.9999999999999999;0.9999426439421635;0.9999856163430916;1.0002795801503523;0.999975196405351;1.0;0.999980168232014;0.9997980109453962;0.999991061375576;0.9999999999999999;0.9999739264516996;1.0;1.0;1.0;0.9999396444331969;0.9999842803438937;0.9999484241038505;0.999985820471292;0.9997263684628512;0.9999997896618;1.0002599835829735;1.0002883660365876;1.0;0.9997431533423283;0.9999816431578542;0.9998996289888302;1.0;0.9999999999999999;0.9996111408229202;0.9999612991616849;0.9989959057001873;0.9988365556568735;0.9995127976349539;0.9994965824805198;0.9994878601343187;1.0;0.9999550974100054;0.9999909627737416;0.9998804883334238;0.9999940631074277;1.024999976158142;
2016-01-23 22:45:00;0.9999890577391999;0.9997398653208852;0.9998713436951481;1.0;0.9999450931450254;0.9999876355871125;1.0002692094063332;0.9999794033795941;1.0;0.9999816764130239;0.9998224703504622;0.9999911228630338;1.0;0.9999787748689541;0.9999999999999999;1.0;1.0;0.9999405600940124;0.9999837090196376;0.9999553429044222;0.9999808713204354;0.9997582055389903;0.9999996821317971;1.0002505302768288;1.0002778623212598;1.0;0.9997712166154805;0.9999841176068536;0.9999129729798752;1.0;0.9999999999999999;0.9996776737482452;0.9999650591909792;0.9991906424318036;0.999051212457872;0.9995804876667663;0.9995623907704357;0.9995536678499428;0.9999999999999999;0.9999588205671778;0.9999874115867149;0.9998965207458748;0.9999947183321775;1.024999976158142;
2016-01-23 23:00:00;0.9999929216261433;0.9998006891693763;0.9999006466734659;1.0;0.9999595819260318;0.9999899849933046;1.0002710766368506;0.9999828385255031;1.0;0.9999866793807437;0.999864315082652;0.9999926238765081;1.0;0.9999829412311303;1.0;1.0;1.0;0.9999568901898764;0.9999887705642065;0.9999652568410822;0.9999883229095129;0.9998149809760914;0.9999998112483238;1.0002524323524828;1.0002792530406555;1.0;0.9998258443704228;0.9999875867444725;0.9998943711830833;1.0;1.0;0.999649516600803;0.999974065590089;0.999098982264526;0.9989321897983299;0.9995581550942881;0.9995417854733992;0.9995330627327235;1.0;0.9999695025505668;0.9999923783957866;0.9999194841491016;0.9999956739949388;1.024999976158142;
2016-01-23 23:15:00;0.9999907874175972;0.9997734972155731;0.9998906725570035;1.0;0.999953817092927;0.9999896730339034;1.0002723977492043;0.9999826940500026;1.0;0.9999837948495963;0.9998503998575398;0.999991497340262;0.9999999999999999;0.9999807647592153;1.0;1.0;1.0;0.9999506320820745;0.9999864268008366;0.9999622773527431;0.9999856990441311;0.9997953020112998;0.999999776658402;1.0002536985552282;1.0002806868351453;1.0;0.9998072359310044;0.9999861833485943;0.9999110734042633;1.0;0.9999999999999999;0.9996552320430263;0.9999689098283886;0.99912884922514;0.9989506980497097;0.9995549974709343;0.9995377130167282;0.9995281967089402;1.0;0.9999639034913743;0.9999907590153307;0.9999125872335796;0.9999946436282564;1.024999976158142;
2016-01-23 23:30:00;0.9999924815626483;0.999797827683868;0.9998985973890914;1.0;0.9999584498149916;0.9999899043037608;1.0002749363913641;0.999982834967371;1.0;0.99998643628189;0.9998607850230364;0.9999926855314701;0.9999999999999999;0.9999831255605158;1.0;1.0;1.0;0.9999553782021506;0.9999882282583827;0.9999645619505897;0.9999869833672576;0.9998108184855491;0.9999997846112391;1.0002559320807278;1.0002833805564875;1.0;0.9998214376911816;0.9999875118397182;0.9999010760436564;1.0;0.9999999999999999;0.9996348968644799;0.9999737913566025;0.9990569347600929;0.9988606751062425;0.9995427734557808;0.9995253000403955;0.9995153712173482;1.0;0.9999690358718307;0.9999914444420869;0.9999178775268922;0.9999957914956437;1.024999976158142;
2016-01-23 23:45:00;0.9999919459830687;0.9997843842458415;0.9998922504478268;1.0;0.9999572635468919;0.9999899356133336;1.0002703196543068;0.9999829936314123;1.0;0.9999856345047642;0.9998513639602142;0.9999920640603698;1.0;0.9999825079136739;1.0;1.0;1.0;0.9999541597297371;0.9999876786648779;0.9999626332634898;0.999986590110264;0.9998001917131353;0.9999997823514821;1.0002513092509548;1.0002789104973437;1.0;0.9998111136987765;0.9999871789427631;0.9999032964716096;1.0;1.0;0.9996681924465767;0.9999723915976702;0.9991586130185685;0.9989902823240867;0.9995737630509127;0.9995567588088524;0.9995480359375081;1.0;0.9999675929127396;0.9999912366309691;0.9999134046149032;0.9999953145775261;1.024999976158142;
2016-01-24 00:00:00;0.9999911725271368;0.9997548182927071;0.9998790519453741;1.0;0.9999511363532149;0.9999881516314205;1.000272091864332;0.9999797620294103;0.9999999999999999;0.9999834288413088;0.9998348534940061;0.9999916817815497;1.0;0.999979020979901;0.9999999999999999;1.0;1.0;0.9999480403979025;0.9999862823679259;0.9999579163806211;0.9999861479995299;0.9997751785740878;0.9999997829025004;1.0002532605085082;1.0002804804822651;1.0;0.99978849643268;0.9999849252988557;0.9999044135660111;1.0;1.0;0.9996522139866911;0.99996782742508;0.9991105125247753;0.9989410376324317;0.9995584167707887;0.9995417427150929;0.99953301997479;1.0;0.999962427973876;0.9999910379319995;0.9999024813549566;0.9999948280701243;1.024999976158142;
2016-01-24 00:15:00;0.9999933275916288;0.9998223172474506;0.9999139249067625;1.0;0.9999653058922444;0.9999920595438369;1.0002692000926268;0.9999865400868468;1.0;0.9999877457431553;0.9998823219221444;0.9999916266462288;1.0;0.9999849488025254;0.9999999999999999;0.9999999999999999;1.0;0.9999631977863125;0.9999900478409632;0.999970341214424;0.999990224864983;0.9998402224499883;0.99999985217226;1.0002506149933268;1.000277257566525;1.0;0.9998497026729367;0.9999893871665785;0.9999013905227808;0.9999999999999999;1.0;0.9996521652938434;0.999976238605402;0.9991072557886108;0.9989169925218057;0.9995604940603815;0.9995431856634326;0.9995344629105375;1.0;0.9999725356226178;0.9999937435915339;0.9999312582096129;0.9999949733190763;1.024999976158142;
2016-01-24 00:30:00;0.9999938118556376;0.9997773847086296;0.9998870865376174;1.0;0.9999575735961207;0.9999882787071105;1.000269398759035;0.9999793931544214;1.0;0.9999863000658941;0.9998468254616075;0.9999921040321376;0.9999999999999999;0.9999804177436238;1.0;1.0;1.0;0.99995549013492;0.999989137840028;0.9999602323872427;0.9999905436250199;0.9997925458076099;0.9999998538992123;1.000250675786528;1.0002775595341735;0.9999999999999999;0.9998054730095368;0.9999860667529961;0.9999107482916767;1.0;1.0;0.9996520707249036;0.9999727373436803;0.9991386697699288;0.998955829622416;0.9995387556105239;0.9995125653503444;0.9994920099694381;1.0;0.9999679542358126;0.999993904988523;0.999907837301241;0.9999953813495698;1.024999976158142;
2016-01-24 00:45:00;0.9999935160288143;0.9998315464144318;0.9999184505058253;1.0;0.9999666577457563;0.9999924496655636;1.000267455841805;0.999987221676374;1.0;0.9999883137778598;0.9998884565479765;0.9999920945989886;1.0;0.9999857664912039;1.0;1.0;1.0;0.9999645391643863;0.9999904080457495;0.999971891146084;0.9999902869320281;0.9998482233945968;0.9999998514382196;1.000249047886965;1.0002754188951548;1.0;0.9998571680325966;0.9999899207064668;0.9998888339659121;0.9999999999999999;0.9999999999999999;0.9996467442155158;0.9999773055392113;0.9991140918712508;0.9989363329283224;0.9995394743831527;0.9995131761482744;0.9994920606528654;1.0;0.9999737267052776;0.9999937651200705;0.9999348466353295;0.9999952699183392;1.024999976158142;
2016-01-24 01:00:00;0.9999930749115348;0.9998128619925298;0.9999093944506025;1.0;0.9999645219458012;0.9999919611477566;1.0002684380661506;0.999986395298044;1.0;0.9999872167195475;0.9998758494568148;0.9999920050503376;0.9999999999999999;0.9999843523861357;1.0;1.0;1.0;0.9999624707066203;0.9999897622959808;0.9999689108910044;0.999990224341737;0.9998327152013667;0.9999998561584402;1.0002497165325572;1.0002766189611614;1.0;0.999842549071021;0.9999890648780567;0.9998958369474233;1.0;1.0;0.9996669862053329;0.9999752884592493;0.9991785397743121;0.9990021611093873;0.9995565161985988;0.9995306443824287;0.999509368778823;0.9999999999999999;0.9999715597331938;0.9999937896327771;0.9999279459742556;0.9999950067850218;1.024999976158142;
2016-01-24 01:15:00;0.9999924138029652;0.9998449680612734;0.9999261975702692;1.0;0.9999677339524194;0.9999939906826855;1.0002579526901751;0.9999903776754817;0.9999999999999999;0.9999884487939916;0.9998972255236622;0.9999915523882431;1.0;0.9999880234734908;1.0;1.0;0.9999999999999999;0.9999649001663334;0.9999897866012204;0.9999749872544837;0.9999876187052584;0.9998609203233562;0.9999998012893178;1.0002400781197591;1.0002659019625286;1.0;0.9998679681526041;0.9999912389266632;0.9998770579201564;1.0;0.9999999999999999;0.9997082835272313;0.9999780851420591;0.9992993522477763;0.9991547427320709;0.9995985749562384;0.9995700995183737;0.9995475747357668;1.0;0.9999746141639371;0.9999919461349699;0.9999420140864549;0.9999950726610678;1.024999976158142;
2016-01-24 01:30:00;0.9999927689658702;0.9998029726335571;0.999904712504079;0.9999999999999999;0.9999620549514662;0.9999912396661287;1.0002541607299131;0.9999850971709641;1.0;0.9999864894059658;0.9998699285543852;0.9999919163899464;0.9999999999999999;0.9999832022944055;0.9999999999999999;1.0;1.0;0.9999598981227313;0.9999891965471481;0.9999671833627188;0.9999897385721573;0.9998235497194795;0.9999998487550749;1.0002365392262356;1.0002618658283846;1.0;0.9998341772893569;0.9999882540703885;0.9998982212374453;1.0;1.0;0.9997543494043392;0.9999737468037719;0.9994344539041718;0.9993222616072271;0.9996452569389961;0.999618658885431;0.9995964402610904;1.0;0.9999697343253415;0.9999934781993627;0.9999239432337821;0.9999949181243647;1.024999976158142;
2016-01-24 01:45:00;0.9999911743385431;0.9997897536917085;0.9999033322314138;0.9999999999999999;0.9999605483946287;0.9999922996798364;1.0002563322261275;0.9999872859764122;1.0;0.9999845150831278;0.9998678784537229;0.9999904761396006;1.0;0.999982259839642;1.0;0.9999999999999999;1.0;0.9999584696468854;0.9999880288523791;0.9999674937678645;0.999989071310006;0.9998206639798883;0.9999998542287701;1.0002385345078957;1.0002641041394438;1.0;0.9998316128591664;0.999988088744758;0.9998879959325429;1.0;1.0;0.9997353266017697;0.9999701747662274;0.9993711582968671;0.9992495813068667;0.9996311061563482;0.9996051169415412;0.9995839995038114;1.0;0.99996636434849;0.999993241636135;0.9999246494506333;0.9999935530674796;1.024999976158142;
2016-01-24 02:00:00;0.9999937406474129;0.9997994639457579;0.9999046206528915;1.0;0.9999634942447366;0.999990943141728;1.0002526947621375;0.9999842097547614;1.0;0.9999864665274392;0.9998718370253424;0.9999901755811289;1.0;0.9999816959295383;0.9999999999999999;1.0;1.0;0.9999623821430557;0.9999902324406781;0.9999671133691838;0.9999932615169121;0.9998248837275804;0.9999999220102848;1.0002353605092433;1.0002599810726354;0.9999999999999999;0.9998368324286442;0.9999877825920532;0.9999089449600719;1.0;1.0;0.9997499635245006;0.9999732485448597;0.9994204167254692;0.9993059649880579;0.999641614944415;0.9996126775675711;0.9995899726858628;0.9999999999999999;0.9999696020032589;0.9999959682635464;0.9999237843225717;0.9999937978469534;1.024999976158142;
2016-01-24 02:15:00;0.9999908467649123;0.9998036030448956;0.999908838741266;0.9999999999999999;0.9999621707246698;0.9999932387209278;1.0002549582880376;0.9999892317874324;1.0;0.9999853207189846;0.9998735653483348;0.9999911595210622;0.9999999999999999;0.9999845399432304;1.0;1.0;1.0;0.9999594713735954;0.9999879102218412;0.9999695098076807;0.9999871330631132;0.999830177528285;0.9999998107128601;1.0002370207887175;1.0002630188878692;1.0;0.9998393630606717;0.999989263854958;0.9998939796461512;1.0;1.0;0.9997524303836856;0.9999722154079156;0.9994284514422275;0.9993086381328219;0.9996435691716015;0.9996176951022134;0.9995964176456814;1.0;0.9999684451797786;0.9999918318434217;0.9999293266415213;0.9999941612532084;1.024999976158142;
2016-01-24 02:30:00;0.9999898066418639;0.9996910872027893;0.9998545819371013;1.0;0.9999449463043587;0.9999871474357807;1.000249640156496;0.9999778182373837;1.0;0.9999789499273862;0.9998035214872739;0.9999886055732801;1.0;0.9999725940241672;1.0;1.0;1.0;0.9999432091804066;0.9999848044526926;0.9999503285221667;0.9999892380286671;0.9997334961995346;0.9999998781808176;1.000232108397658;1.0002573131050656;0.9999999999999999;0.9997512284141411;0.9999818640717;0.9999050288436517;1.0;1.0;0.9998056884439264;0.9999585878082231;0.9995778658995123;0.9994986746856557;0.9997021704302536;0.9996754096973051;0.9996542907745858;1.0;0.9999532465751294;0.9999935954079465;0.9998848807070113;0.9999919254359667;1.024999976158142;
2016-01-24 02:45:00;0.99998855784727;0.9997272243670153;0.9998798237562438;1.0;0.9999512671110738;0.9999912419050816;1.0002457803851919;0.9999855904259246;0.9999999999999999;0.9999793705867315;0.999837065701154;0.9999878115603325;1.0;0.9999763424391671;1.0;1.0;1.0;0.9999495590561975;0.9999851411215548;0.9999602158135321;0.9999886505936313;0.9997777355591173;0.999999880220555;1.0002287103018241;1.0002531758621769;1.0;0.9997924972250748;0.999984928453185;0.9998944782357372;0.9999999999999999;1.0;0.9997864798632126;0.9999599018104575;0.9995376367661549;0.9994469267293904;0.9996717064012636;0.9996453201233687;0.9996242018363151;1.0;0.9999556681338743;0.9999933625564494;0.9999077669512992;0.9999910136661158;1.024999976158142;
2016-01-24 03:00:00;0.999992574632706;0.9997821670027306;0.999895483669434;1.0;0.999958422311307;0.9999899264229479;1.00024642028523;0.9999826327937247;1.0;0.9999850558337021;0.9998587742427196;0.9999902389882367;1.0;0.9999805093549662;1.0;1.0;1.0;0.9999565395103994;0.9999885520397469;0.9999638633478343;0.9999904156763846;0.999806645612534;0.9999998679693819;1.000229533223074;1.0002536823477841;1.0;0.9998191916469539;0.9999866163833308;0.9999058383660215;1.0;1.0;0.9998094869632327;0.9999707205482057;0.9996008173016692;0.9995370274244654;0.9996979532693304;0.999669614211224;0.9996478071375945;0.9999999999999999;0.9999663974095488;0.9999940157600933;0.9999162553759338;0.9999938902996655;1.024999976158142;
2016-01-24 03:15:00;0.9999915583978536;0.9997907488072155;0.9999034271306656;1.0;0.9999602410214234;0.9999917443615947;1.0002450049872678;0.9999861951483137;1.0;0.9999846061878621;0.9998688443473278;0.9999900286258276;0.9999999999999999;0.9999817503992271;1.0;1.0;1.0;0.9999582893403586;0.9999882033790727;0.9999672812847706;0.9999896479607645;0.9998205729022008;0.9999998631389665;1.0002281752542048;1.0002522754539318;1.0;0.9998319595587292;0.9999877091191658;0.9998997364534467;1.0;1.0;0.9998203503159415;0.9999702930039753;0.999627190164898;0.9995690780031508;0.9997127090159683;0.999686433621081;0.9996662556768522;1.0;0.999966402011632;0.9999936089694941;0.9999241700689749;0.9999934236907979;1.024999976158142;
2016-01-24 03:30:00;0.9999931198621507;0.9998317394643229;0.99992210343548;1.0;0.9999693854082589;0.999994047633873;1.0002410714249181;0.999990186134357;0.9999999999999999;0.99998785284432;0.9998931208642222;0.9999905754989986;1.0;0.9999860942814385;0.9999999999999999;1.0;1.0;0.9999678258659128;0.9999906756194766;0.9999738730327292;0.9999916637360767;0.9998564351210146;0.9999998906357918;1.0002241966968486;1.0002484101004494;1.0;0.9998650044847386;0.9999907016825765;0.9998966383681777;1.0;1.0;0.9998264334125625;0.9999766642852704;0.9996331205039918;0.9995775402325683;0.9997270071715502;0.9997083149417634;0.9996982245308881;1.0;0.9999737337402181;0.9999948660158472;0.9999394363104165;0.999994026411286;1.024999976158142;
2016-01-24 03:45:00;0.9999936036758365;0.9998017674057565;0.9999041093067353;0.9999999999999999;0.9999636313110972;0.9999910948562452;1.0002438718266187;0.999984595168743;0.9999999999999999;0.9999868343502301;0.9998699400115351;0.9999908888829875;1.0;0.9999826299696414;1.0;0.9999999999999999;1.0;0.9999621238984463;0.9999900641297713;0.9999669264108304;0.9999920662109002;0.9998240073284318;0.9999998942907738;1.000226903495327;1.0002511954331033;1.0;0.9998352306291434;0.9999881507389182;0.9999026214324435;1.0;1.0;0.9998225710269045;0.9999741687825485;0.9996105666048724;0.9995532046274175;0.9997307601910504;0.9997128013486468;0.9997036644060632;1.0;0.9999704187726179;0.9999950888484342;0.9999233480700498;0.9999943397963558;1.024999976158142;
2016-01-24 04:00:00;0.9999956104914605;0.9999213730374076;0.999962641430188;1.0;0.9999826761464983;0.9999971079622012;1.0002327052735895;0.9999955547282169;1.0;0.9999939049352864;0.999947348119206;0.999992960269237;0.9999999999999999;0.9999943085156324;1.0;1.0;1.0;0.9999808378415361;0.99999427171644;0.9999874101498255;0.9999922992923994;0.9999287301681425;0.9999998710935432;1.0002167323274196;1.000239597134107;1.0;0.9999319175360801;0.9999956577818789;0.9998940705641506;1.0;1.0;0.9998286306728895;0.9999885551171395;0.9996373497676331;0.9995749362355384;0.9997307461455129;0.9997134348004776;0.9997047105618626;1.0;0.9999866459524602;0.9999949297477955;0.9999708046925732;0.9999963069465476;1.024999976158142;
2016-01-24 04:15:00;0.9999943369082906;0.9997990571076729;0.9998960701174524;1.0;0.9999602280389961;0.9999888512869967;1.000243286214878;0.9999804209494473;0.9999999999999999;0.9999878495683737;0.9998585105528989;0.9999931735859175;1.0;0.9999825873646006;1.0;1.0;1.0;0.9999578535326298;0.9999898401122745;0.9999631377232144;0.9999900194596542;0.999808221126084;0.9999998334926532;1.000226393245883;1.0002507488905856;1.0;0.9998197049534177;0.9999872404747496;0.9999055626385379;0.9999999999999999;0.9999999999999999;0.9998150063131954;0.9999757854259783;0.9995891822774692;0.9995267270991995;0.9997225473534063;0.9997056813539943;0.9996965444764843;1.0;0.9999711099476069;0.999993422706747;0.9999145677969289;0.999996279551607;1.024999976158142;
2016-01-24 04:30:00;0.9999952604288569;0.999913821861598;0.9999590944904833;1.0;0.999982347652466;0.9999973249682664;1.000230401295042;0.9999960165383295;1.0;0.9999935100675138;0.9999418051200254;0.9999928986622292;0.9999999999999999;0.9999941693943097;1.0;1.0;1.0;0.9999804925907823;0.9999940037444064;0.9999864083255928;0.9999920457057732;0.9999230580924474;0.9999998699182518;1.000214317486545;1.0002374559977494;1.0;0.999926263106821;0.9999956359583974;0.9998907100749601;1.0;1.0;0.9998447842598464;0.9999878756601036;0.9996800843910536;0.9996315767872556;0.9997502849990292;0.9997329602831357;0.999723823156308;1.0;0.9999859963282155;0.9999947996450465;0.9999684811904364;0.9999961491820987;1.024999976158142;
2016-01-24 04:45:00;0.9999938588110587;0.9998138539817959;0.9999075558248195;1.0;0.9999637080482534;0.9999908292903881;1.0002407401979998;0.9999841475390917;0.9999999999999999;0.999987825785561;0.9998741340923436;0.9999914187468543;1.0;0.9999839058558438;1.0;1.0;1.0;0.99996164763844;0.9999901440490717;0.9999677379885824;0.9999906395291115;0.9998290139011452;0.999999855516937;1.0002240927516812;1.0002480061989256;0.9999999999999999;0.9998393951445954;0.9999885459959891;0.9999021923504847;1.0;1.0;0.9998341288595985;0.9999760946435516;0.9996521238369965;0.999606403296844;0.9997372406376986;0.9997186472114316;0.9997095102154194;1.0;0.9999720858636887;0.9999939715092694;0.9999252312472775;0.9999950700625907;1.024999976158142;
2016-01-24 05:00:00;0.9999942196443512;0.9998522188932855;0.9999289401851325;0.9999999999999999;0.999972563714862;0.9999942675271414;1.0002363274871273;0.9999904356733671;1.0;0.9999898996655144;0.9999018624451133;0.9999917816638498;1.0;0.9999882112772576;1.0;1.0;0.9999999999999999;0.9999708679517535;0.9999918499621887;0.9999758689446946;0.9999918971019468;0.9998691146111169;0.9999998810855729;1.0002197052325539;1.0002436232449214;1.0;0.9998764272015562;0.9999918138821683;0.9998924404442803;1.0;0.9999999999999999;0.9998453278964332;0.9999804824441293;0.9996824717211978;0.9996353122938046;0.9997502942707209;0.9997330262250648;0.9997243018154807;0.9999999999999999;0.9999776581726029;0.9999948606272793;0.9999440574698243;0.9999951148257615;1.024999976158142;
2016-01-24 05:15:00;0.9999933950078457;0.9997838607074662;0.9998919125507164;1.0;0.9999583356302627;0.9999890242417693;1.000241707553366;0.9999808582396374;1.0;0.9999861947291988;0.9998532710889323;0.9999915001302656;1.0;0.9999810464656008;1.0;1.0;1.0;0.9999561756822881;0.9999889990381774;0.999962126300387;0.9999900841001312;0.9998006815487461;0.9999998485363157;1.000224947364315;1.0002490603389556;1.0;0.9998130493273881;0.9999865626348252;0.9999084260337653;1.0;1.0;0.999834308072789;0.9999727109041608;0.9996542580715451;0.9996120445518435;0.9997363228574216;0.9997179426091813;0.9997084245854797;1.0;0.9999680864989094;0.999993631307161;0.9999122266761156;0.999994991357522;1.024999976158142;
2016-01-24 05:30:00;0.9999934687489261;0.9998602943211181;0.9999343104899068;1.0;0.9999720853150575;0.9999948205512695;1.0002354669366857;0.9999916559544827;1.0;0.9999896640084519;0.9999089000032811;0.9999922225715898;1.0;0.999989011312562;1.0;1.0;1.0;0.9999699237453237;0.9999912380543429;0.9999778477366644;0.9999901587306842;0.9998769726629292;0.9999998484245955;1.0002191287493387;1.0002426510966065;1.0;0.9998835377320137;0.9999922095558998;0.9998927459296486;1.0;1.0;0.9998399351806917;0.999980277729743;0.9996698409577557;0.9996312983746491;0.9997426537121551;0.9997254942720756;0.9997159761764767;0.9999999999999999;0.9999773846345529;0.999993675125746;0.9999486410661156;0.9999953285343254;1.024999976158142;
2016-01-24 05:45:00;0.9999959037263952;0.9998664630231777;0.9999332644684096;1.0;0.9999748526662925;0.9999935239909821;1.0002349435079645;0.9999887151935537;0.9999999999999999;0.9999915798251588;0.99990905772751;0.999992311127209;1.0;0.9999885670108204;1.0;1.0;0.9999999999999999;0.9999735597946011;0.9999933240007284;0.9999767355665335;0.9999939956569465;0.9998774312835198;0.99999990933647;1.0002186614946866;1.0002419107469387;1.0;0.999884876340785;0.9999919528249965;0.9999043405229302;0.9999999999999999;1.0;0.9998319631954647;0.9999833097054159;0.9996558725059822;0.9996140934529534;0.9997281478747091;0.9997101890792323;0.9997010521605236;1.0;0.9999805490817973;0.999996159487631;0.9999460695158197;0.9999957620454856;1.024999976158142;
2016-01-24 06:00:00;0.9999966848065444;0.9998456766244795;0.9999221260013231;1.0;0.9999720216304495;0.9999915655712834;1.0002390852893068;0.999984824122911;0.9999999999999999;0.999990872013399;0.999895873063978;0.9999923086240458;1.0;0.9999855427456775;1.0;1.0;0.9999999999999999;0.999971344683086;0.9999934862567456;0.9999724382445628;0.9999961764769548;0.9998581614770963;0.999999952523711;1.000222697268225;1.0002458884923073;1.0;0.9998679987348137;0.999990105989783;0.999889358022671;1.0;0.9999999999999999;0.9998237938601473;0.999981355665924;0.999641048800461;0.9995972175081829;0.9997136308648532;0.9996960023571043;0.9996868655680563;1.0;0.9999782948783019;0.9999976726230064;0.9999361163019576;0.9999956552991757;1.024999976158142;
2016-01-24 06:15:00;0.9999964901557385;0.9997874951908334;0.9998887331915871;0.9999999999999999;0.9999606305271573;0.999986825532335;1.0002458290958356;0.9999761181335157;1.0;0.9999882319204876;0.9998516067267235;0.9999891099660674;1.0;0.999979653844104;1.0;1.0;1.0;0.9999596195702718;0.9999914289230569;0.9999599334312091;0.9999950789533496;0.9997974535025954;0.999999929103007;1.0002289833405256;1.000252887642764;1.0;0.9998115358119565;0.9999856582627349;0.9998991749048589;1.0;1.0;0.9998286392365808;0.9999757939524856;0.9996632192146033;0.9996187128145092;0.9997131051284306;0.9996893662711048;0.9996802295427075;1.0;0.9999711993390119;0.9999968759416519;0.9999071746620658;0.9999943874068293;1.024999976158142;
2016-01-24 06:30:00;0.9999957207573589;0.9997535257977765;0.9998715563933175;0.9999999999999999;0.9999561249220683;0.9999856761670998;1.0002509427618933;0.9999741163985901;0.9999999999999999;0.9999863911388107;0.9998276576182823;0.9999890524072934;1.0;0.9999771385469066;1.0;0.9999999999999999;0.9999999999999999;0.9999550741491764;0.9999902020526785;0.9999541388370262;0.9999945174480761;0.9997675293879011;0.9999999263096561;1.000233341862585;1.00025848850091;1.0;0.9997832449935512;0.9999840267412042;0.9998830776983657;1.0;1.0;0.9998219003874163;0.9999722508155935;0.9996528529875948;0.9996121383673517;0.9996998585728419;0.9996766151324633;0.9996670975022286;1.0;0.9999672405725648;0.9999965818774454;0.9998937475835808;0.9999940810663567;1.024999976158142;
2016-01-24 06:45:00;0.9999958767478802;0.9996845669105777;0.9998332314846915;1.0;0.9999435028177613;0.9999800540630579;1.000264726602443;0.9999636476953603;1.0;0.9999832033895684;0.9997779861614753;0.999988127066104;0.9999999999999999;0.9999695003122938;0.9999999999999999;0.9999999999999999;1.0;0.9999425746458362;0.9999882478622228;0.9999397680455916;0.9999948945257101;0.9996984266271259;0.9999999349063073;1.0002463296632174;1.000272506107078;1.0;0.9997197335824982;0.9999786012316098;0.9998944195952023;1.0;1.0;0.9997349828302388;0.9999653798708468;0.9993931032200882;0.9993403376121643;0.9996150809028149;0.9995904901553251;0.9995813543306127;1.0;0.999958770383549;0.9999968393067304;0.9998605026373657;0.9999936742585055;1.024999976158142;
2016-01-24 07:00:00;0.9999964295910464;0.9997972493623883;0.9998959208454679;1.0;0.999963979009646;0.9999883945378094;1.000251918428966;0.9999789579250491;0.9999999999999999;0.9999885909973626;0.9998610547963989;0.9999887190653951;1.0;0.9999808330720921;1.0;1.0;1.0;0.9999633311200189;0.9999920417844052;0.9999629165420844;0.9999960932689927;0.9998113990711341;0.9999999545608659;1.0002345220702986;1.0002591797367395;1.0;0.9998246218423757;0.9999868366087541;0.9998845817363013;1.0;0.9999999999999999;0.9997472871416387;0.9999765131932161;0.9994507169214869;0.999400674971137;0.9996128485423816;0.9995807447950245;0.9995604214897194;1.0;0.9999725006800706;0.9999976513491006;0.999914067937529;0.9999939213068668;1.024999976158142;
2016-01-24 07:15:00;0.9999963220759046;0.9997747383832352;0.999883598356744;0.9999999999999999;0.9999595298198957;0.9999865929774883;1.000248323362017;0.9999756245524268;1.0;0.9999874489168428;0.9998450542985156;0.9999885286956504;1.0;0.9999783611539628;1.0;0.9999999999999999;1.0;0.9999588329684218;0.9999912552647261;0.9999583122426384;0.9999958787656978;0.9997888852050751;0.9999999511274983;1.0002312472355586;1.000255433786608;1.0;0.9998038822174931;0.9999850648945049;0.9998981829573133;1.0;0.9999999999999999;0.9997892003757752;0.9999740753930269;0.9995716783147548;0.9995208811084644;0.9996566631465558;0.999623208656185;0.9996015500949523;1.0;0.9999695002510163;0.9999975082768272;0.9999034072192184;0.9999938329334603;1.024999976158142;
2016-01-24 07:30:00;0.9999957639818514;0.9997002662458407;0.9998415712150499;1.0;0.999945689106998;0.9999811332139139;1.0002556585347033;0.9999656773545341;0.9999999999999999;0.999983918449094;0.9997887562785464;0.9999880822367047;1.0;0.9999712283864461;0.9999999999999999;1.0;1.0;0.9999445662893092;0.9999885237246042;0.999942821532275;0.9999943043553797;0.9997129674099519;0.9999999212577647;1.000237905664283;1.00026320866747;1.0;0.9997329997128082;0.9999797309292994;0.9999085873524332;1.0;1.0;0.9997887139006808;0.9999668822232161;0.9995755813165731;0.9995298032368045;0.9996525300215165;0.9996177467463131;0.9995957810510048;1.0;0.9999605042374984;0.9999964120520564;0.9998675545966204;0.9999937314262166;1.024999976158142;
2016-01-24 07:45:00;0.9999961712280367;0.9997940553432115;0.9998937788438559;1.0;0.999964159481379;0.9999887134944612;1.0002479920781615;0.9999796274474413;0.9999999999999999;0.9999885472339887;0.9998570713876433;0.9999888195494046;1.0;0.9999812594450478;1.0;1.0;1.0;0.9999633599208652;0.9999918574588544;0.9999623539580189;0.9999955188076705;0.999808204160036;0.9999999439247641;1.0002305528564217;1.000255435848772;1.0;0.9998210372000403;0.9999870773235305;0.999898407490737;1.0;1.0;0.9997795964572443;0.9999766113736743;0.999545813408652;0.9994919758608428;0.999645359284327;0.9996124042886685;0.999590745961531;1.0;0.9999726214231975;0.9999972614483779;0.9999127569366811;0.9999939659458222;1.024999976158142;
2016-01-24 08:00:00;0.999997511977126;0.999762734763335;0.99987424583742;1.0;0.9999587997142757;0.9999850293963816;1.0002567159763804;0.9999724928745026;0.9999999999999999;0.9999878438293717;0.9998329183352459;0.9999891099555983;1.0;0.9999769542372224;1.0;1.0;1.0;0.9999585041891751;0.9999918888929924;0.9999545754138115;0.9999976781033594;0.9997737762181332;0.9999999792677575;1.0002388911375597;1.0002641183292167;1.0;0.9997900533977933;0.9999840458569075;0.9999048440177418;1.0;1.0;0.9997384909036809;0.999974503214912;0.999417009664773;0.999323328319527;0.9996093397024254;0.9995767066914364;0.9995556952575648;1.0;0.9999697184246871;0.999998663103239;0.9998947666660543;0.9999943121991037;1.024999976158142;
2016-01-24 08:15:00;0.9999959026024605;0.9997513722250239;0.9998710431937231;1.0;0.9999552240614328;0.9999851724037612;1.0002569184586265;0.9999730751981296;1.0;0.999986203975603;0.999828040793293;0.9999881152106249;1.0;0.9999762823587225;1.0;1.0;1.0;0.9999543464350549;0.9999902713431746;0.999953801271418;0.9999951168039259;0.9997660972408197;0.9999999384512902;1.0002391784726572;1.000264368791404;1.0;0.9997825147346208;0.9999835462149779;0.9998935536283472;1.0;1.0;0.999735915922866;0.9999715647191183;0.9994192376980915;0.9993476981471182;0.9996000492930843;0.9995658898136144;0.9995440850026582;0.9999999999999999;0.9999664678364963;0.999997004504474;0.9998929580132638;0.9999936065574936;1.024999976158142;
2016-01-24 08:30:00;0.9999955594674937;0.9997596579393223;0.9998768947641165;1.0;0.9999574365800791;0.9999864837196649;1.0002566483435793;0.9999755645391606;1.0;0.9999863511664804;0.9998353315885214;0.9999885426501937;1.0;0.9999774712066456;1.0;1.0;1.0;0.9999566063808362;0.9999904184674517;0.9999562456634704;0.9999950722522548;0.9997769843275699;0.9999999417763623;1.0002387984752323;1.0002641878060616;1.0;0.9997924448346054;0.9999845238028138;0.9999044286024845;1.0;1.0;0.9997130359696033;0.9999720841723785;0.9993421021409334;0.9992677193991829;0.9995837155207615;0.9995513982927435;0.9995302819898619;1.0;0.9999673654303824;0.9999970269297753;0.9998986116800946;0.9999936196878766;1.024999976158142;
2016-01-24 08:45:00;0.9999964926075583;0.9997248277030859;0.9998540902481226;1.0;0.9999508093698056;0.9999826048026497;1.0002839798501835;0.9999682479392275;1.0;0.9999855322433249;0.9998055845280396;0.9999888697919534;1.0;0.9999735343350215;1.0;1.0;0.9999999999999999;0.999949977612134;0.999989856050549;0.9999472968730283;0.9999955592331464;0.9997363026455621;0.9999999416673341;1.0002642864711309;1.0002922551465796;1.0;0.9997548312326561;0.9999814250620113;0.9999079194567827;1.0;1.0;0.9995991494101224;0.9999700135648717;0.9989933538456002;0.998782922112991;0.9994783720389213;0.9994455338863245;0.9994246726839762;1.0;0.9999642361482723;0.9999972352062634;0.9998779169374513;0.9999941740315728;1.024999976158142;
2016-01-24 09:00:00;0.9999974235545244;0.9998336275375702;0.9999127734088397;1.0;0.9999710361381969;0.999990363759408;1.0002700085273013;0.9999824703066457;0.9999999999999999;0.9999911643430124;0.9998829083006451;0.9999893985471666;1.0;0.9999846754277784;1.0;1.0;1.0;0.9999704678863314;0.9999937679201645;0.9999688508612842;0.9999968977692758;0.999842790147161;0.9999999601449042;1.0002512188786712;1.0002778835753203;1.0;0.9998534236983402;0.9999893657853184;0.9999036082990028;0.9999999999999999;1.0;0.9995875889057597;0.9999817015211492;0.9989548580593869;0.998803657870863;0.9994697926173403;0.9994373691791719;0.9994165081472437;1.0;0.9999783906577048;0.9999980905761461;0.9999278107397218;0.999994571762617;1.024999976158142;
2016-01-24 09:15:00;0.9999975835377283;0.9997621148624241;0.9998728465787449;1.0;0.9999590027099938;0.9999850263240435;1.0002712071965525;0.9999724921303524;0.9999999999999999;0.9999880746861748;0.9998304348250904;0.9999890778956094;1.0;0.9999772721252382;1.0;0.9999999999999999;1.0;0.99995860763524;0.9999919341535158;0.9999540797583256;0.9999974360192854;0.9997717090234515;0.9999999722867434;1.0002522242028034;1.0002791710871466;1.0;0.9997877588323776;0.9999841717406406;0.9999068512708148;1.0;1.0;0.9996448854744195;0.9999749970320503;0.9991267597926011;0.9989701446001813;0.999525218069745;0.999492457572085;0.9994717551235707;1.0;0.9999701824372521;0.9999984694557699;0.9998936107233866;0.9999943956636197;1.024999976158142;
2016-01-24 09:30:00;0.9999964999687214;0.9997341629343853;0.9998590813820375;1.0;0.9999520378248539;0.9999830194437862;1.000276736757841;0.9999690927235492;1.0;0.9999857939348864;0.9998123768899564;0.9999887677469227;0.9999999999999999;0.9999742503779102;1.0;1.0;1.0;0.9999511662457895;0.9999899619491821;0.9999490424554996;0.9999954301302099;0.9997449850954658;0.9999999388750864;1.0002576232277955;1.00028474979627;0.9999999999999999;0.9997629386743005;0.9999818455623873;0.9999042575835521;1.0;0.9999999999999999;0.999657822302542;0.9999708569054272;0.9991504999477017;0.9989996321460972;0.9995480254209549;0.9995227546708597;0.999512137686334;1.0;0.9999652092432573;0.9999971364249921;0.9998819911995985;0.9999941703883289;1.024999976158142;
2016-01-24 09:45:00;0.9999958802009375;0.9996994534308795;0.9998409671860965;1.0;0.9999463623041714;0.9999812915841229;1.0002802162645164;0.9999659468051365;0.9999999999999999;0.9999840257320026;0.9997876731878674;0.9999883938661347;1.0;0.9999713437615136;1.0;1.0;1.0;0.9999453513617108;0.9999886994287251;0.9999426865161322;0.999994684566514;0.9997125884763919;0.9999999291017472;1.0002606525500475;1.0002885318274346;1.0;0.999732547289338;0.9999798632244656;0.9999110118374562;1.0;1.0;0.9996170648811703;0.9999671358130496;0.9990189757580404;0.9988560288553682;0.9995149114995946;0.9994909520555232;0.9994822297584575;1.0;0.9999608594151425;0.9999966797009958;0.9998672402976065;0.9999938426573431;1.024999976158142;
2016-01-24 10:00:00;0.9999963126387751;0.9996451333061364;0.9998097390033129;1.0;0.9999404769313657;0.999978143397938;1.0002853836793146;0.9999600857481246;1.0;0.9999821094670681;0.9997450853224019;0.9999887432063717;1.0;0.9999666662361157;0.9999999999999999;1.0;1.0;0.9999399286046391;0.9999878642573719;0.9999315154886713;0.9999961843136757;0.99965985617817;0.9999999615358404;1.000264721187809;1.0002943631813441;1.0;0.9996831764961174;0.999976668513626;0.9998938588861035;1.0;1.0;0.9996582332224254;0.9999634899945485;0.9991447750846009;0.9990016243109956;0.9995531751400448;0.9995298546043784;0.9995207193338489;1.0;0.9999565303221996;0.9999977352534516;0.999841404012046;0.9999938896023962;1.024999976158142;
2016-01-24 10:15:00;0.9999968217814103;0.9996723227916546;0.9998237253972243;1.0;0.9999443052819625;0.9999793059863081;1.0002823112268544;0.9999621320541868;1.0;0.9999836064885773;0.9997643488202624;0.9999885282576902;1.0;0.999968881936254;1.0;1.0;0.9999999999999999;0.9999437768653867;0.999988862175604;0.9999363296803977;0.9999965467705201;0.9996843724753844;0.9999999629343539;1.0002621232487907;1.000290981624561;1.0;0.9997062401576117;0.9999781595586406;0.9998890728190589;1.0;1.0;0.9996565968280758;0.9999662966555926;0.9991377135689653;0.9990055283919147;0.9995530626770426;0.9995293953609795;0.999521053692231;1.0;0.9999597189459766;0.9999979232974885;0.9998525531426875;0.9999939770496308;1.024999976158142;
2016-01-24 10:30:00;0.9999970454793855;0.9996966552986104;0.9998365700025552;1.0;0.9999469801304768;0.9999802906223186;1.0002796239955014;0.9999638982416397;1.0;0.9999847790339192;0.9997820907009072;0.9999904582217086;1.0;0.9999708234507361;1.0;1.0;1.0;0.999946312343952;0.9999894994883275;0.9999407361062224;0.9999962953763639;0.9997061788122124;0.999999953163867;1.000259959375453;1.0002879670919789;1.0;0.9997267507215929;0.999979416413879;0.9998970789650867;0.9999999999999999;1.0;0.9996352727951984;0.9999684353948343;0.9990746224651071;0.9989338948634833;0.9995318315984847;0.999510661531;0.9995019390619344;1.0;0.9999621001632609;0.9999976978696209;0.9998627502451943;0.9999950264081342;1.024999976158142;
2016-01-24 10:45:00;0.9999947955902238;0.999690461764084;0.9998376181559898;1.0;0.9999444134024292;0.9999815312340774;1.000284350249613;0.999966649997661;1.0;0.9999829867180454;0.9997821986113851;0.9999894473152653;1.0;0.9999711366956481;0.9999999999999999;1.0;1.0;0.9999430011142124;0.999987628940589;0.9999418229203446;0.9999929194746955;0.9997059099032743;0.9999999009592809;1.0002643714648705;1.000292975835185;1.0;0.9997257611872451;0.9999796593287753;0.9999080841637841;1.0;1.0;0.9995784874912198;0.9999654549177267;0.9989102386256404;0.9987424452751089;0.999472811981506;0.9994514780685845;0.9994431370501022;1.0;0.9999590204756429;0.9999955322346116;0.9998652450072695;0.9999941600513362;1.024999976158142;
2016-01-24 11:00:00;0.9999927609095631;0.9996718935817676;0.9998281445721346;0.9999999999999999;0.9999361014700499;0.9999799144528843;1.0002853673783891;0.9999642493003704;1.0;0.9999807689419714;0.9997688147618107;0.9999898880844218;1.0;0.9999695857375367;1.0;1.0;0.9999999999999999;0.9999332384581003;0.999984736883097;0.9999382658490718;0.9999876165610158;0.9996844505832629;0.9999997992342637;1.0002657001325208;1.0002940140227434;1.0;0.9997049585428943;0.9999778717887162;0.9999114604972182;0.9999999999999999;1.0;0.9995637922534523;0.999961671995491;0.9989421365485847;0.9987936849473495;0.9994067120238965;0.9993452326180846;0.9992845272088583;1.0;0.9999540777924008;0.9999918761053711;0.9998570345789389;0.9999945582820192;1.024999976158142;
2016-01-24 11:15:00;0.999993863530368;0.9996714619805931;0.9998292496911244;1.0;0.9999388532835757;0.9999801029580988;1.000298030632286;0.9999641972784945;1.0;0.9999811984424436;0.9997717797707529;0.9999894934839515;1.0;0.9999687869495081;1.0;1.0;1.0;0.9999370747866788;0.9999861165163858;0.999938732505899;0.9999913457839931;0.9996886445201354;0.9999998752810827;1.0002775047683763;1.0003067904061176;1.0;0.999710011421277;0.999977935689942;0.9999180248641786;1.0;1.0;0.9994633170617541;0.9999619502128686;0.998695567480613;0.9984707265278576;0.9992720457119544;0.9991901281997865;0.9991024341531567;0.9999999999999999;0.999954879542827;0.9999945001155568;0.9998580977281541;0.9999940616659697;1.024999976158142;
2016-01-24 11:30:00;0.999991206438096;0.9996475902698028;0.9998194982288539;1.0;0.9999322349326174;0.9999798418469575;1.0003022737881275;0.9999644085834078;1.0;0.9999783603163701;0.9997568978113146;0.9999880394382554;1.0;0.999967578138016;1.0;1.0;0.9999999999999999;0.999929279730486;0.9999830936524952;0.9999357847416162;0.9999864876456329;0.9996683831199131;0.9999997927679545;1.0002813890688942;1.000311459826736;1.0;0.9996899540104882;0.9999767549242937;0.999915692673865;1.0;1.0;0.9994473625890538;0.9999573646098453;0.9986773241959417;0.9984686868593897;0.9992363849593778;0.9991361254569516;0.9990268318112635;0.9999999999999999;0.9999495946892711;0.9999912790362049;0.9998512848552235;0.9999931529672332;1.024999976158142;
2016-01-24 11:45:00;0.9999889000239552;0.9996209298431482;0.9998057511338854;1.0;0.9999235521128865;0.9999783031661371;1.0003086787594988;0.9999622381384572;1.0;0.9999757581511073;0.9997368953523021;0.9999890047634732;1.0;0.9999658488574691;1.0;1.0;1.0;0.9999191124205894;0.9999799077389111;0.9999309311175767;0.9999809346788703;0.9996400601506098;0.9999996886716362;1.0002874372638633;1.0003182915432838;1.0;0.9996623191243492;0.999974856449921;0.9999174480427968;0.9999999999999999;1.0;0.9994356352081327;0.9999530525570429;0.9986348729810454;0.9984069972723427;0.999230004080101;0.9991351183022213;0.9990311046048951;1.0;0.9999441228398372;0.9999874778406812;0.9998400674432408;0.999993703986505;1.024999976158142;
2016-01-24 12:00:00;0.999982645788033;0.9995570371735052;0.9997774730360148;1.0;0.9999053984193859;0.9999766606388031;1.0003073879278;0.9999607866749363;1.0;0.9999689401746361;0.9996948351148319;0.9999883242972676;0.9999999999999999;0.9999622269699979;1.0;1.0;1.0;0.9998979117808683;0.9999724517216693;0.9999218314715033;0.9999686966649783;0.9995819435225773;0.9999994750032605;1.0002861685067075;1.0003176707880377;1.0;0.9996053282752416;0.999971358070247;0.9999134152745329;0.9999999999999999;1.0;0.9994947618957137;0.9999415746469937;0.9987828481062212;0.9985966034136579;0.9993072894707873;0.9992241008553754;0.9991351751978407;0.9999999999999999;0.999930570872375;0.9999792998730649;0.9998189989432065;0.9999929944875616;1.024999976158142;
2016-01-24 12:15:00;0.9999876384409195;0.9995995148089301;0.9997951260362887;1.0;0.9999187914130782;0.9999775350743113;1.0002994418521647;0.9999610995023965;1.0;0.9999741540368694;0.9997216022024941;0.9999891401642349;0.9999999999999999;0.999964501655462;1.0;1.0;1.0;0.9999137421474467;0.9999782714433454;0.9999273468213855;0.9999784734059797;0.9996198719275128;0.9999996459252846;1.0002786957065075;1.0003090422299554;1.0;0.9996428286293996;0.999973738396283;0.9999154445784445;1.0;1.0;0.999496734584188;0.9999501187575038;0.9987836307171075;0.9986135519409384;0.9993127043390738;0.99923053974432;0.9991424067189106;1.0;0.9999406341082031;0.9999858372832241;0.9998317585296574;0.9999936793151589;1.024999976158142;
2016-01-24 12:30:00;0.9999902883966713;0.9995634459017217;0.9997727747837775;1.0;0.9999153545201613;0.9999732084280292;1.0003196009623907;0.999952513987044;1.0;0.9999737152720689;0.9996950733591423;0.9999883908349487;1.0;0.999958844930074;1.0;0.9999999999999999;1.0;0.9999118327430434;0.9999794548430911;0.9999183976164158;0.9999842207375085;0.999582863734958;0.999999753035522;1.0002976318346204;1.0003293040482288;1.0;0.9996104579864145;0.9999701275027604;0.9999115261861796;1.0;0.9999999999999999;0.9994120543869088;0.9999484870380922;0.9985613445954113;0.9983186626613965;0.9992090905405898;0.9991163878267352;0.9990165119472063;1.0;0.9999385327817535;0.9999897255159318;0.9998111250462337;0.9999934059638109;1.024999976158142;
2016-01-24 12:45:00;0.9999919546117347;0.9996028407654172;0.9997943915987034;1.0;0.9999246322825353;0.9999758010400466;1.000315380039564;0.9999567108948788;1.0;0.9999765697288083;0.9997252689757155;0.9999887149932943;1.0;0.999962054752888;0.9999999999999999;1.0;0.9999999999999999;0.9999221567512158;0.9999824055115051;0.9999262020820029;0.9999882210733377;0.9996237061450948;0.9999998264022232;1.0002937978385662;1.000324661101968;1.0;0.9996494728014903;0.9999729867883052;0.9998917384863076;1.0;1.0;0.9994045130609708;0.9999531840584106;0.9985176898081878;0.9982758722126681;0.9992161557448177;0.9991330478381046;0.9990445110242034;1.0;0.999944457011427;0.99999246242042;0.999829124014885;0.9999934545419601;1.024999976158142;
2016-01-24 13:00:00;0.9999915790770736;0.9995757165170016;0.9997833060481681;0.9999999999999999;0.999922074009093;0.999975339630946;1.0003112087472075;0.9999556761198408;1.0;0.9999750345577663;0.9997109285983848;0.999988097988403;0.9999999999999999;0.9999594751428068;0.9999999999999999;1.0;1.0;0.9999201698053571;0.9999820425418052;0.9999227014459495;0.9999896785474665;0.9996049623904371;0.9999998664631314;1.0002897688898174;1.0003203713466757;1.0;0.9996325995291814;0.9999718287890501;0.9998865531386566;1.0;1.0;0.9994115894607632;0.9999495553169574;0.9985407972458488;0.9983086424690185;0.9992217195729167;0.999139804065281;0.9990518264863364;1.0;0.9999408235332045;0.9999936234314875;0.9998209505305381;0.999992596807158;1.024999976158142;
2016-01-24 13:15:00;0.9999933773713083;0.9997188289414896;0.9998536671675976;1.0;0.9999479242526166;0.9999845108184974;1.0002950770542358;0.9999725401695425;1.0;0.9999837635503452;0.9998011705851669;0.9999893872720189;1.0;0.9999754193640219;1.0;1.0;1.0;0.9999455450553594;0.9999871824630658;0.9999481274008718;0.9999894295737167;0.9997332651046689;0.9999998331591591;1.0002741625782152;1.0003043743461923;0.9999999999999999;0.9997496894687251;0.9999823401618243;0.9999009311761576;1.0;1.0;0.9994388078387197;0.9999676453979566;0.9986332008731253;0.9984252459341355;0.99924071558045;0.9991492213885345;0.9990500932134238;1.0;0.9999616157316088;0.9999931350991194;0.999879805255526;0.9999942020215299;1.024999976158142;
2016-01-24 13:30:00;0.9999930692488644;0.9996349909425913;0.999807119160639;1.0;0.9999425895786509;0.9999821541623862;1.0003115403699085;0.9999683617013398;1.0;0.9999805959365922;0.9997345430776496;0.9999880198892387;0.9999999999999999;0.9999702447754112;1.0;1.0;1.0;0.9999409197944963;0.999985729520565;0.9999325331855299;0.9999911720044954;0.999657585876966;0.9999998828809982;1.0002874018808467;1.0003228863481795;1.0;0.999677339042006;0.9999790679827611;0.9999120322127629;1.0;1.0;0.9994207407060265;0.9999625504759755;0.9985322185252957;0.9983223263719084;0.9992551747954186;0.9991898994367665;0.9991255955351096;1.0;0.9999561558779994;0.9999945001943914;0.9998437183209831;0.9999930156642659;1.024999976158142;
2016-01-24 13:45:00;0.9999919112047856;0.9994755148702884;0.9997184669347976;1.0;0.9999143825020026;0.9999709915346834;1.0003204607918739;0.9999480174281101;1.0;0.9999728436679439;0.9996158731262585;0.9999887180156352;1.0;0.9999548962841324;1.0;1.0;1.0;0.999912161330986;0.9999800996029027;0.9999000946403538;0.9999888254424238;0.9994983970800317;0.9999998442078302;1.0002952225309807;1.0003325783970067;1.0;0.9995289139410802;0.9999678400777867;0.9999060676379685;1.0;1.0;0.9994803711309306;0.9999470319715877;0.998644297674097;0.998431461090616;0.9993584856532364;0.9993265640178931;0.9993039710104672;1.0;0.999937086276552;0.9999929241204807;0.9997686260004921;0.9999933130101609;1.024999976158142;
2016-01-24 14:00:00;0.9999913581374943;0.9996116185669114;0.999800519193709;0.9999999999999999;0.9999309638254237;0.9999790622217185;1.0003012476369828;0.9999628976508795;0.9999999999999999;0.9999771027802903;0.9997302296532055;0.999988401387114;1.0;0.9999651146399277;0.9999999999999999;1.0;1.0;0.9999287180184879;0.9999829610967695;0.9999295312199972;0.9999885519792535;0.9996384054411751;0.9999998425064608;1.0002795495529968;1.0003109882150911;1.0;0.9996616929931127;0.9999754644533495;0.9999168356100508;1.0;0.9999999999999999;0.9995207807550754;0.999955072608979;0.998749209843364;0.9985465920575263;0.9994087244750153;0.9993782452155162;0.9993571325706284;1.0;0.9999473693188347;0.9999928111671919;0.9998368082820305;0.9999929002072337;1.024999976158142;
2016-01-24 14:15:00;0.9999905313588802;0.9996044104942778;0.9997962568835683;0.9999999999999999;0.9999257604526368;0.9999776265581737;1.000316026226203;0.9999604877917722;1.0;0.9999761211716848;0.999724947737063;0.9999885488010372;1.0;0.9999639980650984;1.0;1.0;1.0;0.9999226844876921;0.9999815013574986;0.9999276090075137;0.9999856996213434;0.9996275097482086;0.999999784296607;1.000293804980653;1.0003259479938118;0.9999999999999999;0.999651451821979;0.9999742135169755;0.9999070704459152;1.0;1.0;0.9994444063180965;0.9999532015201549;0.9985322448119187;0.9982617511177309;0.9993265309927026;0.9992963163708887;0.9992762516750712;1.0;0.9999447003661845;0.9999908032277219;0.9998323747914968;0.99999321899238;1.024999976158142;
2016-01-24 14:30:00;0.9999915788185048;0.9995796931887972;0.9997822018779718;1.0;0.9999250686548907;0.9999762244978581;1.000307625984405;0.9999576264966387;1.0;0.999975681045062;0.9997065297708568;0.9999875853729786;1.0;0.9999614709998407;0.9999999999999999;0.9999999999999999;1.0;0.9999228857156394;0.9999820811137246;0.9999225819303849;0.9999888132868909;0.9996054669034405;0.9999998469136373;1.0002855624180398;1.0003174710509184;1.0;0.9996314179910428;0.9999728103797677;0.9999130939001668;1.0;1.0;0.9995044911115125;0.9999521133483251;0.9987052908297294;0.9984863374892367;0.9993895846228946;0.9993576655232883;0.9993368061549966;1.0;0.9999436268445466;0.9999929714236276;0.9998207416053296;0.9999926004978014;1.024999976158142;
2016-01-24 14:45:00;0.9999901495055858;0.9995217974452608;0.9997535933572008;1.0;0.9999146534275799;0.9999733038324283;1.000307888785891;0.9999524003758622;1.0;0.999972124831047;0.9996681521378191;0.9999877577278065;1.0;0.9999561367267623;1.0;1.0;1.0;0.9999122009557285;0.9999795422901009;0.9999125696523755;0.9999872309413942;0.9995532761667205;0.9999998280090947;1.0002857155936657;1.0003178748768302;0.9999999999999999;0.9995828062077681;0.999969211799982;0.9999096674199776;1.0;1.0;0.9995123273506462;0.9999448930870733;0.9987308046567445;0.9985138377457609;0.9993957984276544;0.9993655523128715;0.9993448524929411;1.0;0.9999353076938665;0.9999920201065584;0.9997975184570512;0.9999922833610566;1.024999976158142;
2016-01-24 15:00:00;0.9999928181141232;0.9996041485558298;0.9997923085062509;0.9999999999999999;0.999928633180553;0.9999765288258267;1.0003060139468531;0.9999579391108497;1.0;0.9999777315274646;0.9997206758929656;0.9999888811667094;1.0;0.9999633474497951;1.0;0.9999999999999999;1.0;0.9999265406079326;0.9999835001879648;0.9999256932070733;0.9999897893611085;0.9996236371998268;0.9999998532531067;1.0002842521025241;1.0003156356956384;1.0;0.9996485587960094;0.9999739301619875;0.9999064318657968;1.0;1.0;0.9995176552096402;0.9999557363629429;0.998746660416209;0.9985161826599266;0.9994010383011793;0.9993701708702479;0.9993495446691192;1.0;0.9999474613899331;0.9999934993411626;0.9998279434780558;0.9999936207161626;1.024999976158142;
2016-01-24 15:15:00;0.9999930820454433;0.9996188504442708;0.9998001534756009;1.0;0.9999310107496927;0.9999772794153202;1.0003183693225557;0.999959281518774;1.0;0.999978482022029;0.9997314634260285;0.999992047431866;1.0;0.9999645432961669;0.9999999999999999;1.0;0.9999999999999999;0.9999289978065562;0.9999840641838397;0.9999284532365705;0.9999901718206543;0.9996376163040812;0.9999998588377291;1.000295884568784;1.0003282144686936;1.0;0.9996617302044474;0.9999747787377921;0.9999138211812572;1.0;1.0;0.9994013661656426;0.999957229664842;0.9983962920831624;0.9981337831895566;0.9992895578611951;0.9992619608321818;0.9992386496326632;1.0;0.999949227383892;0.9999937428737178;0.9998343403332961;0.9999951011620849;1.024999976158142;
2016-01-24 15:30:00;0.9999903383273483;0.999602707484361;0.9997967870460918;1.0;0.9999280873350169;0.999978834105441;1.0003095190997366;0.9999627311181153;1.0;0.9999760214381301;0.9997246512966388;0.9999917591950372;1.0;0.9999645890064653;1.0;1.0;1.0;0.999925335957038;0.9999817566731591;0.9999283462860072;0.9999865371772811;0.99963035927333;0.9999998070539401;1.0002872933246718;1.000319564936324;1.0;0.9996537784670566;0.9999749377546315;0.9999013391329908;1.0;1.0;0.999493819225917;0.9999532658949953;0.9986653727383679;0.9984375927623675;0.999384655527896;0.999359110774357;0.9993365907462695;0.9999999999999999;0.9999452317347477;0.9999914625842863;0.9998340612325701;0.9999943562940634;1.024999976158142;
2016-01-24 15:45:00;0.9999891489423814;0.9995368045550473;0.999765382470489;1.0;0.9999179414852882;0.9999756977946556;1.0003118869014693;0.9999570546841536;0.9999999999999999;0.9999719096618013;0.9996833405127826;0.999990057481048;0.9999999999999999;0.9999580109768995;0.9999999999999999;1.0;1.0;0.9999155089170398;0.9999794260464752;0.9999174454131556;0.9999867177180866;0.999574349852526;0.9999998294059648;1.0002893877218475;1.0003220231672696;1.0;0.9996022496419944;0.9999707959470676;0.9999193277520525;1.0;0.9999999999999999;0.9995014005273978;0.9999450777423037;0.9986813867759442;0.9984231453242746;0.999396586201079;0.9993717171755097;0.9993510909424662;1.0;0.9999361374505373;0.9999918010332955;0.9998088310821583;0.9999929011279245;1.024999976158142;
2016-01-24 16:00:00;0.9999867149261936;0.9995075748497089;0.9997502594771378;1.0;0.9999082733291621;0.9999738469444651;1.000312281798517;0.9999543455379408;1.0;0.9999690770536676;0.9996616081878695;0.9999907638396774;0.9999999999999999;0.9999559425214208;1.0;1.0;1.0;0.999904253856336;0.9999759887166053;0.9999120343131881;0.9999807769739426;0.9995430971709106;0.9999997181276624;1.000289905329769;1.0003226431483256;1.0;0.9995719083546699;0.9999685982494768;0.9999042980605594;1.0;1.0;0.9995417733858387;0.9999403229961894;0.9988033020663076;0.9985614658764421;0.9994351024341344;0.9994099061160296;0.999387839600094;1.0;0.9999300850017988;0.9999877334063841;0.9997963324790433;0.9999933609361188;1.024999976158142;
2016-01-24 16:15:00;0.9999894033546861;0.99955980181133;0.9997739571740992;1.0;0.9999176238770405;0.9999751684154137;1.0003065477743096;0.9999562302216594;1.0;0.999973158969721;0.9996950389315622;0.9999915772182691;0.9999999999999999;0.9999597420276524;1.0;1.0;1.0;0.9999143103535495;0.999979324002222;0.9999197359428391;0.9999843489512851;0.9995868019390134;0.9999997676359277;1.0002849047196134;1.000316315886918;1.0;0.9996135121491054;0.9999712033722108;0.9999200159365743;1.0;1.0;0.9995587502672896;0.9999477100448684;0.9988489494417118;0.9986043307222676;0.9994551350628238;0.9994304078664871;0.9994095469798608;0.9999999999999999;0.9999383296052984;0.9999899697938652;0.9998141729663034;0.9999943188716546;1.024999976158142;
2016-01-24 16:30:00;0.9999911015849311;0.9996100996333948;0.9997992473481281;1.0;0.999928549576985;0.9999782172272521;1.0003031064069388;0.9999614639264143;1.0;0.9999767010594443;0.9997290077737487;0.999992040589401;1.0;0.9999645293050994;1.0;1.0;1.0;0.9999259283866017;0.9999823141729615;0.9999287805854661;0.9999873273190688;0.9996344279571056;0.9999998161856316;1.000281589806743;1.0003127218768728;1.0;0.9996580723576968;0.9999747811913019;0.999884305525027;1.0;1.0;0.9995892261659541;0.999954402342492;0.9989452564275564;0.9987258385061263;0.999481287673307;0.9994569024980798;0.9994362007860166;0.9999999999999999;0.9999463002852669;0.999991929159258;0.9998350945629072;0.9999947128866685;1.024999976158142;
2016-01-24 16:45:00;0.9999881632702703;0.9995490651187089;0.9997687712839131;1.0;0.9999170923945071;0.9999760919298744;1.0003043218020435;0.9999582904443259;1.0;0.9999722861658399;0.9996853807996398;0.9999911827819497;1.0;0.9999604390335756;0.9999999999999999;0.9999999999999999;1.0;0.9999132903202221;0.99997824849691;0.9999185452037003;0.9999822407903226;0.9995783764147365;0.9999997333717062;1.0002821572498533;1.0003146925405826;1.0;0.999604198339563;0.9999715733459648;0.999899762334297;0.9999999999999999;1.0;0.9996064680936565;0.9999468038856174;0.9990038634950293;0.9988002478211064;0.9994932695216205;0.9994678776733065;0.9994463822065405;1.0;0.9999374439666407;0.999988591692621;0.9998114012849285;0.9999939802797841;1.024999976158142;
2016-01-24 17:00:00;0.999987025749337;0.9994819579063793;0.9997341903888477;1.0;0.9999040730166998;0.999971435253013;1.000309671968345;0.9999500211429128;1.0;0.9999679939892786;0.9996400867442606;0.999990278251503;1.0;0.9999532565869622;1.0;1.0;1.0;0.9999000381074167;0.9999751903273842;0.9999059323165657;0.9999808447148886;0.999514879663396;0.9999997170414751;1.000287311251418;1.000320099683175;0.9999999999999999;0.9995455535869799;0.9999664152695393;0.9999080056914131;1.0;1.0;0.9996102784158802;0.999938715784425;0.9990218308870593;0.9988271643616049;0.9994924925314561;0.9994663764256578;0.9994449547129137;1.0;0.9999278488321888;0.9999877270215508;0.9997822664141837;0.9999933222991203;1.024999976158142;
2016-01-24 17:15:00;0.9999873836472786;0.9994439296561679;0.9997184213572741;1.0;0.9999001759922991;0.9999695718667221;1.0003150509583778;0.9999462247985005;1.0;0.9999657929614998;0.9996218162402364;0.9999891101033032;1.0;0.9999481302278513;1.0;1.0;1.0;0.9998974676325436;0.9999751301427754;0.9999004470484354;0.9999848157192781;0.9994881196420894;0.9999998100636507;1.0002925544976935;1.0003251518485794;0.9999999999999999;0.9995226494688754;0.9999637902482243;0.9999087957637426;1.0;1.0;0.9995721061850955;0.9999335856391881;0.998925892605086;0.9987076920087978;0.9994428730550143;0.9994173085703462;0.9993960353791604;1.0;0.9999226545853493;0.9999906580651959;0.9997695693969105;0.9999920156565251;1.024999976158142;
2016-01-24 17:30:00;0.9999888715062167;0.99953152911512;0.9997557136606783;1.0;0.9999131396196544;0.9999735434126706;1.0003136510747792;0.9999535433984429;1.0;0.9999720495481406;0.9996682752134891;0.9999914297602176;1.0;0.9999583522577884;0.9999999999999999;1.0;1.0;0.99990918876343;0.9999779057592295;0.9999132328605622;0.9999821966898493;0.9995548441500567;0.9999997229390926;1.0002908850103174;1.0003242816903566;1.0;0.9995823052199224;0.9999697107266315;0.999920752626708;1.0;1.0;0.9995237123342194;0.999946234457182;0.9987860202544574;0.9985684513395798;0.9993924268988343;0.9993657107088143;0.9993436451686932;1.0;0.9999361476839796;0.9999884340807111;0.9997991295592246;0.9999945066910308;1.024999976158142;
2016-01-24 17:45:00;0.9999770215929897;0.9993760618295496;0.9996773266765321;1.0;0.9998789247731309;0.9999695033018169;1.0003459290874186;0.9999498097425595;1.0;0.9999581108555596;0.9995496978118308;0.9999907141316413;1.0;0.9999511008002454;0.9999999999999999;1.0;0.9999999999999999;0.9998689472583928;0.999962575666226;0.99988766992968;0.9999581361833633;0.9994063058669812;0.9999993002807215;1.000318864179694;1.0003604794812098;1.0;0.9994354897674802;0.9999620170086875;0.9999097585250102;1.0;1.0;0.9994645606962458;0.999925656474399;0.998608287676858;0.9984007243442639;0.9993353894527751;0.9993103001680242;0.9992899823613531;1.0;0.9999115112810476;0.999972268793636;0.9997400395506556;0.999993702335093;1.024999976158142;
2016-01-24 18:00:00;0.9999606646301751;0.9992396221883286;0.9996136112601192;1.0;0.9998340451305165;0.9999651778513489;1.0003661615304822;0.9999469425844316;1.0;0.9999410750757466;0.9994511955906841;0.9999913286956499;1.0;0.9999447397547694;1.0;0.9999999999999999;1.0;0.9998149212209987;0.9999421048538096;0.999866982207993;0.999922616717176;0.9992714506149476;0.9999986588044935;1.000337385589592;1.0003834976691075;1.0;0.9993006907480341;0.9999534894391272;0.9999303903072124;1.0;1.0;0.9994844063537405;0.999900662240555;0.9986575868258732;0.9984225927346356;0.9993615805608247;0.9993387523189179;0.9993195345301116;0.9999999999999999;0.9998809089761268;0.9999482187232192;0.9996922615684553;0.9999938699480507;1.024999976158142;
2016-01-24 18:15:00;0.9999758877890065;0.9993018223350999;0.9996535037154358;1.0;0.9998677201245573;0.9999662975315249;1.0003526258954145;0.9999434599429382;1.0;0.9999516930679992;0.9995255806780629;0.9999880120627049;1.0;0.9999397745644425;1.0;1.0;0.9999999999999999;0.9998600975411114;0.9999609161840041;0.9998796868903798;0.9999641351606251;0.999362394884318;0.9999994654241414;1.0003265226139064;1.000365679479109;1.0;0.9993997497988379;0.9999563009158047;0.9999144174248754;1.0;1.0;0.9994105790874002;0.9999114506994918;0.9984413538284157;0.9981991039358816;0.999286573324409;0.9992641735504353;0.999244797498891;1.0;0.9998970413971043;0.9999769895652032;0.9997215998647961;0.9999903797227812;1.024999976158142;
2016-01-24 18:30:00;0.9999667326087089;0.9991435664607665;0.9995950771023612;1.0;0.999838688390533;0.9999626350174148;1.0003670891030334;0.9999387015846295;1.0;0.9999355030652766;0.9994487551142303;0.999980975173415;1.0;0.9999238379443008;1.0;0.9999999999999999;1.0;0.999830572558329;0.999949887645914;0.9998615074717456;0.9999573567252582;0.9992514184830745;0.9999994308044688;1.0003405689568297;1.0003801747230554;1.0;0.9992978140630262;0.9999465358495405;0.9999290387826548;1.0;1.0;0.9993989329366789;0.9998829647409093;0.9984146325767006;0.9981762078190057;0.9992696928961592;0.9992449881638783;0.9992249788233845;1.0;0.9998666823212169;0.999973406835726;0.9996796581970232;0.9999839171957956;1.024999976158142;
2016-01-24 18:45:00;0.9999798342196675;0.9993831348321164;0.999680937797232;1.0;0.9998879223525026;0.9999707585600467;1.0003507488425016;0.999951185561288;1.0;0.9999603271836075;0.9995557159326828;0.9999908939440845;0.9999999999999999;0.9999513662978851;1.0;0.9999999999999999;0.9999999999999999;0.9998801353872925;0.9999662228115613;0.9998892421058289;0.9999660070746678;0.9994194482260701;0.999999453881485;1.0003227471619474;1.0003654695831354;1.0;0.9994490634208268;0.999963358843848;0.9999274064144115;1.0;1.0;0.999416081454987;0.9999289704702227;0.9984629752616524;0.9981858149637869;0.9992884005470273;0.9992645314139266;0.9992436739896022;1.0;0.9999161926075824;0.9999777332986507;0.9997436108733969;0.9999933658380693;1.024999976158142;
2016-01-24 19:00:00;0.9999890675211747;0.9994644848601953;0.9997201103151131;1.0;0.9999083274721008;0.9999712508258125;1.0003377504267195;0.999949127584982;1.0;0.9999695244829855;0.9996191091735345;0.9999916898677055;1.0;0.9999531416110674;1.0;0.9999999999999999;1.0;0.9999053723406255;0.9999772380377624;0.9999011699696266;0.9999851232578869;0.999496536177617;0.9999997927447839;1.0003121273484494;1.0003498408203748;1.0;0.9995276693196409;0.999966707602596;0.9998897285060412;1.0;1.0;0.99940790529829;0.9999412731370566;0.9984414709738111;0.9981622194269513;0.9992784262937628;0.9992555446333953;0.9992353753863477;1.0;0.9999309097095082;0.9999906056467394;0.9997711493656509;0.9999940172088062;1.024999976158142;
2016-01-24 19:15:00;0.9999843608559419;0.9994889945324795;0.999738252221954;1.0;0.9998993051436226;0.9999719673507718;1.0003382324257002;0.9999518223405176;0.9999999999999999;0.9999668031736103;0.9996432063265653;0.9999911438805169;1.0;0.9999551226293071;0.9999999999999999;1.0;1.0;0.9998932218173611;0.999972364439736;0.999907499699437;0.9999735355783855;0.9995169306641766;0.9999995734003192;1.0003141867068712;1.0003496657313404;0.9999999999999999;0.9995456308585106;0.9999667500475609;0.9999154761929309;1.0;1.0;0.9993402205879595;0.9999374298878281;0.9982360528133595;0.9980067553249607;0.9992145614174401;0.9991894204825681;0.9991687243108494;1.0;0.9999257710918905;0.9999826577296433;0.999785894495686;0.9999940568874244;1.024999976158142;
2016-01-24 19:30:00;0.9999866132866954;0.9995497695938153;0.9997725158876742;0.9999999999999999;0.9999132593661119;0.9999760502547191;1.000332722640491;0.9999585523357105;1.0;0.9999708288418239;0.9996912428944565;0.9999915636911166;0.9999999999999999;0.9999599071771703;1.0;0.9999999999999999;0.9999999999999999;0.9999087602293488;0.9999766361146215;0.999919901195699;0.9999793836660908;0.9995811749023784;0.999999684495501;1.0003093051719576;1.0003434558203412;1.0;0.9996070831003209;0.9999710575576213;0.9998810599532136;0.9999999999999999;1.0;0.9993719157997943;0.9999441473185364;0.9983339352352091;0.9980770513641494;0.999243314486114;0.999219343525807;0.9991982342378413;1.0;0.9999343825373838;0.9999866972587081;0.999814557179034;0.9999940065572731;1.024999976158142;
2016-01-24 19:45:00;0.9999860729432091;0.9995040961080153;0.9997530919169519;1.0;0.9999077683314147;0.9999742711856385;1.0003176458069651;0.9999552211233257;1.0;0.9999677288857476;0.9996668590122907;0.9999899969803245;1.0;0.9999547115480821;0.9999999999999999;1.0;1.0;0.9999041622248379;0.9999755278662915;0.9999133663814027;0.9999815915770041;0.9995474911848379;0.9999997471133021;1.0002952669002583;1.000327765003935;1.0;0.9995770016454804;0.999968189088697;0.9999076818349276;1.0;1.0;0.9994928390162846;0.9999379515942286;0.9986887686019198;0.9984689757283596;0.999365720686977;0.9993426962992219;0.9993229378412437;1.0;0.999927948525059;0.9999884492605194;0.9997994395049515;0.999992468872092;1.024999976158142;
2016-01-24 20:00:00;0.9999851803441642;0.9995160977019991;0.9997589777114712;0.9999999999999999;0.9999093591786038;0.999975873981557;1.0003221553023627;0.9999584278472994;0.9999999999999999;0.9999682208397702;0.9996724390871891;0.9999895040808516;1.0;0.9999573117711893;1.0;1.0;0.9999999999999999;0.9999050224886491;0.9999751256739337;0.9999158427283918;0.999979028218027;0.9995576159840409;0.999999695880545;1.0002991197557978;1.000332844716033;0.9999999999999999;0.9995850396413242;0.9999697131615927;0.9999105975985615;1.0;1.0;0.999446683009421;0.9999393227695131;0.9985452235232407;0.9983066453247994;0.9993245337127108;0.999299754427692;0.9992793631253776;1.0;0.9999294495393966;0.9999866705557207;0.9998051362829752;0.999992376771499;1.024999976158142;
2016-01-24 20:15:00;0.9999841369667616;0.9994369223317818;0.9997193448591156;1.0;0.9998942832714457;0.9999702931444638;1.0003351143841048;0.9999483564457957;0.9999999999999999;0.9999631402609475;0.9996216666660849;0.9999894273559192;1.0;0.9999482377863737;1.0;0.9999999999999999;1.0;0.9998900506415676;0.9999719082765897;0.9999013345794703;0.9999786453986554;0.9994848680166556;0.9999997031762058;1.0003116001511976;1.0003458019178284;1.0;0.9995185768746626;0.9999634691073861;0.9998920916493036;1.0;1.0;0.9993967634826469;0.9999293604183235;0.9984025921057793;0.9981787016779493;0.9992713712902314;0.9992474215098522;0.9992264590735107;1.0;0.9999178277206302;0.9999865504943075;0.9997716253368056;0.9999918992462785;1.024999976158142;
2016-01-24 20:30:00;0.9999874089902506;0.9995191095645942;0.9997595183079929;1.0;0.9999115496537959;0.9999745529702667;1.0003132006149955;0.9999554276631181;1.0;0.9999692516455424;0.9996763596751365;0.9999905742244604;1.0;0.999955587558072;1.0;1.0;1.0;0.9999085180035903;0.9999770831236569;0.999915385345856;0.9999839846540323;0.9995604082529871;0.999999787397836;1.000291167259799;1.000323039491435;1.0;0.999589597113038;0.9999689377085689;0.9999203805853654;1.0;0.9999999999999999;0.9994870836694193;0.999940577167981;0.9986687249083087;0.9984732316168955;0.9993620494066853;0.9993382406847632;0.9993167480060884;1.0;0.9999309715350855;0.9999900289392224;0.9998041250870534;0.9999928725335054;1.024999976158142;
2016-01-24 20:45:00;0.9999848605256626;0.9995373454919811;0.9997753191674159;1.0;0.99991592461013;0.9999791213477589;1.0003135773124532;0.9999643724593583;1.0;0.9999686289844626;0.9996944068806989;0.9999883790467434;1.0;0.9999595120140421;0.9999999999999999;1.0;1.0;0.9999123352577188;0.9999761627679591;0.9999225367190407;0.9999810147318832;0.9995885419539543;0.9999997482861886;1.0002910041745465;1.0003239733812344;1.0;0.999614280026098;0.9999720029733764;0.9999052153086548;1.0;1.0;0.9995020149546805;0.9999403403069385;0.9987180966094871;0.9985049410099226;0.9993733689905352;0.9993493749759466;0.9993297760962805;1.0;0.9999316629983312;0.9999882176830776;0.9998206252751708;0.9999911958887894;1.024999976158142;
2016-01-24 21:00:00;0.9999856927220814;0.9996129950332578;0.9998095515421279;1.0;0.9999233149222029;0.9999814255156275;1.0003123669157357;0.9999686903904971;1.0;0.9999730886944077;0.9997395221877362;0.9999911731968053;1.0;0.9999668112355282;1.0;1.0;1.0;0.9999184003052956;0.999977718948336;0.9999338668036151;0.9999777742374671;0.9996462815242745;0.9999996553645242;1.0002904531963004;1.0003225325459815;1.0;0.9996670040708536;0.9999759612687594;0.9999155220745274;1.0;1.0;0.9994491012534101;0.9999491537046951;0.9985536434385517;0.9983419472042857;0.9993260776086728;0.9993022676890105;0.9992817166329611;0.9999999999999999;0.9999407305016841;0.9999856334846238;0.9998468535826733;0.9999937009369828;1.024999976158142;
2016-01-24 21:15:00;0.9999807475850478;0.9995254629496224;0.9997716765378022;1.0;0.9999069371128988;0.9999792677541529;1.0003093385535882;0.9999657767572337;1.0;0.9999655220972016;0.999686614471267;0.9999888831786352;0.9999999999999999;0.9999599406455582;1.0;0.9999999999999999;1.0;0.9999008492605138;0.9999716507429774;0.9999216863168711;0.9999715673188865;0.9995754986533711;0.9999995730811472;1.0002872913791077;1.0003199544245174;1.0;0.9995999375171277;0.9999713078628913;0.9999069318750139;1.0;1.0;0.9995641795656771;0.9999357238430256;0.9988994609945011;0.9987094155263371;0.9994370149755524;0.9994128070524422;0.9993921062537262;1.0;0.9999258663143443;0.9999817868502491;0.9998186614200045;0.9999914996220984;1.024999976158142;
2016-01-24 21:30:00;0.9999842473883052;0.9995371044263388;0.9997726050886298;1.0;0.9999114159537008;0.9999776613759219;1.0003110935539434;0.9999619987466647;1.0;0.999968278131433;0.9996905185306639;0.9999900446089421;0.9999999999999999;0.9999593522042212;1.0;1.0;1.0;0.9999067067671021;0.999974789689775;0.9999209887158144;0.9999774619465831;0.9995803532192177;0.9999996697625029;1.0002890672323261;1.0003213463554963;0.9999999999999999;0.9996060555204337;0.9999710901188668;0.999917360371807;1.0;1.0;0.9995315928490635;0.9999399842997272;0.9987969798363578;0.9985907407806796;0.9994087119297375;0.9993842917119233;0.9993626383272385;1.0;0.9999304355114774;0.999985641124708;0.9998170692411399;0.9999924971487162;1.024999976158142;
2016-01-24 21:45:00;0.9999831620134756;0.999541352145886;0.9997756042783402;1.0;0.9999098520342802;0.9999782131013627;1.0003134598205996;0.99996322102656;1.0;0.9999679788356054;0.9996936775451967;0.9999899613333139;1.0;0.9999603204794875;1.0;1.0;0.9999999999999999;0.9999043737568128;0.9999738659458169;0.9999221982377379;0.9999747080410747;0.9995835896958569;0.9999996158313386;1.0002913962413638;1.0003238388844742;1.0;0.9996084166728909;0.9999715285613819;0.999905348016417;1.0;1.0;0.9995062730555877;0.9999393970964843;0.998717852786092;0.9985090844201764;0.9993863807124733;0.9993629380453485;0.9993430317247893;1.0;0.9999296123489207;0.9999837467622327;0.999819821603852;0.9999925293982391;1.024999976158142;
2016-01-24 22:00:00;0.9999866017560823;0.9996324803817702;0.9998199960861107;1.0;0.9999281150202779;0.9999827059898924;1.0002992862362463;0.9999707346229392;1.0;0.9999746095283253;0.9997540788672082;0.9999907720919485;1.0;0.9999684409289155;1.0;1.0;1.0;0.9999237536178186;0.9999792871793111;0.9999376282208351;0.9999798806520268;0.9996662731100465;0.9999996941580206;1.000278269934162;1.000308968968277;0.9999999999999999;0.9996860839813091;0.999977414333009;0.9999115742849869;1.0;1.0;0.9995359065319522;0.999951647383493;0.9987926756259708;0.9986060198767911;0.9994246642224357;0.9993999482897087;0.9993789826536259;1.0;0.9999438496279598;0.9999870749813397;0.9998555338998963;0.9999934847136753;1.024999976158142;
2016-01-24 22:15:00;0.9999826928123423;0.9995750145171637;0.9997983540167217;0.9999999999999999;0.999916596584307;0.9999817403157338;1.00029706684889;0.9999697204486839;1.0;0.9999688541509569;0.9997244446097125;0.9999893884462627;1.0;0.9999635211043492;1.0;1.0;1.0;0.9999115028192763;0.9999748598070228;0.9999309946326529;0.9999755719641866;0.999624337796591;0.9999996427978655;1.000276288732987;1.0003067730958608;1.0;0.9996467892980835;0.9999743120195258;0.9999039890947828;0.9999999999999999;0.9999999999999999;0.999614385966386;0.9999412103737663;0.9990150718372811;0.9988297243408517;0.9995094966328184;0.9994850556204019;0.9994631471767;1.0;0.9999325475289994;0.999984478796636;0.9998401748120308;0.9999917851390205;1.024999976158142;
2016-01-24 22:30:00;0.9999830951875837;0.9996289778782095;0.9998286585817135;1.0;0.9999261710880275;0.9999856685671507;1.0002883318493352;0.9999767733947206;1.0;0.999971635089837;0.9997650391831876;0.9999891106834466;0.9999999999999999;0.9999688166126581;1.0;0.9999999999999999;1.0;0.9999212842122772;0.9999769238346963;0.9999421215410651;0.9999764489486811;0.9996786691511622;0.9999996573113213;1.0002683258127432;1.0002976065645173;1.0;0.9996974936240852;0.9999782818597347;0.9998940508611015;0.9999999999999999;1.0;0.9996194684123574;0.9999463593997043;0.9990330229447264;0.9988480785594085;0.999512567803169;0.999489363846453;0.9994696024886444;1.0;0.9999389206620884;0.9999850774788804;0.9998658995302665;0.9999916384184107;1.024999976158142;
2016-01-24 22:45:00;0.9999873627497636;0.9996513303603823;0.999830107488791;1.0;0.9999341714654472;0.9999846987636405;1.0002844137279523;0.9999741252695468;0.9999999999999999;0.9999762736535316;0.9997671220578507;0.9999903697503781;0.9999999999999999;0.9999707759788651;1.0;0.9999999999999999;1.0;0.9999303797991832;0.9999809678478138;0.9999415681125624;0.9999819869011698;0.9996867840653778;0.9999997341102479;1.0002640652889645;1.0002938533636603;1.0;0.9997051308703541;0.999979430553952;0.9998909612171273;1.0;1.0;0.9996614762503907;0.999954520250363;0.9991493907180224;0.9989658887451323;0.9995598033890019;0.9995350715914518;0.9995145157476956;1.0;0.9999475501146194;0.9999885333415675;0.999864615814276;0.9999931865980316;1.024999976158142;
2016-01-24 23:00:00;0.9999901594052641;0.9997279680718589;0.9998659763119464;0.9999999999999999;0.9999538615877996;0.9999903099479113;1.0002770662558094;0.9999839505176208;1.0;0.9999825732310782;0.9998126206020639;0.9999914379153296;1.0;0.9999798314843666;1.0;1.0;1.0;0.9999510810544999;0.9999860347629163;0.999954745699717;0.9999864820830436;0.9997575018702682;0.9999998050139631;1.0002561550707068;1.0002869716346248;0.9999999999999999;0.9997698908294604;0.9999859790130602;0.9998894893236351;1.0;1.0;0.999638772328862;0.9999668776032491;0.9990897018355743;0.9989201413366803;0.9995320856896149;0.9995081973333984;0.9994880229867394;1.0;0.9999621700688955;0.9999914553587891;0.9998951199220555;0.9999940811815139;1.024999976158142;
2016-01-24 23:15:00;0.9999928385632069;0.999770474733378;0.9998857954344283;1.0;0.9999561426899198;0.9999886505189305;1.0002726583548915;0.9999802677643777;1.0;0.9999852187369829;0.9998447917274648;0.9999928363175864;1.0;0.9999799908142367;1.0;1.0;1.0;0.9999538907779323;0.9999882800889273;0.9999601203627607;0.9999895067510451;0.9997896055714459;0.9999998420868589;1.0002537153390274;1.0002809430170463;1.0;0.9998026002577927;0.9999858808939089;0.9998906726270964;1.0;0.9999999999999999;0.9996301121781656;0.9999708938106053;0.999061948998893;0.998906529658291;0.9995249184330564;0.9995009406737964;0.9994804592562551;1.0;0.9999660796248888;0.9999932886674294;0.9999075777003164;0.99999543341941;1.024999976158142;
2016-01-24 23:30:00;0.999994063239739;0.9997539467174577;0.9998747818564384;0.9999999999999999;0.9999536913427544;0.9999863218231894;1.0002708963236784;0.9999756946045663;1.0;0.9999851137297217;0.9998315707047416;0.9999935167907665;0.9999999999999999;0.9999773961371781;1.0;1.0;1.0;0.9999519295996014;0.9999886805057351;0.9999555981054994;0.9999915742244367;0.9997706232853192;0.9999998764575275;1.0002522127053441;1.000278911980905;0.9999999999999999;0.999785779570116;0.9999840766203152;0.9998992811189007;1.0;1.0;0.9996797230078509;0.9999702071095333;0.9992031433507661;0.9990391951075689;0.9995781314851618;0.9995541763648185;0.9995329002603206;1.0;0.9999649908407267;0.9999946383743612;0.9998971268238996;0.9999959134934187;1.024999976158142;
2016-01-24 23:45:00;0.9999922190229343;0.9998363384025167;0.999924070910043;0.9999999999999999;0.9999677386537369;0.9999942151760082;1.0002581405023099;0.9999907835654207;1.0;0.9999876413284776;0.9998947831762672;0.9999920773249676;1.0;0.9999870354214567;1.0;1.0;0.9999999999999999;0.9999653426574324;0.999989701258524;0.9999745483590088;0.9999887788289743;0.9998579278618183;0.9999998319853776;1.0002401979257314;1.0002660476437029;1.0;0.9998656161674562;0.9999909263419449;0.9999089703509397;1.0;1.0;0.9997057343316088;0.9999765896525801;0.999291279552632;0.9991399141244703;0.9995963981389328;0.9995706206430806;0.9995488157289247;1.0;0.9999733334501437;0.9999928428138246;0.9999410018333107;0.9999949209775879;1.024999976158142;
2016-01-25 00:00:00;0.9999922250093854;0.9997672366933763;0.9998861645690565;0.9999999999999999;0.9999560816350009;0.9999892367300262;1.0002628554993007;0.999981482498763;0.9999999999999999;0.999984530286356;0.9998450117961029;0.999992211261878;1.0;0.9999798988191725;1.0;1.0;1.0;0.9999538556796438;0.9999878590588331;0.9999605943584307;0.9999892353471557;0.9997902719600096;0.9999998439063544;1.0002445122720214;1.0002709219196233;1.0;0.9998031701436775;0.9999859758203181;0.9998948202900205;1.0;1.0;0.9997364811162056;0.99996982485703;0.9993650509994623;0.9992302716332683;0.9996387575215057;0.9996148561032369;0.9995947850115161;1.0;0.9999651518003719;0.9999931842231531;0.9999086822375851;0.9999948835596014;1.024999976158142;
2016-01-25 00:15:00;0.9999933869471349;0.9998553773267735;0.9999312343059474;1.0;0.9999706416621917;0.9999942588935025;1.0002549774576617;0.9999906539199775;1.0;0.9999893912427297;0.9999048272140448;0.999993328778245;1.0;0.9999884707841764;0.9999999999999999;1.0;1.0;0.9999683407240954;0.9999909181539031;0.9999766379270862;0.9999897068846896;0.9998710421221535;0.9999998386521609;1.000237363734386;1.0002626828650665;1.0;0.9998779740062486;0.9999917249211343;0.9999082806969758;1.0;0.9999999999999999;0.9997175691269866;0.9999797550110722;0.9993232701026276;0.999168962680368;0.999610247495292;0.9995861891116483;0.9995654847216765;1.0;0.999976640702782;0.9999933492436696;0.9999458427913646;0.999995896851818;1.024999976158142;
2016-01-25 00:30:00;0.9999923823289026;0.9997929531538349;0.9999016712410267;1.0;0.9999607274571295;0.9999911256688565;1.0002619184205137;0.9999848881111223;1.0;0.9999855576594474;0.999866373711843;0.9999912164429893;1.0;0.9999820159290655;1.0;1.0;1.0;0.9999587820299289;0.999988821918724;0.9999663057543153;0.9999901237099383;0.9998180114572804;0.9999998635781729;1.0002438484603557;1.0002697251411001;1.0;0.9998294305841553;0.9999877015975528;0.9998981758112345;0.9999999999999999;1.0;0.9997066270122217;0.9999718299393006;0.9992932329319085;0.9991321429653821;0.9995977561101707;0.9995710344312017;0.9995489643576262;1.0;0.9999678202541717;0.9999938333784665;0.9999219040104491;0.9999942933731462;1.024999976158142;
2016-01-25 00:45:00;0.9999952700162957;0.9998731445514172;0.9999376158619315;1.0;0.9999756762411764;0.9999945105085525;1.000252318074017;0.999990710150701;1.0;0.9999915688144876;0.9999140008998109;0.9999925489752628;0.9999999999999999;0.9999897679660757;0.9999999999999999;1.0;1.0;0.9999740708514919;0.9999930070637179;0.9999785459261017;0.9999927532438517;0.9998847649820115;0.9999998874235577;1.0002347700461383;1.0002598978847062;1.0;0.999891191936481;0.9999927175825961;0.9999031643684612;1.0;1.0;0.9997181005354605;0.9999835891141893;0.9993253590848307;0.9991738856115635;0.9996104241802845;0.9995841185890114;0.9995634142419263;1.0;0.9999809576941388;0.9999953294668076;0.9999502625811281;0.9999958262941533;1.024999976158142;
2016-01-25 01:00:00;0.9999935393177155;0.9998649766225564;0.9999350914413478;1.0;0.999972265357988;0.9999947942535964;1.000246410616671;0.9999916489560616;1.0;0.9999901718825284;0.9999093224347709;0.9999925698593325;0.9999999999999999;0.999989794979414;1.0;1.0;1.0;0.9999697959919505;0.9999912523410567;0.9999779886111825;0.9999893148289041;0.9998781155706185;0.9999998268427854;1.0002292580227008;1.0002540182687853;1.0;0.999884136638236;0.9999924947700243;0.9998953442278471;0.9999999999999999;1.0;0.9997632269506291;0.999981318868997;0.9994580705467428;0.9993496210705617;0.999655905838158;0.9996301357771779;0.9996096517122165;0.9999999999999999;0.9999783145119965;0.9999930302189358;0.9999489680962659;0.9999957316687343;1.024999976158142;
2016-01-25 01:15:00;0.9999929587706269;0.9998336968476971;0.9999205134322862;1.0;0.9999662241392816;0.9999928568729098;1.0002468713700015;0.9999880972466916;1.0;0.9999880512859278;0.9998909056990241;0.9999932531295153;1.0;0.9999861799562277;1.0;0.9999999999999999;1.0;0.9999638328337285;0.9999899756176014;0.9999727539359116;0.9999892047174516;0.9998510277376359;0.9999998323156275;1.0002299181565655;1.000254283208926;0.9999999999999999;0.9998595698757209;0.999990154459907;0.9999035967487667;1.0;1.0;0.9997737947455912;0.9999768978985709;0.9994794340999621;0.9993695734214428;0.9996731906416222;0.9996492277025273;0.9996283622485237;1.0;0.9999732899493049;0.9999930427765608;0.9999368398929525;0.9999957518454209;1.024999976158142;
2016-01-25 01:30:00;0.9999939272841456;0.9998524898885334;0.9999298398948085;1.0;0.9999722430344149;0.9999944509431482;1.0002461074674105;0.9999908304861885;1.0;0.9999896750997973;0.9999030411841412;0.9999932480153974;1.0;0.9999882680742486;1.0;1.0;1.0;0.9999704537418324;0.9999916174784685;0.9999762665311225;0.9999914754799536;0.9998702550731975;0.9999998745277934;1.0002288779640465;1.0002536427638198;0.9999999999999999;0.9998774745712895;0.9999918641038631;0.9999014230163702;1.0;1.0;0.9997569820293419;0.9999800782181889;0.9994445332708441;0.9993323425556558;0.9996463155517813;0.9996208670989558;0.9995979601850041;1.0;0.9999772470252516;0.9999945901700409;0.9999449756996189;0.999995719915201;1.024999976158142;
2016-01-25 01:45:00;0.9999948056489905;0.9998627700559701;0.9999319699167114;1.0;0.9999732979914256;0.9999939699218466;1.0002443666207852;0.9999898163325187;1.0;0.9999909320576424;0.9999059532453959;0.9999933261619917;1.0;0.9999890937968378;1.0;1.0;1.0;0.9999713907973766;0.9999922983037975;0.9999765544581978;0.9999916317001429;0.9998741028019928;0.999999866261307;1.000227296932619;1.000251844859026;1.0;0.999880928712594;0.9999921221327831;0.9998977179715209;1.0;1.0;0.9997763990855141;0.9999823649546441;0.9994864937899163;0.9993813997312089;0.9996762258161169;0.9996511352942722;0.9996303435352327;1.0;0.9999794225791689;0.9999945624367834;0.9999456447081135;0.9999961988636188;1.024999976158142;
2016-01-25 02:00:00;0.9999948727269461;0.9998759902724828;0.9999400890960783;1.0;0.999974994261259;0.9999946260468587;1.0002334943105151;0.9999910150375739;0.9999999999999999;0.99999127238966;0.999917591205978;0.9999939156784016;1.0;0.9999898248603788;1.0;1.0;0.9999999999999999;0.999973197351012;0.9999926285043986;0.9999794281249978;0.9999919858265406;0.9998880447073559;0.9999998739947424;1.0002174333379164;1.000240427433238;1.0;0.9998943462146209;0.9999927113585644;0.9999038453885142;1.0;0.9999999999999999;0.9998296110936491;0.9999831007494714;0.9996430855694811;0.9996006775781062;0.9997297870141006;0.9997059456123941;0.9996852387419104;1.0;0.9999803997575251;0.9999948177700938;0.9999523069147588;0.9999964143959628;1.024999976158142;
2016-01-25 02:15:00;0.999994978227633;0.9998693674917258;0.9999358051546029;1.0;0.9999742001958194;0.9999941816141431;1.000238217339177;0.9999901704197929;1.0;0.9999911770942116;0.9999116078000658;0.9999936806921549;1.0;0.999989366427636;0.9999999999999999;1.0;1.0;0.9999724001593187;0.9999925623315712;0.9999778616556475;0.9999920421814815;0.9998807714658676;0.9999998737753982;1.0002217141129368;1.000245381155575;1.0;0.9998874316272156;0.9999923563005015;0.9998841251062656;1.0;1.0;0.9998245350981811;0.999982838759087;0.9996374053517366;0.9995825294355439;0.9997183552210036;0.9996938413693178;0.999672974984103;1.0;0.9999800127521711;0.9999948404314761;0.9999486761163104;0.9999963529938051;1.024999976158142;
2016-01-25 02:30:00;0.9999949651794008;0.9998501557685898;0.9999268047345944;1.0;0.9999710579170049;0.9999928739374171;1.0002391193889146;0.9999876799810059;1.0;0.9999900060594895;0.9999006689405207;0.9999934310502263;1.0;0.9999868724736887;1.0;0.9999999999999999;1.0;0.9999695612575882;0.9999921146439811;0.9999745806520163;0.9999928854584583;0.9998645923297855;0.9999998950471402;1.0002227125590093;1.0002461121420745;1.0;0.9998730604962975;0.9999908337795437;0.9999045416166646;1.0;1.0;0.9998131807135147;0.9999803096143667;0.9995954984293585;0.9995309902240506;0.9997127276614003;0.9996895922852022;0.9996702079846526;1.0;0.9999772013021812;0.9999954786758709;0.9999410784030655;0.9999960281535948;1.024999976158142;
2016-01-25 02:45:00;0.9999961063023937;0.9998731849464237;0.9999373627613449;1.0;0.9999788127757919;0.9999950051603984;1.0002377684467296;0.9999913962558973;1.0;0.999992198794569;0.9999135928896973;0.9999928736555184;0.9999999999999999;0.9999899239695773;1.0;0.9999999999999999;1.0;0.9999779228244089;0.9999941219053781;0.9999786370749046;0.9999952577409645;0.9998870432493436;0.9999999375868642;1.0002208425278774;1.0002451025519574;1.0;0.9998935103619307;0.999993176772628;0.9998990116115993;1.0;1.0;0.9998169602274681;0.9999847086644623;0.9996027393978744;0.9995393392425929;0.9997191825995497;0.9997022264854853;0.9996922959049325;0.9999999999999999;0.9999825577154882;0.9999970766965167;0.9999504725209173;0.9999958157129054;1.024999976158142;
2016-01-25 03:00:00;0.9999970043651238;0.9999186592304012;0.9999600163490597;1.0;0.9999845807627862;0.9999965339733844;1.0002326393451455;0.9999941216566256;0.9999999999999999;0.9999946393487723;0.9999448720991461;0.9999941533829156;0.9999999999999999;0.9999934652102399;0.9999999999999999;1.0;0.9999999999999999;0.9999835912541948;0.9999955894650342;0.9999862705633578;0.9999954920619152;0.9999263048138763;0.9999999306086462;1.0002165682897737;1.0002394333611524;1.0;0.9999304203712536;0.9999953803231831;0.9998944665979126;1.0;1.0;0.9998216898906882;0.9999895205938367;0.9996022566304843;0.9995379875639243;0.9997337776136503;0.999718603617509;0.9997098793337872;1.0;0.9999878627956047;0.9999971036421631;0.9999681637968283;0.999996825685829;1.024999976158142;
2016-01-25 03:15:00;0.99999768657656;0.9998966434058104;0.999947553941026;0.9999999999999999;0.9999813408489497;0.9999944951149544;1.0002348342989147;0.9999901255844976;1.0;0.9999939645859444;0.9999294378505802;0.9999938046748739;1.0;0.9999906139617704;1.0;1.0;1.0;0.9999807849195;0.9999955891385939;0.9999814907653691;0.9999971023821302;0.9999045781252557;0.999999961009758;1.000218703069207;1.000241521838754;1.0;0.9999109416482754;0.9999935356309985;0.9998983958821227;0.9999999999999999;0.9999999999999999;0.9998143311343828;0.9999876700997006;0.9995925136384889;0.9995312866014086;0.9997182357497019;0.9997022017225777;0.99969306487687;1.0;0.9999856141394753;0.9999982027960845;0.9999570887680154;0.999996648332406;1.024999976158142;
2016-01-25 03:30:00;0.9999975063254125;0.9998811153464989;0.9999397603737514;1.0;0.9999786547128202;0.9999935548378169;1.0002325385749145;0.9999883822301527;1.0;0.9999930942725722;0.9999192910234197;0.9999933931905347;1.0;0.9999889918918686;1.0;1.0;1.0;0.9999781386063696;0.9999950736199043;0.9999786932019143;0.9999971116969548;0.9998904950665897;0.9999999638020167;1.0002165812201071;1.0002391400737458;1.0;0.9998980078847195;0.9999924710759295;0.99989250183035;1.0;1.0;0.9998470557345489;0.999985814831638;0.9996782521058551;0.9996373106654287;0.9997583872603405;0.9997419564896913;0.9997328192806424;1.0;0.9999834743688079;0.9999982396813115;0.9999506054155676;0.9999963620496407;1.024999976158142;
2016-01-25 03:45:00;0.999996443248328;0.9998904970898476;0.9999451429079549;1.0;0.9999797954823841;0.9999950743714211;1.000230705208114;0.9999915080249889;1.0;0.9999931590668771;0.9999245103135351;0.9999935325374579;1.0;0.9999911303942641;1.0;1.0;1.0;0.9999786252244652;0.9999944596562566;0.9999810263782176;0.9999946534451168;0.9998995884738517;0.9999999179343725;1.0002145911823104;1.0002376299454803;1.0;0.9999052873740465;0.9999937277179812;0.9999002229679227;1.0;1.0;0.9998468472335643;0.9999865166782376;0.9996804661315773;0.9996436616341181;0.9997562469559281;0.9997399924507462;0.9997308552596477;0.9999999999999999;0.9999843094854971;0.9999965660128003;0.9999560101574897;0.9999964455513237;1.024999976158142;
2016-01-25 04:00:00;0.999995020538903;0.9998415422572461;0.9999242384502233;1.0;0.9999720952864185;0.9999932976772582;1.0002375805769652;0.9999883651231141;1.0;0.9999895333935118;0.999897370006816;0.9999923009297255;1.0;0.9999861213928866;1.0;0.9999999999999999;0.9999999999999999;0.999971203777093;0.9999924198912997;0.9999740469626053;0.9999946326705934;0.9998617596810294;0.9999999374783003;1.000221048765072;1.0002445930667843;1.0;0.9998707688019578;0.9999907718235551;0.9998951799864956;1.0;1.0;0.9998345318697358;0.9999793406081058;0.9996501585315011;0.9996064466358652;0.9997397988703182;0.999724459639475;0.9997161163427988;1.0;0.99997658277639;0.9999967865944381;0.9999398407816199;0.9999951177828189;1.024999976158142;
2016-01-25 04:15:00;0.999996917124093;0.9999015694977543;0.9999509658603567;1.0;0.9999822105263898;0.999995631271771;1.0002308655034733;0.9999924332982367;1.0;0.9999938728545569;0.9999327015068743;0.9999934486511886;1.0;0.9999919292793583;0.9999999999999999;1.0;1.0;0.9999812990994568;0.9999951760201619;0.999983068602915;0.9999956667323228;0.9999105163087671;0.9999999360830161;1.0002147911391472;1.000237697412872;0.9999999999999999;0.9999157342790079;0.9999943796315071;0.9999014498543478;1.0;1.0;0.9998393299941688;0.9999878772334734;0.9996589587608522;0.9996112461099212;0.999748261298544;0.9997318306943123;0.9997226935778087;0.9999999999999999;0.9999859695417895;0.9999972481571145;0.9999607421776618;0.9999964175104595;1.024999976158142;
2016-01-25 04:30:00;0.9999976285504153;0.9998913138717305;0.9999442808091306;1.0;0.99998085373504;0.9999943510473932;1.0002335478065765;0.9999898721319834;1.0;0.9999938571049292;0.9999245599050133;0.9999933332836378;1.0;0.9999904536473017;0.9999999999999999;1.0;1.0;0.9999802472481013;0.9999954698737682;0.9999803786482814;0.9999969264313424;0.9998991056429279;0.9999999574647431;1.0002173385940054;1.000240348454899;1.0;0.9999055799556598;0.9999933977449357;0.9998865469816262;1.0;1.0;0.9998332636044482;0.9999874429933221;0.9996500850772527;0.9996044706537032;0.9997360236182764;0.999719452439508;0.9997107281483789;1.0;0.9999853204514852;0.9999980798087976;0.9999545095965663;0.999996446697646;1.024999976158142;
2016-01-25 04:45:00;0.9999956408806229;0.9998571771533924;0.9999316061889096;1.0;0.9999751128460619;0.99999396659486;1.0002323537065538;0.9999894771592166;0.9999999999999999;0.9999906896248005;0.9999073961568329;0.9999931296405685;1.0;0.9999874935992039;0.9999999999999999;1.0;0.9999999999999999;0.9999743853109232;0.999993329153046;0.9999765653192779;0.9999954514831987;0.999875444899218;0.9999999489762699;1.0002161968623582;1.0002391716740187;1.0;0.9998836088198766;0.9999917252371219;0.9999044438894628;0.9999999999999999;1.0;0.9998500776388257;0.9999815124078639;0.9996841505905562;0.9996385346125837;0.9997634739714454;0.9997482388042996;0.9997387204921566;0.9999999999999999;0.9999790619625619;0.9999973016129357;0.999945671618846;0.9999956283561656;1.024999976158142;
2016-01-25 05:00:00;0.9999916538977671;0.9996800846714909;0.9998474018875431;0.9999999999999999;0.9999446757919683;0.9999850730014017;1.0002535142339921;0.9999735228085227;1.0;0.999979105633803;0.9997967009746018;0.9999888027219941;0.9999999999999999;0.9999697020757071;1.0;1.0;1.0;0.9999440784990031;0.9999860172052697;0.9999471706455603;0.9999934915268067;0.9997225453184182;0.9999999581042606;1.0002359848535272;1.0002608294679813;1.0;0.9997427025133926;0.9999802016553395;0.9998869263963887;1.0;1.0;0.99982881643651;0.9999584056411667;0.9996395931521804;0.9995915361561558;0.9997297749090516;0.9997123548949581;0.9997028369244554;1.0;0.9999530275723223;0.9999964911792293;0.9998775967038501;0.9999919913195464;1.024999976158142;
2016-01-25 05:15:00;0.9999927282468969;0.999810461853541;0.9999150253930286;1.0;0.9999659485596408;0.9999930551238015;1.0002420504147393;0.9999882726028683;0.9999999999999999;0.9999859407048644;0.9998857250177721;0.999990760984948;0.9999999999999999;0.9999828664558912;1.0;1.0;1.0;0.9999649698099161;0.9999900444370435;0.9999714848225746;0.9999930731676455;0.9998432480723395;0.9999999313601188;1.0002255056039528;1.0002489623998612;1.0;0.9998540881081077;0.9999889991694317;0.9998935698332986;1.0;1.0;0.9998171978169805;0.9999726292427186;0.9996310939084994;0.9995837865726946;0.9997005328614377;0.9996777381935938;0.9996595832074975;1.0;0.9999695712636472;0.9999959981194488;0.9999339047078822;0.9999935488042547;1.024999976158142;
2016-01-25 05:30:00;0.9999932025274965;0.9998226838011244;0.9999193194384532;1.0;0.9999683370983244;0.9999935562642757;1.0002447260090521;0.9999891633399497;1.0;0.9999871037999677;0.9998907250814582;0.9999895280348168;1.0;0.9999844541089794;0.9999999999999999;0.9999999999999999;0.9999999999999999;0.9999672480553056;0.999990672799132;0.9999729094741963;0.9999930294754726;0.9998515691817442;0.99999992362616;1.0002278153523667;1.000251887667319;1.0;0.9998613543986313;0.9999899036779607;0.999883481687047;1.0;1.0;0.9997963024135038;0.9999749749709947;0.9995962764360291;0.9995541851553;0.9996612853836517;0.9996318007103414;0.9996088428061027;1.0;0.9999720707549584;0.9999958859777938;0.9999372048867181;0.9999932619891643;1.024999976158142;
2016-01-25 05:45:00;0.9999915724987041;0.9997254626264422;0.9998718917151922;1.0;0.9999530214584728;0.9999886823350983;1.0002532219948952;0.9999803155547509;1.0;0.9999812638733532;0.9998280556948936;0.9999862035900833;1.0;0.9999748902444501;0.9999999999999999;1.0;1.0;0.9999522525551772;0.9999872296036646;0.999956327076389;0.9999929752051274;0.9997668432633019;0.9999999460702036;1.0002355359324215;1.0002607127356877;1.0;0.9997831761644744;0.9999837574174375;0.999893302334634;1.0;1.0;0.9997931897081241;0.9999632644919989;0.9996111865236089;0.9995720918883234;0.9996417139635213;0.9996092047160136;0.9995862473307228;1.0;0.9999588998940221;0.9999961159698837;0.9998988040767968;0.9999908933449032;1.024999976158142;
2016-01-25 06:00:00;0.9999880434858857;0.9996261115008743;0.9998287094421264;0.9999999999999999;0.9999345090003603;0.9999844377535583;1.0002676196260105;0.9999729882593942;1.0;0.9999735283839839;0.9997717402036601;0.9999839825859221;1.0;0.9999647318801463;1.0;1.0;0.9999999999999999;0.9999335685330195;0.9999821051478861;0.9999416363979342;0.99999044900162;0.9996863467137018;0.9999999340393878;1.0002493148838152;1.0002752420351781;0.9999999999999999;0.9997092779169707;0.9999773174074937;0.9998691740938498;1.0;1.0;0.9997342566733596;0.9999481161784788;0.9995272497396569;0.9994713160177232;0.9995212791921902;0.9994897654694582;0.99946775185162;0.9999999999999999;0.9999421298807811;0.9999948030996864;0.9998647888064806;0.9999885874558061;1.024999976158142;
2016-01-25 06:15:00;0.9999924553972092;0.9997175178483388;0.9998580687388943;1.0;0.9999462130429023;0.9999847184611657;1.0002691537398556;0.9999730580594848;1.0;0.9999822226144185;0.9998090175544918;0.9999854692095175;0.9999999999999999;0.9999740533652848;1.0;1.0;1.0;0.9999440193217691;0.9999863850768652;0.9999498830020801;0.9999894116335634;0.9997391039091154;0.9999998461658712;1.000250637290849;1.0002771743033219;0.9999999999999999;0.9997562978776525;0.9999817469946087;0.9998162298975173;1.0;1.0;0.9997466571828224;0.9999648038727037;0.9995413537253008;0.9994816589720135;0.9995490512345105;0.9995117745101437;0.9994899201417675;1.0;0.9999588287343454;0.9999932785259599;0.9998838996125398;0.9999919334765929;1.024999976158142;
2016-01-25 06:30:00;0.9999887667244417;0.9996184682341457;0.9998088381129242;1.0;0.9999246721283226;0.999979051771736;1.0002922858366727;0.9999634608365913;1.0;0.9999750453146558;0.99974250294392;0.9999591113803218;1.0;0.99996488376696;1.0;1.0;1.0;0.9999209970626444;0.9999802480028998;0.9999324211461267;0.9999830287331194;0.9996461938958046;0.9999997422886614;1.0002723626277117;1.0003011201710437;1.0;0.9996691539384477;0.9999748760221917;0.9997647004442969;1.0;1.0;0.9997019733778355;0.9999513779304277;0.9995038826161514;0.9994464821160702;0.9994398613437346;0.9993615583177485;0.9993441288051264;1.0;0.9999429155233592;0.9999890842744528;0.9998435101176689;0.9999795964298009;1.024999976158142;
2016-01-25 06:45:00;0.9999938540270108;0.9997601298834475;0.9998788110567651;0.9999999999999999;0.999956137136491;0.9999876185520593;1.0002861398269294;0.9999781091192289;1.0;0.9999854676689194;0.999836000517958;0.9999439068735165;0.9999999999999999;0.9999787020982058;1.0;1.0;0.9999999999999999;0.9999544414012388;0.9999889861293123;0.9999574154377089;0.9999916456237544;0.9997788315165876;0.9999998810856155;1.0002661404627609;1.000294794926591;1.0;0.9997930003400323;0.9999851321591756;0.9997757812688894;1.0;0.9999999999999999;0.9995999234407281;0.999971009600141;0.9993037959344658;0.9992478301336001;0.9992686967297435;0.9991613755405254;0.999143136835424;1.0;0.9999661795272091;0.999994731184754;0.9999013210788507;0.9999733526180381;1.024999976158142;
2016-01-25 07:00:00;0.9999945991906234;0.9997128525203145;0.999852437351254;1.0;0.9999488019809566;0.9999836859794818;1.0003044677766475;0.9999706047198578;1.0;0.9999835909332301;0.9998024289641406;0.9999327047195073;0.9999999999999999;0.9999731062565844;1.0;1.0;1.0;0.9999476731389031;0.999988325175333;0.9999474914509255;0.999993635071181;0.9997324888000174;0.9999999208347994;1.0002832881048507;1.0003134496700572;0.9999999999999999;0.9997508724055811;0.9999813803787568;0.9997614604820131;1.0;0.9999999999999999;0.9995227295323197;0.999966740992744;0.9991553419070448;0.9990630187214248;0.9991372449645958;0.9990128302028106;0.9989973544968815;1.0;0.9999610191063409;0.9999961061074293;0.9998783591579096;0.9999682210029449;1.024999976158142;
2016-01-25 07:15:00;0.9999901062003618;0.9996166356318309;0.9998127350305296;1.0;0.9999362784767669;0.9999828359987225;1.0003357434996285;0.9999698360406598;1.0;0.9999759155058123;0.9997468693089495;0.9998850287374051;1.0;0.9999658552654037;1.0;0.9999999999999999;1.0;0.999935149648851;0.9999833741857673;0.999935389084571;0.9999910443111112;0.9996624180770548;0.9999999208244532;1.0003115222373795;1.0003463424171601;1.0;0.9996848756549029;0.9999773113304667;0.9997144055204626;0.9999999999999999;0.9999999999999999;0.999391563106955;0.9999529253909761;0.9990977661320742;0.9990133847990051;0.9987809365888615;0.9984862133021447;0.9983493367802755;0.9999999999999999;0.9999466132487748;0.9999949064090575;0.9998503287969855;0.9999448590098401;1.024999976158142;
2016-01-25 07:30:00;0.9999820829935298;0.9994624642631393;0.9997572495779761;1.0;0.9999091850699233;0.9999793741397197;1.0003579238939384;0.9999647602210009;1.0;0.9999608642468939;0.9996757106295786;0.9998582556223112;1.0;0.999949652990294;1.0;0.9999999999999999;0.9999999999999999;0.9999083580381078;0.9999740032607493;0.9999181551239175;0.9999872544300094;0.9995577064826121;0.9999999419778959;1.0003329729009003;1.0003684168678129;1.0;0.9995899187647973;0.9999680068379937;0.9996774489652266;0.9999999999999999;1.0;0.9993606207486814;0.9999249200126681;0.9990904207375781;0.9990237875351924;0.9986926282808184;0.9983620608261499;0.9982248241507286;1.0;0.9999170606198184;0.9999933936667987;0.9998104881049301;0.9999293218500773;1.024999976158142;
2016-01-25 07:45:00;0.9999849214015643;0.9994556054126732;0.9997453146762676;0.9999999999999999;0.9999085286109848;0.9999761011542212;1.000362025791653;0.9999582002201398;1.0;0.9999627952227592;0.9996608416571915;0.9998596496219637;1.0;0.9999481105886255;1.0;1.0;1.0;0.9999081427278607;0.9999756425927495;0.9999126161969583;0.9999900876802852;0.9995382810484517;0.9999999729157657;1.0003367350211503;1.000372588201826;0.9999999999999999;0.9995722621893279;0.9999664701431603;0.999723548689715;0.9999999999999999;1.0;0.9992902089725929;0.9999279058365391;0.9989226246762027;0.9988585327279655;0.9985948446580905;0.9982590892761987;0.9981155247505932;1.0;0.9999194871394542;0.9999950504396267;0.9997976942802509;0.9999308240247168;1.024999976158142;
2016-01-25 08:00:00;0.9999933578561441;0.9997669990333147;0.9998867179839037;1.0;0.9999602659957563;0.9999899006524241;1.0003475134375228;0.9999823605937954;0.9999999999999999;0.9999851699980721;0.9998462960013526;0.9998825937778041;0.9999999999999999;0.9999797018571401;1.0;1.0;1.0;0.9999591829823931;0.9999894113559237;0.9999610509434027;0.999993113564074;0.9997947991483631;0.9999999240466836;1.000323099209234;1.00035792043725;1.0;0.9998080557304153;0.9999864553332538;0.999706146324264;1.0;1.0;0.9991602934390189;0.9999708445305892;0.9987454409988356;0.9986387135822163;0.9983239923650141;0.9979802604217086;0.9977901768402263;1.0;0.999966879861806;0.9999959198369683;0.9999097404832104;0.9999450050521225;1.024999976158142;
2016-01-25 08:15:00;0.9999762077972824;0.9992682844551507;0.999663061035121;1.0;0.9998726881962058;0.9999693942865373;1.0003967325084473;0.9999476292760867;1.0;0.9999473489315549;0.9995493668179458;0.9998615149121183;1.0;0.9999313074761647;1.0;0.9999999999999999;1.0;0.9998705758299095;0.9999639360005782;0.999885210690594;0.9999801108382992;0.999384108816749;0.999999851839406;1.0003690724324195;1.0004086229608948;1.0;0.9994281610516892;0.9999551864072537;0.9996949095615518;0.9999999999999999;1.0;0.9991080309974616;0.9998994770836425;0.9986835755515238;0.998592262029562;0.9982086135483972;0.9978450139253318;0.9976515361684669;0.9999999999999999;0.9998877945763269;0.9999889873621896;0.9997342919503137;0.9999293879004668;1.024999976158142;
2016-01-25 08:30:00;0.9999844193208198;0.9995961900664507;0.9998047954137788;1.0;0.9999217385994226;0.9999822164110317;1.000359807166559;0.9999702503832133;1.0;0.9999715274601341;0.9997324678907518;0.9998855777754172;1.0;0.9999659123649869;1.0;0.9999999999999999;0.9999999999999999;0.999916893128517;0.9999768295979911;0.9999329120805561;0.9999772631120254;0.999638004091717;0.9999996602100597;1.0003344678721595;1.0003714274288429;1.0;0.9996591469701849;0.9999757926973737;0.9997100516591142;0.9999999999999999;1.0;0.9991818070214941;0.9999460263336869;0.9987417694503059;0.998663479557606;0.9983913849039155;0.9980645096712919;0.9978856559162032;1.0;0.999937728595367;0.9999854680035258;0.9998445974373691;0.9999453876000174;1.024999976158142;
2016-01-25 08:45:00;0.999977639530692;0.9994933726806993;0.9997530060018072;1.0;0.9998954752137219;0.9999772854882649;1.0003919344873982;0.9999630882599778;1.0;0.999962605641203;0.9996582185615716;0.9998467616055442;0.9999999999999999;0.9999587052985063;0.9999999999999999;1.0;0.9999999999999999;0.9998869547397075;0.99996729912887;0.9999150274348476;0.9999628664133937;0.9995369838872714;0.9999994024902447;1.0003641756040322;1.000405410760493;1.0;0.9995615636371087;0.9999691817836424;0.9997334186746153;1.0;0.9999999999999999;0.9990531686589481;0.9999311634420632;0.9985352819777394;0.9984071716329243;0.9981444029422899;0.9977487513726213;0.997567380465132;1.0;0.9999196158969373;0.9999757466828627;0.999803243073775;0.9999277141644687;1.024999976158142;
2016-01-25 09:00:00;0.9999856027190208;0.999644153278951;0.9998233652864129;1.0;0.9999292788653339;0.9999840790427467;1.0003798407162916;0.9999736968958223;0.9999999999999999;0.9999753105253708;0.9997550087180576;0.9998314709906523;0.9999999999999999;0.9999716759231245;1.0;1.0;1.0;0.9999237378630582;0.9999785325426338;0.9999391148155229;0.99997596781447;0.9996719499780775;0.9999996114392505;1.0003527605687084;1.0003924682599465;1.0;0.9996891186862568;0.9999789800169444;0.9997345598447127;1.0;1.0;0.9990486427917666;0.9999538793160464;0.9986432287114434;0.9984996378791992;0.9980570373877253;0.9976379027773304;0.9974649270664376;1.0;0.9999460009339081;0.9999842930834696;0.9998589647111542;0.9999218985461735;1.024999976158142;
2016-01-25 09:15:00;0.9999809201914058;0.9995526792871823;0.9997743229767464;1.0;0.9999041146132426;0.9999776561700076;1.0003952890385328;0.999963220837281;0.9999999999999999;0.99996822371219;0.9996869631028201;0.9998504223625041;1.0;0.9999639840674812;0.9999999999999999;1.0;1.0;0.9998954562696547;0.999970775866964;0.9999212500384165;0.9999643542589924;0.9995757822171649;0.9999993928341417;1.0003674639817688;1.0004087531098338;0.9999999999999999;0.9995973861229207;0.9999720145474009;0.999744333580422;1.0;1.0;0.9989896048949019;0.9999413544532578;0.9984917909134676;0.9983214137857958;0.9979823912516811;0.9975913739414611;0.997413578552368;1.0;0.9999301207723105;0.9999763198866141;0.9998176557145615;0.9999307932307506;1.024999976158142;
2016-01-25 09:30:00;0.9999861431217666;0.9994968800175785;0.9997439099199665;1.0;0.9999061262358399;0.9999733614577867;1.0003958293118194;0.9999537093414307;0.9999999999999999;0.9999683277817605;0.9996520006396523;0.9998475827383752;1.0;0.9999555048527355;1.0;1.0;1.0;0.999901696032721;0.9999750550681434;0.9999098425982883;0.999979270477682;0.9995314672476137;0.9999996893238895;1.0003675834726125;1.0004087261534282;0.9999999999999999;0.999560390315889;0.9999680161406901;0.9996736589548737;1.0;1.0;0.999064527659237;0.9999394007880361;0.9985972582099714;0.9984437778214942;0.9981363410039436;0.9977300383993031;0.9975355631881129;1.0;0.9999288572142294;0.9999866886295;0.9997912767354691;0.9999287151562539;1.024999976158142;
2016-01-25 09:45:00;0.9999881885142998;0.9995234456614639;0.9997606403327675;1.0;0.9999171642974181;0.9999762531884028;1.0003810707548901;0.999958322429393;1.0;0.9999706091006454;0.9996758954213849;0.9998672143870421;1.0;0.999957460351541;1.0;1.0;1.0;0.9999147393388441;0.9999785709455815;0.9999163388658745;0.9999861808441675;0.9995666269083923;0.9999998299346309;1.0003535411764322;1.0003933757474148;1.0;0.9995946131435914;0.9999705948805971;0.9997444237654107;1.0;1.0;0.9990974940411858;0.9999431548666637;0.9986248866662034;0.9984460601540812;0.9982169053674416;0.9978502790187642;0.9976607088934436;1.0;0.9999343308155789;0.9999915556587745;0.9998062760698928;0.9999369903445545;1.024999976158142;
2016-01-25 10:00:00;0.999987670227877;0.999565756483665;0.9997885049342347;1.0;0.9999241942261786;0.9999799897497196;1.0003853347299132;0.9999651768471458;0.9999999999999999;0.9999716734305464;0.9997142137476213;0.9998470599414109;0.9999999999999999;0.9999610117510549;0.9999999999999999;1.0;1.0;0.9999220864701189;0.9999796370823422;0.9999268567341182;0.9999868366777033;0.9996155783889925;0.9999998521789977;1.0003579803253224;1.0003973005010802;1.0;0.9996409314316392;0.9999736301285471;0.9997310875600427;1.0;1.0;0.9990505008020308;0.9999452304547713;0.99857442331011;0.9983890214441078;0.9981096321490449;0.997698054127641;0.9974935227558933;0.9999999999999999;0.9999375445745783;0.9999921415290199;0.9998306004616195;0.9999274142962133;1.024999976158142;
2016-01-25 10:15:00;0.9999897678032216;0.9994039384715984;0.9996894580103144;1.0;0.999901038349815;0.9999673280082296;1.0004212532311818;0.9999416209214148;1.0;0.9999666356594877;0.9995804956887683;0.9998426510987345;1.0;0.9999459634841504;1.0;1.0;0.9999999999999999;0.9998993502920781;0.9999766101668753;0.9998900479865175;0.999989029763903;0.9994440053967378;0.9999998815965916;1.0003899444630344;1.0004353713909384;1.0;0.9994804521402483;0.9999623381702354;0.9997404035184326;1.0;1.0;0.998857432442924;0.9999351498359481;0.9982036412126819;0.9979908956316103;0.9977805267098026;0.9973405051962582;0.9971116054519561;0.9999999999999999;0.9999241702343804;0.9999934347321711;0.9997454671564759;0.9999261000118717;1.024999976158142;
2016-01-25 10:30:00;0.9999897336820222;0.9996082951194916;0.999803318795133;1.0;0.9999343475838816;0.9999821594671497;1.0003912711098188;0.9999689183136103;1.0;0.9999761212436667;0.9997311368287304;0.9998523096326751;1.0;0.9999668092090974;1.0;1.0;0.9999999999999999;0.9999322060077135;0.9999824350986476;0.9999319320273223;0.9999879399156849;0.999645842278208;0.9999998498040548;1.0003626157264722;1.0004041534760622;0.9999999999999999;0.9996674124027894;0.9999771698145411;0.9997230663727348;1.0;1.0;0.9989667167916768;0.999954059271179;0.99840880642157;0.998224049823404;0.9979700227520694;0.9975441656103463;0.9973126972910393;1.0;0.9999471908675196;0.9999926251875817;0.9998423303908811;0.9999306410057416;1.024999976158142;
2016-01-25 10:45:00;0.9999897765471919;0.9995986065632793;0.99979696153755;1.0;0.9999261105827715;0.999978653829803;1.0003883868856873;0.9999624390830726;0.9999999999999999;0.9999751806064426;0.9997257819723254;0.9998572639796016;1.0;0.9999636917800869;0.9999999999999999;1.0;1.0;0.999923302606985;0.9999811863502217;0.9999284488693942;0.9999860593139354;0.9996291531819;0.999999803086933;1.0003611839213684;1.0004002886316317;1.0;0.999653165628539;0.999974444378266;0.9997141187866962;1.0;1.0;0.9990190440280182;0.9999514190208662;0.9983763973503238;0.9981674030159745;0.9981499906548673;0.9977749854861139;0.9976005529292447;1.0;0.999943246295771;0.9999911992385989;0.9998342928145308;0.999933371954713;1.024999976158142;
2016-01-25 11:00:00;0.999985520226529;0.9994308866043202;0.9997100323100309;1.0;0.9998914158459464;0.9999673852521707;1.000398612164945;0.9999429260582107;1.0;0.999963828449718;0.9996099383370097;0.9998610150726228;0.9999999999999999;0.9999468431308168;0.9999999999999999;1.0;0.9999999999999999;0.9998869563897566;0.9999720513096136;0.9998969248918198;0.9999787271813441;0.9994677801136739;0.9999996872720159;1.0003709829927558;1.0004109227677571;0.9999999999999999;0.9995027418019157;0.9999617916401711;0.9997259943824516;1.0;1.0;0.9990804713437884;0.9999307297828919;0.9985612019967012;0.9983657936994443;0.9982090511110595;0.9978495362600996;0.9976849812715467;1.0;0.9999184152403158;0.9999863751843274;0.9997614906944186;0.99993462365654;1.024999976158142;
2016-01-25 11:15:00;0.9999885872375776;0.999408099520468;0.9996892811938586;1.0;0.9998875127915987;0.9999626647359598;1.0003963538884506;0.9999334827999337;1.0;0.9999652797681237;0.999584135002734;0.9998522173175091;1.0;0.9999433587046195;1.0;1.0;0.9999999999999999;0.999883587986267;0.9999735208774753;0.9998879941510738;0.9999819789487345;0.9994322071809282;0.9999997247652906;1.000368971163886;1.0004084107063962;1.0;0.9994705053419312;0.9999589975093702;0.999742483368777;0.9999999999999999;1.0;0.9990864695040202;0.9999319935623547;0.99858738710466;0.9983996209719613;0.9982092712719488;0.9978570639879268;0.9977254895223847;1.0;0.9999187005550401;0.999988311506994;0.9997408040010984;0.9999315314171072;1.024999976158142;
2016-01-25 11:30:00;0.9999907837116601;0.999454201557107;0.9997129226507678;1.0;0.9998978009652861;0.9999652945413231;1.0003859382678069;0.9999375542363947;1.0;0.9999690935882711;0.9996170191365208;0.9998716100648328;0.9999999999999999;0.999947304046598;1.0;1.0;1.0;0.9998949071536599;0.9999771089482303;0.9998963333849628;0.9999862610093622;0.9994767990552034;0.9999997970658444;1.000359366459852;1.000397406066857;1.0;0.9995129545766419;0.9999623180558727;0.9997444052450797;1.0;0.9999999999999999;0.9990781203701956;0.9999380341953497;0.9985865560929189;0.998400450767619;0.998184659708866;0.9978648991295748;0.9977322252171545;1.0;0.9999259845709626;0.9999911753360102;0.9997600084596846;0.9999404069420293;1.024999976158142;
2016-01-25 11:45:00;0.9999839076901055;0.9996270203345133;0.9998108843824725;0.9999999999999999;0.9999175103043213;0.9999805771734962;1.0003825951952188;0.9999678866207689;1.0;0.9999734810705962;0.9997380639816318;0.9998620007335793;1.0;0.9999697363064055;1.0;1.0;1.0;0.9999097951340691;0.9999751492579332;0.9999336607508236;0.9999688228502627;0.9996426112835178;0.9999994589848583;1.000356128104463;1.0003950996040099;1.0;0.9996608460805528;0.9999762198704868;0.9997614897499139;1.0;1.0;0.9990634637216919;0.9999506865890739;0.9984653490496405;0.998258413433944;0.9982232264877773;0.997885715437818;0.9977536326305506;0.9999999999999999;0.999940859558484;0.9999791804544924;0.9998463724338005;0.9999365459603866;1.024999976158142;
2016-01-25 12:00:00;0.9999787076437342;0.999563423278802;0.9997786228803114;1.0;0.9998987753877706;0.9999774336064462;1.0003971482479483;0.999963604821396;1.0;0.9999674483874984;0.9996909259856903;0.999855538187458;1.0;0.9999657567269272;1.0;0.9999999999999999;1.0;0.999887945801254;0.9999680786293382;0.9999224953851358;0.9999569622671285;0.9995775688317834;0.9999992405793423;1.0003696473080934;1.0004107514192764;1.0;0.9995973734239642;0.9999720375806267;0.9997461887246242;1.0;1.0;0.9990384849869236;0.999940813816543;0.9984289301774535;0.9982297874158642;0.9981727655286594;0.9978382650013302;0.9977250670926042;1.0;0.9999285658052842;0.9999711050045329;0.9998205582015206;0.9999337252745255;1.024999976158142;
2016-01-25 12:15:00;0.9999839945146436;0.9997131530283461;0.9998581168762768;1.0;0.9999317111329286;0.9999867758584788;1.0003731183260975;0.9999792997837026;0.9999999999999999;0.9999776443847161;0.999800215462241;0.9998579691458084;0.9999999999999999;0.9999787032296183;1.0;1.0;1.0;0.999923752256449;0.9999776501742688;0.999951012796866;0.9999682754820485;0.9997265792367561;0.999999441904577;1.0003474571673923;1.000385279915325;1.0;0.9997384181606065;0.999982520916197;0.9997294540490875;1.0;0.9999999999999999;0.9991166827515876;0.9999590389437168;0.9985574896542884;0.9983432333721615;0.9983208254898087;0.9979963646846778;0.9978909972217352;1.0;0.9999509235954305;0.9999787544775249;0.9998865099841295;0.9999348749435104;1.024999976158142;
2016-01-25 12:30:00;0.9999630704146868;0.9995015014878842;0.9997549104341487;1.0;0.9998662451528824;0.9999786906824395;1.0004060452694636;0.9999702544563086;0.9999999999999999;0.9999556437227094;0.9996453306154093;0.9998802383896973;1.0;0.999967758127216;1.0;1.0;1.0;0.9998461669210598;0.9999511676848524;0.9999163899030162;0.9999217496336076;0.9995139852179211;0.9999985919709281;1.0003777737638526;1.000422003606843;0.9999999999999999;0.9995285743725426;0.999969825401286;0.9997241333880216;1.0;1.0;0.9990663064675328;0.9999234461854727;0.998487939419246;0.9982578801642781;0.9982163765359372;0.9979358449752218;0.9978376133739395;1.0;0.9999070266406115;0.9999471863002948;0.9998064093344875;0.9999450048345522;1.024999976158142;
2016-01-25 12:45:00;0.9999921659790972;0.9997636775493541;0.999877481441278;1.0;0.9999524172724561;0.999987581140583;1.0003642784329856;0.9999786715372795;1.0;0.9999852342058462;0.9998310850823237;0.9998831409321526;1.0;0.9999807481942677;1.0;1.0;1.0;0.9999488293532366;0.9999869186629701;0.9999568530919017;0.9999853239058143;0.9997732022878687;0.9999997484058746;1.0003388133480107;1.0003756050819328;1.0;0.9997854708635409;0.999985457777141;0.9997404189479433;0.9999999999999999;1.0;0.9990931362533577;0.9999714129527667;0.9985157664823114;0.9982788752910366;0.998278294041703;0.9979966039269051;0.9978911823047223;1.0;0.9999657646514141;0.9999902445966568;0.9999000204157549;0.9999465218392339;1.024999976158142;
2016-01-25 13:00:00;0.9999961791394186;0.9998214818674471;0.9999065516885425;1.0;0.9999669170025596;0.9999898560270013;1.0003600369507637;0.9999818432977324;1.0;0.9999900049424202;0.9998734840007132;0.9998618146073042;1.0;0.9999841714041183;1.0;1.0;1.0;0.9999655322038249;0.9999922105608754;0.9999667251895951;0.9999938756321037;0.99982977819504;0.9999999028899234;1.0003351470735657;1.0003705380591659;1.0;0.9998405124552683;0.9999886818288823;0.9996724701643213;1.0;1.0;0.9991236504714844;0.9999796775698547;0.9985994968683268;0.9983809811908695;0.9983131467937904;0.9979927992364678;0.9978855604652772;0.9999999999999999;0.9999758137879124;0.999996021471097;0.9999228789278795;0.9999369669967766;1.024999976158142;
2016-01-25 13:15:00;0.9999932789805379;0.999746495425343;0.9998726698805437;1.0;0.9999529781119987;0.9999868683818858;1.000354753686627;0.9999768146497828;1.0;0.9999843592194052;0.9998280123391601;0.9998500039459174;0.9999999999999999;0.9999772672464223;1.0;1.0;0.9999999999999999;0.9999511215129196;0.9999881189375229;0.9999552555400815;0.9999908601988773;0.9997669292950168;0.9999998698056903;1.0003302195598276;1.0003652122963236;1.0;0.9997820183983301;0.9999841426030692;0.9997423652819659;1.0;1.0;0.9991553080461385;0.9999688175212608;0.9986567955217669;0.9984615438276916;0.9983695073720976;0.9980198587752538;0.9978976898496941;1.0;0.9999636537983617;0.999994235917648;0.9998963154021888;0.9999307886925324;1.024999976158142;
2016-01-25 13:30:00;0.9999917858424829;0.9997209387737688;0.9998624547323207;0.9999999999999999;0.9999470745408592;0.9999858209424908;1.0003591465625274;0.9999751915273449;0.9999999999999999;0.9999818169594731;0.9998146899262772;0.9998687982761989;0.9999999999999999;0.9999745926941388;1.0;1.0;1.0;0.9999448915535665;0.9999861513118528;0.9999518427899359;0.9999890734088124;0.9997467170063385;0.9999998469185162;1.0003345481644503;1.000369601746953;1.0;0.9997633780556304;0.9999823365477851;0.999750191272408;1.0;1.0;0.9991662073388262;0.9999641620706006;0.9985876314415143;0.9983525032791206;0.9984496092296481;0.9981255885477314;0.9979928765826743;1.0;0.999958455162636;0.9999931367571449;0.9998884279111507;0.9999389118048169;1.024999976158142;
2016-01-25 13:45:00;0.9999919816091839;0.9997464382366512;0.9998741279784773;0.9999999999999999;0.9999514333095813;0.9999874352607601;1.0003686678576558;0.9999782371808368;1.0;0.9999834501564265;0.9998290043737057;0.9998520921403691;1.0;0.999977779060785;0.9999999999999999;1.0;1.0;0.9999489362118238;0.9999868794079076;0.9999560529592454;0.9999883050552891;0.9997679531426501;0.9999998248935791;1.0003432129431244;1.0003796233992805;1.0;0.9997823221999064;0.9999842863703463;0.9997156385850235;0.9999999999999999;1.0;0.999094679259389;0.999967681381652;0.9984255831114207;0.9982152294841731;0.9983445375096857;0.997983517321562;0.9978415483585037;1.0;0.9999623629281071;0.9999925239395387;0.9998981772737263;0.9999316548700699;1.024999976158142;
2016-01-25 14:00:00;0.9999917179799837;0.9997369391863911;0.9998701772025941;1.0;0.999950884355568;0.9999874971934903;1.0003583696055098;0.9999783613450549;0.9999999999999999;0.9999828696550096;0.9998234330450126;0.9998659679493732;1.0;0.9999771419749751;1.0;0.9999999999999999;1.0;0.9999485373635908;0.9999866611712585;0.9999548981460997;0.9999885869267366;0.9997615607208853;0.999999835417828;1.0003334393038812;1.000369157902627;1.0;0.9997763269772787;0.9999840308817007;0.9997574700674493;1.0;1.0;0.9991394144080331;0.9999665545438977;0.9985169610097275;0.9982930310314364;0.9984170568112585;0.9980838984566414;0.9979460042755907;1.0;0.999961284652638;0.9999927800845374;0.9998954934572527;0.9999377115184809;1.024999976158142;
2016-01-25 14:15:00;0.9999939585464577;0.9997688419854819;0.9998834153586993;0.9999999999999999;0.9999577652983417;0.9999882206281816;1.000354390409942;0.999979191686294;1.0;0.9999859515543346;0.9998420960699435;0.9998677543213933;1.0;0.9999795774200237;1.0;1.0;1.0;0.999956100208706;0.999989334095867;0.9999590997809399;0.9999918010055933;0.9997872504404761;0.9999998832343451;1.0003297652289265;1.00036489583099;1.0;0.9998008010097791;0.9999857673761121;0.9997462433454887;0.9999999999999999;1.0;0.9991480224407101;0.9999719744520622;0.998569373130761;0.998327056689851;0.9984072228749531;0.9980657471618355;0.997914774085629;1.0;0.9999673378293985;0.9999948313084475;0.9999052143676187;0.9999389488926086;1.024999976158142;
2016-01-25 14:30:00;0.9999933026128206;0.9997580064976374;0.9998782935974874;1.0;0.99995356453472;0.9999870511605512;1.0003580892543618;0.9999772049057061;1.0;0.999984786440808;0.9998358133159772;0.9998734480254344;0.9999999999999999;0.9999780768567142;1.0;1.0;1.0;0.9999514842378188;0.9999881627276489;0.9999570762108243;0.9999902400365518;0.9997759808411331;0.9999998541205306;1.0003335588335942;1.0003684971912792;1.0;0.9997904704759144;0.9999845190630716;0.9997697393618113;0.9999999999999999;1.0;0.9990788794032285;0.9999697895310657;0.9983772957465776;0.9981667631870133;0.9983298458282158;0.997991473107693;0.997831794402747;1.0;0.9999646057876711;0.9999937631651812;0.999900541324493;0.999941551962032;1.024999976158142;
2016-01-25 14:45:00;0.999993229832838;0.9997686251674536;0.999885716193006;1.0;0.9999574403378682;0.9999888229160787;1.0003488977395114;0.9999804410425466;1.0;0.9999852388140347;0.9998452377221285;0.9999193933888899;1.0;0.9999795411430543;1.0;1.0;0.9999999999999999;0.999955717083729;0.9999888228643968;0.999960206033816;0.9999912181331683;0.9997907166005813;0.999999879155465;1.0003247450555521;1.0003591841364339;1.0;0.9998041114815603;0.9999858833751539;0.999755401117423;1.0;1.0;0.9991209589711676;0.9999708150115979;0.9983692266388632;0.9981652788365395;0.9984622824943609;0.9982038882096609;0.9980434353449257;1.0;0.9999662766380821;0.9999945157946083;0.999907778590246;0.9999620320165574;1.024999976158142;
2016-01-25 15:00:00;0.9999923954574168;0.9997128434429604;0.9998526150884263;1.0;0.999950994416847;0.9999867496996825;1.0003517201949277;0.9999769038568773;1.0;0.9999832592563515;0.9997969205182163;0.9999268542596581;1.0;0.9999768188508724;1.0;1.0;1.0;0.9999487501288202;0.9999869776393038;0.9999488278419719;0.9999892436721601;0.9997343576259874;0.999999842613082;1.0003260320370413;1.0003633115832966;1.0;0.9997494318512766;0.9999836523422271;0.9997448108108966;0.9999999999999999;0.9999999999999999;0.9991861264799292;0.9999674411177367;0.9985319193583095;0.9983184501964337;0.9985477288591634;0.998285516072476;0.9981034585364217;1.0;0.999962067226931;0.9999931621377287;0.999881423657395;0.9999654460150568;1.024999976158142;
2016-01-25 15:15:00;0.9999937824233862;0.9997758123040101;0.9998871810989552;1.0;0.999959103506879;0.9999889140886673;1.0003477047178673;0.9999805800325856;1.0;0.9999861782229326;0.9998465548169722;0.9999343897623547;0.9999999999999999;0.9999805662155732;1.0;1.0;1.0;0.9999573218461196;0.9999893472816408;0.9999605726807538;0.999991373626896;0.9997940785632708;0.9999998750600455;1.0003234343891751;1.0003581355450082;1.0;0.9998068344845982;0.9999863857183088;0.9997087232962741;0.9999999999999999;0.9999999999999999;0.999225632831035;0.9999727473684092;0.9985709914532265;0.9983446542517715;0.9986402108922555;0.9984211540970322;0.9982791582270888;1.0;0.9999682749300312;0.9999945348930733;0.9999086376362462;0.9999690791303268;1.024999976158142;
2016-01-25 15:30:00;0.9999930318162913;0.9997339740740818;0.9998643830803077;0.9999999999999999;0.9999518929189826;0.9999865639731143;1.0003533402393383;0.9999763841134811;0.9999999999999999;0.9999840589614788;0.9998152327136699;0.9999376990478765;1.0;0.9999771235013762;1.0;1.0;1.0;0.9999497819774695;0.9999876467149617;0.9999524587430672;0.999989988559387;0.9997531785778879;0.9999998519687536;1.000328397560335;1.0003642358154923;1.0;0.9997682579665671;0.9999838531505499;0.9996704271064631;0.9999999999999999;0.9999999999999999;0.9992117447600808;0.9999685495177242;0.9985992144811278;0.9984052007340896;0.9985790428351436;0.9983521679938357;0.9981922628235921;1.0;0.9999632019171363;0.9999936184852225;0.999889840678992;0.9999705095146406;1.024999976158142;
2016-01-25 15:45:00;0.9999920771067548;0.9996198078532279;0.9998036193914023;1.0;0.9999327525881028;0.9999792203466895;1.000365540444905;0.9999629538201283;0.9999999999999999;0.9999781476110778;0.9997346269319544;0.9999335803351685;1.0;0.9999658171224323;1.0;1.0;1.0;0.9999306938057316;0.9999838491780837;0.9999304723879222;0.9999895089736957;0.9996445023024376;0.9999998556214875;1.0003395032162912;1.0003769795309083;0.9999999999999999;0.9996675203937756;0.9999760012218275;0.9996705114783913;0.9999999999999999;1.0;0.9991792233782475;0.9999566113330586;0.9984958723961826;0.9982937093347124;0.998551520913529;0.9982967030538841;0.9981081960716266;1.0;0.9999490551583391;0.9999934159670136;0.9998389558259508;0.9999682696750601;1.024999976158142;
2016-01-25 16:00:00;0.999992853209594;0.9995434553687801;0.9997580296427269;1.0;0.9999198870954561;0.9999727972258685;1.0003612358281937;0.9999509340647926;1.0;0.9999754802642302;0.9996742669372163;0.9999404561747414;1.0;0.9999580446651926;1.0;1.0;0.9999999999999999;0.999917909541398;0.9999821679413331;0.9999133206082167;0.9999901132652305;0.9995638130712529;0.9999998613158946;1.0003352316954242;1.000372755001107;0.9999999999999999;0.9995926287774337;0.9999702573050788;0.999711130353966;1.0;1.0;0.9992272774761314;0.999950719935357;0.9986397547964261;0.998447035056159;0.9985982041603124;0.998369863465701;0.9982015106240666;1.0;0.9999413741279873;0.9999937395866738;0.9997992679370886;0.9999716767041357;1.024999976158142;
2016-01-25 16:15:00;0.9999898969518113;0.9997528603604148;0.999871486776557;1.0;0.9999573402121531;0.999991744401938;1.0003419546905674;0.9999870492609679;1.0;0.9999848568446412;0.999814810785045;0.9999429731903147;1.0;0.9999850822636859;1.0;1.0;1.0;0.999952977118659;0.9999858444605797;0.9999566861149447;0.9999818292802154;0.9997678732479801;0.9999996940304045;1.0003156743237214;1.0003547739857186;1.0;0.9997762084974707;0.9999883919423874;0.9997636471385906;1.0;1.0;0.9992837587223419;0.9999726452886479;0.9986502185741641;0.998439923274904;0.9987614181843643;0.9985633778710713;0.9984302756928475;1.0;0.9999678262722214;0.9999879918467803;0.9998996113256442;0.9999731819597721;1.024999976158142;
2016-01-25 16:30:00;0.9999855144793168;0.9994430658314492;0.9997056475022355;1.0;0.9998938242612068;0.9999683552355966;1.0003557046809386;0.9999449808271268;1.0;0.9999667169468796;0.9995970395943397;0.9999587254911865;1.0;0.9999523032203486;1.0;0.9999999999999999;1.0;0.9998875112431894;0.9999720376324734;0.9998953769987041;0.9999735151841757;0.9994617589529453;0.9999995572864682;1.000329418549345;1.0003685434027354;1.0;0.9994927327922827;0.9999642196291824;0.9997691568070654;1.0;1.0;0.9993816822393495;0.999936891811047;0.9988432286728591;0.9986508591418602;0.9989249624056624;0.9988014333788547;0.9987286329104971;1.0;0.9999241908602718;0.9999824492377932;0.9997577870764458;0.9999800480021293;1.024999976158142;
2016-01-25 16:45:00;0.9999830609428575;0.9994805584637575;0.9997284054656346;1.0;0.9999027569553486;0.9999743956575;1.0003567648036211;0.999956941404373;1.0;0.9999673411660053;0.9996217185366919;0.9999645980063401;1.0;0.9999593833952249;1.0;1.0;0.9999999999999999;0.9998954665295431;0.9999713956220303;0.9999051950610519;0.9999693575097964;0.9995039466015433;0.9999994887303927;1.0003292338011736;1.0003708154942965;1.0;0.9995289198469286;0.9999689755956739;0.9997535066979947;1.0;1.0;0.9994239106794316;0.999940532508404;0.9988624526748979;0.9986653325554663;0.9990392036996804;0.9989542242926621;0.9989169555474557;1.0;0.9999291377171015;0.999979727536889;0.9997804950892691;0.999982376318418;1.024999976158142;
2016-01-25 17:00:00;0.999989831936937;0.9994790706485764;0.9997190946954194;1.0;0.999913166832723;0.999972005350023;1.0003568132810359;0.9999508533436575;1.0;0.9999718139479958;0.999612846804377;0.9999575050113549;1.0;0.9999571516392799;1.0;1.0;0.9999999999999999;0.9999094197844041;0.9999777721783326;0.9999007493623451;0.9999832291669437;0.9994980521715885;0.9999997372008;1.0003285788305247;1.0003706914559098;0.9999999999999999;0.9995261225200456;0.9999684525435764;0.9997714973142513;1.0;1.0;0.9994144863041092;0.9999474036876937;0.9988458240956639;0.99864328682498;0.9990221354403019;0.9989238801036747;0.9988866124905421;1.0;0.9999371563263627;0.9999890498665205;0.9997702253794651;0.9999794750530492;1.024999976158142;
2016-01-25 17:15:00;0.9999871232468321;0.9995279015574633;0.999753906725275;1.0;0.9999157256962417;0.9999762236439799;1.0003457728591434;0.9999590486962048;0.9999999999999999;0.9999715979973602;0.9996606068738475;0.9999786180982893;1.0;0.9999612944280765;1.0;0.9999999999999999;1.0;0.9999110319163063;0.9999768188187085;0.9999138174911396;0.9999790885960758;0.9995540340674622;0.9999996708279842;1.0003194944907454;1.0003585468303602;1.0;0.9995787451446095;0.9999715617725828;0.9997555543516851;1.0;1.0;0.9994594367332864;0.9999469014086118;0.9989058997359959;0.9986853245943259;0.999116686731423;0.9990596973459774;0.9990263902963528;0.9999999999999999;0.9999372483308698;0.9999863863251124;0.9998004476654986;0.9999885216388001;1.024999976158142;
2016-01-25 17:30:00;0.9999893147388604;0.9994381191509448;0.9997049645109917;0.9999999999999999;0.9998989725089211;0.9999665239604113;1.0003463854154375;0.9999406606971415;1.0;0.9999672758677738;0.9996024959368348;0.9999789597812077;0.9999999999999999;0.9999477983330669;1.0;1.0;0.9999999999999999;0.9998958458335926;0.9999755068293572;0.9998944964204267;0.9999846244321347;0.9994656921119878;0.9999997807257913;1.0003212824303307;1.0003578301232117;1.0;0.9995006297944841;0.9999624167170389;0.9997698830238342;1.0;1.0;0.9995108787972505;0.9999373431353198;0.9990342496104545;0.9988396557749063;0.99918419588896;0.9991284114702247;0.999095482921472;0.9999999999999999;0.9999256284317011;0.999990183786017;0.9997558882575498;0.9999885742183455;1.024999976158142;
2016-01-25 17:45:00;0.9999840890104945;0.9993776724347985;0.9996785076328666;0.9999999999999999;0.9998964947651319;0.9999703768423633;1.000367036056747;0.9999491260569693;1.0;0.9999623708197966;0.9995566058936384;0.9999764185568462;1.0;0.9999487078163699;1.0;1.0;1.0;0.999892105746008;0.9999709699526955;0.9998882426972173;0.9999780670963192;0.9994233019098333;0.9999996921576967;1.0003376600203062;1.000381700649237;1.0;0.9994558563482253;0.9999631887027906;0.9997481120724604;1.0;0.9999999999999999;0.9994501734070331;0.999931184365838;0.9988766575739415;0.998633464648505;0.99910871810161;0.99905309008932;0.9990209572084171;1.0;0.9999198426600614;0.9999861165719318;0.9997412996065307;0.9999861775221763;1.024999976158142;
2016-01-25 18:00:00;0.9999753224564689;0.9992162035484575;0.9996057054979665;1.0;0.9998724712403866;0.999967900263038;1.000396269712827;0.9999469669359969;1.0;0.9999485823224189;0.9994510076552454;0.999972080148839;1.0;0.9999378870560534;0.9999999999999999;1.0;0.9999999999999999;0.9998662240944446;0.9999599393126949;0.9998654895880936;0.9999676145936607;0.9992930180308909;0.9999995617728391;1.0003627839250064;1.0004138961221294;1.0;0.9993304412010944;0.9999556322906294;0.9996718541791301;1.0;1.0;0.9994497286733729;0.9999097277410587;0.9988557974697531;0.9986031836936755;0.99912162098275;0.9990659247359744;0.9990345846390831;0.9999999999999999;0.9998965351100192;0.9999797016220393;0.9996886698207402;0.9999820529808829;1.024999976158142;
2016-01-25 18:15:00;0.999979326241486;0.9993436513542248;0.9996723675107219;1.0;0.9998909483784597;0.999972868283068;1.0003706396459517;0.999954639859932;0.9999999999999999;0.9999572232088133;0.9995459843962894;0.9999724520233711;1.0;0.9999472058676994;1.0;1.0;1.0;0.9998858395292414;0.9999669605266249;0.9998880441150609;0.9999733215308604;0.9994102227602798;0.9999996416586893;1.0003407123766548;1.000385811730451;1.0;0.9994426683504615;0.9999627822405627;0.9997740643284843;1.0;1.0;0.9994277546670479;0.9999225745215358;0.9988031983345823;0.9985517910571391;0.999091264623004;0.9990324450392142;0.998999138898138;1.0;0.9999113270543256;0.9999833424226203;0.9997408032011569;0.9999829337118354;1.024999976158142;
2016-01-25 18:30:00;0.9999863443146084;0.9994666164710853;0.9997274371617988;1.0;0.9999072057793208;0.9999736011849296;1.0003501221345195;0.9999540384542676;0.9999999999999999;0.9999676863387186;0.9996274794246718;0.9999771946390826;1.0;0.9999543932917868;0.9999999999999999;1.0;1.0;0.9999034831116507;0.99997532312441;0.9999047679290987;0.9999814175934479;0.9995071939780605;0.9999997389253393;1.0003237136695144;1.0003626706338207;1.0;0.9995368329405718;0.9999677180279903;0.9997820073726911;1.0;1.0;0.9994226513858637;0.9999383939150231;0.9987600873179818;0.9984957745159917;0.9991053124323133;0.999050849840301;0.999019922636552;1.0;0.9999282131625232;0.9999882691255934;0.9997794738587095;0.9999868785196251;1.024999976158142;
2016-01-25 18:45:00;0.9999887515463912;0.9994023382153855;0.999686829350742;0.9999999999999999;0.9998914884663924;0.999964277677814;1.0003443141455737;0.9999363272328317;1.0;0.9999656157693124;0.9995788862478953;0.9999809755943505;1.0;0.9999442992291114;1.0;1.0;1.0;0.9998881627303632;0.9999743423958187;0.9998879019261356;0.9999837953810696;0.9994317915158958;0.9999997667700753;1.0003195354075936;1.0003555918428044;1.0;0.9994693977788083;0.9999601347010377;0.9998078069425923;1.0;1.0;0.9994525822357895;0.9999327489219627;0.9988217291925662;0.9985909197454774;0.999153493001196;0.9991125941827569;0.9990939439126842;1.0;0.9999201611677715;0.9999896564105947;0.999740533995792;0.9999893585305427;1.024999976158142;
2016-01-25 19:00:00;0.9999887105868186;0.9994880117972592;0.9997261468907075;1.0;0.9999219158287335;0.9999767646024948;1.0003500470833813;0.9999599175637219;1.0;0.9999722186529014;0.9996170680338253;0.9999816652673766;1.0;0.9999614156007164;1.0;0.9999999999999999;1.0;0.9999184000446735;0.99997821984032;0.9999050557672653;0.9999832768234223;0.9995161662291451;0.9999997533840275;1.0003205809003264;1.0003650942796452;1.0;0.9995405928986852;0.9999719070144213;0.9998228993256313;1.0;1.0;0.9994520973486501;0.9999497525091811;0.9987979529674469;0.9985432115653118;0.9991682675146558;0.9991298216565139;0.9991131700624968;1.0;0.9999409580979325;0.999989274569727;0.9997801414989571;0.9999897591026463;1.024999976158142;
2016-01-25 19:15:00;0.9999887973544835;0.9994411970336815;0.9997023026995834;1.0;0.999914794701102;0.9999734436987646;1.0003456303523222;0.9999537876784267;0.9999999999999999;0.999969519228371;0.9995868140230618;0.9999814446357348;1.0;0.999955797434185;1.0;1.0;0.9999999999999999;0.9999118518501652;0.9999769925100258;0.9998963348997719;0.9999848872537961;0.999474044857608;0.9999997935549906;1.0003165515150454;1.0003603621123855;1.0;0.9995024391884187;0.9999682120311103;0.9998321743006258;1.0;0.9999999999999999;0.9995174725422666;0.9999446045762743;0.9989578243066215;0.9987349613793439;0.9992562757046227;0.9992236494972477;0.9992137236706577;0.9999999999999999;0.9999350889244443;0.9999904711896993;0.9997599958442461;0.9999893342354944;1.024999976158142;
2016-01-25 19:30:00;0.9999866792106876;0.9995071355928419;0.9997452845171133;1.0;0.9999275365555035;0.9999814250058865;1.0003404976541341;0.9999687579307371;1.0;0.9999713626877369;0.9996417232034396;0.9999834978677764;1.0;0.9999641457143015;1.0;1.0;1.0;0.9999243209810224;0.9999780249309416;0.9999134290435888;0.9999830393460074;0.9995508199909116;0.9999997744172701;1.0003115117258703;1.000355359842034;1.0;0.9995727727689558;0.9999747188922136;0.9998367431950904;1.0;1.0;0.9995083509230009;0.999948697833896;0.9989042161449143;0.9986623940194584;0.9992653732898288;0.9992396230539071;0.9992309029501238;0.9999999999999999;0.9999412025646293;0.9999894371239538;0.999799483598817;0.9999895116745628;1.024999976158142;
2016-01-25 19:45:00;0.9999816001229078;0.9994392101040073;0.9997309838978772;1.0;0.9999023601079899;0.9999762261391768;1.0003366374691476;0.9999597965693845;1.0;0.999961250835789;0.9996338546348822;0.9999797515286707;1.0;0.9999508922420661;1.0;1.0;1.0;0.9998989439358972;0.999971475400986;0.9999080134228117;0.999979538615483;0.9995103299386828;0.9999997604071932;1.0003117909214139;1.0003482154635648;0.9999999999999999;0.9995412181868225;0.9999665861224347;0.9998457699481318;1.0;1.0;0.9995165580249857;0.9999276049533512;0.9989376097353584;0.9987051067854006;0.9992673227471003;0.9992414073990938;0.9992330681337768;1.0;0.9999179691883601;0.9999876503125361;0.9997870568455965;0.9999859098658808;1.024999976158142;
2016-01-25 20:00:00;0.999984100071654;0.9995321549181024;0.9997697528721026;1.0;0.9999211017709645;0.9999817452891978;1.0003155351232385;0.9999696595696226;1.0;0.9999690237842795;0.9996806555596246;0.9999814210294314;1.0;0.9999628626763897;1.0;1.0;1.0;0.9999171445983235;0.9999759385769348;0.999921781182195;0.9999795266512479;0.9995839270058084;0.9999997224643346;1.000290907158483;1.0003276614327397;0.9999999999999999;0.9996066918318696;0.9999741010674751;0.9999087724879746;1.0;1.0;0.9995751043494843;0.9999430194978245;0.9990555054396474;0.9988505738645729;0.9993633991669463;0.9993361213189538;0.9993277812631923;1.0;0.9999350174740016;0.9999872202378485;0.9998188489801794;0.9999880092026742;1.024999976158142;
2016-01-25 20:15:00;0.9999740015874444;0.9991125101465373;0.9995675122892177;1.0;0.9998601672348633;0.9999639624313308;1.000359937235759;0.9999395432102084;1.0;0.9999402161991843;0.9994070778554387;0.999974394350438;1.0;0.999923957052008;1.0;1.0;1.0;0.9998569550045664;0.9999575744701847;0.9998528470384422;0.9999753463347697;0.9992265624364514;0.9999997745927633;1.0003297138103373;1.000375263109055;1.0;0.9992736775203936;0.9999483652992951;0.9999065911496954;1.0;1.0;0.9995740010022129;0.9998930663928512;0.99901356947507;0.9987995437481505;0.999388710565016;0.9993626454147616;0.9993539242373943;0.9999999999999999;0.999879730763918;0.9999857542783189;0.9996595370340338;0.9999805066074767;1.024999976158142;
2016-01-25 20:30:00;0.9999796890801351;0.999315943908918;0.9996652414663487;1.0;0.9998837217073528;0.9999697291713631;1.0003279908222371;0.9999483796125586;1.0;0.9999545178718237;0.9995438403575109;0.9999795568273704;0.9999999999999999;0.9999402869465012;1.0;1.0;1.0;0.9998800376489648;0.9999667447461146;0.9998848620601724;0.9999775456977691;0.9993944203790239;0.9999997416051137;1.000302686038875;1.0003402589554642;1.0;0.9994322816446768;0.9999590341449099;0.9999135208855074;1.0;1.0;0.9996053795674489;0.9999154396807803;0.9990876863996977;0.9988822250056735;0.9994327403518907;0.9994081033749364;0.9993997627184419;1.0;0.999903729103492;0.9999864671443504;0.9997335191338184;0.9999853105492815;1.024999976158142;
2016-01-25 20:45:00;0.9999869747159672;0.9994645773419358;0.9997339814781665;1.0;0.9999092511600094;0.9999738726438079;1.0003095030468792;0.9999541890635929;0.9999999999999999;0.9999663910886617;0.999640928594737;0.9999860452873827;1.0;0.9999513846844125;1.0;1.0;1.0;0.99990738995095;0.9999763531206644;0.9999073283354634;0.9999870165485382;0.9995198856913735;0.9999998694569254;1.0002866249744382;1.000319902645258;1.0;0.9995518032225966;0.9999668772983272;0.9999122455073305;1.0;1.0;0.9996325057451738;0.9999355901980467;0.9991345683037427;0.9989345052869764;0.9994825430326507;0.9994643803890984;0.9994564518709742;1.0;0.9999262258729331;0.9999923868710539;0.9997854693783932;0.9999898546489097;1.024999976158142;
2016-01-25 21:00:00;0.9999905855951632;0.9996649141823556;0.99982996252236;0.9999999999999999;0.9999420856576993;0.9999846575644709;1.0002874801427937;0.9999734590907884;1.0;0.9999796716185576;0.9997661214865087;0.9999912507239145;1.0;0.9999725335980056;1.0;1.0;0.9999999999999999;0.9999394261762504;0.9999842245307105;0.9999410776093915;0.9999869977766067;0.9996925685237703;0.9999998134964283;1.0002660327406774;1.0002975018265456;1.0;0.9997102672532112;0.9999806593803411;0.9999226260894839;1.0;1.0;0.9996224049855558;0.9999609305101951;0.9991178636701545;0.9989216811478547;0.9994634846793744;0.9994470559067287;0.9994375404620606;1.0;0.999954664584267;0.9999917706862594;0.9998635003050063;0.9999941272538941;1.024999976158142;
2016-01-25 21:15:00;0.9999883934161953;0.999650579161713;0.9998216500324388;1.0;0.9999356284198888;0.9999839568420891;1.0002949718034975;0.9999728506108065;1.0;0.9999779377002583;0.9997525674581298;0.9999918883425043;1.0;0.9999724708046913;1.0;1.0;1.0;0.9999313081318814;0.9999814189700648;0.9999382089640358;0.9999810345716453;0.9996742588050245;0.9999996970370906;1.000272940145417;1.0003056153716647;1.0;0.9996914490528617;0.9999797843961631;0.9998949356278779;1.0;1.0;0.9996194083504608;0.9999584514613201;0.999147401538388;0.998960228746561;0.9994342743494778;0.9994183773755012;0.9994092431238253;1.0;0.9999512189598421;0.9999876385142454;0.9998568623421114;0.9999946896764252;1.024999976158142;
2016-01-25 21:30:00;0.9999892255616986;0.9997040084130344;0.9998517148024176;0.9999999999999999;0.9999456115314753;0.9999875755459825;1.0002855171993554;0.9999792458938344;1.0;0.9999807577781669;0.9997935769684612;0.9999910081293154;1.0;0.9999772129117794;0.9999999999999999;1.0;1.0;0.9999418214139474;0.9999838165577641;0.9999491421635525;0.9999830564631519;0.9997286314745439;0.9999997342168582;1.0002643873622785;1.0002955734502499;1.0;0.9997426585304271;0.9999834759912015;0.9999132887869125;1.0;1.0;0.9996031626126682;0.9999636696726656;0.9991349586080933;0.9989544848661985;0.9993937706398458;0.9993762506769267;0.9993667359063745;1.0;0.9999577344991305;0.9999890280412169;0.999882154967969;0.9999942296135963;1.024999976158142;
2016-01-25 21:45:00;0.9999898733482744;0.9995980215941295;0.9997917713897321;1.0;0.9999264302502612;0.9999784648568822;1.000294810944815;0.999962303791262;1.0;0.9999759642708814;0.9997161059762004;0.9999917939309143;0.9999999999999999;0.9999651658441571;1.0;1.0;1.0;0.9999229542694599;0.9999809648164584;0.9999265094254004;0.999984195302654;0.9996209800938655;0.9999997562422185;1.0002732613364143;1.0003048780414285;1.0;0.9996438290648533;0.9999748257108281;0.9999135748318254;1.0;1.0;0.999634395383892;0.9999536097747532;0.9991343076565199;0.9989429038864972;0.9994884210167166;0.9994725106672518;0.9994637885311192;1.0;0.9999451888378327;0.9999897754750482;0.9998298162235327;0.9999946994919344;1.024999976158142;
2016-01-25 22:00:00;0.9999883200426092;0.9996513848330246;0.9998278782672119;1.0;0.9999353559359495;0.9999841581465252;1.0002861257472153;0.9999729695388889;0.9999999999999999;0.9999769891250149;0.9997642153953273;0.999990917458967;1.0;0.9999706612663534;1.0;0.9999999999999999;0.9999999999999999;0.9999318691883029;0.9999817039187471;0.999940529543603;0.9999833743557592;0.9996841692488497;0.9999997554888491;1.0002654965075235;1.0002956835561654;1.0;0.9997027726188016;0.9999792972210305;0.9999148389290294;1.0;1.0;0.9996516448899758;0.9999558825705874;0.9991401525277387;0.9989374248625565;0.9995364580579151;0.9995202533859356;0.9995103246130196;0.9999999999999999;0.9999489616240034;0.9999894195616038;0.9998622205425427;0.9999936226331472;1.024999976158142;
2016-01-25 22:15:00;0.9999865725887436;0.9996179068847504;0.9998152823364476;1.0;0.9999301321663303;0.9999836685594808;1.0002913842973407;0.9999723726232496;1.0;0.999973885080593;0.9997473586749527;0.9999891816116955;1.0;0.9999675682359145;1.0;1.0;1.0;0.9999266760844885;0.9999797332145421;0.999936696571503;0.9999824490059538;0.9996610888104706;0.9999997576344957;1.0002703570318279;1.0003011135638145;0.9999999999999999;0.9996814735323419;0.9999775430298703;0.9999164283567752;1.0;1.0;0.9996422606208155;0.9999502521312559;0.9991045850091019;0.9988851240102506;0.9995324432118212;0.9995164475579291;0.9995077250383706;1.0;0.9999430650186074;0.9999890151552879;0.9998533527271206;0.9999921139810937;1.024999976158142;
2016-01-25 22:30:00;0.9999889707591713;0.9997295051234651;0.9998676185926608;1.0;0.9999473579509914;0.9999886522700343;1.0002794138381264;0.9999812554599361;1.0;0.999981219950141;0.9998164874811387;0.9999913396759805;1.0;0.9999785742709545;0.9999999999999999;1.0;1.0;0.999943460670765;0.9999840365974646;0.9999546857944005;0.9999826172947874;0.9997546312860008;0.9999997267081392;1.0002594200763433;1.0002887265479332;1.0;0.9997676719634067;0.9999844718391577;0.9998982393179586;0.9999999999999999;1.0;0.9996773414052255;0.9999644888055843;0.9992000843611792;0.9989989004542448;0.9995730370048412;0.9995571139265595;0.9995487720264831;1.0;0.9999587924971738;0.9999887425556488;0.9998949992869329;0.9999943414086676;1.024999976158142;
2016-01-25 22:45:00;0.9999901848662999;0.9997462489113687;0.9998767296145199;1.0;0.9999542402769598;0.9999904253021515;1.0002742070410457;0.9999841916705783;0.9999999999999999;0.999982828035613;0.999828694188673;0.9999913353085655;1.0;0.9999803203333417;1.0;1.0;0.9999999999999999;0.9999513279537061;0.9999860598345011;0.9999582421242998;0.9999861245637027;0.9997743402929743;0.9999997957710123;1.0002541878082039;1.000283482435425;1.0;0.999786368186331;0.999986205619065;0.9999037881514012;1.0;0.9999999999999999;0.9996880586231945;0.9999674707502927;0.9992304546236274;0.9990442878858488;0.9995846220825404;0.9995690401363946;0.9995603171578745;1.0;0.9999627567562209;0.9999911811458623;0.9999032234370436;0.9999941366409374;1.024999976158142;
2016-01-25 23:00:00;0.9999913457623129;0.9997797801421561;0.999892879711792;0.9999999999999999;0.9999577457896387;0.9999908128505908;1.000267064368139;0.9999846632737526;1.0;0.9999848825844468;0.9998521071058217;0.9999923685203173;1.0;0.999982279462238;1.0;1.0;0.9999999999999999;0.9999548963453487;0.999987464570884;0.9999633465127217;0.9999869738512653;0.9998018049133219;0.9999998001873948;1.0002481763496864;1.0002755939794645;1.0;0.9998127650569273;0.999987394305376;0.9999020540322635;1.0;1.0;0.9996963420071286;0.9999710055415679;0.999246723504128;0.9990719083353045;0.9995984964735789;0.9995827620077332;0.9995732452710469;1.0;0.9999665044829252;0.9999916283697055;0.9999150495864063;0.999995025300814;1.024999976158142;
2016-01-25 23:15:00;0.9999893442525574;0.9997097926824695;0.9998615922852738;0.9999999999999999;0.999944470446678;0.999987181920509;1.0002691148024134;0.9999782295237417;1.0;0.9999796041576579;0.9998120067853533;0.9999908470942681;0.9999999999999999;0.9999745828049527;1.0;1.0;1.0;0.9999416516836652;0.9999841032331865;0.9999524270546091;0.9999858875738591;0.9997435888987534;0.9999998023362052;1.0002504775830792;1.0002773700402727;1.0;0.9997596690675358;0.9999824481015792;0.9999166781773895;1.0;1.0;0.9997133267847923;0.9999606024784424;0.9993020672403172;0.9991416941031155;0.999611931374187;0.9995919472207363;0.9995769683327376;0.9999999999999999;0.999954870664431;0.9999911448653351;0.9998897751929388;0.9999935193883464;1.024999976158142;
2016-01-25 23:30:00;0.9999921496826941;0.9998288851442843;0.9999196588671369;0.9999999999999999;0.9999650506284413;0.9999931586887593;1.0002608650663165;0.99998883812603;1.0;0.9999872091054391;0.9998893858597009;0.9999926236055001;1.0;0.9999859651470564;1.0;1.0;0.9999999999999999;0.9999624539470027;0.9999892274975892;0.9999727147047;0.999988167377613;0.9998488873345559;0.9999998179142907;1.0002429553087544;1.0002687082148514;1.0;0.9998573756729885;0.9999900361886683;0.9998959846657925;0.9999999999999999;1.0;0.9996974051108249;0.9999755428272987;0.9992680754293294;0.9991067806740943;0.9995871216506211;0.9995627818543832;0.999542077949245;1.0;0.9999718875351911;0.9999923941455557;0.9999367521239375;0.9999952803866743;1.024999976158142;
2016-01-25 23:45:00;0.9999915255809312;0.9998274637332694;0.9999184863147258;1.0;0.9999648562475257;0.9999936891414088;1.0002557469849946;0.9999899999497704;1.0;0.9999871010146838;0.9998862541655485;0.9999925695689234;1.0;0.9999868345244293;1.0;1.0;1.0;0.9999618260278789;0.9999887240677239;0.9999725426393744;0.9999865865218615;0.9998468163874578;0.9999997875144195;1.0002378732592714;1.0002638018725132;1.0;0.9998545256150009;0.9999904649904114;0.9999179367095671;1.0;1.0;0.9997184328103876;0.9999756098020406;0.9993267270990798;0.9991694068751398;0.9996104916196322;0.999585831826702;0.9995650220386832;1.0;0.9999719054653119;0.9999913073322819;0.9999363476806291;0.9999953015477046;1.024999976158142;
2016-01-26 00:00:00;0.999993482961532;0.999854677721783;0.9999303923574219;1.0;0.999969834725685;0.9999938188351466;1.0002582287514257;0.9999898304228462;0.9999999999999999;0.9999893797119713;0.9999040041972299;0.9999931281015633;1.0;0.9999881713414532;1.0;0.9999999999999999;0.9999999999999999;0.9999674586326327;0.9999908340164331;0.999976172978664;0.9999895570007538;0.9998690423443016;0.9999998333826747;1.00024051415431;1.0002659393566715;1.0;0.9998762211568027;0.9999914283946599;0.9998936001816344;1.0;0.9999999999999999;0.9997171408370676;0.9999796594320349;0.9993219281248014;0.9991658503535712;0.9996098721502238;0.9995849754853456;0.9995640059677212;1.0;0.9999763939804123;0.999993217102217;0.9999447663360387;0.9999958965593877;1.024999976158142;
2016-01-26 00:15:00;0.9999934288967026;0.9998637062479605;0.9999368047824199;1.0;0.9999733220031254;0.9999953745286533;1.0002561351261443;0.9999926860542157;1.0;0.999989739862437;0.9999121486872884;0.9999927094420455;0.9999999999999999;0.9999894130103819;1.0;0.9999999999999999;0.9999999999999999;0.9999712922224556;0.9999914164614035;0.9999788919324456;0.9999905071193262;0.9998818997756833;0.9999998576651531;1.0002383330438342;1.0002639056218687;1.0;0.9998881399359605;0.9999926019543881;0.9999107879720327;1.0;1.0;0.9997015703301585;0.9999805494797138;0.999281512458293;0.9991112123296921;0.9995905084621816;0.9995656128358221;0.9995444962326472;1.0;0.9999778695172358;0.9999939448642803;0.9999510636195859;0.9999954414212087;1.024999976158142;
2016-01-26 00:30:00;0.9999907552123888;0.9998452374966836;0.9999282649770533;1.0;0.9999661069266427;0.999994941036635;1.000258641505638;0.9999925813176737;1.0;0.9999874308038887;0.9998984968898622;0.9999931921935168;1.0;0.9999889488089801;1.0;1.0;1.0;0.9999624500530575;0.9999883045603376;0.9999761508256324;0.9999843757841412;0.9998627803271798;0.9999997435748351;1.0002406706141782;1.0002668266028143;0.9999999999999999;0.999868749044439;0.9999916471905878;0.9999063447750349;1.0;1.0;0.9997206710327438;0.9999767720209949;0.9993324978824406;0.9991647810355574;0.9996133015525426;0.9995884914165626;0.9995665807055756;1.0;0.999973156064141;0.9999897692206058;0.9999447133995084;0.9999957044211243;1.024999976158142;
2016-01-26 00:45:00;0.9999936614760198;0.999878398845457;0.9999423399922314;1.0;0.9999739912691991;0.9999953907406581;1.0002517404448952;0.9999927521362209;0.9999999999999999;0.999990717453655;0.9999193547340393;0.9999932295690858;1.0;0.9999908036803471;1.0;1.0;1.0;0.999971508007064;0.999991587116372;0.9999805134209185;0.9999893549470865;0.999890667430767;0.9999998258689435;1.0002343934670936;1.0002593573915768;1.0;0.9998959656844819;0.9999931649352696;0.9999010488482162;1.0;0.9999999999999999;0.9997302066621919;0.9999824918781226;0.9993678610325709;0.9992240768607423;0.9996179133796884;0.9995928573664237;0.9995720474321441;1.0;0.9999796716859684;0.9999930375062314;0.9999548210868416;0.9999960867523646;1.024999976158142;
2016-01-26 01:00:00;0.9999894609155119;0.999834664637427;0.9999234231070712;1.0;0.9999621314128877;0.9999945438379795;1.0002501746076353;0.9999921524280718;0.9999999999999999;0.9999862191345076;0.9998911928171652;0.9999925807579071;0.9999999999999999;0.999988427265268;1.0;1.0;1.0;0.9999577072438832;0.9999867667667179;0.9999745304257064;0.9999814457682498;0.9998520626202592;0.9999996897722216;1.0002328455936886;1.0002582366105792;1.0;0.9998581378562651;0.999991005588592;0.9999120160519617;1.0;0.9999999999999999;0.9997565357781617;0.9999746338035538;0.9994446124783727;0.9993230210082596;0.9996449133766248;0.9996196203472888;0.999598502603163;1.0;0.9999705102087023;0.9999877837171564;0.9999409553653841;0.9999954379393323;1.024999976158142;
2016-01-26 01:15:00;0.9999931193665931;0.9998921537811682;0.9999507067943242;0.9999999999999999;0.9999751672106754;0.9999964195241098;1.0002419640574152;0.9999948113243099;0.9999999999999999;0.9999908790494307;0.999930348820838;0.999993794902079;1.0;0.9999921882563394;0.9999999999999999;1.0;1.0;0.9999723745526181;0.9999913836844898;0.9999836194142933;0.9999881659210477;0.9999044937185683;0.9999998041752548;1.0002254369076093;1.000249250450771;1.0;0.9999086532983256;0.9999940369846683;0.9998834141362754;1.0;1.0;0.9997948190471463;0.9999831155547921;0.99955652596194;0.9994721619727456;0.9996839582137066;0.9996589318370318;0.9996368598227217;1.0;0.9999804463042575;0.9999922344076795;0.9999620202953757;0.999996336160747;1.024999976158142;
2016-01-26 01:30:00;0.9999932863461308;0.9998696577129734;0.999941674132395;1.0;0.999974051677728;0.9999958644962688;1.0002385222394443;0.9999935895539687;1.0;0.9999896409577267;0.9999193359729597;0.9999923779202794;1.0;0.9999895750870182;1.0;1.0;1.0;0.9999721536545999;0.9999914925451712;0.9999807081256133;0.9999908028817522;0.9998900940999677;0.9999998669043704;1.00022213046004;1.000245605662635;1.0;0.9998961978201444;0.9999928702738388;0.9999012253996135;1.0;0.9999999999999999;0.9998008964857692;0.9999803551546179;0.9995741617626905;0.99950359717994;0.9996902453921087;0.9996653691438047;0.9996443979396639;1.0;0.9999778530474592;0.9999941923390036;0.999955270935253;0.999995138928036;1.024999976158142;
2016-01-26 01:45:00;0.9999945523225368;0.9998953059609332;0.999950134578648;0.9999999999999999;0.999979527720479;0.9999968482956649;1.0002401351660215;0.9999952662468288;1.0;0.9999923296804616;0.9999290930026441;0.9999932446272882;1.0;0.999992927123609;1.0;1.0;1.0;0.9999775086632298;0.9999930827905701;0.9999834602596822;0.9999911816761824;0.9999070713224444;0.9999998584180155;1.0002231820594347;1.0002476637769433;1.0;0.9999110136204941;0.999994806355136;0.9998810020666683;0.9999999999999999;1.0;0.9997973871189889;0.9999856594495318;0.9995575052622314;0.9994839002888628;0.9996910359132442;0.9996660810185425;0.9996455224805243;1.0;0.9999835199960547;0.9999942653652111;0.9999616473669519;0.999996130840129;1.024999976158142;
2016-01-26 02:00:00;0.9999945769880493;0.9998825787213345;0.999945393923329;1.0;0.9999776508138817;0.9999960664648413;1.0002356021178826;0.9999937177242435;1.0;0.9999913587860166;0.9999241478326133;0.9999930779011775;1.0;0.9999908872139653;1.0;1.0;1.0;0.9999760668933166;0.9999929015253143;0.9999817688346425;0.9999924245085889;0.9998985332826238;0.9999998889286535;1.0002191907002986;1.0002427198130304;1.0;0.9999039673847286;0.9999937125173687;0.999894825725958;1.0;1.0;0.999818806902502;0.9999835158212527;0.9996309032783046;0.9995742282916212;0.9997055176366602;0.9996804728341571;0.9996589727951259;1.0;0.9999812978178388;0.9999951990929011;0.999957728120942;0.9999957637130806;1.024999976158142;
2016-01-26 02:15:00;0.9999932100843321;0.9998837183898591;0.9999456787497296;1.0;0.9999743489121422;0.999995999273263;1.0002377578695756;0.9999939992888655;1.0;0.999990711833153;0.9999233210793673;0.9999934511302475;0.9999999999999999;0.9999916202550391;1.0;1.0;1.0;0.9999716036581409;0.999991324665112;0.9999818371326408;0.9999883588442942;0.999896060795696;0.9999998074988607;1.00022135444709;1.0002450539120964;0.9999999999999999;0.9999006675354278;0.9999936539693587;0.9998886169336051;1.0;1.0;0.9998139341452003;0.9999826694328969;0.9996074837210221;0.9995417601623047;0.9997068147415736;0.999682029682648;0.9996610581289986;1.0;0.9999798975229394;0.9999923626383299;0.9999578867270882;0.9999961831114371;1.024999976158142;
2016-01-26 02:30:00;0.9999950621005883;0.9999142300651377;0.9999597616196734;1.0;0.9999812059790013;0.9999970432591284;1.000232867031658;0.9999955451889243;1.0;0.999993223004295;0.9999431850814305;0.9999935491401726;1.0;0.9999938467226677;1.0;1.0;1.0;0.9999792036709387;0.99999367290751;0.9999865367528846;0.999991528601293;0.9999231761121605;0.9999998595939651;1.0002168509352203;1.0002398250784568;1.0;0.9999265719142869;0.9999953439222097;0.9999090871850226;1.0;0.9999999999999999;0.9998054696879846;0.999987326621883;0.9995923089148027;0.9995260767333685;0.999691647526362;0.999667218564676;0.9996474536904207;0.9999999999999999;0.9999852918235701;0.9999944390890462;0.9999687799718756;0.9999964621540866;1.024999976158142;
2016-01-26 02:45:00;0.999995405885789;0.9998915689992909;0.9999489810946299;1.0;0.9999801495728489;0.9999963010375732;1.0002352368524114;0.999993973726406;1.0;0.9999923493824383;0.9999292325549932;0.999993223107591;1.0;0.9999915691829103;1.0;1.0;1.0;0.9999788949518912;0.9999938640566243;0.9999829112537558;0.9999938383817091;0.9999060076568751;0.99999991201873;1.0002187994235594;1.0002423165075343;1.0;0.9999111364850871;0.9999942455658865;0.9998978257416443;0.9999999999999999;1.0;0.9998093719973926;0.9999852885724774;0.9995960037267555;0.9995302057916764;0.9997008943993039;0.9996762945245821;0.9996554828532738;0.9999999999999999;0.9999833289974281;0.9999961234854147;0.9999603750983888;0.9999959357359665;1.024999976158142;
2016-01-26 03:00:00;0.9999971076446054;0.999923735028038;0.9999643259340242;1.0;0.9999866612349798;0.999997345966487;1.0002309225333845;0.9999955595266563;1.0;0.9999947482507355;0.9999509872690128;0.9999933905124306;0.9999999999999999;0.9999938012055654;1.0;1.0;1.0;0.9999860623248127;0.9999960531846911;0.9999880312356144;0.9999966668511746;0.999934779107896;0.999999957996136;1.0002149549358146;1.0002375973429205;1.0;0.9999386660342305;0.9999959064809764;0.9999054025165925;0.9999999999999999;1.0;0.9998120257132773;0.9999897579199865;0.9996055378273268;0.999541792298469;0.9997023876009993;0.9996768000413445;0.9996553000813038;1.0;0.9999884922924985;0.9999979701878302;0.9999722433523005;0.9999962476961695;1.024999976158142;
2016-01-26 03:15:00;0.999997245178453;0.9999205452607894;0.9999604969696146;1.0;0.9999859589305464;0.9999968862865743;1.0002306997661417;0.9999947245227133;1.0;0.9999950394874171;0.9999450667873365;0.9999939021378319;1.0;0.9999939713160869;1.0;1.0;1.0;0.9999850964942881;0.9999959721577076;0.9999865269440869;0.9999959996528036;0.9999281208364897;0.9999999395184487;1.000214556104664;1.0002375835800659;1.0;0.9999319223075969;0.9999957781616875;0.9998979363040316;1.0;0.9999999999999999;0.9998210602984491;0.9999902958346432;0.9996406756200301;0.9995899500986354;0.9997056414175067;0.9996803522126634;0.9996590734224376;1.0;0.9999888099228691;0.9999974431928375;0.9999687559757013;0.9999967189954355;1.024999976158142;
2016-01-26 03:30:00;0.9999967111378839;0.9999198225269647;0.9999611117107639;1.0;0.99998474670871;0.9999969101070098;1.0002283304405593;0.9999948879576549;1.0;0.9999945426352312;0.9999459586806314;0.9999933184059937;1.0;0.9999938331779135;1.0;1.0;1.0;0.9999836437558005;0.9999954159444597;0.9999867924090976;0.9999950116504787;0.9999281205563538;0.9999999226542603;1.0002125004494427;1.0002350739624062;1.0;0.9999319054567605;0.999995628676082;0.9999011899096292;0.9999999999999999;1.0;0.9998366957831846;0.9999894398733666;0.99967281079333;0.9996357055894138;0.999730855423312;0.9997047112675234;0.9996834319588006;1.0;0.9999878282313162;0.9999967891098451;0.9999693712728708;0.9999964050197709;1.024999976158142;
2016-01-26 03:45:00;0.9999975974694868;0.999929419267111;0.9999662495882229;1.0;0.9999877920327358;0.9999973223279973;1.0002270560217468;0.9999954209107257;1.0;0.9999953692637178;0.9999537409116012;0.9999938899040289;1.0;0.9999942022366837;1.0;1.0;1.0;0.9999872958303025;0.9999965522579298;0.999988560953941;0.9999972327595115;0.9999385836359255;0.9999999651976513;1.0002113578910257;1.000233597529737;1.0;0.9999422895703289;0.9999961455731174;0.9999064659981177;1.0;1.0;0.9998290537496978;0.9999908759381491;0.9996629232495866;0.9996228518108949;0.9997145578669852;0.9996889311559489;0.9996667847388023;1.0;0.9999896815876989;0.99999831579762;0.9999734705405509;0.9999966025342133;1.024999976158142;
2016-01-26 04:00:00;0.9999972325255124;0.9999279719136928;0.99996615249375;1.0;0.9999871050901112;0.9999973899931247;1.0002304650153129;0.9999956293252238;0.9999999999999999;0.999995007641974;0.9999535318876401;0.9999934690998615;1.0;0.9999941025783488;1.0;1.0;1.0;0.9999864770986069;0.9999961886065791;0.9999886017556909;0.9999966524667362;0.9999379290287719;0.9999999559569503;1.0002145790510082;1.0002370915481826;0.9999999999999999;0.9999416137248843;0.9999960617965385;0.9998908904392793;1.0;1.0;0.9998314363013175;0.9999902867875348;0.9996583617541688;0.9996125657836602;0.9997248591188287;0.9996999033798117;0.999679344146223;1.0;0.9999890352386114;0.9999979391534572;0.9999735664131881;0.9999963553133503;1.024999976158142;
2016-01-26 04:15:00;0.9999967949082811;0.9999201806762386;0.9999612063119501;0.9999999999999999;0.9999841119887416;0.9999965459711633;1.0002297589081348;0.9999941954510899;1.0;0.999994495817126;0.999946601387606;0.9999917336160576;1.0;0.999993498118662;0.9999999999999999;1.0;1.0;0.9999829922837368;0.9999953687170512;0.9999866734048315;0.9999950025073058;0.999927754480985;0.9999999214798407;1.00021400280031;1.0002364030726572;1.0;0.9999318039843275;0.9999953554624372;0.9999067560015213;1.0;1.0;0.9998200933070276;0.9999892833942657;0.9996423453893832;0.9995953217116572;0.9997015843624235;0.9996730905145733;0.9996525318324021;1.0;0.9999875637482485;0.9999967703775652;0.9999690976441516;0.9999957373200757;1.024999976158142;
2016-01-26 04:30:00;0.9999964050520054;0.9999122937906078;0.9999586230040666;1.0;0.9999834693695017;0.9999966935477016;1.0002312024041746;0.9999945100645804;0.9999999999999999;0.9999938109387922;0.9999430514908795;0.9999908629996944;1.0;0.9999928846516581;1.0;0.9999999999999999;1.0;0.9999824691258267;0.9999950528968811;0.9999860101844369;0.9999951238903996;0.9999234097880071;0.9999999298558102;1.0002152677947864;1.000237927509102;1.0;0.9999278150700132;0.9999951208526419;0.9998927885156105;1.0;0.9999999999999999;0.9998297316886626;0.9999879908745862;0.9996635430710498;0.999615755058618;0.9997161795860284;0.9996872381269559;0.9996670601664889;0.9999999999999999;0.9999863247616266;0.9999969263335096;0.9999675590500134;0.999995099980122;1.024999976158142;
2016-01-26 04:45:00;0.9999965432064785;0.9999111826935545;0.9999583593688754;1.0;0.9999849933414258;0.9999972062351282;1.000230136420049;0.9999954065635652;1.0;0.9999939397576134;0.9999422855210597;0.9999916263157287;1.0;0.9999931176050357;1.0;1.0;1.0;0.9999842749715022;0.9999954161188729;0.9999861460891222;0.9999960029073616;0.9999243213621299;0.9999999496190657;1.0002140126937036;1.0002369895898513;0.9999999999999999;0.9999285686459072;0.999995471349616;0.9999078299231126;1.0;0.9999999999999999;0.9998241503583618;0.999988286740571;0.9996537604987289;0.9996053575947632;0.9997060255206535;0.9996782445596226;0.9996572730853783;1.0;0.999986889709254;0.9999975654695322;0.999967872925133;0.9999953044323588;1.024999976158142;
2016-01-26 05:00:00;0.9999956088292612;0.9998785518456073;0.9999432488204215;1.0;0.9999784651882714;0.9999954051322797;1.000236244314494;0.9999921944919199;1.0;0.9999915957263417;0.9999227202087031;0.9999919458861611;1.0;0.9999896443200632;1.0;1.0;1.0;0.9999776365354031;0.9999938081070843;0.9999808150935658;0.9999951516703092;0.999896024923878;0.999999941886233;1.000219882522242;1.0002431409506563;1.0;0.9999026009811679;0.9999931715239054;0.9998948185686428;1.0;1.0;0.999805513697581;0.9999835588818953;0.9996213826250329;0.9995732067123095;0.9996719251102961;0.9996455388266285;0.9996244205349547;1.0;0.9999815015959472;0.9999970809221134;0.9999555201125286;0.9999951480051833;1.024999976158142;
2016-01-26 05:15:00;0.9999914575363851;0.9997846234742136;0.9999059663678644;1.0;0.9999625453208099;0.999992977771776;1.0002400897843504;0.9999882763783636;1.0;0.9999836662583785;0.9998736580133512;0.9999883073900804;1.0;0.9999805684351238;1.0;1.0;0.9999999999999999;0.99996175806133;0.9999887920179759;0.9999688691363264;0.9999928972457728;0.9998269522462779;0.9999999447861854;1.0002236095048247;1.0002469645901366;1.0;0.9998391921228024;0.9999878700592231;0.999907819158537;1.0;1.0;0.999815801889659;0.9999682337297204;0.9996180134691104;0.9995693727131271;0.9997052563851978;0.9996773440987189;0.9996553770938127;1.0;0.999965109388928;0.9999960789054352;0.9999278364806043;0.9999917850945812;1.024999976158142;
2016-01-26 05:30:00;0.9999927147356662;0.9998204052675198;0.9999222729679721;1.0;0.9999686369533893;0.9999942609014673;1.000251275138722;0.9999904576132761;1.0;0.9999861866422491;0.9998957186789933;0.9999883761733409;1.0;0.9999837058766133;1.0;1.0;0.9999999999999999;0.9999679906527518;0.9999905443176106;0.9999743439136015;0.9999940180593009;0.9998567345500485;0.9999999546708594;1.0002341309186609;1.0002583457598844;1.0;0.9998669631019461;0.9999898782282739;0.9998958910764089;1.0;1.0;0.9996920931650985;0.9999731610922292;0.9993113029517942;0.9992532537880603;0.9995415777563832;0.9995131381910584;0.9994920226964513;1.0;0.9999705775824127;0.9999967127468717;0.9999405234767855;0.9999922278619461;1.024999976158142;
2016-01-26 05:45:00;0.9999933034817172;0.9998288394127115;0.999922306753734;1.0;0.9999695999028079;0.9999939960925793;1.0002453684966068;0.9999899684663771;1.0;0.9999875167872008;0.9998944893843237;0.9999881277737185;0.9999999999999999;0.9999851915044976;1.0;1.0;1.0;0.9999685077026805;0.9999909356050072;0.9999740050225608;0.999993087769845;0.999857147235093;0.9999999234052042;1.0002283610016038;1.0002525927679953;1.0;0.9998664197437228;0.9999904007282947;0.9999088680573962;1.0;1.0;0.9997484528179732;0.9999758202853083;0.9994790909886764;0.9994187400725574;0.9995969881420664;0.9995665982636481;0.9995457888760414;1.0;0.9999730537110546;0.9999959110152602;0.9999397417207561;0.9999926693694295;1.024999976158142;
2016-01-26 06:00:00;0.9999933545926541;0.999824879060861;0.9999187907079841;1.0;0.999968848184325;0.9999936375737078;1.0002474950094875;0.9999893114409442;1.0;0.9999876644076383;0.9998891438639711;0.999988946650532;1.0;0.999985230768206;1.0;1.0;1.0;0.9999675553203969;0.999990831816821;0.9999726733748934;0.999992548216814;0.9998509516199143;0.9999999093353394;1.0002301900016235;1.0002549471755502;1.0;0.9998602400312425;0.9999902631309263;0.9998938615744082;1.0;1.0;0.9997305655344169;0.999976008296465;0.9994720646342112;0.9994128977000533;0.9995478330046399;0.9995177504868451;0.9994961485471203;1.0;0.9999730631492929;0.9999954964193176;0.9999366502257505;0.9999931991410763;1.024999976158142;
2016-01-26 06:15:00;0.9999948219384364;0.9997567123064494;0.9998773559688279;1.0;0.9999619949343715;0.9999891573224092;1.000262264658765;0.9999806590691301;1.0;0.9999862625661711;0.9998328607527962;0.9999856996687096;1.0;0.9999793872071052;1.0;1.0;0.9999999999999999;0.9999614681005357;0.9999906553417267;0.9999575767873421;0.9999955164534413;0.9997815574152269;0.9999999630423344;1.0002429447612806;1.0002707977597363;1.0;0.999795377177117;0.999986288160447;0.9998395316072368;0.9999999999999999;1.0;0.9997268058932605;0.9999725848599148;0.9994946264305978;0.999435772842742;0.9995210860420762;0.9994857074106385;0.9994648997070507;1.0;0.9999687282440094;0.9999974863111598;0.9999016820517792;0.9999918190004021;1.024999976158142;
2016-01-26 06:30:00;0.9999964199993472;0.999750937246565;0.9998709373177489;1.0;0.9999595429431607;0.9999864518039855;1.0002705245353471;0.9999753215845145;1.0;0.9999867570726465;0.9998267077986718;0.9999686932377376;1.0;0.9999771293518462;0.9999999999999999;1.0;1.0;0.9999593577078836;0.9999912987808594;0.9999542847691347;0.999997375796778;0.9997695643490563;0.9999999869977728;1.0002511656601165;1.0002787781514482;1.0;0.999785402877188;0.9999845274107962;0.9998294531379173;1.0;0.9999999999999999;0.9997009950205099;0.9999728917883534;0.999450912777013;0.9993920617631634;0.9994730862569213;0.999407260349943;0.999387014322259;1.0;0.9999684885429327;0.9999986182990737;0.9998940788084908;0.9999845585524125;1.024999976158142;
2016-01-26 06:45:00;0.9999954554456247;0.9997706054039754;0.9998810242589924;1.0;0.9999618916402112;0.9999883818294198;1.000296060928262;0.9999792117584619;0.9999999999999999;0.9999874257227896;0.999838029966281;0.9999042046860345;1.0;0.9999803178365724;1.0;1.0;1.0;0.9999608914181197;0.999990913184861;0.9999582214953489;0.9999945241800908;0.9997867748302474;0.9999999298508346;1.0002747346047731;1.0003053819520127;0.9999999999999999;0.9998000554844211;0.9999863840679466;0.9998266436259591;1.0;1.0;0.9995017987630098;0.9999748299078752;0.99916741880365;0.9991100822559325;0.9990658637288741;0.9988799424396024;0.9988497783646983;0.9999999999999999;0.9999706296788616;0.9999966320049519;0.9999031881731953;0.9999555796193995;1.024999976158142;
2016-01-26 07:00:00;0.9999944023204743;0.999710287912444;0.9998521426716828;1.0;0.999951342644037;0.9999850125922717;1.0003205420284085;0.9999730559378074;1.0;0.9999836320046895;0.9998006046649253;0.9998652596691872;1.0;0.9999739339663181;1.0;1.0;1.0;0.9999505032733954;0.99998864462508;0.9999479865781031;0.999994363872441;0.9997341905633165;0.9999999411295221;1.000297695697665;1.000330377481397;1.0;0.9997519056375146;0.9999822601923122;0.9997521491051773;1.0;1.0;0.9994273726078199;0.9999670009624163;0.9991270111873803;0.9990497266032273;0.9988689760320935;0.9986186683137716;0.9985904363715655;1.0;0.9999617627214408;0.9999966871550925;0.9998794820917309;0.9999374455106605;1.024999976158142;
2016-01-26 07:15:00;0.9999951391148009;0.9997646971784634;0.9998794655445086;1.0;0.9999595628973522;0.9999877780583429;1.0003205557761505;0.9999781007207702;1.0;0.9999866545116806;0.9998370121885699;0.9999039038706036;1.0;0.9999791001793855;1.0;1.0;1.0;0.9999585412055899;0.9999904137958276;0.9999575734985291;0.9999942924974039;0.9997826021889578;0.9999999283472887;1.000297935666444;1.0003302438289305;1.0;0.999796744744302;0.9999856168593018;0.999734610076783;1.0;1.0;0.9993703719351057;0.999973095010705;0.998995001528322;0.9989129504569922;0.9987872032927344;0.9985292298130116;0.9984055216396003;0.9999999999999999;0.9999686669079044;0.9999965098173563;0.9999016819734213;0.9999553251843218;1.024999976158142;
2016-01-26 07:30:00;0.9999834593919474;0.9994766163060104;0.9997594019967709;1.0;0.9999152837683506;0.9999805401250372;1.000345896487457;0.999966705679045;0.9999999999999999;0.9999634034695659;0.9996759389515297;0.9998835786627747;0.9999999999999999;0.9999527063272469;1.0;1.0;0.9999999999999999;0.9999146160029931;0.999975773015374;0.9999189928052689;0.9999885050935793;0.9995655064912148;0.9999999531396158;1.0003207890607044;1.0003568377599246;1.0;0.9995957698978116;0.999969931839339;0.999746882010029;1.0;1.0;0.9993806237496332;0.9999299523339238;0.9990782178161443;0.9990071369338798;0.9987612964795558;0.9984681720203727;0.9983243287521221;1.0;0.9999226228325956;0.9999941045460105;0.999812399658872;0.9999412103396643;1.024999976158142;
2016-01-26 07:45:00;0.9999916043051652;0.9996684461866291;0.9998385035391063;1.0;0.9999473512555863;0.9999860937714645;1.0003299351521073;0.9999755567768971;1.0;0.9999794776683081;0.9997809164323376;0.9998938611907502;1.0;0.9999710974083078;1.0;1.0;0.9999999999999999;0.9999467324610558;0.9999861828749157;0.9999446589826865;0.99999338351805;0.9997108360166107;0.9999999565872505;1.0003059062876194;1.0003404348121738;1.0;0.9997298252189619;0.9999810888066001;0.9997409035676548;0.9999999999999999;0.9999999999999999;0.999380063958299;0.9999598911751512;0.9990794426385832;0.9990115211903653;0.998758775364916;0.9984753624835296;0.9983342443330498;1.0;0.9999548488390827;0.9999964166683653;0.9998717815753341;0.9999490865870646;1.024999976158142;
2016-01-26 08:00:00;0.9999953794055811;0.9997708821801143;0.999883357502164;1.0;0.9999625180100482;0.9999887809995052;1.0003312206747372;0.999979892857613;1.0;0.9999870913054338;0.9998419267520838;0.9998821984624706;1.0;0.9999799321851222;1.0;1.0;1.0;0.9999618685575025;0.9999910606874303;0.9999592286392787;0.9999954865089803;0.9997910973000161;0.9999999544466195;1.0003076462996499;1.0003413113455821;1.0;0.999804647862165;0.9999864295414399;0.9997136831219857;1.0;0.9999999999999999;0.9993102790096537;0.9999740964820057;0.9990086132317622;0.9989412505431013;0.9985966610208742;0.9982777474604819;0.9981230593049052;1.0;0.9999701287990015;0.9999973690515016;0.9999055181336949;0.9999453528903869;1.024999976158142;
2016-01-26 08:15:00;0.9999945746402868;0.9997659981702026;0.9998822492588166;0.9999999999999999;0.9999599611234138;0.9999885446387712;1.0003449324982046;0.9999796086253808;1.0;0.9999862143881413;0.9998406420137548;0.9998695898750818;1.0;0.9999793448828096;1.0;1.0;1.0;0.999958950167205;0.9999901513159297;0.9999588712521178;0.9999940059013133;0.9997873703368565;0.9999999291003375;1.0003206743906359;1.0003552688376742;0.9999999999999999;0.9998012052260944;0.9999859552742114;0.9996929731450224;1.0;1.0;0.9992415292435479;0.9999723899849817;0.9988512076438377;0.9987256614395957;0.998496796862201;0.9981669911383144;0.9980262232655749;1.0;0.9999681435303502;0.9999963891123691;0.9999046867157364;0.9999395750706724;1.024999976158142;
2016-01-26 08:30:00;0.9999960465879169;0.9997997140228374;0.9998979452545091;1.0;0.9999648971454544;0.9999891624199677;1.0003411988219721;0.9999804714888976;1.0;0.9999885262812332;0.9998630584476452;0.999872219552073;1.0;0.9999815387963343;1.0;1.0;1.0;0.9999641680539477;0.9999919181663004;0.9999639063052085;0.9999956497279895;0.9998153070405705;0.9999999488663575;1.0003176029156782;1.0003510335979873;1.0;0.9998279050369827;0.9999873671923735;0.9997113875586326;1.0;1.0;0.9992035285766423;0.9999766299877991;0.9988779563543617;0.9987858764396956;0.9983639179218613;0.9980345315290545;0.9978899810152669;1.0;0.9999727877334025;0.9999973810451215;0.9999163563011444;0.9999411639881177;1.024999976158142;
2016-01-26 08:45:00;0.9999934528631684;0.9997326225536557;0.9998684385374603;1.0;0.9999536420621655;0.9999869800811583;1.0003465349913327;0.9999768746215175;1.0;0.9999834057797652;0.9998233130037901;0.9998515878194858;1.0;0.9999754775150533;1.0;1.0;1.0;0.9999527322251455;0.9999884452878884;0.9999541450231733;0.9999936354606103;0.99976143329324;0.9999999361896715;1.0003224313449461;1.0003566731808564;1.0;0.9997777970834086;0.9999835613573903;0.99974204561017;0.9999999999999999;1.0;0.9992069678310814;0.9999669490625928;0.9988653509021933;0.9987595403063501;0.9983828943143892;0.9980224019488874;0.997880156142473;1.0;0.9999621861963182;0.999996297863804;0.9998937533404042;0.999930921119551;1.024999976158142;
2016-01-26 09:00:00;0.9999949621538071;0.9997792177091531;0.9998888287148671;0.9999999999999999;0.999961257472519;0.999988694261819;1.0003476995453948;0.999979821710002;1.0;0.999986890794322;0.9998502236513478;0.9998705330632178;1.0;0.9999800335824083;1.0;1.0;1.0;0.9999602679870067;0.9999906067214982;0.9999609706208532;0.9999942848660927;0.9997984933687218;0.9999999306067715;1.0003235349040498;1.000357873135332;1.0;0.999811919333443;0.9999863615848505;0.9997257522690436;1.0;1.0;0.9991760579715704;0.9999736557737045;0.9987360029521175;0.9985901086239184;0.9983780006115809;0.9980387994513721;0.9978842565791297;0.9999999999999999;0.9999694931154778;0.9999965351889314;0.9999095557584247;0.9999401448638969;1.024999976158142;
2016-01-26 09:15:00;0.9999932065313403;0.9997693117053897;0.9998844245084824;1.0;0.9999561852792926;0.9999882526388784;1.0003484647899055;0.9999794755333692;0.9999999999999999;0.9999853724407518;0.9998432323806802;0.9998705740322795;1.0;0.9999796697852066;1.0;1.0;1.0;0.9999540667201099;0.9999884997883148;0.9999594886665739;0.9999900769832286;0.9997875035155089;0.9999998514375205;1.0003244013435817;1.0003587725351428;1.0;0.9998007985840032;0.9999856381973299;0.9997444876034967;1.0;1.0;0.9991892252354225;0.9999711672242401;0.9987111745607214;0.9985326052900125;0.9984346722390525;0.9981224162081482;0.9980031544803019;0.9999999999999999;0.9999663228764157;0.999993657817934;0.9999061283159636;0.9999402385542382;1.024999976158142;
2016-01-26 09:30:00;0.9999926287090332;0.9997343685957925;0.9998655697232884;1.0;0.9999488740803114;0.9999856864972015;1.0003683319629568;0.9999748598378454;1.0;0.9999833942465709;0.9998182120923127;0.9998557466785187;1.0;0.9999761689179014;0.9999999999999999;0.9999999999999999;1.0;0.9999464306963207;0.9999868925191667;0.9999525391208884;0.9999888090141099;0.9997525632106955;0.9999998286601862;1.0003429940479855;1.0003791892212777;1.0;0.9997682827182814;0.9999830170707188;0.9997239657601089;1.0;0.9999999999999999;0.9990676679111207;0.9999671669129563;0.9985719384583279;0.9983849985348254;0.9981631317162087;0.9977983531502012;0.9976441540772354;1.0;0.9999614000751607;0.9999927969668633;0.9998900416289574;0.9999335400003025;1.024999976158142;
2016-01-26 09:45:00;0.9999897747762445;0.9996524029114849;0.9998228409267345;1.0;0.9999317771386277;0.9999810482739235;1.000376813540587;0.9999670390721537;1.0;0.9999779238376256;0.999759392667173;0.9998673740072238;1.0;0.9999692463046501;1.0;1.0;0.9999999999999999;0.9999279671660917;0.9999819566781158;0.9999373855277108;0.9999832493042463;0.999673051223324;0.9999997328297557;1.0003506949166068;1.000388364995205;1.0;0.9996930631072612;0.9999776128271778;0.9997421371537291;0.9999999999999999;1.0;0.9990416260645063;0.9999571523093312;0.9985781434768586;0.9984121582043255;0.9980803566011214;0.9977343505845223;0.9975776261357487;1.0;0.99994931904666;0.9999890796510321;0.9998549846067327;0.9999386243861104;1.024999976158142;
2016-01-26 10:00:00;0.9999904303546971;0.9996235538019865;0.9998071890143733;0.9999999999999999;0.9999267335274296;0.9999781735698874;1.000375377927549;0.999961541968581;1.0;0.9999766141372961;0.9997405426014242;0.9998645744000073;1.0;0.9999651260784183;1.0;1.0;1.0;0.9999234291498242;0.9999816008581563;0.9999312998735286;0.9999850153723188;0.9996450660634678;0.9999997682822891;1.000349659245482;1.0003865307448172;1.0;0.9996682038336698;0.9999748775465849;0.9997561177496398;1.0;1.0;0.9991015331855992;0.9999541583722882;0.9985761291215154;0.9983771376942175;0.9982624104944362;0.9979115713676601;0.9977546718948915;1.0;0.9999457203149908;0.9999903007388483;0.9998409285154121;0.9999372966461977;1.024999976158142;
2016-01-26 10:15:00;0.999987345889783;0.9995698741890428;0.9997825189901236;1.0;0.9999155900679595;0.9999763922362578;1.000393539271113;0.9999590050797267;1.0;0.9999720839863777;0.9997057688967405;0.999850470049754;0.9999999999999999;0.9999610842784301;0.9999999999999999;1.0;1.0;0.9999112009650171;0.999977572629479;0.9999231183048719;0.9999801517260963;0.999598322432927;0.9999996922152314;1.0003663971157406;1.000405576894089;0.9999999999999999;0.9996236167311441;0.9999718397205327;0.9997269846759003;0.9999999999999999;1.0;0.999027775447943;0.9999462145202791;0.9984354482901778;0.9982319039044365;0.9981360148740748;0.997764864894932;0.9976113352861998;0.9999999999999999;0.9999366328769063;0.9999871475259958;0.9998220015412091;0.9999304440410954;1.024999976158142;
2016-01-26 10:30:00;0.9999909798842547;0.9996433131318349;0.9998163533468306;1.0;0.9999316251846175;0.9999797660318286;1.0003728396972904;0.9999643697073128;1.0;0.9999782499767926;0.9997517531620433;0.9998491411059384;0.9999999999999999;0.9999677390004796;1.0;1.0;1.0;0.9999284263523656;0.9999827676954669;0.999934728799294;0.9999856651590711;0.9996629506080971;0.9999997756837024;1.0003469608400124;1.0003841756972462;1.0;0.9996843318803154;0.9999767102815589;0.9997552124492457;0.9999999999999999;1.0;0.9990819063551646;0.9999573386629076;0.9985304019230055;0.9983579541816957;0.9982344211664325;0.9978607924275605;0.9977095726718253;1.0;0.9999494480239913;0.9999906959181637;0.9998488390311278;0.9999304541641827;1.024999976158142;
2016-01-26 10:45:00;0.9999905370102882;0.9996043827024489;0.9997996351136388;1.0;0.9999259503685093;0.99997783751604;1.0003827063757806;0.9999607265961948;1.0;0.9999755863242977;0.9997312748201739;0.9998757841640971;1.0;0.9999629791876744;1.0;1.0;1.0;0.9999234258427601;0.9999817393978762;0.9999289229890835;0.9999872900751446;0.999633190615948;0.99999982296542;1.00035637968088;1.0003939859331243;1.0;0.9996579262510187;0.9999739873462109;0.9997455287556145;1.0;1.0;0.9989608414721505;0.9999517886903664;0.9983414969312855;0.9981562438973469;0.997998255121594;0.9976445263323191;0.9974564225225029;1.0;0.99994352856145;0.9999919999288426;0.9998354087683519;0.9999418581360477;1.024999976158142;
2016-01-26 11:00:00;0.9999907815258858;0.9996049363559475;0.9997961500919361;1.0;0.9999243070952498;0.9999768375423153;1.0003689453518578;0.999958928267505;1.0;0.9999762031842183;0.9997258418038355;0.9998662832010979;1.0;0.9999633843781469;1.0;0.9999999999999999;1.0;0.9999211682809113;0.99998151222311;0.9999272234721265;0.9999856798969126;0.9996260886812863;0.9999997798911767;1.0003435095070652;1.0003800151904558;1.0;0.9996506110099178;0.9999737107335719;0.9997539085650928;1.0;1.0;0.999110693604216;0.9999529274176738;0.998531954356439;0.9983666919966767;0.9983201795735431;0.9979887721257262;0.9978533976300707;1.0;0.9999441696576725;0.9999907453070008;0.9998314715219864;0.9999380956590144;1.024999976158142;
2016-01-26 11:15:00;0.999986388733812;0.9995991507247132;0.9998047643195304;1.0;0.9999216843474446;0.999980231438591;1.000372577479758;0.9999660720009773;0.9999999999999999;0.9999723807616449;0.9997359611640811;0.9998607980076931;1.0;0.9999638985304196;1.0;0.9999999999999999;1.0;0.9999177167013011;0.9999782607946134;0.9999319851739538;0.9999808586739163;0.9996379973735315;0.9999997217695095;1.0003470594237591;1.0003837857904219;1.0;0.999661097239421;0.999974572921582;0.9997597758598937;1.0;1.0;0.9990726155397383;0.9999467800662046;0.9984347678873292;0.9982616190531406;0.9982716916427812;0.997905357591591;0.9977318709593118;1.0;0.9999383615023849;0.999987847862283;0.999842480575037;0.9999343872043914;1.024999976158142;
2016-01-26 11:30:00;0.9999837786596026;0.9993759483196508;0.9996942475830347;1.0;0.9998863095022349;0.9999671234624115;1.0004005664953444;0.9999424049448994;1.0;0.9999586149065711;0.9995921316974455;0.9998474543894181;0.9999999999999999;0.9999399727706888;1.0;1.0;0.9999999999999999;0.9998836425613803;0.9999705245278492;0.9998926003936064;0.9999827960552776;0.9994409259026769;0.999999812965078;1.000373083865829;1.0004123149070123;1.0;0.9994804171822504;0.9999588204953138;0.9997606583212258;1.0;1.0;0.9990605699843236;0.9999204517539503;0.9984272382674004;0.9982356358576455;0.998240505190408;0.9978732369823449;0.9977211386325895;0.9999999999999999;0.9999085560877384;0.9999897390021948;0.9997514999234908;0.9999265404415357;1.024999976158142;
2016-01-26 11:45:00;0.999988025775564;0.9996674990572748;0.9998375412579836;1.0;0.9999350975171624;0.9999843523325136;1.0003784249534533;0.9999734144377198;1.0;0.9999771181584016;0.9997784487662129;0.9998493880728474;1.0;0.9999712711159792;1.0;1.0;1.0;0.9999312998312195;0.9999814889736289;0.9999436987664808;0.9999823210607286;0.9996988368970731;0.9999997336906575;1.0003521972456124;1.0003900157634773;0.9999999999999999;0.9997169730627025;0.9999795706240606;0.9997470502929023;1.0;1.0;0.9990207479851111;0.999956123698856;0.9983775082111938;0.9981576615865385;0.9981543542079426;0.9977801728373918;0.9976243163699782;1.0;0.9999491146803251;0.999988675896459;0.9998695810755494;0.9999297520447703;1.024999976158142;
2016-01-26 12:00:00;0.9999880852722258;0.9996265375454111;0.999814373086307;0.9999999999999999;0.999927109110787;0.9999808041102548;1.0003697492736079;0.9999668475268714;1.0;0.9999752055375217;0.9997483896801109;0.9998709246685709;1.0;0.9999666987599586;1.0;0.9999999999999999;1.0;0.9999232656156858;0.9999801912993637;0.9999349350798845;0.9999821751286355;0.9996567196999447;0.9999997304773205;1.0003442373345062;1.0003810093747403;1.0;0.9996781903778853;0.9999762211219462;0.9997582342923363;0.9999999999999999;1.0;0.999077489765063;0.9999520586371178;0.9984506648006605;0.9982708821449949;0.9982755392636685;0.9979400097618251;0.9977862241918107;1.0;0.9999439971950987;0.999988557457207;0.9998493120651938;0.9999395675243192;1.024999976158142;
2016-01-26 12:15:00;0.9999899532765644;0.9995764965078141;0.9997837630018767;1.0;0.9999186417964069;0.9999751602667161;1.0003780190737586;0.9999560038201651;1.0;0.9999738179380321;0.999710404046641;0.9998821254811479;1.0;0.9999599098761589;1.0;0.9999999999999999;1.0;0.9999155658533604;0.9999800194270269;0.9999228337539604;0.9999853411936351;0.9996027748723068;0.9999997842986227;1.000352243995036;1.000389094383008;1.0;0.9996295781198231;0.999971438921132;0.9997433872163677;1.0;0.9999999999999999;0.9991173224106729;0.9999484596383531;0.9983903608821695;0.9981566835165631;0.9984368732838875;0.9981768219828668;0.9980970689753373;1.0;0.9999391803862682;0.999990629211017;0.999821350525023;0.999944898995424;1.024999976158142;
2016-01-26 12:30:00;0.9999916658518353;0.9996759096295783;0.9998349020683736;1.0;0.999938435948454;0.9999820745156089;1.00036612590272;0.9999684077206797;1.0;0.9999800068261481;0.9997772320486494;0.9998774050779135;1.0;0.999970516793574;1.0;1.0;1.0;0.9999357780405833;0.9999844651747382;0.9999415202968079;0.9999876081715282;0.9996971329105773;0.9999998136149739;1.000340822372259;1.0003770659709867;1.0;0.9997166711385709;0.9999789978564451;0.9997568024451113;1.0;0.9999999999999999;0.9990937419296009;0.9999606414220987;0.9982980177126114;0.9980952051748136;0.9984288081968151;0.9981739805335836;0.9981130947892437;1.0;0.9999536701179976;0.9999920502486304;0.9998645527003729;0.9999431148889361;1.024999976158142;
2016-01-26 12:45:00;0.9999801386839233;0.9996507743388381;0.9998281906243927;0.9999999999999999;0.9999178593256685;0.999984565679095;1.00038585882522;0.9999761949352479;0.9999999999999999;0.9999724490938439;0.9997573585817756;0.9998734556632732;1.0;0.999974436564561;1.0;1.0;1.0;0.9999082122588345;0.9999725854187727;0.9999409950450057;0.9999612538796612;0.9996694707241104;0.9999993235150276;1.0003590393619433;1.0003989738459622;1.0;0.9996834369582662;0.9999790277029666;0.999751607739864;1.0;1.0;0.9989869875502179;0.9999500500603551;0.9982111537831676;0.9979861827582769;0.9981661255249439;0.9978016085953444;0.9976076568662817;1.0;0.9999403845576658;0.9999741048276384;0.99986332470216;0.9999415068770956;1.024999976158142;
2016-01-26 13:00:00;0.9999857330364926;0.9996270497144459;0.9998111700346936;1.0;0.9999203729310113;0.999980172786737;1.000378238072464;0.9999664947732833;0.9999999999999999;0.999974461965281;0.9997407762583317;0.9998685275838071;0.9999999999999999;0.9999685118259988;0.9999999999999999;1.0;1.0;0.9999139937346521;0.9999771610937714;0.9999335430035213;0.9999736712777156;0.9996456033705079;0.9999995526688953;1.00035219862839;1.000390229895742;1.0;0.9996652427161273;0.9999760550622638;0.9997477629730269;1.0;1.0;0.9990475060110047;0.9999514666037292;0.9983395767458217;0.9981248889274147;0.9982609645444658;0.9979153739681434;0.9977572199716896;1.0;0.9999421137225942;0.999982532725629;0.9998460760803948;0.999939291704601;1.024999976158142;
2016-01-26 13:15:00;0.9999899293958637;0.9996983058151728;0.9998475272062384;1.0;0.9999412258659324;0.9999849992344322;1.0003745324594944;0.9999743206125068;1.0;0.9999804340065441;0.999790823377625;0.9998788997437139;1.0;0.9999747105622799;1.0;1.0;0.9999999999999999;0.999937432608639;0.9999836082437166;0.9999467249277806;0.9999834389396239;0.9997185915020459;0.9999997340021993;1.000348244608184;1.0003862880759733;1.0;0.9997346606652431;0.9999815219427483;0.9997346165223437;1.0;1.0;0.9990289137498174;0.9999624196364575;0.9983175839747065;0.9980874583542512;0.9982198984120556;0.9978749658429045;0.9976937678098791;1.0;0.9999557653856491;0.9999891958720528;0.999876577567504;0.9999438565588907;1.024999976158142;
2016-01-26 13:30:00;0.9999910150284511;0.9997169206307902;0.9998567596784937;0.9999999999999999;0.9999485789930284;0.9999870588206882;1.00037099230213;0.9999778482113221;1.0;0.9999822798366214;0.9998023524934146;0.9998848747741738;0.9999999999999999;0.9999771509648975;0.9999999999999999;0.9999999999999999;1.0;0.9999455718579884;0.9999855821087021;0.9999503891934474;0.9999862807994313;0.9997387951009491;0.999999789123008;1.0003443765416662;1.0003829561990845;1.0;0.9997533016171835;0.9999836125983018;0.9997171407109561;1.0;1.0;0.9991046350299136;0.999966021938142;0.9983784610368603;0.9981397140481518;0.9984067391802056;0.9981245047908992;0.9980109612463202;1.0;0.9999603564313624;0.9999911622914058;0.9998850533037577;0.9999464462147223;1.024999976158142;
2016-01-26 13:45:00;0.9999925216709701;0.9997633963813517;0.9998819231661471;0.9999999999999999;0.999955306445022;0.9999885420548937;1.000353472743334;0.9999801867401132;1.0;0.9999847816129274;0.9998388964981263;0.9998798944071007;0.9999999999999999;0.9999797394508507;1.0;1.0;0.9999999999999999;0.9999529243420532;0.9999878502001301;0.9999588691162107;0.9999889408236338;0.9997829610400966;0.999999832956292;1.0003288691824217;1.0003641404942134;0.9999999999999999;0.9997960215422012;0.9999856378821377;0.9997478593352332;1.0;0.9999999999999999;0.9991541419077877;0.9999703209604356;0.9985130775303366;0.9983057426277401;0.9984641270014138;0.9981763445994183;0.9980674982925166;1.0;0.9999654177238895;0.9999929153916584;0.9999046903418396;0.9999443562424699;1.024999976158142;
2016-01-26 14:00:00;0.9999930516998169;0.9996942232350259;0.9998394394500102;1.0;0.9999533254690248;0.9999868279027618;1.000370079792284;0.999977038708776;1.0;0.9999835029297718;0.9997763607415877;0.9998822108605746;1.0;0.9999768421322743;0.9999999999999999;1.0;1.0;0.9999515131703542;0.9999874843300594;0.99994458190985;0.999990807078923;0.9997158799640137;0.9999998728869404;1.0003418612981856;1.0003831474936817;1.0;0.9997308491772204;0.99998370333318;0.9997401253702223;1.0;1.0;0.9991089939906199;0.9999686777012822;0.9984556754509;0.9982481162354073;0.9983671377249661;0.9980581488801162;0.9979158702671722;1.0;0.9999636032957118;0.9999942285109693;0.9998716014072554;0.9999452565837336;1.024999976158142;
2016-01-26 14:15:00;0.9999931922256632;0.999711964785465;0.9998514942079118;1.0;0.9999554110358589;0.9999877371034978;1.0003626395698257;0.9999785715681724;1.0;0.9999839574617926;0.9997943099393768;0.9998840397125407;1.0;0.9999775029958223;1.0;1.0;1.0;0.9999539235480238;0.9999881476218222;0.9999488404218579;0.9999918279883729;0.9997362970309716;0.9999998956710927;1.0003354866815006;1.0003749689503338;1.0;0.9997509339792832;0.9999844745815549;0.9997355416430933;0.9999999999999999;1.0;0.9991151862822958;0.9999691102046961;0.9985192163491026;0.9983292015891332;0.9983424211330845;0.9980280299579894;0.9978738431794422;1.0;0.9999644012206048;0.9999949765180036;0.9998814596589141;0.9999459001809503;1.024999976158142;
2016-01-26 14:30:00;0.9999917453278168;0.9996169868584921;0.9998013283700277;1.0;0.9999384617649224;0.9999818096913978;1.0003750756772072;0.9999679283816183;1.0;0.9999786218593285;0.9997271560755472;0.99988588113762;1.0;0.9999684047704351;1.0;1.0;1.0;0.9999366036291505;0.9999842954788539;0.9999307873790515;0.9999898809413347;0.9996455828187388;0.999999869675638;1.000346866455547;1.0003880002735424;0.9999999999999999;0.9996664228911646;0.999977979471247;0.9997246457851916;0.9999999999999999;1.0;0.9991240178763159;0.9999586996002046;0.9985086470987298;0.9982786750664702;0.9983762775021374;0.9980707305898596;0.9979226996493769;1.0;0.999952012654915;0.9999937511954454;0.9998396710857982;0.999946440851663;1.024999976158142;
2016-01-26 14:45:00;0.999993028631083;0.9997517744089438;0.9998758153451096;0.9999999999999999;0.9999555993276433;0.9999881438610896;1.0003535551673366;0.9999793000525783;1.0;0.9999845694840248;0.9998309038241905;0.9998957792338798;1.0;0.999978598462671;1.0;1.0;0.9999999999999999;0.9999537794166028;0.9999882652545524;0.9999567900292156;0.9999908181732438;0.9997739397700743;0.9999998723756102;1.000328697019141;1.0003643129105386;1.0;0.9997879131581876;0.9999851255743973;0.9997458522127708;0.9999999999999999;0.9999999999999999;0.999165794839392;0.9999697894804888;0.9985513359255118;0.99831542666622;0.9984731386946888;0.998191229964872;0.9980534510144569;1.0;0.999965021925102;0.9999942436627643;0.9998998811971004;0.9999513558722659;1.024999976158142;
2016-01-26 15:00:00;0.9999911113490964;0.9997177167606192;0.9998587823999949;1.0;0.9999465461305634;0.9999861867495743;1.0003435982304714;0.9999761379406863;1.0;0.9999818312849824;0.9998073025040471;0.9999236705642485;1.0;0.9999757945071286;1.0;0.9999999999999999;1.0;0.9999436644778534;0.999985442336236;0.9999507505951063;0.9999867093431805;0.9997403872579929;0.9999997979261032;1.0003195346371934;1.0003542118883724;1.0;0.9997559757708324;0.9999827685566859;0.9997437883532783;1.0;1.0;0.9992530808090038;0.9999646984426842;0.9986792589310487;0.9984721791943816;0.9986490529464441;0.9984251900114902;0.9982998615635175;1.0;0.9999588066671383;0.9999914659139806;0.999885892797829;0.9999639272891527;1.024999976158142;
2016-01-26 15:15:00;0.9999925086895437;0.9997252342903484;0.9998646806277293;1.0;0.999949981404075;0.999986325021127;1.0003373311466737;0.9999759386466259;1.0;0.9999824444313696;0.9998178985843967;0.9999337624594075;1.0;0.9999749136491562;1.0;1.0;1.0;0.999948382071793;0.9999871310832367;0.9999527322656968;0.9999911408840679;0.9997526001760141;0.9999998878433971;1.0003140278194766;1.0003472215577895;1.0;0.9997691582829632;0.9999828334806053;0.9997353707268066;1.0;0.9999999999999999;0.9992913237457912;0.9999653294055132;0.9987566060379935;0.9985621916909492;0.9987115788196339;0.9985163477809221;0.9984041465344256;1.0;0.9999600494488701;0.9999945731967934;0.9998904906150053;0.9999681627131478;1.024999976158142;
2016-01-26 15:30:00;0.9999892755433849;0.9997301140522101;0.9998652897800028;1.0;0.9999435261207149;0.999986641232896;1.0003436570125548;0.999977574702111;1.0;0.9999812776306842;0.9998146292246055;0.9999415965479721;0.9999999999999999;0.9999775887146296;1.0;1.0;0.9999999999999999;0.9999390679964222;0.9999834984679571;0.9999530132464444;0.99998119402394;0.9997476539955356;0.9999996873844628;1.0003199283533026;1.0003543262553967;1.0;0.9997615091479108;0.9999832206875222;0.9997411751332034;0.9999999999999999;1.0;0.9992668113730901;0.9999644084948621;0.9986314938855401;0.9984086927123919;0.9987230854709207;0.9985351386153467;0.9984175343115931;1.0;0.9999579403353399;0.9999876140586179;0.9998911466217494;0.9999723834680289;1.024999976158142;
2016-01-26 15:45:00;0.9999927476444244;0.9997529552232214;0.9998709011911528;1.0;0.9999599259731026;0.9999900855702875;1.0003481655285937;0.9999831650792558;1.0;0.9999860526795732;0.9998182601909683;0.9999418700754992;1.0;0.999982534332454;1.0;1.0;1.0;0.9999573707132625;0.99998843516838;0.9999557494140104;0.9999885699372504;0.9997693399259661;0.9999998208003656;1.0003219592185921;1.000360356692375;1.0;0.9997802387779843;0.9999873312847274;0.9997272075251956;1.0;1.0;0.9992344555660262;0.9999736953099368;0.9985848403573907;0.9983477271295146;0.9986573493839757;0.9984414010255793;0.9982870958201819;0.9999999999999999;0.999969254746105;0.9999925964247055;0.9998974483178357;0.9999725876488026;1.024999976158142;
2016-01-26 16:00:00;0.9999932503697228;0.9996756370201304;0.999820820055877;0.9999999999999999;0.9999599177203246;0.9999890431411427;1.0003590384233079;0.9999813505474445;0.9999999999999999;0.9999851812238587;0.999741966100554;0.999939916717866;1.0;0.9999809420643725;1.0;1.0;0.9999999999999999;0.9999576980401624;0.9999880366704477;0.9999392198305431;0.9999897358693843;0.9996918766452142;0.9999998442674406;1.0003284649260429;1.0003744712389417;1.0;0.999703476472984;0.9999860819335661;0.9997441738366809;1.0;1.0;0.9992531872633412;0.9999737297640247;0.9986439005815769;0.9984243903045422;0.9986735185047664;0.9984708015424666;0.9983381521369615;1.0;0.9999692828654762;0.9999933907883163;0.9998591425581239;0.9999717154217227;1.024999976158142;
2016-01-26 16:15:00;0.9999909336884086;0.9994752052798691;0.9997162559433561;1.0;0.9999163575997918;0.9999726131975054;1.0003739790607533;0.9999514244190835;1.0;0.9999730142112087;0.9996085849344565;0.999936673812039;1.0;0.9999574706003227;1.0;1.0;1.0;0.9999133903804523;0.9999794055898604;0.9998999963815;0.9999861424833291;0.9994962846196234;0.9999997918776329;1.0003440515075586;1.0003885995251565;0.9999999999999999;0.999524520392617;0.9999692267174178;0.9997457391012374;1.0;1.0;0.9992053591084666;0.9999485959114436;0.9985695196818171;0.9983408216567857;0.99858004625017;0.9983233536511192;0.9981264631597216;0.9999999999999999;0.9999388319310426;0.9999910653854914;0.999768381825152;0.9999699177866718;1.024999976158142;
2016-01-26 16:30:00;0.9999915440783047;0.9996461656599537;0.999815694733504;0.9999999999999999;0.9999383139851907;0.9999820180402826;1.0003548908845035;0.9999684207085604;0.9999999999999999;0.9999797217526937;0.9997473112700224;0.9999411573522902;0.9999999999999999;0.9999704503614599;1.0;1.0;0.9999999999999999;0.9999355764426807;0.9999841566779297;0.9999353040682116;0.9999872961355191;0.9996672486053321;0.999999808022048;1.0003288468216902;1.0003667902255298;0.9999999999999999;0.9996866883441579;0.9999788419387861;0.9997296335069643;1.0;1.0;0.999255406386514;0.9999606168649735;0.9985975587381255;0.9983554995970528;0.9987118587790078;0.9985197333291215;0.9983966937720615;1.0;0.9999536260031346;0.9999918356630795;0.9998501324131958;0.9999719442588245;1.024999976158142;
2016-01-26 16:45:00;0.9999929475681891;0.99951256059413;0.9997409978027135;1.0;0.9999109853486529;0.9999686040976363;1.0003582320441877;0.9999433369241776;1.0;0.9999732527052;0.9996543565338071;0.9999410318342797;1.0;0.9999529253453098;1.0;1.0;0.9999999999999999;0.9999089019845211;0.9999805566679569;0.9999062881749214;0.9999897747276492;0.9995304628242636;0.9999998538984094;1.0003332529685993;1.0003690092803608;1.0;0.9995629341644993;0.9999663300255844;0.9997567050901273;1.0;1.0;0.9992969310668475;0.9999465003087901;0.9986753271458302;0.9984571257542363;0.9987839986118104;0.9986180588028628;0.998530263941611;1.0;0.9999359372766468;0.999993462786951;0.9997831050038953;0.9999721078344362;1.024999976158142;
2016-01-26 17:00:00;0.9999908672667973;0.9995634747467206;0.9997728639015508;1.0;0.999916485286815;0.999973281672866;1.000339954714279;0.9999523708097862;1.0;0.9999741997141424;0.9996957060851016;0.9999679917482298;1.0;0.9999586868181243;1.0;0.9999999999999999;0.9999999999999999;0.9999133787033174;0.99998022163855;0.9999184310485326;0.9999857618866884;0.9995839757558973;0.9999997821500928;1.0003165884276501;1.0003501399473165;1.0;0.9996118964640761;0.9999702966714131;0.9997571329375278;0.9999999999999999;1.0;0.9993922896857942;0.9999488178397002;0.9987462981888565;0.9985195932754475;0.999023150900368;0.998944941359082;0.9989096395710498;1.0;0.9999390474450528;0.9999907922719532;0.9998111571430074;0.9999841108003156;1.024999976158142;
2016-01-26 17:15:00;0.9999862257037504;0.9996256510016897;0.9998197703936349;1.0;0.9999264818892857;0.9999825666141373;1.0003306628430004;0.999970373020861;1.0;0.9999736577057552;0.9997553176600353;0.9999826307358494;1.0;0.9999669817710319;1.0;0.9999999999999999;0.9999999999999999;0.999922426977763;0.9999790304661301;0.9999376660954276;0.9999805538511686;0.9996649325315797;0.9999997156517443;1.000307918734962;1.0003408028275576;0.9999999999999999;0.9996858078245302;0.9999768132467947;0.9997475025027535;1.0;1.0;0.999402621544407;0.9999492917278505;0.998756236896819;0.9985199037243403;0.9990475261200213;0.9989999543835243;0.998966077282981;1.0;0.9999414956556973;0.9999876487679283;0.9998556019771506;0.9999894235961277;1.024999976158142;
2016-01-26 17:30:00;0.9999868356373756;0.9995956115665021;0.9998014307405522;1.0;0.9999239861913212;0.99998072327445;1.0003330395280674;0.9999669027684824;1.0;0.99997292423564;0.9997301007058832;0.9999818671406011;1.0;0.9999645120599676;1.0;1.0;1.0;0.9999203019845793;0.9999788761363866;0.9999310572874947;0.9999819133778918;0.999634675556742;0.9999997416415792;1.000309569411098;1.0003436346718793;1.0;0.9996573773880106;0.9999750938637423;0.9997724451097443;1.0;1.0;0.9994139931739672;0.9999479831014016;0.9987402860591305;0.9984903835953912;0.9990927184809006;0.9990475540978112;0.9990185938300885;1.0;0.9999398636637203;0.9999885685484929;0.9998403207215801;0.9999890936557558;1.024999976158142;
2016-01-26 17:45:00;0.9999894789827487;0.9995997563481793;0.9997961030363028;1.0;0.9999293367853835;0.9999801901060028;1.0003389430190046;0.9999654572260548;1.0;0.9999756646751657;0.9997215746308878;0.9999833248705376;1.0;0.9999657289453846;1.0;1.0;0.9999999999999999;0.9999263755437175;0.9999813057549864;0.9999287463753569;0.9999854543677822;0.9996303681427806;0.9999997923324015;1.0003141405671734;1.0003503188962541;1.0;0.9996526881511489;0.9999757785807895;0.9997589538444609;1.0;1.0;0.999394627787258;0.9999531607442479;0.9986670043734336;0.9984243303692186;0.9990843542176073;0.9990441387011288;0.999020730840232;0.9999999999999999;0.9999453963049832;0.9999907918438798;0.9998349710326107;0.9999903374863941;1.024999976158142;
2016-01-26 18:00:00;0.9999864807556148;0.9995310345387362;0.999761061986725;0.9999999999999999;0.9999131257833624;0.999976016038757;1.0003551904700931;0.9999585918460695;0.9999999999999999;0.999970405252838;0.999673565172214;0.9999827169444291;0.9999999999999999;0.9999596166075961;1.0;1.0;1.0;0.9999086478831801;0.9999763419018834;0.9999162440576082;0.9999793753098163;0.9995633786502247;0.9999996859768252;1.0003293855613165;1.0003672500120584;1.0;0.9995893438289608;0.9999708329448159;0.9997493270527928;1.0;1.0;0.9993379936514167;0.9999438247754107;0.9985033877774095;0.9982542866770524;0.9990252721869028;0.9989804282971798;0.9989518826671016;1.0;0.999934078887092;0.9999867078052089;0.999806066734096;0.9999899434657249;1.024999976158142;
2016-01-26 18:15:00;0.9999809372164322;0.9995411473737369;0.9997683623299738;1.0;0.9999061678784515;0.9999784779807177;1.0003426986858053;0.9999647167000004;0.9999999999999999;0.9999680567306265;0.9996772543180121;0.9999808434209658;0.9999999999999999;0.9999641038755839;0.9999999999999999;1.0;1.0;0.9998979383344865;0.9999710772470348;0.9999197319076024;0.9999655928971536;0.9995684348007727;0.9999994228971475;1.0003176337810469;1.000355308461334;1.0;0.9995898518268143;0.9999724114963994;0.9998168024756594;1.0;1.0;0.9993809739150532;0.9999413600095692;0.9986523057243311;0.9984284344280073;0.999053208540433;0.9989979034246178;0.9989614261831565;1.0;0.9999305432505431;0.9999772482394926;0.9998141196055598;0.9999894461064206;1.024999976158142;
2016-01-26 18:30:00;0.9999808575124004;0.9995299711516644;0.9997744313481075;1.0;0.9999107450704147;0.9999809622498989;1.0003471760953526;0.9999687684970192;1.0;0.9999663247550697;0.9996887066796115;0.9999800056991941;0.9999999999999999;0.999961627323814;1.0;1.0;1.0;0.9999049375108975;0.9999724818292253;0.9999232241608137;0.9999724758076847;0.9995827628400256;0.9999995927334882;1.0003219681857165;1.0003592573689304;1.0;0.9996060609595505;0.9999727890460801;0.9998126705007285;1.0;1.0;0.9993193561268948;0.9999370869148271;0.9984645038241587;0.9982005084136155;0.9989956097059113;0.9989547992079131;0.9989318058269175;1.0;0.9999278175089108;0.9999824534313685;0.9998221637032945;0.9999873073979512;1.024999976158142;
2016-01-26 18:45:00;0.9999802993181186;0.999540856317381;0.9997766031708639;1.0;0.999910294942305;0.9999811187814162;1.0003441049815396;0.9999694478879194;0.9999999999999999;0.9999669181888627;0.9996894127227715;0.9999835895510786;1.0;0.9999637596574121;1.0;0.9999999999999999;1.0;0.9999033489286024;0.9999716749486974;0.999923817254411;0.9999689247650748;0.999585266972316;0.9999995128998014;1.00031889504628;1.000356520153574;1.0;0.9996067965314115;0.9999734425104293;0.9998219547863152;1.0;0.9999999999999999;0.9993533138751391;0.9999390678853525;0.9984932395471803;0.9982446973801093;0.9990784091637492;0.9990511415084049;0.9990400434000518;1.0;0.9999294230324878;0.9999798642644283;0.9998235508144615;0.9999895053000867;1.024999976158142;
2016-01-26 19:00:00;0.9999840192765406;0.9995451412246412;0.9997767487567993;0.9999999999999999;0.999916654804965;0.9999801333193388;1.0003355370415328;0.9999666253228164;1.0;0.9999691225134965;0.9996931055546331;0.9999848018153338;1.0;0.9999621088963141;1.0;0.9999999999999999;1.0;0.9999120359663022;0.9999754138784104;0.9999232887084359;0.9999776175656007;0.9995909203954212;0.9999996760885556;1.0003109044389669;1.0003472250034473;1.0;0.9996144826887425;0.9999731822630662;0.9998373607078995;0.9999999999999999;1.0;0.9994036453695871;0.9999421815838401;0.9986147140183493;0.9983775907194036;0.9991472626918557;0.9991233146108649;0.9991133897809554;1.0;0.9999333909502084;0.9999857973103041;0.9998223464848389;0.9999899543702506;1.024999976158142;
2016-01-26 19:15:00;0.9999883449389818;0.9996496869096244;0.9998262512458036;1.0;0.9999370720986296;0.9999847560897862;1.0003377677468206;0.99997414588027;1.0;0.9999771644215889;0.9997606997533817;0.9999859958305151;1.0;0.9999713343480945;1.0;0.9999999999999999;0.9999999999999999;0.9999336725914628;0.999981872471554;0.9999402339318734;0.9999836264188009;0.9996830472266649;0.999999761602975;1.000313146647857;1.0003491203311767;1.0;0.9997010753972352;0.9999797750292884;0.9998085230720037;1.0;1.0;0.9993349195450582;0.9999566668898098;0.9984061444805177;0.998124269610041;0.9990824083733453;0.9990590253882756;0.9990506876450451;1.0;0.9999499840981295;0.9999896028454799;0.9998615484873741;0.9999913563432254;1.024999976158142;
2016-01-26 19:30:00;0.9999910914859003;0.9996687419489644;0.9998329204773811;1.0;0.9999427012329052;0.9999845075328065;1.0003216033386102;0.9999729699065125;1.0;0.9999798868652761;0.99977158144612;0.9999866072951856;1.0;0.999972014780098;1.0;1.0;1.0;0.9999404645715886;0.9999848099519821;0.9999419771481182;0.9999885008328565;0.9996977666557303;0.9999998431469984;1.0002981615547966;1.0003321984556959;1.0;0.9997160082787483;0.9999805505833081;0.999816927460495;1.0;1.0;0.999397017221152;0.9999609005561978;0.9985817450716211;0.99834871598378;0.9991497856578546;0.9991265153808635;0.9991181770743887;1.0;0.9999547637926738;0.9999928188187925;0.9998655749215802;0.9999919312296478;1.024999976158142;
2016-01-26 19:45:00;0.9999871632831839;0.9994749659616304;0.9997321855069798;1.0;0.9999084522980934;0.9999733564541722;1.000331856113225;0.9999533412437691;1.0;0.9999682381612015;0.999635646767238;0.9999850249146028;0.9999999999999999;0.9999540506064533;1.0;1.0;1.0;0.9999052168779837;0.9999761776125201;0.9999061570501115;0.99998326250715;0.9995156140884119;0.9999997730951053;1.0003070732109653;1.0003434807773812;1.0;0.9995457228693764;0.9999676791017355;0.9998591968377978;1.0;0.9999999999999999;0.9994301535421333;0.9999390555993731;0.9987036842076424;0.9984865116008802;0.9991664576598887;0.9991433069466221;0.9991353809754988;0.9999999999999999;0.999929034472715;0.999989524350134;0.9997827001301283;0.999990410749361;1.024999976158142;
2016-01-26 20:00:00;0.9999881578125074;0.9995866655013679;0.999788259068052;1.0;0.9999248992327765;0.9999795601509501;1.0003263964706253;0.9999646919937293;1.0;0.9999745977189731;0.9997092962503209;0.9999877455052932;1.0;0.9999655200775182;0.9999999999999999;1.0;1.0;0.9999208917547623;0.9999795645772233;0.999926006289113;0.9999817185484998;0.9996144631830646;0.9999997189690438;1.0003022912905506;1.0003377810502523;1.0;0.9996366400320918;0.9999751057269531;0.9998535933901967;0.9999999999999999;1.0;0.9993991587120603;0.9999514833973859;0.9985230284002342;0.9982933062318102;0.9991963452119825;0.9991741600804699;0.9991650280608344;1.0;0.9999430525526937;0.9999881984116902;0.9998286277119266;0.9999925338737038;1.024999976158142;
2016-01-26 20:15:00;0.9999881387100366;0.9996445918755337;0.9998214893735179;0.9999999999999999;0.9999380889004486;0.9999852803374428;1.0003208392039045;0.9999752583692605;1.0;0.9999773799571002;0.999751826884137;0.999987102223651;1.0;0.999972381040197;1.0;1.0;1.0;0.9999344182656192;0.9999817057596551;0.9999388639062574;0.9999827311740143;0.9996763620323119;0.9999997425816063;1.000296627188119;1.0003324029676128;1.0;0.9996934751044928;0.9999803011414559;0.9998555910609394;1.0;1.0;0.9994393614611571;0.9999576458310272;0.9986217498280725;0.9983804802090089;0.99925018655603;0.9992289824998281;0.9992214366984331;0.9999999999999999;0.9999510309620332;0.99998896306944;0.9998583641744292;0.9999919657861305;1.024999976158142;
2016-01-26 20:30:00;0.9999871363467933;0.9995551010568624;0.9997691705057508;1.0;0.9999275280905521;0.9999812426055337;1.0003312854350959;0.9999683096032055;1.0;0.9999735973852741;0.9996768678622056;0.9999869897727217;1.0;0.9999667006530918;1.0;0.9999999999999999;1.0;0.9999233901451892;0.9999786419417521;0.9999206853162728;0.9999807364932654;0.9995871558810028;0.9999997097820337;1.0003045291618613;1.000344759401523;1.0;0.9996077502761738;0.9999758482274635;0.9998758359718379;1.0;1.0;0.9994387961206178;0.9999517859144401;0.9986008529673419;0.9983685091244153;0.9992627526725905;0.9992411271924103;0.999233200445302;1.0;0.9999438477897085;0.9999876227918364;0.9998162918362933;0.9999918936625983;1.024999976158142;
2016-01-26 20:45:00;0.9999900899501684;0.9995715718825057;0.999773502947315;1.0;0.9999402045644306;0.9999836853244088;1.0003294627278478;0.9999720742048333;1.0;0.9999772199529504;0.9996804584342045;0.9999857017621862;1.0;0.9999698941900043;1.0;1.0;1.0;0.9999378070418752;0.9999826923667969;0.999922741448786;0.9999873676648291;0.9996039901594563;0.9999998317989706;1.000301287874981;1.000343797297936;0.9999999999999999;0.9996227983658661;0.9999787653539187;0.9998658720320763;1.0;1.0;0.9994583751709093;0.9999586313067672;0.9986449252532512;0.9984158927013259;0.9992917099666297;0.9992682151896828;0.9992606690920174;1.0;0.9999523083836054;0.9999921301253751;0.9998210170113419;0.9999912879839732;1.024999976158142;
2016-01-26 21:00:00;0.9999881616474331;0.9995326973237948;0.9997579215992152;0.9999999999999999;0.9999292466508088;0.9999809591877666;1.0003357168379787;0.9999674200945257;1.0;0.9999732793701848;0.9996618725785594;0.9999860354479666;1.0;0.9999647262100158;0.9999999999999999;1.0;0.9999999999999999;0.9999263833914154;0.9999796985966665;0.9999170639810917;0.9999849211334277;0.9995715447906275;0.9999997991527511;1.0003080100831485;1.0003495795003359;1.0;0.9995937270579855;0.9999751886121523;0.9998565081518404;1.0;1.0;0.9994230338803263;0.9999509228571605;0.9985771378037919;0.9983573418824946;0.9992314060907219;0.9992077743980597;0.9991974678900419;1.0;0.9999434603478943;0.9999906075515734;0.999807897034015;0.9999909951783347;1.024999976158142;
2016-01-26 21:15:00;0.9999895609979589;0.9995874644993029;0.9997840217915194;1.0;0.9999347411689791;0.9999821271707565;1.0003218204146416;0.9999692427979243;1.0;0.9999767998819674;0.9996985761023088;0.9999876086349824;1.0;0.9999688422771451;1.0;1.0;1.0;0.9999315976022691;0.9999817597251552;0.9999254836501477;0.9999849696354287;0.9996156968919379;0.9999997795207107;1.0002959144320616;1.0003346507686253;1.0;0.9996354767927921;0.9999776796111061;0.9998774945302997;0.9999999999999999;1.0;0.9994598256178331;0.9999567574316912;0.9986520603937962;0.9984319781748627;0.9992912123973614;0.9992688784539147;0.9992597455685943;0.9999999999999999;0.9999495864284221;0.9999904117224235;0.9998273814096539;0.999992443170609;1.024999976158142;
2016-01-26 21:30:00;0.9999915858120112;0.9996738455652141;0.9998350745721835;1.0;0.999943622102318;0.9999843740191664;1.0002988362407825;0.9999726281902971;0.9999999999999999;0.9999803179574529;0.9997750334189845;0.9999876757277021;1.0;0.9999720852618288;0.9999999999999999;1.0;1.0;0.999941570906009;0.9999852624418907;0.9999425695760351;0.9999892943270017;0.9997017885596168;0.9999998561505119;1.0002770420763634;1.0003086856063732;1.0;0.9997200760567171;0.9999806050661469;0.9999155059657758;1.0;1.0;0.9995111514731727;0.9999616944379573;0.9988004324741943;0.9985796134200653;0.9993446970961556;0.9993233517464551;0.9993154243470784;1.0;0.9999556333747248;0.9999933362506842;0.9998669528540506;0.9999924909117297;1.024999976158142;
2016-01-26 21:45:00;0.9999900341993166;0.9995905840658641;0.9997855761697267;1.0;0.9999358982069009;0.9999821153459885;1.0003201183410586;0.9999691070625316;1.0;0.9999770969266197;0.9997012364117561;0.9999873859898251;0.9999999999999999;0.999968745118231;1.0;0.9999999999999999;1.0;0.9999330702960308;0.9999822574499724;0.9999259628651516;0.9999861238608982;0.9996191015001464;0.9999998016517908;1.0002943723833095;1.000332797979051;1.0;0.9996390227987594;0.9999777285592715;0.9998971721428569;1.0;1.0;0.9994733604150009;0.9999573110784864;0.9987347035056432;0.998512343858854;0.999275597135031;0.9992538798145827;0.9992459529663106;0.9999999999999999;0.9999502961022645;0.9999912040729491;0.9998284970388603;0.9999923189109523;1.024999976158142;
2016-01-26 22:00:00;0.9999906008477679;0.9996188694876391;0.9998030590022193;0.9999999999999999;0.9999406690080456;0.9999838830329143;1.0003091549842336;0.9999720484743337;1.0;0.9999785519546653;0.9997264558717791;0.9999871253545051;1.0;0.9999706065904795;1.0;1.0;1.0;0.9999383972231788;0.9999838391124557;0.9999322136544816;0.9999880697134944;0.9996500603461058;0.9999998406662591;1.000284645720548;1.0003210075925237;1.0;0.9996689876012614;0.9999795064330339;0.9999033607969245;1.0;0.9999999999999999;0.9994920724873712;0.9999592117424766;0.9986729480574987;0.9984464850717638;0.999374212988152;0.9993517010294571;0.9993425673871741;1.0;0.9999529006591187;0.9999925781715249;0.999842959745949;0.9999920157330315;1.024999976158142;
2016-01-26 22:15:00;0.9999891337540706;0.9996629670035064;0.9998350964514477;0.9999999999999999;0.9999392181705661;0.9999850972860153;1.00029091256821;0.9999744090915803;1.0;0.9999778991943482;0.9997748445206988;0.999986360323178;1.0;0.9999713065803263;1.0;0.9999999999999999;1.0;0.9999364714491186;0.9999830553449081;0.999943196874058;0.9999859473190257;0.9996985700125851;0.9999998073823054;1.000269996538281;1.0003004116817729;0.9999999999999999;0.9997169359953333;0.9999801907949631;0.9999121975604998;1.0;1.0;0.9995501154616282;0.9999572481103418;0.9988340363922015;0.9986404445029995;0.9994392740648629;0.9994169975127005;0.9994086567819791;1.0;0.9999509220542597;0.9999912255327822;0.9998683890657651;0.9999913684363407;1.024999976158142;
2016-01-26 22:30:00;0.999989488284728;0.9996577601135785;0.9998309407581821;1.0;0.9999356277067896;0.9999831756889536;1.000283209987948;0.9999708079879159;1.0;0.9999776205668248;0.9997708706733628;0.9999869386042016;0.9999999999999999;0.9999696522835141;1.0;1.0;1.0;0.9999326879504155;0.9999826776235846;0.99994104910256;0.99998558963541;0.9996891702531634;0.9999997938490819;1.0002633576328488;1.000292090666794;1.0;0.999708845240092;0.9999787615364085;0.999908166390017;1.0;1.0;0.9996383656584691;0.9999563951926654;0.999092615245171;0.9989157618306089;0.9995288692528085;0.999506999687412;0.999499070831199;1.0;0.9999494560028284;0.9999908950375103;0.9998634319546316;0.999991917690968;1.024999976158142;
2016-01-26 22:45:00;0.9999901685774827;0.9996923580608823;0.9998493954405969;0.9999999999999999;0.9999417088529912;0.9999850858381035;1.0002804798383358;0.9999742134488272;1.0;0.9999794609992942;0.9997961131117428;0.9999869973919552;1.0;0.9999725672859299;1.0;1.0;1.0;0.9999390325924903;0.9999841283078967;0.9999475990685108;0.9999867318864396;0.9997224670301558;0.9999998123276985;1.0002610047604596;1.000289070242864;1.0;0.9997401731907656;0.9999808743241114;0.9999285616972312;0.9999999999999999;1.0;0.9996262310741253;0.9999600687870587;0.9990671472193041;0.9988838857234729;0.9995096609135925;0.9994870051608954;0.999478282898273;0.9999999999999999;0.9999538477519057;0.9999916430417461;0.9998786106331813;0.9999920323242356;1.024999976158142;
2016-01-26 23:00:00;0.9999897744772998;0.9995710601313624;0.9997840659113469;1.0;0.9999216635657979;0.9999766913750356;1.000290323066273;0.9999587645542106;0.9999999999999999;0.9999733881218944;0.999710248906062;0.9999866904846445;1.0;0.9999599736389104;1.0;1.0;1.0;0.9999193381417075;0.9999804984553756;0.999923716615252;0.999987393376524;0.9996060780248033;0.9999998369241437;1.000269994533118;1.0002992612187074;1.0;0.9996327434690148;0.9999721398468914;0.9999143023274047;1.0;1.0;0.999670673736048;0.9999477878215685;0.9991788599141955;0.9990072606276649;0.9995674198892381;0.9995449881837729;0.9995358527749291;1.0;0.9999392216024439;0.999992203423447;0.9998233749261614;0.9999915540451217;1.024999976158142;
2016-01-26 23:15:00;0.9999910648764587;0.9996516110108006;0.9998248826791902;0.9999999999999999;0.9999347296755139;0.9999811325224184;1.0002796253505764;0.9999667047701452;0.9999999999999999;0.9999781627407848;0.999764613438456;0.9999876008411666;1.0;0.9999677944020426;1.0;0.9999999999999999;1.0;0.9999323429019279;0.9999835554131321;0.9999381619900494;0.9999880291849456;0.9996790469139326;0.9999998326260535;1.0002602589772092;1.000288088429518;1.0;0.9997004211106532;0.9999774363841335;0.9999192901486075;0.9999999999999999;1.0;0.99969031990129;0.9999569596753091;0.999238538412975;0.9990623773665765;0.9995859218520803;0.9995631120721815;0.9995535955225764;1.0;0.9999497560583622;0.9999924676470621;0.9998567782385733;0.9999924912220184;1.024999976158142;
2016-01-26 23:30:00;0.9999902356229085;0.9997490952743316;0.9998810943639724;1.0;0.9999519603557419;0.9999894779632557;1.000268811800228;0.9999823291711326;0.9999999999999999;0.9999821048038914;0.9998377736227486;0.9999876750488119;0.9999999999999999;0.9999785028322726;1.0;1.0;1.0;0.9999493131520915;0.9999858846738615;0.9999593802875306;0.9999868997746484;0.9997794952493662;0.9999998143669704;1.0002501394608596;1.000277068756852;1.0;0.9997929191883094;0.999985152062802;0.9999169520001382;1.0;1.0;0.9996905431349223;0.9999656047539854;0.9992383614017826;0.999069822444393;0.9995867163153894;0.9995655911554789;0.999557249184655;1.0;0.999960689536817;0.9999917588788308;0.9999058739870582;0.9999923188627926;1.024999976158142;
2016-01-26 23:45:00;0.9999916379190115;0.9998270417744479;0.9999198526936068;0.9999999999999999;0.9999644046684374;0.9999933789823197;1.0002573940514194;0.9999893568813356;0.9999999999999999;0.999986691510964;0.9998895373976829;0.9999880579372527;1.0;0.9999858512325875;1.0;1.0;0.9999999999999999;0.9999616901184377;0.9999887769173168;0.9999729386880551;0.9999875331224002;0.9998487739937032;0.999999809649108;1.0002397552358693;1.0002651388394717;0.9999999999999999;0.9998572058141121;0.9999899861935678;0.9999085706346135;0.9999999999999999;1.0;0.9997217552675816;0.9999747247301944;0.9993283176179827;0.9991861846001194;0.9996194264121212;0.9995973786616704;0.9995894490885019;0.9999999999999999;0.9999710525006741;0.9999920038930625;0.999937274803112;0.9999930928748728;1.024999976158142;
2016-01-27 00:00:00;0.9999924019324601;0.9998589780386546;0.9999356432009211;1.0;0.9999709200711;0.999995392305796;1.000250727369696;0.999992954964037;1.0;0.9999888194712836;0.9999101893494706;0.9999879906865043;1.0;0.9999892002732566;1.0;1.0;1.0;0.9999683878234943;0.9999903293078558;0.99997862060025;0.9999884964074756;0.9998781840637085;0.9999998224333573;1.0002334090516365;1.0002583610383662;1.0;0.9998843594581631;0.9999923202436175;0.9999207650916626;0.9999999999999999;0.9999999999999999;0.9997204962349246;0.9999789661398323;0.9993248455317684;0.9991845282149047;0.9996180004595547;0.9995949572952357;0.9995866150793337;1.0;0.9999760214570051;0.9999926027164204;0.9999504339483216;0.9999932395352387;1.024999976158142;
2016-01-27 00:15:00;0.9999945829668824;0.9998599750531434;0.9999316171553767;0.9999999999999999;0.999977309882071;0.9999958635605268;1.000256531202691;0.9999933588705407;1.0;0.9999910197645355;0.9999033530313125;0.9999892305575121;1.0;0.9999903437316439;1.0;1.0;1.0;0.9999758422701203;0.9999927799079783;0.9999772692126886;0.9999927584497404;0.9998770130097636;0.9999998970781273;1.000237764599009;1.0002649721986359;1.0;0.9998827799419451;0.9999933855398674;0.9999078165180562;1.0;1.0;0.9997187656205379;0.9999830407036474;0.9993146310036028;0.9991701192980884;0.9996197560977965;0.9995974883386901;0.9995879714617985;1.0;0.9999808207091229;0.9999954464851892;0.9999472991648686;0.9999939495760242;1.024999976158142;
2016-01-27 00:30:00;0.9999949675915876;0.9998899938015084;0.9999474172802987;1.0;0.9999791656387653;0.9999962833545948;1.0002519744986218;0.9999940933635226;1.0;0.9999921959296566;0.9999262449231165;0.999989729209904;1.0;0.9999919347880404;1.0;1.0;1.0;0.9999774866214513;0.9999933347990514;0.999982384481968;0.9999923847442952;0.9999026964998228;0.9999998822604844;1.0002342921025078;1.0002596921291729;1.0;0.9999074449546361;0.9999942662499581;0.9999131199554596;1.0;1.0;0.9997130770245408;0.9999852098239941;0.9992999969736828;0.9991484159716761;0.9996125915302315;0.9995911428677308;0.9995828006836625;1.0;0.9999830597243312;0.999995100612644;0.9999591562027272;0.9999944750467774;1.024999976158142;
2016-01-27 00:45:00;0.9999926157330774;0.9998582058305502;0.9999359702324497;1.0;0.9999716010467166;0.9999954766984064;1.0002473697871161;0.9999930337658676;1.0;0.9999887668688213;0.9999110909509896;0.9999876054790913;0.9999999999999999;0.9999888644173333;1.0;1.0;1.0;0.9999693873571693;0.9999906125066137;0.9999787962854794;0.9999895289831835;0.9998793618045965;0.9999998447696268;1.0002302908089835;1.0002548345189812;1.0;0.9998858133452041;0.9999922788586804;0.9999061470514754;1.0;0.9999999999999999;0.9997680420987088;0.9999788192788089;0.9994672130800445;0.9993587292824372;0.999664184437018;0.9996406091037237;0.9996318855006397;1.0;0.9999760343368678;0.9999933424831621;0.9999508423008728;0.9999929294188676;1.024999976158142;
2016-01-27 01:00:00;0.9999901442666829;0.9997948654990616;0.9999097559820787;1.0;0.9999607869311758;0.9999934230146122;1.0002511392544393;0.9999895758451957;1.0;0.9999836350602453;0.9998767647375598;0.999986365173759;0.9999999999999999;0.9999825608080001;1.0;0.9999999999999999;1.0;0.9999586377139121;0.9999873946959276;0.9999701831146883;0.999988283577835;0.9998310452499787;0.9999998492871855;1.0002339164475726;1.000258600249148;0.9999999999999999;0.9998414961318206;0.999988499505595;0.9999184816610619;0.9999999999999999;1.0;0.9997642529463708;0.999968898360936;0.9994495717208125;0.999343712960347;0.9996648035605097;0.9996423826493033;0.999633659030742;1.0;0.9999653167212702;0.9999928207809554;0.999930889684295;0.9999913249057627;1.024999976158142;
2016-01-27 01:15:00;0.9999916470162696;0.9998311712536059;0.9999247920145644;1.0;0.9999669342744891;0.9999945178256092;1.0002449140371061;0.9999913655026382;1.0;0.9999866355222163;0.9998966297461901;0.9999876810513033;1.0;0.999986084527708;1.0;1.0;1.0;0.999964788171127;0.9999893232744431;0.999975083729863;0.999989152124122;0.9998586872888384;0.9999998495077357;1.000228089870597;1.0002522240064808;0.9999999999999999;0.9998669582606243;0.999990624361125;0.9999056193324423;0.9999999999999999;1.0;0.9997808304682876;0.9999745745697683;0.9995088844335434;0.9994189936401601;0.9996742999512641;0.9996522454380158;0.9996435217333847;1.0;0.9999714419888203;0.999993225612838;0.9999422377560214;0.9999925252647252;1.024999976158142;
2016-01-27 01:30:00;0.999993174075032;0.9998549960104917;0.9999342931461586;1.0;0.9999719908839217;0.9999951058220194;1.000241179850976;0.9999921734568918;0.9999999999999999;0.9999888773622669;0.9999095950246915;0.9999885356850566;1.0;0.9999881330175692;1.0;1.0;1.0;0.999970204715107;0.9999911134758585;0.9999781113751669;0.9999910496754811;0.9998771653753632;0.9999998747466061;1.0002245486569523;1.0002483613293995;0.9999999999999999;0.999884288247304;0.99999196414864;0.9999143565094488;1.0;1.0;0.9997862252459386;0.9999787650426534;0.9995175765439857;0.9994302053642202;0.9996846366744118;0.9996619654068315;0.9996520352262136;1.0;0.999976068215106;0.9999943977248704;0.9999492544432119;0.9999932815162655;1.024999976158142;
2016-01-27 01:45:00;0.999993892961376;0.9998716613685769;0.999941250992212;1.0;0.9999753869644881;0.999995812353888;1.0002403714638255;0.9999933739831317;1.0;0.9999902940346738;0.999918581380857;0.9999888892306003;1.0;0.9999898911310159;1.0;1.0;1.0;0.9999736773043459;0.9999920942022797;0.9999804656551196;0.999991687847272;0.9998904362756046;0.999999880111538;1.000223683467853;1.0002476073463338;1.0;0.9998964412200669;0.9999930828098293;0.9999026571181218;1.0;1.0;0.9997962082335677;0.9999815286049637;0.9995483681556133;0.9994672133813453;0.9996937194718662;0.9996718407470808;0.9996631168714465;1.0;0.9999791322268103;0.9999947554452332;0.9999547083474801;0.9999936776044878;1.024999976158142;
2016-01-27 02:00:00;0.9999932313918944;0.9998749619730126;0.9999424270048828;1.0;0.9999739266945207;0.9999958173503525;1.0002334970948;0.9999935947924415;1.0;0.9999901475134746;0.9999194807632961;0.9999876345648873;1.0;0.999990536612052;1.0;0.9999999999999999;1.0;0.9999715568752772;0.9999913397269719;0.999980818152581;0.9999894280175481;0.9998909164127655;0.9999998338230555;1.0002173660217208;1.0002406113358235;1.0;0.9998963061008661;0.9999931800888323;0.9999133071469658;0.9999999999999999;1.0;0.9998252960524765;0.9999814768876267;0.9996399420290766;0.9995960802441649;0.9997189178313228;0.9996945416728241;0.9996861986258312;0.9999999999999999;0.9999787885242294;0.9999931664995161;0.9999555266688325;0.9999933034426862;1.024999976158142;
2016-01-27 02:15:00;0.999994712393616;0.9999065247474114;0.9999556909495405;1.0;0.9999798995334324;0.9999968346503271;1.0002337610565566;0.9999952372768314;1.0;0.9999927810495027;0.9999371943571586;0.9999898980290868;0.9999999999999999;0.9999934786352775;1.0;1.0;1.0;0.9999777303665615;0.9999932223698373;0.9999851789540884;0.9999908453073333;0.9999158335405758;0.999999847893709;1.0002175600091503;1.0002408826276812;1.0;0.9999194236219598;0.999995037414779;0.999904226849695;1.0;1.0;0.9998144217575353;0.9999865165121461;0.9995972200752051;0.9995361125362712;0.999715294220554;0.999693385126835;0.9996850420894942;1.0;0.9999843308518057;0.9999939857027726;0.9999656325306241;0.999994788421173;1.024999976158142;
2016-01-27 02:30:00;0.9999964432784822;0.9999099867091966;0.9999576371280972;1.0;0.9999838323833371;0.9999968052177215;1.0002317086954817;0.999994694648824;1.0;0.9999937433000654;0.9999416249349589;0.9999897846754172;0.9999999999999999;0.9999927643687354;1.0;0.9999999999999999;1.0;0.9999829730767813;0.999995149215086;0.9999857586056212;0.9999955445819081;0.9999222565150695;0.9999999397375555;1.0002156339369244;1.0002385056426142;1.0;0.9999267415482894;0.9999951348145296;0.9999155840398469;0.9999999999999999;1.0;0.9998087558886716;0.99998788046669;0.9995856846580244;0.9995248928642966;0.9997060830067938;0.9996846323382488;0.9996762893739553;1.0;0.9999863034478873;0.999997236862504;0.9999669767941055;0.9999945305125535;1.024999976158142;
2016-01-27 02:45:00;0.9999971464805326;0.999903950994216;0.9999536607550076;1.0;0.9999830230796256;0.999995767608474;1.000232894973121;0.9999925848273206;1.0;0.9999937967504303;0.9999373575191997;0.9999893486236437;1.0;0.9999915170358972;1.0;1.0;1.0;0.9999825054070555;0.9999955239203718;0.9999840446731398;0.999996912622913;0.9999154982760543;0.9999999636921;1.0002168758365864;1.000239538255344;1.0;0.999921061901608;0.9999943461837487;0.9999063521485093;1.0;1.0;0.9998209597690859;0.9999876296512108;0.9996184165019164;0.9995574720535946;0.9997205387613092;0.9996972676792732;0.9996877498524115;1.0;0.9999859230425263;0.9999981491664882;0.9999630061229381;0.9999943835677626;1.024999976158142;
2016-01-27 03:00:00;0.9999959007607205;0.999891896489227;0.9999500108850939;1.0;0.9999807500073187;0.9999960911433972;1.0002337819747362;0.9999934168787797;1.0;0.9999923871094394;0.9999318362613567;0.9999879057624628;1.0;0.999990856439602;0.9999999999999999;1.0;1.0;0.9999799703465099;0.9999943669772755;0.9999831891543765;0.9999954648265812;0.9999082148545781;0.9999999453219038;1.0002176352282177;1.0002405615351426;1.0;0.9999139823348588;0.9999940000946834;0.9999078800611081;1.0;1.0;0.9998044484657871;0.9999851184028257;0.9995779831727217;0.9995125011211843;0.9996983497626626;0.999673613271054;0.9996640956693992;1.0;0.9999833062059099;0.9999972671623957;0.9999610190284627;0.9999934032873301;1.024999976158142;
2016-01-27 03:15:00;0.9999965905006303;0.9999074682952138;0.9999547461094657;1.0;0.9999833754761859;0.9999964572427257;1.0002317093601323;0.9999940414105413;1.0;0.9999939899603464;0.9999372157899771;0.9999896793752845;1.0;0.9999928594998633;1.0;1.0;1.0;0.9999823568877225;0.9999951475501807;0.9999846221218702;0.9999951729028915;0.9999172831265792;0.9999999285691625;1.000215493764472;1.0002386572333108;1.0;0.9999217497353009;0.999995039629002;0.9999081866724105;1.0;0.9999999999999999;0.9998106474317898;0.9999882850692391;0.9995877999800692;0.9995267376134478;0.9997103438344964;0.9996878739370644;0.9996791499215125;1.0;0.9999865576372114;0.9999969333548798;0.9999643400038004;0.9999946546411358;1.024999976158142;
2016-01-27 03:30:00;0.9999953183571116;0.9998650150661754;0.9999345990132633;1.0;0.999975604796019;0.9999944751632209;1.0002352259617564;0.9999905579946688;1.0;0.9999911278455533;0.9999102963643515;0.9999896240143182;1.0;0.9999888857231364;1.0;0.9999999999999999;1.0;0.9999743839855767;0.9999931159217459;0.99997764959387;0.9999938716188854;0.999880248645297;0.9999999143888325;1.0002187594978964;1.0002423231284487;1.0;0.9998873305029771;0.9999924001806715;0.9999045044503257;1.0;1.0;0.999816762938498;0.9999825891776695;0.999598954825151;0.9995418776909925;0.9997211715748254;0.9996997941174341;0.9996910699978578;1.0;0.9999800858472877;0.9999961654449353;0.9999481801238777;0.9999942543253705;1.024999976158142;
2016-01-27 03:45:00;0.9999971166592556;0.999907490738442;0.9999559929328813;1.0;0.999983823025641;0.9999961483249472;1.0002299234960998;0.999993286833885;1.0;0.9999939092804255;0.9999404780368363;0.9999881506725753;1.0;0.9999918734723297;1.0;1.0;1.0;0.9999833574744439;0.9999956513611226;0.9999849519458538;0.9999970424340702;0.9999197613909344;0.9999999673468153;1.000214106519175;1.000236474297958;1.0;0.9999250621175094;0.9999946523385379;0.9999173678504325;1.0;1.0;0.9998118208778639;0.9999878759731669;0.9996003654211136;0.9995487282884994;0.9997053017005509;0.999680106815304;0.9996705891518259;1.0;0.9999862980033098;0.9999982532436549;0.9999651067442762;0.9999937927533441;1.024999976158142;
2016-01-27 04:00:00;0.9999963125312086;0.9998836069721906;0.999944027877078;1.0;0.9999789693935226;0.9999949123346674;1.0002340203666975;0.9999911459537923;1.0;0.9999923558293967;0.9999241794460557;0.9999887438188846;1.0;0.9999898128938907;1.0;0.9999999999999999;0.9999999999999999;0.9999781912978791;0.9999943457001388;0.9999807485254276;0.9999956959080901;0.99989746859859;0.999999945431819;1.0002178998611047;1.0002407706925487;1.0;0.9999041051633484;0.9999931559705568;0.999898265779277;1.0;1.0;0.9998201017010181;0.9999847970125177;0.9996282248861114;0.9995747281645421;0.9997112522816191;0.9996831165912329;0.9996679888268006;1.0;0.9999826667567652;0.999997373158261;0.9999553642408983;0.9999939522394719;1.024999976158142;
2016-01-27 04:15:00;0.9999954376136497;0.9998931916197947;0.9999510893960701;1.0;0.9999800547273251;0.9999962451857557;1.0002319356381548;0.9999938269623233;1.0;0.9999921379408562;0.9999330150064367;0.9999889380596605;1.0;0.9999911120023495;1.0;0.9999999999999999;1.0;0.9999789855845256;0.9999939176437272;0.9999836189186039;0.9999943738465165;0.9999092927016217;0.9999999250242547;1.000215977251173;1.0002386740796272;1.0;0.9999147671008609;0.9999940659684239;0.9999189299669685;1.0;1.0;0.9998042610761815;0.9999847948884885;0.9995917125698826;0.9995325385527838;0.9996884086593723;0.9996569842998484;0.9996364996847169;1.0;0.9999828864841627;0.9999965244589167;0.9999620163898836;0.9999938842764513;1.024999976158142;
2016-01-27 04:30:00;0.9999953966217916;0.9998645695746317;0.9999356343119535;1.0;0.9999761975555095;0.9999946651411956;1.0002378757915702;0.999990852583185;1.0;0.9999909439353046;0.9999122400368919;0.999988582749341;1.0;0.9999885295029175;1.0;1.0;0.9999999999999999;0.9999752876979667;0.9999933098419403;0.9999781191988429;0.9999948008371801;0.9998824763737632;0.9999999361918742;1.0002212890023774;1.0002449295496478;1.0;0.999889823717471;0.999992375622731;0.9999001269942585;1.0;0.9999999999999999;0.9997999200113002;0.9999822023856499;0.9995777990134966;0.999516678881839;0.999684817618326;0.9996534909578525;0.999633419090389;1.0;0.999979875257495;0.9999968516930916;0.9999492698251775;0.999993598321719;1.024999976158142;
2016-01-27 04:45:00;0.9999962274525132;0.9998853940418042;0.9999449790114395;1.0;0.9999804132572271;0.9999955910667714;1.000233444353094;0.9999924380698227;1.0;0.9999925420269616;0.999924636403993;0.9999881569043844;1.0;0.999990535385127;1.0;0.9999999999999999;1.0;0.9999796734138078;0.9999944984066402;0.9999813207818916;0.9999957592237602;0.9999001210315644;0.9999999481132499;1.0002170904844365;1.0002403974186662;1.0;0.9999061836896608;0.9999937083895369;0.999918381523377;1.0;1.0;0.9998122638268314;0.9999853556516278;0.9996155468667541;0.9995585301936343;0.9996962696472266;0.9996631886963522;0.9996427039540822;1.0;0.9999834401913077;0.9999974337560558;0.9999566917876473;0.9999936254012691;1.024999976158142;
2016-01-27 05:00:00;0.999995825015911;0.9998837430243697;0.999946956226943;1.0;0.9999796618925755;0.9999957194483825;1.0002367289240917;0.9999926948893613;1.0;0.999991750295936;0.999928389867836;0.9999881720176509;1.0;0.9999897102221849;1.0;1.0;1.0;0.9999791151364676;0.9999941931943012;0.9999821528327197;0.999996077589595;0.9999028057339335;0.9999999616523751;1.0002204718433036;1.0002434646255718;1.0;0.9999093828225939;0.9999933945525676;0.9998823210936713;1.0;1.0;0.999810381667779;0.9999837911858442;0.9996185097844126;0.9995690305122163;0.999688569552483;0.9996546032561388;0.9996316955691027;0.9999999999999999;0.9999819453153735;0.9999977423850194;0.999958619406955;0.9999933321421275;1.024999976158142;
2016-01-27 05:15:00;0.9999941684828532;0.9998337735370897;0.9999241660198577;1.0;0.9999710744249217;0.9999937517377668;1.0002427125078603;0.9999893103096902;1.0;0.9999881677273429;0.9998979029641955;0.9999875464560182;1.0;0.9999850614955327;1.0;0.9999999999999999;1.0;0.999970405058443;0.9999917724658128;0.9999744401965471;0.9999947779294341;0.9998612135726636;0.9999999530535182;1.000225986011292;1.0002496904578653;0.9999999999999999;0.9998707722529321;0.9999904207190745;0.9999021136049396;1.0;1.0;0.9997843457161051;0.9999768575443757;0.9995637014714234;0.9995122024350674;0.9996474688792093;0.9996063282336464;0.9995731014864243;1.0;0.9999742440791747;0.999997039381375;0.999940753153517;0.9999924658659665;1.024999976158142;
2016-01-27 05:30:00;0.9999933368694797;0.9998256030552004;0.9999209865534812;1.0;0.9999687469073798;0.9999936020764114;1.0002442103488223;0.9999892151941545;1.0;0.9999872347357402;0.9998932805854048;0.9999862066685085;0.9999999999999999;0.9999845165525071;0.9999999999999999;1.0;1.0;0.9999677343502565;0.9999908337312364;0.9999734570174096;0.9999933326176415;0.9998544876568203;0.9999999289895563;1.0002274172920418;1.0002512733745903;1.0;0.9998642558799488;0.9999899769012914;0.9998900878551068;1.0;1.0;0.9997891402195316;0.9999751987022273;0.9996042865075001;0.9995662561135302;0.9996342121469669;0.9995882303872021;0.9995513210577698;1.0;0.9999723460163848;0.9999960892576548;0.9999384739780399;0.9999917600292192;1.024999976158142;
2016-01-27 05:45:00;0.9999915936234128;0.9997817068583003;0.9999027179658978;1.0;0.9999621280406824;0.9999926184535876;1.000243943800211;0.9999876266098698;0.9999999999999999;0.9999838701804091;0.999868683518017;0.9999828711126855;1.0;0.9999806497274372;1.0;1.0;1.0;0.9999611783751283;0.9999887517641084;0.9999676160691182;0.9999925112054875;0.9998215030171266;0.9999999333981244;1.0002270264035957;1.0002511048328906;1.0;0.9998336958663612;0.999987748868797;0.999904024299191;1.0;0.9999999999999999;0.9997884262781175;0.9999686750457966;0.999593038884951;0.9995559980751189;0.9996397400778935;0.9996049172552262;0.9995869427368136;1.0;0.9999654010413559;0.999995764189054;0.9999249362682658;0.999989499622897;1.024999976158142;
2016-01-27 06:00:00;0.9999948735085207;0.9998266328099924;0.9999179080683299;0.9999999999999999;0.9999710765582864;0.9999930512382827;1.0002450078604619;0.9999878610851347;1.0;0.9999886816020216;0.9998890362725994;0.9999862185546148;0.9999999999999999;0.999984735610153;1.0;1.0;1.0;0.999970549719666;0.9999922424493429;0.9999720442674432;0.9999955794469145;0.9998514035152464;0.9999999630471854;1.0002278237033362;1.000252268838199;1.0;0.9998613853108466;0.999990124772396;0.9998646516499404;1.0;1.0;0.9997903714465013;0.9999775732785576;0.9996101871490635;0.9995738949058692;0.9996338956570332;0.9996086998891589;0.9995999765645383;1.0;0.9999748598873007;0.9999975260757544;0.9999351965283247;0.999992054960083;1.024999976158142;
2016-01-27 06:15:00;0.9999953859381643;0.999718623788433;0.999853238582802;1.0;0.9999546434696103;0.999985336096363;1.0002747458649526;0.9999735240203014;0.9999999999999999;0.9999850769904306;0.9998010380079085;0.999984644510173;1.0;0.9999753375428785;0.9999999999999999;1.0;1.0;0.9999539756779676;0.9999897193897309;0.9999482743431407;0.9999953996250059;0.9997383338901147;0.9999999531587481;1.0002545439099133;1.0002836786453853;1.0;0.9997551978523675;0.9999830984278205;0.9998375794625569;1.0;1.0;0.999671192317864;0.9999699209201933;0.9993620326007118;0.9993227081842014;0.999443889965674;0.9994088983284668;0.9993924211988299;1.0;0.999964939931195;0.9999973026268395;0.9998801568440401;0.9999916929618167;1.024999976158142;
2016-01-27 06:30:00;0.9999955850284636;0.9997264375616994;0.9998575565101003;1.0;0.9999539466129309;0.9999848429939294;1.0002762554401348;0.9999725737462997;0.9999999999999999;0.99998520130127;0.9998082652232766;0.9999628849589166;1.0;0.9999750696839986;1.0;1.0;1.0;0.9999532267015199;0.9999897511270898;0.9999494403848299;0.9999953663673525;0.9997444122072151;0.999999949506748;1.0002564769896747;1.0002848054747309;1.0;0.999761540823459;0.9999828221355451;0.9998404180872377;1.0;1.0;0.9996548237315516;0.9999699993144024;0.9993475427369067;0.9993118893239351;0.9994044135114467;0.99932681330408;0.9993045501404461;1.0;0.9999648640639602;0.9999972430075194;0.9998828688536866;0.9999819765846886;1.024999976158142;
2016-01-27 06:45:00;0.999994768467177;0.9997721870273548;0.9998836548407384;1.0;0.9999624762808441;0.9999893655453991;1.0002809799604275;0.9999811553302042;1.0;0.9999870812677787;0.9998408977760062;0.9999343499232229;1.0;0.9999809624490218;1.0;1.0;0.9999999999999999;0.9999613641802952;0.9999905925785373;0.9999595401138797;0.9999938284896438;0.9997913922652168;0.9999999220061097;1.0002605658040506;1.000290005819867;1.0;0.9998040575333446;0.9999869476895529;0.9998119860603679;1.0;1.0;0.9996123408165369;0.9999743438352809;0.9993567924661817;0.9993201501846923;0.999269957891858;0.9991366117031341;0.9991059346220365;1.0;0.9999703329257345;0.9999962226051863;0.9999062340157439;0.9999689958118316;1.024999976158142;
2016-01-27 07:00:00;0.9999956987615253;0.9997731589039455;0.9998835431874606;1.0;0.9999632195339613;0.999988776490563;1.000301316954135;0.9999798134432051;1.0;0.9999875641068541;0.99984199374941;0.9999125233086507;1.0;0.999980282684829;1.0;1.0;0.9999999999999999;0.9999626007296111;0.9999913993722426;0.9999592193389805;0.9999957587915658;0.9997918581993502;0.9999999565963298;1.0002796848183457;1.0003106580532437;0.9999999999999999;0.9998052479943372;0.9999866325642907;0.999762417220134;1.0;1.0;0.999492374229115;0.9999748852665584;0.9991630748798936;0.9990890085706179;0.9990404038177151;0.998861908029909;0.9988218707246069;1.0;0.9999709490169582;0.9999975210670841;0.9999054912721785;0.9999591656094029;1.024999976158142;
2016-01-27 07:15:00;0.9999930524718137;0.9996598394570608;0.9998292636563799;1.0;0.9999438002005826;0.9999830756316846;1.0003279200426407;0.999969707785289;1.0;0.9999800484837283;0.9997702617743099;0.9999018219015036;1.0;0.9999690311937595;1.0;1.0;1.0;0.9999431722362737;0.9999865289768038;0.9999402756196043;0.9999941573591278;0.9996934159135611;0.9999999559503677;1.0003044406698967;1.0003380239589887;1.0;0.9997142942812485;0.9999792276978428;0.9997322888238921;1.0;1.0;0.999396625212896;0.9999602920113384;0.9990499987784836;0.9989641990934204;0.9988288245468918;0.9985636994734216;0.9984308872450491;1.0;0.999954466926301;0.9999967568102145;0.9998616519290715;0.999953295537017;1.024999976158142;
2016-01-27 07:30:00;0.9999920620228255;0.9996578221614913;0.9998319624775944;1.0;0.9999461311289599;0.9999851565993229;1.000329511467685;0.9999736700797489;1.0;0.9999793972426203;0.9997725226854327;0.9999017454324195;1.0;0.9999699243438747;0.9999999999999999;1.0;1.0;0.9999457360592916;0.9999863647920944;0.9999421643403141;0.9999942760672014;0.9996997785011649;0.9999999722768156;1.0003054605050994;1.0003399944938358;1.0;0.9997197639262049;0.9999803396445005;0.9997229078666829;1.0;1.0;0.9993645991985411;0.9999593388066171;0.9989999207188377;0.9989206083321382;0.9987664250589108;0.998511310640094;0.9983892694049837;1.0;0.9999541260303698;0.9999970138664991;0.9998659985443146;0.9999526806140646;1.024999976158142;
2016-01-27 07:45:00;0.9999927787687134;0.9997054964261216;0.9998532881741439;0.9999999999999999;0.9999493486114476;0.9999857640013993;1.00033138901943;0.9999748125716938;1.0;0.9999820619825788;0.9998017031334847;0.9998989190404391;1.0;0.9999737408091742;1.0;0.9999999999999999;1.0;0.9999480864208847;0.9999872113116867;0.9999488788219043;0.9999922342144378;0.9997345965010449;0.9999999114805094;1.0003079287210628;1.0003415112920269;1.0;0.999752036581941;0.9999821825081651;0.9997189483375128;1.0;1.0;0.9993322678320898;0.9999645224104291;0.9990201997332294;0.9989425783758844;0.9986550614516472;0.9983823162363596;0.9982473975316282;1.0;0.999959228547572;0.9999953545726225;0.9998815586071876;0.9999522949942538;1.024999976158142;
2016-01-27 08:00:00;0.9999940265623924;0.999620626151413;0.9998044300456155;1.0;0.9999341368222683;0.9999778926336826;1.0003439024109264;0.9999599504225616;1.0;0.9999787182882888;0.9997393692667165;0.9998979973695803;1.0;0.9999636197451959;0.9999999999999999;0.9999999999999999;1.0;0.9999334077531895;0.9999855474777827;0.9999301772253697;0.9999943766568262;0.9996471281098797;0.9999999488647379;1.0003198908497306;1.0003540049571875;1.0;0.9996722164115798;0.9999750050429559;0.9997232692845782;0.9999999999999999;1.0;0.999298154048481;0.9999568897120712;0.9989367146705169;0.9988489764994103;0.9986091854620773;0.9983408548514676;0.99821453957166;1.0;0.9999495772712632;0.9999967570201312;0.9998383058095741;0.9999520630592297;1.024999976158142;
2016-01-27 08:15:00;0.9999960169529248;0.9996760676783458;0.9998292090528331;1.0;0.9999441285911559;0.999980170987974;1.000342101197843;0.9999638035703943;1.0;0.9999829506570039;0.9997722898867928;0.9998952850030661;1.0;0.9999689699153818;1.0;1.0;1.0;0.9999435802624268;0.9999884571955698;0.9999385806284229;0.9999960547665513;0.9996928875480032;0.9999999615396782;1.0003181745410117;1.0003521470278407;1.0;0.9997145720253996;0.9999784772788847;0.9997476255910289;1.0;1.0;0.9992436005910552;0.9999649332283022;0.9988754037475996;0.9987745818582947;0.9984865111603931;0.9981951821586149;0.9980477933599471;1.0;0.9999585146951384;0.9999976883272514;0.9998577504079394;0.9999515048173164;1.024999976158142;
2016-01-27 08:30:00;0.9999933575286957;0.9995557152869902;0.9997711437914047;1.0;0.9999221082456939;0.9999733541846797;1.000361084495512;0.9999516390309134;1.0;0.9999749072160724;0.9996964269931844;0.9998871114567074;1.0;0.9999564003267172;1.0;1.0;1.0;0.9999214711469733;0.9999831683280191;0.9999179970292204;0.999994204602144;0.999586542341098;0.9999999553132222;1.000336128807392;1.0003714518302893;1.0;0.9996166860616386;0.9999700697202126;0.9997442124166509;1.0;1.0;0.9991863415949397;0.999949145361648;0.9987561700350778;0.9986252041533955;0.9983952377409415;0.998108105814946;0.9979805649985111;1.0;0.9999404761148557;0.9999967389267814;0.9998101343939098;0.9999468357792728;1.024999976158142;
2016-01-27 08:45:00;0.99999533048556;0.999658941570569;0.9998205870781994;1.0;0.99994086353612;0.999979389325881;1.0003630193494883;0.9999625451128065;1.0;0.9999817125693418;0.9997602930903364;0.9998772698836986;1.0;0.999967585722359;1.0;1.0;1.0;0.9999400655579379;0.9999873939532515;0.9999356085583229;0.9999949317499386;0.9996770579433697;0.9999999440330858;1.0003375811800657;1.000373765321299;1.0;0.9996995412918895;0.9999774285396155;0.9997441124178176;1.0;1.0;0.9991182751289586;0.9999627967924843;0.9986948710607445;0.9985576831989195;0.9982318053827078;0.9979144587897126;0.9977734195702335;0.9999999999999999;0.999956014200402;0.9999969578901208;0.9998508817319048;0.9999432687631208;1.024999976158142;
2016-01-27 09:00:00;0.999987114166254;0.99954622464825;0.9997774277175832;1.0;0.9999169714977498;0.9999773617380883;1.0003701354529746;0.9999605359491074;0.9999999999999999;0.9999701308409951;0.9997005077945843;0.9998633893691089;1.0;0.9999582456303501;1.0;1.0;1.0;0.999914226401268;0.999977988242782;0.9999223033281311;0.999984675267961;0.9995925800687618;0.9999998074923027;1.0003443693442253;1.0003813606082705;1.0;0.9996198343871178;0.9999712412070333;0.9997658657711147;1.0;1.0;0.9991551926013629;0.9999421996826527;0.9987258134967564;0.9985679173877055;0.9983220203877189;0.997975836215473;0.9978205812746429;1.0;0.9999334704529285;0.9999906030370649;0.9998201029178944;0.9999350365037177;1.024999976158142;
2016-01-27 09:15:00;0.9999800210544655;0.9994750375650981;0.9997482662420051;0.9999999999999999;0.9998979103347898;0.999976085753473;1.0003765819174275;0.9999599809930598;1.0;0.999962034163983;0.9996573431072794;0.9998647873458155;1.0;0.999953858002713;1.0;1.0;1.0;0.9998921932205569;0.9999697597747657;0.9999132644872422;0.9999721590788044;0.9995326544824474;0.9999995990769411;1.000350331946266;1.0003886547979883;1.0;0.9995613154942443;0.9999674061095436;0.9997594316189806;1.0;1.0;0.9991855024541362;0.9999287634971068;0.9987571531049855;0.99860708190088;0.9983920374655054;0.9980669063330865;0.9979326721798548;1.0;0.9999180535404163;0.9999823521797003;0.9997992037355052;0.9999348850787805;1.024999976158142;
2016-01-27 09:30:00;0.9999776822603506;0.9994297843795071;0.9997209631722241;0.9999999999999999;0.99988506503091;0.9999726148999792;1.0003863697238742;0.9999544255373249;0.9999999999999999;0.9999589341529197;0.9996180512528854;0.999849792812409;1.0;0.9999508857008129;1.0;0.9999999999999999;1.0;0.9998772783550278;0.9999656193104923;0.9999032118102986;0.9999648866689455;0.999479746621226;0.9999994539443559;1.000359282325063;1.0003992938508317;0.9999999999999999;0.9995099334290929;0.9999640635645904;0.999750858860664;1.0;1.0;0.9991408546128833;0.9999237711608013;0.9987393342332913;0.9986065424798004;0.9982695229645724;0.9978799751871477;0.9976979073618051;1.0;0.9999111494205991;0.9999772587635175;0.999775963125836;0.9999286421232664;1.024999976158142;
2016-01-27 09:45:00;0.9999743306647665;0.9993136755101735;0.9996737534836875;1.0;0.9998679979386865;0.999968605224023;1.0003940012001842;0.9999474584564408;1.0;0.9999496119496006;0.9995580058847455;0.9998588675767176;0.9999999999999999;0.9999381339102835;1.0;0.9999999999999999;0.9999999999999999;0.9998614632061883;0.9999608445162119;0.9998876412245784;0.9999664137441465;0.999395039100339;0.9999995417219605;1.0003666434418572;1.0004066621203205;0.9999999999999999;0.999433539627903;0.9999567305206353;0.9997757744968311;0.9999999999999999;1.0;0.999100993503377;0.9999060615459409;0.9986575702772004;0.9985132595618944;0.9982051245039227;0.9978119640097433;0.9975957325852775;1.0;0.999892474271578;0.9999789762693094;0.9997399889724794;0.9999305603109131;1.024999976158142;
2016-01-27 10:00:00;0.9999837591704237;0.9996234473260082;0.9998216840882597;1.0;0.999924497490428;0.9999840928733283;1.0003739393165787;0.9999738697354809;1.0;0.999972005455832;0.9997554757745828;0.9998659680466064;1.0;0.9999682140176464;1.0;1.0;1.0;0.9999193669941292;0.9999768719024243;0.9999391013898484;0.9999761027220974;0.9996663394136093;0.999999640226876;1.0003480608878452;1.0003856557786501;1.0;0.9996856700678672;0.9999774010043413;0.9997558657926696;1.0;1.0;0.9990342741581324;0.9999472432085443;0.9985575777249079;0.9983922636740648;0.998072179400109;0.9976891311159706;0.9974810263032554;1.0;0.9999393331592644;0.9999847029900195;0.9998589348082967;0.999936442912075;1.024999976158142;
2016-01-27 10:15:00;0.9999891847249488;0.9996606888371429;0.9998351540990257;1.0;0.9999377182877558;0.9999844044357346;1.000368879210798;0.9999730955966268;1.0;0.9999773632175999;0.999776463907075;0.9998582652001268;1.0;0.9999700668489175;1.0;1.0;1.0;0.9999351384571492;0.9999828761556542;0.999943009521407;0.9999864489753532;0.9996975908295354;0.9999998190865326;1.0003431200627488;1.0003800995331869;1.0;0.999716871581148;0.9999794224954399;0.9997495280533665;1.0;1.0;0.9991016530732777;0.9999560800707148;0.9985454302698801;0.9983425615414004;0.9982837157753311;0.9979182994306707;0.9977522961177524;1.0;0.9999496135766506;0.9999915921117305;0.9998679715308303;0.9999333807556309;1.024999976158142;
2016-01-27 10:30:00;0.9999919313205811;0.99970540471584;0.9998519043586914;1.0;0.9999449278771099;0.9999846921558458;1.000363557862318;0.9999731281210114;0.9999999999999999;0.9999815572298485;0.9997996683601105;0.9998749580702935;1.0;0.9999736475737997;0.9999999999999999;1.0;1.0;0.9999425824911339;0.9999858014849246;0.999947960966226;0.9999886833282313;0.9997285823199967;0.9999998355294544;1.0003383361978622;1.0003744378011172;1.0;0.9997459371164369;0.9999814633201213;0.9997560582140421;1.0;1.0;0.9990655066916211;0.9999636792955804;0.9984164729407371;0.9982300210701645;0.9982627481308888;0.9979122217609959;0.9977318427612432;1.0;0.9999576027962402;0.999992817196956;0.9998794385890744;0.9999418767497076;1.024999976158142;
2016-01-27 10:45:00;0.9999915495712774;0.9997859455948931;0.9998960514915061;1.0;0.9999566909100561;0.9999901588498425;1.0003525884504552;0.999983419588983;1.0;0.9999849659770718;0.999857725188904;0.9998658844571529;1.0;0.999981889017508;1.0;0.9999999999999999;1.0;0.9999537479358145;0.9999874265807749;0.9999640762282979;0.9999868279869725;0.9998058016810641;0.9999997936308721;1.0003284195667286;1.0003630390825362;1.0;0.9998171131313759;0.9999869955946126;0.9997594031328152;0.9999999999999999;1.0;0.9990682355415906;0.9999710035512143;0.9984933931922432;0.9983365629723191;0.9982184453006903;0.997845185093611;0.9976566391522265;1.0;0.9999662866773011;0.9999914823692592;0.9999167478817043;0.9999380058004449;1.024999976158142;
2016-01-27 11:00:00;0.9999915791277244;0.9997386649078397;0.999872841532259;1.0;0.9999512194345083;0.9999878654167482;1.0003625722703822;0.9999789974374168;1.0;0.9999826781079734;0.9998275725295633;0.999879518511175;0.9999999999999999;0.9999770259027124;1.0;1.0;1.0;0.9999490471741305;0.9999867326568052;0.9999559660624773;0.9999890094216827;0.9997660369745194;0.9999998476706804;1.0003375134099448;1.0003733089679319;0.9999999999999999;0.9997809026839662;0.9999841605726362;0.9997486660906569;1.0;0.9999999999999999;0.9990203838473364;0.9999660117355009;0.9984256118534179;0.998229626342225;0.9981204103108731;0.9977746235298429;0.9975889046623098;1.0;0.9999608897441408;0.9999931243205211;0.9998979565870963;0.9999436509272205;1.024999976158142;
2016-01-27 11:15:00;0.999988121314223;0.9996773012142132;0.9998473462035681;1.0;0.9999413337698931;0.9999870871422654;1.0003601305879664;0.999978243295481;0.9999999999999999;0.9999774361259581;0.9997916386288136;0.9998882388321048;0.9999999999999999;0.9999725007173302;1.0;1.0;1.0;0.999938637598286;0.9999828316450515;0.9999480975682945;0.999985531202901;0.9997194758722869;0.9999998109279404;1.0003347994019582;1.0003712766147002;1.0;0.9997367435575575;0.9999813709483314;0.9997589768921967;1.0;1.0;0.9990911000724008;0.999956655092977;0.9985060206503825;0.9983210790288126;0.9982787919023371;0.9979538209750596;0.9977713051503941;1.0;0.9999508448037953;0.9999910823996131;0.9998797380727655;0.999946561329487;1.024999976158142;
2016-01-27 11:30:00;0.9999765554623178;0.9993398949140443;0.999691989733836;0.9999999999999999;0.9998812104790701;0.9999723264732512;1.000396551636074;0.9999534630508488;1.0;0.999951928714945;0.9995840046162535;0.9998543051844034;1.0;0.999940149514059;1.0;1.0;0.9999999999999999;0.999877227806057;0.9999649429024291;0.9998950206970326;0.9999749897610061;0.9994344762566383;0.9999997206820783;1.0003685456529987;1.0004091323143591;0.9999999999999999;0.9994720363693989;0.9999597742674863;0.9997671892927136;1.0;1.0;0.9991186297352858;0.999909777797967;0.9985287942046858;0.9983391058956175;0.998346281525186;0.9979958806646619;0.9978418579653422;1.0;0.9998983606542585;0.9999850708820572;0.9997570203280479;0.999927581878789;1.024999976158142;
2016-01-27 11:45:00;0.9999752496730892;0.9993542011140009;0.9997104661643411;0.9999999999999999;0.9998902220876946;0.9999779548717727;1.0003930885342374;0.9999637057186533;1.0;0.9999514521128464;0.9996079947788995;0.9998678719826604;1.0;0.9999426616193501;1.0;1.0;1.0;0.9998875873747548;0.9999660871894017;0.9999036357000612;0.9999781847776447;0.9994711066669388;0.9999998151960106;1.0003647690348303;1.0004057445299408;1.0;0.999506614286907;0.9999631858641704;0.9997749781033411;1.0;1.0;0.9990777116502753;0.9999087791908016;0.998416359455916;0.9982074009630663;0.9982996424260185;0.997965013288724;0.9977945565229827;1.0;0.9998993491089391;0.9999877003016386;0.9997768604220323;0.9999321749811159;1.024999976158142;
2016-01-27 12:00:00;0.9999813058644276;0.9995002165066224;0.9997766584839084;1.0;0.9999137142806915;0.9999821799283057;1.0003863172763356;0.9999701897472666;1.0;0.9999625844148159;0.9996995839530284;0.9998628954851633;1.0;0.9999545549088215;1.0;0.9999999999999999;1.0;0.9999119250928371;0.9999741778143019;0.9999253366849431;0.9999841386404024;0.9995908447470211;0.9999998745108247;1.0003593744632795;1.0003978455920088;1.0;0.9996193880147929;0.9999709892077249;0.9997858211913038;1.0;1.0;0.9990010620579777;0.9999286338268747;0.9982699122115147;0.9980490603400316;0.9981684691480616;0.9978235340508201;0.9976583420309095;0.9999999999999999;0.9999211725635591;0.9999911741212393;0.9998270741946399;0.9999317442334366;1.024999976158142;
2016-01-27 12:15:00;0.9999814900942526;0.9993696710117613;0.9996920910591219;0.9999999999999999;0.9999074979729625;0.9999780595691838;1.0004125336604064;0.9999632954162172;1.0;0.9999595642990969;0.9995730279980678;0.9998765294020233;1.0;0.9999498926574394;0.9999999999999999;1.0;1.0;0.9999054559983808;0.9999715841701484;0.9998965734304751;0.9999833309899385;0.9994549405484685;0.9999998566861749;1.0003787872459171;1.0004290090774484;1.0;0.9994858278882081;0.9999667389916137;0.999774587930505;1.0;0.9999999999999999;0.9990018420257237;0.9999266503978071;0.9981450295629822;0.997919103424378;0.9982561062578621;0.9979567840687945;0.997821667330711;0.9999999999999999;0.99991820044362;0.9999905283355524;0.9997604918553724;0.9999382741723164;1.024999976158142;
2016-01-27 12:30:00;0.9999861609003171;0.9996179819062143;0.9998210080637191;1.0;0.9999350272330949;0.9999863167443044;1.0003654962863995;0.9999771468191794;1.0;0.9999734065192228;0.9997547502767377;0.9998899438585663;1.0;0.9999681105795445;1.0;1.0;0.9999999999999999;0.9999326284218222;0.999980514864999;0.9999398462175237;0.999985222768456;0.9996744573863544;0.9999998317664219;1.0003390089713036;1.0003773837522485;1.0;0.9996943377608692;0.9999789317099317;0.9997851594295015;1.0;1.0;0.999099501186533;0.9999493970440154;0.9983526127144833;0.9981245758925585;0.9984088996261411;0.9981325905693111;0.998005458587961;0.9999999999999999;0.9999433328892499;0.9999911812794;0.9998606258805748;0.9999463413685963;1.024999976158142;
2016-01-27 12:45:00;0.9999903879599392;0.9996554110976691;0.9998257546799579;1.0;0.9999379074562781;0.9999831470682571;1.0003616719804393;0.999970634510831;0.9999999999999999;0.999978783845521;0.9997621851647871;0.999886190899925;1.0;0.999970545884975;0.9999999999999999;1.0;1.0;0.9999351072935535;0.9999835398928417;0.9999391851339021;0.9999864665321465;0.9996827759428714;0.9999998036359445;1.0003357979009573;1.000373246591428;1.0;0.9997019626627585;0.9999792315840151;0.999780213390046;1.0;1.0;0.9991063592165844;0.9999587196722096;0.9984129387034122;0.9981978929085309;0.9983883825272591;0.998072164630968;0.9979098985480355;0.9999999999999999;0.9999519149862179;0.9999914098011793;0.999859120760228;0.9999466620367599;1.024999976158142;
2016-01-27 13:00:00;0.9999935584108289;0.999646825395986;0.9998148235912494;1.0;0.9999389798614263;0.9999803370999668;1.0003742870251284;0.9999647687801417;1.0;0.9999805957101098;0.9997493648782841;0.9998793517011466;1.0;0.9999685070494969;1.0;1.0;1.0;0.9999372901756142;0.9999857762169501;0.9999342463522631;0.9999914068994052;0.9996665364490822;0.9999998815037936;1.000347447288454;1.0003860603078056;1.0;0.9996879158241518;0.9999778039104642;0.9997659660720596;0.9999999999999999;1.0;0.9990393719661746;0.9999613471376843;0.9982279611793309;0.9979939997237103;0.9983126585657244;0.9979876726313642;0.997831578259313;1.0;0.9999543885014023;0.999994595666818;0.9998477051491226;0.9999441050802889;1.024999976158142;
2016-01-27 13:15:00;0.9999919850039065;0.9995638192467521;0.9997713793435145;1.0;0.9999292156543373;0.9999774988232232;1.0003816245379744;0.999959933929753;1.0;0.9999762404239494;0.9996881032740228;0.9998757742667083;1.0;0.999962619330599;1.0;1.0;1.0;0.9999275045094597;0.9999828701665797;0.9999195790408496;0.9999903856376368;0.9995920551279754;0.9999998799848623;1.0003529751689713;1.0003946928838183;1.0;0.9996171221595083;0.9999738362645492;0.9997868972787735;1.0;0.9999999999999999;0.999042496882514;0.9999537354660767;0.9982670863746866;0.9980280104039811;0.9982953625962707;0.9979727521380424;0.9978253677501948;0.9999999999999999;0.9999458677269766;0.9999940873183981;0.9998137522297571;0.9999419002839781;1.024999976158142;
2016-01-27 13:30:00;0.9999930183613102;0.9996829923068131;0.9998384562554097;1.0;0.999943440915592;0.9999829554554999;1.000372007292697;0.999969620886599;1.0;0.9999813115346193;0.9997823671960923;0.99988743341099;1.0;0.999971153725727;1.0;1.0;1.0;0.9999418017782189;0.999986338629047;0.9999429409979447;0.9999912861666882;0.999706748768079;0.9999998850513703;1.000345984099467;1.0003831577186648;1.0;0.999726160054349;0.9999799593019263;0.9997738487073068;1.0;1.0;0.9989866418956165;0.9999627125093304;0.9981722129658409;0.9979284496973759;0.9981916894704698;0.9978762282604213;0.9977130999178254;1.0;0.9999564705195071;0.9999945966174503;0.9998678219566046;0.9999474767776269;1.024999976158142;
2016-01-27 13:45:00;0.9999892244034106;0.9995169199033522;0.9997534497014523;1.0;0.9999113361024768;0.9999727080358733;1.0003840736770895;0.9999515854416701;1.0;0.9999707294444902;0.9996690288019986;0.9998816350843146;1.0;0.9999548815902161;0.9999999999999999;1.0;1.0;0.9999085818779075;0.9999783241235558;0.9999124299871923;0.9999858015435769;0.9995504982162845;0.9999998068539349;1.0003572704461872;1.0003957588771861;1.0;0.9995807192735381;0.9999682378171307;0.9997774029369249;0.9999999999999999;1.0;0.9990135888136606;0.9999425233345047;0.9981781467655696;0.9979693911406294;0.9982689165170672;0.9979582932278098;0.9978117604368643;1.0;0.9999325998197149;0.999991096931963;0.9997972664615608;0.9999441777151565;1.024999976158142;
2016-01-27 14:00:00;0.9999909537029517;0.9996334209092036;0.9998111134713542;1.0;0.9999314880490013;0.9999797299487777;1.0003868201451471;0.9999642706748274;1.0;0.9999779679264393;0.9997441415818474;0.9998931440603378;1.0;0.9999672576750556;1.0;1.0;1.0;0.9999284626213392;0.9999827611372963;0.9999330669689757;0.9999861170013568;0.9996548613940104;0.9999997878414876;1.0003596877669045;1.0003987570110202;0.9999999999999999;0.9996765692922676;0.999976514640993;0.9997722088337627;0.9999999999999999;0.9999999999999999;0.9989093096864161;0.9999567810054022;0.997833115147667;0.9975804290665057;0.9981900225868919;0.9978944863796131;0.9977450529827032;1.0;0.9999489407916379;0.9999910480537596;0.9998449860590972;0.9999502150147679;1.024999976158142;
2016-01-27 14:15:00;0.9999930450821103;0.9995635084015404;0.9997707409218682;1.0;0.9999204417396325;0.9999727339326979;1.000384520132086;0.999950839005386;1.0;0.9999755292425421;0.9996941199910048;0.9998814826318537;1.0;0.9999579417303333;0.9999999999999999;1.0;1.0;0.9999186234564155;0.9999823383043895;0.9999174065004901;0.9999906454965868;0.9995840070934519;0.9999998724870257;1.0003578951683274;1.0003958444966985;1.0;0.9996129037044433;0.9999702001993892;0.9997661094827425;1.0;1.0;0.9989874168806571;0.9999509819751764;0.9981769184745548;0.9979720839951733;0.9981908056060124;0.9978411912928462;0.9976480172206538;1.0;0.9999417106095859;0.9999941064764448;0.9998087984226226;0.9999450079700547;1.024999976158142;
2016-01-27 14:30:00;0.9999903583730785;0.9994661857497048;0.9997209171715681;1.0;0.9999009968657284;0.999966809866105;1.0003915522802083;0.9999406277355457;1.0;0.9999690040435243;0.9996271477366879;0.9998915128163922;1.0;0.9999486543781886;1.0;1.0;0.9999999999999999;0.9998982196071686;0.99997710269882;0.9998995741133447;0.9999862827479622;0.9994918836888792;0.9999998052378782;1.0003644397511682;1.000403281954055;1.0;0.9995267770408339;0.9999633173324146;0.9997813324872901;1.0;1.0;0.9990014191720958;0.9999389530918494;0.9983362345544843;0.9981101316229011;0.9981242369726724;0.9977723155943056;0.9975520322114119;1.0;0.9999274234133569;0.9999912646761504;0.9997675933227368;0.9999491821504347;1.024999976158142;
2016-01-27 14:45:00;0.9999917428042261;0.999553826057198;0.9997665770498779;1.0;0.9999173911522684;0.999972653483346;1.0003754807434144;0.9999510682026802;0.9999999999999999;0.9999742796153828;0.9996874368010628;0.9999030078194912;1.0;0.9999576469498788;1.0;1.0;1.0;0.9999149048751468;0.9999808493324432;0.9999161500942877;0.9999879957525072;0.9995751193408215;0.9999998256456818;1.0003494055302438;1.0003867540852958;1.0;0.9996038933534891;0.9999697411092618;0.9997755287678692;1.0;0.9999999999999999;0.9990688635869748;0.9999491006811363;0.9984271809402688;0.9982187154607267;0.9982655517756683;0.9979254975700251;0.9976960116615916;0.9999999999999999;0.9999394742724415;0.9999923256119132;0.9998059055344659;0.9999546822969236;1.024999976158142;
2016-01-27 15:00:00;0.9999895573642826;0.9994966329524503;0.9997387210684014;1.0;0.9999068658413635;0.9999702566125819;1.000369927751242;0.9999471541144817;0.9999999999999999;0.9999702463052917;0.9996489060457362;0.9999213865782828;1.0;0.9999529917953749;1.0;1.0;1.0;0.9999037239263067;0.9999775714010316;0.999906631420063;0.999984849412979;0.999523926643867;0.9999997796672888;1.000343958106281;1.0003814145747651;1.0;0.9995555278712734;0.9999663890483713;0.9997607213300481;0.9999999999999999;1.0;0.9991695915667138;0.9999417478921295;0.9985677149135647;0.998365684905394;0.9984733957829431;0.9981742170572172;0.9979547878152457;1.0;0.9999310213472069;0.9999903192356726;0.9997838785070126;0.9999625798356525;1.024999976158142;
2016-01-27 15:15:00;0.9999892798577651;0.9994717716883147;0.9997209158969019;0.9999999999999999;0.9999041487529131;0.9999690428754625;1.0003757622944531;0.9999452309178655;0.9999999999999999;0.9999696926955801;0.9996218250179755;0.9999323040844921;1.0;0.999952466484624;1.0;1.0;1.0;0.9999003988448706;0.9999765204511861;0.9999003604600131;0.9999828962180857;0.9994940042704559;0.9999997370264436;1.0003484315302635;1.0003883397338815;1.0;0.9995257284001354;0.9999654289808866;0.9997706748930473;1.0;0.9999999999999999;0.9991446350981801;0.9999416024561717;0.9984553711744352;0.9982581367077966;0.9984748480932628;0.9982065178600409;0.9980039998705642;1.0;0.9999303397351313;0.9999888955589914;0.999769384066917;0.9999678606655492;1.024999976158142;
2016-01-27 15:30:00;0.9999886508348771;0.9992889920117882;0.9996137826659591;1.0;0.9998851076421937;0.999960217373404;1.0003947079154405;0.9999297673029457;1.0;0.9999622581449673;0.9994699574925466;0.9999420241003432;0.9999999999999999;0.9999396835662832;1.0;1.0;1.0;0.9998814510648225;0.9999714201861182;0.9998629322732194;0.9999825492211946;0.9993136031311322;0.9999997435131925;1.00036235469944;1.0004108875557907;1.0;0.9993534421620867;0.999955806003145;0.9997805047035729;1.0;1.0;0.9991562733677947;0.9999305429563368;0.9985473195155677;0.9983686434185739;0.9984471574872577;0.9981848574522465;0.997967572795172;1.0;0.9999169656098624;0.9999887278443217;0.9996828052546168;0.9999720882937955;1.024999976158142;
2016-01-27 15:45:00;0.9999897566685465;0.9995611751474265;0.9997689791527268;1.0;0.9999296570505298;0.9999797162658806;1.0003706002532775;0.9999647302002821;1.0;0.999975641696355;0.9996792777313633;0.9999390469485991;0.9999999999999999;0.9999657565013983;1.0;1.0;1.0;0.9999265580343744;0.9999810464281154;0.9999197452458547;0.9999851782348623;0.9995884645575722;0.9999997826437076;1.0003415119029326;1.0003846496899471;1.0;0.9996105214076296;0.9999754499017798;0.9997621573631621;1.0;1.0;0.9991481069499204;0.9999542215216554;0.9984807623296631;0.9982779262936756;0.998467987218798;0.9982503859284573;0.9980971673869508;1.0;0.9999463719183365;0.9999905379647896;0.9998140991853516;0.9999705565309259;1.024999976158142;
2016-01-27 16:00:00;0.9999903078249923;0.9994392838456475;0.999699662121337;1.0;0.9999049059253639;0.9999679022397902;1.0003818172312697;0.9999431237341894;1.0;0.9999692877137968;0.9995908457765049;0.9999358093179109;1.0;0.9999507639388007;1.0;1.0;1.0;0.9999018575398942;0.9999768209857824;0.9998930911514025;0.9999854056476077;0.9994618743564186;0.9999997862008672;1.0003527129478695;1.0003955425702704;1.0;0.9994947001990236;0.9999642635424828;0.9997837824167756;1.0;1.0;0.9991723875051572;0.9999419188720954;0.9984621895771544;0.9982487603739529;0.9985539018363052;0.9983275746737418;0.9981716602622893;1.0;0.999930764795069;0.9999906103048495;0.9997525777859719;0.9999694175485385;1.024999976158142;
2016-01-27 16:15:00;0.9999909380032694;0.9996286586741424;0.9998077466802102;1.0;0.9999318549079192;0.9999797882762893;1.000353081992404;0.9999644674786553;0.9999999999999999;0.9999778907341843;0.999738673003744;0.9999329450981792;1.0;0.9999673640901402;1.0;0.9999999999999999;1.0;0.9999288231961497;0.9999826720498306;0.9999320063479293;0.9999860825739346;0.9996499527279564;0.9999997873988388;1.0003278864052407;1.000364392092314;1.0;0.999671496391341;0.9999765222324505;0.9997577986911287;1.0;1.0;0.9992383332263832;0.9999570188585101;0.9986276790731793;0.9984303630814022;0.9986397913429718;0.9984018352476923;0.9982376431912707;1.0;0.9999492190088735;0.9999910204579093;0.9998425448931725;0.9999682126066853;1.024999976158142;
2016-01-27 16:30:00;0.9999901158660048;0.9994630546828555;0.9997141431505356;0.9999999999999999;0.9999074051861395;0.9999696799832228;1.0003591307663586;0.999946144906785;1.0;0.9999705956144206;0.9996107614819516;0.9999360135437838;0.9999999999999999;0.9999531089881091;1.0;1.0;1.0;0.9999041972598446;0.9999776472687272;0.9998983638927341;0.9999849686555948;0.9994861540714367;0.9999997750261356;1.000331956508578;1.0003719467931915;1.0;0.9995175777792422;0.9999661502849724;0.9997755481109543;0.9999999999999999;1.0;0.9993231659519644;0.9999431546927334;0.9987215903838004;0.998512370650628;0.9988315332975911;0.9986722109761532;0.9986028558123289;0.9999999999999999;0.9999323361636223;0.999990311701639;0.9997646930249839;0.999969477237811;1.024999976158142;
2016-01-27 16:45:00;0.999991437815401;0.999627285944092;0.9998002560805483;1.0;0.9999404408534512;0.9999827370958992;1.0003480443941235;0.9999700039443148;1.0;0.9999801796287193;0.9997209386316849;0.999940407217325;1.0;0.9999721705383992;1.0;1.0;1.0;0.9999373140484514;0.9999839727906374;0.9999305088301719;0.9999861176787319;0.9996448255244089;0.9999997807065601;1.0003206234247664;1.0003613707812566;1.0;0.9996627244163456;0.9999796367855797;0.9997469573077715;1.0;1.0;0.9993593819103118;0.9999627206903603;0.9986990586920587;0.9984760417943769;0.9989561559343593;0.9988361340270545;0.9988095589465865;1.0;0.9999558633041865;0.9999909607719092;0.9998390110867668;0.9999718474874347;1.024999976158142;
2016-01-27 17:00:00;0.9999890726626467;0.9993747058716608;0.9996577272555234;1.0;0.9998988346948933;0.9999659988450065;1.0003773324003868;0.9999402787568432;1.0;0.9999672592722639;0.9995267129480305;0.999938226133;0.9999999999999999;0.9999492831968562;1.0;1.0;1.0;0.9998945698396922;0.9999741269837839;0.9998789057168987;0.9999811994851132;0.9993918081458685;0.999999700859746;1.0003461108636718;1.0003932076228002;1.0;0.9994249500567822;0.999962276207949;0.9997783230926228;1.0;1.0;0.9993345879605042;0.9999400571909258;0.9986768100794073;0.9984532755375711;0.9988965664557112;0.9987731570791812;0.9987472170320667;1.0;0.9999279285698942;0.9999876414529015;0.9997196816963578;0.9999708920732926;1.024999976158142;
2016-01-27 17:15:00;0.9999825756269557;0.9993292033297426;0.9996473431975393;1.0;0.9998710531447113;0.9999608801524068;1.0003725403311903;0.9999322029192028;1.0;0.9999585988751736;0.999519349709385;0.9999566261486627;1.0;0.999940675065193;1.0;1.0;1.0;0.9998638009367342;0.999965688279902;0.9998743662782187;0.9999690016441017;0.9993540302950494;0.9999994914101891;1.0003452260476222;1.000385944066097;1.0;0.9993923954852374;0.999955522332732;0.999792487706798;1.0;0.9999999999999999;0.9993557000889;0.999922789107893;0.9986682330816677;0.9984300315556264;0.9989661009429176;0.9988773723081035;0.9988527945936692;1.0;0.9999074443737942;0.9999795285221946;0.9997092798388676;0.9999786713657429;1.024999976158142;
2016-01-27 17:30:00;0.9999805759808871;0.999227266356219;0.9996035631870307;1.0;0.9998569429941719;0.9999565290245415;1.000385781467617;0.9999245384035951;0.9999999999999999;0.9999508855023624;0.999463828770727;0.9999715933973833;1.0;0.9999290913125836;0.9999999999999999;1.0;1.0;0.9998510864898722;0.9999620258373374;0.9998595127859295;0.9999716651871701;0.9992766419035035;0.9999995892748412;1.000357691295439;1.0003991451149827;1.0;0.9993226954875051;0.999948641595325;0.9997763941035481;1.0;1.0;0.9993149527620953;0.9999085292056303;0.99843425644344;0.9981929544126281;0.9990029877778642;0.9989486777747036;0.998928063887565;0.9999999999999999;0.9998923339856967;0.9999818704525397;0.9996750384421077;0.9999837345062462;1.024999976158142;
2016-01-27 17:45:00;0.9999763319312368;0.9990224286627146;0.9994701385678788;1.0;0.9998283141646847;0.9999454953994777;1.0004126414753212;0.9999073712824098;1.0;0.9999414172355248;0.9992652315544572;0.9999854194007535;1.0;0.9999196172137375;1.0;1.0;1.0;0.9998178881968197;0.9999504932210886;0.9998125686210279;0.999955776946731;0.9990462371042467;0.9999992687252531;1.0003770564885328;1.000432425771741;1.0;0.9990961517499538;0.999937653039249;0.9997925431463237;1.0;1.0;0.9993332684165191;0.9998996586962503;0.9985577457104209;0.9983123139794465;0.9989738959181365;0.9989465215761468;0.9989370108969203;1.0;0.9998788775704794;0.9999705849395518;0.9995665289824515;0.9999917552065484;1.024999976158142;
2016-01-27 18:00:00;0.9999656450499909;0.998919444118528;0.9994580590875851;1.0;0.9998071472360207;0.9999471048230175;1.0004165164014016;0.9999123466338365;1.0;0.9999244040052554;0.9992567533072729;0.9999765800271877;0.9999999999999999;0.9999055258571257;1.0;1.0;0.9999999999999999;0.9997977034294846;0.9999405440691533;0.9998118581823714;0.9999523008191892;0.9990144183716902;0.9999993375987504;1.0003831507019738;1.000434135689654;1.0;0.9990719746912162;0.9999308995063431;0.999784045994203;1.0;1.0;0.9994175955301928;0.9998691133421167;0.9987263709589937;0.9984770640031818;0.9991130868899486;0.999086318913009;0.9990771876962038;0.9999999999999999;0.9998483582585354;0.9999697559554286;0.9995651790459239;0.9999828171551468;1.024999976158142;
2016-01-27 18:15:00;0.9999850180718167;0.9994411314165554;0.9997077236958803;0.9999999999999999;0.999892484848841;0.99996797012802;1.0003667960185092;0.9999445639417461;1.0;0.9999652709823404;0.9996015252249772;0.9999867685793269;1.0;0.9999507897019486;1.0;1.0;1.0;0.9998863937187391;0.9999712508981033;0.9998960899091546;0.9999737961892163;0.9994642268973687;0.9999995728475611;1.0003402411427191;1.0003794845487337;1.0;0.999496013132105;0.9999632474232459;0.9998010727672795;1.0;1.0;0.999295473128382;0.9999349831711319;0.9983527893454387;0.9980909342182354;0.9989998663347519;0.9989752907767387;0.9989665729797145;1.0;0.9999222792983677;0.9999827368095072;0.9997595500324299;0.9999924143703698;1.024999976158142;
2016-01-27 18:30:00;0.9999806967613866;0.9993479409039537;0.9996817951911341;1.0;0.9998912936941051;0.9999720031597498;1.000371084663755;0.9999523327328882;1.0;0.9999566931901303;0.9995658316231987;0.9999818743239646;1.0;0.9999434725553926;1.0;1.0;1.0;0.9998881272251142;0.9999686657229351;0.9998909358672892;0.9999796345342523;0.9994259853584122;0.999999777895351;1.0003426891833018;1.0003845551378985;1.0;0.9994617331908883;0.999961488675705;0.9997976359192108;1.0;1.0;0.9993179815081839;0.999919699506557;0.9984302944350676;0.9981847299188532;0.99901482569436;0.998993226618829;0.9989837154949375;1.0;0.9999089285099367;0.9999878701459447;0.999747553063396;0.9999863868460946;1.024999976158142;
2016-01-27 18:45:00;0.9999774998926034;0.9991049668254934;0.9995520960898734;1.0;0.9998485754545633;0.9999556997391215;1.000384151003157;0.9999234947062509;1.0;0.9999422127052836;0.9993929365982052;0.9999791795311223;0.9999999999999999;0.9999189730166764;1.0;1.0;1.0;0.9998447980030364;0.9999583819213234;0.9998439291619445;0.999975707931003;0.9991925215466556;0.9999997350178794;1.0003543374376254;1.0003985502232187;0.9999999999999999;0.999244596460564;0.9999436190355488;0.9998566335919427;1.0;1.0;0.9993377985799388;0.999893774351989;0.9984740321276145;0.9982316607625541;0.999044727644204;0.9990214512560798;0.9990131138264278;1.0;0.9998779692840181;0.9999854383466985;0.9996389538125598;0.9999845071437982;1.024999976158142;
2016-01-27 19:00:00;0.9999885512635938;0.9994539840279268;0.99970269198138;1.0;0.9999183727694765;0.9999753078879645;1.0003615490960358;0.9999573813848717;1.0;0.9999718927376187;0.9995818621611039;0.9999881207259291;1.0;0.9999606669811362;0.9999999999999999;1.0;1.0;0.9999142518817286;0.9999773815845389;0.9998968130398905;0.9999814471179502;0.9994767931523765;0.9999997109565668;1.0003301062103052;1.0003780321413773;1.0;0.9995017182855354;0.9999708825967745;0.9998239751497499;0.9999999999999999;1.0;0.9992877303108506;0.9999492353354867;0.998328957067699;0.9980879667928978;0.9989927863083073;0.9989698761249809;0.9989603652234026;1.0;0.9999397907613962;0.999987921215251;0.9997610501949448;0.999993047586832;1.024999976158142;
2016-01-27 19:15:00;0.9999863020269173;0.9994960379565855;0.9997334921353713;1.0;0.9999162571706385;0.9999768721191824;1.0003501177164322;0.9999606978296179;1.0;0.9999707391116729;0.9996272064966356;0.9999881586273482;1.0;0.9999619268892522;1.0;1.0;1.0;0.9999111848785921;0.9999757614727909;0.99990758050341;0.9999775119730118;0.999522820025538;0.9999996442559008;1.0003215695849883;1.0003647312426671;1.0;0.999546497317635;0.9999717032087014;0.9998391409016606;1.0;1.0;0.9993791669458267;0.99994701953571;0.9985597539923446;0.9983253364016113;0.999110963751459;0.9990892820773045;0.9990801508334174;1.0;0.9999374583211349;0.9999853313153472;0.9997859917564647;0.9999927889316153;1.024999976158142;
2016-01-27 19:30:00;0.9999864587677378;0.9995046018640158;0.9997425353967357;1.0;0.999907779577987;0.9999734984292079;1.0003396499696875;0.9999541588653679;1.0;0.999969628244991;0.9996473609117292;0.9999904702410496;1.0;0.9999577488827256;1.0;1.0;1.0;0.9999026614949638;0.9999751363031172;0.9999092088486995;0.9999774778559554;0.9995301587657827;0.9999996410825216;1.0003145361305095;1.0003517233781454;1.0;0.9995573830668455;0.9999688629993623;0.9998522664992096;0.9999999999999999;1.0;0.9993797435851731;0.9999427068069491;0.9985637519778565;0.9983323290686741;0.9991099716908913;0.9990926341840931;0.999084296160377;1.0;0.999932028961047;0.9999852822240296;0.9997898137734559;0.9999939211529734;1.024999976158142;
2016-01-27 19:45:00;0.9999909071996116;0.9995244348951599;0.9997483623887838;1.0;0.9999153182533124;0.9999722717959353;1.000340535343129;0.9999508000492188;0.9999999999999999;0.999973095891149;0.9996590723556853;0.9999918886761351;1.0;0.9999572040385638;1.0;1.0;1.0;0.9999123371459974;0.9999794939893423;0.9999102145039596;0.9999860644699605;0.9995452225878206;0.999999790936896;1.00031558800163;1.0003519879622145;1.0;0.9995738775826963;0.9999690513714561;0.9998532471937646;1.0;1.0;0.9993626089804852;0.9999481008897312;0.9984400340535114;0.9982102083987135;0.9991427809297156;0.9991265717780843;0.9991178526608699;0.9999999999999999;0.9999381936916287;0.9999910080270835;0.9997921715007515;0.9999948904104701;1.024999976158142;
2016-01-27 20:00:00;0.9999925521712457;0.9995677702700768;0.9997705712956678;0.9999999999999999;0.9999249909998345;0.9999750416961025;1.0003245771158833;0.999955370084307;1.0;0.9999764428147667;0.9996891973575583;0.9999921778165991;1.0;0.999961326750276;1.0;1.0;1.0;0.9999227575060751;0.9999824662655699;0.9999181852706565;0.9999891980842464;0.9995871170498264;0.9999998433633994;1.0003006592791026;1.000335479424935;1.0;0.99961329773546;0.9999723299782406;0.9998761864586352;0.9999999999999999;1.0;0.9993917053551302;0.9999537831643157;0.9985033623565709;0.9983146938850522;0.9991872939407568;0.9991709429038117;0.9991618109135799;1.0;0.9999450435767222;0.9999930972584798;0.9998105596694361;0.9999951237062682;1.024999976158142;
2016-01-27 20:15:00;0.9999917483899061;0.9996232532069639;0.9998060261344788;1.0;0.9999304366608256;0.9999785221944154;1.0003060737082126;0.9999617753730211;1.0;0.999977680672433;0.9997390639961719;0.9999917702182828;1.0;0.999965222966771;1.0;1.0;1.0;0.9999280423176989;0.9999832089965028;0.999930995238136;0.9999883658867503;0.9996463537187642;0.9999998320929736;1.0002846166795099;1.000315504636145;0.9999999999999999;0.9996697251840893;0.9999753825330571;0.9999192159353237;1.0;0.9999999999999999;0.9994552037468062;0.9999557623809161;0.9986669572226603;0.9984510443797886;0.9992670977491692;0.9992514838867548;0.9992431445373433;1.0;0.9999478520611513;0.9999926074663251;0.9998401849149653;0.999994675779234;1.024999976158142;
2016-01-27 20:30:00;0.9999875864064605;0.9994285633839252;0.9997019474354807;1.0;0.9999034026369945;0.9999704259975789;1.0003283837452819;0.9999480569479394;1.0;0.999967142584096;0.9995925802698672;0.9999903983901886;1.0;0.999951084183718;1.0;0.9999999999999999;1.0;0.9999000233910936;0.9999752281506359;0.9998952308881609;0.9999830025958003;0.9994646644643159;0.999999762999945;1.0003027585449782;1.0003408393711317;1.0;0.999496826903916;0.9999651492894899;0.9999292452011256;1.0;1.0;0.9994342947924207;0.9999375056196187;0.9985599510361222;0.9983447789382442;0.9992771090705052;0.9992616601177375;0.9992529398216424;1.0;0.9999266754459505;0.9999892592208562;0.9997574380345062;0.9999931593924795;1.024999976158142;
2016-01-27 20:45:00;0.9999884034194775;0.9992649122559024;0.9996035902843927;0.9999999999999999;0.999877337398814;0.9999574207565637;1.000345910489111;0.9999244062915074;1.0;0.9999603972388635;0.9994597844040914;0.9999916301892203;1.0;0.9999353394956488;0.9999999999999999;0.9999999999999999;0.9999999999999999;0.9998737529047915;0.9999703720427559;0.9998587167212105;0.9999826364609928;0.9992919044180236;0.999999748576109;1.0003178813928566;1.0003598969702963;1.0;0.9993350593018684;0.9999529876467599;0.9999159965866057;1.0;1.0;0.9994749869968385;0.9999256536025931;0.9986872421681031;0.9984714139838272;0.9993129164720228;0.9992966930156892;0.9992867664635185;0.9999999999999999;0.9999111849129232;0.9999888366417724;0.9996730198225773;0.9999943428132748;1.024999976158142;
2016-01-27 21:00:00;0.9999900227521563;0.9995802648640376;0.9997789704195438;0.9999999999999999;0.9999287312306702;0.9999790244527857;1.000316880398616;0.9999634612224426;0.9999999999999999;0.9999761163521695;0.9996950156465879;0.9999919764011168;1.0;0.9999659058183079;0.9999999999999999;1.0;0.9999999999999999;0.9999253550544425;0.9999810800851343;0.9999225845512233;0.9999845157664792;0.9996030025795097;0.9999997632225643;1.0002923734448386;1.0003287408577304;1.0;0.9996250884985011;0.9999752530227445;0.9999153538183289;0.9999999999999999;0.9999999999999999;0.9994678351760775;0.9999549241043554;0.9986773144436497;0.9984627763023194;0.9992981244646341;0.9992821817092383;0.9992730487023319;1.0;0.9999467844805005;0.9999899963204771;0.9998207193121316;0.9999947932532958;1.024999976158142;
2016-01-27 21:15:00;0.9999906548864896;0.9993819117847625;0.9996630680902704;1.0;0.9999033948682828;0.9999665372517723;1.0003339874162824;0.9999406941904396;1.0;0.9999682940740208;0.9995360244593825;0.9999916120954668;1.0;0.9999488574697533;1.0;1.0;1.0;0.9999005379664432;0.9999762410355709;0.999880823351566;0.9999861081345843;0.9994040680762858;0.9999997995898977;1.000305784682722;1.0003483103044528;1.0;0.9994379447974038;0.9999627822727031;0.9999461331116939;1.0;1.0;0.9994807409373033;0.9999412072960938;0.9987037207760113;0.9984924711949139;0.9993190179456466;0.9993029228109148;0.9992945830322149;1.0;0.999929846022231;0.9999910804681126;0.9997241139234161;0.9999946696585774;1.024999976158142;
2016-01-27 21:30:00;0.9999887984610685;0.9994084364177076;0.9996897238343798;1.0;0.9998951401754755;0.9999658299502504;1.0003237317132065;0.9999391497834264;1.0;0.9999663793965274;0.9995810359422608;0.9999906518034631;1.0;0.999946087613459;0.9999999999999999;0.9999999999999999;1.0;0.9998919540222422;0.9999749805689435;0.9998894123334215;0.9999842277886566;0.9994391877758109;0.999999776554104;1.000299746706593;1.0003349183857535;1.0;0.9994754760207024;0.9999615346923653;0.9998916401806911;1.0;0.9999999999999999;0.9995027076208479;0.9999344007524095;0.99880007685987;0.9985997052830428;0.9993194710108985;0.9993035956412885;0.9992952558569732;1.0;0.9999223229741369;0.9999899798836256;0.9997439936253959;0.9999936400067287;1.024999976158142;
2016-01-27 21:45:00;0.999990025601283;0.9995392227479694;0.9997562036621095;1.0;0.9999264302562174;0.9999778496726305;1.0003209049773627;0.9999613508861409;1.0;0.9999746061759067;0.9996625333491506;0.9999916316037455;1.0;0.9999632877759135;1.0;0.9999999999999999;1.0;0.9999235072784025;0.9999804921686773;0.9999149552976422;0.9999857818418364;0.9995662231908055;0.999999794988243;1.00029508251017;1.0003336450817586;1.0;0.9995900186230126;0.999973627392203;0.999914957485613;0.9999999999999999;1.0;0.9994907039793262;0.9999525320783885;0.9987397774062905;0.9985202710448515;0.9993244450353732;0.9993085387293342;0.9992990246034478;1.0;0.9999442641286508;0.9999909430721109;0.9998030594949741;0.9999943442278035;1.024999976158142;
2016-01-27 22:00:00;0.999989315399952;0.9994447642868802;0.9997044057177473;1.0;0.9999116799863184;0.9999717597369087;1.000334893985813;0.9999504655346068;1.0;0.9999695812602833;0.999592776283178;0.9999916579075039;1.0;0.9999542214873163;1.0;1.0;1.0;0.9999087602074525;0.9999771138443899;0.9998962744254232;0.9999852472746541;0.9994747929593876;0.9999997951955769;1.0003075493854174;1.0003484908741396;1.0;0.9995046767210042;0.9999670648851186;0.9998781272496944;1.0;1.0;0.9995108658806368;0.9999436470349917;0.9987654272029046;0.9985499300357021;0.9993677420009335;0.999353457120259;0.9993451169198201;1.0;0.9999336304469847;0.9999906573059224;0.9997598790768835;0.999994143331144;1.024999976158142;
2016-01-27 22:15:00;0.9999898265806813;0.9995934662765101;0.9997880227450822;1.0;0.9999301204557989;0.9999801084692037;1.0003023089523824;0.9999653361044928;1.0;0.9999766026328994;0.9997077782176289;0.9999916771463454;1.0;0.9999669892612625;1.0;0.9999999999999999;1.0;0.9999267547720143;0.9999814797642514;0.9999259259046877;0.9999845098877773;0.9996180892132661;0.9999997639663213;1.000279100877465;1.000313512391657;1.0;0.9996395343681657;0.9999762359293269;0.9999164986341589;1.0;1.0;0.9995514584549959;0.9999551903310323;0.9988942535810768;0.9986832056111193;0.999402200594005;0.9993864453237574;0.9993777239386945;1.0;0.9999472993060609;0.9999900208694208;0.9998284099834301;0.9999945343251885;1.024999976158142;
2016-01-27 22:30:00;0.999991692390454;0.9996481801970294;0.9998163060110256;1.0;0.9999386632849766;0.9999819595771394;1.0002890362235821;0.999968319104765;1.0;0.9999798602678464;0.9997481848915369;0.9999925832905762;1.0;0.9999705457167266;1.0;1.0;1.0;0.9999359456491629;0.9999842508627;0.9999354560975825;0.9999874279999357;0.9996684656989935;0.9999998094169227;1.0002674442544524;1.0002991447923717;1.0;0.9996878310710572;0.9999788587500685;0.9999215585743735;0.9999999999999999;0.9999999999999999;0.9996198002785566;0.9999610172812298;0.9990626444759181;0.9988816299566323;0.9994933387823061;0.999477288580468;0.9994673602343443;0.9999999999999999;0.9999540396023643;0.9999919097470985;0.9998504948199383;0.9999952400716434;1.024999976158142;
2016-01-27 22:45:00;0.9999910956370698;0.9996502185834016;0.9998230063214965;0.9999999999999999;0.9999380374950864;0.9999825012447776;1.0002835559567245;0.999969246678516;1.0;0.999978784259165;0.9997595480912;0.9999915450365192;1.0;0.9999694030019464;1.0;1.0;1.0;0.9999357625884542;0.9999840564314532;0.9999380617815808;0.9999883733494763;0.9996787411393868;0.9999998404657124;1.0002630283295857;1.0002928452990723;1.0;0.9996989033630268;0.9999786495522247;0.9999263311954821;1.0;0.9999999999999999;0.9996419372393696;0.9999584848687781;0.9991082333474789;0.998917326924571;0.9995289755867708;0.9995132422152381;0.9995037261404294;1.0;0.9999517410055759;0.9999927228102068;0.9998565177906351;0.9999942018148279;1.024999976158142;
2016-01-27 23:00:00;0.9999930775793003;0.9996877526805399;0.9998341528222283;1.0;0.9999467181188081;0.9999840598483455;1.0002807434943086;0.9999719179288237;1.0;0.9999830329091836;0.999771357369201;0.9999930941789915;1.0;0.999974786107693;1.0;1.0;1.0;0.9999441951043169;0.9999865019848261;0.999941693372134;0.9999887949098428;0.9997021157411743;0.9999998230649142;1.0002594905106872;1.0002907702105477;1.0;0.999718755618902;0.9999817215634194;0.9999278007354603;1.0;1.0;0.999668353632235;0.99996700385815;0.9991520459209906;0.9989608166445866;0.9995787337447313;0.9995634885765686;0.9995551466232919;1.0;0.9999608189854781;0.9999927103984807;0.9998649165056293;0.9999958820048028;1.024999976158142;
2016-01-27 23:15:00;0.9999940029364767;0.9996944618863189;0.9998376564937604;0.9999999999999999;0.9999461772413651;0.9999829828782728;1.000282121693969;0.9999696516871955;0.9999999999999999;0.9999834700392344;0.9997786690204663;0.9999934003093202;1.0;0.9999737436375702;1.0;1.0;1.0;0.9999440173196535;0.999987167584448;0.9999423317317144;0.9999903554487553;0.9997070926714277;0.9999998485307332;1.0002614705894535;1.000291530308842;1.0;0.9997247910690699;0.999981076607907;0.9999184299486001;1.0;1.0;0.9996556452337597;0.9999671702649165;0.9991246896919888;0.9989151517356549;0.9995590843627803;0.9995443036540318;0.999536374501895;1.0;0.9999608517401182;0.9999937316349051;0.9998664017466806;0.9999961419677038;1.024999976158142;
2016-01-27 23:30:00;0.999990320831757;0.9997083169836279;0.9998459750417773;1.0;0.999944576773637;0.999985933469848;1.000275308308565;0.999976149367085;0.9999999999999999;0.9999825838201919;0.9997843679370193;0.9999936611927629;1.0;0.9999783654317265;1.0;0.9999999999999999;1.0;0.99993996854173;0.9999841504351611;0.9999462412487027;0.999981357586698;0.9997182016330393;0.9999996768511167;1.0002546052126555;1.000285481575173;1.0;0.999731663282772;0.9999833425592066;0.9999361088115593;1.0;1.0;0.9996813042036208;0.9999670235269817;0.9991947518097055;0.9990095075615952;0.999588631329633;0.9995724824747853;0.9995629658359674;0.9999999999999999;0.9999603984231584;0.999987562465437;0.9998754269771669;0.999996449020155;1.024999976158142;
2016-01-27 23:45:00;0.9999836647596786;0.9996205748419528;0.9997965620993614;0.9999999999999999;0.9999274386850423;0.9999845802138947;1.0002968680985174;0.9999757651832843;1.0;0.9999761651836896;0.9997062567693824;0.9999936504066589;1.0;0.9999770058196946;1.0;1.0;1.0;0.9999187463363804;0.9999757553467049;0.9999302702677598;0.9999658848464501;0.9996276405345847;0.9999993904271229;1.0002723583187683;1.0003104489817536;1.0;0.9996400642349226;0.9999804567801339;0.9999177915402095;1.0;1.0;0.9996851512517203;0.9999583895070302;0.999208499532149;0.9990180696583463;0.9995908461360511;0.999574966455327;0.9995666244062604;1.0;0.9999494927621108;0.9999770125497738;0.9998384489991752;0.999996638618885;1.024999976158142;
2016-01-28 00:00:00;0.9999874801538731;0.9997216898732848;0.9998551426909277;1.0;0.9999441280611757;0.9999884566313519;1.0002783368768025;0.9999816530804507;1.0;0.9999816496221339;0.9997930620273965;0.9999940330233733;0.9999999999999999;0.9999817294065204;0.9999999999999999;1.0;0.9999999999999999;0.999937882031928;0.999981888110556;0.9999503066247558;0.9999751023188728;0.9997317904152418;0.9999995620030584;1.0002571497955393;1.0002891738538162;1.0;0.9997420596537967;0.999985089699255;0.9999314269035601;1.0;1.0;0.9996908170847221;0.9999667193663179;0.9992263682332966;0.999043768006286;0.9995957328601001;0.9995805734749805;0.9995714377409025;0.9999999999999999;0.9999600455331894;0.9999833211509084;0.9998848479224722;0.9999966010987549;1.024999976158142;
2016-01-28 00:15:00;0.9999902981396366;0.9997250491746282;0.9998557510271603;1.0;0.9999519309744761;0.9999890503926424;1.0002763123013394;0.9999819325629311;1.0;0.99998373019679;0.9997950566366912;0.9999934835696968;1.0;0.9999816058981139;1.0;1.0;1.0;0.9999477319048871;0.9999852823764395;0.9999506082379499;0.9999825010995772;0.9997392713777914;0.9999997055343314;1.000254676282903;1.0002871442847856;1.0;0.9997502727759838;0.9999859484290025;0.999915630927597;1.0;1.0;0.9997002748637536;0.9999698987860283;0.9992553182320568;0.9990749007340073;0.9996044892445176;0.999589267582364;0.9995801317688254;1.0;0.9999643676950407;0.9999884321282159;0.9998855362770291;0.9999960709956613;1.024999976158142;
2016-01-28 00:30:00;0.9999943131006077;0.9996962233715522;0.9998331002608448;1.0;0.9999552836308581;0.9999862802393962;1.0002754252760018;0.9999758925193237;1.0;0.9999855279573137;0.999765249510895;0.999993680581879;1.0;0.9999785750388301;1.0;1.0;1.0;0.9999531328617435;0.999988415081504;0.9999419650930104;0.9999905519146068;0.999707047717684;0.9999998491466963;1.0002527735447952;1.0002866900028786;1.0;0.9997210014796051;0.9999843066910841;0.9999332453635189;0.9999999999999999;1.0;0.999717404594204;0.9999726359725937;0.999303334135356;0.9991519391168022;0.999623366581391;0.9996086765177516;0.9996007468549599;1.0;0.999967398933706;0.9999938268838817;0.9998655248189003;0.9999963932114955;1.024999976158142;
2016-01-28 00:45:00;0.999994099864155;0.9998193239594475;0.9999091657081927;0.9999999999999999;0.999966119222218;0.9999916029457886;1.000251737998663;0.9999855513144791;1.0;0.9999886057573055;0.9998750869640171;0.9999932785732933;0.9999999999999999;0.9999852273201671;1.0;1.0;1.0;0.9999640802793992;0.9999906631616674;0.999968477767966;0.9999908405173662;0.9998333284712098;0.9999998570210672;1.000233946256832;1.0002596297875581;0.9999999999999999;0.99984278979196;0.9999894366318735;0.999918654860496;1.0;1.0;0.9997491878615598;0.9999777226582405;0.9994037096773496;0.999280162841489;0.9996506835309574;0.9996356756243802;0.9996273330686596;1.0;0.9999739747027052;0.9999940835573553;0.9999269356084026;0.9999959912018195;1.024999976158142;
2016-01-28 01:00:00;0.9999934509231512;0.9998265256944289;0.9999150132093946;0.9999999999999999;0.9999658093757564;0.9999921247030629;1.0002459661693817;0.9999866656165246;0.9999999999999999;0.999988176846379;0.9998834049191041;0.9999929767191602;1.0;0.9999855510487631;1.0;1.0;1.0;0.999963555878215;0.9999901769795229;0.9999706456758954;0.9999898702273696;0.9998421900377886;0.999999841977499;1.0002288945894675;1.0002534735530468;1.0;0.9998512605012289;0.9999896627659093;0.9999220788222245;1.0;1.0;0.9997815001167283;0.9999771093530254;0.9995084375901461;0.9994197917579317;0.9996766238955309;0.9996611687662125;0.9996524449837095;0.9999999999999999;0.9999733847237866;0.9999934593034396;0.9999319634411273;0.9999957377285701;1.024999976158142;
2016-01-28 01:15:00;0.9999940202746279;0.9998173476615573;0.9999093491771012;0.9999999999999999;0.9999645686163051;0.9999910148395201;1.0002469314916553;0.9999844621272217;0.9999999999999999;0.9999880419102737;0.9998766472219488;0.9999932524763134;1.0;0.9999841507187576;1.0;0.9999999999999999;1.0;0.999962607754519;0.9999903782148132;0.9999683745579414;0.9999910150342094;0.9998325044407264;0.999999862496827;1.0002298636722384;1.0002543451562804;1.0;0.9998427217748606;0.9999887504142599;0.9999221841820715;1.0;0.9999999999999999;0.9997886386282833;0.9999765632000068;0.9995150280155818;0.9994139466684666;0.9996936558065751;0.9996785740214019;0.9996698500870079;0.9999999999999999;0.9999726621999218;0.9999942266123383;0.9999267083900293;0.9999958957472941;1.024999976158142;
2016-01-28 01:30:00;0.9999945424560972;0.9997723765076296;0.9998827117954145;1.0;0.9999564047567265;0.999986984952071;1.0002487419651727;0.9999768723042356;1.0;0.9999864508685473;0.9998418602459073;0.9999936075534892;1.0;0.9999792912891955;1.0;0.9999999999999999;1.0;0.9999544929035936;0.9999893888753293;0.9999582450969497;0.9999914262390637;0.9997847918870559;0.9999998659324975;1.0002315626167786;1.000256184923317;1.0;0.9997986924949166;0.9999851834152407;0.9999240594516202;0.9999999999999999;0.9999999999999999;0.999797746083953;0.9999728275292805;0.9995280787044957;0.9994428955444103;0.9997122148714672;0.9996977433623107;0.9996898129929723;1.0;0.9999677925907858;0.9999944472651774;0.9999032537625802;0.9999962508254086;1.024999976158142;
2016-01-28 01:45:00;0.9999943434509116;0.9998620291493118;0.9999334601497115;1.0;0.9999719752567024;0.999993888576078;1.0002384591278355;0.9999897475185925;1.0;0.9999902455521935;0.9999087351890914;0.9999933534703654;1.0;0.9999884984175589;1.0;1.0;0.9999999999999999;0.9999700036443954;0.9999917966383824;0.9999771016667071;0.9999911940362424;0.9998754573571372;0.9999998617447474;1.0002221094549684;1.0002455249281714;1.0;0.999882612466908;0.9999917707001836;0.9999206488866542;1.0;1.0;0.9997928641665998;0.999981083381223;0.9995307939124763;0.9994467494436758;0.9996956358762529;0.999680944750573;0.9996730145144942;1.0;0.9999780534263559;0.999994307511177;0.9999469161029743;0.9999960660990946;1.024999976158142;
2016-01-28 02:00:00;0.9999948632172627;0.9998455221350749;0.9999224170362367;1.0;0.9999692457225065;0.9999921897340026;1.0002349245146007;0.9999864877644156;1.0;0.9999900385576669;0.99989409022328;0.9999937833358142;1.0;0.999986827216176;1.0;0.9999999999999999;0.9999999999999999;0.9999673063280434;0.9999916902046091;0.9999728244505022;0.9999915688052432;0.9998561322805137;0.9999998640034476;1.0002187245818808;1.000241961860517;1.0;0.9998646371048788;0.999990473669584;0.9999133998459807;1.0;1.0;0.9998345706134156;0.9999803386331263;0.9996411570908397;0.9995931752129386;0.9997460626725052;0.9997311815945821;0.9997228382418072;1.0;0.9999768570778255;0.9999945038285294;0.9999370065877514;0.9999964556377391;1.024999976158142;
2016-01-28 02:15:00;0.9999933652786739;0.9997390999909977;0.9998663164524111;1.0;0.9999502938163113;0.9999855483180614;1.0002477785933581;0.9999744497462772;1.0;0.9999842293772085;0.9998192866578536;0.9999930134465812;1.0;0.9999765607890155;1.0;0.9999999999999999;0.9999999999999999;0.9999480296175675;0.9999876061263442;0.999952612840933;0.999989744001333;0.9997547638410832;0.999999841224753;1.000230516780804;1.0002553935432452;0.9999999999999999;0.9997703661384937;0.9999832540329243;0.999912954601915;1.0;1.0;0.9998244994011007;0.9999686153033368;0.9996301266629106;0.9995864602943;0.9997232181290733;0.9997075069676479;0.9996983700734525;0.9999999999999999;0.9999629312739468;0.9999933767873523;0.9998902079046298;0.9999957551039041;1.024999976158142;
2016-01-28 02:30:00;0.999993146767639;0.9998183229002744;0.9999130455613746;1.0;0.9999658967781551;0.9999925151698843;1.0002408728117624;0.9999873786301086;1.0;0.999987449468936;0.9998808914132926;0.9999923217384289;1.0;0.9999848232981998;1.0;1.0;1.0;0.9999640048194828;0.9999900785447804;0.9999703114938526;0.9999907276525108;0.9998394806248228;0.9999998673277289;1.0002240369056945;1.000248255670829;1.0;0.9998490074850838;0.9999895212926829;0.9999007235606658;1.0;1.0;0.999828689722978;0.9999756981119746;0.9996432913430595;0.9995947244999337;0.9997268667014098;0.9997117660460216;0.999703422855281;1.0;0.9999721934081502;0.9999941558357178;0.9999311871280259;0.9999950633938556;1.024999976158142;
2016-01-28 02:45:00;0.9999950909774444;0.9998386627493657;0.9999197566858729;1.0;0.9999684442255498;0.99999162231562;1.000237164779782;0.9999853376522126;1.0;0.9999895742575504;0.9998916008236307;0.9999932213636294;1.0;0.9999855110558908;1.0;1.0;1.0;0.9999668770763774;0.9999917629724254;0.9999718163877789;0.9999927496748764;0.9998515814624085;0.9999998901044903;1.000220971449691;1.0002440520943094;1.0;0.9998610782789256;0.9999897750377145;0.9999141784736342;1.0;1.0;0.9998256165561902;0.9999792820630058;0.9996147899863608;0.9995672133488274;0.9997370624557733;0.9997214301651209;0.9997127058567326;1.0;0.9999757860100476;0.9999953550749948;0.9999346777950805;0.9999960382193155;1.024999976158142;
2016-01-28 03:00:00;0.9999954757839087;0.999779035896592;0.9998854289757255;1.0;0.9999588924383156;0.9999871525273151;1.0002427201954094;0.9999769149912572;1.0;0.9999873852054029;0.9998460820379987;0.9999934289182465;0.9999999999999999;0.9999796140711031;1.0;0.9999999999999999;1.0;0.9999574801296491;0.9999904998142533;0.9999591019150833;0.9999933747374304;0.9997910148265531;0.9999999009600848;1.0002259103057274;1.000249924915448;1.0;0.9998049082295659;0.9999856025044614;0.9999176908565011;1.0;1.0;0.9998226309414839;0.9999743026444234;0.9996244587500064;0.9995674999501968;0.999721453195365;0.9997056574920513;0.9996965206147596;1.0;0.9999695646428319;0.9999957632327303;0.9999052252504435;0.9999961973769037;1.024999976158142;
2016-01-28 03:15:00;0.9999964964542234;0.9998579666521784;0.9999283776098168;1.0;0.999974036239143;0.9999926046305271;1.000234491246732;0.9999868351730267;0.9999999999999999;0.9999914790190304;0.9999033949596837;0.999993664351631;0.9999999999999999;0.9999872358420049;1.0;1.0;1.0;0.9999731263835666;0.9999936430961862;0.9999748022150715;0.9999954161129303;0.999869297611748;0.9999999361928776;1.0002182994902447;1.0002413147292968;1.0;0.9998778616110635;0.9999911676432566;0.9999258939862469;0.9999999999999999;0.9999999999999999;0.9998138592937288;0.9999827678744272;0.9995857332142695;0.999524311668387;0.9997214424250773;0.9997065180760953;0.9996981749291524;1.0;0.9999799182791902;0.9999971305652319;0.9999415907425528;0.9999963501651089;1.024999976158142;
2016-01-28 03:30:00;0.9999964670891432;0.9998063577343529;0.9998991695633784;1.0;0.9999649199853003;0.9999887428251386;1.000240659131565;0.9999796488870538;1.0;0.9999892894777666;0.9998646537283796;0.9999941461811271;1.0;0.9999821188572431;0.9999999999999999;1.0;1.0;0.9999639381089555;0.9999921560109754;0.9999639915610686;0.9999951770659472;0.9998169657304276;0.9999999311422121;1.0002239431296023;1.0002477539329568;1.0;0.9998292653002037;0.9999874779788158;0.9999141920609922;0.9999999999999999;0.9999999999999999;0.9998224519105736;0.9999779690506257;0.9996233551633128;0.9995657975253803;0.999721665412892;0.9997074191604709;0.9996990760060076;1.0;0.9999739406890065;0.9999969537669277;0.9999165494755927;0.9999966180831514;1.024999976158142;
2016-01-28 03:45:00;0.9999967748590264;0.9998289138889607;0.9999111150175274;1.0;0.9999699288472378;0.9999905468332965;1.0002377115880854;0.9999829529635651;1.0;0.9999905849513451;0.9998800959747551;0.999993670545937;1.0;0.99998461798963;1.0;1.0;1.0;0.9999691093737514;0.999993147248917;0.9999684586272093;0.9999958166519592;0.999839376582263;0.9999999425293015;1.0002210365924316;1.0002448235903294;1.0;0.999849900033937;0.9999892933578585;0.9999274901808392;1.0;1.0;0.9998166637588988;0.9999807490756226;0.9995913553422969;0.9995348638024266;0.9997260623686584;0.9997109617254197;0.9997026185413916;1.0;0.9999773475862749;0.9999973851092753;0.9999268978581174;0.9999964122050616;1.024999976158142;
2016-01-28 04:00:00;0.9999978688268129;0.99988289575532;0.9999399817302096;1.0;0.9999795222382358;0.9999935605203782;1.0002327130279964;0.9999883175827572;1.0;0.999993487699121;0.9999195561101177;0.9999937746137247;1.0;0.9999891918979421;1.0;1.0;1.0;0.9999791363277138;0.9999954540027463;0.9999787187625878;0.9999976884559145;0.9998914827822267;0.9999999729309786;1.0002166664644683;1.0002393557192013;1.0;0.9998989372795343;0.9999926211869669;0.9999134573278593;1.0;1.0;0.9998238769740001;0.9999865028429931;0.9996100841136069;0.9995477474174437;0.999735028739953;0.9997184684468753;0.9997085377049824;1.0;0.9999842423876599;0.9999986130015335;0.9999506645332757;0.9999965914709691;1.024999976158142;
2016-01-28 04:15:00;0.999996448789704;0.9997965545568356;0.9998949543845542;1.0;0.9999630673366081;0.9999879588592907;1.0002406037090696;0.9999781761145757;1.0;0.9999885468483354;0.999859923233816;0.9999928567942739;1.0;0.9999806018756552;1.0;0.9999999999999999;1.0;0.999962278512965;0.9999918664271071;0.9999624112671258;0.999995698789273;0.9998091140075036;0.9999999446787121;1.0002240736331012;1.0002475044742671;0.9999999999999999;0.9998225041436146;0.9999865442106165;0.9999302930884217;1.0;1.0;0.9998204673569044;0.9999764362992856;0.9996071939527116;0.9995431053692124;0.9997267190209487;0.9997103678581553;0.9997016436463046;1.0;0.9999722481412324;0.999997350745615;0.9999129024472845;0.9999959008497404;1.024999976158142;
2016-01-28 04:30:00;0.999997245491037;0.999857720446185;0.999926448432466;1.0;0.9999735997173561;0.9999916364944248;1.0002371335011302;0.9999849003434974;0.9999999999999999;0.9999919139374491;0.9999015854382353;0.999993358244402;1.0;0.9999866500156092;1.0;1.0;1.0;0.9999728200621222;0.9999940435989949;0.9999737057468556;0.9999962048753129;0.999865871567876;0.9999999453224846;1.0002209070784844;1.000243880989702;1.0;0.9998750339217926;0.9999906515998455;0.9999119930706386;1.0;1.0;0.9998232787234498;0.9999833739972822;0.9996104191081832;0.9995491466573038;0.9997329954011335;0.9997168455799577;0.9997085023468252;1.0;0.9999803485003912;0.9999975985953679;0.9999390589833068;0.999996431346877;1.024999976158142;
2016-01-28 04:45:00;0.9999946081650807;0.999824121869104;0.9999154268375261;0.9999999999999999;0.9999689439213623;0.9999923695613743;1.0002370927300073;0.9999867167498709;1.0;0.9999884795062031;0.9998855014730711;0.9999916884067931;1.0;0.9999845309450294;1.0;1.0;1.0;0.9999679528644088;0.9999916422206518;0.9999709399003385;0.9999941073119051;0.9998457119404089;0.9999999304975337;1.0002205546253846;1.0002441459670206;1.0;0.9998557838403673;0.9999896663273612;0.9999269511660069;0.9999999999999999;1.0;0.9998244690989063;0.9999772501597998;0.9996214382928432;0.9995599255857652;0.999729060631876;0.9997129588929549;0.9997046156922594;1.0;0.9999741464144876;0.9999964604746117;0.9999326428545429;0.999994745970137;1.024999976158142;
2016-01-28 05:00:00;0.9999953834583348;0.9997464494576016;0.9998707022057644;1.0;0.9999550150904567;0.9999856220486212;1.000245685695122;0.9999739869195695;0.9999999999999999;0.9999854626672695;0.9998275736054131;0.9999925810713615;1.0;0.9999758859052729;1.0;1.0;1.0;0.9999542676574661;0.9999899258773309;0.9999540040505333;0.999995190953077;0.9997655847968342;0.9999999475797521;1.0002286740250483;1.0002528298661002;1.0;0.999782159529081;0.9999834956840524;0.999917834651486;1.0;1.0;0.9998206709114574;0.9999702802890182;0.9996301247891629;0.999579820213185;0.99971167095519;0.9996956668822322;0.9996861490706115;1.0;0.9999653250651124;0.999997146967217;0.9998934294666081;0.9999953227274989;1.024999976158142;
2016-01-28 05:15:00;0.9999940071189153;0.9997765760411441;0.9998940210248899;1.0;0.9999613614065742;0.9999897872022921;1.0002467315732793;0.9999819008937488;1.0;0.9999853043982674;0.9998587863361635;0.9999913453405139;1.0;0.9999789016874994;1.0;1.0;1.0;0.9999609356866501;0.9999901717462166;0.9999634065389499;0.9999953497266918;0.999807192391576;0.9999999701370729;1.0002297791301782;1.000253727886597;1.0;0.9998212059421347;0.9999862782857829;0.9999298582654221;0.9999999999999999;1.0;0.9997666436097702;0.9999706933543815;0.9995629203097983;0.9995157359855408;0.9995946047018679;0.9995725915554856;0.9995547457167313;1.0;0.9999669734320176;0.9999974979151323;0.9999151999959105;0.9999939617904193;1.024999976158142;
2016-01-28 05:30:00;0.9999918575478983;0.999690056376337;0.9998518485515286;1.0;0.9999468427650612;0.999985700882884;1.0002574560910305;0.9999747229458436;1.0;0.9999797535855663;0.9998021612815464;0.9999885642292682;1.0;0.9999708948667532;1.0;0.9999999999999999;1.0;0.9999462347067466;0.9999864009365466;0.999948778062859;0.999993564238566;0.9997310711913631;0.9999999573488728;1.000239527568306;1.0002649905477745;1.0;0.9997503557068561;0.9999809392252201;0.9999211900731232;1.0;0.9999999999999999;0.9997648088015488;0.9999599752515989;0.9995697395213932;0.9995231842952856;0.9995844132793694;0.9995573887830372;0.9995363267173535;1.0;0.9999548156802726;0.9999965109991994;0.9998813403989534;0.9999919822552371;1.024999976158142;
2016-01-28 05:45:00;0.9999931066131864;0.9997998829284647;0.9999078565521552;1.0;0.9999641039477326;0.9999918635008197;1.0002460019085293;0.9999859989125155;0.9999999999999999;0.9999857922831276;0.999876321729369;0.9999883544536777;1.0;0.9999817054712344;1.0;1.0;1.0;0.9999631527164414;0.9999899673212265;0.9999686715201899;0.9999933627298457;0.9998306455075705;0.9999999332895769;1.0002291600495579;1.0002530399657992;1.0;0.9998424142611937;0.9999880870181933;0.9999203978716934;1.0;1.0;0.9997570873804417;0.9999721571687302;0.9995471892400571;0.9995031976851171;0.9995765241493273;0.9995462676906806;0.9995244125681094;1.0;0.9999687893853157;0.9999961508352638;0.9999273925161449;0.9999926008780987;1.024999976158142;
2016-01-28 06:00:00;0.9999946711809993;0.9997847109889877;0.9998942485032959;1.0;0.9999621888397875;0.9999893981714671;1.000250589863844;0.9999811506629961;1.0;0.9999865659603226;0.9998582173885531;0.9999901306300032;1.0;0.9999801098217123;0.9999999999999999;0.9999999999999999;1.0;0.9999614107572014;0.9999906136441279;0.9999630948375978;0.9999947201553079;0.9998078144093734;0.9999999454302629;1.0002332056943994;1.0002579077460736;1.0;0.99982110239428;0.9999866595998637;0.9998909731678793;1.0;1.0;0.9997720955973323;0.9999731458175305;0.9996004118114384;0.9995603287750023;0.9995854451516835;0.9995563854650622;0.9995342646753812;1.0;0.9999692456093638;0.9999969119850861;0.9999144833624387;0.9999939339436604;1.024999976158142;
2016-01-28 06:15:00;0.9999948263728253;0.999627704418744;0.9998030980624564;1.0;0.9999371114274493;0.9999782042697481;1.0002778713470704;0.9999605155477516;1.0;0.999980345784524;0.9997352188138472;0.9999875115979407;1.0;0.9999656811577824;1.0;1.0;1.0;0.9999361526136705;0.9999863222578542;0.9999296174167003;0.9999941636554172;0.9996470541006903;0.9999999327514063;1.0002575861320495;1.0002868439038783;0.9999999999999999;0.9996707429294598;0.9999760125016416;0.9998379075149258;1.0;1.0;0.9997392634102521;0.9999604202868706;0.9995395996571127;0.999499714031303;0.9995279448228955;0.9994928611388069;0.9994699064255046;1.0;0.9999532119828645;0.999996463083559;0.9998370068176905;0.9999930162298637;1.024999976158142;
2016-01-28 06:30:00;0.9999946439346107;0.9996906272595709;0.9998397783121217;1.0;0.999945508611958;0.9999821700708361;1.0002829082467106;0.999967815812633;0.9999999999999999;0.9999826630305133;0.9997853965074536;0.9999702348805867;1.0;0.999971021591795;1.0;1.0;1.0;0.9999444287703398;0.9999877546599611;0.9999428736729535;0.9999937793332246;0.9997103374359542;0.9999999242692444;1.0002630215027626;1.0002914305598711;0.9999999999999999;0.9997302125502632;0.9999798817356869;0.999847860099102;1.0;1.0;0.9996031476738311;0.9999649203363942;0.999213947608638;0.999174314416337;0.9993397809909739;0.9992709268039947;0.9992429519192625;1.0;0.9999587858265322;0.9999962057965877;0.9998676766536267;0.9999851809139378;1.024999976158142;
2016-01-28 06:45:00;0.9999941776887261;0.9997003691462694;0.9998432608362577;1.0;0.9999466809611993;0.9999830665108045;1.0002890501521906;0.9999696956278037;1.0;0.9999832523990881;0.9997881361122471;0.9999410559896011;0.9999999999999999;0.9999730854125795;1.0;1.0;1.0;0.9999449637420994;0.9999874827975127;0.9999442492313501;0.9999917111488622;0.9997163936692932;0.9999998795757115;1.0002684378143891;1.0002981346071305;1.0;0.9997346300749064;0.9999809326824645;0.9998223512527603;0.9999999999999999;1.0;0.9996095128822929;0.9999665410912605;0.999369647822692;0.9993396108393611;0.9992526501533331;0.9991313524697168;0.9991021020810059;0.9999999999999999;0.9999604144501502;0.9999947236931847;0.9998708596167346;0.9999722463493637;1.024999976158142;
2016-01-28 07:00:00;0.9999942928844991;0.9996485725848;0.9998142800008306;0.9999999999999999;0.9999396997447191;0.9999798477878572;1.000309862095788;0.9999637235620207;1.0;0.9999811240734775;0.9997491429051384;0.9999377922413334;0.9999999999999999;0.9999682967431582;1.0;1.0;1.0;0.9999382568152244;0.9999863488353643;0.9999337965655571;0.9999925037186816;0.9996662565591818;0.9999998988059414;1.0002873983044938;1.0003198209239272;1.0;0.9996879260670972;0.9999776391043337;0.9997789827269429;1.0;1.0;0.999527188110969;0.9999622758931644;0.9991992727290792;0.9991260864821596;0.9991206934834296;0.9989954068592833;0.9989678326930662;1.0;0.9999553302072206;0.9999953017041734;0.9998466772308409;0.9999706549483743;1.024999976158142;
2016-01-28 07:15:00;0.9999906169180859;0.9996170588279404;0.9998135425105296;0.9999999999999999;0.9999355044365964;0.9999821068047456;1.0003232961979398;0.9999682841965057;1.0;0.999975967139031;0.9997496945782606;0.9999141131653762;0.9999999999999999;0.9999648375012846;1.0;0.9999999999999999;1.0;0.9999346758193282;0.9999837323072224;0.9999353586651898;0.9999922025593551;0.9996630645762636;0.9999999418792631;1.0003003579348833;1.0003331278108636;1.0;0.9996864671171812;0.9999767493825471;0.999765182338736;1.0;1.0;0.9994004129252269;0.9999524488929694;0.9990447640348102;0.9989551456107264;0.9988438262263388;0.9986009677713221;0.9984658462488148;1.0;0.9999460489943431;0.9999956927741331;0.9998502501805112;0.9999579956917752;1.024999976158142;
2016-01-28 07:30:00;0.9999928905206124;0.9996264161079077;0.9998100860631677;1.0;0.9999369865230116;0.9999803722339964;1.0003186699007764;0.999964705040578;1.0;0.9999786145448835;0.9997447712708443;0.9999234674272941;1.0;0.9999657488108719;0.9999999999999999;1.0;0.9999999999999999;0.9999360890005214;0.9999853437763422;0.9999330915258191;0.9999932886939193;0.9996582643321934;0.9999999370495486;1.0002958363303962;1.0003285636976402;0.9999999999999999;0.9996815558435947;0.9999767412849577;0.9997739708822884;1.0;1.0;0.9994158258248046;0.9999570279401659;0.9990903165530353;0.9990074032564729;0.998859207231173;0.9986286779827843;0.9984925271105364;0.9999999999999999;0.9999502783186014;0.9999961305861474;0.9998450008412817;0.9999632051458908;1.024999976158142;
2016-01-28 07:45:00;0.9999946343477061;0.9995925251352988;0.9997836384771244;1.0;0.9999359688334954;0.9999777481476304;1.0003448892296354;0.9999597494043034;1.0;0.9999791131389995;0.9997066839523465;0.9998964135576792;1.0;0.9999639714814117;1.0;1.0;0.9999999999999999;0.9999353731094568;0.9999858387351912;0.9999233212994504;0.9999950568814095;0.9996163471632208;0.9999999581995955;1.0003189465397648;1.0003565397258483;1.0;0.9996410488410169;0.9999750415011078;0.999750580267035;0.9999999999999999;0.9999999999999999;0.999316391082447;0.9999585989111377;0.9990088244290244;0.998927729869522;0.9986149467160558;0.9983273761872868;0.9981802972349861;1.0;0.999951414689498;0.9999971679592913;0.999822421512329;0.9999515264532066;1.024999976158142;
2016-01-28 08:00:00;0.9999940278192754;0.9994344667840201;0.9996925938059381;1.0;0.9999107429275976;0.9999667434021201;1.0003628561007858;0.9999399806478025;1.0;0.9999717657854073;0.9995830408184292;0.9998989623904617;1.0;0.9999494852800096;1.0;0.9999999999999999;1.0;0.9999097335848798;0.9999804557642031;0.9998900903682651;0.99999331141996;0.9994557567011655;0.9999999291813502;1.0003344979922262;1.000376079410931;1.0;0.9994903720316993;0.9999640717757213;0.9997506744501601;1.0;1.0;0.9993339874216829;0.999945460201661;0.9990115188344121;0.9989264406760195;0.9986661790114825;0.998390823575345;0.9982546346473294;1.0;0.9999349938833055;0.9999959471973506;0.9997456169367894;0.9999528531450625;1.024999976158142;
2016-01-28 08:15:00;0.9999949489461872;0.9996295964672082;0.9998013616290495;1.0;0.9999416943783656;0.9999798285677732;1.0003536999554656;0.9999636453967413;1.0;0.9999812740128228;0.9997293010177517;0.999902429303606;0.9999999999999999;0.9999680748032868;1.0;1.0;1.0;0.9999407248244142;0.9999868463914522;0.9999296148193425;0.9999941915043135;0.9996479294987134;0.9999999319850951;1.0003270935523567;1.0003657253649807;1.0;0.9996696992173115;0.9999775702175787;0.9997347843102995;1.0;1.0;0.9992898277319523;0.99996319454098;0.9988499185422436;0.9987120805311075;0.9986433443056612;0.9983738208107077;0.9982382671804069;1.0;0.9999565252750662;0.9999964627413286;0.9998369901712114;0.999954625945907;1.024999976158142;
2016-01-28 08:30:00;0.9999939144386673;0.999574992293462;0.9997773751179454;0.9999999999999999;0.9999265790689392;0.9999745526018019;1.0003509653651437;0.9999539225219736;1.0;0.9999767822329945;0.9997025084854158;0.9998924786911563;1.0;0.9999595431171461;1.0;1.0;1.0;0.9999256278733443;0.9999840198558313;0.9999202248848394;0.9999936217857511;0.9995993212051603;0.9999999332867971;1.0003261132435814;1.0003616081841722;0.9999999999999999;0.9996272359635355;0.9999718343924309;0.9997559317579199;1.0;1.0;0.9992568305129136;0.999953324890386;0.9989085391907169;0.9988128212823287;0.9985037899869005;0.9982138881975409;0.9980725541396551;0.9999999999999999;0.9999449743972846;0.9999962048380039;0.9998153014858363;0.9999497144493811;1.024999976158142;
2016-01-28 08:45:00;0.9999854396729563;0.9993216081324662;0.9996575252647228;1.0;0.9998836187438502;0.9999637091318526;1.0003935222014457;0.9999360874410383;1.0;0.9999579365977785;0.9995400368936892;0.999871422368286;0.9999999999999999;0.9999363444309405;0.9999999999999999;0.9999999999999999;1.0;0.9998815660785838;0.9999705176485626;0.9998793580371236;0.9999853647265828;0.9993819597613077;0.9999998560235647;1.0003648913443863;1.0004063009737891;1.0;0.9994240619607746;0.9999559561111616;0.9997682557570339;0.9999999999999999;1.0;0.9991827148350781;0.9999202082096921;0.9987276194522227;0.9985740636609657;0.9984037962834224;0.9980718088992486;0.9979129130812531;0.9999999999999999;0.9999077971874573;0.9999913927414444;0.999720899422918;0.9999376933087032;1.024999976158142;
2016-01-28 09:00:00;0.9999857177631831;0.9994572667121724;0.9997193695640411;1.0;0.9999117663445003;0.9999755527431766;1.0003857280567288;0.9999582114872798;0.9999999999999999;0.9999675597305236;0.999610757792226;0.9998837718664568;1.0;0.9999568371741713;1.0;1.0;1.0;0.9999077908897002;0.999974803227094;0.9999029893945757;0.9999802667669018;0.9994982744915993;0.9999997211624677;1.00035503091839;1.0004008616098978;1.0;0.9995254423804475;0.9999690744546637;0.9997739602298029;1.0;0.9999999999999999;0.9991876150184099;0.9999407730840034;0.9986906152834504;0.9985218068908627;0.9984438512204326;0.9981495698040825;0.9980173976088519;1.0;0.9999311840087097;0.9999875042228213;0.9997753849219153;0.9999446205380569;1.024999976158142;
2016-01-28 09:15:00;0.9999838832732733;0.9994094408297888;0.9996922550793867;1.0;0.999885226567853;0.9999659174918105;1.0003913315290622;0.9999410648441497;0.9999999999999999;0.9999628289939221;0.9995810829839392;0.9998455071388418;1.0;0.9999475138447644;1.0;1.0;1.0;0.9998787066457441;0.9999692295434683;0.9998905163788214;0.9999718854182676;0.999434634969445;0.999999542775741;1.0003633032924395;1.0004046229362622;1.0;0.9994685142332898;0.9999608021785927;0.9997744301816005;0.9999999999999999;1.0;0.9991626788574826;0.9999304559169219;0.9987555011671515;0.9986228991899975;0.9983243361671489;0.9979570238528501;0.9978206835488797;1.0;0.999916916145781;0.9999814882724879;0.999746671499264;0.9999284264422517;1.024999976158142;
2016-01-28 09:30:00;0.9999806657330024;0.999494283461901;0.9997438929176724;1.0;0.9998929188091984;0.9999729009653261;1.0003815052262766;0.9999545583325612;1.0;0.9999646987000081;0.9996484389943535;0.9998524823189862;1.0;0.9999568632315566;1.0;1.0;1.0;0.9998844685510947;0.9999686527277821;0.9999098625548448;0.9999647346789234;0.9995201995880582;0.9999994074219047;1.0003549809872168;1.0003942441432454;1.0;0.9995468237941691;0.9999670308511995;0.9997800780344097;1.0;1.0;0.9991521329478508;0.9999344731331017;0.9987088751421145;0.9985676261015486;0.9983243655222763;0.9979646048737324;0.9978221371364858;1.0;0.9999219315970228;0.9999766392582742;0.9997913637712594;0.999931526613633;1.024999976158142;
2016-01-28 09:45:00;0.9999822934221617;0.9993458389051363;0.9996660217315098;1.0;0.9998710702930407;0.9999616721958303;1.0003970566914386;0.9999332462693185;1.0;0.999957651154852;0.9995504749162719;0.9998591488917329;1.0;0.9999388160707081;1.0;0.9999999999999999;1.0;0.9998648999025176;0.9999663132380288;0.9998809706256031;0.9999719383771531;0.9993836661711922;0.9999995672863609;1.0003698171659081;1.0004094530830085;1.0;0.9994236498600345;0.9999553974475894;0.9997726617965429;1.0;1.0;0.9991062539638268;0.9999193395195192;0.9986263646265675;0.9984457100287565;0.9982423132186204;0.997838290705437;0.9976198042622547;1.0;0.9999044903744095;0.9999817980012972;0.9997246042192238;0.9999337132674522;1.024999976158142;
2016-01-28 10:00:00;0.9999758201004647;0.9994349702773316;0.9997349876719337;1.0;0.9998861018243175;0.9999752469712927;1.0003924998457876;0.9999593571992352;1.0;0.9999568115491062;0.9996391529220389;0.9998484993714631;1.0;0.9999502702984047;1.0;0.9999999999999999;0.9999999999999999;0.9998789938232238;0.999965019140934;0.9999092647519108;0.999965798023426;0.9995031309564228;0.999999501538165;1.0003656921357857;1.0004048677559663;1.0;0.9995334300213907;0.9999647943190492;0.9997536990453161;0.9999999999999999;1.0;0.9990709042064836;0.9999194937033109;0.9986104287724906;0.9984478017702414;0.9981465713755205;0.9977110532243622;0.9974669304087849;1.0;0.999907692782826;0.9999782616841425;0.9997899589801879;0.9999267939840831;1.024999976158142;
2016-01-28 10:15:00;0.9999836855445241;0.9994377539030518;0.9997175787730703;1.0;0.9998908767361487;0.9999691172333505;1.0003854866671038;0.999946472569811;1.0;0.9999628724624737;0.999619124912702;0.9998737799622412;1.0;0.9999481474538673;1.0;1.0;0.9999999999999999;0.999885761631366;0.9999708180685252;0.9999002206553694;0.9999758618583494;0.999479122631072;0.9999996412943745;1.0003588747307475;1.0003974741884165;1.0;0.9995127513285965;0.9999627372756442;0.9997839311840689;1.0;1.0;0.9990871498638548;0.9999292407814723;0.9985578726115814;0.9983866777371792;0.9982314548381359;0.9978423892728208;0.9976093446386152;1.0;0.9999170272253787;0.9999845240262357;0.9997690811088382;0.9999400800990369;1.024999976158142;
2016-01-28 10:30:00;0.9999855122462971;0.9995586262440155;0.9997769556693883;1.0;0.9999111650213148;0.9999762849786568;1.0003787416545502;0.9999593022226957;1.0;0.9999706729660002;0.9996963898625751;0.9998579643325194;1.0;0.9999611461099074;1.0;1.0;0.9999999999999999;0.999905613383778;0.9999754987979285;0.9999213878302795;0.9999757926410271;0.9995860602071096;0.9999996106930782;1.0003524854955939;1.0003907215094323;1.0;0.9996108735791963;0.999971407698597;0.999766513071937;1.0;0.9999999999999999;0.999052513886451;0.9999440589047982;0.9985053475503715;0.9983453580712016;0.9981628590055884;0.997744070985509;0.9975119955417532;1.0;0.9999338792633237;0.9999841731151347;0.9998179872584054;0.9999338987982237;1.024999976158142;
2016-01-28 10:45:00;0.9999883126310299;0.999692282910673;0.9998451723058803;0.9999999999999999;0.999934820910778;0.9999838087049326;1.0003734069341956;0.9999725927875163;1.0;0.9999788274971799;0.9997879181548166;0.9998577075713398;1.0;0.9999737498788283;1.0;1.0;1.0;0.9999298158627549;0.9999813563211637;0.9999455889291448;0.9999790642848301;0.9997096767274501;0.9999996490319686;1.0003478232629235;1.0003848664493706;1.0;0.9997260877233208;0.999980254147509;0.9997487433611184;1.0;1.0;0.9990529162216535;0.9999596801029921;0.9984599878973648;0.998262438244445;0.9981950519752333;0.9977981037576404;0.9975978669314521;1.0;0.9999521067218411;0.9999861677858815;0.9998739750676614;0.9999344762549143;1.024999976158142;
2016-01-28 11:00:00;0.999979860261516;0.9993702146891212;0.9996950891331853;1.0;0.9998800731554266;0.9999685092861539;1.0003944749756224;0.9999458734856225;1.0;0.9999561540375251;0.9995901080194866;0.999874958346619;1.0;0.9999413962646009;0.9999999999999999;1.0;1.0;0.9998752614196267;0.9999668395620672;0.9998936935857772;0.9999745419354508;0.9994370697650634;0.9999996625606099;1.0003674693380786;1.000406463418091;1.0;0.9994746951683043;0.9999592023196171;0.9997676988671997;1.0;1.0;0.9990413943497513;0.9999165380486054;0.9984689495785531;0.9982930855124097;0.9981541786165643;0.9977807224861993;0.9975580121969866;1.0;0.9999039260056651;0.9999841717007292;0.9997539558447758;0.9999388418024379;1.024999976158142;
2016-01-28 11:15:00;0.999981628557516;0.9993871510628222;0.9996896582429442;1.0;0.99987774409406;0.999965488643097;1.0004121390186274;0.9999403130597527;1.0;0.9999595134939326;0.9995805782188759;0.9998601021858364;1.0;0.9999439094260971;1.0;0.9999999999999999;1.0;0.9998711385721618;0.9999671547610441;0.9998899940270167;0.9999704292151664;0.999425339370321;0.9999995367748024;1.0003838070696278;1.0004250974913924;1.0;0.9994615917844341;0.9999590277259507;0.9997466579903509;0.9999999999999999;1.0;0.9989163882062725;0.9999228959739123;0.9982914479037726;0.998084629224231;0.9978983554077749;0.9974623222556173;0.9971998463117804;1.0;0.9999089029635191;0.9999807739229428;0.9997453957660232;0.9999341175043042;1.024999976158142;
2016-01-28 11:30:00;0.9999744616080346;0.9994089387904472;0.9997115632720796;1.0;0.9998746879046283;0.999971184877249;1.0003940575837196;0.9999527560213861;0.9999999999999999;0.9999557142181705;0.9996040809468197;0.9998779017999125;1.0;0.9999494387931434;1.0;1.0;1.0;0.9998648515909482;0.9999614599181612;0.9998998576943379;0.9999571884388713;0.9994567328494176;0.9999993102100811;1.000366913251071;1.0004072446605805;1.0;0.9994871836092328;0.9999621019707245;0.9997734619095235;1.0;1.0;0.9990813282319341;0.9999186659021221;0.9984485564118376;0.9982572394579965;0.998288550734437;0.9979196720406783;0.997701759754124;1.0;0.9999046511738626;0.9999719928178417;0.9997682470243011;0.9999414963661957;1.024999976158142;
2016-01-28 11:45:00;0.9999911621280972;0.9996541666582236;0.9998290173052771;1.0;0.9999371264435309;0.9999821886815483;1.0003724467773298;0.9999684986814007;1.0;0.9999781400231927;0.9997707237448729;0.9998840778206675;0.9999999999999999;0.9999678681854783;0.9999999999999999;1.0;1.0;0.9999353662934607;0.9999841944307681;0.9999400138636942;0.9999898800955982;0.9996876040377558;0.9999998765654577;1.0003467762061138;1.0003833169010448;1.0;0.9997089869537166;0.9999780164908095;0.9997651863371999;1.0;1.0;0.9990264034959034;0.9999566810325915;0.998247105478042;0.9979827644136606;0.9982604618646664;0.9979174753217501;0.9977234223825462;1.0;0.9999500091205921;0.9999938481088351;0.9998610482892121;0.9999452907813723;1.024999976158142;
2016-01-28 12:00:00;0.9999889949287872;0.9996556539661434;0.999833846372258;1.0;0.9999361108481601;0.999983918802954;1.0003714095617287;0.9999722005025417;1.0;0.9999766989153654;0.9997756851960289;0.9998641490860268;1.0;0.9999689663912817;1.0;1.0;1.0;0.9999336153808129;0.9999825385581469;0.9999424808985334;0.9999865679763777;0.9996944318998576;0.9999998250027509;1.000345758170692;1.000382449308842;1.0;0.9997144745224826;0.9999787611210101;0.9997625996683329;1.0;1.0;0.9990253335470469;0.9999546985190898;0.9983140845232479;0.9981066158722777;0.9982114928326269;0.9978290705705323;0.9976271157512717;1.0;0.99994809963275;0.9999917157943514;0.9998667561877994;0.9999359079282348;1.024999976158142;
2016-01-28 12:15:00;0.9999786901607031;0.9994651335720858;0.999751304941038;1.0;0.9998969535491385;0.9999773957213294;1.0004010891136699;0.9999623296296185;1.0;0.9999601058295314;0.9996630048335716;0.9998759310732652;0.9999999999999999;0.999952324287212;0.9999999999999999;1.0;1.0;0.9998918294772872;0.9999692074660104;0.9999151605451261;0.999973128522027;0.9995372043915278;0.9999996406643102;1.000373572030463;1.0004133770966428;1.0;0.9995668359444736;0.9999673103513838;0.9997770581535826;1.0;0.9999999999999999;0.9988837363752356;0.9999244033883288;0.9979384296446453;0.9976960993244564;0.998040964905034;0.9977059204482924;0.997529485117247;1.0;0.9999141232428773;0.9999833128789821;0.9998035402974387;0.9999389299991547;1.024999976158142;
2016-01-28 12:30:00;0.9999654705909133;0.9993178028232008;0.9996938518765036;1.0;0.9998618026861472;0.9999752265688394;1.0004114095496484;0.9999615184661662;1.0;0.9999437110226027;0.9995799677491544;0.999857958594142;1.0;0.9999419468487716;1.0;0.9999999999999999;1.0;0.9998522179529286;0.9999541179272116;0.999897678183921;0.999952833032657;0.999421633709981;0.9999993278303579;1.0003831405857666;1.0004249708204225;1.0;0.9994554483220808;0.9999594583078681;0.9997760912082021;1.0;1.0;0.9989606206492342;0.9998966990882473;0.9981433301914745;0.997910853733989;0.9981329273501439;0.9977866595687338;0.9976270928892513;1.0;0.9998831837414981;0.9999702259867608;0.9997631191599204;0.9999286006350587;1.024999976158142;
2016-01-28 12:45:00;0.9999838982455616;0.9996406944966524;0.9998212132548419;1.0;0.9999225995815332;0.9999829234296534;1.000385694963473;0.9999720574118854;1.0;0.9999740729376705;0.9997517337713325;0.9998645932137753;1.0;0.9999713927949285;0.9999999999999999;1.0;1.0;0.999915509664038;0.9999761978034595;0.9999379830938309;0.999970612049404;0.999662930259725;0.9999995028299311;1.0003588030647754;1.0003983294033345;0.9999999999999999;0.9996799923618156;0.9999779856740839;0.9997628036629375;0.9999999999999999;1.0;0.9989577006525797;0.9999517034709168;0.9980837833721333;0.9978653080716784;0.9981647853150549;0.9978073764279551;0.9976416496129129;1.0;0.9999427708887864;0.9999805379031584;0.9998563516145617;0.9999372557955025;1.024999976158142;
2016-01-28 13:00:00;0.9999919865080829;0.9997008280810432;0.9998499253278248;0.9999999999999999;0.9999450950403622;0.9999847266055664;1.0003713013906708;0.999973146764161;1.0;0.9999814060158094;0.9997969875074922;0.9998645174123315;1.0;0.9999733021817598;1.0;0.9999999999999999;1.0;0.999942953441176;0.9999859116886136;0.9999473699976107;0.9999892872390537;0.999725741207145;0.9999998498193267;1.000345441696303;1.000382442258829;1.0;0.9997433672278704;0.9999813698702124;0.9997637741138271;1.0;1.0;0.9989617095736942;0.9999633108693005;0.9981643339746662;0.9979479515082222;0.9981218481980831;0.9977109822512472;0.997475155248866;1.0;0.9999573217350859;0.9999932644776224;0.9998780716344324;0.9999370392956435;1.024999976158142;
2016-01-28 13:15:00;0.9999894792055082;0.9996503132667801;0.9998255065690023;1.0;0.9999323562077269;0.9999817215859501;1.0003830189338294;0.9999682036666292;1.0;0.9999772280840804;0.9997639963368721;0.9998649044513083;1.0;0.999968553558746;1.0;1.0;1.0;0.9999290486553232;0.999982039635829;0.9999386878603225;0.9999845285479428;0.9996779712963236;0.9999997680600937;1.0003566547602867;1.0003944867411492;1.0;0.999698452108133;0.9999776503921224;0.9997425099075484;1.0;1.0;0.9989336574681571;0.9999556069532196;0.9980874455255081;0.9978608011722498;0.9980897439173746;0.9976674983583106;0.99741520769975;1.0;0.9999481133248643;0.9999900931473727;0.9998579851383402;0.9999370251347491;1.024999976158142;
2016-01-28 13:30:00;0.9999910832324577;0.9997376546629964;0.9998712579204956;1.0;0.9999489474210604;0.9999872977363216;1.0003702752520576;0.9999781639199837;1.0;0.9999823459940266;0.999825060037702;0.9998692474102548;0.9999999999999999;0.9999770220169988;1.0;1.0;1.0;0.9999461669014255;0.9999858929563383;0.999955205804969;0.9999869925692073;0.9997616264973402;0.9999998050200676;1.0003448185425068;1.0003812474669238;1.0;0.9997763497474823;0.9999837594516086;0.999761438964824;0.9999999999999999;1.0;0.9989643502223219;0.9999656675351698;0.9981340103323803;0.9979056621784611;0.9981505255398513;0.9977520547191737;0.9975219420664582;1.0;0.9999601285049459;0.9999916846711507;0.9998962142608645;0.9999392393937865;1.024999976158142;
2016-01-28 13:45:00;0.999987612373378;0.9996624197373845;0.9998348342441737;1.0;0.9999315331886356;0.9999833105218565;1.0003778670378687;0.9999715603602671;1.0;0.9999765445204845;0.9997754585897548;0.9998664534689539;1.0;0.9999703451370475;1.0;1.0;1.0;0.999927274473481;0.9999806791591286;0.9999424261239085;0.9999807790870081;0.999691667546407;0.9999997013643441;1.0003520825980468;1.000389205689013;1.0;0.9997104652611646;0.9999786897709646;0.9997437854709504;1.0;0.9999999999999999;0.998995561319883;0.9999547334401269;0.9981784024240936;0.9979360417233957;0.9982143563099448;0.9978514668015371;0.9976724531667623;1.0;0.9999471961402528;0.9999875847336364;0.9998666271101267;0.9999376150766338;1.024999976158142;
2016-01-28 14:00:00;0.999989570107781;0.999608414439845;0.9998012001506821;1.0;0.9999245973846468;0.9999782522171091;1.0003742439540766;0.9999617620373695;1.0;0.9999754882922219;0.9997319325205005;0.9998659188699386;1.0;0.9999642234233713;0.9999999999999999;0.9999999999999999;1.0;0.9999211981553568;0.9999808134365008;0.9999295608379987;0.9999842691270956;0.9996342632197313;0.9999997616299248;1.0003484442165362;1.000385517504363;1.0;0.9996579114542475;0.9999744454260466;0.9997679612497191;1.0;1.0;0.9990417304721239;0.9999518378376346;0.9982752222704173;0.9980699003551113;0.9982874963074079;0.9979328147078855;0.9977666641351691;1.0;0.9999432951350454;0.9999898868252056;0.9998368637482526;0.9999376066009042;1.024999976158142;
2016-01-28 14:15:00;0.9999903698189742;0.9996510666182691;0.9998256748589277;1.0;0.9999332203413802;0.9999811613024094;1.0003686294322658;0.9999669407603767;0.9999999999999999;0.999977538917138;0.9997656567947268;0.9998885802380414;1.0;0.9999676959454399;1.0;1.0;1.0;0.9999304904209332;0.9999828087043349;0.9999384958669485;0.9999866557937608;0.999679079315195;0.9999998085643588;1.0003434213351197;1.0003794331079132;1.0;0.9997003563734661;0.9999772583505625;0.9997656029812276;1.0;1.0;0.999050636111591;0.9999559787302994;0.9982668001616346;0.9980634847977155;0.9983201027508788;0.9979828716687464;0.9977876830200614;1.0;0.9999486061091805;0.9999915486536837;0.9998575599875664;0.9999476948113452;1.024999976158142;
2016-01-28 14:30:00;0.9999883993867521;0.9995368895019782;0.9997714090884559;1.0;0.9999168071506265;0.9999760260780537;1.0003732471974895;0.9999577130661325;1.0;0.9999703890306061;0.9996939840085199;0.9998763683248977;1.0;0.9999564401386563;1.0;0.9999999999999999;1.0;0.9999148173035827;0.9999789082943348;0.9999197956325181;0.9999875414594889;0.9995832467267928;0.999999860452901;1.0003473507082687;1.0003843302707873;1.0;0.999612128183856;0.9999702353483223;0.999774383309698;1.0;1.0;0.9991059176277487;0.9999421116821902;0.9984571554205532;0.9982612696782224;0.9983568494001299;0.9980100099234556;0.9978246502889891;1.0;0.9999333623728456;0.9999925471333769;0.9998143057732733;0.9999409051174758;1.024999976158142;
2016-01-28 14:45:00;0.9999920589307686;0.9996602446134761;0.9998287298812644;0.9999999999999999;0.9999367413042243;0.9999810385440704;1.0003623440428273;0.9999662761202968;1.0;0.9999790978598344;0.9997708401354409;0.9999029172298406;1.0;0.9999679646814527;1.0;1.0;1.0;0.9999348095810545;0.9999846190474242;0.9999392644379729;0.9999898848658896;0.9996865318643754;0.9999998645361552;1.0003375460311685;1.0003728199641349;1.0;0.9997080579591028;0.9999776819735855;0.9997576789799106;0.9999999999999999;1.0;0.9990847031896815;0.9999583741076512;0.9983791000284855;0.998183198704898;0.9983461708778523;0.9980540405942718;0.9978856948225678;1.0;0.9999513826762275;0.9999937004899766;0.9998593371708927;0.9999543027197252;1.024999976158142;
2016-01-28 15:00:00;0.9999931499381222;0.9996338159701109;0.9998093644382376;1.0;0.9999340535945128;0.9999785926311893;1.0003522997632328;0.9999616400223962;1.0;0.9999791358807228;0.9997439589043023;0.9999301479657521;1.0;0.9999659435332425;1.0;0.9999999999999999;1.0;0.9999322321588424;0.9999846974720208;0.9999319256592936;0.9999907748096378;0.9996543175454529;0.9999998722673492;1.000327588022357;1.0003629723754235;1.0;0.9996774632778633;0.9999759516917632;0.9997683593391072;0.9999999999999999;1.0;0.9991855225208293;0.9999584356814957;0.9985036691768514;0.9983068005457975;0.9985651874118654;0.9983190588702069;0.9981507736201991;1.0;0.999950883962172;0.9999941865800763;0.9998423685804797;0.9999670053880246;1.024999976158142;
2016-01-28 15:15:00;0.9999848868376564;0.999539051237708;0.9997634311110406;0.9999999999999999;0.999904076870207;0.9999735786031511;1.0003541382846124;0.9999547222236651;1.0;0.9999693554437767;0.9996778992016323;0.9999416583337633;1.0;0.9999591467999023;1.0;1.0;1.0;0.9998974955361921;0.999973547833421;0.9999159404091764;0.9999724648397944;0.9995591882058018;0.999999538486062;1.0003297531220117;1.0003655010382209;0.9999999999999999;0.9995852115718784;0.9999691600682525;0.9997903861420754;1.0;1.0;0.9992874578298825;0.9999421183684359;0.9987188049052896;0.9985204417303308;0.9987257265584162;0.9985033221610318;0.9983400359476465;0.9999999999999999;0.9999307664271477;0.9999817609986091;0.9998054381736593;0.9999722313563448;1.024999976158142;
2016-01-28 15:30:00;0.9999843013595906;0.9995341867239849;0.9997642979658488;0.9999999999999999;0.9999053421300002;0.9999749240667142;1.0003621802629274;0.9999571325585492;1.0;0.9999688131777652;0.999678642730977;0.9999482351241493;1.0;0.999959233784929;1.0;0.9999999999999999;1.0;0.9998991225338859;0.9999736124605043;0.9999169217633957;0.9999731883861014;0.9995618383258743;0.9999995638508318;1.0003370095452089;1.0003738841102863;1.0;0.9995877281304025;0.9999697711997535;0.9997909547528483;1.0;0.9999999999999999;0.9991764694891903;0.9999408143515847;0.9984004112164958;0.9981752198433568;0.9986083976794817;0.9983852678786306;0.998204056428241;0.9999999999999999;0.9999299079008123;0.9999824110087162;0.9998076550442543;0.9999746858795271;1.024999976158142;
2016-01-28 15:45:00;0.9999841889178109;0.9994941105295982;0.999740666105569;1.0;0.9998989709683169;0.9999720834445831;1.0003587423120075;0.9999520458826486;1.0;0.9999670758114618;0.9996463337093414;0.9999497466081313;1.0;0.9999557095311206;1.0;1.0;1.0;0.999892589017423;0.9999722689301132;0.9999082704400604;0.9999726004639029;0.9995202447006908;0.999999552461918;1.0003334426532653;1.0003706880221843;1.0;0.9995485610733186;0.9999670267420682;0.9997893362333672;1.0;1.0;0.9992443043511594;0.9999377302157283;0.9985858365282615;0.9983639162557654;0.9986863705159464;0.9984650393101476;0.9982831998086579;1.0;0.9999259616847471;0.999981984219029;0.9997876659133984;0.9999754746555422;1.024999976158142;
2016-01-28 16:00:00;0.999987775133298;0.9996385579860291;0.9998187252450936;1.0;0.9999316260744596;0.9999830236280154;1.0003417839224187;0.9999711052467599;0.9999999999999999;0.9999764622862594;0.9997506591615797;0.9999521206129824;1.0;0.9999701662324231;1.0;1.0;1.0;0.9999273856785613;0.9999805952280126;0.9999370863107634;0.9999809015844499;0.9996667918217507;0.9999997026434329;1.0003172232725839;1.000353152132212;1.0;0.9996856313909804;0.9999784438728084;0.9997766323503471;1.0;0.9999999999999999;0.9992574889919058;0.9999550519550483;0.9986213117723504;0.9984002654789816;0.9987019112597675;0.9984762505324326;0.9982828343811802;1.0;0.9999474875097529;0.9999876479122365;0.9998542599828161;0.9999764033299631;1.024999976158142;
2016-01-28 16:15:00;0.9999866095926953;0.999549864043003;0.999768347264806;1.0;0.9999122138803935;0.9999754445837394;1.0003523204992273;0.9999576315405476;1.0;0.9999713745602516;0.9996838220510242;0.9999501862549751;1.0;0.9999608707172456;1.0;1.0;1.0;0.9999069532609198;0.99997618357302;0.9999181493779407;0.9999772128588993;0.9995734678823732;0.9999996310962411;1.0003272608741223;1.0003640144382753;1.0;0.999598611203125;0.999971061147868;0.9997948691517787;0.9999999999999999;1.0;0.9992715951401566;0.9999456503343406;0.9986410506175329;0.998435639520602;0.9987309802605108;0.9985280435115967;0.9983698381247684;0.9999999999999999;0.9999354574509097;0.9999850578262596;0.9998105028992296;0.999975844959536;1.024999976158142;
2016-01-28 16:30:00;0.999990277520479;0.9996173210227759;0.9998047384850619;1.0;0.9999308212606167;0.99998006917864;1.000341878500246;0.9999650426811759;1.0;0.9999767286880058;0.9997347575133854;0.9999502342794305;1.0;0.9999663232956433;1.0;1.0;1.0;0.9999280040998205;0.9999821496891431;0.9999313465376711;0.9999863170908672;0.9996447574293797;0.9999998024405674;1.0003173967245917;1.0003528748182124;1.0;0.9996668986380384;0.9999761409363859;0.9997905519375436;1.0;1.0;0.9993080884230636;0.9999548211866783;0.9986945544119397;0.998468400856297;0.998804514432707;0.9986153384797163;0.9984738412447265;0.9999999999999999;0.9999471243814296;0.9999913100028436;0.9998410026208868;0.9999756038868505;1.024999976158142;
2016-01-28 16:45:00;0.9999898118665932;0.9995857954362842;0.9997856107259221;1.0;0.9999236249814931;0.9999772762230198;1.0003474147244527;0.999960125075617;1.0;0.9999751098897294;0.999708708177435;0.999950070858361;1.0;0.9999634043128087;1.0;1.0;1.0;0.999920191985362;0.9999804457776723;0.9999241272739847;0.9999842572717224;0.9996093289597745;0.9999997592558076;1.000322515484844;1.000358728189066;1.0;0.9996334197399709;0.9999735938941013;0.99978627883631;1.0;1.0;0.999302861906552;0.9999519179896852;0.9987066354080179;0.9984848050164536;0.998780498869417;0.9985878986996214;0.9984434226033285;1.0;0.9999431639192443;0.9999898334708077;0.9998243191358733;0.9999757989141145;1.024999976158142;
2016-01-28 17:00:00;0.9999910807391105;0.9996546034066942;0.9998210289865158;1.0;0.999935223605318;0.9999811617762577;1.0003421103878265;0.9999669698778502;1.0;0.9999792779924105;0.999756288376162;0.9999512568404662;1.0;0.9999699221527185;1.0;1.0;1.0;0.9999319545624719;0.9999833514504978;0.9999366875307751;0.9999855126036139;0.9996729377660476;0.9999997707579567;1.0003178135443418;1.0003530425079092;1.0;0.9996927104996544;0.9999781716928868;0.9997964443763567;1.0;1.0;0.9992682672391577;0.9999596524934559;0.9986178434615961;0.9983739544681951;0.9987367908906695;0.9985459599726374;0.9984025893966194;0.9999999999999999;0.9999521661873997;0.9999905704478389;0.999853359708255;0.9999766958280623;1.024999976158142;
2016-01-28 17:15:00;0.999964067896135;0.9993182337951712;0.9996636590058622;0.9999999999999999;0.9998466575911013;0.9999689036894318;1.0003688725878925;0.9999516749614258;1.0;0.9999464320910139;0.9995276948370415;0.9999763244809297;1.0;0.9999477477111584;0.9999999999999999;0.9999999999999999;0.9999999999999999;0.9998302001064162;0.9999487196013145;0.9998842108131182;0.9999323232340632;0.9993594530304554;0.9999988458500438;1.0003422286265724;1.000383789080831;1.0;0.9993884218932039;0.9999578981387598;0.9998052905884559;1.0;1.0;0.9993420940208788;0.999905069688746;0.998688490227565;0.9984524734360086;0.9989112236755132;0.9987775437501398;0.9986453894284528;1.0;0.9998872656448434;0.9999550002345108;0.9997320244705963;0.9999864380726059;1.024999976158142;
2016-01-28 17:30:00;0.9999466821769933;0.9989334141652761;0.9995035440774291;1.0;0.999779542216482;0.9999558534038346;1.000409749954654;0.9999319840198841;1.0;0.999911440716543;0.9993150070052479;0.9999618200568546;1.0;0.999909427723993;1.0;1.0;1.0;0.9997622550826001;0.9999248886203006;0.9998317454816653;0.9999195222379905;0.9990633995277689;0.9999987875514226;1.0003805753851973;1.0004257584059943;1.0;0.9991148555795494;0.9999331248662598;0.9998389272871192;1.0;1.0;0.9992971903783412;0.9998446787857497;0.9985746038845764;0.9983288367416769;0.9988535594967709;0.998719601324715;0.9985944069082701;1.0;0.9998217654915297;0.9999482397762159;0.9996109837510283;0.9999737172194583;1.024999976158142;
2016-01-28 17:45:00;0.999949552557775;0.9986471363032836;0.9993926685653356;0.9999999999999999;0.9997627826331275;0.9999470327819105;1.0004146885202319;0.9999127604796714;1.0;0.9998946982558615;0.9991859482444642;0.9999464005640395;0.9999999999999999;0.9998725049237474;0.9999999999999999;1.0;0.9999999999999999;0.9997578580709684;0.9999266715602183;0.9997954206848174;0.9999562164694051;0.9988851511077084;0.9999996545315176;1.000385334878953;1.0004280647711072;0.9999999999999999;0.9989641358408997;0.9999163457976438;0.9998436410246113;1.0;0.9999999999999999;0.9992819858985102;0.9998067611791404;0.9984920787044957;0.9982532631223943;0.9988640588202976;0.9987460700320481;0.9986457115062505;1.0;0.9997858415012789;0.9999754232823526;0.9995269341403289;0.9999592864020715;1.024999976158142;
2016-01-28 18:00:00;0.9999757162336051;0.9991924820742686;0.9996169700700374;1.0;0.9998582608816332;0.9999628531083016;1.0003747958808167;0.999936212688563;0.9999999999999999;0.9999433351188606;0.9994867767996909;0.9999659022965104;1.0;0.9999239137887235;1.0;1.0;0.9999999999999999;0.9998553779195011;0.9999603572211929;0.9998679500390222;0.9999774547152381;0.9993014176050202;0.999999797787339;1.0003482162221968;1.0003865905687397;1.0;0.9993502578814597;0.9999489635454238;0.9998318950450366;1.0;0.9999999999999999;0.9992965252439765;0.9998933881894853;0.9984821156589326;0.9982547977241377;0.9989147170612841;0.9988153652381806;0.9987319775166048;1.0;0.9998796174956517;0.9999870596094396;0.9996944891525529;0.9999770247422305;1.024999976158142;
2016-01-28 18:15:00;0.9999785152048749;0.9993404430835268;0.9996922229529129;1.0;0.9998872847563766;0.9999731142336444;1.0003488523076811;0.9999542731426736;1.0;0.9999533258633523;0.9995850026261942;0.9999681465721172;1.0;0.9999400633193878;1.0;1.0;1.0;0.9998849088594766;0.999967468095889;0.9998953655287466;0.9999807123175575;0.9994400078322793;0.9999998333498501;1.0003235520729166;1.0003602308696717;1.0;0.99947807861904;0.9999605678268019;0.9998339199616226;1.0;1.0;0.9994087002426177;0.9999117776592981;0.9987278663531318;0.9985218778311142;0.999085235492009;0.9990296565775958;0.9990008024816311;1.0;0.9999013168991224;0.9999890535568385;0.9997577710131594;0.9999786909413902;1.024999976158142;
2016-01-28 18:30:00;0.9999754060425161;0.9992752814907483;0.9996549747979127;1.0;0.9998729153527285;0.9999695074416698;1.000358879052669;0.9999487892310676;1.0;0.9999488038514782;0.999530782700378;0.9999714689348659;1.0;0.9999360870499502;1.0;1.0;1.0;0.9998684056627128;0.9999622751449895;0.9998822265780958;0.9999727539267732;0.999370657527525;0.9999996837053112;1.0003321714864837;1.000371590148716;1.0;0.999410608021415;0.9999564970577558;0.9998398117467419;1.0;1.0;0.9994166369616614;0.9999050304820373;0.9986871151214947;0.9984598056738057;0.9991370048067253;0.9990898283828236;0.9990656262239691;1.0;0.9998925977026795;0.999983574162453;0.9997274227189443;0.9999804890104165;1.024999976158142;
2016-01-28 18:45:00;0.9999807341688282;0.9993678792696725;0.9996912039705029;1.0;0.9998903777177025;0.9999716547988219;1.0003573145399225;0.9999517001473185;1.0;0.9999575398197458;0.9995795963720762;0.9999749161737344;1.0;0.9999445300485659;1.0;1.0;1.0;0.99988657418155;0.999968609535445;0.9998936597521993;0.9999778451948418;0.9994394285891588;0.9999997332334709;1.0003305846164314;1.000369938424749;1.0;0.9994745596230105;0.9999617829371302;0.9998391028902538;1.0;1.0;0.9993846008446072;0.9999209304952905;0.9986141705558224;0.9983637401241376;0.9990901904857422;0.9990459260741146;0.9990245169835225;1.0;0.9999097981069601;0.9999865196108734;0.9997538670299517;0.9999836955560817;1.024999976158142;
2016-01-28 19:00:00;0.9999653639466128;0.9990079965967114;0.9995429918001351;1.0;0.9998278385710613;0.9999600970139301;1.0003708554694128;0.999933261220357;1.0;0.9999267759638163;0.9993840108426886;0.9999648261583646;0.9999999999999999;0.999909064291945;1.0;1.0;1.0;0.9998237133648793;0.99994840302551;0.9998451519267874;0.9999679339890888;0.9991648761836551;0.999999710640026;1.0003437096206402;1.0003835008799355;0.9999999999999999;0.9992218207169039;0.9999398282340434;0.9998612190502523;1.0;0.9999999999999999;0.9994376952554304;0.9998639933326575;0.998714293797544;0.9984774584955798;0.9991819601024181;0.9991382356068784;0.9991160312712859;0.9999999999999999;0.9998482071871123;0.9999816161939837;0.9996417091802875;0.9999732411538942;1.024999976158142;
2016-01-28 19:15:00;0.9999808257434692;0.9994872781333392;0.9997605203920792;1.0;0.9999106136107652;0.9999811799648949;1.0003256811218233;0.999968751640758;1.0;0.9999635580586185;0.9996722262430319;0.9999759132707137;0.9999999999999999;0.9999567719653427;1.0;1.0;1.0;0.999906987586874;0.9999729254513078;0.9999193911259641;0.9999786529069329;0.9995623890327837;0.9999997457018099;1.0003016153411521;1.0003369742358994;1.0;0.9995892018094175;0.9999711621334276;0.999867633948102;1.0;1.0;0.9994110798195881;0.9999310784635836;0.9985651361874375;0.9983582243764998;0.999203546280028;0.9991690648409187;0.999157172116134;1.0;0.9999226400136031;0.9999871180301578;0.9998132674489012;0.9999839140703992;1.024999976158142;
2016-01-28 19:30:00;0.9999849101513443;0.9993580812291257;0.9996709120562396;1.0;0.9998862978208537;0.9999656077247769;1.0003565911792414;0.9999397731465315;1.0;0.9999608316020074;0.9995540449401311;0.9999784379138441;1.0;0.9999423086488205;0.9999999999999999;1.0;1.0;0.9998824039017599;0.9999706157148148;0.9998839655979782;0.9999799204940976;0.9994037767791185;0.9999997269132846;1.0003300909373483;1.0003690636794276;1.0;0.9994416433380834;0.9999590437800762;0.9998360299495781;1.0;1.0;0.9993400524674656;0.9999255783801952;0.9983956341345627;0.9981794211806987;0.9991050689953771;0.9990712942369798;0.9990629563913583;1.0;0.9999129500491224;0.9999873818435865;0.9997314618672752;0.999987080237903;1.024999976158142;
2016-01-28 19:45:00;0.9999861608113848;0.9992047566542669;0.9995838821713467;1.0;0.9998578785253791;0.9999515792747742;1.000364708864334;0.999913802695985;0.9999999999999999;0.9999536117249768;0.999442589946368;0.9999797702939908;1.0;0.9999239909052455;0.9999999999999999;1.0;1.0;0.999854571219331;0.9999663777352952;0.9998507912913073;0.9999820779369633;0.9992470533981261;0.999999768045611;1.000338220260887;1.0003768097457484;1.0;0.999298280345107;0.9999457745324516;0.9998613122867271;0.9999999999999999;1.0;0.9993763335301723;0.9999109239787611;0.9984292600144383;0.9982054051139593;0.9991915382394647;0.9991587086261727;0.9991495767477568;0.9999999999999999;0.9998945779902005;0.9999887873900726;0.9996548358540092;0.99998791951261;1.024999976158142;
2016-01-28 20:00:00;0.9999854779863052;0.9992889786732136;0.9996317064288731;1.0;0.9998722164558894;0.999958915409826;1.0003490165036835;0.9999272731992036;1.0;0.9999576350973187;0.9995043602973823;0.9999813792476073;1.0;0.9999337845780895;1.0;1.0;0.9999999999999999;0.9998684433666092;0.9999686401166762;0.9998688636170581;0.9999805434448473;0.9993320738150722;0.9999997353844842;1.0003235227282803;1.0003608472367906;1.0;0.999376256305638;0.9999528629628376;0.9998532708861557;1.0;1.0;0.9994528988392729;0.9999185627176158;0.9986274035781713;0.9984067979001162;0.9992871579773261;0.9992563871805258;0.9992460801710826;1.0;0.9999040578824281;0.9999877490051986;0.9996965180950564;0.9999885920258753;1.024999976158142;
2016-01-28 20:15:00;0.9999799380251458;0.9994368797267396;0.9997313946844459;1.0;0.9998981034456154;0.9999762022483666;1.0003300717046895;0.9999601034885106;1.0;0.999960144192344;0.9996339045191718;0.9999823357359829;1.0;0.9999510084631904;1.0;1.0;0.9999999999999999;0.9998936332243018;0.9999697534574155;0.9999082245259708;0.9999756365749675;0.9995074243087306;0.9999996865007889;1.0003060324459094;1.0003413948756812;1.0;0.9995379724611866;0.9999663274591751;0.9998691255292269;0.9999999999999999;0.9999999999999999;0.9994931225622992;0.9999254303959171;0.998695201208364;0.9984927835327367;0.9993621826771623;0.9993406124245952;0.9993322723313529;0.9999999999999999;0.9999152358288559;0.9999849853564036;0.999787523340604;0.999987120465231;1.024999976158142;
2016-01-28 20:30:00;0.9999640013690605;0.9989453747162158;0.9995123998928572;1.0;0.9998159187259609;0.9999560951750317;1.0003686677186183;0.999926272175198;1.0;0.9999223493645305;0.9993443506605522;0.9999709088449806;1.0;0.9999021777336856;1.0;1.0;0.9999999999999999;0.9998117230865496;0.9999454226900484;0.999834128286764;0.9999668470873406;0.9991085958919145;0.9999997057048744;1.0003419012806378;1.000381076210889;0.9999999999999999;0.9991701284358869;0.9999350366341203;0.999879238055257;1.0;1.0;0.9994614075740771;0.999855775615686;0.9985790598749988;0.9983653800794027;0.9993458391942199;0.9993250446959373;0.9993171172831307;1.0;0.9998387247645281;0.9999810225317727;0.9996163022210521;0.999975548967463;1.024999976158142;
2016-01-28 20:45:00;0.9999703625085864;0.9991737446448666;0.9996120490756969;1.0;0.9998499592251775;0.9999644839579067;1.0003544450061468;0.9999407024194833;1.0;0.9999393102633907;0.9994751318107434;0.9999773346160842;1.0;0.999925141188805;1.0;1.0;1.0;0.9998443909094515;0.9999550507294428;0.9998674448214064;0.9999667639707346;0.9992870186584023;0.999999609469682;1.0003289182503008;1.0003665297681854;0.9999999999999999;0.9993336519336883;0.999948940214231;0.9998776432897185;1.0;1.0;0.9994858534191;0.9998876966430984;0.9986607940863135;0.9984290483567211;0.9993637545481474;0.9993428806174534;0.9993345405052816;1.0;0.9998730441788998;0.9999798962512648;0.9996933257369364;0.999981899571952;1.024999976158142;
2016-01-28 21:00:00;0.9999768110347831;0.9992909454034651;0.999661102961463;1.0;0.9998707566474359;0.9999670942145532;1.000338478303489;0.9999440993033013;1.0;0.9999496619811639;0.9995431178188706;0.9999811022140308;1.0;0.9999347198195628;1.0;1.0;1.0;0.9998663111465987;0.99996288726737;0.9998830281975024;0.9999737036476792;0.9993782288677459;0.9999996882250128;1.0003144458500026;1.000349545987528;1.0;0.999419587706264;0.9999551839037898;0.9999255225765907;1.0;0.9999999999999999;0.9995037197394085;0.9999059959073222;0.998703755293433;0.9984758303266013;0.9993883046089559;0.9993670634425776;0.9993571361913798;1.0;0.999892981833939;0.9999840496614181;0.999729371281489;0.9999853974481723;1.024999976158142;
2016-01-28 21:15:00;0.9999834321115998;0.9994471757007963;0.9997298574328892;1.0;0.9999028670936768;0.99997473457446;1.0003152849888608;0.9999565927221032;1.0;0.9999633191687185;0.9996332160666216;0.999984025004072;1.0;0.9999511485544264;1.0;1.0;1.0;0.999899532148387;0.9999729263784186;0.9999067042144296;0.9999808297433715;0.9995085495301264;0.9999997661151905;1.0002920437159655;1.0003261330043751;1.0;0.9995398486289484;0.9999664544567898;0.9999350689063002;0.9999999999999999;1.0;0.9995415978722237;0.9999304801650636;0.998820519987535;0.9986053392403266;0.9994228133023572;0.9994021579313594;0.9993938173244832;1.0;0.9999205395562213;0.9999883168877259;0.9997840126750682;0.9999885206338178;1.024999976158142;
2016-01-28 21:30:00;0.9999862096261335;0.9995894751852793;0.9998007203245558;1.0;0.999924972812135;0.9999818906892298;1.0002961479681916;0.9999691039856176;0.9999999999999999;0.9999723602227363;0.9997282019048891;0.9999860926221109;1.0;0.999964733330143;1.0;1.0;1.0;0.9999214845367661;0.9999787305731772;0.9999314346525827;0.9999821470947791;0.999634542566986;0.9999997553789194;1.0002748223790747;1.0003059934139105;1.0;0.9996569662034887;0.9999756105398149;0.9999477468249005;1.0;1.0;0.9995440854938044;0.9999469343119194;0.9988153249236331;0.9985915672630354;0.9994338644216869;0.9994131864114825;0.9994048457125669;1.0;0.9999391691692652;0.9999888471075958;0.9998411644324222;0.9999905957091255;1.024999976158142;
2016-01-28 21:45:00;0.9999881312048572;0.9996432099611758;0.9998222390953858;1.0;0.9999330548963566;0.9999832742967174;1.0002959324957688;0.9999714540125684;1.0;0.9999766004390035;0.9997563113772127;0.9999882189208702;0.9999999999999999;0.9999700173682289;1.0;0.9999999999999999;1.0;0.9999292373062846;0.9999811050479088;0.9999383457811032;0.9999823035854255;0.9996735346825352;0.9999997322906727;1.000274613264104;1.0003058489709544;1.0;0.9996925373533818;0.9999785812456317;0.9999289200303805;1.0;1.0;0.9995503243886346;0.9999552736780348;0.9988416414136816;0.9986194806564853;0.9994347104930243;0.9994136095896317;0.9994040944633963;0.9999999999999999;0.9999479680276618;0.9999886446003466;0.9998571835451691;0.9999925700148846;1.024999976158142;
2016-01-28 22:00:00;0.9999893831952277;0.9996738395845545;0.9998424552082843;1.0;0.9999383770030134;0.9999844942375173;1.0002842663122111;0.9999732163033747;1.0;0.9999777899993921;0.9997874048462475;0.9999870342877227;1.0;0.999970506772597;1.0;1.0;0.9999999999999999;0.9999357803908402;0.9999831416415136;0.9999453503219771;0.9999865096193675;0.9997093669469647;0.9999998179119118;1.0002646709693748;1.000292829439985;1.0;0.9997283945431966;0.9999796838589088;0.9999472077790822;0.9999999999999999;1.0;0.9995889011235872;0.999956803834911;0.9989375846460348;0.9987213909455177;0.9994855460960184;0.9994626000810064;0.9994518783385709;1.0;0.9999503677503823;0.9999916066318774;0.99987340245579;0.9999916744850312;1.024999976158142;
2016-01-28 22:15:00;0.9999919866911591;0.9997369694948735;0.9998682742603129;1.0;0.9999497543694239;0.9999867237291351;1.0002778994951107;0.9999769070470488;1.0;0.9999831749899719;0.9998209674764034;0.9999882456007921;1.0;0.9999770151689378;0.9999999999999999;0.9999999999999999;1.0;0.9999471684636477;0.9999866166607028;0.9999538849533751;0.9999880537511833;0.999757543525008;0.9999998186658083;1.0002585052994284;1.0002864783409426;1.0;0.9997724801748568;0.9999836826109266;0.9999228421338742;1.0;1.0;0.9996103859676485;0.9999670110501057;0.9990000021718419;0.9988001472052719;0.9995077233126772;0.9994854313823126;0.9994770900804697;0.9999999999999999;0.9999614445339393;0.9999923348954475;0.9998931469678654;0.9999932574536046;1.024999976158142;
2016-01-28 22:30:00;0.999991227716274;0.999703676051131;0.9998525980993088;1.0;0.9999456786113327;0.9999857178628121;1.0002880995518149;0.9999751713833819;1.0;0.9999811146057056;0.999799552475958;0.9999874121353464;1.0;0.9999742214434166;1.0;1.0;1.0;0.9999432734914088;0.9999854589398807;0.9999486855371406;0.999988115109102;0.9997303916895487;0.999999831339893;1.0002676989682167;1.00029717919682;1.0;0.9997471396534023;0.9999819994851463;0.9999084108036292;1.0;1.0;0.9995809585485419;0.9999631471231829;0.9989219662977239;0.998705372489479;0.9994722549288604;0.9994486371764;0.9994387091148863;1.0;0.9999572992139577;0.9999925075391344;0.9998811140848418;0.9999924568640471;1.024999976158142;
2016-01-28 22:45:00;0.9999914017685703;0.9997803622640045;0.9998950616836385;0.9999999999999999;0.9999575004117492;0.9999906558370033;1.0002735799417217;0.9999843149829686;1.0;0.999984458420345;0.9998564693196478;0.9999882240119246;1.0;0.9999814074325718;1.0;1.0;1.0;0.9999549726503617;0.9999875145833638;0.9999640753660645;0.9999879154962342;0.9998052004377369;0.9999998227439174;1.0002546011335376;1.0002819271082994;0.9999999999999999;0.9998167890557775;0.9999870154662508;0.9999085115106621;1.0;1.0;0.9996351475541907;0.9999701183687727;0.9990850103365871;0.9988980023873212;0.9995243560814139;0.999503275862085;0.9994953470354122;1.0;0.9999656920263365;0.9999923280869698;0.999916747771322;0.9999929529400663;1.024999976158142;
2016-01-28 23:00:00;0.9999917318787418;0.9997936872562607;0.9999007856693816;1.0;0.999959189496833;0.9999910370725024;1.00026546096768;0.9999849919148922;1.0;0.99998538999462;0.9998640027931252;0.9999892083420077;1.0;0.9999827013979453;1.0;1.0;1.0;0.9999565192339924;0.999987970716951;0.999965945812905;0.9999877065360744;0.9998152031790757;0.9999998127529516;1.0002470837907596;1.0002735749351888;1.0;0.9998259403428483;0.9999877392714286;0.9999288380558189;1.0;1.0;0.999660433513761;0.9999719278475576;0.9991569759953716;0.9989969852406367;0.9995514776732936;0.9995298370753228;0.9995199082072068;0.9999999999999999;0.9999675890083447;0.9999921144032365;0.9999210797627663;0.9999936287977335;1.024999976158142;
2016-01-28 23:15:00;0.9999931695912995;0.9998282397111375;0.9999166558277263;1.0;0.9999659038414311;0.9999924497232678;1.0002597734590173;0.9999873291042837;0.9999999999999999;0.9999880169456812;0.9998855106435556;0.9999895642106298;1.0;0.9999857739791534;1.0;1.0;1.0;0.9999635783144554;0.9999900039056691;0.9999713361060486;0.9999895107179673;0.9998448423135827;0.9999998369269022;1.000241793446472;1.0002676493529363;1.0;0.9998536793565795;0.9999898368571533;0.9999400051701657;1.0;1.0;0.999663810603313;0.9999769103145009;0.9991682469642561;0.9990129559345249;0.9995539666822707;0.9995334061859444;0.9995254771202551;1.0;0.9999732329327947;0.9999932346334133;0.9999335628557885;0.9999941292223266;1.024999976158142;
2016-01-28 23:30:00;0.9999875403377265;0.9996333809492152;0.9998246710578104;1.0;0.9999325188196732;0.9999838193145454;1.0002807269951217;0.9999723284221714;0.9999999999999999;0.9999747123335608;0.9997623868347312;0.9999853488945485;1.0;0.9999675441699767;1.0;1.0;1.0;0.9999297291742133;0.9999809608756293;0.9999397332104232;0.9999848998107043;0.9996776453819576;0.9999998043720286;1.00026098574656;1.0002895561302352;0.9999999999999999;0.999698340733976;0.9999778648934643;0.9999361106001098;1.0;1.0;0.9996601257700598;0.9999512690765088;0.999143557813845;0.9989711378781615;0.9995597132370849;0.999537596289278;0.9995292545520879;1.0;0.9999444240108121;0.9999907011247829;0.9998603943260607;0.9999903049036959;1.024999976158142;
2016-01-28 23:45:00;0.9999919226164109;0.9997684819974314;0.9998840760375362;0.9999999999999999;0.9999554282434681;0.9999891490222529;1.0002688541111364;0.9999815242510007;0.9999999999999999;0.9999848672600852;0.9998404967158161;0.9999882602561733;1.0;0.9999809794451041;1.0;1.0;1.0;0.9999525175090082;0.9999873690898667;0.9999597710816309;0.9999871082699961;0.9997862390501012;0.9999997958891451;1.0002498164282712;1.0002774695804355;0.9999999999999999;0.9997982416097191;0.9999862319971757;0.9999461089673749;1.0;0.9999999999999999;0.9996485512965742;0.9999708670720389;0.9991429452505666;0.9989769189256503;0.9995252199947369;0.9995017235068754;0.9994925884934519;1.0;0.9999659103223659;0.9999916317558566;0.9999067826106623;0.9999934593251298;1.024999976158142;
2016-01-29 00:00:00;0.9999899211759902;0.9998011891061745;0.9999038745541318;1.0;0.9999582278824709;0.9999923970615235;1.0002612397252042;0.999988052757994;1.0;0.9999852569727457;0.9998647987626205;0.9999888905630129;1.0;0.9999854475250197;1.0;1.0;1.0;0.9999541023778441;0.9999864305103576;0.9999674358646489;0.9999825454443659;0.9998188063359568;0.9999997107111774;1.0002427755847931;1.0002698593925077;1.0;0.9998271398112111;0.999988986573454;0.9999265706489763;1.0;1.0;0.9996862995702415;0.9999724413938863;0.9992248342104715;0.9990793778404352;0.9995831547059941;0.9995598049449506;0.9995494948058503;1.0;0.9999678338650132;0.9999885323995741;0.9999245190488408;0.9999937579688876;1.024999976158142;
2016-01-29 00:15:00;0.9999913444566989;0.9998264732170675;0.9999186499047222;1.0;0.9999643395260523;0.9999936570127632;1.000257090805749;0.9999899724373832;1.0;0.9999868300241767;0.999886703802229;0.999989014753755;1.0;0.9999865939722533;0.9999999999999999;0.9999999999999999;1.0;0.9999612893954246;0.9999885317016377;0.9999726204698921;0.9999864252423222;0.9998466938020383;0.9999997861186816;1.0002392215536415;1.0002651074194988;1.0;0.9998545415675613;0.9999903249729084;0.9999450101627652;1.0;0.9999999999999999;0.999673466434895;0.9999750969157504;0.9991769555007528;0.9990112549820978;0.9995771439821516;0.999555796346647;0.9995470734837018;1.0;0.9999713604445586;0.999991216297207;0.9999365305630027;0.9999936356082086;1.024999976158142;
2016-01-29 00:30:00;0.9999915332623888;0.9998337568171939;0.9999221515503717;0.9999999999999999;0.9999649679072422;0.9999937458113883;1.0002554576655525;0.999990092813412;0.9999999999999999;0.9999872527809142;0.9998917236849981;0.9999890888416892;0.9999999999999999;0.9999870502277236;1.0;1.0;1.0;0.9999618842085288;0.999988775875817;0.9999737299322922;0.9999864281396306;0.9998525327577921;0.9999997837656058;1.0002378432165773;1.0002633171173807;1.0;0.9998601132893461;0.9999905865562247;0.9999281541667302;1.0;1.0;0.9996848474984287;0.9999758254984725;0.9992259251524344;0.9990634987773249;0.9995780298683672;0.9995521770555571;0.9995378448783311;1.0;0.9999721136448273;0.9999911913615772;0.9999390979857814;0.9999937693765855;1.024999976158142;
2016-01-29 00:45:00;0.9999938864966955;0.9998094687416841;0.9999065450280764;1.0;0.9999632331825121;0.9999906384506824;1.0002591663477287;0.9999837282732555;0.9999999999999999;0.9999874090114973;0.9998735516086952;0.9999880551232122;1.0;0.999983044450297;0.9999999999999999;1.0;0.9999999999999999;0.9999614439060514;0.9999901540667454;0.9999674143138593;0.9999914294659895;0.9998272299339924;0.999999874528225;1.0002414022623582;1.000266766063532;1.0;0.9998382495187141;0.9999881577553653;0.9999286582165421;1.0;1.0;0.9996845180152573;0.999975142787018;0.9992373848217873;0.9990865790236252;0.9995692098925809;0.9995371714259067;0.9995174091228725;1.0;0.9999711727257309;0.9999945617190519;0.9999244776755513;0.9999933697159931;1.024999976158142;
2016-01-29 01:00:00;0.9999934660997869;0.9998521871046142;0.9999294607400697;0.9999999999999999;0.9999694439263233;0.9999936715512878;1.000248539795604;0.9999895462980598;1.0;0.9999891786734376;0.9999030055092989;0.9999899281478692;1.0;0.9999877861462887;0.9999999999999999;1.0;1.0;0.9999671398632635;0.9999907776816969;0.999975842834799;0.9999897467813249;0.9998673461080261;0.9999998384333797;1.000231526035716;1.0002559352453482;0.9999999999999999;0.9998748007176261;0.9999912166325738;0.9999296801455722;1.0;1.0;0.9997358350304695;0.9999792336834122;0.9993849979313028;0.9992680137858806;0.9996231866580214;0.999592612452922;0.999571261799056;1.0;0.9999759488978889;0.9999933638995271;0.9999440035852746;0.9999943947747761;1.024999976158142;
2016-01-29 01:15:00;0.9999933427079731;0.9998687601829972;0.9999378208809494;1.0;0.999974137302654;0.9999957752649908;1.0002509956786072;0.999993514400819;1.0;0.9999902873104171;0.9999122486468764;0.9999898751773139;1.0;0.9999906580527151;1.0;1.0;1.0;0.999971753590879;0.9999914082945194;0.9999792825862143;0.9999894580966334;0.9998839194376777;0.9999998328475506;1.000233290052263;1.0002589116067868;1.0;0.9998892277062048;0.9999932163804538;0.9999106304566078;1.0;0.9999999999999999;0.9997300938430382;0.9999818032925375;0.9993716893862503;0.999233228084969;0.9996149589364306;0.9995853197774551;0.9995653036220046;1.0;0.9999791112827147;0.9999931679234724;0.9999519661626832;0.9999943708333604;1.024999976158142;
2016-01-29 01:30:00;0.9999939861169077;0.9998747970607434;0.9999431114344575;1.0;0.9999755904437583;0.9999958067874338;1.0002456101906816;0.9999933387107165;1.0;0.9999903759206835;0.9999215017428923;0.9999891161177125;1.0;0.999989896318293;0.9999999999999999;0.9999999999999999;1.0;0.9999739297768179;0.9999921970936978;0.9999810587951855;0.9999918833173345;0.999893497635894;0.9999998835474146;1.0002286970739376;1.0002528701646463;0.9999999999999999;0.9998995173803569;0.9999931045085798;0.9999283069332046;1.0;1.0;0.9997333670754286;0.9999816575670293;0.9993747778690057;0.9992402139944959;0.9996227239027163;0.9995923053958686;0.9995719818555153;1.0;0.9999792835550587;0.9999948862254695;0.9999560841171659;0.9999937831406014;1.024999976158142;
2016-01-29 01:45:00;0.99999539316591;0.9999088933117558;0.9999581574102558;1.0;0.999981792466176;0.999996987678786;1.0002407917677487;0.9999952973382261;1.0;0.9999929915228504;0.9999417739812774;0.9999890580506101;1.0;0.9999929581348511;1.0;1.0;1.0;0.9999803371760445;0.9999940735632753;0.9999860708254424;0.999993261368158;0.9999213806619319;0.9999998979489771;1.0002242253341271;1.0002478600138074;1.0;0.9999254917190061;0.9999950677376566;0.9999305218321768;0.9999999999999999;1.0;0.9997413514161763;0.999986706409909;0.9994167806847041;0.9992910658747187;0.9996181221954996;0.9995849753266441;0.9995630103514582;1.0;0.9999848801495159;0.9999956913497658;0.999967700292703;0.9999941876621888;1.024999976158142;
2016-01-29 02:00:00;0.9999935355269733;0.9998816841246114;0.9999460921291091;1.0;0.9999750738809992;0.9999960143741387;1.0002310910388623;0.9999938836781923;0.9999999999999999;0.9999905302350404;0.9999248987583922;0.9999885112793377;1.0;0.999990844929062;1.0;1.0;1.0;0.9999728633396681;0.99999174677456;0.9999820479391031;0.9999900595937532;0.9998974948383414;0.9999998449918658;1.000215242685255;1.0002380063788663;1.0;0.9999027355738215;0.9999934533094146;0.9999324581857363;1.0;1.0;0.9998173932074925;0.9999821439338991;0.9996208853087099;0.9995653503712246;0.9997080950124474;0.9996754907525381;0.9996545193360642;1.0;0.9999795951700097;0.9999935902566978;0.9999583759669504;0.9999937103495996;1.024999976158142;
2016-01-29 02:15:00;0.9999941752698155;0.9998816904337563;0.9999462560179799;1.0;0.9999771420979104;0.9999962649655405;1.0002328315952658;0.999994163523332;1.0;0.999990907787281;0.9999254305395723;0.9999889470592623;1.0;0.9999907287328964;1.0;1.0;0.9999999999999999;0.9999755060612794;0.9999925613114726;0.9999821969940319;0.9999920517792406;0.9998995255377016;0.9999998852743355;1.000216701601215;1.0002398076444319;1.0;0.9999049833144918;0.999993660992534;0.9999323750560788;1.0;0.9999999999999999;0.9998040674543055;0.9999827390207157;0.9996021417468866;0.9995421427630868;0.9996807019098499;0.9996496143746718;0.9996290561752968;1.0;0.9999805285409503;0.9999949844222741;0.9999587216867464;0.9999937683133837;1.024999976158142;
2016-01-29 02:30:00;0.9999952304680938;0.9998704767756061;0.9999390241880095;1.0;0.9999771600415966;0.9999952281700297;1.0002327691500956;0.9999919541039978;1.0;0.9999911221830016;0.9999164577023559;0.9999892104786718;1.0;0.9999892841609989;1.0;1.0;1.0;0.9999761598042325;0.9999933319386033;0.9999794252001365;0.9999944491034192;0.9998884563087089;0.9999999298546934;1.0002164985161173;1.000239728198888;1.0;0.9998952085522836;0.9999928742527164;0.9999307597769066;1.0;1.0;0.9998166537313863;0.9999827105227739;0.9996102278605409;0.9995490443348962;0.9997131426961633;0.9996829577904188;0.9996629396798198;1.0;0.9999805078293904;0.9999966146810866;0.9999522983681718;0.9999938775020013;1.024999976158142;
2016-01-29 02:45:00;0.9999958289089186;0.9998072958726526;0.9999028228943787;1.0;0.9999652289652837;0.999989539089163;1.0002389361803243;0.9999812114963739;0.9999999999999999;0.9999885686508021;0.9998699540355964;0.9999901115765772;1.0;0.9999820032049346;1.0;1.0;1.0;0.999964391146696;0.9999918441040683;0.9999656363853194;0.9999952181305519;0.9998231054101119;0.9999999412431865;1.0002224741486156;1.0002458398416563;1.0;0.9998353292472384;0.9999876779335808;0.9999363374502255;1.0;0.9999999999999999;0.9998055834737567;0.9999767538920744;0.9995933741405393;0.9995313227124737;0.9996912626792652;0.9996624885059311;0.9996428834855954;1.0;0.9999729617067592;0.9999970937891198;0.9999203633550025;0.9999944336494397;1.024999976158142;
2016-01-29 03:00:00;0.9999955126600845;0.999887711349412;0.9999485598480318;1.0;0.9999803007992363;0.9999962854940811;1.0002313899417967;0.9999938536425707;1.0;0.9999919702089489;0.9999295100871911;0.9999884668615212;1.0;0.9999907324691883;1.0;1.0;1.0;0.9999794629680206;0.9999940419903913;0.9999828580746374;0.9999950731933424;0.9999056903498558;0.9999999412428923;1.00021530813625;1.000238197653893;1.0;0.9999114489238778;0.9999939625799991;0.9999245534819445;1.0;1.0;0.9998095587256692;0.999984429434136;0.9996082746041611;0.9995505675032487;0.9996930762213191;0.9996619196721241;0.9996423146629442;1.0;0.9999826231912222;0.9999970386362556;0.9999602526388007;0.999993540624861;1.024999976158142;
2016-01-29 03:15:00;0.9999961074320248;0.9998997528878719;0.9999541512690093;1.0;0.9999829187662667;0.9999967925966624;1.0002259225599708;0.9999946790042612;1.0;0.9999929092121217;0.9999371742071084;0.9999888549570548;1.0;0.9999917477686431;1.0;1.0;1.0;0.9999822907773913;0.9999948513429379;0.9999847654472012;0.9999960116892397;0.9999163592590271;0.9999999559566297;1.000210202564404;1.0002325440496809;1.0;0.9999215072325632;0.9999946930682628;0.9999364306584413;1.0;0.9999999999999999;0.999830047343762;0.999986227787062;0.9996684655349213;0.9996295025602727;0.9997137686978241;0.999681323735229;0.9996595584978495;1.0;0.9999847000981567;0.9999976449964854;0.9999646735364315;0.9999938109835785;1.024999976158142;
2016-01-29 03:30:00;0.999994537068965;0.9998782424120953;0.9999451216546775;1.0;0.9999772948074963;0.9999959993833879;1.0002292085574251;0.9999935329295132;1.0;0.9999908001196184;0.9999247523160839;0.9999893488160264;1.0;0.9999899208566773;1.0;1.0;1.0;0.9999760632306659;0.9999929013722856;0.9999817644324444;0.9999934028015165;0.9998980291750971;0.9999999136343175;1.0002134053763674;1.0002359321933056;0.9999999999999999;0.9999041657040274;0.9999933276925024;0.999922289685057;1.0;1.0;0.9998299245397049;0.9999823042090157;0.999665052378275;0.9996312597267158;0.9997157297877923;0.9996853323665;0.9996642132341567;1.0;0.9999801872093467;0.9999959429088892;0.9999577180412874;0.9999938154403458;1.024999976158142;
2016-01-29 03:45:00;0.9999957786592616;0.9998659018137804;0.9999353764583614;0.9999999999999999;0.9999757521009182;0.9999940839431664;1.0002287046860443;0.999989704313448;0.9999999999999999;0.9999912001211662;0.9999124705243568;0.9999898589517565;1.0;0.9999882402613318;1.0;1.0;1.0;0.9999748529799445;0.9999934831970327;0.9999777492079156;0.9999950442949163;0.9998816411170499;0.9999999369455063;1.000212902242756;1.0002353713628416;1.0;0.9998892995771238;0.9999920800737968;0.9999403066350836;1.0;1.0;0.9998265102011731;0.999982535396263;0.999656194287652;0.9996201094206888;0.9997114805304896;0.9996810832384004;0.9996599641958233;1.0;0.9999800698739646;0.9999969714304495;0.9999484160507975;0.9999943255783545;1.024999976158142;
2016-01-29 04:00:00;0.9999963476581545;0.9998929807162289;0.999951175172653;1.0;0.9999827585858544;0.9999965144977057;1.0002292065257932;0.9999940578628349;1.0;0.999992660479925;0.9999336574536226;0.9999882190818978;1.0;0.9999908744893109;1.0;1.0;1.0;0.9999824829667039;0.9999950465804757;0.9999837468825694;0.9999971487974008;0.9999117568740886;0.9999999806633217;1.0002132367083159;1.000235864795828;1.0;0.9999176008669001;0.9999942994492055;0.9999183582259106;1.0;0.9999999999999999;0.9998227654433156;0.9999855651571042;0.9996459504962567;0.9996030326574142;0.9997071812616245;0.9996747937373492;0.9996539277497116;1.0;0.9999841000532013;0.9999984614729913;0.999962311039169;0.9999933754891639;1.024999976158142;
2016-01-29 04:15:00;0.999994959835888;0.9998641710854149;0.9999345988303703;0.9999999999999999;0.9999749174649558;0.9999945392639151;1.00022899797602;0.9999907649853755;1.0;0.9999908440043512;0.9999101194421748;0.9999885749885514;1.0;0.999988905499041;1.0;1.0;1.0;0.9999735158697057;0.999992753633464;0.9999777047404035;0.999993153160255;0.999879693949108;0.9999999017127236;1.0002129882150133;1.00023593573378;1.0;0.9998866811477897;0.9999923608205347;0.9999400183715759;0.9999999999999999;1.0;0.9998238669891975;0.9999821362136558;0.999656466798307;0.9996123506359799;0.9997033222636278;0.9996712591753701;0.9996509340297423;1.0;0.9999795571144209;0.9999956845196031;0.9999483088710368;0.9999937604429036;1.024999976158142;
2016-01-29 04:30:00;0.9999952023201096;0.99977142248762;0.9998845808841835;0.9999999999999999;0.9999584679300697;0.9999873399058378;1.0002385778749894;0.999977197838319;1.0;0.9999864978620817;0.9998458988287963;0.9999893591767314;1.0;0.9999784237054282;1.0;1.0;1.0;0.9999575090958128;0.9999904024129929;0.9999590783017986;0.9999945151781037;0.9997896886666773;0.9999999327573348;1.0002221831716667;1.0002454619331345;1.0;0.999804406387933;0.9999852237146309;0.9999232211602272;1.0;1.0;0.9998329987282809;0.999972399428196;0.9996640880539563;0.9996219939177966;0.9997256608942339;0.9996961727723849;0.9996766408325255;1.0;0.9999678467104525;0.9999966689594916;0.9999051619708879;0.9999939241874921;1.024999976158142;
2016-01-29 04:45:00;0.9999945684537987;0.9998315382791494;0.9999200129768681;1.0;0.9999691489480512;0.9999925544911566;1.0002305286600834;0.9999870383154685;1.0;0.9999886410249199;0.9998922561028758;0.9999888339010289;1.0;0.99998484378853;1.0;1.0;1.0;0.9999680997252708;0.9999917028643035;0.9999724824187941;0.9999939265906326;0.9998529153198559;0.9999999264201123;1.0002147085431758;1.000237189001324;1.0;0.9998627966669349;0.999989883424591;0.9999420005402385;1.0;1.0;0.9998214539128439;0.9999774227791786;0.9996469761834095;0.9996040136974986;0.9997025251952474;0.9996718958018226;0.9996511896366113;1.0;0.9999743376820008;0.9999963327687671;0.9999362068725944;0.9999934741066879;1.024999976158142;
2016-01-29 05:00:00;0.9999953293799316;0.9998751087890377;0.9999436668954518;1.0;0.9999779754881304;0.9999955122872594;1.000230619286166;0.999992394737315;1.0;0.9999909358878417;0.9999240263595406;0.9999875990721969;1.0;0.9999888918014629;1.0;1.0;0.9999999999999999;0.9999773690029372;0.9999936132377346;0.9999811137741907;0.9999956232509242;0.9998964841289382;0.9999999574641603;1.0002148101298896;1.0002371735755995;1.0;0.9999035446258437;0.9999928951787491;0.9999245617200949;0.9999999999999999;1.0;0.9998260525253875;0.999982253364179;0.9996587913563348;0.9996136556745121;0.9997083264461032;0.9996750057525264;0.9996535795681988;1.0;0.9999802823744139;0.999997483579071;0.9999562124532974;0.9999929136625537;1.024999976158142;
2016-01-29 05:15:00;0.9999939241537992;0.9998495695205688;0.9999310018198723;0.9999999999999999;0.9999746961714205;0.9999955137161041;1.0002336123402875;0.9999927078367045;1.0;0.999989339781174;0.9999047080485411;0.9999863738502446;1.0;0.9999880732257703;1.0;1.0;1.0;0.9999736162982829;0.9999921136439271;0.9999772032964414;0.9999934778854114;0.999874411114463;0.9999999242688321;1.0002169790917839;1.0002408655751434;1.0;0.999881719413268;0.9999922886532412;0.99993631355274;0.9999999999999999;1.0;0.9998065481153445;0.9999795342129113;0.9996225408868616;0.9995800139735054;0.9996742520897268;0.9996405324120733;0.9996203553943273;1.0;0.9999772801713761;0.9999961025417369;0.9999471468330928;0.9999921182614671;1.024999976158142;
2016-01-29 05:30:00;0.999994714978453;0.9998593051908872;0.9999357743549993;0.9999999999999999;0.999974759834262;0.9999947782610091;1.0002352368576222;0.9999911528486553;1.0;0.9999898894240865;0.9999131165058941;0.9999866018849602;1.0;0.9999876339891868;1.0;1.0;1.0;0.9999739005355023;0.9999926926669975;0.9999783754816035;0.9999945578773962;0.9998817648313005;0.9999999397373831;1.0002190691744726;1.0002420086123018;1.0;0.9998896141306797;0.9999919668390638;0.9999286499510525;1.0;1.0;0.9997836876885963;0.9999802049966038;0.9995713422022694;0.9995149715267629;0.9996402640944432;0.9996057705296368;0.9995847584848339;0.9999999999999999;0.9999778691638628;0.9999967831298332;0.999949864458135;0.9999923885109403;1.024999976158142;
2016-01-29 05:45:00;0.9999945386245656;0.9997899555219849;0.9998985197465163;1.0;0.9999636146294989;0.9999902231142976;1.0002414807284272;0.9999826501352731;1.0;0.9999866604497808;0.9998639832559622;0.9999858735775843;0.9999999999999999;0.9999806725884194;1.0;1.0;1.0;0.9999629866527464;0.9999908411920965;0.9999648365143234;0.9999950880231459;0.9998155949855108;0.9999999559557675;1.000224722182773;1.0002485123191025;1.0;0.9998284840554202;0.9999872456751252;0.9999393774680099;1.0;1.0;0.999778975398679;0.9999732592059452;0.9995721669351019;0.9995188376444141;0.9996254876821566;0.9995901046510097;0.9995686802863799;0.9999999999999999;0.9999696369537531;0.9999972112559659;0.9999185027610135;0.9999918413505711;1.024999976158142;
2016-01-29 06:00:00;0.9999955002616884;0.9997846042259629;0.9998898554815083;0.9999999999999999;0.999965079305447;0.9999897531763219;1.0002534549664077;0.999981700459041;1.0;0.9999880004953638;0.9998499084723486;0.9999851529611469;1.0;0.9999816859229319;1.0;0.9999999999999999;0.9999999999999999;0.9999643103928799;0.9999915267263556;0.9999616094798629;0.9999952211514762;0.9998030170394915;0.9999999460698898;1.0002350085731344;1.0002615706080968;1.0;0.9998153294197872;0.9999875522663463;0.9998837340857556;1.0;1.0;0.9997573445831369;0.9999759820314741;0.9995605659202534;0.9995074767638639;0.9995681656052798;0.9995297719155141;0.9995081153787496;1.0;0.9999722703231364;0.9999971499155198;0.9999110269584592;0.9999920147491477;1.024999976158142;
2016-01-29 06:15:00;0.9999971228953268;0.9997872700512604;0.9998876116238484;1.0;0.9999640836353002;0.9999876665426229;1.0002667443917233;0.999977513060331;1.0;0.9999890241841919;0.9998489408425205;0.9999840549078702;0.9999999999999999;0.9999805012507417;1.0;1.0;1.0;0.9999635659725348;0.9999924260403187;0.9999598521428553;0.9999968452747205;0.9997985293172115;0.9999999636903477;1.0002478592239972;1.000274783748746;1.0;0.9998121088459593;0.9999864874563408;0.9998278553283745;1.0;0.9999999999999999;0.9997065828846188;0.9999773389321557;0.9995024707648819;0.9994472875756345;0.9994547286972643;0.9994134028975751;0.9993924369792386;0.9999999999999999;0.9999732299065835;0.9999981009013096;0.9999069723988647;0.9999920129954764;1.024999976158142;
2016-01-29 06:30:00;0.9999959807406548;0.9997537816715338;0.999870372009649;1.0;0.9999594075006649;0.9999867714768994;1.000282328920669;0.9999761207906002;1.0;0.9999870967090654;0.999824075601291;0.999962650368166;0.9999999999999999;0.9999785107017914;1.0;1.0;1.0;0.9999585558233087;0.9999908376253243;0.9999541349793499;0.9999952360282292;0.9997682920633684;0.9999999402665439;1.0002618512116759;1.0002913112544627;0.9999999999999999;0.9997830089609596;0.9999850658074511;0.9998205158536667;1.0;0.9999999999999999;0.9996008141266377;0.99997391413948;0.9992016302195715;0.9991473322990998;0.9993411539365088;0.9992622417422542;0.9992397976355205;0.9999999999999999;0.9999693379329399;0.999997078347326;0.9998937281313409;0.9999821137347762;1.024999976158142;
2016-01-29 06:45:00;0.9999942072325194;0.9997597276126576;0.9998751278971575;0.9999999999999999;0.9999583498060272;0.9999881257125062;1.0002851609407308;0.9999790670213278;1.0;0.999986459645875;0.9998285750266476;0.9999411194125463;1.0;0.9999802516883569;0.9999999999999999;1.0;1.0;0.9999564900694273;0.9999894367125483;0.9999562756563007;0.9999913833748049;0.999774672014994;0.9999998695832018;1.0002644296771763;1.0002944878976725;1.0;0.9997877418797041;0.9999859750319905;0.999813469317107;1.0;1.0;0.9995823310148052;0.9999732200889808;0.9992602339741703;0.9992055736267348;0.999245382536667;0.9991239271646885;0.9990946543243955;1.0;0.9999685268555996;0.999994472410538;0.9998986734569982;0.9999723525595577;1.024999976158142;
2016-01-29 07:00:00;0.9999944094326467;0.999765488027862;0.9998795422707839;1.0;0.9999590147576041;0.9999882294402697;1.000292301561059;0.9999791697035333;1.0;0.9999864777448216;0.9998357604738489;0.999942078127395;1.0;0.999979995409378;1.0;1.0;1.0;0.9999574492153038;0.9999897501746803;0.9999577715242217;0.9999923296381559;0.9997821639061869;0.9999998902133449;1.0002714080994584;1.000301492591949;1.0;0.9997954743077722;0.9999859864712323;0.9998027492720916;1.0;0.9999999999999999;0.9995317776317291;0.9999731210359813;0.9991925910782592;0.999110777359099;0.9991390963206916;0.9990220135957686;0.9989957373612626;1.0;0.999968576886788;0.9999951529313811;0.9999021460654103;0.999972663529296;1.024999976158142;
2016-01-29 07:15:00;0.9999950982161245;0.9997351351675184;0.9998658217606851;1.0;0.9999566231086506;0.9999865717971734;1.000311824152431;0.9999757719410572;1.0;0.9999850237503278;0.9998195245479987;0.9999163080989756;1.0;0.9999759260426482;1.0;1.0;1.0;0.9999562479473518;0.9999900076800604;0.9999529206179995;0.9999960847841672;0.9997596111815513;0.9999999736799057;1.0002896604298972;1.0003212492652929;1.0;0.9997760165097126;0.999983875108945;0.9997404630658554;1.0;1.0;0.9994505265978626;0.9999697341661424;0.9991396156934329;0.9990698332624791;0.9989302038469614;0.9987053021537239;0.9985947357855812;1.0;0.9999651833348546;0.9999978681192778;0.9998909140314302;0.9999604735119315;1.024999976158142;
2016-01-29 07:30:00;0.9999888669170468;0.9996085275669454;0.999816062545856;1.0;0.9999328851756428;0.9999828380640701;1.0003218479321303;0.9999698860312349;1.0;0.9999736174329245;0.999754378501272;0.999898880731739;0.9999999999999999;0.999963302216331;1.0;0.9999999999999999;1.0;0.999932116287831;0.999982309399241;0.999936845602586;0.9999913859327053;0.9996654354938004;0.9999999460682917;1.000299511963934;1.0003312081515063;1.0;0.9996895536848408;0.9999761901403729;0.9997516880343945;1.0;1.0;0.9994362939943774;0.9999481086832976;0.9991427254812492;0.9990835612829636;0.9988851529297129;0.9986487108867353;0.9985531874378413;1.0;0.9999417903145513;0.999995370751789;0.9998536970075611;0.999950350374812;1.024999976158142;
2016-01-29 07:45:00;0.999981945002287;0.9994076638702499;0.9997254456533533;0.9999999999999999;0.9998968532591935;0.9999742445590625;1.000344054066185;0.9999552998482526;1.0;0.9999583778234008;0.9996342179586841;0.9999083024035117;1.0;0.9999436787877505;1.0;1.0;1.0;0.9998955314097923;0.999971906462427;0.9999059661920375;0.9999857388944314;0.9994985759468671;0.9999999072855859;1.0003203453211567;1.0003540269474502;1.0;0.9995351909122139;0.9999633936805677;0.9997307051997066;0.9999999999999999;1.0;0.999398141262443;0.999919328710626;0.9990918474883597;0.9990296910401046;0.9988048199569314;0.998558872317366;0.998420042732525;0.9999999999999999;0.999909749800915;0.9999922728550874;0.9997822742125081;0.9999522506587911;1.024999976158142;
2016-01-29 08:00:00;0.9999908645582655;0.999523010706171;0.9997614184106123;1.0;0.9999166805175681;0.999973477874452;1.0003444798261083;0.9999523753008932;1.0;0.9999710476566044;0.9996834622962795;0.9999080150186308;1.0;0.9999533318216303;1.0;1.0;1.0;0.9999160036076689;0.9999806289850695;0.9999154571788627;0.9999926375842974;0.9995678512120917;0.9999999525193033;1.0003207145200872;1.0003543498497838;1.0;0.9995995583262668;0.9999684226468392;0.9997394335575203;1.0;1.0;0.9993370108239205;0.9999424463193021;0.9990532120967024;0.9989914476852658;0.9986468252773396;0.9983852392023222;0.9982398416542847;0.9999999999999999;0.9999336236303377;0.99999597549071;0.9998042902429681;0.9999553144531464;1.024999976158142;
2016-01-29 08:15:00;0.9999951346209284;0.9997815712327248;0.9998922646080973;1.0;0.9999617000507562;0.9999887494937004;1.0003359413182003;0.9999798140205295;1.0;0.999986610805846;0.9998563869823682;0.9999017953186171;1.0;0.9999792947724547;1.0;1.0;1.0;0.9999611624766315;0.9999908861846829;0.9999621871020018;0.9999956694230038;0.9998043861365064;0.9999999622947977;1.0003129208868327;1.000345411002748;1.0;0.9998183897421186;0.9999861653193794;0.9997043626828621;1.0;1.0;0.9992499312783618;0.9999729555079356;0.9988809291609013;0.9987748302257909;0.9985018326048971;0.9982156602139226;0.9980585850172904;1.0;0.9999689827517526;0.9999975488266423;0.9999123790287482;0.9999540286572773;1.024999976158142;
2016-01-29 08:30:00;0.9999936296492917;0.9997642221221972;0.9998859937738864;1.0;0.9999574765410699;0.999988478931608;1.00033338305493;0.9999796161959953;1.0;0.9999846732928951;0.9998476650265511;0.9999057788439065;1.0;0.9999778793291212;1.0;1.0;1.0;0.9999565054079809;0.9999892148144327;0.999960292114618;0.9999935819696869;0.9997915156391635;0.9999999318937904;1.0003106252639218;1.0003428014020472;0.9999999999999999;0.9998062026060288;0.9999852044891455;0.9997695361842623;0.9999999999999999;1.0;0.9992036253813112;0.9999694511310825;0.9988166353434159;0.9986922595773783;0.9984060695686827;0.9981102672929989;0.9979303815154871;1.0;0.9999651147158576;0.9999962278635093;0.9999079884484218;0.9999555184232317;1.024999976158142;
2016-01-29 08:45:00;0.9999925303333671;0.9997238215343748;0.999863643242262;1.0;0.9999487288212555;0.9999857889579371;1.0003421929366199;0.9999749295010391;1.0;0.9999823473686884;0.9998169719798135;0.9998905099450447;1.0;0.9999744643768294;1.0;1.0;0.9999999999999999;0.999947020770715;0.9999869682267345;0.9999521720120176;0.9999908423247271;0.9997499583002509;0.9999998802212045;1.0003187459150757;1.0003520844275928;0.9999999999999999;0.9997668772796937;0.9999824392109388;0.999774479623967;1.0;0.9999999999999999;0.9991901250409564;0.9999649697762221;0.9987450415277112;0.998603411511464;0.9984142524058502;0.9981199276112346;0.9979767381729807;1.0;0.9999594847977226;0.9999943459102248;0.999889192547875;0.9999486977013371;1.024999976158142;
2016-01-29 09:00:00;0.9999927790048635;0.9997422290848518;0.9998713694399042;1.0;0.999952100533084;0.9999869455533789;1.0003325941988064;0.9999770982948132;1.0;0.9999837299041318;0.9998260352303912;0.9999076606198943;1.0;0.9999769765784684;1.0;1.0;1.0;0.999950127367748;0.99998758506404;0.9999549491729377;0.9999902467877718;0.9997643207563321;0.9999998616311815;1.000309545052484;1.0003424913370815;1.0;0.9997794576902949;0.9999839413657869;0.9997803439150073;1.0;0.9999999999999999;0.9992529072209642;0.9999678921134412;0.9988392389167653;0.9986950216161663;0.9985392772455207;0.9982597278168441;0.9980982461459196;1.0;0.9999626795526102;0.9999938536207124;0.9998956161189382;0.9999567298096067;1.024999976158142;
2016-01-29 09:15:00;0.9999920205872178;0.9996530364888755;0.9998245586956945;1.0;0.9999362839900172;0.9999808863057231;1.0003437958699775;0.999965989421781;0.9999999999999999;0.9999789072016836;0.9997647346653193;0.999900358977008;1.0;0.9999676427370996;1.0;1.0;0.9999999999999999;0.999934372175354;0.999984515296782;0.9999378800544433;0.9999899242689392;0.9996797550679678;0.9999998659308413;1.000320038346077;1.000353942568064;1.0;0.9997014917803839;0.9999774834180417;0.9997715890082436;0.9999999999999999;1.0;0.9992527278314556;0.9999580068054315;0.9988198940264358;0.9986637024677449;0.9985519505038819;0.9982795571824445;0.9981425593216303;0.9999999999999999;0.9999509734944857;0.999993736595675;0.9998561167182092;0.9999531144656936;1.024999976158142;
2016-01-29 09:30:00;0.9999906537415364;0.9997488794323517;0.9998779460634357;1.0;0.9999492843209958;0.9999879312324584;1.000360183813674;0.9999794182330405;1.0;0.9999825345839114;0.9998340445507607;0.9998959940424168;1.0;0.9999780540400077;1.0;1.0;0.9999999999999999;0.9999461653361026;0.9999856953341711;0.9999575973465772;0.9999857973428515;0.999772130660819;0.9999997812877086;1.0003356463192408;1.0003707591247144;1.0;0.9997860515400875;0.999984371897818;0.9997254429190308;1.0;1.0;0.9991177610932204;0.999966045622911;0.9984743033492347;0.9982152723298784;0.9983808753860112;0.9980880246711026;0.9979352144910915;1.0;0.9999605222157039;0.999990858991876;0.9999017392034482;0.9999513801019642;1.024999976158142;
2016-01-29 09:45:00;0.9999843200174023;0.999654925573336;0.999827409884894;1.0;0.9999224726211372;0.9999824208801479;1.0003691453330055;0.9999710943301302;0.9999999999999999;0.9999747995207368;0.9997611745426509;0.9999143348681632;1.0;0.9999718730676554;0.9999999999999999;1.0;1.0;0.9999151390816055;0.9999764206952658;0.999939646821532;0.9999701575399763;0.9996721772395726;0.9999994857495423;1.0003438870386463;1.0003809578251683;1.0;0.9996890231843836;0.9999780209242071;0.9997388127693184;1.0;0.9999999999999999;0.9991157558812965;0.9999529604493411;0.9985368369776799;0.9983278256445832;0.9983321274689971;0.9980831297124915;0.9979476697629678;1.0;0.9999438228491833;0.999980123301974;0.9998602236857517;0.9999600838037559;1.024999976158142;
2016-01-29 10:00:00;0.9999826997350375;0.999561656194794;0.9997835092619838;1.0;0.9999077824386117;0.9999776265367754;1.0003633070797116;0.9999624899070918;1.0;0.9999686038780399;0.9997042015286741;0.9999061493450722;0.9999999999999999;0.9999619382698268;1.0;1.0;1.0;0.9999010326371641;0.9999729708688286;0.9999243033780802;0.9999708058588753;0.9995935682973547;0.9999995266737971;1.0003384733197185;1.0003748120472027;0.9999999999999999;0.9996171367446952;0.9999717085102249;0.9997698207541615;0.9999999999999999;1.0;0.9992058132764309;0.9999410148974741;0.9986837464499642;0.9985030567424524;0.9985034219035329;0.9982373878514903;0.9980940853676494;0.9999999999999999;0.9999305778134762;0.9999808810845594;0.9998247512320684;0.9999553668468699;1.024999976158142;
2016-01-29 10:15:00;0.9999713617984243;0.9992437102568951;0.9996453176233618;1.0;0.9998555439913176;0.9999661530659996;1.0003983627032866;0.9999435357177299;1.0;0.999943441823734;0.9995209644842415;0.9998732182139681;1.0;0.999930893617111;1.0;0.9999999999999999;1.0;0.9998490090726081;0.9999568412179971;0.9998782711361741;0.9999646701284495;0.9993420431555802;0.9999995417028871;1.0003709395476024;1.0004109519610305;1.0;0.9993850228610518;0.9999522193434899;0.9997749836835318;0.9999999999999999;1.0;0.9991432530291388;0.9998947313934508;0.9985495948889562;0.998364306116507;0.9984063428956901;0.9981069551752884;0.9979755809028803;1.0;0.999880216713849;0.9999781528696902;0.999718352434268;0.999935875902962;1.024999976158142;
2016-01-29 10:30:00;0.9999772080907536;0.9993840429496046;0.9996999253749439;1.0;0.9998772413270106;0.9999697127494084;1.0004009378119902;0.999949071443394;0.9999999999999999;0.9999558542385621;0.9995920711819192;0.9998934652340277;1.0;0.9999452107282419;0.9999999999999999;0.9999999999999999;1.0;0.9998699633860817;0.9999641371401519;0.9998956252579929;0.9999660012786279;0.9994415156131246;0.9999994896175145;1.0003732122198754;1.0004138634916127;1.0;0.9994757066691732;0.9999605086550927;0.9997768385929432;1.0;1.0;0.9990255776483055;0.9999174903401621;0.9982452619551032;0.9979892099319567;0.9982592413160019;0.9979665513928051;0.9978098504855529;1.0;0.9999041659186494;0.9999781797108312;0.9997584469333919;0.9999478623099917;1.024999976158142;
2016-01-29 10:45:00;0.9999849267526727;0.9994944774386945;0.9997403578306117;0.9999999999999999;0.9998967706819596;0.9999704519580949;1.0003912690565828;0.9999488116126289;1.0;0.999967147997621;0.9996484315849854;0.9998994337595667;1.0;0.9999540951330499;1.0;0.9999999999999999;0.9999999999999999;0.9998905694866154;0.9999725141367207;0.9999074691000829;0.999973529962641;0.9995180088122598;0.9999995651397866;1.0003644751006011;1.0004034724095858;0.9999999999999999;0.9995477424807764;0.9999658707148681;0.9997655661608505;1.0;0.9999999999999999;0.9990326840784791;0.9999372154504605;0.998326662504915;0.9980684652828536;0.9982250822412667;0.9979192706768274;0.9977417218857482;0.9999999999999999;0.9999250696503578;0.9999825605246108;0.9997858301867943;0.9999529119109043;1.024999976158142;
2016-01-29 11:00:00;0.9999885698046861;0.9995807981660578;0.9997931424325719;1.0;0.999921486593701;0.9999779200851856;1.0003769665021147;0.9999612462618189;1.0;0.9999726633361257;0.9997228153913132;0.9998715752891655;0.9999999999999999;0.9999606725074425;1.0;0.9999999999999999;1.0;0.9999188593780346;0.9999797593125799;0.9999272771984586;0.9999858698064974;0.9996200813433416;0.9999998157631167;1.0003511838288743;1.0003879824050415;1.0;0.9996460083955787;0.9999727498007617;0.9997505189820902;1.0;1.0;0.9990852660881742;0.9999465593166933;0.9984275846845131;0.9982047539490495;0.9983147663859041;0.9979952673733635;0.9978582860337329;1.0;0.9999381332629969;0.9999912580839134;0.9998316110431427;0.9999392318452973;1.024999976158142;
2016-01-29 11:15:00;0.9999845356911083;0.9995465933231941;0.9997716243463465;1.0;0.999906971440709;0.9999754309443433;1.0003723724064706;0.9999579907316931;1.0;0.9999693133831445;0.9996892920554367;0.9998999468817652;1.0;0.999959888786357;1.0;1.0;1.0;0.9999009003716884;0.9999740952259707;0.9999194526530208;0.999973756625523;0.9995744633379194;0.9999995742682113;1.0003467831652915;1.0003840966578559;1.0;0.9995999632552303;0.9999703185824925;0.9997695190536231;1.0;0.9999999999999999;0.9991404140786547;0.9999416498604534;0.998517601396393;0.9983124994095565;0.998419629500626;0.9981422725147419;0.997999386574157;1.0;0.999930957816964;0.9999827987483703;0.9998135194651857;0.9999528468935285;1.024999976158142;
2016-01-29 11:30:00;0.999988432569177;0.9994918947618021;0.9997402899076543;1.0;0.9999056020261164;0.9999708890067577;1.0003877959444545;0.9999484985786142;0.9999999999999999;0.9999688857310147;0.99965143220683;0.9998793870551973;1.0;0.9999523374994668;1.0;1.0;1.0;0.999902450938912;0.9999767021660023;0.9999076135726223;0.999984187103799;0.999525683611823;0.9999997790234706;1.0003608217327065;1.0003995992568526;1.0;0.9995574905593871;0.999966223207831;0.9996960291688044;1.0;0.9999999999999999;0.9991122325066297;0.9999393223126097;0.9984794445981663;0.9982773128428848;0.9983606856599351;0.9980459738606197;0.9978991725953065;1.0;0.9999286813701193;0.9999900094675941;0.9997861539529287;0.9999431416687599;1.024999976158142;
2016-01-29 11:45:00;0.9999796410467363;0.9994045219976286;0.999723113375866;1.0;0.9998934173137306;0.9999748242994161;1.0003993237656732;0.9999571826884415;1.0;0.9999571559247687;0.9996276693974951;0.9998688069011048;1.0;0.9999452734281399;1.0;1.0;1.0;0.9998904318192586;0.9999694003760498;0.999905501229789;0.9999796688161678;0.9994918942749977;0.9999997906217933;1.0003715213260642;1.0004114437777716;1.0;0.9995266999872122;0.9999636517699562;0.9997058590615033;1.0;1.0;0.9990450225160961;0.9999183887612081;0.998338969523721;0.9981120704361942;0.9982539033246253;0.9979335587456254;0.9977879780080586;0.9999999999999999;0.9999082414414122;0.9999880824542674;0.9997812290063516;0.9999346440524932;1.024999976158142;
2016-01-29 12:00:00;0.9999646061506969;0.9991042460903299;0.9996000480080802;0.9999999999999999;0.9998411456213976;0.9999667146188794;1.0004217866123237;0.9999455830271363;1.0;0.9999298908254859;0.9994617293718948;0.9998760017752975;1.0;0.9999174112793092;1.0;1.0;1.0;0.9998368335851173;0.9999502943829888;0.9998660117889843;0.9999670433526673;0.9992638526852871;0.999999697545872;1.000392213384773;1.0004350073767851;1.0;0.9993146211321393;0.9999459535756284;0.9997624817143536;1.0;0.9999999999999999;0.9990473493444714;0.999870523333494;0.998374380839402;0.9981592211496295;0.9982367271565482;0.9979048707316643;0.9977074282336076;1.0;0.9998565132241533;0.9999810765847352;0.9996900152212417;0.9999328743178743;1.024999976158142;
2016-01-29 12:15:00;0.9999625859167796;0.9993229015405793;0.99968906265357;1.0;0.9998551838174027;0.9999745858596427;1.0004276905844207;0.999961776123055;1.0;0.9999430008152317;0.9995674470581034;0.9998600133530942;1.0;0.9999454093407283;1.0;1.0;1.0;0.9998421243281774;0.9999500162651953;0.9998956838368444;0.9999412860933987;0.9994078051215488;0.999999084145746;1.0003978311885275;1.0004428402616856;1.0;0.9994381301577662;0.9999595309057688;0.999751843021804;1.0;0.9999999999999999;0.9989433012616865;0.9998981046513137;0.998122249303703;0.9978700849536489;0.9980950882670018;0.9977238890952869;0.9975326383163261;1.0;0.9998830334059566;0.9999619885231743;0.9997585518857082;0.99993083343624;1.024999976158142;
2016-01-29 12:30:00;0.9999461953257014;0.9990306333087255;0.9995564022904445;0.9999999999999999;0.9997958218622479;0.9999643201236426;1.0004529618004407;0.9999472539674634;1.0;0.9999171514938654;0.9993819809226314;0.9998684021990117;1.0;0.9999217178430237;1.0;0.9999999999999999;1.0;0.999777623793035;0.9999278961825548;0.9998516984300118;0.9999170331089279;0.9991572542972667;0.9999987236834008;1.000420542591083;1.000470599823618;0.9999999999999999;0.9992001518462932;0.9999418684485549;0.9997707469733572;1.0;0.9999999999999999;0.9989374750236382;0.9998545079761038;0.9979469612947874;0.9977021852640693;0.9981972318624998;0.9978860170943011;0.9977420274579637;1.0;0.9998335266877634;0.9999464385357316;0.9996568599078904;0.999931745560616;1.024999976158142;
2016-01-29 12:45:00;0.9999790633768063;0.9993895575369609;0.9996987440616891;1.0;0.9998798176382422;0.9999688477506453;1.0004169431858805;0.999947128230224;1.0;0.9999574494790004;0.9995910666753293;0.9998699325999578;1.0;0.9999452785371308;1.0;1.0;1.0;0.9998731062781773;0.9999656956476397;0.9998946744886528;0.9999686633556866;0.999441608927603;0.9999995293497453;1.0003879786925116;1.0004303107626467;1.0;0.9994761205732227;0.9999604855934121;0.9997529290162467;1.0;0.9999999999999999;0.9989085422592073;0.99992033832809;0.9979770616071753;0.9977353779824939;0.9980893927609997;0.9977226251320638;0.9975241449632092;1.0;0.9999071324061564;0.9999798703395797;0.9997562599115665;0.9999375965894526;1.024999976158142;
2016-01-29 13:00:00;0.9999685923059833;0.9991935800199196;0.9995952818100495;1.0;0.9998352501416162;0.9999591021709553;1.0004316552921886;0.9999324468891654;1.0;0.9999423263165067;0.9994425423425936;0.9998924906334994;0.9999999999999999;0.9999318319129594;0.9999999999999999;0.9999999999999999;0.9999999999999999;0.9998226657943668;0.9999497841206592;0.9998587347480943;0.9999457998180463;0.9992459161754433;0.9999991174468912;1.000400424150434;1.0004477320688876;1.0;0.9992871537422922;0.999948210880834;0.9997849416807718;1.0;1.0;0.9989410451201612;0.9998958660761733;0.9980114130815508;0.9977344667852717;0.9981639619266395;0.9978215210774894;0.997603775895506;1.0;0.9998770438240947;0.9999643768939727;0.9996731207175623;0.9999477781059997;1.024999976158142;
2016-01-29 13:15:00;0.9999832902303218;0.9993869326043942;0.9996860035544402;1.0;0.9998840362420723;0.9999662796184874;1.0003968856886607;0.9999415466011562;1.0;0.9999610970117571;0.9995737891653435;0.9998953267333458;0.9999999999999999;0.9999451025506291;1.0;0.9999999999999999;1.0;0.9998783865096558;0.9999690529072384;0.9998889743558669;0.9999740486488284;0.9994246920076097;0.9999996037970558;1.0003684627026899;1.0004101618683312;1.0;0.9994602809572342;0.999960064717233;0.9997647358190994;0.9999999999999999;1.0;0.99905222951061;0.99992645962623;0.9983145635119504;0.9980858929856817;0.9982922880492133;0.9979618004469396;0.9977573956106316;1.0;0.9999132461437538;0.999983221341194;0.9997430666421743;0.999950072680615;1.024999976158142;
2016-01-29 13:30:00;0.9999901203444198;0.9996070092161252;0.9998004243290317;1.0;0.9999270479265924;0.9999786934133585;1.000387073379312;0.999962461451872;0.9999999999999999;0.9999757925331941;0.9997306514031776;0.9999025451300897;1.0;0.9999642910592647;1.0;1.0;0.9999999999999999;0.99992420774126;0.9999815462823007;0.9999294947972472;0.9999861688933963;0.9996351684524875;0.9999998008292409;1.0003600632302194;1.0003988618085717;0.9999999999999999;0.999658823422378;0.9999747577538307;0.9997680420726078;1.0;1.0;0.9989137166901091;0.9999525636831593;0.997870298201822;0.9976006730026961;0.9981779064298344;0.997849023012056;0.9976331395738977;1.0;0.9999444179041896;0.9999912230027436;0.9998367180820712;0.9999539999504427;1.024999976158142;
2016-01-29 13:45:00;0.9999813750836526;0.9995384823685134;0.9997637608834038;0.9999999999999999;0.9998995007354758;0.9999750462121515;1.0003862552592087;0.999958455380856;1.0;0.9999677393600778;0.9996737147153294;0.9999159367234856;1.0;0.9999618260798383;1.0;1.0;1.0;0.9998905540351524;0.999970128244231;0.9999167445698396;0.9999637752590645;0.9995555882829569;0.9999993726141237;1.0003593387097507;1.0003992920441966;1.0;0.9995788220592593;0.9999700331307663;0.9997619014494548;1.0;1.0;0.999050384638236;0.9999404223696133;0.9982959939355608;0.9980687319896848;0.9982994089087394;0.9980090896036441;0.9978163264344824;1.0;0.9999283781140121;0.9999757966275418;0.9998072685048262;0.999960818462859;1.024999976158142;
2016-01-29 14:00:00;0.9999756620528524;0.9994415211166321;0.9997242783184784;1.0;0.9998813984552873;0.9999728348009002;1.0003821925039327;0.9999556475694401;1.0;0.9999586713903772;0.999619396030518;0.9999227070929854;0.9999999999999999;0.9999535594460625;1.0;1.0;1.0;0.9998714316522912;0.9999632219738315;0.999904249852278;0.9999575471048034;0.9994812300510488;0.999999301062992;1.000355411616928;1.0003954523851089;1.0;0.9995089579936424;0.999964628412582;0.9997780079455655;1.0;1.0;0.9991591612050094;0.9999244944420275;0.998434936557133;0.9982178474553;0.9985326176638865;0.998283603873588;0.9981228655129958;0.9999999999999999;0.9999110210870947;0.9999720573748379;0.9997783845056649;0.9999623105076272;1.024999976158142;
2016-01-29 14:15:00;0.9999734956822677;0.9993055194525379;0.9996454548952052;1.0;0.9998509775186983;0.9999609687850338;1.0003956697672218;0.9999349168809919;1.0;0.9999506477050075;0.9995136855527241;0.9999504675876949;1.0;0.9999397626323209;1.0;1.0;1.0;0.9998389752445024;0.9999557682049796;0.9998745757090877;0.9999502457118498;0.99933496732613;0.9999991583000101;1.0003681300763922;1.000409601371256;1.0;0.9993718221174636;0.9999531524060293;0.9997631943388687;1.0;1.0;0.999224688719261;0.9999105673994915;0.9984844547800794;0.9982370186265144;0.998696446314536;0.9985322601437198;0.9984221250757279;0.9999999999999999;0.9998928624013204;0.999966909373947;0.9997098931082397;0.9999755672244078;1.024999976158142;
2016-01-29 14:30:00;0.9999856936359656;0.9993146825841241;0.9996363988884129;1.0;0.9998657685460559;0.9999560498587293;1.0003651616397191;0.9999220915967293;1.0;0.9999597813015714;0.9995109976045596;0.9999671026351382;1.0;0.9999356715395727;1.0;1.0;1.0;0.9998596290907168;0.9999677236345051;0.9998686435388867;0.9999739477526026;0.9993328678322043;0.999999569455084;1.0003397082595438;1.0003769946205285;1.0;0.9993760644978164;0.9999523934379885;0.9997773669601392;1.0;1.0;0.9993101802575126;0.9999216659038633;0.9986265425501111;0.9983923680599641;0.998857271695673;0.9987343373570465;0.9986435455428344;1.0;0.9999054022805789;0.999982747637576;0.9996960119308276;0.9999838692353731;1.024999976158142;
2016-01-29 14:45:00;0.99999018628279;0.9994567750576633;0.9997112854473884;0.9999999999999999;0.9998957455789912;0.999964599151766;1.0003529097261916;0.9999367667046581;0.9999999999999999;0.9999688808817394;0.9996134704887308;0.9999669133589678;1.0;0.9999479968049834;1.0;1.0;1.0;0.9998918807058078;0.9999759095460683;0.9998954279910145;0.9999830659315012;0.9994722907541874;0.999999728971293;1.000328519845719;1.0003637301890358;1.0;0.9995076378088164;0.9999619696874175;0.9997789518359329;1.0;1.0;0.9993474458186803;0.9999387893961186;0.9987440995657951;0.9985271408674402;0.998889392434894;0.9987718336428293;0.9986892230763402;1.0;0.9999262105810446;0.9999888682786426;0.9997580152260626;0.9999839690588478;1.024999976158142;
2016-01-29 15:00:00;0.999989274811622;0.999461045045562;0.9997169825216587;1.0;0.9998962763003438;0.9999660321968948;1.000348826967371;0.9999394065190446;1.0;0.9999685040781009;0.999620928326067;0.9999706099507175;0.9999999999999999;0.9999487412150051;1.0;1.0;0.9999999999999999;0.9998923255107501;0.9999756522301558;0.9998979692267699;0.9999823878207517;0.9994816876865816;0.9999997229461691;1.0003247980844547;1.0003594844749346;1.0;0.9995163950503776;0.9999628276733298;0.999786986309093;1.0;1.0;0.9993760557539468;0.9999377146370005;0.9987334874209502;0.9984740163887914;0.9989829349228625;0.9989096241812794;0.9988747359963444;1.0;0.9999253971080109;0.9999885093758247;0.9997638099118841;0.999985283524364;1.024999976158142;
2016-01-29 15:15:00;0.9999920114421711;0.9995944448078264;0.9997851303551816;1.0;0.9999242048212366;0.9999752302444656;1.0003359704875145;0.9999559318876312;1.0;0.9999768915017063;0.9997100979688621;0.9999682473609682;1.0;0.9999627835172382;1.0;1.0;1.0;0.9999211655528601;0.999981966300973;0.9999228424510288;0.9999865935031145;0.999608733089762;0.9999997868699961;1.0003122293395248;1.0003465690147582;1.0;0.9996338182453552;0.9999728669603415;0.9997824083196221;0.9999999999999999;1.0;0.9994176910282014;0.9999546959972848;0.9988226863406702;0.9985985545092975;0.9990475999866532;0.9989745731170159;0.9989472012219579;0.9999999999999999;0.9999456645917114;0.9999912247420453;0.9998213942907362;0.9999846555218876;1.024999976158142;
2016-01-29 15:30:00;0.9999919034553734;0.9994964747783435;0.9997306005412653;1.0;0.9999132738034867;0.9999703336235279;1.0003472243536058;0.9999469802342064;1.0;0.9999727967930256;0.9996349299400916;0.9999703374226573;1.0;0.9999547810859448;1.0;1.0;0.9999999999999999;0.9999107815162568;0.9999797608226592;0.9999037098927978;0.9999879933267378;0.9995161787865069;0.9999998252069675;1.000321306373221;1.0003591872530615;0.9999999999999999;0.9995467525828042;0.9999674290959254;0.9997829490420429;1.0;1.0;0.9994105623731854;0.9999472700217226;0.9987610021169008;0.9985421087763668;0.9990682234645554;0.998999402110547;0.998971236385353;1.0;0.9999370635391094;0.9999922970865217;0.9997770942481383;0.9999852249003758;1.024999976158142;
2016-01-29 15:45:00;0.9999924739579542;0.9996194910214653;0.9997971811266533;1.0;0.9999390345345219;0.9999811220283253;1.0003374154539801;0.9999666890097484;1.0;0.9999798086562335;0.9997199021867641;0.9999674388623699;1.0;0.999969487012507;1.0;1.0;1.0;0.9999367444332422;0.9999845741985494;0.9999289353865856;0.9999890440965333;0.99963919916868;0.999999839380049;1.000311292503948;1.0003497916959274;1.0;0.9996593154232543;0.9999781319696561;0.999787470319891;1.0;1.0;0.9993992551055408;0.9999613751285675;0.9987810621625416;0.9985396068033126;0.9990204184775452;0.9989487112084514;0.998923338626979;1.0;0.9999544227138435;0.9999929982557201;0.9998353905187913;0.9999839163652842;1.024999976158142;
2016-01-29 16:00:00;0.9999935668487548;0.9994808650755144;0.99971969060105;1.0;0.999909942909563;0.9999675318637893;1.000349399664137;0.9999411975822097;1.0;0.9999732856685084;0.9996228396330953;0.9999729521777977;1.0;0.9999518957002205;1.0;0.9999999999999999;1.0;0.999907989734502;0.999980685193749;0.9998989513302244;0.9999905216122305;0.9994965977332537;0.9999998630176256;1.0003237672837995;1.0003609463491556;1.0;0.9995298729956337;0.9999655516496494;0.9997734888611288;1.0;1.0;0.9993482057000673;0.9999465045660375;0.9986182894842787;0.9983971518949533;0.998977604170519;0.998916112084695;0.9988927072234947;0.9999999999999999;0.9999357270505226;0.9999939220254542;0.9997660242369644;0.9999866832751041;1.024999976158142;
2016-01-29 16:15:00;0.9999920882027729;0.9995980635199547;0.9997870016436594;1.0;0.9999290860384481;0.9999772209025805;1.0003434173940677;0.9999595937415557;1.0;0.9999775681651832;0.9997102640563711;0.9999761493617048;0.9999999999999999;0.999964713165866;1.0;1.0;1.0;0.9999263959485604;0.9999827318145406;0.9999242459186295;0.9999876560804045;0.9996156020136483;0.9999998113471386;1.0003182763534446;1.0003548870897419;1.0;0.9996391930839612;0.9999744833816063;0.9997720332239987;1.0;1.0;0.9993702548680041;0.999956503221546;0.9985601402771161;0.9983276557713815;0.9990838219140683;0.9990285929979922;0.9990055979184526;1.0;0.9999482115013676;0.999992011380454;0.9998245973109997;0.9999880014206096;1.024999976158142;
2016-01-29 16:30:00;0.9999910743979437;0.9995865067549777;0.9997816534014229;0.9999999999999999;0.9999256113119711;0.999976777707608;1.000349986452573;0.9999590006001241;1.0;0.999976465422019;0.9997025149523802;0.9999752943213744;1.0;0.9999639862735404;1.0;1.0;1.0;0.9999223758363398;0.9999814870396079;0.9999224449838539;0.9999855368696778;0.9996045506123004;0.9999997731042184;1.0003244366113053;1.0003617210529028;1.0;0.9996284634675404;0.9999738058229912;0.999730818662704;1.0;1.0;0.9993750821932873;0.9999544664432881;0.998615761897898;0.9983631337553999;0.9990603964664625;0.999005625442272;0.9989850103799851;0.9999999999999999;0.9999457550581128;0.9999905835534645;0.9998204171717011;0.9999875800276901;1.024999976158142;
2016-01-29 16:45:00;0.9999931553006253;0.9995757829932711;0.9997754920782517;1.0;0.9999241598488106;0.9999741302806698;1.0003395735014264;0.9999535023550028;1.0;0.99997663191331;0.9996984888085821;0.9999772326314457;1.0;0.9999603482787238;1.0;1.0;1.0;0.9999221883307797;0.9999828708723484;0.9999193703561192;0.9999902763404562;0.9995941167411536;0.999999861740578;1.0003154299952803;1.000350172459622;1.0;0.9996212315017061;0.9999717163006018;0.9997504544081891;1.0;1.0;0.9994341984947627;0.9999535957255923;0.9987140389695597;0.9984667270429706;0.9991715886664433;0.9991296821508155;0.9991213438179123;1.0;0.9999447122940791;0.9999938085021584;0.9998133419181686;0.9999884371346305;1.024999976158142;
2016-01-29 17:00:00;0.99999454235347;0.9995566396057248;0.9997623168545393;0.9999999999999999;0.9999280307907278;0.9999742319621835;1.0003394341703753;0.9999534168391279;1.0;0.9999772855012997;0.9996786862599111;0.9999772399314552;1.0;0.9999599838128267;1.0;1.0;1.0;0.9999270903294798;0.999984259730565;0.9999151261985869;0.9999939638406647;0.9995769950163009;0.9999999340282669;1.000313981332843;1.0003509053162811;1.0;0.9996045016706689;0.9999718263006658;0.9997722704402475;1.0;1.0;0.9994423932608639;0.9999551765594487;0.9987251302067417;0.9984774121854137;0.9991887302073035;0.9991475982249274;0.9991396722197625;1.0;0.9999468586331602;0.9999963563751576;0.9998035018579271;0.999988299881946;1.024999976158142;
2016-01-29 17:15:00;0.9999952682663629;0.9996003627607644;0.9997845907250067;1.0;0.9999348062174286;0.9999765264927506;1.0003340322413066;0.9999574767324588;1.0;0.9999798939373793;0.9997086246788689;0.999977116788557;1.0;0.9999640969249439;1.0;1.0;0.9999999999999999;0.9999338351063566;0.9999859463353408;0.9999229527193422;0.9999943359052089;0.9996165302696538;0.999999931882679;1.000309163097357;1.0003451821707574;1.0;0.9996413086442341;0.999974627724671;0.9997716456638827;1.0;1.0;0.9994479731492937;0.9999600013818609;0.9987565965071746;0.9985144988154913;0.9991840710905736;0.9991399730292804;0.9991296672206118;0.9999999999999999;0.9999523804730805;0.999996516038675;0.9998215976781037;0.9999885351990844;1.024999976158142;
2016-01-29 17:30:00;0.9999940302602293;0.9995394273750079;0.9997558417101912;1.0;0.9999213719060683;0.999971984251414;1.0003417825506506;0.999949282722651;1.0;0.9999754237565568;0.9996729753916186;0.9999771137831072;1.0;0.9999564658905249;1.0;1.0;1.0;0.9999203518171111;0.9999830124746834;0.999912322091696;0.9999934293407552;0.9995618781058648;0.9999999284528487;1.0003171373919868;1.000352530911489;1.0;0.9995919370612295;0.9999694286265949;0.9997824848083;1.0;1.0;0.9994187493955242;0.9999509741325144;0.9986487277356161;0.9983840380121949;0.9991695922657626;0.9991277718345322;0.9991186402388652;1.0;0.9999418948922278;0.999996039556689;0.999797043241705;0.9999880985353233;1.024999976158142;
2016-01-29 17:45:00;0.9999958875473964;0.9996638645706405;0.9998227214565185;1.0;0.9999458021255526;0.9999809123729348;1.0003345018979044;0.9999652373649638;1.0;0.9999826423712231;0.9997616575852244;0.9999766051938167;0.9999999999999999;0.9999691048296083;1.0;0.9999999999999999;1.0;0.9999455571603453;0.9999885269384301;0.9999368646594844;0.9999968272941083;0.9996843667622517;0.9999999828047071;1.0003102614370887;1.0003449603224999;1.0;0.9997057951946163;0.9999787827384411;0.9997681690356306;1.0;0.9999999999999999;0.9993487846155801;0.9999648679610373;0.9985746292675179;0.9983310624113144;0.999009163925073;0.9989663791766333;0.9989576614573782;1.0;0.9999588000892298;0.999998292595364;0.9998537708963322;0.999988003132813;1.024999976158142;
2016-01-29 18:00:00;0.9999948532766022;0.9997044932781912;0.9998460588507327;1.0;0.9999538713366366;0.999985476183685;1.0003240947215903;0.9999739252177516;1.0;0.9999843116625002;0.9997900010288155;0.9999767207782635;0.9999999999999999;0.9999749227728684;1.0;1.0;1.0;0.9999531529890706;0.9999891564624529;0.9999461151785205;0.9999949435703703;0.9997267304603882;0.9999999496083445;1.0003000660901016;1.000334781476936;0.9999999999999999;0.9997436973274343;0.9999828607134925;0.999767793516331;1.0;1.0;0.9994107088993776;0.9999688245495365;0.9986723893014553;0.9984295773686326;0.999129179673587;0.9990875845320547;0.9990796590029642;0.9999999999999999;0.9999638416250091;0.9999970478941763;0.9998751544146146;0.9999879353274317;1.024999976158142;
2016-01-29 18:15:00;0.9999934107445353;0.9994949887969219;0.999733413282368;1.0;0.9999149945299592;0.9999700548916357;1.0003423736468455;0.9999456558271977;1.0;0.9999732248537619;0.999642644863965;0.9999764528244205;1.0;0.9999526429967668;0.9999999999999999;1.0;1.0;0.9999140831642895;0.9999817402362731;0.9999045778969375;0.9999934190913581;0.9995224210134176;0.9999999360719903;1.0003173833812258;1.0003533682464019;1.0;0.9995551630656877;0.9999670486523269;0.9998311232594463;1.0;1.0;0.9993399678178342;0.9999461555936032;0.9984761536053123;0.9982086122449976;0.9990498216057555;0.9990085904688573;0.999000253146536;1.0;0.9999364596121838;0.9999961354608145;0.9997790380890866;0.9999874533579953;1.024999976158142;
2016-01-29 18:30:00;0.9999936579077624;0.9996252938728937;0.9998054830450949;1.0;0.9999324060755242;0.999977424770783;1.00033656097159;0.9999592808359647;0.9999999999999999;0.9999787202698757;0.999740535478676;0.999977292659065;1.0;0.9999640338377256;1.0;1.0;0.9999999999999999;0.9999310228881689;0.9999848786206121;0.9999302617444343;0.9999922948905592;0.999647167165423;0.9999999029980603;1.0003132428512076;1.0003464356518237;1.0;0.9996718457404888;0.999974836438557;0.9998112737554796;1.0;0.9999999999999999;0.9993268238797084;0.9999571679790542;0.9984325019144079;0.9981696828838122;0.9990399880210835;0.998998092169117;0.9989885809989018;1.0;0.9999494600492932;0.9999952499007683;0.9998385202598242;0.9999882181096402;1.024999976158142;
2016-01-29 18:45:00;0.9999912582238778;0.9995370391117824;0.9997650584816025;1.0;0.9999169829805578;0.9999732166969691;1.0003433479034523;0.9999518920862491;1.0;0.9999724102196648;0.9996876522390568;0.9999755395764659;1.0;0.9999549890494904;1.0;1.0;0.9999999999999999;0.9999156626963034;0.999980869661075;0.9999162747074715;0.9999910427386938;0.9995732160844512;0.9999999074070867;1.0003197079097634;1.0003532791588814;1.0;0.9996038792512797;0.9999690095623613;0.9998217937669812;1.0;1.0;0.9993127226936226;0.9999449211983351;0.9983943180947862;0.998128514090996;0.9990235331643432;0.998982625486627;0.9989742883809991;1.0;0.9999358088938001;0.9999947084757379;0.9998061729397965;0.9999864382081114;1.024999976158142;
2016-01-29 19:00:00;0.9999936470339463;0.9996162857703405;0.9998038636223624;1.0;0.9999320408410673;0.9999773905240491;1.0003190936224509;0.9999590692866431;1.0;0.9999778913558429;0.9997397254617588;0.9999762013924122;1.0;0.9999624781721539;1.0;1.0;1.0;0.9999312934252491;0.9999850049489347;0.999929896750996;0.999994099908338;0.9996447344923443;0.9999999475791758;1.0002971310372013;1.000328215194115;1.0;0.9996705743918587;0.9999742840017088;0.9998544371209683;1.0;0.9999999999999999;0.9994135822939952;0.9999552206035494;0.9986895901450038;0.9984541100399305;0.99912609969046;0.99908403519481;0.999074903998877;0.9999999999999999;0.9999477164783995;0.9999966130485116;0.9998376697911676;0.9999872713834085;1.024999976158142;
2016-01-29 19:15:00;0.9999921036864543;0.9996633763096532;0.9998324938135963;1.0;0.9999389469077485;0.9999819978550374;1.0003142758668138;0.9999679319716276;1.0;0.9999790875403417;0.99977625455744;0.999976595671103;1.0;0.9999681406318797;1.0;1.0;1.0;0.9999375131557885;0.9999851273735926;0.999940943577553;0.9999913344283456;0.999694422240573;0.99999989945265;1.0002926614064116;1.0003233952159232;1.0;0.9997158060331667;0.9999782324344505;0.9998628109386907;0.9999999999999999;0.9999999999999999;0.9994195450595618;0.9999583059832992;0.9986918622771117;0.998445120215594;0.9991425336919829;0.999102053892493;0.9990933349892398;1.0;0.9999517714126703;0.9999947886577553;0.9998632054288094;0.9999872648710657;1.024999976158142;
2016-01-29 19:30:00;0.9999951506421455;0.9996914594604689;0.999841729358768;1.0;0.9999447073570222;0.9999813710020666;1.0003164855274862;0.9999661430429208;1.0;0.9999824224626772;0.9997904644518151;0.9999785202867284;1.0;0.9999695388790503;1.0;0.9999999999999999;1.0;0.9999440993000062;0.9999880844337609;0.9999432348380906;0.9999954075923241;0.9997129020241584;0.999999957352557;1.0002949197186375;1.0003253232500817;1.0;0.9997340036348623;0.9999790983546921;0.9998558808007253;1.0;1.0;0.9993850343697839;0.9999640191025607;0.9985387790049796;0.9982917771992696;0.9991429868628585;0.9991034102459717;0.9990942788729593;1.0;0.9999578487351406;0.9999973468433835;0.9998685283430816;0.9999888041416507;1.024999976158142;
2016-01-29 19:45:00;0.9999954125889847;0.9997129915118951;0.9998523611722482;1.0;0.9999506236921488;0.999983664054033;1.0003040618672934;0.9999703400742934;1.0;0.9999840438698573;0.9998029542696864;0.9999793030073569;1.0;0.9999727849925111;0.9999999999999999;1.0;1.0;0.9999500968643038;0.99998921563426;0.9999474375154163;0.9999958107908297;0.9997339294861071;0.9999999630472977;1.0002828179965093;1.0003129766621452;1.0;0.9997527244144433;0.9999814236957361;0.9999152934556563;1.0;1.0;0.9993839448538164;0.9999673934074921;0.9985188298777181;0.9982985488422047;0.999153324717639;0.9991147001331728;0.9991051878527673;1.0;0.9999619512943864;0.9999976078502942;0.9998782342753039;0.9999891936423785;1.024999976158142;
2016-01-29 20:00:00;0.9999939573582141;0.9996692365141936;0.9998309490992161;1.0;0.9999412215010033;0.999981049038625;1.000302718472579;0.9999658255137137;1.0;0.9999808694112083;0.999774539276033;0.99997939937696;1.0;0.9999684206263727;0.9999999999999999;1.0;0.9999999999999999;0.9999402121275193;0.9999866780337439;0.9999397969301392;0.9999935766034914;0.9996935677197262;0.9999999292112175;1.0002817248398956;1.0003115675038747;1.0;0.9997151809354604;0.9999782668783533;0.9999391960357235;1.0;0.9999999999999999;0.9994241088945633;0.9999613415403694;0.9985760414975766;0.9983466017738918;0.999235397415334;0.9991979785815657;0.9991888463442394;1.0;0.9999548404004912;0.999996167823356;0.9998605657171978;0.9999890009073215;1.024999976158142;
2016-01-29 20:15:00;0.9999939578210927;0.9997114514010139;0.9998555584138433;1.0;0.9999482664976806;0.9999842107027509;1.0002919047708843;0.9999716042361917;1.0;0.9999826527517791;0.9998076284647858;0.9999798597774457;1.0;0.9999724279277621;1.0;1.0;1.0;0.9999473474934835;0.9999879570875491;0.9999488906821977;0.9999938841887704;0.9997371590849844;0.9999999355489997;1.000271877523314;1.0003002463496118;1.0;0.9997559242357599;0.9999812749260532;0.9999290965551183;1.0;1.0;0.9994754488075709;0.999964835453556;0.9986951113024526;0.9984689961515557;0.999308935278329;0.999271995612768;0.99926206930593;0.9999999999999999;0.9999592768997901;0.9999964008485245;0.9998815886541791;0.9999891163606063;1.024999976158142;
2016-01-29 20:30:00;0.9999942714192853;0.9997043790948927;0.9998491047568302;1.0;0.9999460784306738;0.9999828962928319;1.0002890680302492;0.9999691738252822;0.9999999999999999;0.9999827409243759;0.9997988349520557;0.9999808585854651;0.9999999999999999;0.9999717453077402;1.0;1.0;1.0;0.9999448759722686;0.9999877151031183;0.9999461953779066;0.9999932474934096;0.9997252442751362;0.9999999156733691;1.0002692244905003;1.000297399997349;1.0;0.9997445710404258;0.9999804587961206;0.9999224562313559;1.0;0.9999999999999999;0.9995186718706838;0.9999649237372223;0.9987952637671881;0.9985856387881457;0.9993709112213313;0.9993355747522877;0.9993268538111589;1.0;0.9999589046792614;0.9999958671428412;0.9998753549746549;0.9999899012688581;1.024999976158142;
2016-01-29 20:45:00;0.9999952410223779;0.9997053450065961;0.9998476865113302;1.0;0.9999468570945594;0.9999821968346435;1.0002971012997828;0.9999676994984442;1.0;0.9999834052864929;0.9997975425625705;0.9999808704060708;1.0;0.999971399356381;1.0;1.0;1.0;0.9999459763480797;0.9999884461624886;0.9999453563818064;0.9999946979918837;0.9997236091389059;0.9999999382318373;1.0002767169889117;1.0003055798952318;0.9999999999999999;0.9997433892269678;0.99998018925109;0.9999095602142638;1.0;1.0;0.9994815661874876;0.9999660418928815;0.9986830705310309;0.9984571392010477;0.9993356102333856;0.999299725406486;0.9992910047782052;1.0;0.9999600224904939;0.9999967967739383;0.9998734300789213;0.9999900866710699;1.024999976158142;
2016-01-29 21:00:00;0.9999943959820895;0.9996974497992861;0.9998454599588023;1.0;0.9999473676409796;0.999983289204982;1.0002968363596056;0.9999698668096263;0.9999999999999999;0.9999826920681303;0.9997931023333696;0.9999806974621573;1.0;0.999971709973608;1.0;1.0;1.0;0.9999464884578404;0.999987994723937;0.9999452118063475;0.9999942278921141;0.9997207701451034;0.9999999383396113;1.0002760141468579;1.0003056864371107;1.0;0.9997401024639891;0.9999806343739118;0.9999216905194178;0.9999999999999999;1.0;0.9994680694938796;0.9999649754552865;0.9986395171669925;0.9984135512187478;0.9993246449039767;0.9992892534300406;0.9992801203585018;1.0;0.9999592121613521;0.9999965855024144;0.9998730774689145;0.9999896574991759;1.024999976158142;
2016-01-29 21:15:00;0.9999925454883425;0.9996539282552439;0.9998268434181529;1.0;0.9999377053677998;0.9999810143864531;1.000293309541638;0.9999660092063636;1.0;0.9999788982262044;0.9997692604941008;0.9999805814883934;0.9999999999999999;0.9999668884943065;1.0;1.0;1.0;0.9999365045113505;0.9999852310287077;0.9999387310041644;0.9999922301925726;0.9996846912214031;0.9999999157839464;1.0002731393496525;1.0003017891731492;1.0;0.9997071019412217;0.9999773978429699;0.9999267778152309;1.0;1.0;0.9995291562725298;0.9999577080215292;0.9988163936475347;0.9986006907016882;0.9993881047217821;0.9993541331511389;0.9993449994866274;1.0;0.9999510074350685;0.9999953899340159;0.9998580950355113;0.9999890923461316;1.024999976158142;
2016-01-29 21:30:00;0.9999893100541964;0.9995969201994106;0.9998063693912682;1.0;0.9999282352115912;0.9999803777488822;1.0002990654448498;0.999965305117877;1.0;0.9999735409533422;0.9997419894042016;0.9999782929778804;1.0;0.9999616814537856;1.0;0.9999999999999999;1.0;0.999926992955203;0.9999817803676557;0.9999326173415465;0.9999902782203639;0.9996463924089641;0.9999999128786206;1.0002785499363667;1.0003076736762724;1.0;0.9996718532166087;0.9999745389712423;0.9999191369095648;1.0;0.9999999999999999;0.9995163247922968;0.999947546687022;0.998776801573027;0.9985401797599017;0.9993764398666573;0.9993423039167673;0.9993327894694123;1.0;0.9999403602508687;0.9999944611516564;0.9998439165327314;0.9999867634888573;1.024999976158142;
2016-01-29 21:45:00;0.9999935418119593;0.9996692197981832;0.9998344002388949;1.0;0.9999412632705866;0.9999815402737422;1.0002915232613654;0.9999667350845636;0.9999999999999999;0.9999800977446954;0.9997802921108845;0.9999807366205966;1.0;0.9999677655445935;1.0;1.0;1.0;0.9999405755756848;0.9999865175375673;0.999941269458985;0.9999942612246693;0.999699255214536;0.9999999517672339;1.0002715733164147;1.0002997624870889;0.9999999999999999;0.9997212438488667;0.9999781868104697;0.9999563299920171;1.0;1.0;0.9995230539539756;0.999959843702914;0.9987896702248839;0.998546740750305;0.9993879485997074;0.9993532019248866;0.9993428939168304;1.0;0.9999535635122059;0.9999967533122203;0.9998639757957575;0.9999892071522727;1.024999976158142;
2016-01-29 22:00:00;0.9999928844773668;0.9996695527906254;0.99983550028081;1.0;0.999942409462587;0.999982687859133;1.000290129637197;0.999969017792425;1.0;0.9999799174666559;0.9997802929913305;0.9999811646770581;1.0;0.9999687963430388;1.0;1.0;1.0;0.9999415593636157;0.9999862380902931;0.9999421338076818;0.9999934345641655;0.9997019013844657;0.9999999403781907;1.0002699035441234;1.0002986736492845;1.0;0.9997229670923339;0.999978951367926;0.9999409842202486;0.9999999999999999;0.9999999999999999;0.9995468165770869;0.9999598573552216;0.9988560263087413;0.9986306876325578;0.9994143065542921;0.9993814153349926;0.9993719005152694;1.0;0.9999538100328739;0.9999962400029501;0.9998659674674838;0.9999892418805582;1.024999976158142;
2016-01-29 22:15:00;0.9999928056499088;0.9997497528703242;0.9998794773857552;1.0;0.9999544869173824;0.9999880341794098;1.0002769550858595;0.9999789648898176;1.0;0.9999834826270891;0.9998385324203813;0.9999817674226932;1.0;0.9999767842911668;1.0;1.0;1.0;0.9999532446283804;0.9999881799266715;0.9999581430486649;0.9999923377390932;0.9997791418346073;0.9999999128801974;1.000257970200833;1.0002849349896326;1.0;0.9997944377332463;0.999984418994247;0.9999533266854547;1.0;1.0;0.9995695135318583;0.9999672576678547;0.99891754329913;0.9986912030525449;0.9994407552205385;0.9994054017735082;0.9993921720842028;1.0;0.9999626233610328;0.9999954288383817;0.9999030106420612;0.9999897194290253;1.024999976158142;
2016-01-29 22:30:00;0.9999927134938515;0.999722083874083;0.999864022501917;1.0;0.9999511722493175;0.9999866735697455;1.0002819840247033;0.9999764644306225;1.0;0.9999824076181256;0.9998171589076762;0.9999812982496854;1.0;0.9999746429928269;1.0;1.0;1.0;0.9999500111970667;0.9999875550794652;0.9999527085209697;0.9999924964345265;0.9997527019377123;0.9999999185749728;1.0002622709204512;1.0002904053210306;1.0;0.9997695103943018;0.9999829555629516;0.9999287972248877;1.0;1.0;0.9995863779237627;0.9999651174077051;0.998972861484107;0.9987472432048251;0.9994538444377568;0.9994124871284279;0.999392167244109;1.0;0.9999601115017819;0.999995563763355;0.9998904292590043;0.9999894238346246;1.024999976158142;
2016-01-29 22:45:00;0.9999938572061033;0.9997997501138284;0.9999060129121082;1.0;0.9999642229903188;0.99999117511066;1.0002705831377938;0.9999845545396384;1.0;0.9999863705257523;0.9998742855361541;0.9999837802836484;1.0;0.9999814114233657;1.0;1.0;1.0;0.9999634341657642;0.9999905020755832;0.9999677060836432;0.9999942485732178;0.9998277701209733;0.9999999446779501;1.0002521022621804;1.0002782327447342;1.0;0.9998399548052923;0.9999878243011511;0.9999382393748619;1.0;1.0;0.9995936922651446;0.9999729550926386;0.9989922175305471;0.9987703822683939;0.9994626872257518;0.9994244543280999;0.9994033407070086;1.0;0.9999694990469448;0.9999966933134202;0.999925152984568;0.9999907264937016;1.024999976158142;
2016-01-29 23:00:00;0.9999917790003215;0.9997335054805006;0.9998700121148648;0.9999999999999999;0.9999506530862409;0.9999873979325244;1.0002771362257301;0.99997807720998;1.0;0.9999824875069708;0.9998241808788961;0.9999850165374654;0.9999999999999999;0.9999762756160343;1.0;1.0;1.0;0.9999486539952325;0.9999867779731285;0.9999548880468278;0.9999896035867294;0.9997613063678573;0.9999998598128335;1.0002578703305096;1.000285505599155;0.9999999999999999;0.9997767402237291;0.9999837041561457;0.9999376758965827;1.0;0.9999999999999999;0.9996072044686656;0.9999655828269272;0.9990303185996178;0.9988054497986929;0.9994774235732532;0.9994419006532438;0.999421580170894;1.0;0.9999604044918521;0.9999935395694304;0.9998954660343029;0.9999912996660273;1.024999976158142;
2016-01-29 23:15:00;0.9999901141951153;0.9997593642004113;0.9998863676071797;1.0;0.9999525982743294;0.9999898848078089;1.0002722179853603;0.999983126693059;0.9999999999999999;0.9999825090486535;0.9998448028805518;0.9999847244760023;1.0;0.9999794619584844;1.0;1.0;1.0;0.9999497029752241;0.9999859046806884;0.9999611860529032;0.9999861258332875;0.9997880311005773;0.9999997969719291;1.0002534609573612;1.000280499094969;1.0;0.9998007566344386;0.999985681141595;0.9999447256508769;1.0;1.0;0.999623028612764;0.9999664159275522;0.9990780368186821;0.9988692100686087;0.9994925651446255;0.9994559967335406;0.9994347227188545;1.0;0.9999615157078093;0.9999911985485842;0.9999100545932105;0.9999911060929363;1.024999976158142;
2016-01-29 23:30:00;0.999992889615404;0.999735207384073;0.9998713929990717;1.0;0.9999517703679051;0.999986779667697;1.0002742042120352;0.9999766127570366;1.0;0.9999828189154972;0.9998281854748332;0.999984695654821;1.0;0.9999750885852862;1.0;1.0;1.0;0.9999505786385035;0.999987798808012;0.9999550839534878;0.9999925178922149;0.999764524138633;0.9999999164253724;1.000255464534781;1.0002820493842142;1.0;0.9997810751604005;0.9999832242043158;0.9999413403532891;1.0;1.0;0.9996308422423617;0.9999657898257271;0.9991002824732532;0.9988861630544033;0.9995009409057835;0.9994640573207618;0.9994422547312081;1.0;0.9999608097748338;0.9999955503323762;0.9998959316184299;0.9999910482421485;1.024999976158142;
2016-01-29 23:45:00;0.99999282661799;0.9997445394634114;0.9998761029172519;1.0;0.9999542486195949;0.9999879125041669;1.0002710211185868;0.9999787387657512;0.9999999999999999;0.9999834477430068;0.999833461484176;0.9999847150859693;0.9999999999999999;0.9999766682949166;1.0;1.0;1.0;0.9999529940311336;0.999988142970346;0.999957001211472;0.9999923199729771;0.9997737127122239;0.9999999120171102;1.0002522328717651;1.0002790128671368;1.0;0.9997890955355014;0.9999843201693883;0.9999334488390272;1.0;1.0;0.999654087478424;0.9999671856157238;0.9991706981996821;0.9989714796945516;0.9995229659086657;0.9994864879691886;0.9994652133054782;0.9999999999999999;0.9999625132793667;0.9999954105363221;0.9999003600339409;0.9999910676734203;1.024999976158142;
2016-01-30 00:00:00;0.9999931432509683;0.9997995074226712;0.9999029461308824;1.0;0.9999627306803817;0.9999911507273296;1.0002644176148148;0.9999848348883467;1.0;0.999986521662662;0.999867787757138;0.9999858924116641;1.0;0.9999827680497951;1.0;1.0;0.9999999999999999;0.9999609275126964;0.9999895636333436;0.9999665947214479;0.9999909696148335;0.999821457402544;0.9999998735529259;1.00024599639506;1.0002724136819396;1.0;0.9998324639782353;0.9999881206849418;0.9999484814309572;1.0;1.0;0.9996632695119271;0.9999737516309481;0.9991995597676282;0.9990088727038912;0.9995309508860583;0.9994950536527664;0.9994739385402093;1.0;0.9999698766108495;0.9999943372788929;0.999922582859753;0.9999921004528411;1.024999976158142;
2016-01-30 00:15:00;0.9999927045091122;0.9997339026245567;0.999866803732638;1.0;0.9999492861351201;0.9999858672870799;1.0002670575272101;0.9999750834007755;1.0;0.9999832290894219;0.9998206058853278;0.9999858649263338;1.0;0.9999757387638257;1.0;1.0;0.9999999999999999;0.9999471644348514;0.9999871275005668;0.9999530721714283;0.9999897820493622;0.9997549839698002;0.999999851216618;1.000248687419679;1.0002750020962643;1.0;0.9997710530441346;0.9999829921728965;0.9999326622438943;1.0;1.0;0.9996843268488174;0.9999666215373355;0.9992510270670317;0.9990759246046415;0.9995593169863772;0.9995234981276949;0.9995027950362388;1.0;0.9999610155447659;0.9999935176027482;0.999891260560985;0.9999921480602265;1.024999976158142;
2016-01-30 00:30:00;0.9999905138278984;0.9997341257396523;0.9998767822846578;1.0;0.9999512226309416;0.9999889725411718;1.0002616889664027;0.9999811494900951;1.0;0.999980994871688;0.9998341112846555;0.9999840069083873;1.0;0.9999759139242332;1.0;1.0;1.0;0.9999495606792965;0.9999861742772864;0.9999580077792292;0.9999898371985073;0.9997727603844154;0.9999998834525451;1.0002437306545404;1.0002693499719868;1.0;0.9997881407263197;0.9999840569127794;0.9999514509816924;1.0;1.0;0.9996964562944732;0.9999630091547177;0.999303995595867;0.9991576731423197;0.999559727728836;0.9995245431904469;0.9995038400773445;1.0;0.9999583129244638;0.9999939310543896;0.9999026973470608;0.9999900896315773;1.024999976158142;
2016-01-30 00:45:00;0.9999910008258973;0.9997635993846185;0.999891909488692;1.0;0.9999568780672399;0.9999909053377252;1.0002615346514425;0.9999846548458379;1.0;0.9999827406664417;0.9998539613498103;0.9999841005958486;1.0;0.9999789613451917;1.0;0.9999999999999999;1.0;0.999955312528285;0.9999873954993198;0.999963493240202;0.9999904123059966;0.9998005020288386;0.9999998902133357;1.0002435265413623;1.0002692209859905;1.0;0.9998137738677276;0.9999861823215912;0.9999316178685055;0.9999999999999999;1.0;0.9997012325577243;0.999966567282565;0.9993027876635711;0.9991508471327036;0.999574960333424;0.9995392377131613;0.9995181216671815;1.0;0.9999625197834335;0.9999942804830996;0.9999153962962777;0.9999902527807354;1.024999976158142;
2016-01-30 01:00:00;0.9999947219029758;0.9998672757284381;0.9999377356738476;1.0;0.9999755060946637;0.9999950407229926;1.0002496692389033;0.9999917325913438;1.0;0.9999906323913649;0.9999145632105431;0.9999861011992407;0.9999999999999999;0.9999890593819902;1.0;1.0;1.0;0.9999741901859475;0.9999927038828067;0.999978975864155;0.9999932723767866;0.9998851114228731;0.9999999077207303;1.0002323436325455;1.0002570802279556;1.0;0.9998919203845461;0.9999925974570993;0.9999427550034555;1.0;0.9999999999999999;0.9996986986156132;0.9999818439550994;0.9992938800404422;0.999139440887884;0.9995734007204209;0.9995366591932352;0.9995151622471913;1.0;0.999979427076619;0.9999958110003437;0.9999512560589353;0.9999924828249606;1.024999976158142;
2016-01-30 01:15:00;0.9999954288775094;0.9998971851479633;0.9999498794861075;1.0;0.9999798262405404;0.9999961096278257;1.0002436374091797;0.9999936873979226;1.0;0.9999928877879191;0.9999298083485652;0.9999867683231151;1.0;0.999992411604928;1.0;1.0;1.0;0.999978110556577;0.9999937447832451;0.9999830038703573;0.9999925384522328;0.9999068566829462;0.9999998796903868;1.0002266261010222;1.0002510480072027;1.0;0.999911396898004;0.9999944653691623;0.9999271568996322;1.0;1.0;0.9997262025937059;0.9999863815410007;0.9993809780989449;0.9992572226959904;0.9995968789064332;0.9995584190699733;0.9995355135870556;1.0;0.9999842007685649;0.9999951415466927;0.9999605887293795;0.999993350352451;1.024999976158142;
2016-01-30 01:30:00;0.9999963179005816;0.9999205634868172;0.9999614838237223;1.0;0.9999832495251737;0.9999966604981912;1.0002355485403829;0.9999945407552355;1.0;0.9999942803747593;0.9999464791846931;0.9999872484788818;1.0;0.9999938203607232;1.0;1.0;1.0;0.9999817727604922;0.9999948749132538;0.9999868167193564;0.9999937303288937;0.9999274157160468;0.9999998964439302;1.0002194142977217;1.000242414869674;1.0;0.9999311295837033;0.9999954250755666;0.9999463262965168;0.9999999999999999;1.0;0.9997432845631645;0.9999890041048248;0.9994347580725705;0.9993301011174991;0.9996116755631114;0.9995745751337834;0.9995531511020002;1.0;0.9999871483855357;0.9999958887512058;0.9999694278321569;0.9999937610504235;1.024999976158142;
2016-01-30 01:45:00;0.9999967812070578;0.9999311103522684;0.9999674210475421;1.0;0.999986424740209;0.9999975434703027;1.000235371918804;0.9999960645947641;1.0;0.999994986025163;0.9999545984112469;0.9999939741915534;1.0;0.9999947497361356;0.9999999999999999;1.0;1.0;0.9999853401344998;0.9999957172444559;0.9999890456918933;0.9999951084208685;0.9999391909053063;0.9999999239409587;1.0002191710126191;1.0002422145930945;1.0;0.9999423137801648;0.9999962704937565;0.9999337502604246;1.0;1.0;0.9997541272128444;0.9999904157977039;0.999432065086496;0.9993215103009435;0.9996462199110553;0.9996219039312584;0.9996015797891128;1.0;0.9999890076908927;0.9999968490885687;0.9999745953363061;0.9999967158515106;1.024999976158142;
2016-01-30 02:00:00;0.9999958652116145;0.9999136407648899;0.999959518421186;1.0;0.9999827787550384;0.9999969284917697;1.0002358816346366;0.9999950976728873;1.0;0.9999935912134936;0.9999436887289597;0.9999939803914188;1.0;0.9999933333424446;1.0;1.0;1.0;0.9999814046704307;0.9999945379397134;0.9999864041525848;0.9999937594161847;0.9999241781126622;0.9999999036430993;1.000219633368527;1.0002428105958872;1.0;0.9999281315207509;0.9999952773404465;0.9999360646230703;1.0;0.9999999999999999;0.9997563772647176;0.9999877660871569;0.9994387557547713;0.9993254292491447;0.9996484379303905;0.9996243786275885;0.9996036734465984;1.0;0.9999859906639245;0.9999959879141953;0.9999684719920116;0.9999965484666652;1.024999976158142;
2016-01-30 02:15:00;0.9999940161152711;0.9998782610377371;0.9999439025525835;1.0;0.9999764793001539;0.9999961396000182;1.0002383092164726;0.9999939850908848;1.0;0.9999908082487483;0.9999217476232607;0.9999932616420965;1.0;0.9999907402697019;1.0;1.0;0.9999999999999999;0.9999746685234854;0.9999923215279249;0.9999813803730105;0.9999914729176735;0.9998953018673205;0.9999998730219056;1.0002216931994206;1.000245566525992;1.0;0.9999007174569253;0.9999935700280241;0.9999376375171121;1.0;0.9999999999999999;0.9997602265205546;0.9999825878677113;0.9994591740561029;0.9993532026134588;0.9996461046145352;0.9996223350345746;0.9996017773962104;1.0;0.9999802636607765;0.999994572584535;0.9999568281437422;0.9999957738698785;1.024999976158142;
2016-01-30 02:30:00;0.9999950300975045;0.9999178650705499;0.9999607235542933;1.0;0.9999817939003198;0.9999973027162036;1.0002326043401895;0.9999960691598004;1.0;0.9999935882233717;0.9999437726152929;0.9999943204491114;1.0;0.9999946203947352;1.0;1.0;1.0;0.9999795956438001;0.9999937090936627;0.9999868887299234;0.9999909425142965;0.9999250057511;0.9999998458544914;1.0002164682150856;1.0002397114134085;1.0;0.9999278352840021;0.9999957386522821;0.9999348351522426;1.0;1.0;0.9997786994589207;0.9999881298671589;0.9994990672194624;0.9994033116933178;0.999674580178982;0.9996509770061085;0.9996310649480983;1.0;0.9999861011124213;0.9999940064674939;0.9999695951571018;0.9999969369068011;1.024999976158142;
2016-01-30 02:45:00;0.9999960151076259;0.9999247024618353;0.9999647017575592;1.0;0.9999850136948663;0.9999977129861423;1.0002338396964359;0.9999965565982575;1.0;0.9999943382104313;0.9999500699241388;0.999994017882709;0.9999999999999999;0.9999947274831337;1.0;1.0;1.0;0.9999835874854708;0.999994962402858;0.9999883046030484;0.9999937023225316;0.9999338676318943;0.9999998999885402;1.0002176073631168;1.0002408260414204;0.9999999999999999;0.9999368343646147;0.9999961796107153;0.9999255378131668;1.0;1.0;0.999766497670653;0.9999893554445639;0.9994764983180389;0.9993797564013237;0.9996531899633985;0.9996290056497972;0.999608447874249;1.0;0.9999878104182618;0.9999959186027129;0.9999728766815252;0.9999966611557127;1.024999976158142;
2016-01-30 03:00:00;0.9999965053821555;0.9999244919748023;0.9999649893231014;1.0;0.9999855044122897;0.9999974456561826;1.0002295915319692;0.9999959113474431;1.0;0.9999944211557326;0.9999514435851429;0.9999933257134143;0.9999999999999999;0.9999940975196558;0.9999999999999999;1.0;1.0;0.9999844811019225;0.9999954191693277;0.9999883042882087;0.9999951235722684;0.999934812753737;0.9999999282386103;1.000213782437379;1.0002362639883713;1.0;0.9999383471302739;0.9999959315633979;0.9999256254804763;1.0;1.0;0.9997979919125909;0.999989316207004;0.9995573648632831;0.9994921542620644;0.9996929572206822;0.9996665482942394;0.9996443286054559;1.0;0.9999878768668367;0.9999969073587742;0.9999728765835559;0.9999962677721311;1.024999976158142;
2016-01-30 03:15:00;0.9999937055533743;0.999887564557198;0.9999482643401104;0.9999999999999999;0.9999761996364374;0.9999963026408226;1.0002344006344364;0.9999944232681734;1.0;0.9999910368835501;0.9999273831657384;0.9999932158675721;1.0;0.9999916422463316;1.0;0.9999999999999999;1.0;0.9999739123145908;0.999991988410844;0.9999827938724696;0.9999899509567248;0.999901642068138;0.9999998396080263;1.0002182317961439;1.0002415018893787;1.0;0.9999063307175209;0.9999939035441302;0.9999232063855098;0.9999999999999999;1.0;0.9998010261505486;0.9999832221008095;0.9995727402594791;0.9995111997285964;0.9996916092852874;0.9996670558483927;0.9996464235197956;1.0;0.9999807499636898;0.9999934757104454;0.9999601056784494;0.9999959575254501;1.024999976158142;
2016-01-30 03:30:00;0.9999946637253598;0.9999088677238019;0.9999570070699998;0.9999999999999999;0.9999794255141286;0.9999966839737329;1.000229952721469;0.9999949756582578;1.0;0.9999927567621462;0.9999393065094617;0.9999937731994466;1.0;0.9999934397180754;1.0;1.0;1.0;0.9999771552332514;0.9999931070055466;0.99998553801385;0.9999905322100318;0.9999174540864216;0.9999998408041444;1.0002141791861137;1.0002368511384543;1.0;0.9999210699139915;0.9999949450020736;0.9999323306614405;1.0;1.0;0.9997994277611133;0.9999864492673164;0.9995639702625052;0.9995008872637645;0.9996927776939917;0.9996674888145576;0.9996462102981369;1.0;0.9999841763630475;0.999993757679424;0.9999664649106683;0.999996590056687;1.024999976158142;
2016-01-30 03:45:00;0.9999967344573502;0.9999329694382253;0.9999678753390487;1.0;0.9999861684324431;0.9999974697816216;1.0002255925085275;0.9999959621023293;0.9999999999999999;0.9999950980217308;0.9999550636475893;0.9999937915031608;1.0;0.9999949824967637;1.0;1.0;1.0;0.9999849138039337;0.9999956180872845;0.9999891312800572;0.999994596493114;0.9999396050681244;0.999999912019607;1.000210084026345;1.0002321809065131;0.9999999999999999;0.9999425535047897;0.9999963103647717;0.9999346818492841;1.0;1.0;0.9998121519498352;0.9999906600285199;0.9996021121785952;0.9995531128269418;0.9997051083889895;0.9996799769240202;0.9996594181002271;1.0;0.9999891647999848;0.9999964719650208;0.9999747940169882;0.999996733563248;1.024999976158142;
2016-01-30 04:00:00;0.9999969975768744;0.9999127521403884;0.9999575126533251;1.0;0.9999854148187385;0.9999969205513459;1.0002258404052202;0.9999948023417355;1.0;0.9999944843332611;0.9999409898406967;0.9999934886742797;1.0;0.9999933496650967;0.9999999999999999;1.0;0.9999999999999999;0.9999846948846723;0.9999957608483883;0.99998566744516;0.999996259807493;0.9999232183219693;0.9999999495096269;1.000209926884496;1.0002326441730007;1.0;0.9999274097893804;0.9999955166856493;0.9999331313708301;1.0;1.0;0.9998227204152107;0.9999892294610468;0.9996399118868426;0.9995965598253431;0.9997111704436983;0.9996865299475701;0.9996662044914595;1.0;0.9999877845566255;0.9999976817747873;0.9999667630095714;0.9999963323309133;1.024999976158142;
2016-01-30 04:15:00;0.9999970609289995;0.9999224404254249;0.9999621936606291;1.0;0.9999857284294389;0.9999969718934215;1.0002247977894074;0.9999949181171598;0.9999999999999999;0.9999948720678663;0.9999476241395745;0.9999938802169491;0.9999999999999999;0.9999939506215736;1.0;0.9999999999999999;1.0;0.9999848185632242;0.9999958191364929;0.9999871359516731;0.9999957543676959;0.9999305929136335;0.9999999361928126;1.000209189423754;1.0002314187910137;1.0;0.999934365662419;0.9999957742901117;0.9999399326033934;1.0;1.0;0.9998177268066135;0.9999900150690934;0.9996170898124849;0.999567774665808;0.9997116940697727;0.9996860086796218;0.9996640958310828;1.0;0.9999885216656461;0.9999972912481431;0.9999701677671857;0.9999966680449518;1.024999976158142;
2016-01-30 04:30:00;0.9999966657296065;0.9999286467718026;0.9999666349142406;0.9999999999999999;0.9999858548604363;0.9999974138733216;1.0002256751860938;0.9999958304988659;0.9999999999999999;0.9999947128402769;0.9999537886132829;0.9999937231822961;0.9999999999999999;0.9999943639885032;1.0;1.0;0.9999999999999999;0.9999847964476496;0.9999955704866242;0.9999887782959441;0.9999951035036668;0.9999375921152476;0.9999999257774631;1.0002101954213232;1.0002321954641347;1.0;0.9999409655771337;0.9999960495798982;0.999931384112036;1.0;1.0;0.999811652618702;0.9999898712299434;0.9996118279630402;0.9995646718682244;0.999696966924344;0.9996718008283427;0.9996506819818637;1.0;0.9999884233584385;0.9999968688097033;0.9999739757411716;0.9999965400393955;1.024999976158142;
2016-01-30 04:45:00;0.9999966067173021;0.9999179774552643;0.9999636329402607;1.0;0.9999852978074639;0.9999972857627611;1.0002246453034718;0.9999955044775197;1.0;0.9999938183665726;0.9999507738339835;0.9999929256901084;1.0;0.9999928228159176;0.9999999999999999;1.0;1.0;0.999984792433804;0.9999955556276539;0.9999879277824558;0.9999966408506296;0.9999328481477497;0.9999999645546146;1.0002093125759537;1.0002309555199809;1.0;0.9999373211024014;0.9999954215728692;0.999936549599642;1.0;1.0;0.9998216765277765;0.9999879902526816;0.9996326962099663;0.9995867675120611;0.9997129499226757;0.9996878934110569;0.9996670271499926;1.0;0.9999866967855732;0.9999980365477025;0.9999720050435505;0.999995769345141;1.024999976158142;
2016-01-30 05:00:00;0.9999962649414561;0.9999167267689729;0.9999616287024998;1.0;0.9999844733337723;0.9999972458563252;1.0002273571239881;0.9999955667512785;1.0;0.9999938632753331;0.9999469593608129;0.9999934486551461;1.0;0.9999933787896327;1.0;1.0;0.9999999999999999;0.9999835037383421;0.9999951157708395;0.9999872157344936;0.9999951302125549;0.9999289232018232;0.9999999320044043;1.0002116606273335;1.0002339896884649;1.0;0.9999329117511411;0.9999955258657567;0.999927278556659;1.0;1.0;0.9998213924294149;0.9999882495601441;0.9996309479895378;0.9995837909927461;0.9997132867668164;0.9996885531836315;0.9996676869087957;0.9999999999999999;0.9999867503931733;0.9999969548907319;0.9999703543919576;0.9999961903136624;1.024999976158142;
2016-01-30 05:15:00;0.9999966388623146;0.9999238945451292;0.9999644287172296;1.0;0.9999861562549219;0.9999975734088938;1.0002270432576232;0.9999961183824653;1.0;0.9999945481697015;0.9999504696889848;0.9999937040804012;1.0;0.9999941988247986;1.0;0.9999999999999999;1.0;0.9999852448243925;0.9999956092069849;0.9999881661353129;0.9999955129729432;0.9999345020746039;0.9999999360826318;1.0002112733268802;1.0002337335637599;0.9999999999999999;0.9999379744681065;0.99999605163758;0.9999440390769204;1.0;1.0;0.99980053143678;0.9999895945293193;0.999591416186191;0.9995447401616003;0.9996773616626964;0.9996519966029362;0.9996301899136223;1.0;0.999988247868448;0.9999971790813714;0.9999725572720919;0.9999964167100813;1.024999976158142;
2016-01-30 05:30:00;0.9999967276856747;0.9999150532831211;0.9999609977774631;1.0;0.9999858310751077;0.9999973862573476;1.00022759742626;0.999995681336798;1.0;0.9999940676204889;0.9999463559139222;0.9999930297482266;1.0;0.9999931490647925;1.0;1.0;1.0;0.9999853134010841;0.9999956998143056;0.99998707640538;0.9999966794208713;0.9999291311810775;0.9999999636915002;1.00021175228126;1.0002342501076564;1.0;0.9999333937001934;0.9999956074899309;0.9999285108439713;1.0;1.0;0.999810350475323;0.9999884952631288;0.9995903325787169;0.9995437317428139;0.9997077184935224;0.9996824675595838;0.9996613484877616;1.0;0.9999872395857945;0.99999804381241;0.999970029974553;0.9999958734035551;1.024999976158142;
2016-01-30 05:45:00;0.9999970349247653;0.999922170954694;0.9999644268387338;0.9999999999999999;0.9999861351585568;0.9999972181393996;1.0002231155966055;0.9999953072872831;1.0;0.999994451194056;0.9999516784377932;0.9999936089727828;1.0;0.9999933124377252;0.9999999999999999;1.0;1.0;0.999985628220696;0.9999959591689809;0.999988062193238;0.999996885165486;0.9999345890458294;0.9999999644451926;1.0002078264617023;1.000229434316447;1.0;0.999938825491994;0.9999956601268821;0.9999362653545956;1.0;1.0;0.9998134766333537;0.9999891054175066;0.9996198199771467;0.9995814742606566;0.9996970101626331;0.9996730044009569;0.9996526792198452;1.0;0.9999878256865352;0.9999981478135671;0.9999723139416248;0.9999962522447057;1.024999976158142;
2016-01-30 06:00:00;0.9999961177776117;0.9998827237856297;0.9999433045496969;1.0;0.9999783998648867;0.9999948424157672;1.0002359221691806;0.999991084012538;1.0;0.9999922445148588;0.9999229289749236;0.9999933336947153;1.0;0.9999898781579825;1.0;1.0;1.0;0.9999774410115175;0.9999940901916613;0.9999804850695118;0.9999950682059209;0.9998958612391302;0.9999999327575044;1.0002196549455729;1.0002427771658455;1.0;0.9999023973006933;0.9999931002906004;0.99991060114212;1.0;0.9999999999999999;0.9997774732431302;0.9999846762103822;0.9995497370955199;0.9994932032553666;0.9996362766272863;0.9996113504096686;0.999590232840252;0.9999999999999999;0.9999824461866362;0.9999969330853812;0.9999547568099129;0.9999960753529166;1.024999976158142;
2016-01-30 06:15:00;0.9999951547652236;0.9997597335245935;0.999874678411765;1.0;0.9999554179292128;0.9999859427816232;1.0002505132268689;0.9999747730881585;1.0;0.9999864044867017;0.9998313484291553;0.9999902089957728;1.0;0.999977981819302;1.0;1.0;1.0;0.9999538264351593;0.9999896779189255;0.9999552213541617;0.9999926598053738;0.9997716410627617;0.9999998883956847;1.00023305857641;1.000258065160314;1.0;0.9997866382286406;0.999984351583726;0.9999052366487907;1.0;1.0;0.9997608745928207;0.999972420499763;0.9995459521072525;0.999489223570267;0.9995887949259152;0.9995571555823314;0.9995347048516329;1.0;0.9999672412477931;0.9999952790579738;0.9998962527184055;0.9999947481515488;1.024999976158142;
2016-01-30 06:30:00;0.9999969774173936;0.999758931344509;0.9998723706210185;0.9999999999999999;0.9999567419294766;0.9999846925939773;1.0002527702299329;0.9999720014885817;1.0;0.9999873416549216;0.9998302204466266;0.9999898638356465;0.9999999999999999;0.9999766708578904;0.9999999999999999;0.9999999999999999;0.9999999999999999;0.9999560542239296;0.9999911782031584;0.999953868710068;0.9999962615578049;0.9997691777956261;0.9999999517686368;1.0002353228714262;1.0002600574395906;1.0;0.9997855531839542;0.999983676801725;0.9998885066358749;1.0;0.9999999999999999;0.999766004210415;0.9999735876956324;0.9995570262638358;0.9995009264980621;0.999596704733987;0.9995657376600188;0.9995454146598363;1.0;0.9999685127576461;0.9999976857262689;0.9998931251376777;0.9999947076170324;1.024999976158142;
2016-01-30 06:45:00;0.9999966390792155;0.9998537719138395;0.9999277368831871;1.0;0.9999748834657168;0.9999928444411487;1.0002415583261024;0.9999871841151253;1.0;0.9999911813022458;0.9999030276124139;0.9999924363682102;1.0;0.9999866133893573;1.0;1.0;1.0;0.9999744669123657;0.999993946279956;0.9999747803527571;0.9999968967848728;0.9998692211080618;0.9999999707814806;1.0002248315036053;1.000248515466976;1.0;0.9998782511317087;0.999991082485771;0.9998906870286328;1.0;0.9999999999999999;0.9997704703486189;0.9999821357744177;0.9995562307773715;0.9994989470548344;0.9996107182712916;0.9995851746324778;0.9995646177583322;1.0;0.9999795492806783;0.9999982222585485;0.999941541042019;0.9999955094678519;1.024999976158142;
2016-01-30 07:00:00;0.9999963721528139;0.9998031138401664;0.9998979420002103;1.0;0.9999641448259597;0.9999884904505142;1.0002633350117245;0.9999792012990142;1.0;0.9999889477981577;0.9998633346539869;0.9999939699489903;1.0;0.9999815876490102;1.0;1.0;1.0;0.99996319359463;0.9999919630952826;0.9999635368331852;0.9999952028703112;0.9998145153397766;0.9999999332909165;1.0002451673799286;1.0002709689821947;1.0;0.9998271665218212;0.9999871388486724;0.9998674902892138;1.0;1.0;0.9996474379962782;0.999977332222043;0.999201247855107;0.9991091152601508;0.9994820462016636;0.9994577268468118;0.9994364527952991;1.0;0.9999732357529237;0.9999969892429718;0.9999155037548407;0.9999964821785517;1.024999976158142;
2016-01-30 07:15:00;0.9999959760266669;0.9997907261479655;0.9998929318825753;1.0;0.9999626410816732;0.9999882946009317;1.0002660560883732;0.9999788624557115;0.9999999999999999;0.9999880613145405;0.9998566473240423;0.9999935413835344;1.0;0.9999804866928936;1.0;1.0;1.0;0.9999618108781093;0.9999915229455013;0.9999619717297795;0.9999953243546829;0.999805741901005;0.9999999417766864;1.0002476392513446;1.0002737920732045;0.9999999999999999;0.9998191131404448;0.9999865707344199;0.9997969102832104;1.0;1.0;0.9997034873660519;0.9999755494679087;0.9993516069159079;0.9992573329434502;0.9995484243497611;0.9995243509541828;0.9995033406208463;0.9999999999999999;0.9999714006355218;0.9999971474539064;0.9999118695589908;0.9999960401001603;1.024999976158142;
2016-01-30 07:30:00;0.9999966809349355;0.9998212532095678;0.9999080125380571;0.9999999999999999;0.9999672443276046;0.9999895448088998;1.0002629070977003;0.9999810646325707;1.0;0.9999898654106054;0.9998772184603157;0.9999935368371594;1.0;0.9999830684308484;0.9999999999999999;1.0;1.0;0.9999664463283698;0.9999927176538956;0.9999671347545105;0.999995823172619;0.9998325119722473;0.9999999440357608;1.0002449127222015;1.0002703767744463;1.0;0.9998441786366945;0.9999882581407088;0.999786532754565;1.0;1.0;0.9997173781486589;0.99997906879435;0.9993985009275783;0.9993113376751906;0.999558296990864;0.9995336279759656;0.9995129246746903;1.0;0.9999753587323429;0.9999974066937564;0.9999238288398073;0.9999962978481156;1.024999976158142;
2016-01-30 07:45:00;0.9999964525575322;0.9998020416288188;0.9998987394088883;1.0;0.9999645319305028;0.9999886169023263;1.000270133684323;0.9999793596212625;1.0;0.9999887474691753;0.9998650517977309;0.9999933109077267;1.0;0.9999811365842003;0.9999999999999999;1.0;0.9999999999999999;0.999963894804752;0.9999921559983133;0.9999639053035045;0.9999961390807525;0.9998161914053875;0.9999999553156381;1.000251594482276;1.0002778112614101;1.0;0.9998292028486252;0.9999870611217443;0.9997430048266125;1.0;0.9999999999999999;0.9997283005961776;0.9999768159203768;0.9994300149902514;0.9993501143417015;0.9995697201988748;0.9995452892370316;0.9995245856942172;1.0;0.9999728732410086;0.9999976825484147;0.9999163559312355;0.9999959967202554;1.024999976158142;
2016-01-30 08:00:00;0.9999967657547512;0.9998202724176439;0.9999078717713306;1.0;0.9999683640672294;0.9999899396492715;1.0002691688384096;0.9999817617901832;1.0;0.9999899232810682;0.9998767519567381;0.999993217329372;1.0;0.9999832122995502;1.0;1.0;1.0;0.9999677866728509;0.9999929736065846;0.999967265496556;0.999996498684331;0.9998332661147191;0.9999999595039454;1.0002505634916616;1.0002769167759966;1.0;0.9998448350026481;0.9999885087035193;0.9997362912514248;1.0;1.0;0.9997193500759479;0.9999792212595403;0.9994359002663786;0.9993645235368711;0.999538702920905;0.9995134179390469;0.9994921427021165;1.0;0.9999757186448925;0.9999979008444472;0.9999241328185112;0.9999960341850467;1.024999976158142;
2016-01-30 08:15:00;0.999995322660583;0.9997953669299425;0.999895699262684;1.0;0.9999637944149651;0.999989407949528;1.0002715483105982;0.9999811180980029;1.0;0.9999881023406736;0.9998588592653861;0.9999924048448905;0.9999999999999999;0.9999818883440306;1.0;1.0;1.0;0.9999626333480587;0.9999912141094496;0.9999633110395585;0.9999940101527135;0.9998108887254531;0.9999999185767134;1.000252463019157;1.0002797505524184;1.0;0.9998230686766135;0.9999874526034114;0.999745475892936;1.0;1.0;0.9997111971356789;0.9999760463995122;0.9994253120186454;0.9993630455940895;0.9995213428329603;0.999495937431983;0.9994756158509669;1.0;0.9999720624489712;0.9999962676430654;0.999914974399683;0.9999954914558477;1.024999976158142;
2016-01-30 08:30:00;0.9999964676791415;0.9996760952659003;0.9998281996336235;1.0;0.9999425244769962;0.9999790039136063;1.000289623627755;0.9999615708962477;1.0;0.9999830226905067;0.999772195050381;0.9999932450335579;1.0;0.9999680709784813;1.0;1.0;1.0;0.999941956241333;0.9999884774147348;0.9999377357356891;0.9999962405764184;0.9996899540155149;0.9999999601449462;1.0002696228898913;1.0002979331796809;1.0;0.9997124133069819;0.999977694132137;0.999762484486421;0.9999999999999999;1.0;0.999670265853122;0.999964843565862;0.9993298465571471;0.9992426088307436;0.9994630769171653;0.9994391961976627;0.9994194358317413;1.0;0.9999581102873485;0.9999977524924687;0.9998558146461927;0.999995986691516;1.024999976158142;
2016-01-30 08:45:00;0.9999964675802655;0.999736086061605;0.9998626344082877;1.0;0.9999531963274487;0.9999837221779613;1.0002993167885201;0.9999702373502083;0.9999999999999999;0.9999856785854057;0.9998178982975828;0.9999933510434557;1.0;0.999974127876663;1.0;1.0;1.0;0.9999527399626631;0.9999903441934196;0.9999505589340689;0.9999966200745154;0.9997516069367818;0.9999999679897951;1.0002787911232849;1.0003077561789766;1.0;0.9997697126956737;0.9999821866663724;0.9997549706741851;1.0;0.9999999999999999;0.9995614710638236;0.999970243997674;0.9989549448057485;0.9987943880237278;0.9993909544367685;0.9993757981572196;0.9993666642946992;1.0;0.9999649214990843;0.999998040977984;0.9998854646044845;0.9999959191170859;1.024999976158142;
2016-01-30 09:00:00;0.9999963442713526;0.9996312508411213;0.9998021926073374;1.0;0.9999330811119849;0.9999750021094439;1.0003038405568998;0.9999542327917749;0.9999999999999999;0.9999809220074453;0.999738045376268;0.9999933444045355;1.0;0.9999632692675222;1.0;1.0;1.0;0.9999321912013016;0.9999867807667413;0.9999278619376272;0.9999952142989073;0.9996422182350905;0.9999999375889269;1.0002830000220342;1.0003125023029265;1.0;0.9996681347044083;0.9999740076485728;0.9997578152504513;1.0;1.0;0.999634211898648;0.9999604412200233;0.9991985329398465;0.9990439859739515;0.9994440053690913;0.999427547472238;0.999418032213304;1.0;0.9999524052760977;0.9999969989300274;0.9998329762339627;0.9999962306176642;1.024999976158142;
2016-01-30 09:15:00;0.9999953867261263;0.9996741539071755;0.9998285767317628;1.0;0.9999403807291251;0.9999792669576473;1.000292967202172;0.9999622501961298;1.0;0.9999822957633095;0.9997722050509877;0.9999933219201276;1.0;0.9999682285994458;1.0;1.0;1.0;0.9999392411608993;0.9999874683149608;0.9999380447794488;0.9999940236621531;0.9996888060541453;0.9999999200832105;1.0002728723832728;1.0003013794563802;1.0;0.99971095629637;0.9999776886737533;0.9997503095173108;1.0;1.0;0.9996542012844154;0.9999634575206112;0.9992631616534267;0.9991442123516041;0.9994601618548228;0.9994441558121214;0.9994342277951235;0.9999999999999999;0.9999564832704454;0.9999962655220437;0.9998564974835873;0.9999959651912917;1.024999976158142;
2016-01-30 09:30:00;0.9999968520769943;0.9997806451475814;0.9998846197145603;1.0;0.9999617252734585;0.9999869445887252;1.0002905440437022;0.999976224374395;1.0;0.999988391637896;0.9998455095158716;0.9999937350827054;1.0;0.9999794845377001;1.0;1.0;1.0;0.9999610666492488;0.9999918833574878;0.9999586539400914;0.9999962871738487;0.9997920489557061;0.9999999538074946;1.0002702759523803;1.0002990681683512;1.0;0.9998063279809852;0.9999857285067194;0.9997458777483418;1.0;1.0;0.9996188479965841;0.9999760094148734;0.9991571985393058;0.9990009347576335;0.9994258921656598;0.9994104970509947;0.9994013628713417;1.0;0.9999716080464357;0.9999977256870203;0.9999042029817647;0.9999963783549617;1.024999976158142;
2016-01-30 09:45:00;0.9999965270653137;0.9996819968229391;0.9998306347365378;1.0;0.9999436041285775;0.9999794217391315;1.0003018955889487;0.9999623370246465;1.0;0.9999835139773143;0.9997749586252183;0.9999938616320296;1.0;0.9999689550995083;1.0;1.0;1.0;0.999942927200452;0.9999886905222823;0.9999386260529435;0.9999959714975546;0.9996944828073551;0.9999999525234256;1.0002809648460806;1.0003106434236353;1.0;0.9997163258975241;0.9999782360437175;0.9997593363135547;1.0;1.0;0.9996005830298416;0.9999657997999908;0.9990960157948641;0.9989154374415902;0.999412583738376;0.9993985746627854;0.9993906466666828;0.9999999999999999;0.9999591507708224;0.9999975412721503;0.999857864443576;0.9999963603494557;1.024999976158142;
2016-01-30 10:00:00;0.9999952943236454;0.9997835242326713;0.9998916664352971;1.0;0.9999608665203342;0.9999882254612406;1.0002908948199287;0.9999788530736216;1.0;0.9999869385544556;0.9998555187364387;0.9999929018520526;1.0;0.9999794553472042;0.9999999999999999;1.0;1.0;0.9999600454904101;0.9999908117306832;0.999961697607426;0.9999949579331527;0.9998025850315712;0.9999999424200315;1.0002709958939935;1.0002991368740053;1.0;0.9998165358571782;0.999986013099585;0.9997803171812754;1.0;1.0;0.9995779761924218;0.9999735008248042;0.9990375280639445;0.998845986753629;0.9993843383082166;0.9993688891316405;0.9993593744311754;1.0;0.9999692810805948;0.9999969849274202;0.9999112452152515;0.9999954699245291;1.024999976158142;
2016-01-30 10:15:00;0.9999914018055549;0.999717116081405;0.9998623828017612;1.0;0.999946458270991;0.9999859700068172;1.0003013517331196;0.999975503671071;1.0;0.9999811672037651;0.9998150105761974;0.9999855215984917;1.0;0.9999740108688469;1.0;1.0;1.0;0.9999443887247423;0.9999858544752299;0.9999519887638371;0.9999891722568901;0.9997462893656293;0.9999998548729695;1.0002807649340038;1.0003101282461258;1.0;0.9997632864236251;0.9999821205665128;0.9997614287398879;1.0;1.0;0.9995593653379307;0.9999629210889956;0.9990064409450128;0.9988071078917413;0.9993494337212763;0.9993219037500377;0.9993104411120999;1.0;0.999957265053134;0.9999932773349824;0.9998887678974073;0.9999914329770881;1.024999976158142;
2016-01-30 10:30:00;0.9999918804671658;0.999730022357101;0.999867388744918;0.9999999999999999;0.999949468525919;0.9999867495573055;1.0003023329508054;0.9999768928179984;1.0;0.9999823763938767;0.9998208586140139;0.9999910532445515;1.0;0.9999757647685584;1.0;1.0;1.0;0.9999473790611317;0.9999866053115112;0.9999537653291259;0.9999893919714593;0.9997562353146352;0.9999998534761406;1.0002814297778795;1.0003113474118124;0.9999999999999999;0.9997720597894303;0.9999832196026653;0.9997671439241004;1.0;1.0;0.9995397292217715;0.9999653584836433;0.9989342173577802;0.9987263193945677;0.9993395291541738;0.9993221363460585;0.9993122289305814;1.0;0.999959970721163;0.9999933628851387;0.9998928780914405;0.9999941398513371;1.024999976158142;
2016-01-30 10:45:00;0.9999890425509338;0.9996931853023507;0.9998468104932644;1.0;0.9999368292575723;0.9999840682649868;1.000316466245918;0.9999727670297661;1.0;0.9999792013953337;0.9997911695643231;0.999992861158362;1.0;0.9999733369924482;1.0;1.0;1.0;0.9999325642403135;0.9999823641989286;0.9999462395174206;0.9999815912841098;0.9997139799488354;0.9999997009243204;1.000294759916876;1.0003262006695175;1.0;0.999730917263842;0.9999804252923333;0.9997551347654745;1.0;1.0;0.999484128923265;0.9999598806400938;0.9987763406661345;0.9985498207078141;0.9992796434762533;0.9992654035227415;0.9992570640571623;0.9999999999999999;0.999952691213731;0.9999879531717016;0.9998754617943713;0.9999953330572094;1.024999976158142;
2016-01-30 11:00:00;0.9999880127927535;0.999690247643754;0.9998463079129919;1.0;0.9999353908867408;0.9999844877694336;1.0003118755501599;0.9999737913583953;0.9999999999999999;0.999978492851434;0.9997895288810895;0.9999921896556258;1.0;0.9999736626995306;1.0;1.0;1.0;0.9999306218560148;0.9999814086727072;0.9999463243563532;0.9999795808090404;0.9997120520798819;0.999999665581503;1.0002904169277271;1.0003216456605784;1.0;0.9997285105194;0.9999805222016528;0.9997989737824792;0.9999999999999999;1.0;0.9994954008547186;0.9999588229566694;0.9987982000380347;0.9985668533902845;0.9992987141051768;0.9992826321093269;0.9992731182300899;0.9999999999999999;0.9999514898167347;0.9999866106868006;0.9998756501734994;0.9999949581108522;1.024999976158142;
2016-01-30 11:15:00;0.9999912557556294;0.9996816650101427;0.9998373632384823;1.0;0.999937199712454;0.9999820314524864;1.0003098621628215;0.9999684275522627;0.9999999999999999;0.9999801502546541;0.9997802608270754;0.9999926651462637;0.9999999999999999;0.9999711965708022;1.0;1.0;1.0;0.999933962606993;0.9999839990859926;0.9999422412494288;0.9999857612900774;0.9996997131759645;0.9999997730024635;1.0002885567090072;1.0003192364158129;1.0;0.9997187344141124;0.9999791722124912;0.9998056253836178;1.0;1.0;0.9994762734822716;0.9999608129693295;0.9987415532330995;0.9985319009142504;0.9992797065766315;0.9992633075635932;0.9992533813430583;1.0;0.9999535658943254;0.9999907246743693;0.9998661997378788;0.9999954336028065;1.024999976158142;
2016-01-30 11:30:00;0.9999912300923695;0.9997183678814937;0.9998622395605014;0.9999999999999999;0.9999468221778335;0.9999863730093996;1.000297066619621;0.9999762790818105;1.0;0.9999815010276715;0.999813723095723;0.9999916711328024;1.0;0.999974892252465;1.0;1.0;1.0;0.9999444875233517;0.9999858195963224;0.9999520508681407;0.9999883484869514;0.9997461759959432;0.9999998362838163;1.0002765383154744;1.0003059752116819;1.0;0.9997625491572313;0.9999826177639529;0.999788457849425;1.0;0.9999999999999999;0.9995370667337058;0.9999634911637143;0.9989220751575051;0.9987281517842992;0.9993397907821835;0.9993253246641168;0.9993173972490896;1.0;0.9999578310533723;0.9999926838848597;0.999888884904501;0.999994314399603;1.024999976158142;
2016-01-30 11:45:00;0.9999926519997991;0.9997966389071941;0.9999011894121266;1.0;0.9999601758827708;0.9999905617795584;1.0002959890686194;0.9999838759339799;1.0;0.9999860856485902;0.9998654327928593;0.9999925789169367;1.0;0.9999824321657271;1.0;1.0;1.0;0.9999578825817244;0.9999887991024754;0.999965800267973;0.9999892932311629;0.9998165678283842;0.9999998391859191;1.0002756391660474;1.0003047718718412;0.9999999999999999;0.9998277418651359;0.9999876276721373;0.9998022759029023;1.0;1.0;0.9995043332638587;0.9999728927447025;0.9988402131294946;0.9986229191711476;0.9992969637224123;0.9992811424375454;0.9992716285724912;1.0;0.9999686188965002;0.9999931585743455;0.999920740191307;0.9999952647274994;1.024999976158142;
2016-01-30 12:00:00;0.9999914198888905;0.9996868330436234;0.9998420678605814;1.0;0.999938754534205;0.9999825509910235;1.0003171550880652;0.9999692934700456;1.0;0.999980133447147;0.9997875720594663;0.9999925844380184;1.0;0.9999710959521677;1.0;1.0;1.0;0.9999359679986999;0.9999844444341954;0.9999440251213996;0.9999871172152037;0.999708421875798;0.9999998045970517;1.0002955328678231;1.0003264837091013;1.0;0.9997275509234393;0.9999794211173564;0.9997835738143892;1.0;1.0;0.9994396902408444;0.9999607229337887;0.9986385058202056;0.9984079643148315;0.9992397357111292;0.9992248990349988;0.999216179059708;1.0;0.9999538066959469;0.9999917234479889;0.99987034222154;0.9999951525096797;1.024999976158142;
2016-01-30 12:15:00;0.9999905932596143;0.9996262732203401;0.999809848339163;1.0;0.9999280502714046;0.9999787431828923;1.0003277655497538;0.9999624240066779;1.0;0.9999768535383194;0.9997444567754477;0.9999924494159991;1.0;0.9999653214107969;1.0;1.0;1.0;0.9999250552624787;0.9999821022100926;0.9999324086793551;0.9999860290667051;0.999650316716406;0.9999997899760154;1.0003052719806909;1.0003375538522126;1.0;0.9996734228027093;0.9999753106352024;0.9997782174959633;0.9999999999999999;1.0;0.9994007223790072;0.9999542089624255;0.9985944323649015;0.998351912216587;0.9991522975255294;0.9991383766704386;0.999130450738426;1.0;0.9999460339262096;0.9999910367078013;0.9998434535247003;0.9999949213138287;1.024999976158142;
2016-01-30 12:30:00;0.9999930291653757;0.9996400490129942;0.9998132611132471;1.0;0.9999338860500514;0.9999786764086162;1.0003378081988865;0.9999618066925132;1.0;0.9999791768050321;0.9997497602861884;0.9999928106918591;1.0;0.9999661415714399;1.0;1.0;1.0;0.9999319527401757;0.9999846235366144;0.9999332125566839;0.9999903980058493;0.9996601888835238;0.9999998644236513;1.0003143392248062;1.0003478876082017;1.0;0.9996831907831223;0.9999760569276718;0.9997497142557449;0.9999999999999999;1.0;0.9993370661930956;0.9999584394178329;0.9984128055885862;0.9981765397003003;0.9990843340591511;0.9990698771674035;0.9990615393336083;1.0;0.9999508526261893;0.9999939224480907;0.9998453470075743;0.999995351948026;1.024999976158142;
2016-01-30 12:45:00;0.9999876516499817;0.9995113053357385;0.9997455643816451;1.0;0.9999032082485899;0.999970581750579;1.0003390811211992;0.9999483330231425;1.0;0.9999699699430034;0.999656487949057;0.9999924447082688;1.0;0.9999551502651326;1.0;1.0;1.0;0.9998982020306858;0.9999755439277611;0.9999088911052701;0.9999784881126389;0.9995310831091886;0.999999648938158;1.0003155871440417;1.0003498004363738;1.0;0.9995607344359686;0.99996694598462;0.9997855469899493;0.9999999999999999;1.0;0.9993901916095398;0.9999417410179852;0.9985542320772715;0.9983321381699846;0.9991479871335766;0.9991312973552214;0.9991209916360397;0.9999999999999999;0.9999302663447204;0.9999858445173859;0.9997890984033388;0.9999952131642011;1.024999976158142;
2016-01-30 13:00:00;0.9999893273372166;0.99966637795934;0.9998321001146193;1.0;0.99993281781936;0.9999820426939071;1.0003211733112956;0.9999689222059933;0.9999999999999999;0.9999780939803599;0.9997722136176741;0.9999926084896011;0.9999999999999999;0.9999703427686452;1.0;0.9999999999999999;1.0;0.9999288393934882;0.9999819283571866;0.9999407814271583;0.9999825345806336;0.9996881844595021;0.9999997210192914;1.0002991267830412;1.0003309920115706;0.9999999999999999;0.9997073601666845;0.9999784302212809;0.9998024646785263;0.9999999999999999;1.0;0.9993910752912609;0.9999574161105748;0.998542054446438;0.9983097077268354;0.9991589696538353;0.9991445116821006;0.999136173225436;1.0;0.9999497586809698;0.9999886184041837;0.999862835592302;0.9999951497452543;1.024999976158142;
2016-01-30 13:15:00;0.9999918167006728;0.999661454020204;0.9998249601325927;1.0;0.9999341365823617;0.9999800423757661;1.0003204728902257;0.9999646718529621;1.0;0.999979539488795;0.9997642804630371;0.9999932055024522;1.0;0.9999688085196121;1.0;0.9999999999999999;1.0;0.9999311263633566;0.9999838015577442;0.9999374612062358;0.9999866734400479;0.9996781298897254;0.9999997889113161;1.0002984176383336;1.0003301123547432;1.0;0.9996989759735573;0.9999774420086005;0.9998219689623462;1.0;1.0;0.999401219709297;0.9999595016221375;0.9985680461929831;0.9983368724613324;0.9991718179171774;0.9991566649609466;0.9991475331012091;1.0;0.9999518157971226;0.9999913200382047;0.9998551679821436;0.9999957735757086;1.024999976158142;
2016-01-30 13:30:00;0.999988726464649;0.9995572156364025;0.9997824892160296;1.0;0.9999187330056148;0.9999765795688133;1.0003391671952815;0.9999586401486731;1.0;0.9999712706033163;0.9997099768253633;0.9999895233365267;1.0;0.9999575962937116;1.0;1.0;1.0;0.9999167507343124;0.9999795022941037;0.9999234998789881;0.9999877711966746;0.9996018376692973;0.9999998609864628;1.0003160215113316;1.0003489497589064;1.0;0.9996299980793829;0.9999710227063973;0.9997942617484645;0.9999999999999999;1.0;0.9993595297836858;0.9999436253405324;0.9984524624549204;0.9982005149813563;0.9991250060904336;0.9991099328841414;0.9991012139121305;0.9999999999999999;0.9999350527953847;0.9999926644639276;0.999822880014983;0.9999921665976501;1.024999976158142;
2016-01-30 13:45:00;0.9999801685761845;0.9993871519921752;0.9997100139021436;1.0;0.9998879660395825;0.9999716896794085;1.0003542704476354;0.9999514838661913;1.0;0.9999565502811445;0.9996110229424079;0.999984459824853;1.0;0.9999427193788353;1.0;1.0;1.0;0.9998846143604239;0.9999685764363564;0.9998999511729755;0.9999788662492283;0.9994670803787968;0.9999997649442834;1.0003297977005878;1.000365009534408;1.0;0.9995037725478592;0.9999612640610113;0.9998163014760241;1.0;1.0;0.999367860038813;0.999917380847129;0.9984808878779299;0.9982217494983824;0.9991307201935326;0.9991146170130467;0.9991058980001586;1.0;0.9999062617596034;0.999987385018331;0.9997684471146946;0.999987428657437;1.024999976158142;
2016-01-30 14:00:00;0.999985685077028;0.9995341242709818;0.9997744624963154;0.9999999999999999;0.9999132556415012;0.9999773386804368;1.0003357599420817;0.9999607137960139;1.0;0.9999684646197866;0.9996966267419491;0.9999886665377411;1.0;0.9999571352720122;1.0;1.0;1.0;0.9999101184256465;0.9999765596949612;0.9999215563339284;0.9999827660643628;0.9995851790972492;0.9999997799966878;1.0003125556760275;1.0003459371225791;1.0;0.9996129864575728;0.9999705662518811;0.9998169074869329;1.0;0.9999999999999999;0.9993797923256469;0.9999389200844299;0.9984950847326802;0.9982366017237216;0.999157015181223;0.9991418499392027;0.9991331306886602;1.0;0.9999299010572514;0.9999894048634473;0.9998183507937742;0.999991338825992;1.024999976158142;
2016-01-30 14:15:00;0.9999889025749141;0.9993490224762728;0.9996596420128593;1.0;0.9998776520858563;0.9999583741188791;1.000348877683384;0.9999251751800649;1.0;0.9999624387931036;0.9995473412084769;0.9999883308410993;1.0;0.9999361612084926;1.0;1.0;1.0;0.9998744780528225;0.9999724957943148;0.9998770276665696;0.9999842860139699;0.9993789846659888;0.9999997774114268;1.000325068974999;1.0003591823144986;0.9999999999999999;0.9994227285019727;0.9999545115123972;0.9998276658940123;1.0;1.0;0.9993659883491302;0.9999250430277041;0.9984664981106995;0.9982178845168497;0.9991349010474871;0.9991145141661248;0.9991057951541342;1.0;0.9999107283036114;0.9999900004674885;0.9997153841474129;0.9999926526855739;1.024999976158142;
2016-01-30 14:30:00;0.9999913793196585;0.9995225867984815;0.9997523191168161;1.0;0.9999110810631996;0.9999703317620524;1.0003356258505791;0.99994677923613;1.0;0.999972062947118;0.9996702983207837;0.999988854708267;1.0;0.9999534641828374;1.0;1.0;1.0;0.9999088460365041;0.9999796754101609;0.9999108694409821;0.9999884735916624;0.9995483613838132;0.9999998432643369;1.0003126601003642;1.0003454155526923;1.0;0.999580114945305;0.9999670459722629;0.9998261028952532;0.9999999999999999;1.0;0.9993953836620898;0.9999444571674688;0.9985890707128457;0.9983558867647053;0.9991398559057727;0.9991194689233088;0.9991107498680794;1.0;0.9999342046987775;0.9999927455631596;0.999793711295422;0.9999931765550059;1.024999976158142;
2016-01-30 14:45:00;0.9999908429146509;0.999488748806808;0.9997327533983051;1.0;0.9999052218653547;0.9999680705531329;1.0003350340211585;0.9999429089900644;1.0;0.9999702130733507;0.9996432269704323;0.999991227698809;1.0;0.9999506015900232;1.0;1.0;1.0;0.9999026421185885;0.9999780653112113;0.9999037812249455;0.9999871205653466;0.9995135062856626;0.9999998190894285;1.0003118020075499;1.0003451358434683;1.0;0.9995470623571897;0.9999647045621866;0.9998494165967735;0.9999999999999999;1.0;0.9994430472811012;0.9999415142548593;0.9987089936746288;0.9984676388337936;0.9992017225983553;0.9991846345616409;0.99917512161541;1.0;0.9999304819961089;0.9999918125081058;0.9997773620665857;0.9999943143061328;1.024999976158142;
2016-01-30 15:00:00;0.9999804427316933;0.9993143087482533;0.9996721041607505;1.0;0.9998767791893469;0.9999664036274046;1.0003486560222932;0.9999416568739434;1.0;0.9999527099473642;0.999562753879;0.9999845691241623;1.0;0.9999341612671286;0.9999999999999999;1.0;0.9999999999999999;0.9998742623672067;0.9999668724275614;0.9998859935817331;0.9999812905155954;0.9994001531694586;0.9999998234865249;1.0003246717846574;1.0003589745993524;1.0;0.9994430101939408;0.9999556104323456;0.9998784172329701;1.0;1.0;0.9994233840074547;0.9999096803441673;0.9986444259663266;0.9983756068384492;0.999186508383944;0.9991712820090447;0.9991617691899396;0.9999999999999999;0.999897373079268;0.9999891625567955;0.9997362262448704;0.9999870678183689;1.024999976158142;
2016-01-30 15:15:00;0.9999867995491961;0.9995134992319408;0.9997555572407398;1.0;0.9999068452686929;0.9999731975224311;1.000326758209122;0.9999530871873354;0.9999999999999999;0.9999686610457006;0.999671296676771;0.9999907147538024;1.0;0.9999548026106221;0.9999999999999999;1.0;0.9999999999999999;0.999902995572857;0.9999759025692416;0.9999135462665839;0.9999813228294155;0.9995502520544506;0.9999997300367016;1.000304223908317;1.0003367927090112;1.0;0.9995799628982878;0.9999679151712014;0.999891558955445;1.0;1.0;0.9994402086274699;0.9999392163029768;0.9986931305765515;0.9984209324684777;0.999203993960273;0.9991892423909873;0.999180522726863;0.9999999999999999;0.9999288452158948;0.9999881238946534;0.9997998603054132;0.9999932560046431;1.024999976158142;
2016-01-30 15:30:00;0.9999849912868359;0.9994721035838743;0.9997321977916914;1.0;0.9998959978008786;0.9999700032371733;1.0003291148237545;0.9999478877042516;1.0;0.99996554486706;0.9996388354514116;0.9999908330004207;1.0;0.9999512361281815;1.0;0.9999999999999999;0.9999999999999999;0.9998908289603325;0.9999724897620198;0.9999049405561349;0.999976475796443;0.9995053836953429;0.9999996375304251;1.0003064437923068;1.0003394762214466;1.0;0.9995371135562311;0.9999645820643367;0.9999089084343455;1.0;1.0;0.9994725045215033;0.999934196501007;0.9987670259210595;0.9985056602043336;0.9992509415539457;0.999235939648755;0.9992276004290696;0.9999999999999999;0.9999223226571424;0.9999847662924437;0.9997800086765928;0.9999935456223127;1.024999976158142;
2016-01-30 15:45:00;0.999980861446099;0.999472554092555;0.999731066633534;1.0;0.999886663078104;0.9999699479223421;1.0003357709977836;0.9999490909453512;1.0;0.9999635376940972;0.9996329892748052;0.9999913753947649;0.9999999999999999;0.9999535626866618;1.0;1.0;1.0;0.9998780567615776;0.9999677356523055;0.9999045832200939;0.9999643518361101;0.9994953628108233;0.9999993964771867;1.0003128415660065;1.0003468868548644;1.0;0.9995244493015524;0.9999644683804746;0.9999127966685212;1.0;1.0;0.9994352197240027;0.9999318738216063;0.9986868924990585;0.9984050854361594;0.9991932063006315;0.999175624984019;0.9991656996344824;1.0;0.9999184240535667;0.9999763194614854;0.9997791832278926;0.9999945178480998;1.024999976158142;
2016-01-30 16:00:00;0.9999878583467542;0.9996011079813041;0.9997971362077726;1.0;0.9999195671720915;0.9999776059249547;1.000320198479811;0.9999611736260949;1.0;0.9999740227261407;0.9997251980481208;0.9999923871264914;0.9999999999999999;0.9999640639256591;1.0;1.0;1.0;0.9999148901538194;0.9999785476707406;0.999928073431968;0.9999796434015079;0.9996237741394918;0.9999996720279876;1.0002981888561966;1.000330164408682;1.0;0.9996470579522165;0.9999736397895083;0.999906636340039;1.0;0.9999999999999999;0.9994107345270026;0.9999499263315048;0.9986121747889437;0.9983586767756928;0.9991703799112479;0.9991551354227968;0.9991460035770383;1.0;0.9999406266309367;0.9999866815513221;0.9998334614334866;0.9999949842271485;1.024999976158142;
2016-01-30 16:15:00;0.999967896481003;0.9990273879283557;0.9995500906031537;1.0;0.9998254833090422;0.9999563678916724;1.0003754204810107;0.9999259012195989;0.9999999999999999;0.9999280955917295;0.9994000940272957;0.9999765796903474;0.9999999999999999;0.9999064354996129;0.9999999999999999;1.0;1.0;0.9998219173143246;0.9999498000419553;0.9998456343673883;0.999970863828977;0.9991739278602765;0.9999997498845199;1.0003497844839118;1.0003865576904774;1.0;0.9992334667553723;0.999937686581463;0.9999377422531565;1.0;1.0;0.9993138578778831;0.9998654378444637;0.9983853896905742;0.9981172856455035;0.9990330561324173;0.999018185667495;0.9990098482650962;1.0;0.9998489573533343;0.9999833994637649;0.9996430179984053;0.9999792519462983;1.024999976158142;
2016-01-30 16:30:00;0.9999810945360311;0.9993587333059109;0.9996967771511157;1.0;0.9998854521868676;0.9999696623185657;1.000341755268229;0.999947409858257;1.0;0.9999552017412497;0.9995959058762723;0.9999841746181912;1.0;0.9999384600573934;1.0;1.0;1.0;0.9998833198869916;0.9999689131197224;0.9998950708078478;0.9999828187832676;0.9994451568585568;0.9999998504515103;1.0003183099631339;1.0003517450308732;1.0;0.9994851132835102;0.9999589352468198;0.9999031125767981;1.0;1.0;0.9993815000088896;0.999914272752581;0.9984255498629736;0.9982008032293822;0.9992096548880968;0.999194488847109;0.9991857691372005;1.0;0.9999030820839467;0.9999902079565381;0.9997571886275466;0.9999868468944383;1.024999976158142;
2016-01-30 16:45:00;0.9999754784168982;0.9992705054029636;0.9996627461293999;1.0;0.9998690817702813;0.9999680905051473;1.0003505308045386;0.9999457597688843;1.0;0.9999464146076128;0.999549230822135;0.9999807746190683;1.0;0.999930797967537;1.0;0.9999999999999999;0.9999999999999999;0.9998660992370298;0.9999623548011964;0.9998845875874556;0.9999771340393275;0.9993806763713201;0.9999997908177253;1.0003264379691856;1.0003609854604913;1.0;0.9994246879387803;0.9999540670363289;0.9999320398305988;1.0;1.0;0.9993757663788781;0.9998989849037976;0.9984048847135765;0.9981490447797905;0.9992064737100825;0.9991900197246757;0.9991805067271744;1.0;0.9998866272969206;0.9999868612353284;0.9997329719145874;0.9999836607959178;1.024999976158142;
2016-01-30 17:00:00;0.9999812261937261;0.9993242724349509;0.999668850440128;0.9999999999999999;0.9998746139077568;0.9999645375512036;1.0003491068668564;0.9999382884431798;1.0;0.999954538100554;0.9995569534842899;0.9999864800635196;0.9999999999999999;0.9999356823046907;1.0;1.0;1.0;0.999870821166592;0.999966744589172;0.9998837645151559;0.9999780917295383;0.9993924967856027;0.9999997340154309;1.0003250777584094;1.000359721435997;1.0;0.9994344588784843;0.9999554319256051;0.9998998346629021;1.0;1.0;0.9993656214669694;0.9999131840712001;0.9984118294376275;0.9981604347288593;0.9991711297608724;0.9991556470165247;0.9991465151660908;1.0;0.9998999346263319;0.9999866213596269;0.9997310680538365;0.9999891523459276;1.024999976158142;
2016-01-30 17:15:00;0.9999784207432677;0.9992926117788815;0.9996627643049175;0.9999999999999999;0.9998708852731655;0.9999657902563156;1.0003439103247407;0.9999410695291934;1.0;0.9999502913025904;0.9995491321094176;0.9999840986034827;1.0;0.9999326883728143;1.0;0.9999999999999999;0.9999999999999999;0.9998674815355868;0.9999644042636198;0.9998829884717093;0.9999775944381986;0.9993811231155921;0.9999997612885969;1.0003202572329988;1.0003542815673319;1.0;0.9994245141430138;0.9999543021016631;0.9999305768372124;0.9999999999999999;1.0;0.9994181811233818;0.9999057396346073;0.9985491325969372;0.9983036693074506;0.9992358953125019;0.9992204484306605;0.9992109351434563;1.0;0.999892788380287;0.9999867149962663;0.9997292852460543;0.9999866666533517;1.024999976158142;
2016-01-30 17:30:00;0.9999855548465538;0.9994819084376954;0.9997456546173725;0.9999999999999999;0.9999028937131748;0.9999727496822515;1.000333390525494;0.9999524020601634;1.0;0.9999655108250162;0.9996595728966438;0.9999885800422326;1.0;0.9999509646760302;1.0;1.0;1.0;0.9998997287714132;0.999974554247159;0.9999106557846523;0.9999825308901502;0.9995325962510971;0.9999997780511014;1.0003105912478438;1.000343306367596;1.0;0.9995647324856182;0.9999660128486627;0.9999088123240769;1.0;1.0;0.9993656693144458;0.9999333405098009;0.9984024586662148;0.9981604573722188;0.9991776758488329;0.999162290550929;0.9991535711220063;1.0;0.9999229981683558;0.9999892423617497;0.9997932006618203;0.9999913216874009;1.024999976158142;
2016-01-30 17:45:00;0.9999891136927789;0.999676270512644;0.9998365601232037;1.0;0.9999335671581744;0.9999825178214524;1.0003152430651616;0.9999699327772812;1.0;0.9999784884689332;0.9997775850444656;0.9999926564288147;0.9999999999999999;0.9999715629637945;1.0;1.0;1.0;0.9999292177955563;0.9999817989564698;0.9999423439574796;0.999981375095532;0.9996955441873995;0.9999996950090267;1.0002936001657725;1.0003249786447377;1.0;0.9997137498380111;0.9999790337448352;0.9999086338096801;1.0;1.0;0.9993655802323156;0.9999584954507877;0.9983866380802678;0.9981478721752338;0.9991882123137206;0.9991726856903417;0.9991635536841816;0.9999999999999999;0.9999508354842352;0.9999877753774773;0.999866458389518;0.9999953422395855;1.024999976158142;
2016-01-30 18:00:00;0.999987146576552;0.9996636309915522;0.9998371949124573;1.0;0.9999333847092815;0.9999845089174046;1.0003167078888122;0.9999739032647652;1.0;0.9999762494993549;0.9997777940617383;0.9999913212079465;1.0;0.999971020106441;1.0;0.9999999999999999;1.0;0.9999292729315847;0.999980620034886;0.9999437573811827;0.9999809310872376;0.9996969926071665;0.9999997116664585;1.0002947614269606;1.000326602606986;1.0;0.9997151140520075;0.999979364682495;0.9999115907261568;1.0;1.0;0.99935046323577;0.9999546487239866;0.9983292359350696;0.9980738019131512;0.9991818167261586;0.9991670594902128;0.9991579275354737;1.0;0.9999475004376038;0.9999877747067888;0.999869720978293;0.9999937640735109;1.024999976158142;
2016-01-30 18:15:00;0.9999744592094821;0.9995339073929943;0.9997683671144669;1.0;0.9998894095357553;0.9999775297846112;1.0003445660886048;0.9999648929480285;1.0;0.9999631489721608;0.999674648729862;0.9999924536732927;1.0;0.999964399031677;1.0;0.9999999999999999;1.0;0.9998767600615046;0.9999634626954591;0.9999197060794125;0.9999493553797425;0.9995544069193028;0.9999991129516594;1.0003206525046826;1.0003571071120552;1.0;0.9995741243058727;0.9999706047240547;0.9999071025214645;1.0;0.9999999999999999;0.999333521813652;0.9999339932239639;0.9982968945347596;0.9980306489607603;0.9991528062494145;0.9991318566673063;0.9991157842966601;1.0;0.9999208029270532;0.9999660800206062;0.9998141187713567;0.999995166299581;1.024999976158142;
2016-01-30 18:30:00;0.9999843321276891;0.9996191917410251;0.9998111331622278;1.0;0.9999188634162401;0.9999808749500687;1.0003250445053995;0.9999681108302959;1.0;0.9999727735271535;0.9997405825423693;0.9999921602378523;0.9999999999999999;0.9999678601458635;1.0;0.9999999999999999;1.0;0.9999123723576989;0.9999759507169037;0.9999340694606774;0.9999725411188363;0.9996446772517507;0.9999995448232761;1.0003026584562975;1.0003355696317269;1.0;0.9996643979453989;0.9999758144154072;0.9999087907194242;1.0;1.0;0.9993371467935747;0.9999487926420314;0.9983027628764292;0.9980626882403474;0.9991597309173854;0.9991367146690209;0.9991171936597846;1.0;0.9999395113732226;0.9999819149636581;0.9998473178115408;0.9999946879805249;1.024999976158142;
2016-01-30 18:45:00;0.9999832556944981;0.9995451583370731;0.9997684196314758;1.0;0.9999020805483857;0.9999745086250907;1.0003343166193104;0.999956759584916;0.9999999999999999;0.9999687700267715;0.9996835187006144;0.9999924644454433;1.0;0.9999604376703195;1.0;1.0;1.0;0.9998944975163757;0.9999722188583012;0.9999179769732975;0.999968722128733;0.9995651525468372;0.9999994682436716;1.000311459667172;1.0003451958029321;1.0;0.99958996730222;0.9999697914006582;0.9999100792360416;1.0;0.9999999999999999;0.9993184317480082;0.9999410651029194;0.9982424851790218;0.9979989684030256;0.9991444491364804;0.9991205760301258;0.9991008219637885;0.9999999999999999;0.9999294559456237;0.9999792180668615;0.9998101137901959;0.9999952061012614;1.024999976158142;
2016-01-30 19:00:00;0.9999776346749821;0.9994742883971324;0.9997434606260029;1.0;0.9998902201507953;0.9999750028423017;1.0003495694189604;0.9999588649457862;1.0;0.9999612415339771;0.9996474540282718;0.9999845211642038;1.0;0.9999555429143837;0.9999999999999999;1.0;1.0;0.9998817562892746;0.9999664716319986;0.9999111486833739;0.9999629978227883;0.9995181854395763;0.9999994064625737;1.0003252254441273;1.0003614294987804;1.0;0.9995450835500124;0.9999669503107036;0.999906095855948;1.0;1.0;0.9992627065790652;0.9999282077531593;0.9981012357080165;0.9978479501106037;0.9990728371340896;0.9990394818997175;0.9990184817584893;1.0;0.9999160068445904;0.9999758434597784;0.999794301758423;0.9999899566460153;1.024999976158142;
2016-01-30 19:15:00;0.9999787531490426;0.9994584695523999;0.9997334212405629;1.0;0.9998895887283776;0.9999734522516057;1.0003544338985877;0.9999558037439124;0.9999999999999999;0.9999610898930255;0.9996348353960821;0.9999885764312633;1.0;0.9999534507895212;1.0;1.0;1.0;0.9998818111646592;0.9999670115545961;0.9999072921061901;0.9999655338056401;0.9995022933212474;0.9999994545868041;1.000329595561369;1.000366416194392;1.0;0.999530872248862;0.9999656246775838;0.9999212905554;1.0;1.0;0.9992285601994594;0.9999278808087827;0.9979939264808932;0.9977219741347034;0.9990431241463871;0.9990156806675775;0.9989932420987724;1.0;0.9999155972903504;0.9999775665936943;0.9997854123963513;0.999991794073433;1.024999976158142;
2016-01-30 19:30:00;0.9999825016521074;0.9994714025286796;0.9997368225287423;1.0;0.9998975044219885;0.9999732078207308;1.0003501489863622;0.9999543208993569;1.0;0.9999641733218266;0.9996417557253541;0.9999893350850051;1.0;0.9999534107882321;0.9999999999999999;1.0;1.0;0.9998917781341409;0.999971065745711;0.9999079920382885;0.9999735012277985;0.9995139980647383;0.9999995984336327;1.0003253775496719;1.0003617623694472;0.9999999999999999;0.9995435106431972;0.999966348258391;0.9998991498554242;1.0;1.0;0.9992752335091406;0.9999325407345755;0.9981341017854068;0.9978493842313659;0.9990881664860831;0.9990626731840488;0.9990414075414881;0.9999999999999999;0.9999212101595194;0.9999829468083917;0.9997870185128696;0.9999922212865621;1.024999976158142;
2016-01-30 19:45:00;0.9999865779765207;0.9996260866809538;0.99980774087161;1.0;0.99992201198922;0.9999798344256131;1.0003338493236826;0.9999658140250619;1.0;0.9999751800347877;0.9997354684848048;0.9999937193369818;1.0;0.9999687584786117;1.0;1.0;1.0;0.9999158533424324;0.9999777912530218;0.9999321875660647;0.9999747459455391;0.9996415298226431;0.999999568132828;1.00031039963799;1.0003449305957588;1.0;0.9996610674252637;0.9999760882467579;0.9999182034920099;0.9999999999999999;1.0;0.9992456359833374;0.9999531869551608;0.9980428313530708;0.9977850216443476;0.9990612241530832;0.9990386593499814;0.9990190665639582;1.0;0.9999439220644379;0.9999831993974311;0.9998429653312227;0.9999960870105709;1.024999976158142;
2016-01-30 20:00:00;0.9999830269972403;0.9995580919225274;0.9997870231295813;1.0;0.9999129555788706;0.9999797789477763;1.0003261332308981;0.9999660761801685;1.0;0.9999684154835632;0.9997094977773666;0.9999898106079305;0.9999999999999999;0.9999616857596236;1.0;1.0;0.9999999999999999;0.999907717749527;0.9999744146724016;0.9999265268717793;0.9999753345376278;0.9996038031135824;0.999999632696233;1.0003034004087268;1.0003366477862776;0.9999999999999999;0.9996276635273675;0.999972769533364;0.9999005676195333;1.0;1.0;0.9993559177297853;0.999940178352087;0.9983192597048859;0.9980831050224368;0.9992050785913112;0.9991819166988423;0.9991617489379211;1.0;0.9999309187675037;0.9999842413440256;0.9998298452039254;0.9999922266697392;1.024999976158142;
2016-01-30 20:15:00;0.9999883925956;0.9997112310388888;0.9998612255133418;1.0;0.9999420616880857;0.9999870129913004;1.0003108379264956;0.9999782693829041;1.0;0.9999792454878025;0.9998103103431495;0.9999901432381153;1.0;0.9999753095283294;1.0;0.9999999999999999;1.0;0.9999382807559528;0.9999828926172764;0.9999522111253375;0.9999826144132749;0.9997408355116039;0.9999997348683936;1.000289416486112;1.0003203968800325;1.0;0.9997561442226907;0.9999824005135529;0.999890126324251;1.0;1.0;0.9993638889905966;0.999960397075983;0.9983640754955313;0.9981483337737092;0.9991985160652834;0.999171504769035;0.9991501631097577;1.0;0.9999542016243221;0.9999888342062051;0.999889285705701;0.9999934899059981;1.024999976158142;
2016-01-30 20:30:00;0.9999902570859993;0.999712345280983;0.9998589913106294;1.0;0.9999437499689823;0.9999858469559054;1.0003092809001406;0.9999756753192367;1.0;0.9999804673511654;0.9998087838033352;0.9999907805761424;1.0;0.9999744762488577;1.0;1.0;1.0;0.9999407457411061;0.999984445078392;0.9999508636685265;0.9999858689420008;0.9997386975659596;0.9999997893318536;1.0002880108463772;1.0003185934765848;1.0;0.999755040170604;0.9999819444692821;0.9999052631173356;1.0;0.9999999999999999;0.9993560743785938;0.9999621853741719;0.9983108934911512;0.9980950605976513;0.9992112653515027;0.999185675514891;0.9991656673621008;1.0;0.9999560795090652;0.9999909745612398;0.9998861728077615;0.9999940020596901;1.024999976158142;
2016-01-30 20:45:00;0.9999876184074471;0.9996354376962306;0.9998252336776225;1.0;0.9999312312636737;0.9999831800973231;1.0003168500133128;0.9999711496921451;1.0;0.999974721822716;0.999763846762231;0.9999891191724664;1.0;0.9999672086142088;1.0;1.0;1.0;0.9999282624367614;0.9999807880143087;0.9999396252973585;0.9999844267547471;0.9996773908535882;0.9999997918089645;1.0002949655874163;1.0003264454586662;1.0;0.9996983686145005;0.9999774631970693;0.9999124200034015;1.0;0.9999999999999999;0.9993436004721535;0.9999511792851695;0.9982707570258174;0.998032188998583;0.9992010514393346;0.9991761988841203;0.9991564437180382;1.0;0.999944083957542;0.999990332659961;0.9998601523299877;0.9999921692802071;1.024999976158142;
2016-01-30 21:00:00;0.9999868731745596;0.9996007213330971;0.999810809013584;0.9999999999999999;0.999925882552134;0.9999817003914122;1.0003206389203676;0.9999684353529492;1.0;0.9999721367332355;0.9997458831948793;0.9999878485566057;0.9999999999999999;0.9999631846236234;1.0;0.9999999999999999;1.0;0.9999233488547858;0.9999795697140638;0.9999347298429131;0.9999852213671527;0.9996513417559739;0.9999998223193545;1.0002986684459114;1.0003301027879326;1.0;0.9996750725800538;0.9999751489681753;0.9998896886862558;1.0;1.0;0.9993500652270968;0.9999459449135516;0.998286416061263;0.9980618757965429;0.9992098589225272;0.999182814462312;0.9991606055255292;0.9999999999999999;0.999938502984547;0.9999910573879445;0.9998488208880841;0.9999909948331199;1.024999976158142;
2016-01-30 21:15:00;0.9999840423206411;0.9995221385618996;0.9997770040973077;1.0;0.9999129293705717;0.9999788957822707;1.0003261754690247;0.9999637917577012;1.0;0.999965856631231;0.999701239370377;0.9999857473027643;1.0;0.9999554218618133;1.0;1.0;1.0;0.9999104860744124;0.999975586766608;0.9999234877521521;0.9999837997254465;0.9995897268184851;0.999999828653141;1.0003038235497976;1.0003357763352845;0.9999999999999999;0.999618322534749;0.9999703177426345;0.9999082465422803;1.0;0.9999999999999999;0.9993396008022439;0.9999343347131241;0.9982562589729306;0.998054380658343;0.9991988907345932;0.9991723618341228;0.9991507130412642;1.0;0.9999259000833496;0.999990458805737;0.9998228409669706;0.9999888667567965;1.024999976158142;
2016-01-30 21:30:00;0.9999884377693422;0.999637693776897;0.9998287543936955;1.0;0.9999337725819992;0.9999835055874094;1.000314851092539;0.9999714449813176;0.9999999999999999;0.9999748573521838;0.9997704072886713;0.9999875598655499;1.0;0.999966383748782;1.0;1.0;1.0;0.9999318332563348;0.9999819144615589;0.9999409651688242;0.9999878116403378;0.9996852103666419;0.9999998639993835;1.000293273006048;1.0003240305694647;0.9999999999999999;0.9997069774646916;0.9999775047358874;0.9998926834189091;1.0;1.0;0.9993730026851586;0.9999510914993988;0.9983532788577164;0.9981270219082925;0.9992333785366242;0.9992063135082454;0.9991856169866222;1.0;0.9999445284357897;0.9999927474621876;0.9998632652329447;0.9999910801243194;1.024999976158142;
2016-01-30 21:45:00;0.9999907447812747;0.9996887163412719;0.9998453274644015;1.0;0.9999403545980667;0.9999839235574711;1.0003024134858969;0.9999719550452673;1.0;0.9999797727892767;0.9997911031886442;0.999990624733049;1.0;0.999971891913584;1.0;1.0;1.0;0.9999376293494932;0.9999842775617307;0.9999457301744428;0.9999869124995664;0.9997149267523023;0.9999998088935831;1.0002815529832894;1.0003115260328783;1.0;0.9997332889509561;0.999980209010177;0.9998964977260852;1.0;1.0;0.9994417432086201;0.999960367339431;0.9985582945795107;0.9983455760544273;0.9993007063342465;0.9992741926050188;0.999253389304833;1.0;0.9999538280262917;0.9999916831682991;0.9998742848342264;0.9999939446024391;1.024999976158142;
2016-01-30 22:00:00;0.9999887288439132;0.9996635668732091;0.9998400333632469;1.0;0.9999371861706442;0.9999847063837414;1.0003024187493894;0.9999736670916787;0.9999999999999999;0.9999766516089519;0.9997844700708052;0.9999886586344066;0.9999999999999999;0.9999694493773075;1.0;1.0;1.0;0.9999347810711466;0.9999826149572177;0.9999448413481812;0.9999866848528914;0.999704947517896;0.9999998313406712;1.0002816277117659;1.0003114055797786;1.0;0.999724604544832;0.9999792722972801;0.9999047183693357;1.0;1.0;0.9994401825800598;0.9999545967224164;0.9985335251196165;0.9983213962489531;0.9993129148797766;0.999286510770818;0.9992659600388158;1.0;0.9999482327946602;0.9999918486679316;0.9998722196626699;0.9999920052973209;1.024999976158142;
2016-01-30 22:15:00;0.9999846419502528;0.9996038207158793;0.9998206013174052;1.0;0.9999280507076278;0.9999849417291423;1.000303659509546;0.999974812918902;1.0;0.9999703594721614;0.9997580813947022;0.9999861287994879;1.0;0.9999642743480992;1.0;1.0;1.0;0.9999256272863797;0.9999785586404822;0.9999395712297993;0.9999842841036668;0.9996688139549473;0.9999998300491755;1.0002826886915692;1.0003127643514051;1.0;0.9996911864628114;0.9999766001974421;0.9999131698293334;1.0;1.0;0.9994727768198531;0.9999433052440563;0.998626383257024;0.9984188916229357;0.9993478124446742;0.9993222177294633;0.9993016662631329;0.9999999999999999;0.9999366817817055;0.9999907256035363;0.9998600253294824;0.9999892192254033;1.024999976158142;
2016-01-30 22:30:00;0.9999864880191366;0.9996738522494845;0.999855759862927;1.0;0.9999414894115707;0.9999889267682844;1.000298325297181;0.9999817802866799;1.0;0.9999749509567742;0.999805145109073;0.999986704834555;1.0;0.9999709660675998;1.0;1.0;1.0;0.9999395684149113;0.999982041450223;0.999952049330205;0.9999868149805139;0.9997335053421479;0.9999998652825041;1.0002777314038795;1.000307164884631;1.0;0.9997514866764093;0.9999813565668517;0.9999116768525893;0.9999999999999999;1.0;0.9994500856577394;0.9999520860127797;0.998566526723169;0.9983690141722178;0.9993202473103378;0.9992944771507054;0.9992739262548712;1.0;0.999946957443764;0.999992323977804;0.9998888954606552;0.9999898511074704;1.024999976158142;
2016-01-30 22:45:00;0.999990613812313;0.999771197986627;0.99989521772098;1.0;0.9999568072141339;0.9999912504355714;1.0002876788216755;0.9999854387684791;1.0;0.999983004981778;0.9998576819742194;0.9999894321445226;1.0;0.9999800681878578;1.0;1.0;1.0;0.9999547376464666;0.9999870623046972;0.9999646355032106;0.9999887662789322;0.9998053567126951;0.9999998548719911;1.000267924114451;1.000296162036195;0.9999999999999999;0.9998177506046588;0.9999866664520322;0.9999026844944346;1.0;1.0;0.9994671036644016;0.9999672599629086;0.9986192783781171;0.998428312318451;0.9993355527329161;0.9993082427334128;0.9992868244099719;1.0;0.9999630997586784;0.999993104808253;0.999918040214268;0.9999928540075383;1.024999976158142;
2016-01-30 23:00:00;0.9999928032433787;0.9998053986107506;0.9999048123872781;1.0;0.9999619143669332;0.9999911381075495;1.000276631113689;0.9999849375151818;1.0;0.9999867931415592;0.9998696651231136;0.9999922013241763;1.0;0.9999836480622653;1.0;0.9999999999999999;0.9999999999999999;0.9999595230716865;0.9999891564336028;0.9999671088507283;0.9999891003736939;0.9998234472929777;0.9999998323149261;1.0002574540082954;1.0002850243266834;1.0;0.9998337693627753;0.9999883766321819;0.9999058073927412;1.0;1.0;0.9995303885997782;0.9999743428318641;0.9988009307526384;0.9986321651916907;0.9994023811656106;0.9993767685566545;0.9993559087896293;1.0;0.9999702167820382;0.9999929897652736;0.9999237679882875;0.9999952224118326;1.024999976158142;
2016-01-30 23:15:00;0.9999905845313111;0.9997904976090819;0.9999055575491969;1.0;0.9999591221954253;0.9999922755330183;1.0002760225473502;0.9999873730190104;1.0;0.9999838044914797;0.9998715467305022;0.9999898708193088;1.0;0.9999818350889679;1.0;1.0;0.9999999999999999;0.999956868712954;0.9999873979078038;0.9999682972988828;0.9999882434832017;0.9998230667745213;0.9999998419771258;1.0002572327991424;1.000284082700283;0.9999999999999999;0.9998341769124829;0.9999877938466282;0.9999031126578366;1.0;1.0;0.9995534459669652;0.9999689496375251;0.9988704480329428;0.9987036603179045;0.9994244530490335;0.9993972620450964;0.9993754609126336;1.0;0.9999650213187127;0.9999927143687738;0.9999265196472786;0.9999931616567875;1.024999976158142;
2016-01-30 23:30:00;0.9999907334312452;0.9997630716349396;0.9998862675164606;1.0;0.9999535598653709;0.9999896701183585;1.0002779670627353;0.9999826229837511;1.0;0.9999832926932124;0.9998444596991372;0.9999904840045468;1.0;0.9999799223692609;1.0;1.0;1.0;0.9999506965363576;0.9999864354280746;0.9999609492741323;0.9999865891697369;0.9997884879444477;0.9999997992137829;1.0002587087129862;1.0002864901100954;1.0;0.9998010243841036;0.9999858763525954;0.9999127410375125;0.9999999999999999;0.9999999999999999;0.9995587037922286;0.9999678076515849;0.9988873962264457;0.9987214598632745;0.9994287382364271;0.9994015703525252;0.9993804572148758;1.0;0.9999629056940175;0.9999914386575255;0.9999094999262966;0.9999939349165182;1.024999976158142;
2016-01-30 23:45:00;0.9999921836604927;0.9998337903649043;0.9999206745960947;1.0;0.9999660759480791;0.9999935239304097;1.0002720100485727;0.9999895695141805;1.0;0.9999877746591062;0.9998896786729824;0.9999915099080169;1.0;0.9999870759995112;1.0;1.0;1.0;0.9999632340598147;0.9999893379917527;0.9999730956037411;0.9999874979968436;0.9998511180379078;0.9999998007205194;1.0002531033616806;1.0002804095205746;1.0;0.9998587900826296;0.9999906080088151;0.9999013642467421;1.0;0.9999999999999999;0.9995664478685861;0.9999768141652715;0.9988941472315263;0.998737148459048;0.9994474852865464;0.999421040689647;0.9994008681021818;0.9999999999999999;0.9999731865859709;0.9999918817563659;0.9999376339045033;0.9999949608235286;1.024999976158142;
2016-01-31 00:00:00;0.9999845529618617;0.9996935366248852;0.9998615736862192;0.9999999999999999;0.9999386841524298;0.9999896737428603;1.000278701537483;0.9999838739547525;0.9999999999999999;0.9999757662247412;0.9998086993539873;0.9999882035632744;1.0;0.9999752807041584;1.0;1.0;1.0;0.9999341783809456;0.9999799879712504;0.9999539363972719;0.9999784341957103;0.9997391241869326;0.9999996840409114;1.0002592926786682;1.0002876791460071;1.0;0.9997536564441493;0.9999828736181292;0.9999125545301447;1.0;1.0;0.9995907249010204;0.9999543136435376;0.9989780483975929;0.9988147466186582;0.999463413414252;0.9994371465838462;0.9994166664735507;1.0;0.999948302012609;0.9999863231292266;0.9998932397697602;0.9999915234246265;1.024999976158142;
2016-01-31 00:15:00;0.9999923873752351;0.9998362365554386;0.999922477392226;1.0;0.9999660119919044;0.9999932930186544;1.0002719455548976;0.9999890814296604;1.0;0.9999877535082214;0.9998930437267399;0.9999916990146162;0.9999999999999999;0.9999866739775596;0.9999999999999999;1.0;0.9999999999999999;0.9999633293822486;0.9999894839380671;0.9999735974770112;0.9999880677055435;0.9998539230225003;0.9999998118895432;1.000253291584827;1.0002801029572408;1.0;0.9998619291061797;0.9999903981256472;0.9999021378827024;0.9999999999999999;0.9999999999999999;0.9995814111248778;0.9999766810675188;0.9989456687671754;0.9987719667063152;0.9994574332380393;0.999430556197015;0.9994092827238461;1.0;0.9999730584140344;0.9999922756396475;0.999938801873925;0.9999950188875726;1.024999976158142;
2016-01-31 00:30:00;0.9999913717049522;0.9998328140312828;0.9999211522267498;0.9999999999999999;0.9999640053716432;0.9999934845896709;1.000270255027702;0.9999896813855893;1.0;0.9999871431670141;0.9998902051593931;0.9999920700577779;0.9999999999999999;0.9999870243153707;1.0;0.9999999999999999;1.0;0.9999606809583568;0.9999884601862246;0.9999732914791891;0.9999856704395023;0.9998501440098614;0.9999997668869693;1.0002516764737224;1.0002785357737396;1.0;0.9998577016074716;0.9999904117344112;0.9999119409493245;1.0;0.9999999999999999;0.9995727395778664;0.9999756825134856;0.9989228594173373;0.9987410882418964;0.9994468544891532;0.9994206084774024;0.9993994406027619;1.0;0.9999717940990932;0.9999906414867251;0.999938083641938;0.9999952163475742;1.024999976158142;
2016-01-31 00:45:00;0.9999881532016668;0.9997504150905375;0.999887017825933;1.0;0.9999498522489323;0.99999079714923;1.000279447537373;0.9999851590624008;1.0;0.9999804918529935;0.9998454601197838;0.9999893870388937;0.9999999999999999;0.9999788649551115;1.0;0.9999999999999999;1.0;0.9999465815662573;0.9999842608693945;0.9999620639558423;0.9999839666367516;0.9997871080892344;0.9999997706499938;1.000260395580046;1.000287842847446;0.9999999999999999;0.999799860544097;0.9999855019710338;0.9999012027654083;1.0;1.0;0.9995730746781811;0.9999627843176518;0.9989294956593434;0.9987350282346357;0.999443332987795;0.999417201935388;0.9993967222337911;1.0;0.9999578433422814;0.9999898990920784;0.9999120741636766;0.9999926643474215;1.024999976158142;
2016-01-31 01:00:00;0.999987247084591;0.9997161951971938;0.9998709956956043;1.0;0.9999452050938432;0.9999896583400185;1.000277659345159;0.9999832306358198;0.9999999999999999;0.9999782001187548;0.9998236795428286;0.9999880216581489;1.0;0.9999758698874763;1.0;1.0;0.9999999999999999;0.9999420400181557;0.999982871930673;0.9999567242454042;0.9999837359817138;0.9997590226486621;0.9999997780513186;1.0002584730748152;1.0002861963247627;1.0;0.9997736624407653;0.9999836398827262;0.9999180786800949;1.0;1.0;0.999613543810069;0.9999586024610755;0.9990594479154729;0.9988976024114773;0.9994766504314451;0.9994475660797814;0.9994245577495917;1.0;0.9999533060833566;0.9999898732859768;0.9998997197342018;0.999991617116142;1.024999976158142;
2016-01-31 01:15:00;0.9999892585949334;0.9998085342939579;0.9999115221400316;1.0;0.9999593417448728;0.9999935784858052;1.0002675691535083;0.9999903311575028;1.0;0.999984688718064;0.9998757262611878;0.9999910519968751;1.0;0.999985759074933;1.0;1.0;0.9999999999999999;0.9999553831215274;0.9999862432291625;0.9999705210245258;0.9999826572192888;0.9998317854468753;0.999999722413715;1.0002489293837555;1.0002761147076904;0.9999999999999999;0.9998397281536502;0.999989521955513;0.999895292305095;1.0;1.0;0.999647059897465;0.9999715506493979;0.9991496750483512;0.9990086641416843;0.9995161257562379;0.9994889889683595;0.9994672595575561;1.0;0.9999672970567374;0.9999887251686629;0.9999316699324584;0.9999943428382408;1.024999976158142;
2016-01-31 01:30:00;0.9999910863588772;0.9998734568190795;0.9999411706362774;0.9999999999999999;0.9999688373618766;0.9999957559563819;1.0002559471043184;0.9999941150818634;1.0;0.9999890479317953;0.9999156338658941;0.9999929895209873;1.0;0.999991577893932;1.0;1.0;1.0;0.9999647162661527;0.999988880034852;0.9999804096245816;0.9999832573380958;0.9998845003436186;0.9999997110264109;1.0002384054856563;1.0002639528472508;1.0;0.9998886669392577;0.9999930637234818;0.9999109029145774;1.0;0.9999999999999999;0.9996584425593202;0.9999799994454183;0.9991797059628993;0.9990552737004729;0.9995299497291917;0.9995041576632421;0.999483295237253;1.0;0.9999764826452348;0.9999888704748691;0.9999545800256999;0.9999960664565998;1.024999976158142;
2016-01-31 01:45:00;0.9999935664052347;0.9998952114242277;0.9999513213635334;1.0;0.9999762813657818;0.9999964504413307;1.000253327023904;0.9999947847094267;0.9999999999999999;0.9999914141003647;0.9999310811685799;0.9999920404895417;1.0;0.9999925428511659;1.0;1.0;1.0;0.9999736126210633;0.9999918475673883;0.9999837618544142;0.9999887871559376;0.9999062534602153;0.9999998128640954;1.0002359371275311;1.000260973122971;0.9999999999999999;0.999910262182912;0.9999942704650226;0.9998877503396963;1.0;1.0;0.9996787027890625;0.9999840737301351;0.9992396273668569;0.9991317418816701;0.9995501394531445;0.9995227046443125;0.9995018418311963;1.0;0.9999814966541264;0.9999926229236479;0.9999623499678424;0.9999956359619847;1.024999976158142;
2016-01-31 02:00:00;0.9999931323029476;0.9998759315649093;0.9999420375855363;1.0;0.9999722869460371;0.9999952015122056;1.00025550209444;0.9999925308804523;0.9999999999999999;0.99999009223998;0.9999191582224566;0.9999925686700794;1.0;0.9999903958406414;1.0;1.0;1.0;0.999969553762305;0.9999909351191756;0.99998040863159;0.9999883605070543;0.9998888516346972;0.9999998083450407;1.000238096551908;1.0002631116285567;1.0;0.9998943270004099;0.9999928100020451;0.9999076169241327;0.9999999999999999;1.0;0.9996576705803767;0.9999813865519409;0.9991765367028985;0.9990565728664428;0.9995297875377311;0.9995028373520553;0.9994808741817769;0.9999999999999999;0.9999783760706201;0.9999923714700925;0.9999545811491583;0.9999957439909353;1.024999976158142;
2016-01-31 02:15:00;0.9999928367842127;0.9998725178325069;0.9999378385917113;0.9999999999999999;0.999971055856283;0.9999949312152763;1.0002579175646131;0.9999921781265906;0.9999999999999999;0.9999902621851794;0.9999119532845103;0.9999927181001196;1.0;0.9999910253322829;0.9999999999999999;1.0;1.0;0.9999677206835655;0.9999904357295868;0.9999788561807713;0.9999864771720595;0.9998811038829847;0.9999997661341192;1.0002400580086286;1.0002659624055257;1.0;0.9998860633092573;0.9999928416494217;0.9998936078984267;1.0;1.0;0.9996709556053182;0.9999818669133669;0.9992056870052641;0.9990762654538355;0.9995499507128528;0.9995233298312556;0.9995027004690482;1.0;0.9999785369147316;0.9999910032757818;0.9999509814847638;0.9999961131742208;1.024999976158142;
2016-01-31 02:30:00;0.9999933763851545;0.9998860928214628;0.9999457060044841;1.0;0.9999746196815986;0.9999959188891782;1.0002460142138154;0.9999938614250555;0.9999999999999999;0.9999910668236022;0.9999229974055663;0.9999922969143309;0.9999999999999999;0.9999920302419536;1.0;1.0;1.0;0.9999717487123627;0.9999914184057135;0.9999817477525565;0.9999881033655077;0.9998961959041107;0.9999997986838918;1.0002289785788325;1.000253622098276;1.0;0.9999005342542708;0.9999937881572523;0.9999031489615663;1.0;1.0;0.9997195413711857;0.9999834140131773;0.9993584278914799;0.9992838376137589;0.9995921889065086;0.9995641863030638;0.9995422761248383;1.0;0.9999805915296401;0.9999921388995927;0.9999576826643439;0.999995817189776;1.024999976158142;
2016-01-31 02:45:00;0.9999920420549755;0.9998847224434454;0.9999450819182281;1.0;0.9999722469422879;0.9999962232225893;1.0002454238905893;0.9999947941550617;1.0;0.9999904072423494;0.9999206096424934;0.9999931356886022;0.9999999999999999;0.9999928183325473;1.0;1.0;1.0;0.9999684292025868;0.9999900502432636;0.999981698183726;0.9999846600506656;0.9998931630862952;0.9999997322979165;1.0002283702352086;1.0002532659373042;1.0;0.9998966313727794;0.9999939333477186;0.9998967341061757;1.0;1.0;0.99972827959434;0.9999825567262517;0.9993641461442886;0.9992903795607841;0.9996146431923449;0.9995974362946733;0.9995881406539736;1.0;0.9999793714107988;0.9999897680127823;0.9999575658727712;0.9999963110112585;1.024999976158142;
2016-01-31 03:00:00;0.9999938263845687;0.9998783541501653;0.9999416889899619;1.0;0.9999732315031568;0.9999949055028496;1.0002402830070163;0.9999918299810955;0.9999999999999999;0.9999907932841546;0.999918841504457;0.9999922345855305;1.0;0.9999905344100073;1.0;0.9999999999999999;1.0;0.9999706762093165;0.9999915630445387;0.9999800779120369;0.9999892460154571;0.9998889637546295;0.9999998208187056;1.000223849165772;1.0002474902684932;1.0;0.9998945162462886;0.9999928751790274;0.9999000106653998;1.0;1.0;0.9997566639063521;0.99998252019926;0.9994449509749946;0.9994038993172941;0.9996450721367047;0.9996268949911673;0.9996177588337307;1.0;0.9999795418204432;0.9999929266983056;0.9999538135376284;0.9999957548607568;1.024999976158142;
2016-01-31 03:15:00;0.9999961016283027;0.9999176040646895;0.9999607272336065;1.0;0.9999835251398739;0.9999969990178268;1.0002348204897493;0.9999951997090603;0.9999999999999999;0.9999940238811141;0.9999451348173336;0.9999931766772857;1.0;0.9999938008082624;1.0;0.9999999999999999;1.0;0.9999821295774285;0.9999947913001085;0.9999867599454665;0.9999938357282389;0.9999265524895556;0.9999999021371889;1.000218597027038;1.000241764417287;1.0;0.9999302214382163;0.9999955275875869;0.9999025449921304;1.0;1.0;0.9997641297845464;0.9999885983098208;0.9994749670551482;0.9994336746137384;0.9996470930869114;0.9996298916532114;0.9996203744678172;1.0;0.9999868571068417;0.9999960048646002;0.9999692966339065;0.9999962961544937;1.024999976158142;
2016-01-31 03:30:00;0.9999949322645214;0.9999044109061399;0.9999553727501042;1.0;0.9999798294342781;0.9999966217274207;1.000237413406395;0.9999947538142149;0.9999999999999999;0.9999926164847831;0.9999375492382988;0.9999931025730283;1.0;0.9999928125914037;1.0;1.0;1.0;0.99997794502902;0.9999934042800084;0.999985033367117;0.9999917956812607;0.9999153836235651;0.9999998678606611;1.0002210918932608;1.00024446770304;1.0;0.999919515815418;0.9999947444221331;0.9998820061453833;0.9999999999999999;1.0;0.9997820194991642;0.9999860376888529;0.9995153517619149;0.999475990821581;0.9996734726543344;0.9996571927446394;0.9996484689968342;1.0;0.9999839067795714;0.9999946601464306;0.9999652941098555;0.9999961236634073;1.024999976158142;
2016-01-31 03:45:00;0.9999939219647285;0.999871332983676;0.9999382030684972;0.9999999999999999;0.9999728053882888;0.9999946476213737;1.0002401826622207;0.9999912990433828;0.9999999999999999;0.9999905400343483;0.9999142555603712;0.9999884238863337;1.0;0.9999898675504697;1.0;1.0;1.0;0.9999704400241942;0.9999915916721316;0.999978889827705;0.9999898424474377;0.9998833164697114;0.9999998341358877;1.0002236708161774;1.000247417473057;0.9999999999999999;0.9998893778156074;0.9999925331596493;0.9998901754566268;0.9999999999999999;0.9999999999999999;0.9997783213630418;0.9999819224269461;0.9995277237318038;0.9994872537724554;0.9996538693420384;0.9996293778584207;0.9996202416782917;1.0;0.9999789425693977;0.9999933591740205;0.999951058317005;0.999993938316184;1.024999976158142;
2016-01-31 04:00:00;0.9999947056792299;0.9998918720337187;0.9999482752990523;1.0;0.999978118463224;0.9999961160370155;1.0002384996591662;0.9999938586573426;1.0;0.9999921187003044;0.9999274077843244;0.9999903885805793;1.0;0.9999920664573472;1.0;1.0;0.9999999999999999;0.9999761284941698;0.9999929793765941;0.9999825792260635;0.9999913537969104;0.9999030613278814;0.9999998604581422;1.0002218879048468;1.0002457862097967;1.0;0.9999076885943358;0.9999941888421761;0.9998801000247601;0.9999999999999999;1.0;0.9997838427863112;0.999985043093332;0.9995334408770041;0.999492101374625;0.9996666177894423;0.9996441388090952;0.9996334151192013;0.9999999999999999;0.999982704258753;0.999994368586208;0.9999596051721112;0.9999948817888868;1.024999976158142;
2016-01-31 04:15:00;0.9999935594388137;0.9998578702864571;0.9999324012928298;1.0;0.999971039487078;0.9999942879820669;1.0002376407451632;0.9999906645253653;1.0;0.999989617321354;0.9999065396464554;0.9999918333947944;1.0;0.9999886260052759;1.0;0.9999999999999999;1.0;0.9999687828496984;0.9999911111754957;0.999977000205347;0.9999899479953701;0.9998731060929417;0.9999998417590442;1.0002212409150744;1.0002448331071578;1.0;0.9998799884782962;0.9999918367216553;0.9999054508374087;1.0;1.0;0.9997977933306363;0.9999800916569709;0.9995665676752679;0.9995231741494383;0.9996860726467409;0.9996685237082112;0.9996597998615236;0.9999999999999999;0.9999770124070538;0.9999934981362018;0.9999466784486366;0.9999952552660267;1.024999976158142;
2016-01-31 04:30:00;0.9999937951998416;0.9998822246685208;0.9999447659728234;0.9999999999999999;0.999975337594068;0.9999958497486197;1.000237288090673;0.9999935568337968;1.0;0.9999909669270094;0.99992260262525;0.9999929458412607;1.0;0.9999912095456904;1.0;1.0;1.0;0.9999730259092056;0.9999919211748843;0.9999814735018457;0.999989919996164;0.9998955084747913;0.9999998378997089;1.0002208683129472;1.000244518882313;1.0;0.9999005499563802;0.9999935588842374;0.9998928807168237;1.0;1.0;0.9997938734040438;0.999982962578145;0.9995581151586741;0.9995142875027903;0.9996800219975543;0.9996636628974414;0.9996545264039619;1.0;0.9999803517678891;0.9999934412031903;0.9999570439343777;0.9999958917331924;1.024999976158142;
2016-01-31 04:45:00;0.9999939821991759;0.999858720922813;0.9999333746912593;1.0;0.9999717053429622;0.9999941682855559;1.0002344084942525;0.9999902934284844;0.9999999999999999;0.9999897381557298;0.9999087554982982;0.9999925355127453;1.0;0.99998816144117;1.0;1.0;1.0;0.9999698303926489;0.9999915767211985;0.9999772779572004;0.999991254423267;0.9998752563033008;0.9999998685223724;1.0002183546745158;1.0002413258327751;1.0;0.9998825808817429;0.9999917147542011;0.9999075226933465;0.9999999999999999;1.0;0.9998085440574099;0.9999801092893236;0.9995903125612963;0.9995448065385512;0.999702283739806;0.9996859242753943;0.9996767875784555;1.0;0.9999771631442059;0.9999944176999359;0.9999473204286617;0.999995481403468;1.024999976158142;
2016-01-31 05:00:00;0.9999927636236593;0.9998721337754204;0.9999399624092992;1.0;0.9999715185109059;0.999995254081749;1.00023652923331;0.9999927073710272;1.0;0.9999898673415735;0.9999157150655302;0.9999923174639528;1.0;0.9999904858978302;1.0;1.0;1.0;0.9999685618640245;0.9999905732348938;0.9999797735227232;0.9999875025176065;0.9998849834758277;0.9999997926760592;1.0002202857693954;1.0002437733042866;1.0;0.9998903300848635;0.9999927990179992;0.9998923876123584;0.9999999999999999;1.0;0.9998196801769172;0.9999809866393933;0.9996432201939978;0.9995991938664994;0.9996997393127232;0.9996819025287446;0.9996723848481701;1.0;0.9999778769116059;0.9999917922283702;0.9999531046071866;0.9999956373389624;1.024999976158142;
2016-01-31 05:15:00;0.9999948566895766;0.9998504390110539;0.9999285406922851;1.0;0.999971796227548;0.9999933583647707;1.000235106992124;0.9999885379899583;1.0;0.9999898278827629;0.9999032459083613;0.9999918032210634;1.0;0.9999868266247064;1.0;1.0;1.0;0.9999705324447953;0.9999922452107798;0.9999753989734459;0.9999934912360061;0.9998679859598907;0.9999999113760021;1.0002189844525233;1.0002419307747406;1.0;0.9998764834150928;0.9999910374632272;0.9999057882169153;0.9999999999999999;1.0;0.9998132878410392;0.9999798901182871;0.9996095135608072;0.9995665385735387;0.9997034774585747;0.9996854584397606;0.9996755280257739;1.0;0.999976993868164;0.9999959544331842;0.9999429652823142;0.9999950805375099;1.024999976158142;
2016-01-31 05:30:00;0.9999936079709241;0.9998671529944516;0.9999374146311931;1.0;0.9999740452292348;0.9999955092645544;1.0002373473838742;0.9999929272809559;0.9999999999999999;0.9999902384953159;0.9999124024919015;0.9999919099692851;1.0;0.9999900948292102;0.9999999999999999;1.0;1.0;0.9999719004400789;0.999991620008329;0.9999790644335392;0.9999902945000821;0.9998832562917646;0.9999998496009963;1.0002206848313238;1.0002447427799688;1.0;0.9998890591966774;0.9999929493145397;0.9998961569192141;1.0;0.9999999999999999;0.9998111786920255;0.9999815066067863;0.9996092927761101;0.9995693291755361;0.999697266779405;0.9996794300395414;0.9996699123825068;1.0;0.9999788398911522;0.9999937519044437;0.9999514593853278;0.9999952298429421;1.024999976158142;
2016-01-31 05:45:00;0.9999946450337099;0.9998753202565408;0.9999406559630338;0.9999999999999999;0.9999750626811995;0.9999948984110193;1.0002355245398413;0.9999915563578606;1.0;0.999991031866347;0.9999183075689638;0.999992838818821;1.0;0.9999898170563435;1.0;1.0;1.0;0.9999732932919868;0.9999925035532776;0.9999797666008506;0.9999919412129785;0.9998890379863525;0.9999998759245383;1.0002193186408141;1.0002425132424826;1.0;0.9998952923037023;0.9999927877482165;0.9999077132890805;1.0;1.0;0.9998041847188921;0.9999826970618839;0.9995981444770217;0.9995541952754183;0.9996837848335121;0.9996673340711664;0.9996581975441339;1.0;0.999980068095223;0.9999948205891016;0.9999530912834952;0.9999958137399434;1.024999976158142;
2016-01-31 06:00:00;0.9999932725633844;0.9998791944754433;0.9999438678391052;1.0;0.9999738125412476;0.9999957217084828;1.0002362653738652;0.9999934415904537;1.0;0.9999904253758746;0.9999213472026971;0.9999914412840651;0.9999999999999999;0.9999909300985075;1.0;1.0;0.9999999999999999;0.9999712404651295;0.9999913148836845;0.999981187512417;0.9999888796549627;0.9998929113687084;0.9999998196416643;1.0002200222430373;1.0002434348403295;1.0;0.9998980404159337;0.999993287208465;0.9998977414638374;1.0;1.0;0.9998020751210076;0.9999820119980442;0.9996027953096289;0.9995665033348057;0.9996742453922935;0.9996550780591734;0.9996455606339868;1.0;0.9999792249049462;0.9999927458477;0.9999563826471763;0.9999951813093704;1.024999976158142;
2016-01-31 06:15:00;0.9999930203207322;0.999807546281964;0.9999037084434537;1.0;0.9999596895405586;0.9999899668519121;1.0002514230890727;0.9999827737735154;1.0;0.9999870903861181;0.9998686554222082;0.9999865216933879;1.0;0.9999834188696256;0.9999999999999999;1.0;1.0;0.9999568340415537;0.9999888843509225;0.9999661707054441;0.9999879091104781;0.999819671928952;0.9999997997661795;1.0002342824341959;1.0002589577362557;1.0;0.9998302550943369;0.9999877990498247;0.9999046781145177;0.9999999999999999;1.0;0.9997003695161927;0.9999747019851216;0.9993273798373913;0.9992884911823247;0.9995555620634436;0.9995281270871181;0.9995194044656353;1.0;0.9999700706413995;0.999992055075734;0.9999215922667315;0.9999930671395098;1.024999976158142;
2016-01-31 06:30:00;0.9999956253365929;0.9997362247698977;0.9998620896413416;1.0;0.9999513081726016;0.9999837276084262;1.0002574962242408;0.9999705100630738;1.0;0.9999853542064161;0.9998160805354787;0.9999864639365578;1.0;0.9999747402692497;1.0;1.0;1.0;0.9999500949720496;0.9999893761440275;0.9999503745611674;0.9999939964137394;0.999749070999417;0.9999999149209868;1.0002397981092757;1.00026496673698;1.0;0.9997665381963863;0.9999822270859979;0.9999026423046701;1.0;1.0;0.9997199354731674;0.9999699203139778;0.999369496027632;0.9993342011237624;0.9995858172623303;0.9995584433156697;0.9995497204296252;0.9999999999999999;0.9999642575410371;0.999996204205208;0.999885033509896;0.9999929901184271;1.024999976158142;
2016-01-31 06:45:00;0.9999943936469358;0.9997598233854819;0.9998756391705417;1.0;0.9999554725860372;0.9999867336336612;1.0002522274399634;0.9999764298846829;0.9999999999999999;0.9999860403554044;0.9998315055463698;0.9999895473605956;1.0;0.9999787188382732;0.9999999999999999;1.0;1.0;0.9999535683186986;0.9999891294358589;0.9999559059064896;0.999991368391357;0.9997731758723164;0.9999998664631352;1.0002344638235847;1.0002600532730894;1.0;0.9997874390458293;0.9999848188679697;0.9999049273364342;1.0;1.0;0.9997542576214498;0.9999720658040759;0.9994754952891456;0.9994439122162401;0.9996169537559972;0.9995947243003402;0.9995855884369297;1.0;0.9999669482141804;0.9999944270904592;0.9998978260170315;0.9999943488061901;1.024999976158142;
2016-01-31 07:00:00;0.9999955790647453;0.9998173039406053;0.9999070585462373;1.0;0.9999654494831939;0.9999898772844948;1.0002446150873754;0.9999819614270552;0.9999999999999999;0.9999890390672177;0.9998749746894108;0.9999903959405412;1.0;0.9999832879071389;1.0;1.0;0.9999999999999999;0.999964102939024;0.999991637661716;0.999967047106124;0.9999936487297014;0.9998295761062161;0.9999999055726043;1.0002278185813727;1.0002517396398711;1.0;0.9998408280710901;0.9999882513761633;0.9999063206749609;1.0;1.0;0.9997548347863288;0.9999778184420371;0.999466886085833;0.999434673909401;0.999624572697992;0.9996026673223405;0.9995923567411288;1.0;0.9999739205697151;0.9999959498781833;0.9999236263682714;0.999994809894446;1.024999976158142;
2016-01-31 07:15:00;0.9999929947188865;0.9997506694853604;0.9998722166781823;1.0;0.9999499219463507;0.999985781608481;1.0002529987914863;0.9999749965666616;1.0;0.9999845142541199;0.9998272061706512;0.9999885010672175;1.0;0.9999775688121499;1.0;1.0;0.9999999999999999;0.9999471385353107;0.9999872819469533;0.9999545453229635;0.9999880590888294;0.999763373861708;0.9999998048189336;1.0002356781291593;1.0002606215144416;1.0;0.999778205891708;0.9999836724096245;0.9998988581273215;1.0;1.0;0.9997531750967055;0.9999692015956153;0.9994687496189726;0.9994380356367413;0.9996182933589188;0.9995938055124642;0.9995842886706358;1.0;0.9999633589106347;0.9999921722680053;0.9998946804235861;0.999993923058899;1.024999976158142;
2016-01-31 07:30:00;0.9999934058912879;0.9998069564427374;0.9999024394177769;1.0;0.9999596537791315;0.9999895288504937;1.0002473323311365;0.9999819053294882;1.0;0.9999873046685065;0.9998672138586618;0.9999892575894739;1.0;0.9999831591609429;1.0;1.0;1.0;0.9999568870934691;0.9999891001568946;0.9999655439972119;0.9999883748214491;0.9998176373269755;0.9999998059937619;1.0002304849960373;1.000254723181728;1.0;0.9998284855751514;0.9999875663585298;0.999904193600995;1.0;1.0;0.9997566847204252;0.9999750669446965;0.9994828543058788;0.999451750060859;0.9996192469494637;0.9995959248722783;0.9995867889978951;1.0;0.9999703763373465;0.9999923398962245;0.999920150288262;0.9999944039881459;1.024999976158142;
2016-01-31 07:45:00;0.9999945276985116;0.9997626190011142;0.9998791916805074;1.0;0.9999555909812866;0.9999867080777678;1.0002523358109787;0.999976268196608;0.9999999999999999;0.9999857998162213;0.9998378608907276;0.9999889121617558;1.0;0.9999780106096496;1.0;0.9999999999999999;1.0;0.9999540576519392;0.9999893615354694;0.9999571126877943;0.9999924838114628;0.99977893525664;0.9999998924740459;1.000234960942163;1.000259756106904;1.0;0.9997937775375918;0.9999846026942687;0.9998934880321818;1.0;1.0;0.9997534752253511;0.999971343985398;0.9994624336648924;0.999422400803878;0.9996235132453825;0.9996008254597556;0.999591689540583;1.0;0.999966354177145;0.9999952505275908;0.9999006253673075;0.9999938581585007;1.024999976158142;
2016-01-31 08:00:00;0.9999930196870886;0.9997686001881209;0.9998817474188888;0.9999999999999999;0.9999543103620734;0.9999875749049454;1.0002608643973556;0.9999783700846783;1.0;0.9999854795181401;0.9998389005007342;0.9999885951670154;1.0;0.9999799429066232;1.0;1.0;1.0;0.9999515712119268;0.999987933856241;0.9999582633266093;0.9999882132256285;0.9997815897790506;0.9999998079223275;1.0002427216883383;1.0002689319207325;1.0;0.9997946399687038;0.9999853601472651;0.99990535466913;1.0;1.0;0.9996841528160951;0.9999715243804957;0.9992833792561477;0.999218860666029;0.9995366999254359;0.9995133558768454;0.9995050143419559;1.0;0.9999662458510516;0.999992280485136;0.9999032962078492;0.9999939419619877;1.024999976158142;
2016-01-31 08:15:00;0.9999958056482333;0.9998171415538014;0.9999051142633941;1.0;0.9999654459507635;0.9999895922300986;1.000254241028049;0.9999814403663105;1.0;0.9999894062635835;0.9998718085822678;0.9999897937243775;1.0;0.9999835717269265;1.0;1.0;1.0;0.9999639477075428;0.9999917097733378;0.9999662257196835;0.9999933420272582;0.9998264477954445;0.9999998949352539;1.0002366384776444;1.0002617875165138;1.0;0.9998375207219704;0.9999882534737992;0.9998925137736331;1.0;1.0;0.9997079635672026;0.9999786019729213;0.9993192309647585;0.9992571660221611;0.9995840353232257;0.9995613484336028;0.9995522128752333;1.0;0.9999745903522721;0.9999956801866733;0.9999217272626377;0.9999947397254826;1.024999976158142;
2016-01-31 08:30:00;0.9999902212039065;0.9997501230423139;0.9998732820936029;1.0;0.9999454920198241;0.9999865746578963;1.0002669783516867;0.9999772679545121;1.0;0.999982908061724;0.9998259859289241;0.9999895188732785;1.0;0.9999789993982225;1.0;1.0;1.0;0.9999409312114486;0.9999844568467374;0.9999553293978398;0.999981459119808;0.9997612363517767;0.9999996801869424;1.0002487203591721;1.000275352324856;1.0;0.9997743526617452;0.9999839355665441;0.9998837685596078;0.9999999999999999;1.0;0.9996904051946678;0.9999671978194483;0.9992901360037854;0.9992158322992107;0.9995509444665436;0.9995192756009774;0.9994985725969823;1.0;0.9999607349031944;0.9999876543504319;0.9998965035425155;0.9999944916891493;1.024999976158142;
2016-01-31 08:45:00;0.9999876913234644;0.9997342056751773;0.9998660063731633;1.0;0.9999392520737465;0.9999863368764751;1.0002915852361278;0.9999775379810877;0.9999999999999999;0.9999807420726039;0.9998140004953164;0.9999892533420369;1.0;0.9999787538157563;1.0;1.0;0.9999999999999999;0.9999331868240433;0.9999815415701663;0.9999530681628528;0.9999757381701017;0.9997448831886394;0.9999995746922733;1.0002716015389674;1.000300997753796;1.0;0.9997575555499314;0.9999831541414367;0.9998973164979864;0.9999999999999999;1.0;0.9995676701985557;0.9999638951662485;0.9989017404359198;0.9986967317095325;0.9994459876668045;0.999413218805383;0.9993917982319741;1.0;0.9999566271213964;0.9999837646250004;0.9998912782255106;0.9999943997406872;1.024999976158142;
2016-01-31 09:00:00;0.9999694749102225;0.9995321041419226;0.9997672010799769;1.0;0.9998781180586952;0.9999774600886602;1.0003154230484446;0.9999663049821542;1.0;0.9999603382532197;0.999668577385793;0.9999891175416569;0.9999999999999999;0.9999665513923052;1.0;1.0;0.9999999999999999;0.9998616022179398;0.9999577554999662;0.9999194191327844;0.9999355333689848;0.9995427803696778;0.9999988418104652;1.0002938346053762;1.0003277060253741;1.0;0.9995597656424473;0.9999702229868863;0.9998893084604253;1.0;0.9999999999999999;0.9996162718115037;0.9999304250884714;0.9990357878130613;0.9988687777115673;0.9995010396872713;0.9994677376956674;0.9994459350258291;1.0;0.9999154360093369;0.9999564934646787;0.9998134600653902;0.9999943391368696;1.024999976158142;
2016-01-31 09:15:00;0.9999871139491053;0.9994623855467274;0.9997156180962361;1.0;0.9998907848665609;0.9999658113685365;1.000306978205006;0.9999396766442024;1.0;0.9999677846889706;0.99961634359207;0.9999898752957985;1.0;0.99995037939837;1.0;1.0;1.0;0.9998847183464734;0.9999730753131184;0.999897385255442;0.9999751833172305;0.9994745796063459;0.9999995745823987;1.0002858488653343;1.0003168945963186;1.0;0.9995076470690155;0.9999628592760387;0.999909880367968;1.0;1.0;0.9995553158208372;0.9999369582444337;0.9988697551052353;0.9987221185145042;0.9994305673260699;0.9993993161141397;0.9993780433059342;1.0;0.9999236270422998;0.9999834365051227;0.9997624276308426;0.9999945783564645;1.024999976158142;
2016-01-31 09:30:00;0.9999889070354633;0.999678389063758;0.999835353775434;0.9999999999999999;0.9999325583146872;0.9999822546278128;1.0002855552671157;0.999969586447072;0.9999999999999999;0.9999788443162997;0.9997748316705581;0.999990105934536;1.0;0.9999723968090474;0.9999999999999999;1.0;0.9999999999999999;0.999927576313933;0.9999813885156581;0.9999417364522469;0.999979454894338;0.9996925379819835;0.9999996506478704;1.0002658175522507;1.0002947075816;1.0;0.9997101123578064;0.9999791614190717;0.9999031127525314;0.9999999999999999;1.0;0.9996095995211641;0.9999593111449264;0.9990098675323188;0.9988535851347969;0.9994986153458858;0.999468626902058;0.9994479249471474;1.0;0.9999513303994038;0.9999863639817659;0.9998650500942339;0.9999945489166601;1.024999976158142;
2016-01-31 09:45:00;0.9999889838541495;0.9996309568843162;0.9998069876998802;1.0;0.9999226510798891;0.9999779569061246;1.0002906786157857;0.9999615850585036;1.0;0.999977019837738;0.9997373484865122;0.9999898568626518;1.0;0.9999675315785828;0.9999999999999999;1.0;1.0;0.9999172940116908;0.9999798428124;0.9999309369046403;0.9999784029498636;0.9996406978655938;0.999999624344391;1.0002706569707347;1.0002999975086784;1.0;0.9996618867743488;0.9999754032095299;0.999901250305484;1.0;0.9999999999999999;0.9995521481556058;0.9999550589177449;0.9988598399565911;0.9987237650059078;0.9994277842786489;0.9993968076562222;0.9993766355578833;0.9999999999999999;0.9999456595182027;0.9999855623984322;0.9998400273228203;0.9999947409714355;1.024999976158142;
2016-01-31 10:00:00;0.9999910755119953;0.9995913536477539;0.9997853377888036;1.0;0.9999200782595897;0.999974704020611;1.0002876357798196;0.9999549744003902;1.0;0.9999760976199029;0.9997112763819509;0.9999890174311016;1.0;0.9999620330315762;1.0;1.0;1.0;0.9999164461853045;0.9999809455078358;0.9999227792065631;0.9999844381024531;0.9996057144871717;0.9999997453027235;1.0002677609019477;1.0002965533445232;0.9999999999999999;0.9996313201428393;0.9999722813342657;0.9999045174817911;1.0;1.0;0.9996191021857647;0.9999524180704448;0.9990680927482956;0.9989332337336407;0.999487514645669;0.9994558075164444;0.9994352533027859;1.0;0.9999428683232022;0.9999897600171567;0.9998211755395698;0.9999940386256237;1.024999976158142;
2016-01-31 10:15:00;0.9999883350225787;0.9994912140729711;0.9997448235698594;1.0;0.9999065436058278;0.9999715445183879;1.000296737444206;0.9999495244536469;1.0;0.9999681119578723;0.9996595642371368;0.9999857232069799;1.0;0.9999511609905392;1.0;1.0;1.0;0.999904212172947;0.9999770625076837;0.999909546520939;0.9999864711561705;0.9995339567335724;0.9999998365004044;1.0002762977171848;1.0003055824238103;1.0;0.9995666338324114;0.9999661375725546;0.9999041748962839;1.0;1.0;0.9996269328432539;0.9999374525696235;0.9990696183000053;0.9989511596233422;0.9995100921487828;0.9994787911174322;0.9994580889519907;1.0;0.9999272696312702;0.9999917499639219;0.999790624621556;0.9999905804796122;1.024999976158142;
2016-01-31 10:30:00;0.999989995091668;0.999547958012498;0.9997751981753066;1.0;0.9999181132968732;0.9999750398761829;1.0003006206880896;0.9999554749058692;1.0;0.9999717306478384;0.9997012328535688;0.9999855508442443;1.0;0.9999560845364286;0.9999999999999999;1.0;1.0;0.9999166321430972;0.9999802964089456;0.9999204408365346;0.9999898905366322;0.9995900520755607;0.999999896126138;1.0002800875005682;1.000309248569937;1.0;0.9996196227038533;0.9999700255460431;0.9999031949200192;1.0;0.9999999999999999;0.9995604334421686;0.9999439589970592;0.9988826841043537;0.9987119567289782;0.9994371741587599;0.999405551957704;0.9993849987775714;0.9999999999999999;0.9999352123723406;0.9999940529384139;0.9998158044202167;0.9999905466069364;1.024999976158142;
2016-01-31 10:45:00;0.9999923131212689;0.9996187218701492;0.9998100499328317;1.0;0.9999326720357543;0.9999790124292011;1.0002984544821365;0.9999623141226454;1.0;0.9999767011066703;0.9997479388416455;0.9999868560804401;1.0;0.9999628209267459;1.0;1.0;1.0;0.9999319445314936;0.9999842664620718;0.9999327777002323;0.9999934027882397;0.9996551836487088;0.9999999489742691;1.0002779693504777;1.0003069444917163;1.0;0.9996804178817082;0.9999748837534118;0.9999168390130662;1.0;1.0;0.9995448065944402;0.9999534283428342;0.9988173790243117;0.9985996946257648;0.9994346377303396;0.999404949129015;0.9993855703477873;1.0;0.9999463065794443;0.9999963114771581;0.9998443452827416;0.9999915262638776;1.024999976158142;
2016-01-31 11:00:00;0.9999944107411595;0.9996523756152218;0.9998210066198064;1.0;0.9999388841132681;0.9999795153621203;1.0002934503833472;0.9999629114609148;1.0;0.999980301021122;0.9997618234741924;0.9999890371884409;1.0;0.9999663944022812;1.0;1.0;1.0;0.9999381351285876;0.9999865478802348;0.9999360120190595;0.9999945492798306;0.9996764165640732;0.9999999474690989;1.000273055526446;1.0003020152738702;1.0;0.9996995639831705;0.9999768683111381;0.9999064472566146;1.0;0.9999999999999999;0.999560945012936;0.999960137753587;0.9988566213782235;0.99866564085054;0.9994565157311115;0.999435632889321;0.9994263387532932;1.0;0.999953330142946;0.9999968231135411;0.9998518245905931;0.9999933759387103;1.024999976158142;
2016-01-31 11:15:00;0.999993961528586;0.9996968522036118;0.9998462970159037;0.9999999999999999;0.9999453434411413;0.9999828558440096;1.0002864089990027;0.9999691684929432;1.0;0.9999820679212031;0.9997950543247413;0.9999881739772759;1.0;0.999971057109496;1.0;1.0;0.9999999999999999;0.9999442436874287;0.9999873744078916;0.9999453711214846;0.9999933456162964;0.9997204626587111;0.9999999228743092;1.0002666826380577;1.0002946983541736;1.0;0.9997401844305661;0.999980101314154;0.9999131001031741;1.0;0.9999999999999999;0.9995500414542964;0.9999637911853863;0.9988307477196406;0.9986487569395758;0.9994412976439143;0.9994183291644366;0.9994084014039889;0.9999999999999999;0.9999577835063506;0.9999959939073767;0.9998734600012051;0.9999930177504764;1.024999976158142;
2016-01-31 11:30:00;0.9999891649560764;0.9994591894509518;0.9997292747246547;1.0;0.999903565407021;0.9999694798671047;1.0003037419850629;0.999945370786713;0.9999999999999999;0.9999667711763235;0.9996408173042307;0.9999859070796753;1.0;0.9999469564552667;1.0;0.9999999999999999;1.0;0.9999023355083649;0.9999773012035337;0.999903896193467;0.9999900422769192;0.9995080003773463;0.9999999137423511;1.0002828733612539;1.000312504061096;0.9999999999999999;0.9995439242092743;0.9999638120891564;0.9999139641011484;0.9999999999999999;1.0;0.99959234695193;0.9999342098048359;0.9989352751592275;0.9987674302080155;0.9994975177023372;0.9994770742595056;0.9994683520835476;1.0;0.9999238816592977;0.999994303569302;0.999777559567998;0.9999902458163636;1.024999976158142;
2016-01-31 11:45:00;0.999986512405611;0.9994888948575955;0.9997536170319685;1.0;0.9999079311283583;0.9999741694209404;1.0003089877341313;0.9999545242906905;1.0;0.9999659377058733;0.9996723537047347;0.9999841762557492;1.0;0.9999506202557803;1.0;1.0;1.0;0.9999062784204997;0.9999763925263981;0.9999139073580142;0.9999873841828721;0.9995494787461902;0.9999998840932357;1.000287939950616;1.0003178365235994;1.0;0.9995821420253289;0.9999668375920591;0.9999177122297366;1.0;1.0;0.99954917254842;0.9999334657442612;0.9988217044673632;0.9986074469935882;0.9994448527315675;0.999424606268293;0.9994166780656878;1.0;0.9999241351613827;0.9999927470068365;0.9998007062490184;0.9999886460275227;1.024999976158142;
2016-01-31 12:00:00;0.9999946150642806;0.9997032707066139;0.9998473546018509;1.0;0.9999454960593954;0.999982178168636;1.00029097070159;0.9999678517628401;1.0;0.9999827917814473;0.9997969141297145;0.999989361571658;1.0;0.9999712500964907;1.0;1.0;1.0;0.9999443166651681;0.9999877417935853;0.9999453023900469;0.9999934726387528;0.999722038151247;0.9999999172906359;1.000271084494433;1.0002992767899592;1.0;0.9997417512406737;0.9999799717153987;0.9999107612367429;1.0;1.0;0.9995254197798821;0.999965160305232;0.9987489566380032;0.9985643598232202;0.9994228891947188;0.9994012462650554;0.9993917312565274;1.0;0.9999589875307676;0.9999959800634637;0.9998733249847708;0.9999938872121669;1.024999976158142;
2016-01-31 12:15:00;0.9999944139107872;0.9997367252390743;0.9998659221107629;1.0;0.9999525974810111;0.9999855254422313;1.0002897322496127;0.9999740559479541;0.9999999999999999;0.9999845587767285;0.9998200848259607;0.9999889203643806;1.0;0.9999756307430181;1.0;1.0;1.0;0.9999513384418689;0.9999888306778042;0.9999525041316781;0.9999931787895785;0.9997562885067246;0.9999999117058452;1.0002695900135063;1.0002983043004814;1.0;0.9997728027194717;0.9999831435979899;0.9999086633815629;1.0;1.0;0.999499078974254;0.9999688371992176;0.9986889398477117;0.9984718094165553;0.999384425875125;0.9993630938488197;0.9993547535679564;0.9999999999999999;0.9999635915851843;0.9999957943982902;0.9998899565635948;0.999993633097968;1.024999976158142;
2016-01-31 12:30:00;0.99999520124666;0.9996288948747536;0.9998042004408982;0.9999999999999999;0.9999341080482397;0.9999766399241213;1.000300980387818;0.9999574600849163;1.0;0.9999801170153229;0.9997394607021284;0.9999860560896323;0.9999999999999999;0.9999639962763497;0.9999999999999999;1.0;0.9999999999999999;0.9999331814442455;0.9999862388764085;0.9999293376760232;0.9999944677821377;0.9996463653207338;0.9999999350148794;1.0002800110622754;1.0003098411540865;1.0;0.9996714741607198;0.9999748039803739;0.9999181524205341;1.0;0.9999999999999999;0.9994797243601499;0.9999592748662096;0.9986300355669838;0.9984245792374276;0.9993662745600155;0.9993398200610698;0.9993318925310539;1.0;0.9999516156893737;0.9999966306721296;0.9998363728940958;0.9999924874976609;1.024999976158142;
2016-01-31 12:45:00;0.9999922550437187;0.9995467926419819;0.9997684932909977;1.0;0.9999182977459465;0.9999728242333757;1.0003065307346202;0.999950920866674;1.0;0.9999734990069034;0.9996932299501016;0.9999848186699465;0.9999999999999999;0.9999552797294885;1.0;0.9999999999999999;0.9999999999999999;0.9999171995855594;0.9999818035238007;0.9999170777546907;0.9999922489126785;0.9995794316315946;0.9999999229840568;1.000285595876992;1.000315238092501;0.9999999999999999;0.9996101623064717;0.999969171637136;0.9999104473247103;1.0;0.9999999999999999;0.9994839925197381;0.9999465835604449;0.9986406561548702;0.9984520537517135;0.9993718954938596;0.9993456900010493;0.9993365564137047;0.9999999999999999;0.9999375033141227;0.999995450862885;0.9998080276914013;0.9999908783170788;1.024999976158142;
2016-01-31 13:00:00;0.9999935288351363;0.9994791416462119;0.9997241339998748;1.0;0.9999048209254263;0.9999652543193155;1.000321922191864;0.9999369963341805;0.9999999999999999;0.9999713160634163;0.9996348431037594;0.9999891694017462;1.0;0.9999477223803771;0.9999999999999999;0.9999999999999999;0.9999999999999999;0.999903417864781;0.9999799580996026;0.999899694748677;0.9999919581874128;0.9994998583943818;0.9999999016032873;1.0002999213796915;1.0003311313582322;1.0;0.9995361984855975;0.9999629358494294;0.9999238142379813;0.9999999999999999;1.0;0.9994500763100244;0.9999423743742886;0.9985384844171423;0.9983148027285473;0.9993393711685501;0.9993184249523455;0.9993097041608785;1.0;0.9999311391709607;0.9999950119013422;0.9997679261281393;0.9999936682253211;1.024999976158142;
2016-01-31 13:15:00;0.9999947355070573;0.9996845001741219;0.9998371102160137;1.0;0.9999426391338645;0.9999808811415604;1.0002993281820598;0.9999653722130559;1.0;0.9999820569796185;0.9997835242476992;0.9999890594840936;1.0;0.9999693161637817;1.0;0.9999999999999999;1.0;0.9999415975471928;0.9999874124057294;0.9999415464430409;0.9999939381913319;0.9997039921313361;0.9999999269535302;1.0002788334652069;1.0003078670551369;1.0;0.9997251654766454;0.9999786933498147;0.9999074876462151;1.0;1.0;0.9994540242609983;0.9999634058117204;0.9985421911635753;0.9983311564422259;0.9993487474293075;0.9993264152924516;0.9993164884450335;1.0;0.9999569002636808;0.9999963087420898;0.999864616158105;0.999993702861764;1.024999976158142;
2016-01-31 13:30:00;0.9999950901534401;0.9996699913576964;0.9998274156477404;0.9999999999999999;0.9999404120459763;0.999979479228475;1.0003074169352013;0.9999627625939166;1.0;0.9999817551597172;0.9997704351190893;0.9999888108477631;0.9999999999999999;0.9999679390917474;1.0;1.0;1.0;0.9999393704616244;0.9999871918823394;0.9999378378795528;0.9999941134750971;0.9996871715518594;0.9999999269532573;1.0002862326270268;1.0003162931476661;0.9999999999999999;0.999709392448578;0.9999775705808445;0.9999164595347306;1.0;1.0;0.9994156600642023;0.9999628016166481;0.9984486325292059;0.99820757973499;0.9992969251479842;0.9992742659781926;0.9992651330436325;1.0;0.99995592714496;0.9999963805813219;0.9998560493351413;0.9999937507811185;1.024999976158142;
2016-01-31 13:45:00;0.9999947817928876;0.9996101133757482;0.9997953400578918;1.0;0.9999305079368314;0.9999754895446574;1.0003022355634443;0.9999554191616242;1.0;0.9999787574776708;0.999728100738337;0.9999889676544125;1.0;0.9999618739077133;1.0;1.0;1.0;0.9999295873852192;0.9999853592053976;0.9999261698114157;0.9999942358908169;0.9996299665972486;0.9999999354388882;1.0002812824573848;1.0003110447994097;1.0;0.9996564967501759;0.9999733793795943;0.9999125073222115;0.9999999999999999;0.9999999999999999;0.9994904686451801;0.9999566692177984;0.9986466737009209;0.9984466361750441;0.9993873194677119;0.9993655122244889;0.9993563784559776;1.0;0.9999486456290859;0.999996523368142;0.9998290518529003;0.9999936378477113;1.024999976158142;
2016-01-31 14:00:00;0.9999941585341185;0.9996795324971322;0.9998372474088355;1.0;0.9999429741529963;0.9999816547007314;1.000300715567736;0.9999668571248376;1.0;0.9999813103073687;0.9997835704237761;0.9999883386522226;1.0;0.9999690517756272;0.9999999999999999;1.0;1.0;0.999942154701599;0.9999871654109761;0.9999420534425834;0.9999942471130095;0.9997047317182114;0.9999999425290254;1.0002800208512925;1.0003093329792307;1.0;0.9997259569984165;0.9999788462962603;0.9999121026171123;1.0;1.0;0.9994494794393373;0.9999620711486236;0.9985365043307679;0.9982970661486323;0.9993389230389313;0.999315092437281;0.9993032173634155;0.9999999999999999;0.9999558244941301;0.9999966389150604;0.9998657816685843;0.9999929820265459;1.024999976158142;
2016-01-31 14:15:00;0.9999955784124829;0.9996527466558498;0.9998172356496882;1.0;0.9999374421585883;0.9999776525655972;1.0003038436626746;0.9999592906193929;1.0;0.9999811374787406;0.9997577712392514;0.9999897685377362;1.0;0.9999656359958432;1.0;1.0;0.9999999999999999;0.9999366318836513;0.9999870062565682;0.9999338527788546;0.9999950195908643;0.9996691314198841;0.9999999431729064;1.00028300415766;1.0003124879622545;1.0;0.9996931183797285;0.9999759509716895;0.9999061051460558;0.9999999999999999;1.0;0.9994662687335285;0.9999613867318574;0.998572508038007;0.9983632471199141;0.9993649759138289;0.9993429000661836;0.9993325921643877;1.0;0.9999541069118377;0.9999969805098997;0.9998468510188049;0.9999942383345062;1.024999976158142;
2016-01-31 14:30:00;0.9999957977275613;0.99967925784767;0.9998314447618352;0.9999999999999999;0.9999420527017212;0.9999795823871426;1.000307275311524;0.9999627215354568;0.9999999999999999;0.9999827048081132;0.9997764301944054;0.9999894527648272;1.0;0.9999684927627793;1.0;0.9999999999999999;0.9999999999999999;0.9999412209513335;0.999988039102689;0.9999390756249485;0.9999951443712412;0.9996946314782374;0.999999941667304;1.0002862156702321;1.00031600718199;1.0;0.9997166741512133;0.9999780212152547;0.9999065504537203;1.0;1.0;0.9994106771890509;0.9999641800098155;0.9984198307110268;0.9981594064515248;0.9993015655575981;0.9992784854796681;0.9992678710897829;1.0;0.9999574440754677;0.9999970385968582;0.9998588817800602;0.9999941655009238;1.024999976158142;
2016-01-31 14:45:00;0.9999947292326314;0.999684863134868;0.9998369019877946;1.0;0.999943611195295;0.9999813059398264;1.0003012466549692;0.9999661639761885;1.0;0.999982279869322;0.999782477520264;0.9999893135279773;1.0;0.9999698747965364;1.0;1.0;1.0;0.9999425680155953;0.9999875534833773;0.9999416301172201;0.9999939391218933;0.9997044270909076;0.9999999268412346;1.000280370554357;1.000310046956541;1.0;0.9997251827127732;0.999979092988338;0.9999127110277455;1.0;1.0;0.9994506192219291;0.9999639185092416;0.9985594473659652;0.9983188016992262;0.9993266922349674;0.999303475180943;0.9992918020264232;1.0;0.9999575383818048;0.9999963097087036;0.9998647987495604;0.9999938123522008;1.024999976158142;
2016-01-31 15:00:00;0.9999939108882318;0.999648414017735;0.9998185837999577;1.0;0.999935822606494;0.9999787300092428;1.0003009384849884;0.9999615893141783;1.0;0.9999798077094625;0.9997586965894498;0.9999884221594593;1.0;0.999965879680327;1.0;1.0;1.0;0.9999345405253277;0.9999857072648771;0.9999349216094389;0.9999927506382252;0.999670073786877;0.9999999100894323;1.0002803012008623;1.0003096003036103;0.9999999999999999;0.9996935323200612;0.9999762217483928;0.9999012079692877;0.9999999999999999;1.0;0.9994940012433613;0.9999590982458154;0.9986678947768686;0.9984500067317778;0.9993834822657441;0.9993590014431847;0.9993471064576577;1.0;0.9999518143464928;0.9999955519058;0.999849298822301;0.9999932659338618;1.024999976158142;
2016-01-31 15:15:00;0.9999957939121473;0.9997207178693577;0.9998542089314665;1.0;0.9999503564438844;0.9999831180311876;1.0002893602053273;0.9999693233414075;1.0;0.9999847261617095;0.999805602680053;0.9999928737888124;1.0;0.999973279532651;1.0;1.0;1.0;0.9999495278143088;0.9999893434237561;0.9999476747783045;0.999995163038606;0.9997363102797406;0.9999999418861509;1.0002692875762913;1.0002977928411805;0.9999999999999999;0.999754845277979;0.999981421103524;0.999918276265635;1.0;1.0;0.9995113349538114;0.9999686697152834;0.9987083525177958;0.998491846548149;0.999408136673805;0.9993915593842732;0.9993816318897439;0.9999999999999999;0.9999629911791242;0.9999970557433449;0.9998787949099266;0.9999956980915582;1.024999976158142;
2016-01-31 15:30:00;0.999990145816843;0.9996300490128148;0.9998099872879366;1.0;0.9999266001269213;0.9999783901040238;1.000304028898028;0.9999620591740759;0.9999999999999999;0.9999768431073844;0.9997437975261033;0.9999923989869588;1.0;0.9999659929079929;1.0;1.0;1.0;0.9999228805434074;0.9999813326283326;0.9999322347296387;0.9999836816686783;0.9996491068857211;0.9999997391680032;1.00028318275787;1.0003132944924151;0.9999999999999999;0.9996715631057949;0.9999752337221829;0.9998870022403472;1.0;1.0;0.9995434571452564;0.9999547401320985;0.998795041018084;0.9985669310749652;0.999445823351071;0.9994297936930457;0.9994206593370297;1.0;0.9999461925129606;0.9999893420936946;0.9998430919468364;0.9999952426404937;1.024999976158142;
2016-01-31 15:45:00;0.999994954106212;0.999590715824641;0.9997827148213844;1.0;0.999925925293502;0.9999734213773595;1.0002988279619343;0.999951514870189;1.0;0.9999782718538424;0.9997113394160918;0.9999932397729318;1.0;0.9999599349653024;1.0;1.0;1.0;0.9999247136874212;0.9999847726142621;0.9999212446553134;0.9999935156953641;0.999606665728839;0.9999999150300732;1.0002781528510984;1.0003075671772985;1.0;0.9996347088296492;0.9999717751618762;0.9999076987694226;0.9999999999999999;1.0;0.9995445040906461;0.9999551964172698;0.9987953064597878;0.9985711944214941;0.9994487988305591;0.9994338674706393;0.9994251456717356;1.0;0.9999464454248514;0.9999959525954356;0.999817618539521;0.9999958368758033;1.024999976158142;
2016-01-31 16:00:00;0.9999954060961737;0.9997064461811905;0.9998456295834717;1.0;0.9999455727761402;0.9999814034565675;1.0002928627734384;0.9999662918909162;1.0;0.9999837790415814;0.9997944286922543;0.9999935114661085;0.9999999999999999;0.9999715963754844;1.0;1.0;0.9999999999999999;0.9999442508623325;0.9999882305190315;0.999944254083754;0.9999935228920381;0.999719145718293;0.9999999072976423;1.0002727966439267;1.0003012931959363;0.9999999999999999;0.9997388149059186;0.9999799069801677;0.9998896936243727;1.0;1.0;0.9995453069657837;0.9999668172382318;0.9988016521078792;0.9985883785672932;0.9994468869259788;0.9994320103012441;0.9994236694452321;0.9999999999999999;0.9999604241042291;0.9999958843648793;0.9998708902441319;0.9999961837673065;1.024999976158142;
2016-01-31 16:15:00;0.9999935043876572;0.9997122591354883;0.99985601787054;1.0;0.9999473900808227;0.9999841508150673;1.000295763900163;0.9999717028841429;1.0;0.9999822649928368;0.9998080005377923;0.9999918921040358;1.0;0.9999725195793143;1.0;1.0;1.0;0.9999461585408229;0.9999873657026346;0.9999490356154735;0.9999927113423054;0.9997371667935936;0.9999999136339239;1.0002755367001293;1.0003042248283298;1.0;0.9997556871226607;0.9999811345707709;0.999913752305475;1.0;1.0;0.9994938188691129;0.999964562826934;0.9986446633507722;0.9984193999252216;0.999398797755478;0.9993837936305;0.9993754531768849;1.0;0.9999588619684788;0.999995592039222;0.9998819626718837;0.9999946047288009;1.024999976158142;
2016-01-31 16:30:00;0.9999958524540892;0.9997038249111486;0.9998445808008294;1.0;0.999947381324687;0.9999817138607956;1.0003001341767366;0.9999667397102634;1.0;0.9999839375696717;0.9997930280740206;0.9999934996489884;1.0;0.9999714241874571;1.0;1.0;0.9999999999999999;0.9999465833413036;0.999988847921359;0.9999440611564878;0.9999952575837839;0.999719125477755;0.9999999440348948;1.0002793280653448;1.000308855856052;1.0;0.9997389887107422;0.9999800701248994;0.9999028650828512;1.0;1.0;0.9994753234205854;0.9999671155045263;0.9985886183437672;0.9983621103819627;0.9993812867635887;0.9993666677722826;0.999357946559813;0.9999999999999999;0.9999610494919206;0.999997116715449;0.9998704499768455;0.9999959983655102;1.024999976158142;
2016-01-31 16:45:00;0.9999942784589005;0.9996026956053781;0.9997898381881946;1.0;0.9999293983295485;0.9999754021626063;1.0003049480059956;0.9999554825021287;0.9999999999999999;0.9999784927450116;0.9997189563136338;0.9999928738037115;1.0;0.9999622259960622;1.0;1.0;0.9999999999999999;0.9999279952344167;0.999984679615827;0.9999243431612569;0.9999925595283339;0.9996204514104159;0.9999999016014474;1.0002833984234158;1.0003142766398652;1.0;0.9996465499705867;0.9999733150217791;0.9999179051213832;1.0;1.0;0.9995311003145676;0.9999566170963952;0.9987532791405703;0.9985032586204958;0.999437071139431;0.9994219016467112;0.9994131799522302;1.0;0.999948373204349;0.9999953444445739;0.9998248332074398;0.9999955461032054;1.024999976158142;
2016-01-31 17:00:00;0.9999934884768485;0.9997892852850144;0.9998960568914478;1.0;0.999959941387371;0.9999896154672169;1.0002845827694626;0.9999819108917471;0.9999999999999999;0.9999862895339365;0.9998592613393419;0.9999925181858957;1.0;0.9999813088942612;1.0;1.0;1.0;0.9999580740394628;0.999989351252681;0.9999637315312532;0.9999909647624929;0.9998084908513275;0.9999998690532237;1.000264971796696;1.0002929928819788;1.0;0.999820672752373;0.9999869508666187;0.9999080161724715;1.0;1.0;0.9995314467439076;0.9999729559961741;0.9987638554807801;0.9985185202099236;0.9994308931475174;0.9994144916533817;0.9994045639310538;1.0;0.9999686249269726;0.999994279572642;0.9999159520359627;0.9999952866420315;1.024999976158142;
2016-01-31 17:15:00;0.9999940289747868;0.9996282473199555;0.9998063730094285;1.0;0.999931533196504;0.9999767933339909;1.000297990074777;0.9999579604906329;1.0;0.9999790763739198;0.9997426859251487;0.9999930218776716;0.9999999999999999;0.9999637259567885;1.0;0.9999999999999999;0.9999999999999999;0.9999301101907875;0.9999850983493251;0.9999302311232144;0.9999924139813323;0.9996477381803452;0.9999999002074471;1.0002776066616534;1.0003065564783244;1.0;0.9996728160516829;0.9999745626845885;0.9999086639580884;1.0;1.0;0.999550806353256;0.9999573254124431;0.9988265589230487;0.9985773465902411;0.9994464649668917;0.999432222636137;0.9994238817783528;1.0;0.9999494171677725;0.9999952783140708;0.9998384266595763;0.9999954937769164;1.024999976158142;
2016-01-31 17:30:00;0.9999928426158714;0.9997229614435832;0.99986424670249;1.0;0.9999496699889615;0.9999859520075834;1.0002840168117788;0.9999750765946667;1.0;0.9999823821130692;0.9998184179110036;0.9999915811759096;1.0;0.9999740786506879;1.0;1.0;0.9999999999999999;0.9999483970621728;0.9999874399220033;0.9999524708606884;0.9999922618071166;0.9997517744892106;0.9999999107318592;1.0002645216539872;1.0002922205492457;1.0;0.9997690726103058;0.9999824636915221;0.9999153170920548;1.0;1.0;0.9995641044590906;0.9999647762907775;0.9988770841931929;0.9986443727117215;0.9994520702873825;0.999437076743957;0.9994283549170471;0.9999999999999999;0.999959512436049;0.9999953648286162;0.9998898722301606;0.999994197626432;1.024999976158142;
2016-01-31 17:45:00;0.9999785026781051;0.9994111953979741;0.9997383964610064;1.0;0.9998972491708553;0.9999779101488295;1.0003181790962388;0.9999627541366166;1.0;0.9999554322797316;0.9996508561944927;0.9999811287352627;1.0;0.9999446023277314;1.0;1.0;0.9999999999999999;0.9998956546423124;0.9999697561281381;0.9999121580268622;0.9999830192188395;0.9995196530241645;0.9999998881593577;1.0002963712814643;1.0003273806515434;1.0;0.9995547190195652;0.9999647091971836;0.9999083947540527;1.0;1.0;0.9995109396517871;0.9999148712184724;0.998714604750387;0.9984927390894894;0.9994026729104367;0.9993876562147076;0.9993797283052187;0.9999999999999999;0.999906006773631;0.9999908006471605;0.9997966166683976;0.9999839455568853;1.024999976158142;
2016-01-31 18:00:00;0.9999871185606178;0.9995237173711078;0.9997700379753046;1.0;0.9999157515946682;0.9999769890393523;1.0003129352158073;0.9999596174008344;1.0;0.9999685764630223;0.9996923347819073;0.9999880101247062;0.9999999999999999;0.9999552816646121;1.0;1.0;1.0;0.9999140559279022;0.9999780656176029;0.9999200635555902;0.9999876615393248;0.9995807667934873;0.9999998810794609;1.0002911063440694;1.0003223269315689;1.0;0.9996102080673493;0.9999700216423857;0.9998976128791999;0.9999999999999999;1.0;0.999516674821782;0.999938691163883;0.9987516472536765;0.9985041421247386;0.9993946742313451;0.9993802919111903;0.9993723640601203;1.0;0.9999302147796;0.9999928542586678;0.999814905241202;0.9999906265658851;1.024999976158142;
2016-01-31 18:15:00;0.9999933317135481;0.9996981751446756;0.9998460513610004;1.0;0.9999439596423384;0.9999829490677783;1.0003019597684024;0.9999695032098711;1.0;0.9999820695584226;0.9997935994651873;0.9999918420049418;1.0;0.9999718734083046;1.0;1.0;1.0;0.9999421704003647;0.9999867019562928;0.9999452862879359;0.9999910608120461;0.9997187517880941;0.9999998745274861;1.0002811279575126;1.0003108615489964;1.0;0.9997377800731658;0.9999803339953603;0.9999028445956348;0.9999999999999999;1.0;0.9994274297799005;0.9999638410164347;0.9984862627865403;0.9982478042771346;0.999306728027904;0.9992909940410115;0.9992830668983209;1.0;0.9999575435395273;0.9999943754952515;0.9998732326959758;0.9999948860573195;1.024999976158142;
2016-01-31 18:30:00;0.9999901573709894;0.9994843086204412;0.9997344340841365;1.0;0.9999055364252618;0.9999691939262262;1.0003264079745566;0.9999448820545261;1.0;0.9999695130028681;0.9996456543403084;0.9999912692015945;1.0;0.9999503700551134;1.0;1.0;0.9999999999999999;0.9999032492650487;0.9999779783567228;0.999904960691791;0.9999876251620565;0.9995166529204041;0.9999998396057198;1.0003037598998068;1.0003362134740301;1.0;0.9995503320650395;0.9999651056179577;0.9998875800691011;0.9999999999999999;1.0;0.9994207184672426;0.9999396709468295;0.9984638630489435;0.9982507337900058;0.9993017820535832;0.9992867117107282;0.9992775786624195;1.0;0.9999289669696073;0.9999923099448249;0.9997800123127341;0.9999938104538442;1.024999976158142;
2016-01-31 18:45:00;0.9999927206676262;0.9996092824119637;0.9998004060036777;0.9999999999999999;0.9999292336741923;0.9999770697594271;1.0003179351944553;0.9999587505811279;0.9999999999999999;0.9999770152599657;0.9997343775997056;0.9999876444115191;1.0;0.9999621851305048;1.0;1.0;1.0;0.9999278871787902;0.9999838318838199;0.9999287202939822;0.9999918720620548;0.999637080722618;0.9999999055710539;1.000296073560699;1.0003271332710792;1.0;0.9996629029728583;0.9999738077867112;0.9998936697833569;1.0;1.0;0.9993960516255038;0.9999538564391227;0.9983963508343314;0.9981540398253718;0.9992734870186762;0.9992508397121541;0.9992413261356032;1.0;0.999945973044138;0.9999950863455281;0.9998349512564008;0.9999924881821545;1.024999976158142;
2016-01-31 19:00:00;0.9999907785333737;0.9996141377647746;0.9998021267950877;1.0;0.9999276346821702;0.9999782244153717;1.0003120123687952;0.999961505859672;1.0;0.9999765839238882;0.9997333310785874;0.9999879745745509;1.0;0.9999646238808386;1.0;1.0;1.0;0.9999247777110731;0.9999820279052615;0.9999297195172911;0.9999864766197671;0.9996381058055326;0.9999997996537411;1.000290186958353;1.0003216754351099;0.9999999999999999;0.9996616697372828;0.9999747904027699;0.9998988751428042;1.0;1.0;0.9994573236378028;0.9999539983011986;0.9985818510284039;0.998345914911153;0.9993316147165758;0.9993089983783022;0.9992998651263032;1.0;0.9999457672211572;0.9999913461106539;0.9998372592148776;0.999992900992478;1.024999976158142;
2016-01-31 19:15:00;0.9999897139639452;0.9995664105696918;0.999776924066547;0.9999999999999999;0.999917116759799;0.9999746488457175;1.0003132195847313;0.999955204418891;1.0;0.9999734767732709;0.9997000754357157;0.9999874185675406;1.0;0.9999596243761355;0.9999999999999999;0.9999999999999999;1.0;0.999913735904004;0.9999794674800471;0.9999204207822019;0.9999843265761361;0.9995908832806832;0.9999997629160459;1.000291511774485;1.0003228616376518;1.0;0.9996177868878936;0.9999709982524002;0.9998995130465624;1.0;1.0;0.999479595932929;0.9999481053189119;0.998651651526969;0.9984439459791824;0.9993511248072416;0.9993279713729039;0.9993192504981278;1.0;0.9999385650250997;0.9999899025753728;0.9998157694971906;0.9999926147389282;1.024999976158142;
2016-01-31 19:30:00;0.999988991091527;0.9996067739161201;0.9998019618960124;1.0;0.99992510658792;0.9999789128015052;1.0003107510752713;0.9999631989137343;0.9999999999999999;0.999974828435026;0.9997324303572852;0.9999870807435548;1.0;0.9999643412680376;1.0;1.0;1.0;0.9999217317493818;0.9999803767565252;0.9999301814563636;0.9999839905191854;0.9996360157472786;0.9999997633389777;1.0002890879405018;1.0003204268440689;1.0;0.9996593386701573;0.9999746071129302;0.9998957530755594;1.0;1.0;0.9994610647214958;0.99995121168927;0.9986141400451632;0.9984209607192959;0.9993208476870171;0.9992981529987088;0.9992894323841499;1.0;0.9999428615600381;0.9999897697059437;0.9998383370653491;0.9999921323592873;1.024999976158142;
2016-01-31 19:45:00;0.9999838528461796;0.999589052399344;0.99980142232166;0.9999999999999999;0.9999174905569108;0.9999808982340422;1.0003070279831214;0.999967996367752;1.0;0.9999704763704397;0.9997289604192467;0.9999853526680492;1.0;0.9999644399285125;1.0;1.0;1.0;0.9999121976987336;0.9999756956857623;0.9999313674635869;0.9999756564125789;0.9996294150956485;0.999999628840086;1.000285756367121;1.0003168968327953;1.0;0.9996514879080185;0.9999745022440953;0.9999165429468946;1.0;1.0;0.9994885930040687;0.9999440799451507;0.9986745653626795;0.9984695757154641;0.9993626140427012;0.9993393687707304;0.9993306477964924;1.0;0.9999351890989935;0.9999843490211577;0.9998410498562634;0.999990577858177;1.024999976158142;
2016-01-31 20:00:00;0.9999851034194993;0.9996498411416042;0.9998304749819951;0.9999999999999999;0.9999278506256878;0.9999841298384974;1.00031483173026;0.9999737619451795;1.0;0.9999745155766975;0.9997669593299356;0.9999861477608321;1.0;0.9999707450716925;1.0;1.0;1.0;0.9999224382600177;0.9999781959357228;0.9999415730636451;0.9999760724786895;0.9996820444627249;0.99999962046481;1.0002929872499216;1.00032497452249;1.0;0.9996998770020292;0.9999786290329759;0.9999077424615069;0.9999999999999999;1.0;0.9993759570916423;0.9999519248671378;0.9983421628264155;0.9981239396308315;0.9992498844013165;0.9992268376138862;0.9992189109801336;1.0;0.9999440332193046;0.9999844548985571;0.9998646581605244;0.999991503997648;1.024999976158142;
2016-01-31 20:15:00;0.9999799711179523;0.999523720673964;0.9997701830175857;1.0;0.9999022353425059;0.9999780452926165;1.000329510566177;0.9999637687363605;1.0;0.9999648578199791;0.999685021437498;0.9999850834918502;1.0;0.9999593704539831;1.0;1.0;1.0;0.9998952280919273;0.9999703113029439;0.9999207045365812;0.9999685337144019;0.9995691395996149;0.9999995086145576;1.0003066414046191;1.0003404183156668;0.9999999999999999;0.9995938959791967;0.9999703721734577;0.9999006572520753;1.0;1.0;0.9993860754928203;0.9999343844109922;0.9983822476440326;0.9981464673282238;0.9992530260666758;0.999230100139382;0.9992209676084787;0.9999999999999999;0.9999237593585991;0.9999796232939496;0.9998163977327944;0.9999901082975154;1.024999976158142;
2016-01-31 20:30:00;0.9999866926827868;0.9995525251028812;0.9997771275449203;1.0;0.9999134406544828;0.999976348380961;1.000316743488621;0.9999588285760299;1.0;0.9999706717884397;0.9996992986626786;0.999985951622115;1.0;0.9999592147420205;1.0;0.9999999999999999;0.9999999999999999;0.9999094117517972;0.9999770803607028;0.9999216010048426;0.9999808259979146;0.9995886983657084;0.9999997174721198;1.0002948776056275;1.0003265530638792;1.0;0.9996152780617026;0.9999710833570926;0.9999181654131764;1.0;1.0;0.9994258257863564;0.9999429786800244;0.9984785151873669;0.9982116156037655;0.9993071792072553;0.9992843421746566;0.9992760025510231;1.0;0.9999334178178588;0.9999877707747232;0.9998184419805983;0.99999114033743;1.024999976158142;
2016-01-31 20:45:00;0.9999827590328391;0.9994684928801919;0.9997340731279467;1.0;0.9998965614798729;0.9999724387139147;1.0003347576016912;0.9999529286436104;0.9999999999999999;0.9999641312827375;0.99963830624005;0.9999860658415466;1.0;0.9999528688660335;1.0;1.0;1.0;0.9998907906638219;0.9999709645630561;0.9999067678776518;0.9999735038324065;0.9995089218790433;0.9999995953110042;1.0003110845337329;1.000345916487815;1.0;0.999538841678112;0.9999657995005098;0.9999060128592095;1.0;0.9999999999999999;0.9994099133043062;0.9999326012231275;0.9984261779434204;0.9981925118786824;0.999294925924866;0.9992735466615218;0.9992656196572371;1.0;0.999921069442509;0.9999829025548654;0.9997842085133425;0.9999908940864606;1.024999976158142;
2016-01-31 21:00:00;0.9999858194597331;0.9995238610811067;0.9997609396068994;1.0;0.9999090745078393;0.9999750905251501;1.0003183975451082;0.9999569026475003;1.0;0.9999689552349362;0.9996758053353152;0.9999902659071884;1.0;0.9999574606963594;1.0;1.0;1.0;0.9999045919093056;0.9999754438854838;0.9999160242530496;0.9999790030370855;0.9995601804672621;0.9999996856520956;1.0002959073269126;1.0003287744703742;1.0;0.9995876672341779;0.9999695309587096;0.9999217450149712;1.0;0.9999999999999999;0.9994519116494517;0.9999405517729587;0.9985530909275836;0.9983366216067331;0.9993349314730492;0.9993189881304363;0.9993098547871351;1.0;0.9999304456798507;0.9999865357625018;0.9998055620857791;0.9999930827545493;1.024999976158142;
2016-01-31 21:15:00;0.999986987716397;0.9995070495910288;0.999749764626383;0.9999999999999999;0.9999074042981615;0.9999731383895486;1.0003198774994393;0.999953030185558;0.9999999999999999;0.9999689320475593;0.9996618597380462;0.9999883410679729;1.0;0.9999552014164275;1.0;1.0;0.9999999999999999;0.9999034595078318;0.9999759465302911;0.9999115985146775;0.9999811590857327;0.9995416330961583;0.9999997233646238;1.00029723707873;1.0003302214395442;1.0;0.9995710087934908;0.9999680175658889;0.9999105736062336;1.0;1.0;0.9994893262325005;0.9999400972732764;0.9986583378572909;0.9984169092214011;0.9993759070685362;0.9993562493098944;0.9993471156260422;0.9999999999999999;0.9999297139820719;0.9999879661607801;0.9997953383716695;0.9999923312472988;1.024999976158142;
2016-01-31 21:30:00;0.9999879692710847;0.9996197907420686;0.9998114681887522;1.0;0.9999264865521468;0.9999806596405356;1.0003015657412526;0.9999665786159517;1.0;0.9999747693322144;0.9997445460453294;0.9999880657587811;0.9999999999999999;0.9999660597017077;1.0;1.0;0.9999999999999999;0.999922764080619;0.9999800311157704;0.9999340067499992;0.999982451905744;0.9996518493316746;0.9999997389624729;1.0002806055011726;1.0003109991662642;1.0;0.9996737426299261;0.9999758929465155;0.9999073105873795;1.0;1.0;0.9995185586232747;0.9999512170131156;0.9987706794273193;0.9985585642849494;0.9993873587142762;0.9993672808864434;0.9993589405706368;0.9999999999999999;0.9999431477894359;0.9999887855922598;0.9998471583613333;0.9999923815388801;1.024999976158142;
2016-01-31 21:45:00;0.999984437454595;0.9994460766400851;0.9997231544601103;1.0;0.9998940325219197;0.9999701321875072;1.0003205828323318;0.9999478280006847;1.0;0.9999640039168329;0.9996273887404857;0.99998992646188;1.0;0.9999488229355983;1.0;1.0;1.0;0.9998895764446835;0.9999723127005233;0.9999023717904277;0.9999782281872439;0.999490405355481;0.9999996875094156;1.0002983702311359;1.0003306596705368;1.0;0.9995239181265436;0.9999638008814042;0.9999136000547703;1.0;1.0;0.9994554671395958;0.9999301794765144;0.9985408987567692;0.9983180732886846;0.9993539823182042;0.9993395398861745;0.9993308189104431;1.0;0.9999184763861848;0.9999861919785474;0.9997739627261395;0.999992369324037;1.024999976158142;
2016-01-31 22:00:00;0.9999868785707731;0.9996481117406847;0.9998258314756907;1.0;0.9999277367577472;0.9999822635893345;1.000301621431295;0.9999699327192697;1.0;0.9999755897003898;0.9997622780356432;0.999990436478867;0.9999999999999999;0.9999695340166423;1.0;1.0;1.0;0.9999228084917015;0.9999793578180969;0.9999391397584299;0.9999784382356323;0.9996746094848253;0.9999996544125531;1.0002808462685335;1.0003111566373675;0.9999999999999999;0.9996937525184401;0.9999776846605826;0.9999001046437689;1.0;1.0;0.9995158219747358;0.9999533818601186;0.9987179448188307;0.9985077883965128;0.9994151181080306;0.9993979290651259;0.9993895884935421;1.0;0.9999452597125632;0.9999859398875739;0.9998590404152574;0.9999938389931883;1.024999976158142;
2016-01-31 22:15:00;0.9999858250818263;0.9996121220288001;0.9998124816112398;1.0;0.9999264157036285;0.9999827739228397;1.0003035767759338;0.9999709601352139;0.9999999999999999;0.9999729681283717;0.9997438824376901;0.9999873923932916;1.0;0.9999667276913694;0.9999999999999999;1.0;1.0;0.9999223804642994;0.9999785558818016;0.9999354878077732;0.9999803691839713;0.9996537146350539;0.9999997170272024;1.000282061258147;1.0003134804015976;0.9999999999999999;0.9996745507078196;0.9999766423258681;0.999897048010859;1.0;1.0;0.9995251335385773;0.9999486402024991;0.9987456542825253;0.9985607157059512;0.9994242814269516;0.9994048342782375;0.9993961127326989;0.9999999999999999;0.9999409234384584;0.9999875695597685;0.9998505808671958;0.9999914154481067;1.024999976158142;
2016-01-31 22:30:00;0.9999898275735992;0.9996729324054667;0.9998363143362401;1.0;0.9999358820839978;0.9999828087126028;1.0002914027673697;0.9999702191499588;1.0;0.9999785316690277;0.9997781905247303;0.9999904607272825;1.0;0.9999707792332808;0.9999999999999999;1.0;1.0;0.9999324642334247;0.9999827561722355;0.9999424535731694;0.9999844118720652;0.9996973348621818;0.9999997603267;1.0002712588651435;1.0003003886510282;1.0;0.999716241827095;0.9999790320830286;0.9998895988310478;1.0;1.0;0.9996158818964821;0.9999583980627269;0.999011529946319;0.9988246385043332;0.9995164277037688;0.9994991398013314;0.9994912110074691;0.9999999999999999;0.9999512249743606;0.9999899470494137;0.9998667180636357;0.9999939942847654;1.024999976158142;
2016-01-31 22:45:00;0.9999916262693544;0.9998031694278681;0.9999089431962082;1.0;0.9999613905922963;0.9999921564683446;1.0002796993985832;0.9999869906820117;1.0;0.9999853330350443;0.9998759414818469;0.9999923067873808;0.9999999999999999;0.9999830505063182;0.9999999999999999;1.0;1.0;0.9999591585810301;0.9999883914557021;0.9999691174524773;0.9999888923783862;0.999829815940486;0.999999843483309;1.0002605861129321;1.0002879162805183;1.0;0.9998402889182525;0.9999883952585689;0.9998836602046995;0.9999999999999999;1.0;0.9995762546376683;0.9999717687800914;0.9988832014932079;0.9986788479490614;0.9994845417758605;0.999470628805358;0.9994622876270514;1.0;0.9999679026696788;0.9999930294199377;0.999928421652042;0.9999946744576252;1.024999976158142;
2016-01-31 23:00:00;0.999986210372909;0.9995830858896483;0.9997920597721531;1.0;0.9999159670357539;0.999977717303988;1.0003000657072336;0.9999617120202493;1.0;0.9999717384413219;0.9997183289994356;0.999991282300963;1.0;0.99996244512368;1.0;1.0;1.0;0.9999110954016279;0.9999768830682083;0.9999267969455862;0.9999781474780745;0.9996134087871111;0.9999996583795161;1.0002795115037713;1.0003094506102934;1.0;0.9996374581174113;0.9999727338232508;0.9999046067579435;1.0;0.9999999999999999;0.9996201487471773;0.9999459181326624;0.9990156759506321;0.9988260730124137;0.9995264685372782;0.9995115907279826;0.9995032492078244;0.9999999999999999;0.9999364542760578;0.9999858284413661;0.9998305174661385;0.999993954596204;1.024999976158142;
2016-01-31 23:15:00;0.9999886806325231;0.9997085661741618;0.9998539736568934;1.0;0.9999382568577171;0.9999849840893643;1.0002787861122084;0.9999746453596262;0.9999999999999999;0.9999798634040095;0.99979970187278;0.9999927944278709;1.0;0.9999753649163594;1.0;1.0;1.0;0.9999334432779924;0.9999822321963375;0.9999488133432919;0.9999798392426551;0.9997259634114422;0.9999996624592782;1.0002595918529102;1.0002876480342513;1.0;0.9997413227790711;0.9999815020989035;0.9999060396835954;0.9999999999999999;1.0;0.9996819742185455;0.9999615639009098;0.9992022344828843;0.9990258685368585;0.9995855421800398;0.9995695401262384;0.9995600235154336;1.0;0.9999544253865967;0.9999866907273769;0.9998814257650951;0.9999955360845935;1.024999976158142;
2016-01-31 23:30:00;0.999988442229344;0.99975949013699;0.9998815358031844;1.0;0.9999474588503163;0.9999892083647013;1.000269764027784;0.9999825478501829;1.0;0.999982364421883;0.9998347676341651;0.9999926369932407;1.0;0.999981412869215;1.0;0.9999999999999999;1.0;0.999942351299826;0.9999835715500806;0.9999591735588731;0.9999788957868894;0.9997756602196014;0.999999641848402;1.000250958617288;1.0002786282633218;1.0;0.9997865855032607;0.9999856745515037;0.9999106033596026;1.0;0.9999999999999999;0.9996983961009059;0.9999669286834018;0.9992477181961266;0.9990806000546311;0.9996040128570963;0.9995877608270073;0.9995786250272399;1.0;0.9999609058068648;0.9999860259533381;0.9999053968749068;0.9999955500044977;1.024999976158142;
2016-01-31 23:45:00;0.9999928781227424;0.999751470666688;0.9998742370793462;1.0;0.9999519045166432;0.9999867210955808;1.000271455314137;0.9999767548007398;0.9999999999999999;0.9999843651895142;0.9998296073395337;0.99999341311415;1.0;0.9999778986414424;0.9999999999999999;1.0;1.0;0.9999494640177902;0.9999875179426432;0.9999556503716406;0.9999889807952427;0.9997682909630224;0.9999998288632577;1.0002526626397799;1.0002796903416882;1.0;0.9997827972934391;0.999984183746162;0.999913154392263;1.0;1.0;0.9996901836564788;0.9999691898645586;0.999220885851465;0.9990354973026631;0.9995975663610716;0.9995837308956487;0.9995758014307448;1.0;0.9999637532095161;0.9999928803093143;0.9998972473729699;0.9999958559848245;1.024999976158142;
2016-02-01 00:00:00;0.9999938085423072;0.9998319728217029;0.9999175702661168;1.0;0.9999663794586823;0.9999920142538592;1.0002620592874543;0.999986383519756;1.0;0.9999885484240802;0.9998874321470628;0.9999935693545321;1.0;0.9999856579667643;1.0;1.0;1.0;0.9999642255097416;0.9999905157896437;0.9999713805122654;0.9999903586480782;0.999846554402028;0.9999998489585045;1.000244059589192;1.0002698477523595;1.0;0.9998556407222715;0.9999897291309922;0.9999035315941377;1.0;1.0;0.9996962610958353;0.9999777105367215;0.9992638694898083;0.9990961501376906;0.9995865419836786;0.9995724868387708;0.9995645574630635;1.0;0.999974017075324;0.9999937666233424;0.9999336686257728;0.9999960815830871;1.024999976158142;
2016-02-01 00:15:00;0.9999946751619181;0.9997929836841328;0.9998943071490348;0.9999999999999999;0.9999603078017325;0.9999885364149903;1.0002636164494518;0.9999797046507676;1.0;0.9999874283517427;0.9998573272802919;0.9999938116149691;0.9999999999999999;0.9999813046037943;1.0;1.0;1.0;0.9999585109178764;0.9999901421411231;0.9999625363058188;0.9999918333638452;0.9998058298068269;0.9999998739945545;1.0002454556080729;1.0002714171221296;1.0;0.9998182940308679;0.9999866892434528;0.9999006627351433;0.9999999999999999;1.0;0.9997135273806956;0.9999748469229573;0.9992835715635895;0.9991181707954385;0.9996251675328947;0.999610227541458;0.9996010915363547;1.0;0.9999703205825827;0.9999947348593309;0.9999131877583732;0.9999963103322704;1.024999976158142;
2016-02-01 00:30:00;0.9999923461568985;0.9997905222603315;0.999898376299976;1.0;0.9999585517387444;0.9999901932705555;1.000256139436445;0.999983240072563;1.0;0.9999855843172626;0.9998617478600482;0.9999924647898479;1.0;0.9999818063498004;1.0;1.0;1.0;0.9999561313710674;0.9999883566180502;0.9999647954007239;0.9999887523424587;0.9998109561467632;0.9999998302761202;1.0002385587443734;1.0002638091215084;0.9999999999999999;0.9998225300572634;0.9999871725754482;0.9999179949209545;1.0;1.0;0.9997333916329297;0.9999718684192441;0.9993420343928561;0.999195230312208;0.9996451578524858;0.9996301500288663;0.9996218075192601;1.0;0.9999674084199375;0.9999928048064141;0.9999184088737053;0.9999951774161664;1.024999976158142;
2016-02-01 00:45:00;0.9999915130378054;0.9998145140122026;0.999912346063556;1.0;0.9999615406357045;0.9999922771478087;1.0002537433519474;0.9999873692088526;1.0;0.9999861273590501;0.9998793946183628;0.9999930607035363;1.0;0.9999846884948997;1.0;1.0;0.9999999999999999;0.9999586068191039;0.999988188879487;0.9999700981003959;0.9999868485805543;0.9998348046102291;0.9999997942742973;1.000236355354522;1.0002614323859644;0.9999999999999999;0.999844067316663;0.9999890089363368;0.9999026990894869;1.0;1.0;0.9997607687134125;0.9999735437519495;0.9994266215485466;0.9993053802362385;0.9996699679893767;0.9996562782858934;0.9996483482454881;1.0;0.999969455967568;0.9999915037854339;0.999930696606797;0.9999954574050953;1.024999976158142;
2016-02-01 01:00:00;0.9999946493094888;0.9998538778993691;0.9999266533274109;1.0;0.9999715522643563;0.9999933421145842;1.0002466371132281;0.9999887179260982;0.9999999999999999;0.9999905026108472;0.9998985505240645;0.9999937054999551;1.0;0.9999883936249976;1.0;1.0;0.9999999999999999;0.9999694918383799;0.9999918592100383;0.9999746107350151;0.9999911031643117;0.9998644855201655;0.9999998555164064;1.0002293412808447;1.0002542699240684;1.0;0.9998717630225258;0.9999915234741605;0.9999169740290285;1.0;1.0;0.9997643710647441;0.9999815995548205;0.9994336091973622;0.9993197546554939;0.999676062293522;0.9996604434734131;0.9996513070093578;1.0;0.9999784086262765;0.9999941886823323;0.999941147883658;0.9999964181296392;1.024999976158142;
2016-02-01 01:15:00;0.9999945173118687;0.9999039813592275;0.9999540408026234;1.0;0.9999789694434352;0.9999966279654894;1.0002420124167628;0.9999949145181287;0.9999999999999999;0.9999926073047785;0.9999347319667301;0.9999942354774792;1.0;0.9999933762535883;0.9999999999999999;1.0;1.0;0.9999766071925875;0.9999929168964814;0.999984565760436;0.9999901895543573;0.999912494792358;0.9999998343550295;1.0002252429729876;1.000249406783397;1.0;0.9999161165331188;0.9999948601712213;0.9998961699524366;1.0;1.0;0.9997671707723834;0.9999862184521162;0.9994555700997998;0.9993514677836173;0.9996695097453644;0.9996543492413801;0.9996452128330234;1.0;0.9999838850651189;0.999993523122829;0.9999642113530305;0.9999968035533807;1.024999976158142;
2016-02-01 01:30:00;0.9999933721288475;0.9998978703840128;0.9999522145629585;1.0;0.9999761990641999;0.9999965986785241;1.0002392582998572;0.999995124655363;1.0;0.9999915537898472;0.9999318006445773;0.9999939610026155;1.0;0.9999930774284791;1.0;1.0;1.0;0.9999732762076707;0.9999916855449837;0.9999840736603194;0.9999879408332165;0.9999074675607914;0.9999997950465139;1.0002227871875733;1.000246604605042;1.0;0.9999110552936709;0.9999944992209863;0.9999095286450627;1.0;0.9999999999999999;0.9997749632375867;0.9999844132363725;0.9994620922589481;0.9993567639068375;0.9996885605801064;0.9996728683328815;0.9996633507383188;0.9999999999999999;0.9999817710140464;0.9999920229499006;0.9999630706800967;0.999996604275469;1.024999976158142;
2016-02-01 01:45:00;0.9999960458630416;0.9999077221493289;0.9999570926669933;1.0;0.9999825234639074;0.9999966663509885;1.0002373570979124;0.9999945215629608;1.0;0.9999933160922981;0.9999409649952621;0.9999935798396836;0.9999999999999999;0.9999924956257252;1.0;1.0;1.0;0.9999814619270861;0.9999946772661295;0.9999855713738272;0.9999947484998207;0.9999203556289051;0.9999999255580787;1.000221022413385;1.0002442482258824;0.9999999999999999;0.9999249645273608;0.9999948929633331;0.9999029255673276;0.9999999999999999;1.0;0.9997807387326869;0.9999870696282004;0.9994843233190739;0.9993798168028484;0.9996907989768383;0.9996760103233245;0.9996676674309867;1.0;0.999985341666754;0.9999967031493912;0.999966541132319;0.9999962231115297;1.024999976158142;
2016-02-01 02:00:00;0.9999976449050284;0.9999215425434764;0.9999616563475257;1.0;0.9999861846756403;0.9999965951860719;1.0002285059287124;0.999994055676253;1.0;0.9999950521476303;0.999947786885895;0.9999940272730811;1.0;0.9999933238390151;1.0;1.0;1.0;0.9999856670014334;0.9999963269185324;0.9999868054816886;0.9999971996589924;0.9999302008030642;0.9999999636922258;1.0002127400221041;1.0002350660973511;1.0;0.999934564769587;0.9999954957870382;0.9999091383245482;1.0;0.9999999999999999;0.9998295448176038;0.9999901304216245;0.9996294027309003;0.9995758449084318;0.9997389310784157;0.99972466067915;0.9997171111345797;1.0;0.9999887138470659;0.9999982819460707;0.9999694025967512;0.9999966995756574;1.024999976158142;
2016-02-01 02:15:00;0.9999948587566984;0.9998955576273707;0.9999491756909071;1.0;0.9999790057622415;0.9999963102315778;1.0002353111762163;0.999994221121979;1.0;0.9999925513298265;0.9999281132532519;0.9999937422659;1.0;0.9999927099293271;1.0;0.9999999999999999;1.0;0.9999769437287559;0.9999931792169107;0.9999828829433706;0.9999912380098649;0.9999050830357965;0.9999998554050012;1.0002187788163739;1.0002426397885245;1.0;0.9999092607588218;0.9999945384280523;0.9998978368258604;1.0;1.0;0.9998157447006086;0.999985969322805;0.9995902868596158;0.9995291045545075;0.9997240201848641;0.9997088350024748;0.9997004918361956;0.9999999999999999;0.9999836789510088;0.999994254589556;0.9999603105136191;0.9999965107254247;1.024999976158142;
2016-02-01 02:30:00;0.9999962528499077;0.9999167861218338;0.9999596293298919;1.0;0.9999836725687412;0.9999969087678001;1.0002313268747685;0.9999950043607971;0.9999999999999999;0.9999941959955855;0.9999434597446847;0.9999944581146686;1.0;0.9999938605144778;1.0;1.0;1.0;0.9999822861828481;0.9999949105946827;0.9999863398041123;0.9999939501535423;0.9999249394488969;0.9999999027807067;1.0002152517112148;1.0002382472717817;1.0;0.9999286011751425;0.9999955396606759;0.9999088588321314;1.0;1.0;0.9998062730483919;0.999988890119675;0.9995612459180572;0.9994982523855432;0.9997152846104647;0.99970074535291;0.9996920212250325;0.9999999999999999;0.9999871372911294;0.9999960651299363;0.9999683218950621;0.9999969300174635;1.024999976158142;
2016-02-01 02:45:00;0.9999960836662185;0.9999151874888306;0.9999610125379081;1.0;0.9999834328312903;0.9999970069490718;1.000231558161718;0.9999951593926674;1.0;0.9999936405846865;0.9999462885391308;0.9999937188474384;1.0;0.9999931266848204;1.0;1.0;1.0;0.9999823222994146;0.9999948366795782;0.9999869368656864;0.9999946295315665;0.9999270977606535;0.9999999221228593;1.0002156928117376;1.0002382386215662;1.0;0.9999312539956103;0.99999529119874;0.999898274066106;1.0;1.0;0.9998150409496607;0.999987759145385;0.9995798674354163;0.9995112684511565;0.9997290134759906;0.999714308877767;0.999705965665805;1.0;0.9999861184325336;0.9999966081204315;0.9999697056315869;0.9999963353035538;1.024999976158142;
2016-02-01 03:00:00;0.9999943284991907;0.9998911439467335;0.999949270739448;1.0;0.9999768918698845;0.9999959816045985;1.0002336323438636;0.9999936806783702;1.0;0.9999915586900061;0.9999293766954996;0.9999935351510717;1.0;0.9999915599375182;1.0;1.0;1.0;0.9999748175407672;0.9999925377337208;0.999982922846751;0.9999909076445287;0.9999037045856338;0.999999854543177;1.0002176182396438;1.0002405818288183;1.0;0.9999086103501535;0.9999938619738613;0.9999147871820402;1.0;1.0;0.9998105916546663;0.9999840051731712;0.9995809611434378;0.9995151641985295;0.9997148461961456;0.99969906193254;0.9996895440885957;1.0;0.9999815630650564;0.9999940931361895;0.9999604036049204;0.9999962074523331;1.024999976158142;
2016-02-01 03:15:00;0.9999960600462525;0.9998908681035718;0.9999467797638584;0.9999999999999999;0.9999796957293439;0.9999954308698082;1.0002345988435757;0.9999922370705171;1.0;0.999992776792749;0.9999268035304497;0.9999934349338311;1.0;0.9999911173651198;1.0;1.0;1.0;0.9999785131434513;0.999994204591212;0.999981766575241;0.9999944067151978;0.9999021276501691;0.9999999170698972;1.0002182930886478;1.0002415721695175;1.0;0.9999077438074193;0.999993808902021;0.9998966932837868;1.0;1.0;0.9998229825393116;0.9999858858651491;0.9996087313565933;0.9995503502036243;0.999733255006063;0.9997176227749454;0.9997088984997831;1.0;0.9999837484281607;0.9999964429215482;0.9999577255765679;0.9999962517901188;1.024999976158142;
2016-02-01 03:30:00;0.9999968684567474;0.9999323578227512;0.9999678329064814;0.9999999999999999;0.9999868549852713;0.9999976379160517;1.000223906076048;0.9999962209628235;1.0;0.9999951549038915;0.9999550386770182;0.9999941381994506;1.0;0.9999949480837955;1.0;0.9999999999999999;0.9999999999999999;0.9999857934438519;0.9999958493497163;0.9999891960217479;0.9999952177328587;0.9999401499137887;0.9999999255582611;1.0002084358401813;1.000230470574699;1.0;0.9999431527669101;0.9999964076735536;0.9999106904696686;1.0;1.0;0.999849611912742;0.9999907286500613;0.9996858134947209;0.999654867381656;0.9997609337913792;0.9997460524921015;0.9997377090152201;1.0;0.9999893640714506;0.9999969187944395;0.9999749430890008;0.9999968105023236;1.024999976158142;
2016-02-01 03:45:00;0.9999956408424499;0.9999047829117722;0.9999523547728382;1.0;0.9999805941539985;0.9999961888245066;1.00023046230326;0.9999938457834516;0.9999999999999999;0.9999935237956047;0.9999327755962786;0.9999941932158702;1.0;0.9999932840818743;1.0;1.0;1.0;0.9999786746460547;0.9999939432301486;0.999983728792141;0.9999920842828193;0.9999111290048335;0.999999865399174;1.000214322255479;1.0002375756076956;1.0;0.999915076518837;0.9999948580242315;0.9998973816614237;1.0;1.0;0.9998358371466054;0.9999876848059777;0.9996538762960337;0.9996226469302214;0.9997411966076833;0.9997254851637172;0.9997163481052089;1.0;0.9999854744973187;0.9999947621234478;0.9999622710160216;0.9999969348764279;1.024999976158142;
2016-02-01 04:00:00;0.9999956620296818;0.9999132173047824;0.9999588647412514;0.9999999999999999;0.9999815297602895;0.9999965828892895;1.0002272106119892;0.9999945275058122;1.0;0.9999934522080102;0.9999428069993775;0.9999937343313445;0.9999999999999999;0.9999932387100455;1.0;1.0;1.0;0.9999798769307824;0.9999941694954851;0.9999860429082432;0.9999928443487613;0.9999220913346781;0.999999884098473;1.0002116652768447;1.0002338674770817;0.9999999999999999;0.9999260735632001;0.9999950388415053;0.9999084581876897;1.0;1.0;0.9998479739408257;0.9999875234046381;0.9996742351091287;0.9996368456547587;0.9997639007920794;0.9997488786686592;0.9997409478936767;1.0;0.9999855268498365;0.9999953345851157;0.9999676361826996;0.9999965511884757;1.024999976158142;
2016-02-01 04:15:00;0.9999932966365354;0.9998924276671444;0.9999489816003783;1.0;0.9999755394059426;0.9999963840936245;1.0002317930910358;0.9999947411533184;0.9999999999999999;0.999991378443271;0.999927126333996;0.9999929197623815;1.0;0.9999927938667661;1.0;1.0;1.0;0.9999725706800535;0.9999915266464342;0.9999829551664877;0.9999877570681388;0.9999019513296947;0.9999997918296678;1.0002157073782554;1.0002390464364446;1.0;0.9999057245154646;0.9999942797982752;0.9998984128277644;0.9999999999999999;1.0;0.9998365415675057;0.9999840702562504;0.9996563243036978;0.9996125369935607;0.9997416497809817;0.9997250415750105;0.9997166982734778;1.0;0.9999813416159465;0.9999919001020978;0.9999604772539057;0.9999961374185267;1.024999976158142;
2016-02-01 04:30:00;0.9999953004631645;0.9998778548773196;0.9999401968584813;1.0;0.9999754613504427;0.9999944013684349;1.0002312379939504;0.9999904962285951;0.9999999999999999;0.9999916788472192;0.9999179941045163;0.9999934595083884;1.0;0.9999898361615152;1.0;1.0;0.9999999999999999;0.9999737794456118;0.9999930068256738;0.999979316110271;0.9999925485346812;0.9998885365189621;0.9999998820589409;1.0002153472093531;1.000238070821497;1.0;0.9998949407554236;0.9999927090236093;0.9999046874965869;1.0;0.9999999999999999;0.9998354533082913;0.9999837215168604;0.999647168582761;0.9996006402891809;0.999744620498845;0.999729196622343;0.9997208532861338;0.9999999999999999;0.999981027419272;0.999995172907328;0.9999520444406468;0.9999963031649393;1.024999976158142;
2016-02-01 04:45:00;0.9999924521036044;0.9998451016104603;0.9999293497817666;1.0;0.9999688948038735;0.9999945277456771;1.0002350476207609;0.9999912806899584;1.0;0.9999880132507457;0.9999025908444763;0.999992098727131;1.0;0.9999874156746892;1.0;1.0;1.0;0.9999666489117459;0.9999901009215375;0.9999763534465005;0.9999893477353643;0.9998669855428551;0.9999998425118625;1.0002188915656376;1.0002421106614188;1.0;0.9998744895705794;0.999991278052287;0.9999060578058314;0.9999999999999999;1.0;0.9998380147912078;0.9999771498360049;0.9996499234920413;0.9996049523209791;0.9997504644372848;0.9997348319370738;0.9997261075117317;1.0;0.9999740520736127;0.9999932320075683;0.9999451797915596;0.9999949155796547;1.024999976158142;
2016-02-01 05:00:00;0.9999956389743789;0.9998587851232299;0.9999319208531098;1.0;0.9999749116910995;0.9999938804194662;1.0002338298506264;0.9999893349111776;1.0;0.9999908257561958;0.9999077000524859;0.9999929643598544;1.0;0.9999876956842622;1.0;1.0;1.0;0.9999740447835583;0.9999932773075809;0.9999765999349387;0.9999950524839082;0.9998756815838905;0.9999999392037798;1.0002175968403368;1.0002406977846714;1.0;0.9998837096402918;0.999991759552069;0.9999037139465717;1.0;1.0;0.9998218774390676;0.9999817686418301;0.9996184600513336;0.9995740754369865;0.9997232777834371;0.9997074497489888;0.9996979318251865;1.0;0.9999792411442068;0.9999970023711958;0.9999457498633155;0.9999956501714523;1.024999976158142;
2016-02-01 05:15:00;0.9999903050967318;0.9998211010289606;0.9999160397293886;1.0;0.9999621313063854;0.9999937410150513;1.0002415669101696;0.9999904096222128;1.0;0.9999861041501079;0.9998819953255761;0.999992140502066;1.0;0.9999868138618011;1.0;1.0;0.9999999999999999;0.9999584207672156;0.9999874035262714;0.9999718657982188;0.99998397242516;0.9998408146255287;0.9999997398108149;1.0002246513675224;1.0002493839149433;0.9999999999999999;0.9998482578684589;0.9999902158462927;0.9999041043356101;1.0;1.0;0.9998033831477736;0.9999740218087804;0.9995932083692761;0.9995536494300161;0.9996847385887981;0.9996610500799153;0.9996423668848653;1.0;0.9999699869914841;0.9999895385478991;0.999934779674027;0.9999950825572959;1.024999976158142;
2016-02-01 05:30:00;0.9999867862135964;0.9997312279341644;0.9998728006065809;1.0;0.999942478672761;0.999988882607022;1.0002522493212729;0.9999821396097935;1.0;0.9999794163044273;0.9998239613818696;0.9999900211144186;1.0;0.9999783454434734;0.9999999999999999;1.0;1.0;0.9999375134059414;0.9999818466587193;0.999956656477164;0.999978385158802;0.9997587420637074;0.9999996518237151;1.000234871441767;1.0002604075076633;1.0;0.999771541269698;0.9999840792282495;0.999893188606001;0.9999999999999999;1.0;0.999806931394213;0.9999611859492217;0.9996182483575687;0.999583543586767;0.9996783395487969;0.9996508543061846;0.9996297902710523;0.9999999999999999;0.99995496482577;0.9999859137119584;0.9998995536488285;0.9999935836997722;1.024999976158142;
2016-02-01 05:45:00;0.9999867106136608;0.9998182786549693;0.9999184998978855;1.0;0.9999559190362586;0.9999946316065199;1.0002523015990286;0.9999929869711608;1.0;0.9999835298852202;0.9998832812240441;0.9999894392633151;1.0;0.9999876300558214;1.0;0.9999999999999999;1.0;0.9999502720540789;0.9999838133429121;0.9999732753363832;0.9999764337375743;0.9998395775721706;0.9999996040271564;1.0002349923706573;1.0002605466594838;1.0;0.9998455791691488;0.9999901486918606;0.9998999249487922;1.0;1.0;0.9997494261292249;0.9999701945150359;0.9995246198385611;0.9994693156476875;0.9995688290764889;0.9995386682503004;0.9995171939524524;1.0;0.9999654342096007;0.9999844586958008;0.9999380537108222;0.9999937476014121;1.024999976158142;
2016-02-01 06:00:00;0.9999868411681946;0.9997234817104873;0.9998656919247007;0.9999999999999999;0.9999387751836327;0.9999871886088154;1.0002631688151389;0.9999790789226476;1.0;0.9999793214700725;0.999814324795543;0.9999873902840719;0.9999999999999999;0.999977530533221;1.0;1.0;1.0;0.999933207937115;0.9999811730247002;0.999953590731789;0.9999766911691962;0.9997444936654251;0.9999996096119819;1.0002451954443585;1.0002716323299892;1.0;0.9997579193722302;0.9999829899991188;0.9998748357385555;0.9999999999999999;1.0;0.9997413676801771;0.9999608881990408;0.9995303549235814;0.99947548488401;0.9995406058988533;0.999506205846423;0.9994839386862532;1.0;0.9999539527142819;0.9999846290305149;0.9998924570272082;0.9999928451331574;1.024999976158142;
2016-02-01 06:15:00;0.9999909537414606;0.9997703311343112;0.9998844578584317;1.0;0.9999525751970286;0.9999889171810861;1.0002674025154823;0.9999813762098384;1.0;0.9999845042055626;0.9998402242548894;0.9999830972531052;1.0;0.9999815471180356;1.0;0.9999999999999999;1.0;0.9999487054128625;0.9999861855228466;0.9999597780275726;0.9999838480443849;0.9997842623396097;0.9999997286416447;1.0002486590953292;1.000276020552474;0.9999999999999999;0.9997956786903347;0.9999861365645604;0.9998356104545955;1.0;0.9999999999999999;0.9997051260232578;0.9999703261916789;0.9994874488850274;0.9994348732020355;0.9994605933681517;0.9994169664866325;0.9993943941276572;1.0;0.9999648647416252;0.9999893362198774;0.9999067884426581;0.9999913940036175;1.024999976158142;
2016-02-01 06:30:00;0.9999939584700497;0.9997478345722773;0.9998669194004409;1.0;0.9999550055337862;0.9999868295262678;1.0002818001489242;0.9999768248669767;1.0;0.9999859019998796;0.9998170641057889;0.9999756567849247;1.0;0.999979300940896;1.0;1.0;1.0;0.9999526664030924;0.9999885713036851;0.9999530988450007;0.9999898494148162;0.9997591642837672;0.9999998359667135;1.0002612526753107;1.0002911720585237;1.0;0.9997728240217268;0.9999849260903103;0.9998318446001636;1.0;1.0;0.9996200310799542;0.9999723486528124;0.9992520839809088;0.9991909975408905;0.9993646609628165;0.9993058267098017;0.9992810244196286;0.9999999999999999;0.9999670954627575;0.9999933599891861;0.9998913310312953;0.9999882111325047;1.024999976158142;
2016-02-01 06:45:00;0.9999906951423039;0.9997182041161577;0.9998524809868614;1.0;0.9999460325210761;0.9999861626880486;1.0002868880294706;0.9999764868609328;1.0;0.9999828171862851;0.9997945222278278;0.9999675696490476;1.0;0.9999783644609355;1.0;1.0;1.0;0.9999417949519832;0.9999846666280379;0.9999484390466085;0.9999826158945301;0.9997295334918586;0.9999997028455804;1.0002657625478217;1.0002969984107057;1.0;0.9997430759230211;0.9999835221809795;0.9998467926079458;1.0;1.0;0.9996113395384445;0.9999674359460006;0.9992913636485415;0.9992330315074981;0.9993116218849543;0.9992230987836381;0.9991779800679321;1.0;0.999961049459835;0.9999884464568639;0.9998805410778171;0.9999845559018736;1.024999976158142;
2016-02-01 07:00:00;0.9999893531336508;0.9996949251172057;0.9998424834106409;1.0;0.9999398348547323;0.9999848737095954;1.0002991731476036;0.9999743807097726;0.9999999999999999;0.9999806126524062;0.9997815002860587;0.999967925349199;1.0;0.9999759038495685;1.0;1.0;1.0;0.9999351223778012;0.9999827792576053;0.9999449333464214;0.9999804956952837;0.9997092891638597;0.9999996695448757;1.0002775073728767;1.0003094760701003;0.9999999999999999;0.999724332090811;0.9999817354642544;0.9998129135342382;1.0;1.0;0.9995622793676516;0.9999632359023923;0.9992483935371123;0.9991625321715666;0.9991929924081455;0.9991162150730112;0.999084691075934;1.0;0.9999561819022218;0.9999870725363099;0.999872429211323;0.9999845069954006;1.024999976158142;
2016-02-01 07:15:00;0.9999915512990107;0.999688905792006;0.9998344392904305;1.0;0.9999494314411419;0.9999866168596503;1.0003214363841135;0.999977128581827;0.9999999999999999;0.9999829600547916;0.9997669271490928;0.9999649218357787;0.9999999999999999;0.9999779262576626;1.0;1.0;1.0;0.9999461377244856;0.9999856470405412;0.9999428376924282;0.9999857522165997;0.9997045714281403;0.9999997690087595;1.0002962572263954;1.0003337082379182;1.0;0.9997184225957253;0.9999836644190486;0.9997470741419773;0.9999999999999999;1.0;0.9994529845903014;0.9999681450564943;0.9991230371723338;0.9990374706673845;0.9989489424806685;0.9987754677455583;0.9986246237647041;1.0;0.9999623527992347;0.9999906703382907;0.9998675467870601;0.9999830606169045;1.024999976158142;
2016-02-01 07:30:00;0.9999928544783453;0.9996898905461333;0.9998330351803025;1.0;0.9999526126675355;0.9999866632300067;1.0003257191929973;0.9999768910338767;1.0;0.9999840870918649;0.9997650232940889;0.9999538593352262;0.9999999999999999;0.9999781224167812;1.0;1.0;1.0;0.999950026754368;0.9999870742523759;0.9999422874952103;0.9999884968715359;0.9997049768133489;0.9999998186383728;1.0002998747809897;1.0003382690433318;1.0;0.9997189654053882;0.999984034068467;0.999729244540647;1.0;1.0;0.9994284074016251;0.9999700394364937;0.9990946733199102;0.9990103677242758;0.9988941832467194;0.9986974270750972;0.9985414267231334;1.0;0.9999646266577182;0.9999925218146775;0.9998662708880766;0.9999780993086028;1.024999976158142;
2016-02-01 07:45:00;0.9999927715760145;0.9994962185961296;0.9997275094517231;0.9999999999999999;0.9999123377833146;0.9999690298753976;1.000349766152185;0.9999444351701627;1.0;0.9999734974474155;0.9996314324495261;0.9999456735463107;1.0;0.9999543124387813;1.0;1.0;0.9999999999999999;0.999909822463765;0.9999801863317915;0.9999020255309804;0.9999884061379415;0.999510435171966;0.999999823599916;1.000323830193375;1.0003616770836448;0.9999999999999999;0.999541613929267;0.9999668386692241;0.9997317990526396;1.0;0.9999999999999999;0.9993750042692031;0.9999482197080655;0.9990346333504552;0.9989465887474265;0.9987741122042235;0.9985591912364783;0.9983982715666686;1.0;0.999937687282913;0.9999924603288504;0.9997732309296585;0.9999744595160253;1.024999976158142;
2016-02-01 08:00:00;0.9999929658936388;0.9994905099442628;0.9997255856525747;1.0;0.9999085490655925;0.99996725695888;1.0003602366353024;0.9999410635273777;1.0;0.9999727372530509;0.999631605876419;0.999943109257032;1.0;0.9999519762238573;1.0;1.0;1.0;0.9999061364272798;0.9999798162643503;0.999900751993557;0.999988787539337;0.9995045124427683;0.9999998308049534;1.00033442269232;1.0003717194178048;1.0;0.9995375166232496;0.9999652260418165;0.999716669842029;0.9999999999999999;1.0;0.9992799815296245;0.9999462051467567;0.9988334322131881;0.99876239920757;0.9986249147439187;0.998406082064703;0.9982459285037718;1.0;0.9999351867202806;0.9999927157563888;0.9997703190792819;0.9999733180306001;1.024999976158142;
2016-02-01 08:15:00;0.9999930334167823;0.9991985291610943;0.9995655154105482;0.9999999999999999;0.9998621646793344;0.9999464244561804;1.0003803418587836;0.9999027635998892;1.0;0.9999586247881184;0.9994209640180078;0.9999359107270055;1.0;0.9999214860391291;1.0;1.0;1.0;0.9998609806686932;0.9999716871096604;0.999842012314396;0.9999919564763433;0.9992214810754705;0.9999999169497815;1.0003524052598944;1.0003927416728242;1.0;0.9992761722746941;0.9999438965301475;0.9997269378521307;1.0;0.9999999999999999;0.9992841389838812;0.9999184267960554;0.9988944872506932;0.9988300521531231;0.9985957517780119;0.99835474547074;0.9981794418329025;1.0;0.9999018897246819;0.9999950823685506;0.9996345682240575;0.9999694437693086;1.024999976158142;
2016-02-01 08:30:00;0.999994908777856;0.9994624897699019;0.9997058616446922;1.0;0.9999135894019021;0.9999672528459265;1.000366051394564;0.9999406695007326;1.0;0.9999737224688708;0.9996019191891959;0.9999364775336784;1.0;0.9999515083505233;1.0;1.0;0.9999999999999999;0.9999125080310246;0.9999816975390812;0.9998943164040132;0.9999936468630108;0.9994782221383988;0.9999999241413865;1.000337950363595;1.000378982185104;1.0;0.999511750487616;0.9999653363891894;0.9997149656443781;1.0;1.0;0.9993188011950408;0.9999485009166613;0.9989090078966422;0.9987709195416955;0.998690378800076;0.9984752642671428;0.9983344038271563;1.0;0.9999381839694194;0.9999960524073619;0.9997553883099183;0.99997019746816;1.024999976158142;
2016-02-01 08:45:00;0.9999955588193039;0.9996106869562718;0.9997909210351856;1.0;0.9999339777310933;0.9999760275040426;1.0003459885781647;0.9999563934467133;1.0;0.9999801783545282;0.9997192850192178;0.9999344088042226;1.0;0.999963728120315;0.9999999999999999;1.0;1.0;0.9999330388279758;0.9999862074504348;0.999924751062953;0.9999946068170209;0.9996256273960555;0.9999999341483862;1.0003210654990566;1.000356832060841;1.0;0.9996508804020211;0.9999744016006983;0.9997319317875145;1.0;1.0;0.9993210977586712;0.9999598752117684;0.9989064879158264;0.9987659871264835;0.9986990262282106;0.9984788113563134;0.9983362183521282;0.9999999999999999;0.9999521033047389;0.9999966731457254;0.9998257637257053;0.9999693179138966;1.024999976158142;
2016-02-01 09:00:00;0.9999965768069661;0.9996527940247023;0.9998151080804742;1.0;0.9999383154435132;0.999977105484241;1.0003571558943813;0.9999579945892074;1.0;0.9999820380862394;0.9997552089197932;0.9999285063983303;1.0;0.9999655201366546;1.0;0.9999999999999999;1.0;0.9999377993578823;0.9999878964186408;0.9999328264561554;0.9999964387713941;0.9996664343164464;0.9999999638014733;1.0003326301206705;1.0003672539962258;1.0;0.9996907858217507;0.9999759008382288;0.9997299854123106;0.9999999999999999;1.0;0.999136765308847;0.9999625956998879;0.9985636836293069;0.9984197284993029;0.9983771568778945;0.9981247722938116;0.9979539869453281;0.9999999999999999;0.9999553221887125;0.9999978843661068;0.9998444423790244;0.9999667397689713;1.024999976158142;
2016-02-01 09:15:00;0.9999965509455405;0.9995902306429799;0.9997797163243861;0.9999999999999999;0.9999273859838465;0.9999723948953831;1.0003533282050887;0.9999492710453154;1.0;0.9999793056363364;0.9997083019071421;0.9999337446258105;1.0;0.9999592456825322;1.0;0.9999999999999999;0.9999999999999999;0.9999268193487936;0.9999860641393109;0.9999197230639608;0.9999962390177346;0.999603147021034;0.9999999602561307;1.000328924174859;1.0003634471030558;1.0;0.9996320411447864;0.9999713639601919;0.9997208181258421;1.0;1.0;0.9992194197755506;0.9999568035465555;0.9987353455842711;0.9986079552037986;0.998509223836297;0.9982721805372001;0.9981097507874566;0.9999999999999999;0.9999481220251215;0.9999977368331932;0.9998141116690661;0.9999691567087653;1.024999976158142;
2016-02-01 09:30:00;0.9999953584308128;0.9996512383605269;0.9998156314717739;1.0;0.9999364011583307;0.9999774538773483;1.0003448412392026;0.9999589849047772;1.0;0.9999811322988538;0.9997550950617546;0.9999305793951527;1.0;0.9999658169356492;0.9999999999999999;1.0;1.0;0.9999352584390006;0.9999866775963515;0.9999332263449076;0.9999939586751678;0.9996656752812728;0.9999999198619349;1.0003212049162638;1.0003546922973252;1.0;0.9996895122556846;0.9999758885369846;0.9997547900600874;1.0;1.0;0.9992318305332999;0.9999613377741962;0.9987376122193791;0.9986015373849865;0.9985451029704058;0.9982867143542862;0.9981032527231665;1.0;0.9999538531973113;0.9999962180661298;0.9998453855395789;0.999967623603631;1.024999976158142;
2016-02-01 09:45:00;0.9999958988538781;0.9997262997482118;0.9998567104113215;1.0;0.9999506314260335;0.999983142071272;1.000351536637068;0.9999693542846277;1.0;0.9999850546185394;0.9998091086040998;0.999922439965097;1.0;0.9999736836379948;1.0;1.0;1.0;0.9999497016837727;0.9999894578755658;0.9999484405483652;0.9999949405136104;0.9997403038027208;0.9999999347967676;1.0003273797578203;1.0003615802700214;1.0;0.9997585896684827;0.9999816109890529;0.9997212246302651;1.0;0.9999999999999999;0.9991805913957198;0.9999692437869051;0.9985978691930667;0.998404717932722;0.9984859931822532;0.9982253965177129;0.9980575334042119;1.0;0.9999635399402627;0.9999968703091348;0.9998805668593637;0.9999639743585166;1.024999976158142;
2016-02-01 10:00:00;0.9999964087949558;0.9997889700031609;0.9998898574150955;1.0;0.999960653649614;0.9999869698203439;1.0003505380446485;0.999976362912318;1.0;0.9999882617901587;0.9998531916025666;0.9999205318922825;1.0;0.9999797796400707;1.0;1.0;1.0;0.9999596151716973;0.9999914359327206;0.9999603575809171;0.9999949617539287;0.9997992167621418;0.9999999271735164;1.0003266660220702;1.0003603972461232;1.0;0.9998132184878892;0.9999857798468486;0.9997240334923961;1.0;1.0;0.9991398271044928;0.9999757293557966;0.9985835451476405;0.9983590685007858;0.9983728238651981;0.9981046059762938;0.9979321857204888;1.0;0.9999711484698224;0.9999968033518855;0.9999081426793298;0.9999633709522832;1.024999976158142;
2016-02-01 10:15:00;0.9999966247847305;0.9998216587290559;0.9999083465299992;0.9999999999999999;0.9999676284787948;0.9999897616808827;1.0003409067522884;0.9999814788880099;0.9999999999999999;0.9999898858346606;0.9998774416534721;0.9999162628568709;1.0;0.9999832629665552;1.0;1.0;1.0;0.999966841215313;0.999992741088231;0.9999673335301669;0.9999958207297904;0.9998333506005297;0.999999944788372;1.000317571617442;1.0003505466837137;0.9999999999999999;0.9998448564038911;0.9999884173323241;0.9997287537526843;1.0;1.0;0.9991585015130742;0.9999791634935115;0.9986773984090258;0.9984943419779749;0.9983650596717492;0.9981049554484576;0.9979522957570859;1.0;0.9999755182829961;0.9999974147167638;0.9999242886977809;0.9999613411538072;1.024999976158142;
2016-02-01 10:30:00;0.9999971141396101;0.9998193320727488;0.9999068120786127;0.9999999999999999;0.9999687799840244;0.9999897454102753;1.0003357723904387;0.9999813298426573;0.9999999999999999;0.9999901141574843;0.9998754689129009;0.9999180875220471;1.0;0.9999830312509604;1.0;1.0;1.0;0.9999683757331121;0.9999932621411753;0.9999668228268397;0.999997179092599;0.9998319644355481;0.9999999716438821;1.000312616819326;1.00034533084384;1.0;0.9998437307741539;0.9999884160482039;0.999740697966245;1.0;0.9999999999999999;0.9992217802813324;0.9999795451408634;0.9987214774373008;0.9985227103301146;0.9985258124521774;0.9982734089680881;0.99812641706683;1.0;0.999976081365165;0.9999983562501593;0.9999231110270324;0.9999621020897731;1.024999976158142;
2016-02-01 10:45:00;0.9999955631062816;0.9996937173612506;0.9998376023216475;0.9999999999999999;0.9999434136971005;0.9999802311523142;1.0003542538486405;0.9999641557579145;1.0;0.9999833291536523;0.9997836388583617;0.9999165489504057;1.0;0.9999703366173434;1.0;1.0;1.0;0.9999420580106273;0.9999878793650526;0.999941205811901;0.9999934974527828;0.9997049738467184;0.9999999049289118;1.0003299666945287;1.0003644177014113;1.0;0.999725554988429;0.9999788868591695;0.9997599544196106;1.0;1.0;0.9991931906224357;0.999966020923718;0.9986475229075925;0.99842652633955;0.9984900825421473;0.9982212578337811;0.998056762840702;1.0;0.9999593008129065;0.999995835944765;0.999863852378845;0.9999615000708266;1.024999976158142;
2016-02-01 11:00:00;0.9999838459140623;0.9996415580300759;0.999817386071685;1.0;0.9999168418579764;0.9999803341466948;1.0003713671418952;0.9999675199226478;1.0;0.9999740206876989;0.9997473060579243;0.9999194276242108;1.0;0.9999706207929483;1.0;0.9999999999999999;1.0;0.9999085705727108;0.9999749447206846;0.999935540434413;0.9999672144052069;0.9996518727243484;0.9999994199904199;1.00034612826151;1.0003832988178627;0.9999999999999999;0.9996694846320153;0.9999764292203777;0.999749563207292;1.0;1.0;0.9991237922933796;0.999951721095214;0.998398906741696;0.9981868565573445;0.9984505514981898;0.9981930976916574;0.9980371467870851;1.0;0.9999416087162482;0.9999779773865961;0.9998507348790651;0.9999628641718287;1.024999976158142;
2016-02-01 11:15:00;0.9999943697318253;0.9997764987462194;0.9998856706007209;1.0;0.9999571282206952;0.9999875116235971;1.0003506963492406;0.9999778508401983;1.0;0.9999865088398014;0.9998457762029711;0.9999171825160392;1.0;0.9999797507109699;1.0;1.0;1.0;0.999955214773905;0.9999894376309302;0.9999594253771716;0.9999913398231745;0.9997899952329075;0.9999998658209576;1.0003266443099326;1.0003608873310756;1.0;0.9998035326590389;0.9999855809137846;0.9997436185592549;0.9999999999999999;1.0;0.9990964564951105;0.9999729333031429;0.9985383427446008;0.9983510337711223;0.9982728831014573;0.998001900685033;0.9978324908791455;1.0;0.9999680301105862;0.9999944104806526;0.9999059754196264;0.9999616306791521;1.024999976158142;
2016-02-01 11:30:00;0.9999949502971627;0.9997451863308248;0.9998679783769702;1.0;0.999952863855783;0.9999850592588737;1.0003454750607323;0.9999731553088776;1.0;0.9999854011406764;0.9998229600467645;0.9999099717639646;1.0;0.9999762405127002;1.0;0.9999999999999999;1.0;0.9999513871359751;0.999989143304419;0.9999528272739518;0.9999928727242978;0.99975940560653;0.9999998964431656;1.0003216955767105;1.0003554984461873;1.0;0.9997756102321296;0.999983249121876;0.9997491933381324;1.0;0.9999999999999999;0.9991998834423167;0.9999704069186884;0.9987070692064359;0.9985096237689549;0.998469606553393;0.9981925245147131;0.9980312800651195;0.9999999999999999;0.999964992741404;0.9999954697364964;0.9998907135674567;0.9999583221891192;1.024999976158142;
2016-02-01 11:45:00;0.9999962181286963;0.9997902680331597;0.9998881059541955;1.0;0.9999611777021329;0.9999873077538558;1.0003427387362955;0.9999771411021884;1.0;0.9999887568398188;0.9998488519184824;0.9999137316357353;1.0;0.999981119437014;1.0;1.0;0.9999999999999999;0.9999596519771657;0.9999912498866493;0.9999598187232511;0.9999934725950048;0.9997966845562049;0.999999893007937;1.0003189357164657;1.0003528717560985;1.0;0.9998096378954224;0.9999863590512192;0.999754316839426;0.9999999999999999;1.0;0.9991741045228449;0.9999770342229114;0.9985957705177779;0.998395982434892;0.9984678589692104;0.998194201130144;0.9980311512540684;1.0;0.9999723740216314;0.9999957105410369;0.9999068957568941;0.9999605617084354;1.024999976158142;
2016-02-01 12:00:00;0.9999949444587095;0.999714493959636;0.9998502099521683;1.0;0.9999468942594684;0.9999824481566291;1.0003562750376747;0.9999683464632075;1.0;0.9999840346055677;0.9997995485707114;0.9999128002050879;0.9999999999999999;0.9999730230269694;0.9999999999999999;1.0;1.0;0.9999452904797241;0.9999881194014995;0.9999461305758497;0.999992471460882;0.9997271953045098;0.9999998875332615;1.0003317813305839;1.000366604701904;1.0;0.9997457291087447;0.9999808252079014;0.9997631854786054;0.9999999999999999;1.0;0.9991084584101444;0.9999675420236128;0.9983589787332227;0.9981531027588395;0.9984315713509763;0.9981679644539116;0.9980182854405751;1.0;0.9999613162519441;0.9999951698616228;0.999875223781504;0.9999597054273852;1.024999976158142;
2016-02-01 12:15:00;0.9999885350611722;0.9996111393008953;0.9998152733212663;1.0;0.9999298762343874;0.9999817705881637;1.000364947631565;0.9999681379725096;1.0;0.9999735565677368;0.9997532380580233;0.9999146348571007;1.0;0.999963370101084;1.0;1.0;1.0;0.9999282800901595;0.9999814214084709;0.999936068124565;0.9999888277739971;0.9996614741099803;0.9999998880630256;1.0003400153973014;1.0003753877105317;1.0;0.9996854658954156;0.9999756127987369;0.9997538805195405;0.9999999999999999;1.0;0.9991453380865222;0.9999482106541214;0.9984663127281381;0.9982218461860527;0.9984695095548954;0.9982210431802802;0.9980761867889852;1.0;0.9999412630051351;0.9999934970181172;0.9998519266544774;0.9999579266528579;1.024999976158142;
2016-02-01 12:30:00;0.9999873974608664;0.9995118817484574;0.9997630510639637;1.0;0.9999127471265749;0.9999753188393344;1.0003784526949846;0.9999565203296744;1.0;0.9999679267421632;0.9996841330294829;0.999911973135087;1.0;0.9999533038614213;1.0;1.0;1.0;0.9999111187749997;0.9999776885836401;0.9999171718875225;0.9999879833289339;0.9995676265145471;0.9999998858007304;1.0003524658863718;1.000389383039756;1.0;0.999598528891056;0.9999685389100613;0.9997654997320006;1.0;1.0;0.9991120281840665;0.9999373892362008;0.998409325028707;0.9981706178949444;0.9984079614396315;0.9981612141633543;0.9980230306809503;1.0;0.9999284830165492;0.9999930471699161;0.9998082491317002;0.9999563459780068;1.024999976158142;
2016-02-01 12:45:00;0.9999929452392263;0.9996561738484055;0.999825537113322;1.0;0.9999370860380112;0.9999803526778854;1.0003638056280015;0.9999647295940755;1.0;0.9999795069596429;0.9997673663116757;0.9999129941021727;1.0;0.9999671278715389;0.9999999999999999;1.0;1.0;0.9999356200772299;0.999985359820396;0.999937916212817;0.999991718701508;0.9996819504109838;0.9999998971951726;1.0003389039751565;1.000374225746621;1.0;0.9997043045607374;0.9999772717211733;0.999754554840166;1.0;1.0;0.9990878093909413;0.9999586934513672;0.9984741357876622;0.99825849278607;0.998290651293072;0.9980303813306753;0.9978808507958239;0.9999999999999999;0.9999517249814347;0.9999949356465994;0.9998561952493842;0.9999588875199009;1.024999976158142;
2016-02-01 13:00:00;0.9999937605347653;0.9995839651922366;0.9997809795897467;1.0;0.9999234067829407;0.999973605368097;1.000365233941369;0.9999520884135297;1.0;0.9999772020574094;0.9997084361960785;0.9999176636527174;1.0;0.9999596926743651;1.0;1.0;1.0;0.9999216927593406;0.9999836012603115;0.9999208870313661;0.9999914222104535;0.9996020107538355;0.9999998797996958;1.0003401412875035;1.0003758239932736;1.0;0.9996299879492844;0.9999715423028653;0.9997297170023317;1.0;1.0;0.9991362917984872;0.9999532608082422;0.9985740201443314;0.9983714683958025;0.9983686654354487;0.9981087254859458;0.997951311773135;0.9999999999999999;0.9999442714370496;0.999994576219795;0.999816769900256;0.9999615336545984;1.024999976158142;
2016-02-01 13:15:00;0.9999955550495798;0.9996313767860172;0.9998058038750205;1.0;0.9999338914086116;0.9999762763955481;1.0003636696324545;0.9999566373235325;1.0;0.9999802705998895;0.999742746330044;0.9999097179303266;1.0;0.9999635296872182;0.9999999999999999;0.9999999999999999;1.0;0.99993314399141;0.9999865365464319;0.9999297008751608;0.9999951984564455;0.9996487017933535;0.9999999475799919;1.0003387674420414;1.0003739409279822;1.0;0.9996742760500996;0.9999745745009004;0.9997412334859733;1.0;1.0;0.9991587480021777;0.9999591939733311;0.9985894563731591;0.9983510374255777;0.9984258558770505;0.998158206470329;0.9980089089641442;0.9999999999999999;0.9999515016808834;0.9999971212089265;0.9998371961734224;0.9999579932547056;1.024999976158142;
2016-02-01 13:30:00;0.9999951210912184;0.9997353073157002;0.9998640073913766;1.0;0.9999531392714696;0.9999850282953999;1.0003534177639468;0.9999729907265484;0.9999999999999999;0.9999849563960199;0.9998179199515925;0.999909054667886;1.0;0.9999752343545381;1.0;1.0;1.0;0.9999521788785812;0.9999893734201399;0.9999516329059268;0.9999944276293492;0.9997537183706598;0.9999999326465443;1.0003289367166712;1.0003636829246048;1.0;0.9997706778939321;0.9999829006898959;0.9997402887531103;1.0;1.0;0.9991666440515611;0.9999694442912253;0.9985826769189586;0.9983577893148314;0.9984543020675242;0.9981948870052509;0.9980574912033452;1.0;0.9999642243147243;0.9999966144592833;0.9998879453925251;0.9999576190492498;1.024999976158142;
2016-02-01 13:45:00;0.9999961004955599;0.999627057448126;0.9998010417479246;0.9999999999999999;0.9999337780058827;0.9999754698586543;1.000369431441811;0.9999551886608875;0.9999999999999999;0.9999805112372632;0.999736014784675;0.9999140341174116;1.0;0.9999632012950863;1.0;1.0;1.0;0.9999330672808475;0.9999866737103986;0.9999277556333723;0.9999955681983306;0.9996411327673046;0.999999950153095;1.000343932273417;1.0003800232234499;1.0;0.9996669826952445;0.9999741078274125;0.9997223539088166;1.0;0.9999999999999999;0.9991514869342335;0.9999599977241873;0.9985454808978123;0.998333007288306;0.9984339872090083;0.9981767370554496;0.9980321589537192;1.0;0.9999521681550024;0.9999973047342077;0.9998327550139317;0.9999601705248586;1.024999976158142;
2016-02-01 14:00:00;0.9999955712751808;0.9994373469007525;0.9996963674819739;1.0;0.9998994133422965;0.9999610924599147;1.0003683670969585;0.9999286591950434;1.0;0.9999713891796337;0.9995986197014678;0.9999143429848085;1.0;0.9999433187675006;1.0;1.0;1.0;0.9998986230051223;0.9999806525181151;0.9998889608595145;0.9999948915214458;0.9994525045926045;0.9999999445687823;1.000342965212102;1.000378925981524;1.0;0.9994926498226183;0.9999598900989176;0.999769065055726;1.0;1.0;0.9992181555008084;0.9999408962142325;0.9986954186558405;0.998485909646571;0.9985326776153394;0.9982814384090567;0.9981436958384868;1.0;0.999928767867553;0.9999968798755711;0.9997429963880149;0.9999602364644471;1.024999976158142;
2016-02-01 14:15:00;0.9999963046083049;0.9996719141874112;0.9998248900140929;1.0;0.9999404100723112;0.9999782357596809;1.0003527133654653;0.9999602252130442;1.0;0.9999828078986338;0.9997676795499786;0.9999173594109164;1.0;0.9999676506670836;1.0;1.0;1.0;0.9999394819032567;0.9999879761834921;0.9999363350997869;0.9999951147543589;0.9996830266274976;0.9999999349066249;1.0003285537007687;1.000362724879239;1.0;0.9997057634971662;0.9999771438145744;0.9997574959679618;0.9999999999999999;0.9999999999999999;0.9992037165681377;0.9999644154641912;0.9986652419652432;0.9984640737245465;0.998509735151946;0.9982630925315505;0.9981256592434938;1.0;0.9999573106951215;0.9999969328103917;0.9998525751951982;0.999961877036942;1.024999976158142;
2016-02-01 14:30:00;0.9999964103100117;0.9997686420761296;0.9998801369734351;1.0;0.9999590312237651;0.9999862741310558;1.0003435001216714;0.9999750210339026;1.0;0.9999872642442406;0.9998403310260698;0.9999185149618824;1.0;0.999977849988088;1.0;0.9999999999999999;1.0;0.9999584247500615;0.999991219281354;0.9999570852195256;0.9999961782914044;0.9997831526836474;0.999999957464389;1.0003198914686262;1.000353253280449;1.0;0.999798533363365;0.999984734886942;0.9997639593020337;1.0;1.0;0.9991688768365958;0.9999737081328839;0.9985209757333545;0.9983266323440477;0.9985031801896236;0.9982721985205281;0.9981515576323194;1.0;0.9999690844018609;0.9999977188031958;0.9999005708577866;0.9999621653708447;1.024999976158142;
2016-02-01 14:45:00;0.9999960238159952;0.9997115306399628;0.9998483188282653;0.9999999999999999;0.9999499166241222;0.9999827137518533;1.000347313468566;0.9999685071109723;1.0;0.9999847179197294;0.9997971965608824;0.9999209168118816;0.9999999999999999;0.9999727975559558;0.9999999999999999;0.9999999999999999;1.0;0.9999491906992348;0.9999894415240742;0.9999456007797286;0.999995582275533;0.9997268362414795;0.9999999490873556;1.0003230589690912;1.000357517789968;1.0;0.9997457851087931;0.9999811072482602;0.9997488157272625;1.0;1.0;0.9992074602356756;0.999968507487586;0.9986000448224233;0.9984048487360698;0.9985655594011261;0.9983464518974757;0.9982356215845651;1.0;0.9999627630489337;0.9999973343532685;0.9998739823426995;0.9999631970615643;1.024999976158142;
2016-02-01 15:00:00;0.9999950970311655;0.9996986678122364;0.9998422312793883;0.9999999999999999;0.999946293733285;0.9999820605076581;1.000343880286797;0.9999675396531112;1.0;0.9999834985008914;0.9997886607822647;0.9999267826578945;1.0;0.9999717664276776;1.0;0.9999999999999999;1.0;0.9999450928665216;0.9999881756475932;0.9999434878168099;0.9999936983714094;0.9997145508686358;0.9999999157844975;1.000319917429484;1.0003540432981703;0.9999999999999999;0.9997340251647917;0.9999802117719532;0.9997614969298391;1.0;1.0;0.9992395866507133;0.9999663700279618;0.9986611901321063;0.9984656232537511;0.9986206990870897;0.9984134612162553;0.9983046749049215;1.0;0.9999601898677778;0.9999960687975445;0.9998690977220335;0.9999658080464872;1.024999976158142;
2016-02-01 15:15:00;0.999996546021325;0.9997896817466252;0.9998901771597651;1.0;0.9999632289602257;0.999987933702681;1.0003398748635295;0.9999781123950875;1.0;0.9999886611722024;0.9998524896066463;0.9999410990719628;1.0;0.9999806709005152;1.0;1.0;1.0;0.9999624493130778;0.9999919472486578;0.9999608344251812;0.9999957835849742;0.9998018097675774;0.9999999453216922;1.0003162452587127;1.000349786891514;1.0;0.9998151737950061;0.999986575331839;0.9997539077344506;0.9999999999999999;1.0;0.9991685365932537;0.9999766416800133;0.998494929762523;0.998296716688469;0.9985199382877639;0.9983356260841527;0.9982254105296657;1.0;0.9999724580624969;0.9999973978066268;0.9999092413071483;0.9999725393638259;1.024999976158142;
2016-02-01 15:30:00;0.9999961681977493;0.999769736245512;0.9998800017276606;0.9999999999999999;0.9999594035182688;0.9999866782034491;1.0003448967910706;0.999975844019662;1.0;0.9999874484897566;0.9998390854672569;0.9999372361346367;1.0;0.9999786393754874;1.0;0.9999999999999999;1.0;0.9999585426688786;0.9999910857139581;0.9999571699735701;0.999995332549125;0.9997831606437291;0.999999939627376;1.0003209577457404;1.0003549373815308;1.0;0.9997979070319734;0.9999851638715922;0.9997524523094387;1.0;1.0;0.9991473206311177;0.9999741985245063;0.9984641278820663;0.9982704380749129;0.9984769911779526;0.9982864613117521;0.9981764843437071;1.0;0.9999695800550409;0.9999971206963675;0.9999007532837237;0.9999706998695788;1.024999976158142;
2016-02-01 15:45:00;0.9999958892348744;0.9996277134138389;0.9998025583681749;1.0;0.9999344453761447;0.9999760852069286;1.0003492555411606;0.9999562751898585;1.0;0.9999804747999069;0.9997378701278137;0.9999384472041709;1.0;0.9999634938534001;1.0;1.0;1.0;0.9999338174177106;0.9999867623265402;0.9999285354624942;0.999995708735837;0.9996440994907576;0.9999999559563278;1.0003250553359506;1.000359336450894;1.0;0.9996697294029873;0.9999745036319534;0.999765794974964;1.0;1.0;0.9992471012196209;0.9999597473406385;0.998639296969189;0.9984310709347034;0.9986583125288355;0.9984721431091417;0.998364290312078;1.0;0.9999520894750655;0.9999974482404876;0.9998345215894658;0.9999710436891485;1.024999976158142;
2016-02-01 16:00:00;0.9999951161441741;0.9997086667707966;0.9998474328809697;0.9999999999999999;0.9999481588075768;0.9999828343250656;1.000347846033722;0.999968984174889;1.0;0.9999840231174356;0.9997952699334147;0.9999401556035746;1.0;0.9999729312744406;0.9999999999999999;1.0;0.9999999999999999;0.9999469149626056;0.9999884702510357;0.9999454277639171;0.999993600415688;0.9997240417317503;0.9999999127705805;1.0003235572113536;1.0003581729812696;0.9999999999999999;0.9997426592819361;0.9999810039169006;0.9997479391772243;1.0;1.0;0.9992153505621096;0.9999675236762398;0.9985981073131903;0.998377767225595;0.9985906776419196;0.9984065431181127;0.9982977575605693;1.0;0.9999615591831734;0.9999959903606026;0.9998735841351406;0.9999718849599614;1.024999976158142;
2016-02-01 16:15:00;0.9999952108112596;0.9996587440321205;0.9998181723281065;1.0;0.9999390832585081;0.9999787176240645;1.0003530498461137;0.9999614134474444;1.0;0.9999819211094488;0.9997563803966332;0.9999367835375188;1.0;0.999967893313148;1.0;1.0;1.0;0.999937689321816;0.9999869262543838;0.99993446017539;0.9999931721036415;0.9996715901462223;0.9999999022450948;1.0003282976573895;1.0003636425581959;1.0;0.999693848564023;0.9999771937804354;0.9997574000369256;1.0;1.0;0.9992157718051795;0.9999632278406199;0.9985624358727658;0.9983345291828959;0.9986163057990771;0.998422061878072;0.9983084650567505;1.0;0.9999560212836897;0.9999956507254548;0.9998482202078893;0.9999705363506164;1.024999976158142;
2016-02-01 16:30:00;0.9999964213389299;0.9997304216636764;0.9998539313135123;1.0;0.9999545578465974;0.999984169305441;1.000355089123471;0.9999712815829883;0.9999999999999999;0.9999866943371166;0.9998017643082362;0.9999409148349284;1.0;0.9999763652821941;1.0;1.0;1.0;0.999953378441682;0.9999902290271344;0.9999477164044126;0.9999945237576366;0.9997387890107328;0.9999999172863899;1.000329555630224;1.0003662256953263;1.0;0.9997551611522604;0.9999831318436788;0.9996752051783737;1.0;1.0;0.9992167677039596;0.9999728915304971;0.9985232905682638;0.9983021574145007;0.9986460428107106;0.9984595874921609;0.9983480767875693;1.0;0.999967469418482;0.9999964698719961;0.9998788710126907;0.9999727135705259;1.024999976158142;
2016-02-01 16:45:00;0.9999950859219557;0.9996464412315291;0.9998121689505216;1.0;0.9999435306301356;0.9999806945932431;1.0003587523110269;0.9999650694169004;1.0;0.9999819326983312;0.9997451531351825;0.9999381599315428;0.9999999999999999;0.9999689709638171;1.0;1.0;1.0;0.9999427433856259;0.9999875163047381;0.9999334115133047;0.9999948240523642;0.9996661481961215;0.999999944777085;1.0003322722393462;1.0003704855909652;1.0;0.9996874559298446;0.9999784379507679;0.9996837352552709;1.0;1.0;0.9992526118898821;0.9999638354443848;0.9986098614268267;0.9983828286851463;0.998695034165488;0.9985104109982416;0.9984042638106482;1.0;0.9999574504314656;0.9999969182237559;0.9998457613436804;0.9999706813197712;1.024999976158142;
2016-02-01 17:00:00;0.9999944497535584;0.9996467724762657;0.999814557763308;1.0;0.9999406870634451;0.9999802485168903;1.000346772509126;0.9999642978754812;1.0;0.9999811500638879;0.9997498036597412;0.9999381397198702;1.0;0.9999681026169965;0.9999999999999999;1.0;1.0;0.9999396271348197;0.9999867797274526;0.9999340951699003;0.9999937085417825;0.9996676347471075;0.9999999256611437;1.0003217454824986;1.000357705235346;1.0;0.9996895280852943;0.9999778393984654;0.9997628927227419;0.9999999999999999;1.0;0.9992583139743897;0.9999619707434834;0.9986259044479813;0.9983831649850509;0.9987012761459124;0.9985129782283985;0.9984017683976908;1.0;0.9999552702871971;0.9999961843758021;0.9998473330723552;0.9999705916480011;1.024999976158142;
2016-02-01 17:15:00;0.9999952170614055;0.9994949898123872;0.9997223732763033;1.0;0.9999301754125507;0.9999740707123328;1.000359331028285;0.9999531126736244;1.0;0.9999768942579509;0.9996171571090765;0.9999658233092085;0.9999999999999999;0.9999591873238675;1.0;1.0;0.9999999999999999;0.9999298201687625;0.999984446548141;0.9999022334050105;0.9999959785358787;0.9995170039981894;0.999999975010104;1.0003292744856989;1.0003739253316675;1.0;0.9995447285869208;0.9999713597536428;0.9997869840375933;0.9999999999999999;1.0;0.9993134105041849;0.999955907808649;0.9986491468640394;0.9984159824300033;0.9988515833811622;0.9987114398931595;0.9986000606750772;1.0;0.9999479234234047;0.999997761320284;0.9997735671082503;0.9999830235425214;1.024999976158142;
2016-02-01 17:30:00;0.9999935105710388;0.9995746890456351;0.999773347474998;1.0;0.9999360291712734;0.9999789006212502;1.000353720663513;0.9999621481627621;0.9999999999999999;0.9999785768436932;0.9996886934621757;0.9999769729409207;1.0;0.9999650736109159;1.0;1.0;1.0;0.9999349385997299;0.9999849917112913;0.9999205306797266;0.9999930333647304;0.999600394702276;0.9999999234886333;1.0003259685574921;1.000366718474358;0.9999999999999999;0.9996239750255742;0.9999757201780538;0.99975460675707;1.0;1.0;0.999249773999296;0.9999581369427527;0.9985277649175412;0.9982904675816767;0.9987425384821623;0.9986241169801757;0.9985147870901754;1.0;0.9999510332515203;0.9999958312578974;0.9998159078861356;0.9999878131380887;1.024999976158142;
2016-02-01 17:45:00;0.9999819601270646;0.999519784497286;0.9997516634530902;1.0;0.9999005293132809;0.999974969039913;1.0003629913867937;0.9999580929129297;0.9999999999999999;0.9999680349580391;0.9996555613450185;0.9999873014566145;1.0;0.9999614842418387;1.0;1.0;0.9999999999999999;0.9998919901841791;0.9999707320173081;0.9999127882212838;0.9999652829975534;0.9995377560034943;0.9999994011891201;1.0003366997006313;1.0003760946812883;1.0;0.9995613523636879;0.9999700090543782;0.9997402929158188;1.0;0.9999999999999999;0.999258347899806;0.9999407544025851;0.9985319450157467;0.9983035669168354;0.9987655457944951;0.9986671986156108;0.9985628535134055;1.0;0.9999288727060319;0.9999768381107459;0.9997980492974065;0.9999930131109199;1.024999976158142;
2016-02-01 18:00:00;0.999992390451347;0.9996378618744856;0.9998121666506258;1.0;0.999934014129509;0.9999793098240901;1.0003437206486554;0.9999631762576617;1.0;0.9999789059861206;0.9997468167365444;0.999986823877699;1.0;0.9999668607943522;0.9999999999999999;0.9999999999999999;1.0;0.9999317730028923;0.9999841282725409;0.9999331433387811;0.999989146160791;0.9996585784976622;0.9999998428376728;1.0003195158214313;1.0003543059452045;1.0;0.9996808644009941;0.9999764538436559;0.9997682533673555;1.0;1.0;0.9992968349807932;0.9999583549611489;0.9985880852976512;0.9983317784828806;0.998843292351129;0.9987476289167937;0.9986470605770832;1.0;0.9999508059703119;0.9999930886111099;0.9998451876898414;0.9999926049902804;1.024999976158142;
2016-02-01 18:15:00;0.9999923548846962;0.9996391296834995;0.9998129094565589;0.9999999999999999;0.9999336152621198;0.9999792641962365;1.000324229816413;0.9999630512772456;0.9999999999999999;0.9999789914654921;0.9997479734071336;0.9999855746578387;1.0;0.9999669207507261;1.0;0.9999999999999999;1.0;0.9999312822024439;0.9999841130160635;0.9999333523444986;0.9999888863412553;0.9996593438529746;0.9999998363919643;1.0003014526817964;1.0003342163664664;1.0;0.9996816376623953;0.9999764819869048;0.9998217871208148;1.0;0.9999999999999999;0.9994062354340483;0.9999582736698445;0.9987842445150742;0.9985364506750954;0.9990393013523504;0.9989838688862896;0.9989385819262013;0.9999999999999999;0.9999506559996844;0.9999928985454332;0.9998456488890636;0.9999920784295816;1.024999976158142;
2016-02-01 18:30:00;0.9999931352506236;0.9996385001169853;0.9998131553112252;1.0;0.9999340434248102;0.9999787271316382;1.000313937594511;0.999961792174423;0.9999999999999999;0.9999791411577652;0.9997499947501394;0.9999851167498783;1.0;0.9999658397006479;1.0;1.0;1.0;0.9999323139277627;0.9999848249615892;0.9999332291037991;0.9999910507608395;0.999660229938936;0.9999998787148192;1.0002921262487412;1.0003232926970658;0.9999999999999999;0.9996835124727389;0.9999760263849421;0.9998250956014401;0.9999999999999999;1.0;0.9994807530025185;0.9999581034041831;0.9989112494026696;0.9986938313852847;0.9991773281503452;0.9991486359889943;0.9991387109075539;1.0;0.9999505969784837;0.9999943985060912;0.9998453612685282;0.9999917650724578;1.024999976158142;
2016-02-01 18:45:00;0.999995768991224;0.9996444598363146;0.9998117754896646;0.9999999999999999;0.9999385727501127;0.9999779171621437;1.0003095378964408;0.999959741740487;0.9999999999999999;0.9999812785015372;0.9997490786188258;0.9999885905124135;1.0;0.9999657965904716;1.0;1.0;1.0;0.9999379539610146;0.9999872757644286;0.9999321932034163;0.9999956735151543;0.9996616370152217;0.9999999565976355;1.0002877238444232;1.0003187857998868;0.9999999999999999;0.9996855001988679;0.9999761533647259;0.9998437562311603;1.0;1.0;0.9995261989742974;0.9999617927043859;0.9989706211293109;0.9987487846032149;0.9992738589684043;0.999251739829082;0.999243812997786;1.0;0.9999546852401758;0.9999974414921414;0.9998429887032566;0.9999936488633663;1.024999976158142;
2016-02-01 19:00:00;0.9999951912852474;0.999620146634387;0.999798372551495;1.0;0.9999320257185019;0.9999757026076647;1.0003189917642492;0.9999557708961692;1.0;0.9999797757587556;0.9997315618040926;0.9999894539375728;1.0;0.9999631509758932;1.0;1.0;1.0;0.9999309152437161;0.9999858217553094;0.9999270804839332;0.99999393417751;0.9996356614188582;0.9999999221212249;1.0002967888418113;1.0003283920821522;1.0;0.999661353636327;0.9999740356609103;0.9998231289299135;1.0;1.0;0.9994636372223737;0.9999586500498263;0.9988356240153344;0.9986110492639925;0.9991773519897865;0.9991557604697048;0.9991470410977683;1.0;0.9999506525308839;0.9999962283382522;0.9998311511135033;0.9999941538262646;1.024999976158142;
2016-02-01 19:15:00;0.9999927015809406;0.9996248811361066;0.9998099137534251;1.0;0.9999335874217715;0.999979159467166;1.000311787632047;0.9999624686797028;1.0;0.9999780253496343;0.9997462741297964;0.9999880055042941;1.0;0.9999644246400633;0.9999999999999999;0.9999999999999999;1.0;0.9999324386892355;0.9999847327228203;0.9999325843569911;0.9999924695176764;0.9996552813261587;0.9999999194377975;1.000290082789317;1.000320992405692;1.0;0.9996795533533206;0.9999756847965239;0.9998353981596529;1.0;0.9999999999999999;0.9994443346443584;0.9999555489857362;0.9988104567754967;0.9986001553082772;0.9991363177133159;0.9991148566945678;0.9991053444126718;1.0;0.9999483143796306;0.9999955453586206;0.9998438314294678;0.9999924721226134;1.024999976158142;
2016-02-01 19:30:00;0.9999916882166131;0.9996220134513258;0.9998101798469301;1.0;0.9999329684211158;0.9999797904981039;1.0003115650137941;0.9999639507827688;1.0;0.9999770986791127;0.99974579086972;0.999990439130918;1.0;0.999964618900659;1.0;0.9999999999999999;1.0;0.9999315362370444;0.9999838245955788;0.9999330473737135;0.9999910648075436;0.9996553025319346;0.9999998995608488;1.0002897633160868;1.0003209170370744;1.0;0.9996791182369859;0.9999757790195094;0.9998397268917775;1.0;1.0;0.9994811245004823;0.9999544409824946;0.998851512220413;0.9986396468074141;0.9992192457443951;0.9992029377997201;0.9991938055170689;1.0;0.9999472376945475;0.999994655100594;0.9998449362688049;0.9999933715040035;1.024999976158142;
2016-02-01 19:45:00;0.9999888604373518;0.9994819655932817;0.9997435286040275;1.0;0.9999093444743387;0.9999723298735991;1.000320024920448;0.999950661231727;1.0;0.999967679997031;0.9996588427620063;0.9999881044556252;1.0;0.9999499129896046;1.0;1.0;1.0;0.9999083029223482;0.9999780904560271;0.9999096335723436;0.9999904456033462;0.9995347481220261;0.9999999269474942;1.00029777090642;1.0003294237078146;1.0;0.9995684322473216;0.9999661817814411;0.9998703137489305;1.0;1.0;0.9995093562575786;0.9999363149337992;0.9988769367862947;0.9986511284709518;0.9992870361782012;0.9992718930190563;0.9992639660278895;1.0;0.9999268668045007;0.9999946580017633;0.9997908086860867;0.9999909616242607;1.024999976158142;
2016-02-01 20:00:00;0.999992398561374;0.9996630379597348;0.9998337369802639;0.9999999999999999;0.9999416376600088;0.9999829203962124;1.0002948494982076;0.9999694966243184;0.9999999999999999;0.9999792784654196;0.9997777675360512;0.9999899252854051;0.9999999999999999;0.999968377303464;0.9999999999999999;1.0;1.0;0.9999408074738826;0.9999858613966611;0.9999417630975915;0.9999932251391124;0.9996986442149389;0.9999999417742345;1.0002742568272593;1.0003035553582107;0.9999999999999999;0.9997199375180232;0.9999788200285655;0.9998617788863068;1.0;1.0;0.9995723239468842;0.99995857533394;0.9989714244916749;0.9987647738567667;0.9994124348501814;0.9993963382108674;0.9993879976525601;0.9999999999999999;0.9999525557778126;0.9999961638414049;0.999865093679624;0.9999929828433582;1.024999976158142;
2016-02-01 20:15:00;0.999985819365672;0.999511511734871;0.9997664788600141;0.9999999999999999;0.9999141828465782;0.9999777134915238;1.0002998730532255;0.9999611675514364;1.0;0.9999672631246121;0.9996864685786778;0.9999866738243903;1.0;0.9999549610618277;1.0;1.0;0.9999999999999999;0.999912266593437;0.9999770218027838;0.9999194065517412;0.9999863131666209;0.9995741975122812;0.9999998656091071;1.0002786991839714;1.0003091482922652;1.0;0.9996035913837199;0.999969989500653;0.9998770953566269;1.0;1.0;0.9996313102062341;0.9999363356803991;0.9991048484754441;0.9989099097873765;0.9994992333380073;0.9994834396634658;0.999475098378245;1.0;0.9999278757739509;0.9999920571927098;0.9998133528778569;0.9999896352157606;1.024999976158142;
2016-02-01 20:30:00;0.9999910472119203;0.9997350835712677;0.9998736623995574;1.0;0.9999528294779227;0.999989027371491;1.0002846537881929;0.999981249248924;1.0;0.9999819879130816;0.9998281430523498;0.9999907609427012;1.0;0.9999770886342341;1.0;1.0;1.0;0.9999510095719233;0.9999866257904043;0.9999568568213385;0.9999896968442089;0.9997689509434469;0.9999998723742952;1.0002645646222883;1.0002934497936584;0.9999999999999999;0.9997835498548195;0.9999845811645973;0.9998673969216804;1.0;1.0;0.9996368984927776;0.999965158184661;0.999099820428529;0.9988873040156185;0.999519522952711;0.999504223977041;0.9994955015641545;0.9999999999999999;0.9999604843197317;0.9999937311990117;0.9999000319381532;0.9999934735643978;1.024999976158142;
2016-02-01 20:45:00;0.9999877790252325;0.9996710677429026;0.9998427785817243;1.0;0.9999375309911205;0.9999856990775592;1.0002898894484775;0.999975874835924;0.9999999999999999;0.9999768129200168;0.9997857764323459;0.9999904529690409;1.0;0.9999715434848664;0.9999999999999999;1.0;1.0;0.9999342509364325;0.9999818197075114;0.9999460637916195;0.999983672946522;0.9997091965967733;0.9999997699866869;1.0002696019048587;1.0002990097080853;1.0;0.9997270561230934;0.999980255155256;0.9998879872915186;1.0;1.0;0.9996199344458357;0.9999556494498913;0.9990447287052503;0.998833256430021;0.9995059786262408;0.9994913688933881;0.999483027541993;1.0;0.9999492054329941;0.9999897327037953;0.9998750527112238;0.999993040387164;1.024999976158142;
2016-02-01 21:00:00;0.9999860092370384;0.999575399173258;0.9997955457856912;1.0;0.9999251864797222;0.9999820339058157;1.0002948604059896;0.9999694319041899;0.9999999999999999;0.9999712218604526;0.9997213453909205;0.9999884413657109;1.0;0.9999633504442087;1.0;1.0;1.0;0.9999222894606404;0.9999785463847701;0.9999300245878087;0.9999836826670764;0.9996271743575941;0.9999997968331299;1.0002733493318978;1.000304771481813;1.0;0.9996503978754405;0.9999750549761094;0.9999553780274633;1.0;0.9999999999999999;0.9995998067567463;0.9999452564940396;0.9990019332353866;0.9987822356117739;0.9994744944139399;0.999458787161335;0.999449652540331;1.0;0.9999377706000148;0.9999900352950059;0.9998379327551975;0.9999911830104988;1.024999976158142;
2016-02-01 21:15:00;0.9999910948568834;0.9996086243281469;0.9997985217997896;0.9999999999999999;0.999942206451696;0.9999839872207626;1.0002889423730832;0.9999720871061838;0.9999999999999999;0.9999782425211892;0.9997203962295491;0.9999902491998971;0.9999999999999999;0.9999696307339343;1.0;0.9999999999999999;1.0;0.9999406899276868;0.9999843631396104;0.9999309009887156;0.9999904866826884;0.9996445146667953;0.999999893609452;1.000265435817063;1.0003003890330795;1.0;0.9996641360533959;0.99997924684077;0.9999743061271561;1.0;1.0;0.9996321136405089;0.9999588074903878;0.9990746171603425;0.9988703441335501;0.9995223025642659;0.9995062280013469;0.9994970929467545;1.0;0.9999528699030525;0.9999943164623226;0.9998399110364274;0.9999931063746607;1.024999976158142;
2016-02-01 21:30:00;0.9999895301364373;0.9995928464661118;0.9997975277254568;1.0;0.9999386616261378;0.9999842686685594;1.0002830642940679;0.9999727239397506;1.0;0.9999757697838346;0.9997208468678175;0.9999893677503208;1.0;0.9999672778679767;1.0;0.9999999999999999;1.0;0.9999374010409028;0.9999830905183387;0.9999310877390675;0.9999903343967537;0.9996407302607034;0.9999999115636278;1.0002605057734617;1.000293839790126;1.0;0.9996618247307762;0.9999782712711371;0.9999812588539392;1.0;0.9999999999999999;0.9996425863109735;0.9999536785332063;0.999120001368351;0.9989246005424235;0.99952289684486;0.9995076217155517;0.9994981056942541;1.0;0.9999477489331382;0.999994467254057;0.9998403358458945;0.9999918799683204;1.024999976158142;
2016-02-01 21:45:00;0.9999906586424291;0.9996488923874228;0.9998287081389885;1.0;0.9999414042762599;0.9999845186577545;1.000274411383822;0.9999728583050675;1.0;0.9999778897596456;0.9997680469021992;0.9999897474313989;0.9999999999999999;0.999969038226371;0.9999999999999999;1.0;1.0;0.999940200259622;0.9999845833298736;0.9999409953415223;0.9999911776115642;0.999690922661603;0.9999999155551793;1.0002544163518714;1.0002832963587698;1.0;0.9997112397484099;0.9999794059950552;0.9999721642906083;1.0;1.0;0.9996596546841465;0.9999567333458833;0.9991545172539626;0.9989608327358062;0.9995508075637359;0.9995361409807073;0.9995282118933233;1.0;0.999950926893619;0.9999949120188516;0.9998633016039804;0.999992452602414;1.024999976158142;
2016-02-01 22:00:00;0.9999919195320931;0.9996925893534164;0.9998486368169726;1.0;0.9999475202515263;0.9999858382925946;1.0002703876879728;0.9999751174388669;1.0;0.999980800782472;0.9997951015412717;0.9999908473181552;0.9999999999999999;0.9999727977180768;1.0;1.0;1.0;0.9999462059434454;0.9999863452128274;0.9999475847829461;0.999991595446443;0.9997261669099167;0.999999907824273;1.0002509447221284;1.0002789543973538;1.0;0.999744062325111;0.9999816774321126;0.9999851719285998;1.0;1.0;0.9996570514278775;0.999962328716763;0.9991839443606122;0.9990012016087801;0.9995228583621233;0.999507936977705;0.9994995954880393;1.0;0.999956973477556;0.9999950160879806;0.9998785639514978;0.999993533124067;1.024999976158142;
2016-02-01 22:15:00;0.9999927173224007;0.9997636675211563;0.999886289213891;1.0;0.9999615689055704;0.9999910874054903;1.0002654328254574;0.9999846906306564;0.9999999999999999;0.9999848102926101;0.9998442186979508;0.9999914611555158;1.0;0.9999804266592247;1.0;0.9999999999999999;1.0;0.9999604890466091;0.9999891789578059;0.9999614751141094;0.9999927546538872;0.9997952976391643;0.9999999242631545;1.0002461014928876;1.0002740009389466;1.0;0.9998078346073753;0.999987124685653;0.9999779278598823;0.9999999999999999;0.9999999999999999;0.9996476842919386;0.9999705399361253;0.9991745249898838;0.9989869906408751;0.9995010374973747;0.999487068105881;0.9994791394077805;1.0;0.9999668853260668;0.9999957588988136;0.999910714726904;0.9999939465786669;1.024999976158142;
2016-02-01 22:30:00;0.9999919993917723;0.9997462355283789;0.9998776042911234;1.0;0.999958471137794;0.9999904939228774;1.0002672399189796;0.9999837398360095;1.0;0.9999836816082306;0.9998318994860863;0.9999913895424135;0.9999999999999999;0.9999792442161933;1.0;1.0;0.9999999999999999;0.999957129294399;0.9999881923784428;0.9999585513558884;0.9999916000654603;0.9997794561279609;0.9999999058919437;1.0002476288017523;1.0002760438273717;0.9999999999999999;0.9997926911431763;0.9999862597006102;0.9999755481609321;1.0;1.0;0.9996517557297854;0.9999684223288511;0.9991603413403348;0.9989640031461892;0.9995230044651698;0.9995071058661501;0.9994963836462785;1.0;0.9999644371958937;0.9999950091000905;0.9999039374533278;0.999993805608037;1.024999976158142;
2016-02-01 22:45:00;0.9999944138058605;0.9998076250781215;0.999906862578857;1.0;0.9999682085748338;0.999992234104998;1.0002587085100212;0.9999864886545845;1.0;0.9999878350463588;0.9998730420766704;0.9999921370441864;1.0;0.9999836878555405;1.0;1.0;1.0;0.9999673891027572;0.999991391282916;0.9999682113827794;0.9999944766090115;0.9998320325278914;0.9999999425261108;1.0002402436447893;1.0002666966379186;0.9999999999999999;0.999842637442915;0.9999892371851078;0.9999798533436541;1.0;1.0;0.9996606716613542;0.9999760979099968;0.9991905905831973;0.9990031729156031;0.9995292391138831;0.9995145374540573;0.9995061959093069;1.0;0.9999730081466405;0.9999967714347703;0.9999263203552562;0.9999947534961633;1.024999976158142;
2016-02-01 23:00:00;0.9999941802029755;0.9998080177014154;0.9999060713176849;1.0;0.9999666771314646;0.9999918185561465;1.0002617774568527;0.9999858097011991;0.9999999999999999;0.9999878324962158;0.9998717283860058;0.9999925253201714;1.0;0.9999838277291548;1.0;0.9999999999999999;1.0;0.999965414919029;0.9999909502921596;0.9999677427155097;0.999993087997214;0.9998293933440702;0.9999999114833629;1.0002432119866997;1.0002698540845139;1.0;0.9998398788666196;0.9999890508541702;0.9999691845570112;1.0;1.0;0.9996401609753672;0.9999760688513617;0.999120414246309;0.9989221827013623;0.999515299312922;0.9995003048209493;0.9994915824422642;1.0;0.9999726713281535;0.9999957645166779;0.9999252323860149;0.9999951417731643;1.024999976158142;
2016-02-01 23:15:00;0.9999923705738468;0.9997989339084984;0.9999031070008647;1.0;0.9999617954964416;0.9999915442995679;1.0002565185124856;0.9999857448555166;1.0;0.9999861655206033;0.9998670861750365;0.9999921852339075;1.0;0.9999833017054804;1.0;0.9999999999999999;1.0;0.9999595343994057;0.9999888858343416;0.9999668343253078;0.9999892270948685;0.9998208853334576;0.9999998414430543;1.0002385617395204;1.0002644558282483;1.0;0.9998313471943717;0.9999883467926648;0.9999874334654154;1.0;1.0;0.9996675231921948;0.9999732409901252;0.9992065539260986;0.9990312475721747;0.9995390034868308;0.9995232330803282;0.9995140978703165;1.0;0.9999692483010146;0.9999931574217775;0.9999231280398406;0.999994946241132;1.024999976158142;
2016-02-01 23:30:00;0.9999930517426888;0.9998156620197552;0.9999110043217015;0.9999999999999999;0.9999650534987126;0.9999922551842525;1.0002556956574669;0.9999869196851501;1.0;0.9999874041539377;0.9998778733947189;0.9999923913493192;1.0;0.9999847453668608;1.0;1.0;1.0;0.9999629854774411;0.9999898777704564;0.9999695317843047;0.9999901660823369;0.9998355904769368;0.999999854982312;1.000237820908433;1.0002635474894146;1.0;0.9998451667392352;0.9999893601998125;0.9999673991869109;1.0;1.0;0.999673347790305;0.9999755625826627;0.999230409204424;0.9990588902030313;0.9995402802737453;0.9995241322000333;0.9995146160215441;1.0;0.9999719045508118;0.9999937520693212;0.9999293748687497;0.999995179173171;1.024999976158142;
2016-02-01 23:45:00;0.999994034162799;0.9998053702276198;0.9999022537379486;0.9999999999999999;0.9999627982809345;0.9999902646180567;1.0002540283080188;0.9999830516900899;0.9999999999999999;0.9999876932942988;0.9998668658650617;0.9999937268049212;1.0;0.9999832310523892;1.0;1.0;0.9999999999999999;0.9999608007294223;0.9999901207160601;0.999965800887387;0.9999909108914411;0.9998200960387349;0.9999998599239713;1.0002363430812513;1.000261755962524;1.0;0.9998310102226352;0.9999880732627684;0.9999762840024028;1.0;0.9999999999999999;0.9996917782975265;0.9999757115585564;0.9992714886895813;0.9991088291566163;0.9995678172362165;0.9995537493235656;0.9995454074515687;0.9999999999999999;0.9999715713079359;0.99999414810358;0.9999207403102711;0.9999961428761918;1.024999976158142;
2016-02-02 00:00:00;0.9999935026102325;0.9998365526638255;0.9999222613102349;1.0;0.9999697195595226;0.9999937830937785;1.0002488186839271;0.9999896649307967;1.0;0.9999886115007182;0.9998928708824601;0.9999928664969954;1.0;0.9999867895568457;1.0;1.0;1.0;0.9999679318354542;0.9999909317230468;0.9999736791903056;0.9999912266075246;0.999856698203211;0.9999998746367375;1.0002313462697867;1.0002564766938518;1.0;0.9998648702060055;0.9999909132826186;0.9999768630104157;1.0;1.0;0.9996972099420621;0.9999780593711328;0.9993030285725161;0.9991567368434802;0.9995626608863846;0.9995486060772674;0.9995406768910003;1.0;0.9999749988403074;0.9999944746626848;0.99993898581727;0.9999953787237845;1.024999976158142;
2016-02-02 00:15:00;0.9999928254408205;0.9997914702725268;0.9998988097810576;1.0;0.9999611668140429;0.9999907983527615;1.0002548148721062;0.9999842455777461;0.9999999999999999;0.9999860050987366;0.9998619861620766;0.999992261283783;1.0;0.9999821743552063;1.0;1.0;1.0;0.9999592258714518;0.9999890946474581;0.9999651688953345;0.9999903905587451;0.9998138514786206;0.9999998638912894;1.0002369905562756;1.0002626235455743;1.0;0.9998252116796412;0.999987672364818;0.9999700848158674;1.0;0.9999999999999999;0.9997074146251137;0.9999727785589235;0.9993203049051305;0.9991735763477859;0.9995816424104307;0.9995667201484544;0.9995583781682083;1.0;0.9999687218897023;0.999993956257252;0.999919276093266;0.9999949470934927;1.024999976158142;
2016-02-02 00:30:00;0.9999805780211527;0.999483846785326;0.9997703535808377;0.9999999999999999;0.999910253692937;0.9999813263126756;1.0002806058156328;0.9999687963463164;1.0;0.999960858222346;0.9996919600487312;0.9999832103123802;1.0;0.9999524070191081;1.0;1.0;1.0;0.9999084920263135;0.9999730693794642;0.9999231754393114;0.9999837755972074;0.9995786559697823;0.9999998764393936;1.0002610400016523;1.0002890742515707;1.0;0.9996085112026594;0.9999696048814096;0.9999943900088263;1.0;1.0;0.9997063709922461;0.9999256186288568;0.9993273165681827;0.999191704235694;0.9995737061057001;0.9995590037918279;0.9995506618759794;1.0;0.9999178772121079;0.9999910201492354;0.9998221062052575;0.9999858267410007;1.024999976158142;
2016-02-02 00:45:00;0.9999938915760891;0.9998408910320071;0.9999239699119359;1.0;0.9999705391299325;0.9999937389499997;1.000251981838745;0.9999895048050106;1.0;0.9999890298147269;0.9998954702366887;0.9999930037553378;1.0;0.9999869821462438;1.0;1.0;1.0;0.9999688692991054;0.9999913154780367;0.9999741623034211;0.999991788838057;0.9998599529246012;0.9999998829032121;1.000234344943975;1.0002596592272501;0.9999999999999999;0.9998680718218639;0.9999910426798715;0.9999682098962854;1.0;1.0;0.9996878404932483;0.9999787965245478;0.9993026676077766;0.9991558830083225;0.9995346482987923;0.9995199834354066;0.9995112608849914;0.9999999999999999;0.9999757984403697;0.9999948311623466;0.999940105365677;0.9999955159824719;1.024999976158142;
2016-02-02 01:00:00;0.9999953924044266;0.9998789687068074;0.9999403967033782;1.0;0.9999772843327928;0.9999950678033418;1.0002399287637507;0.9999917316474;1.0;0.9999920182046981;0.9999173026356323;0.9999938820280667;1.0;0.9999906006697555;1.0;0.9999999999999999;1.0;0.9999757171697662;0.9999933313723672;0.9999796224742447;0.9999929375430328;0.9998903016364309;0.9999998901036092;1.0002230863681392;1.0002472748367357;1.0;0.9998961435911;0.9999933032407408;0.9999861811909118;0.9999999999999999;1.0;0.9997111229959516;0.9999845474502835;0.999391677254687;0.9992874591752198;0.9995440887259704;0.999529540576494;0.9995211989065337;1.0;0.9999821085541525;0.999995446526231;0.9999527556675284;0.9999964501030606;1.024999976158142;
2016-02-02 01:15:00;0.9999950624377875;0.9998563559252228;0.9999285052023771;0.9999999999999999;0.99997214838275;0.9999932091318117;1.000241348279539;0.999988338759203;1.0;0.9999906450399861;0.9999020421721206;0.9999933974853821;1.0;0.9999880005190284;1.0;1.0;0.9999999999999999;0.999970420383841;0.9999922873637057;0.9999751612564766;0.9999922834306907;0.9998679035352188;0.9999998788258951;1.0002246018104084;1.000248607676881;1.0;0.9998755707850203;0.9999914139714442;0.9999631171940628;1.0;1.0;0.9997380580031054;0.9999816764395398;0.9994667184899518;0.9993863026917454;0.9995740840390853;0.9995581368810436;0.9995490013520262;1.0;0.9999785965773803;0.9999950089011542;0.9999424228820785;0.9999962143415642;1.024999976158142;
2016-02-02 01:30:00;0.9999949617401068;0.999892128972152;0.9999475844085652;0.9999999999999999;0.9999777515270464;0.9999956864449714;1.000235179897144;0.9999930207760807;1.0;0.9999922820675129;0.9999267787291286;0.9999942098190943;1.0;0.9999918575159354;1.0;0.9999999999999999;1.0;0.9999757508180882;0.999993070096029;0.999982146370872;0.9999914680896852;0.9999016543479151;0.9999998597050691;1.0002188726603323;1.0002423120827102;1.0;0.9999064880872691;0.9999939630557954;0.9999791547365444;1.0;1.0;0.9997392557688783;0.9999852826384793;0.9994707899402957;0.9993871517178222;0.9995749163322323;0.9995608613507919;0.9995529320673068;0.9999999999999999;0.9999828338550647;0.9999944112541562;0.99995860362647;0.9999967220492584;1.024999976158142;
2016-02-02 01:45:00;0.9999946880244613;0.9998683610199153;0.9999333175825883;1.0;0.999973949728115;0.9999943309364925;1.0002369827946858;0.9999905787757185;1.0;0.9999914524423795;0.9999065999879824;0.9999941929248671;1.0;0.9999903138351658;0.9999999999999999;1.0;1.0;0.9999716579548537;0.9999922432219689;0.9999770371405012;0.9999904789239252;0.9998765130672079;0.9999998392952373;1.000220209442615;1.0002445119562346;0.9999999999999999;0.999882416900128;0.9999927042182183;0.9999695562450327;0.9999999999999999;1.0;0.9997557315870634;0.9999835662903642;0.9995167310714564;0.9994361163429137;0.9995932371006073;0.9995776309585723;0.9995681142707371;1.0;0.9999805852255034;0.9999937123040566;0.9999467611277951;0.999996809382223;1.024999976158142;
2016-02-02 02:00:00;0.9999958302926162;0.9998861769713722;0.9999414894562437;0.9999999999999999;0.9999790480416831;0.9999953342188723;1.0002326958142043;0.9999921985510397;1.0;0.9999930719392267;0.9999176449857928;0.9999942895339997;1.0;0.9999919611944385;0.9999999999999999;0.9999999999999999;1.0;0.9999773092946865;0.999993828376661;0.9999799182324178;0.9999927003040416;0.9998931727540366;0.999999878072458;1.0002160338123534;1.0002401393188993;1.0;0.9998981142673157;0.9999940081898488;0.9999763813406347;1.0;1.0;0.9997627527424156;0.9999866648489587;0.9995451817334282;0.9994835982545576;0.9995949851731554;0.9995801979370367;0.9995718558443103;1.0;0.9999842837693524;0.9999951940474915;0.9999534400693972;0.9999969328077216;1.024999976158142;
2016-02-02 02:15:00;0.9999946733715102;0.9998645126653758;0.9999338497814337;1.0;0.99997434263238;0.9999945523132319;1.0002342725947775;0.999990908026502;1.0;0.999990882844009;0.9999083083105708;0.9999935805136008;1.0;0.999989403936258;1.0;1.0;0.9999999999999999;0.9999725656361287;0.9999923976926073;0.9999774307319441;0.9999919287314667;0.9998779400591763;0.99999987539025;1.000217802085162;1.0002415192554543;1.0;0.999884494399023;0.999992478268257;0.9999683588526113;1.0;1.0;0.9997671363386471;0.9999823788737521;0.9995427016253041;0.9994785115139746;0.999609900931131;0.9995959001734431;0.999588351601224;1.0;0.9999796476900997;0.9999948080116154;0.9999476752913055;0.9999961679398163;1.024999976158142;
2016-02-02 02:30:00;0.9999960078803373;0.9999063433611474;0.9999531863565598;1.0;0.9999804524319083;0.9999957646260955;1.0002326556406484;0.9999929637888864;0.9999999999999999;0.9999936177639746;0.9999348528185339;0.9999946032065963;1.0;0.9999927883225754;1.0;0.9999999999999999;0.9999999999999999;0.9999787136824698;0.9999941840189607;0.9999838186130107;0.9999928057427206;0.9999123275266274;0.9999998780737378;1.000216596195015;1.0002395994405857;1.0;0.999916722414753;0.999994558447414;0.9999717447814402;1.0;0.9999999999999999;0.9997530386235829;0.9999877026793915;0.9995114256264473;0.9994374532701474;0.9995887380236289;0.9995742738330847;0.9995659317897987;0.9999999999999999;0.999985460558951;0.9999952438287348;0.9999624810828805;0.9999971444673184;1.024999976158142;
2016-02-02 02:45:00;0.9999947978478799;0.9998626149408054;0.9999322913560299;1.0;0.9999736042922933;0.9999941115607652;1.0002344627801134;0.9999900768316269;1.0;0.9999908715008443;0.9999064146563489;0.9999932613350592;1.0;0.9999890729435741;1.0;1.0;1.0;0.999971782784579;0.9999923430587074;0.9999767350479698;0.9999918801566572;0.9998748876625821;0.9999998722693583;1.000218042990141;1.0002416712756514;1.0;0.9998817178955185;0.9999921737660391;0.9999725683719691;1.0;1.0;0.9997748784782504;0.999982283155817;0.9995663516036751;0.9994971546394102;0.999617101754341;0.999601997275702;0.9995940676658949;1.0;0.99997941524398;0.9999947476812946;0.999946064545309;0.9999961049910462;1.024999976158142;
2016-02-02 03:00:00;0.999994806766722;0.9998813604682317;0.9999412233943442;1.0;0.9999765918039579;0.9999953392534894;1.0002336869504864;0.9999924137175943;1.0;0.9999919545343668;0.999917465606385;0.9999936554047958;1.0;0.9999913821038868;1.0;1.0;1.0;0.9999745038459608;0.9999927705607651;0.9999799744492706;0.9999911221273323;0.9998908863279102;0.9999998535867861;1.0002172087179453;1.0002410233597154;0.9999999999999999;0.9998960316718735;0.9999935914366702;0.9999736339553679;1.0;1.0;0.9997534195880122;0.9999846484013536;0.9995156186905205;0.9994508455526255;0.9995870235952453;0.9995707831744376;0.9995612665517983;1.0;0.9999820533642003;0.999994178718386;0.9999535697482872;0.9999964722617044;1.024999976158142;
2016-02-02 03:15:00;0.9999948009390767;0.9998703583885961;0.9999353396803836;1.0;0.9999743077657695;0.9999943618838507;1.0002362288966085;0.9999905973731937;1.0;0.9999913422022605;0.9999100671478443;0.9999936345213405;0.9999999999999999;0.9999900066567035;1.0;1.0;1.0;0.999972236598122;0.9999923888345053;0.9999777402687984;0.9999911667855592;0.9998800273455162;0.9999998547634953;1.0002196751874413;1.000243550478553;1.0;0.9998861628558268;0.9999926229551579;0.9999727940205679;1.0;1.0;0.9997538327990831;0.9999833582309591;0.9995132957520675;0.999455474357758;0.9995898562477294;0.9995739088380585;0.9995647731648923;1.0;0.9999804797885101;0.9999942109319648;0.9999483966625174;0.9999964513781904;1.024999976158142;
2016-02-02 03:30:00;0.9999946337174974;0.9998362986015814;0.9999185609368595;1.0;0.999969029208626;0.9999923806345565;1.0002308784562954;0.9999868249309221;1.0;0.9999895588198611;0.999888514542404;0.999993196130346;1.0;0.9999863297189884;1.0;1.0;1.0;0.9999672705663573;0.9999915734175514;0.9999717436620116;0.9999919618386397;0.9998501595721334;0.9999998766763722;1.0002147215719357;1.000237959475015;0.9999999999999999;0.9998589765267177;0.9999903469345475;0.9999709998920155;1.0;1.0;0.9997928830192472;0.9999793548103039;0.9995936974377639;0.9995429743002184;0.999652731182335;0.9996375470827809;0.9996292045114418;1.0;0.9999759690996884;0.9999948384178787;0.9999344887314291;0.9999959645883587;1.024999976158142;
2016-02-02 03:45:00;0.9999954229836702;0.999828496236831;0.9999119199055021;1.0;0.999967205237812;0.9999908197894104;1.0002248385181833;0.9999837526756915;1.0;0.9999898334837084;0.9998802844550055;0.9999934071197107;1.0;0.999985129638809;0.9999999999999999;1.0;1.0;0.9999655094837905;0.9999918140481499;0.9999688866839415;0.9999925837021739;0.9998383102930272;0.9999998810863256;1.0002091845543766;1.0002316640268476;1.0;0.9998482130966961;0.9999893574035523;0.9999603435984982;1.0;1.0;0.9998389949285945;0.9999794319095032;0.999663188144794;0.9996252001610151;0.9997443618763208;0.9997286559348321;0.9997203126031353;1.0;0.9999756621639174;0.9999951762359194;0.9999278644208078;0.9999963395014999;1.024999976158142;
2016-02-02 04:00:00;0.999994146551837;0.9998704553588624;0.9999378630047553;1.0;0.9999744165099725;0.9999951043453821;1.0002265261656196;0.9999920693373143;1.0;0.9999907494595117;0.9999134370058984;0.9999931788056597;1.0;0.9999900894246295;1.0;1.0;0.9999999999999999;0.9999723592055282;0.9999920331112542;0.9999789669674848;0.9999908317581171;0.9998841721322396;0.9999998557356361;1.0002106771585384;1.0002335418080563;1.0;0.9998901054814615;0.9999928742205475;0.9999563664594338;1.0;1.0;0.9998347454363097;0.9999823426679371;0.9996459678949473;0.9996019414464345;0.9997433046273885;0.9997274463759439;0.999718309299511;1.0;0.9999796318566341;0.9999940709114425;0.9999512356591272;0.9999959666317071;1.024999976158142;
2016-02-02 04:15:00;0.999995634681999;0.9998754980120236;0.9999386537518694;1.0;0.9999759884625122;0.9999942829816877;1.00022600685698;0.9999901953038548;1.0;0.9999918020420249;0.9999160210009497;0.999991654320952;1.0;0.999989578243251;1.0;0.9999999999999999;0.9999999999999999;0.9999745470443877;0.9999933214416113;0.9999787642994529;0.9999934197384788;0.9998866136003652;0.9999998989210556;1.0002103723474032;1.0002327279692644;1.0;0.9998932707489316;0.9999926231242304;0.999956343294776;1.0;1.0;0.9998330699706288;0.9999838951183644;0.9996460647211316;0.9995980379524468;0.999738185380174;0.9997194287422142;0.9997107044512917;1.0;0.9999812841594876;0.9999957724133554;0.9999507689815015;0.9999954576404043;1.024999976158142;
2016-02-02 04:30:00;0.9999903570855658;0.9997431619387817;0.99988259688368;1.0;0.9999543781764609;0.9999904930064808;1.0002393525365116;0.9999839906209282;1.0;0.9999814078750594;0.9998410172322271;0.9999878488460678;1.0;0.9999774077982885;0.9999999999999999;1.0;1.0;0.999952863197746;0.9999865879668053;0.999960497701549;0.9999901836299568;0.9997843269169987;0.9999998937565113;1.0002226198381095;1.0002466141307071;1.0;0.999798561995038;0.9999852771402022;0.9999621367233181;1.0;0.9999999999999999;0.9998238119068151;0.9999640650648249;0.9996324380858836;0.9995814146325613;0.9997195666279783;0.9997014208951875;0.9996934904966763;1.0;0.9999598636591248;0.9999942161148296;0.9999084554165006;0.9999916521510467;1.024999976158142;
2016-02-02 04:45:00;0.9999918430949551;0.9997472336983979;0.9998836477164547;1.0;0.9999580208750043;0.999990609592891;1.0002353824302532;0.9999838046118937;0.9999999999999999;0.9999826145948051;0.9998431266712741;0.9999877936321432;1.0;0.9999774741422407;1.0;1.0;1.0;0.9999574128098924;0.9999882745286611;0.9999607815182258;0.999993608188789;0.9997889094290346;0.9999999573484714;1.000218717766342;1.0002425095048086;0.9999999999999999;0.9998034570622525;0.9999856841949577;0.9999755888928569;1.0;0.9999999999999999;0.9998195216850666;0.9999659288371661;0.9995972862407273;0.9995483176632;0.9997306328253467;0.9997121694270941;0.9997038262329871;1.0;0.99996220808646;0.9999965480150143;0.9999091052169475;0.9999915969369118;1.024999976158142;
2016-02-02 05:00:00;0.9999921029099532;0.9997733753282528;0.9998963789785027;1.0;0.9999611397669508;0.9999916353985135;1.000236336718452;0.9999857255159044;0.9999999999999999;0.9999839631989781;0.9998601661739309;0.9999881788677426;0.9999999999999999;0.999979835777096;1.0;1.0;1.0;0.9999602697438748;0.9999888757862411;0.9999651291918535;0.9999930173987575;0.9998108574707432;0.9999999389813394;1.0002198077738633;1.0002433790962872;0.9999999999999999;0.999823736209765;0.9999870795824523;0.9999533647422578;1.0;1.0;0.9998229668681595;0.9999687479191185;0.9996321139342881;0.9995906952064741;0.9997172390514927;0.999697316421523;0.9996873858897446;1.0;0.9999652609818228;0.999996059284589;0.9999191812191919;0.9999920573715778;1.024999976158142;
2016-02-02 05:15:00;0.9999905211607615;0.999730369115092;0.9998786227491478;1.0;0.9999538204727997;0.9999901220363542;1.000239202222008;0.9999831529723795;1.0;0.9999804401968401;0.9998371770583128;0.9999865491446259;1.0;0.9999753624053407;1.0;1.0;1.0;0.9999530714769314;0.9999867350373726;0.9999592523401893;0.9999924431376274;0.9997781768850962;0.9999999474661726;1.0002226005393393;1.0002461960941278;1.0;0.9997939107743252;0.9999843943834077;0.9999664251639716;1.0;1.0;0.9998283822111899;0.9999619889604479;0.9996579934276797;0.9996216994488116;0.9997158977772644;0.9996878776869506;0.9996681351018303;1.0;0.9999579683274218;0.9999958914862159;0.999905579526043;0.9999906012254071;1.024999976158142;
2016-02-02 05:30:00;0.9999941696941776;0.9998321482220003;0.9999215420169586;1.0;0.9999700117749595;0.9999932695077702;1.0002313403262;0.9999884696139208;0.9999999999999999;0.9999883399665287;0.9998938311309161;0.9999893401181759;0.9999999999999999;0.9999852028982406;1.0;1.0;1.0;0.9999690008085895;0.99999153654075;0.9999733290746413;0.9999938047237008;0.9998561206217386;0.9999999291013366;1.0002153196427943;1.0002381356453427;1.0;0.9998655867268387;0.9999902416394233;0.9999637194487908;1.0;1.0;0.9998170528908805;0.9999771988690441;0.999622811948148;0.9995830427447864;0.9997057525092993;0.9996755864002598;0.9996535686897423;1.0;0.9999743198284858;0.9999963062632999;0.9999381789505142;0.9999935174127083;1.024999976158142;
2016-02-02 05:45:00;0.9999950666140743;0.9998574249536935;0.9999318078655135;0.9999999999999999;0.9999750896372291;0.9999945034018025;1.000231255235943;0.9999906434289206;1.0;0.9999905174984126;0.9999065402815518;0.999990772342404;1.0;0.9999882195514661;1.0;1.0;1.0;0.9999740265162514;0.9999928774095992;0.999976858309993;0.999994178085124;0.99987569186443;0.9999999254448863;1.0002149721906903;1.0002382820035784;1.0;0.9998831735780865;0.9999921061490691;0.9999788690015956;0.9999999999999999;1.0;0.9997678707963831;0.9999814990569343;0.9995496177508707;0.9994973843761072;0.9996073931346885;0.9995785806831;0.9995567248540039;1.0;0.9999790454516148;0.9999964362049254;0.9999463514105567;0.999994562130964;1.024999976158142;
2016-02-02 06:00:00;0.9999964389263005;0.9998906852895383;0.9999465882467881;1.0;0.9999821580162677;0.9999961048616833;1.00023486921038;0.9999933710288407;1.0;0.9999932048450061;0.9999259463640833;0.9999907833533855;1.0;0.9999915893426934;1.0;1.0;1.0;0.9999813906543676;0.9999948939712299;0.9999819606447791;0.9999957974923065;0.9999038957324152;0.9999999461831809;1.0002181573775044;1.0002420837818888;1.0;0.9999092358854942;0.9999943756505159;0.9999093887731886;1.0;0.9999999999999999;0.999779075362876;0.9999867148984947;0.9995752935299479;0.9995178137913727;0.9996236538266313;0.9995937483458416;0.9995718921851039;1.0;0.9999849624131029;0.9999974289701916;0.9999581717945386;0.9999949180969612;1.024999976158142;
2016-02-02 06:15:00;0.9999972767548727;0.9996571246384879;0.9998145006510891;1.0;0.9999393420513802;0.9999768723261436;1.0002670620468594;0.999957418977264;1.0;0.9999831091074198;0.9997538402774586;0.9999889071632886;1.0;0.9999662831449848;0.9999999999999999;1.0;1.0;0.9999387554973899;0.9999885210304111;0.9999323714983385;0.9999966520839243;0.99966606984547;0.9999999588601516;1.0002484369835867;1.0002748900464433;1.0;0.9996900612600097;0.9999762368994826;0.9999040728925411;1.0;0.9999999999999999;0.9996863500454596;0.9999644076669996;0.9993764468656521;0.999311713276944;0.9994797670869642;0.9994453608406971;0.999423095036042;1.0;0.9999570858664862;0.9999979281518834;0.9998433629375294;0.999994365651063;1.024999976158142;
2016-02-02 06:30:00;0.9999931222020906;0.999788785552978;0.9998927759616956;1.0;0.9999574852918425;0.999988870592548;1.0002611690778032;0.9999807468255593;1.0;0.9999864509165108;0.9998536264985195;0.9999810612363872;1.0;0.9999818908846081;1.0;0.9999999999999999;1.0;0.9999547154847396;0.9999885394949469;0.9999622526225697;0.9999882018895911;0.9998010564770848;0.9999998057736983;1.000243104563484;1.0002691699115756;0.9999999999999999;0.9998127416995123;0.9999867178065593;0.9998915170422706;1.0;1.0;0.9996621724490535;0.9999734574567991;0.9993223235800627;0.9992598850753504;0.9994438027796165;0.99939283956765;0.999365814441912;0.9999999999999999;0.9999685534685231;0.9999922549183718;0.9999125269053555;0.9999905900343966;1.024999976158142;
2016-02-02 06:45:00;0.9999931447287527;0.9997967503377219;0.9998976407238355;1.0;0.9999602335598382;0.9999900416296422;1.0002595144828799;0.9999828806024509;0.9999999999999999;0.9999869332503607;0.9998596003812398;0.9999704917893572;1.0;0.9999830721256274;1.0;1.0;1.0;0.9999576523462784;0.999989046019967;0.9999642754894971;0.9999887442472618;0.9998108274139266;0.9999998189976693;1.0002413519506763;1.0002676057207007;1.0;0.9998216560071213;0.9999877137036735;0.9998875292914273;1.0;1.0;0.9996734903260293;0.9999744814100999;0.9994155754762634;0.9993537161903463;0.9994142565708004;0.999342591188444;0.9993120131678612;1.0;0.9999699929700416;0.9999926647767621;0.9999172056319855;0.9999856875003532;1.024999976158142;
2016-02-02 07:00:00;0.9999950843256856;0.999762968050469;0.9998776858638988;1.0;0.999957917081621;0.9999871082986034;1.0002744307273117;0.9999769105333621;1.0;0.9999865467868079;0.9998347978225653;0.9999699039788976;1.0;0.9999787569116154;1.0;1.0;0.9999999999999999;0.9999566242318257;0.9999900699352559;0.9999567020185096;0.999993483635849;0.9997784173100932;0.9999999093350511;1.0002550818525326;1.0002827985937461;1.0;0.9997928120388194;0.9999851628979731;0.9998717934603428;1.0;0.9999999999999999;0.9995909317610616;0.9999728481139207;0.9992449991252217;0.9991611597544539;0.9992817295394668;0.9992111043459507;0.9991828046204555;1.0;0.9999681191992442;0.9999959097779318;0.9998996706725964;0.9999853268764273;1.024999976158142;
2016-02-02 07:15:00;0.9999961474722138;0.9996256757645434;0.9997972238859878;1.0;0.9999388109899249;0.9999775057382724;1.0003120030538173;0.9999590166895442;1.0;0.9999816933162984;0.9997263402832384;0.9999546446218049;1.0;0.9999660907432782;1.0;0.9999999999999999;1.0;0.9999380512695512;0.9999873593161741;0.9999272222614912;0.999995471231511;0.9996390990675875;0.9999999467109825;1.000288880587741;1.0003223003502633;0.9999999999999999;0.9996627496054792;0.9999760814288652;0.9997948416275981;1.0;1.0;0.9994955646452963;0.9999629248148992;0.9991791112530634;0.9990997846401075;0.9990390760610564;0.9988509365494893;0.998704860817264;1.0;0.9999557057255493;0.9999972250879986;0.9998314657707784;0.9999785689445005;1.024999976158142;
2016-02-02 07:30:00;0.9999967462962945;0.999698984638462;0.9998383811237905;1.0;0.9999501901125137;0.9999819709028991;1.0003021625773338;0.999967061472715;1.0;0.9999850757896653;0.9997825952073056;0.9999637134379894;0.9999999999999999;0.9999723867618792;0.9999999999999999;1.0;1.0;0.9999496433725199;0.999989809818468;0.9999420149844542;0.9999964826894103;0.999711614635747;0.9999999616484576;1.0002803336694142;1.0003116251436257;1.0;0.9997309365246659;0.9999807013101589;0.9997834344985218;1.0;0.9999999999999999;0.9995178096696659;0.9999693666253616;0.9992014706737603;0.9991187430360196;0.999090902053652;0.9989288812605752;0.9987965290428696;1.0;0.9999635547039916;0.9999978897367109;0.9998656869303439;0.9999827233404368;1.024999976158142;
2016-02-02 07:45:00;0.9999958735656667;0.9996822847909705;0.9998304754755334;1.0;0.9999471765634923;0.9999815627621684;1.0003124883764927;0.999966488799832;1.0;0.9999838577514798;0.9997712531597817;0.9999388199674775;1.0;0.9999713214420612;1.0;1.0;1.0;0.9999463387600297;0.999988737963502;0.9999394329555714;0.9999951541264743;0.9996970816993717;0.999999941238874;1.000289809078481;1.000322420757984;1.0;0.9997169763219141;0.9999799341800654;0.9997756134137775;0.9999999999999999;1.0;0.9994390236116093;0.9999671398455637;0.9991321949640174;0.9990687636546348;0.9989005763168642;0.9986939612373688;0.9985591568798645;1.0;0.999961029441086;0.9999970354461983;0.9998597044095536;0.9999713215615883;1.024999976158142;
2016-02-02 08:00:00;0.9999954687488518;0.9995410775147398;0.9997528426245617;1.0;0.9999183200977404;0.9999695306777758;1.0003268356291226;0.9999442526752018;0.9999999999999999;0.999976655181199;0.9996712538096056;0.9999317102280764;1.0;0.999955230457493;0.9999999999999999;1.0;1.0;0.999917189730838;0.9999837745420055;0.9999101219025699;0.9999939882174821;0.9995544285479933;0.9999999207256554;1.0003039245453738;1.000336605588078;0.9999999999999999;0.9995859733543254;0.9999682869391856;0.999788351202647;1.0;1.0;0.9993685110580789;0.9999517263772407;0.9990501342179131;0.9989878911677703;0.9987439352355927;0.9985118273424275;0.9983603236572499;1.0;0.9999419168392408;0.9999962212761084;0.9997918888556246;0.9999682091569266;1.024999976158142;
2016-02-02 08:15:00;0.999994992938436;0.999612541482608;0.9997942972295613;1.0;0.9999338925171175;0.9999767003647204;1.0003211279278141;0.9999576602880761;1.0;0.9999797942257237;0.9997240618242104;0.9999328046773838;1.0;0.9999638764978435;1.0;0.9999999999999999;1.0;0.9999329337064252;0.9999859787604493;0.9999261951201278;0.9999942522955547;0.9996308808652292;0.9999999327544986;1.0002980452275314;1.0003311700969169;1.0;0.9996559780030777;0.9999747067266241;0.9997968806160322;1.0;0.9999999999999999;0.9993850785200339;0.9999589282253568;0.9990955179156775;0.9990241963549106;0.9987629148630258;0.9985384678061577;0.9983930479430234;1.0;0.9999512754031882;0.9999965017601768;0.9998290880784785;0.9999683612762413;1.024999976158142;
2016-02-02 08:30:00;0.9999962913155536;0.9997038825461596;0.9998426226661605;1.0;0.9999507009204224;0.9999827497125355;1.000307781771451;0.9999685387198791;1.0;0.9999849771206911;0.9997882231509803;0.9999456035183757;0.9999999999999999;0.9999729757861062;0.9999999999999999;1.0;1.0;0.9999500729517797;0.9999896927484329;0.999943738543117;0.9999960160584381;0.9997186112360674;0.999999955954001;1.0002856586844258;1.0003173438182849;1.0;0.999737458756934;0.9999812244735818;0.9998082816119959;1.0;1.0;0.9993934503085737;0.9999690914653386;0.9990833727658186;0.9990155707729543;0.9987964591861549;0.9985992444062421;0.9984613875066534;1.0;0.9999634244612642;0.9999976146364704;0.9998696590939001;0.9999743960244444;1.024999976158142;
2016-02-02 08:45:00;0.9999966333987911;0.9995728548174834;0.9997676518453837;1.0;0.9999272832125038;0.9999719840004563;1.0003437375209134;0.999948703140564;0.9999999999999999;0.9999790577231127;0.9996897195052004;0.9999439541488387;1.0;0.9999590210997538;1.0;1.0;1.0;0.999926666022405;0.9999857738687138;0.9999156502921364;0.9999960849456678;0.999584328864587;0.9999999567077742;1.0003190920390401;1.0003543465209048;1.0;0.9996132329886622;0.9999709727460346;0.9998178698420754;1.0;1.0;0.9992898238250528;0.9999571337396522;0.9987457505307312;0.9985563294619811;0.998714468905548;0.9985149618633768;0.9983787560018519;0.9999999999999999;0.9999483851776905;0.999997605092913;0.999804725403114;0.9999738738496378;1.024999976158142;
2016-02-02 09:00:00;0.9999952548990427;0.9995920548697775;0.9997807217642579;1.0;0.9999293555756857;0.9999745274673518;1.000333908005954;0.999953567820979;1.0;0.9999793077664335;0.9997058978886068;0.9999370320954565;1.0;0.9999618673689206;1.0;1.0;1.0;0.9999281224942295;0.9999853938307371;0.9999209239571553;0.9999936356119019;0.9996061296960999;0.9999999135203496;1.0003099458459328;1.0003443672763583;1.0;0.9996327717775377;0.9999730229215955;0.9998187639458928;0.9999999999999999;1.0;0.9992959162787611;0.9999575765889686;0.9988403403875613;0.9986862994302421;0.9986682459123717;0.9984478127911136;0.9982992679715861;1.0;0.9999491884495778;0.9999959919208621;0.9998168456270513;0.9999705651753649;1.024999976158142;
2016-02-02 09:15:00;0.9999944106912709;0.9997215680965905;0.9998549233580263;1.0;0.9999489127556722;0.9999838938178375;1.000323652498393;0.99997112926556;1.0;0.9999842251941363;0.9998045871462586;0.9999341842893427;1.0;0.9999745760583493;1.0;1.0;0.9999999999999999;0.9999471541487821;0.9999880969885484;0.9999482466928866;0.999991756328743;0.9997360780208782;0.9999998766758406;1.0003010863960298;1.000333362346358;1.0;0.9997533607726039;0.9999819647985151;0.9998092144103844;1.0;1.0;0.999303205145396;0.9999681683439113;0.9988915451820403;0.9987484278565654;0.9986552681671615;0.9984452120528398;0.9983164551386885;0.9999999999999999;0.9999622666383504;0.9999947187711477;0.9998800982493934;0.9999692476132189;1.024999976158142;
2016-02-02 09:30:00;0.9999888775931958;0.9996718305677793;0.9998325254049715;1.0;0.9999314297235875;0.999981858919897;1.0003326163425459;0.9999687991772962;0.9999999999999999;0.9999784453562425;0.9997714953340028;0.9999323914774233;1.0;0.999971534938441;0.9999999999999999;1.0;1.0;0.999926559573928;0.9999812562385295;0.9999407221017504;0.9999797622188134;0.9996873521864321;0.9999996584904237;1.0003097817897277;1.0003429521350486;0.9999999999999999;0.9997055700133373;0.9999786752837337;0.9997920559809161;1.0;1.0;0.999302003851333;0.9999583281830385;0.998871532607323;0.9987210490326356;0.9986653053136537;0.9984271482561592;0.998265616925738;1.0;0.9999502569996178;0.9999866014063951;0.9998626877291524;0.9999683681886097;1.024999976158142;
2016-02-02 09:45:00;0.9999902904283969;0.999619415286928;0.9998006130890843;1.0;0.999923780424022;0.9999769800412928;1.0003380483582658;0.9999595160779893;1.0;0.9999769497636904;0.9997301872306765;0.9999364209891626;1.0;0.9999655486356914;0.9999999999999999;1.0;1.0;0.9999195123064257;0.999980836762178;0.999928532272431;0.9999822073910364;0.9996320442789497;0.9999997007032532;1.000314701847805;1.0003485229715259;1.0;0.9996548609236809;0.9999744221734042;0.9998047234485916;1.0;1.0;0.9993094203624575;0.999954907446727;0.9988785388040996;0.9987174097011312;0.9986828936973224;0.9984620453724078;0.9983147482427781;1.0;0.9999457599578615;0.9999882038056392;0.9998345102307554;0.999970387691456;1.024999976158142;
2016-02-02 10:00:00;0.999992806180379;0.9996375397578742;0.9998090354545599;1.0;0.9999304395844292;0.9999772938049197;1.0003504439814064;0.9999594708026873;1.0;0.9999790670733136;0.9997437063196088;0.9999354467839113;1.0;0.9999659159260509;1.0;1.0;1.0;0.9999276850435321;0.9999837013383677;0.9999311944427283;0.9999879222422701;0.9996505302355352;0.9999998068388253;1.0003263168594039;1.0003608835343725;0.9999999999999999;0.9996736324644574;0.9999752336657841;0.9997894866423336;1.0;1.0;0.9992532399728739;0.9999584570534084;0.9987046882178074;0.9984816870032212;0.9986321715364345;0.998420826898306;0.9982879737851883;1.0;0.9999501643245745;0.999992090087863;0.9998407007697405;0.9999699222903783;1.024999976158142;
2016-02-02 10:15:00;0.9999920556940525;0.9996663821705003;0.9998261513913941;1.0;0.999934926121776;0.9999800783984863;1.000351217808138;0.9999647566601293;1.0;0.9999800442638664;0.9997654709960215;0.999929911143591;1.0;0.9999694613547094;1.0;0.9999999999999999;0.9999999999999999;0.9999318024620232;0.9999839959640678;0.999937777462623;0.9999864844339571;0.9996804580433934;0.999999780956626;1.0003270084530695;1.000361782133478;1.0;0.9997008587852156;0.9999777226488116;0.999774599328926;1.0;1.0;0.9992040951549483;0.9999606263606556;0.998657775419681;0.9984558467676108;0.9985159808902853;0.9982984214820837;0.9981696549768809;0.9999999999999999;0.9999529417942582;0.9999911357020222;0.9998559076651984;0.9999673466417165;1.024999976158142;
2016-02-02 10:30:00;0.9999908903349637;0.9995910988267726;0.9997920295478223;1.0;0.9999241859467304;0.9999765971538053;1.0003634943368136;0.9999584152182304;0.9999999999999999;0.9999750074141781;0.9997217077759831;0.9999198389115385;1.0;0.9999612447140976;1.0;1.0;1.0;0.9999219233710683;0.9999815922959242;0.9999260179090511;0.9999881945364532;0.9996201229707766;0.9999998413330554;1.0003384722279085;1.0003741934254733;1.0;0.9996461320628492;0.9999727902404691;0.9997609610319368;1.0;1.0;0.9991623314488163;0.9999507647745514;0.9986070854028962;0.9984165003434532;0.9984246332580359;0.9981970407327119;0.9980736549332089;1.0;0.9999422899778924;0.9999926211883018;0.9998287244934135;0.9999617548301004;1.024999976158142;
2016-02-02 10:45:00;0.9999861350612276;0.9994866569897333;0.9997545119142078;1.0;0.9999094083001787;0.9999751873693731;1.0003636744278044;0.9999564467813408;1.0;0.9999655345784799;0.9996730457382961;0.9999146746679777;1.0;0.9999508285806575;0.9999999999999999;1.0;1.0;0.9999080374436411;0.9999764146782619;0.9999147172829067;0.999987974597853;0.9995522935318343;0.9999999038550675;1.0003386761771795;1.0003741584303387;1.0;0.9995846736694715;0.9999673036839863;0.9997818996966417;1.0;1.0;0.9992042127896754;0.999932926632847;0.9986273647248688;0.9984251584609922;0.9985371004006028;0.9983060312744232;0.9981793343652655;1.0;0.9999239735564318;0.9999932553478182;0.9998025755871093;0.999956879460412;1.024999976158142;
2016-02-02 11:00:00;0.9999906485184065;0.9996092231509938;0.9998098601792196;1.0;0.9999310619292057;0.9999800866987089;1.00035149985703;0.9999645808173824;0.9999999999999999;0.9999749551805216;0.9997471702382983;0.9999117895330927;0.9999999999999999;0.9999623816795902;1.0;1.0;1.0;0.9999301612846628;0.9999829929103543;0.9999334297759114;0.9999919834093474;0.9996539220297976;0.9999999368326099;1.000327422773408;1.0003614723683756;1.0;0.9996791025360808;0.9999748920717034;0.9997993368564103;1.0;1.0;0.9991549428065836;0.9999503577078521;0.998588358905213;0.9984054553296979;0.9984151207601969;0.9981428338229696;0.997975012852762;1.0;0.9999433456602599;0.9999955203651343;0.9998458362162586;0.999957029529207;1.024999976158142;
2016-02-02 11:15:00;0.9999801686682098;0.9992677190772393;0.9996516084958645;1.0;0.9998707292793718;0.9999639855651791;1.0003954140288223;0.999937165151921;1.0;0.9999495188547243;0.9995375554799533;0.9999052052829328;0.9999999999999999;0.9999283652199129;1.0;0.9999999999999999;0.9999999999999999;0.9998691806259532;0.999965750572422;0.9998788406603277;0.9999838204530037;0.9993643899379898;0.9999998913759119;1.0003684323739348;1.000406660567919;1.0;0.99941128748703;0.9999522346573605;0.9997716160684652;0.9999999999999999;1.0;0.999108931300719;0.9999034840702881;0.9984829303916055;0.9982763362724917;0.9983483333551898;0.9980591175884042;0.9978692728837807;1.0;0.9998908232991934;0.9999911142853714;0.9997197274030581;0.9999504449811492;1.024999976158142;
2016-02-02 11:30:00;0.9999876676278919;0.9994883650740464;0.9997524307177613;1.0;0.9999114877834505;0.9999745482077119;1.000376256750105;0.9999549134637371;1.0;0.9999668140518656;0.999670665358627;0.9999098341029737;1.0;0.9999507479602986;1.0;1.0;1.0;0.9999106667940696;0.9999777793920903;0.9999136262752254;0.9999904198104914;0.9995506098241814;0.9999999424119121;1.0003502254552283;1.0003871158345956;1.0;0.9995834047941099;0.9999672975871148;0.9997755875076548;1.0;1.0;0.9990651256406266;0.9999349705997934;0.9983608538324099;0.9981633264076296;0.9982995795793105;0.9980200758416548;0.997842254897052;0.9999999999999999;0.9999261521457946;0.9999948388412214;0.9998000345884317;0.9999549294645347;1.024999976158142;
2016-02-02 11:45:00;0.9999939355963228;0.9996312910823326;0.9998119574867287;1.0;0.9999355467244377;0.9999786560406587;1.0003511854621525;0.9999613134123477;1.0;0.9999788515801822;0.9997502954216143;0.9999130193658294;1.0;0.9999641329517811;1.0;1.0;1.0;0.9999349784927399;0.9999858150940686;0.9999329435269997;0.9999947999207343;0.9996600280016783;0.9999999601432751;1.0003269591400992;1.0003612202406644;1.0;0.9996847407211283;0.9999755647621547;0.9997908944092821;1.0;1.0;0.9991598988731955;0.9999570620753736;0.9985124182872316;0.998324137507938;0.9984819317073629;0.9982030239214581;0.998028391959637;1.0;0.9999500113365194;0.9999970915939832;0.9998447021150838;0.999958693048011;1.024999976158142;
2016-02-02 12:00:00;0.9999951113951998;0.999663822882373;0.9998245370987442;1.0;0.9999391432216277;0.9999789470696939;1.0003500723137542;0.9999617263892397;1.0;0.9999813879640084;0.9997671401557237;0.9999187238586262;1.0;0.9999670222778158;1.0;1.0;1.0;0.9999381951415907;0.9999870585182339;0.9999367386434427;0.9999943875276117;0.99968179553257;0.999999933509962;1.0003261303318438;1.00035998404885;1.0;0.9997047044971883;0.9999770079492682;0.9997829177794919;0.9999999999999999;1.0;0.9991590927097147;0.9999618939191055;0.9985193700514041;0.9983339033272889;0.9984747592295591;0.9982074763722009;0.998038157466898;1.0;0.9999548887542187;0.9999965853363146;0.9998535007466557;0.9999620158314184;1.024999976158142;
2016-02-02 12:15:00;0.999995071591539;0.9996755657050151;0.9998293134003682;1.0;0.9999408093834237;0.9999796417042975;1.0003495506482858;0.9999631144274291;1.0;0.9999821530700342;0.9997724965994386;0.9999179010800457;0.9999999999999999;0.9999687242266246;1.0;0.9999999999999999;1.0;0.999939514991922;0.9999871918231533;0.999938443034843;0.9999933876038267;0.9996902881530091;0.9999999092267038;1.000325491162773;1.0003596491241369;0.9999999999999999;0.9997119321669742;0.9999779262881182;0.9997952854569795;1.0;1.0;0.9991731871140277;0.9999636713586924;0.9984858985513857;0.9982872364994763;0.9985401321704074;0.9982781841938861;0.9981185976042557;1.0;0.9999567534483985;0.9999958360724573;0.9998574519397125;0.9999618695894729;1.024999976158142;
2016-02-02 12:30:00;0.9999945353359148;0.9996650334401729;0.9998249031914281;1.0;0.9999395557467038;0.9999796704845906;1.0003509619080728;0.9999632535033308;1.0;0.9999813783918913;0.9997660891787349;0.9999203660470964;1.0;0.9999681133386082;1.0;0.9999999999999999;0.9999999999999999;0.9999382231051537;0.9999866602899066;0.9999371388008895;0.999992971777271;0.9996825753991445;0.9999999065439932;1.000326648579711;1.000361238359092;1.0;0.9997045434704784;0.9999776049221999;0.9998038601042735;1.0;1.0;0.9991536412070742;0.9999622373502993;0.9984167904618616;0.9982050172572677;0.9985283729241933;0.9982835748496778;0.9981399307252142;1.0;0.9999552686362715;0.999995613939493;0.9998544229996508;0.9999627908179601;1.024999976158142;
2016-02-02 12:45:00;0.9999945386587701;0.9996763901309512;0.9998338891496343;1.0;0.999941806142424;0.9999807430829474;1.0003566940790602;0.9999651180890273;1.0;0.9999814859682006;0.9997793312340683;0.999921373246078;1.0;0.9999685284081559;0.9999999999999999;1.0;1.0;0.9999409086156079;0.9999871933017409;0.9999405380384456;0.9999942275059472;0.999698483507105;0.9999999370547789;1.0003322906159604;1.0003667856878382;1.0;0.9997201861366645;0.9999783030655572;0.9997914010190467;1.0;1.0;0.9990890252795467;0.9999622586007662;0.9983345687867899;0.9980979152035573;0.9983896217149647;0.9981149414374482;0.9979288517524301;1.0;0.999955746757935;0.9999965616205992;0.9998622807184313;0.9999629307858872;1.024999976158142;
2016-02-02 13:00:00;0.9999952121082712;0.9996640948075297;0.9998250044582325;1.0;0.9999406797126743;0.999979478805171;1.0003575216423914;0.9999626950009617;0.9999999999999999;0.9999815099585733;0.9997673466860941;0.999919965014003;1.0;0.999967356033256;0.9999999999999999;1.0;1.0;0.9999399629665385;0.9999873581019956;0.9999371162659397;0.9999950970389503;0.9996838038341374;0.999999949730416;1.000332843844792;1.0003677786496672;0.9999999999999999;0.9997064637369859;0.9999773805426174;0.9997966167809285;0.9999999999999999;1.0;0.9991022755748893;0.9999622758141068;0.9983057575103985;0.9980795279215757;0.9984492656091432;0.9981899757486453;0.9980277616235468;1.0;0.9999555311923954;0.9999971027920865;0.9998543797666389;0.9999624591216301;1.024999976158142;
2016-02-02 13:15:00;0.999995801473015;0.9995815979292132;0.9997782484343858;1.0;0.9999260561024069;0.9999723818567732;1.000361140805544;0.9999495045615846;1.0;0.9999777986763421;0.9997069474743563;0.9999231353820088;1.0;0.9999579415278801;1.0;1.0;0.9999999999999999;0.9999256610406702;0.9999852184774726;0.999919453741346;0.9999962405734325;0.9996001475622506;0.9999999722867968;1.0003363498358704;1.0003713177553726;1.0;0.9996296937428616;0.9999706341670737;0.9997966062307576;1.0;1.0;0.999172336250197;0.999954575405252;0.9984996169068765;0.9982734324314696;0.9985281970985529;0.9982841445357243;0.9981349282038704;0.9999999999999999;0.9999459394189928;0.9999978622722699;0.9998135709490792;0.9999639702677596;1.024999976158142;
2016-02-02 13:30:00;0.9999940001089411;0.9996170907862679;0.9998001489818594;1.0;0.9999301718410836;0.9999761152673164;1.0003675888485057;0.9999567862461954;1.0;0.999978487804992;0.9997342117802547;0.9999217751627357;1.0;0.9999626917463859;1.0;1.0;0.9999999999999999;0.9999288101280918;0.9999847474847838;0.9999280019718028;0.9999925352841444;0.9996370881520762;0.9999999045047107;1.000342378445248;1.0003781328923542;1.0;0.9996628448617721;0.999973804927804;0.999791396964091;1.0;1.0;0.9990665323803759;0.9999564461717952;0.9982137784611222;0.9979752270249223;0.9984042801284971;0.9981609645039119;0.9980153507698353;1.0;0.9999483854352399;0.9999953740697379;0.9998333012351891;0.9999632575284885;1.024999976158142;
2016-02-02 13:45:00;0.9999945226382337;0.9996511851723332;0.999818965447199;1.0;0.9999368066699978;0.9999785440897799;1.0003635015511545;0.9999611019275471;1.0;0.9999803792672648;0.9997594960480957;0.9999096171440778;1.0;0.9999659610233165;0.9999999999999999;1.0;1.0;0.9999357360097058;0.9999862855219976;0.9999348991628976;0.9999937019815212;0.9996714004709422;0.9999999249142654;1.0003386244094945;1.0003738258710733;1.0;0.9996949457027063;0.9999762977474754;0.9998151948463246;1.0;1.0;0.9990309716565153;0.9999600215671979;0.9982563934927416;0.9980201506601261;0.998267914371815;0.9979553492584167;0.9977470297819946;0.9999999999999999;0.999952807206936;0.9999961662524093;0.9998492417027232;0.9999577479205475;1.024999976158142;
2016-02-02 14:00:00;0.9999951267436282;0.9997123288956589;0.9998522670561054;1.0;0.9999483075773573;0.999982976661073;1.0003482495446245;0.9999691291252008;1.0;0.9999836352700948;0.9998036043622733;0.9999189252274757;1.0;0.9999721583290964;0.9999999999999999;1.0;1.0;0.9999474805131834;0.9999886617325419;0.9999471499639626;0.9999947925098395;0.9997318925550494;0.9999999419960791;1.0003244140831402;1.000358099999112;1.0;0.9997511085526254;0.9999808287966749;0.9997854277417113;1.0;0.9999999999999999;0.9991207082400606;0.9999664891238839;0.9984842228921634;0.9982722602117625;0.9983829818461154;0.9980916031287154;0.9978900357161741;0.9999999999999999;0.999960701922969;0.9999968896308137;0.999877571638908;0.9999619974710688;1.024999976158142;
2016-02-02 14:15:00;0.9999956654770141;0.9995206769195083;0.9997416915462548;1.0;0.9999145662076506;0.999967600035783;1.0003644004753647;0.9999406903947452;1.0;0.9999755544455137;0.9996573560845183;0.9999256081025635;1.0;0.9999525401509594;0.9999999999999999;1.0;0.9999999999999999;0.9999136181509157;0.9999832145511103;0.9999058395968088;0.9999945694713536;0.9995343168796157;0.9999999335095177;1.000339094913911;1.0003750279962396;1.0;0.9995678085727968;0.9999663878902947;0.9998129416382074;1.0;1.0;0.9991233753843746;0.9999495944852249;0.9984304686055258;0.9982012015823526;0.9984277401256609;0.9981513024441288;0.9979557989914031;1.0;0.9999393218693324;0.9999966255586576;0.9997820237525574;0.9999654313683008;1.024999976158142;
2016-02-02 14:30:00;0.9999927717638067;0.999513166650334;0.9997488401888162;1.0;0.9999136819370734;0.9999702738227618;1.0003669037999532;0.9999460769242794;1.0;0.9999723882970344;0.9996672792883553;0.9999254847732257;1.0;0.9999518484609256;0.9999999999999999;1.0;0.9999999999999999;0.9999128824169208;0.9999813647523835;0.9999097963693933;0.999993373834989;0.9995455110112305;0.9999999439236718;1.00034168443077;1.0003773552506823;1.0;0.9995788107427642;0.9999668036977718;0.9998023057466165;1.0;1.0;0.9990907527186007;0.9999441299577597;0.9983317162241787;0.9981268804649526;0.9983967840929903;0.9981152747019317;0.9979081034981716;1.0;0.9999344545326002;0.9999962092546391;0.9997911701939095;0.9999640764757697;1.024999976158142;
2016-02-02 14:45:00;0.9999928522980558;0.9995731766603668;0.9997825216839414;0.9999999999999999;0.9999239033478331;0.9999745777923972;1.0003804420844498;0.9999540644282372;1.0;0.9999749828388818;0.9997120832921153;0.9999257373668533;0.9999999999999999;0.9999577149656391;1.0;1.0;1.0;0.9999231360306362;0.9999830791888801;0.9999221834765265;0.9999935361909933;0.9996055941228106;0.9999999461829086;1.0003544893405085;1.0003911019043816;1.0;0.9996346399073828;0.9999709970397078;0.9997844972011558;0.9999999999999999;1.0;0.9989547547016251;0.999949705864436;0.9980613127603374;0.9978554536614884;0.9981712701789309;0.9978979976491319;0.9977009056716192;1.0;0.9999413238509259;0.9999963200912539;0.9998198596291215;0.9999641845309107;1.024999976158142;
2016-02-02 15:00:00;0.9999914980089847;0.9995944331543903;0.9998006034887654;1.0;0.9999290222893539;0.9999783387188081;1.000356398942756;0.9999611338675026;0.9999999999999999;0.9999747438780587;0.9997359078353062;0.9999299856625005;1.0;0.9999602498552996;0.9999999999999999;0.9999999999999999;0.9999999999999999;0.9999285276797863;0.9999832539698433;0.9999297351956051;0.9999935953561153;0.9996380470832182;0.9999999653045574;1.0003320660363535;1.000366354340812;1.0;0.9996649732556919;0.9999734687738118;0.9998009747653855;0.9999999999999999;1.0;0.9991209243838741;0.9999495288264182;0.9984364749749551;0.9982181785667874;0.9984162353217453;0.9981263506801998;0.9978949205040604;1.0;0.9999422178746165;0.9999965940187323;0.9998372964406164;0.9999653282610083;1.024999976158142;
2016-02-02 15:15:00;0.9999773161395095;0.9994416990914106;0.9997259259419625;1.0;0.9998825325154117;0.999971889410442;1.0003670812008902;0.9999532656106408;1.0;0.9999591567631495;0.999625286443456;0.9999362291283533;1.0;0.9999514533956282;1.0;1.0;0.9999999999999999;0.9998738694017723;0.9999648928964575;0.9999044084656535;0.9999622065506177;0.9994850197022866;0.9999993924885969;1.0003419278595453;1.000379150006682;1.0;0.9995147844845395;0.9999638683359646;0.9998218135792476;1.0;1.0;0.9991880332973774;0.9999241546404399;0.9985603462494718;0.9983641148265148;0.9985340535784065;0.9982888188639636;0.9981014654570082;1.0;0.9999109616145141;0.9999752946119356;0.9997787464396288;0.9999681722614752;1.024999976158142;
2016-02-02 15:30:00;0.9999636559353241;0.9994362654917578;0.9997196661885704;0.9999999999999999;0.9998555682963238;0.9999731640450195;1.000389101458256;0.9999600652050386;0.9999999999999999;0.9999522110903223;0.9996007788479239;0.9999426957134565;1.0;0.9999596388568286;0.9999999999999999;1.0;1.0;0.9998362019667939;0.9999495589698429;0.999903142058243;0.9999240193333172;0.9994514205284705;0.9999986418828163;1.0003621990550986;1.0004042660193102;1.0;0.9994718577861923;0.9999642195608941;0.9997999145370072;1.0;1.0;0.9991281398809753;0.9999168892079231;0.9983798535036352;0.9981563909839172;0.9984766657141272;0.9982369513780739;0.9980502245090168;1.0;0.999899222517469;0.9999487831741003;0.9997758190989113;0.9999730490250375;1.024999976158142;
2016-02-02 15:45:00;0.9999744164669646;0.9995534088221089;0.9997751921669964;1.0;0.9998901560139039;0.9999778642814791;1.0003711767271946;0.999965648989162;1.0;0.9999645055225848;0.9996825110314322;0.9999434029203325;0.9999999999999999;0.9999669021357666;1.0;1.0;0.9999999999999999;0.999876588931433;0.9999634190167221;0.9999217932894752;0.9999467415565367;0.9995650240786967;0.9999990486060965;1.0003454948196533;1.0003846114958366;1.0;0.9995829494094115;0.9999716748643593;0.9998020770409513;1.0;1.0;0.9991460002954959;0.9999367657286977;0.9984582744534392;0.9982384601545329;0.9984769813367986;0.9982318649897918;0.998037519954459;1.0;0.999923332595758;0.9999641169484697;0.9998189388589206;0.999973611702772;1.024999976158142;
2016-02-02 16:00:00;0.9999691598685465;0.9994922293934763;0.9997476303393582;0.9999999999999999;0.9998717298861234;0.9999748741706483;1.0003747781548797;0.9999616320229591;0.9999999999999999;0.9999577776467178;0.9996436186167219;0.9999406539316742;1.0;0.9999619017689709;0.9999999999999999;1.0;1.0;0.9998555724808496;0.9999564168241795;0.9999123615648977;0.9999363134585468;0.9995078167796262;0.9999988669390986;1.0003492701675014;1.0003885161797594;1.0;0.9995280090788685;0.9999671618621258;0.9998235281257605;1.0;0.9999999999999999;0.9991707712766819;0.9999256205348779;0.9985024820693327;0.9982989714887907;0.9985215056672061;0.998274934989435;0.9980837731837776;1.0;0.9999100109681271;0.9999571304788154;0.9997971659661348;0.9999720942095411;1.024999976158142;
2016-02-02 16:15:00;0.999982052539112;0.9995592038566685;0.9997761231878615;1.0;0.9999023217620835;0.9999756837064478;1.000378603739967;0.9999593853430803;1.0;0.9999686712612759;0.9996923172783402;0.9999374686895953;1.0;0.9999625405958714;0.9999999999999999;1.0;1.0;0.9998938284777034;0.9999712135782186;0.999920923632193;0.9999654674548022;0.9995770308726787;0.9999994044135327;1.0003527632604576;1.0003908717560666;1.0;0.9995999704031797;0.999970795004098;0.9998040544415491;1.0;1.0;0.9990440518024121;0.9999417732241267;0.9981931168112399;0.9979595081716065;0.9983505726946887;0.998118100444722;0.9979517888638919;1.0;0.9999301121976171;0.9999769589332592;0.9998169505975376;0.9999704987890202;1.024999976158142;
2016-02-02 16:30:00;0.9999913080857928;0.9996927092286984;0.9998463152929294;0.9999999999999999;0.9999409464646589;0.9999836131148822;1.0003377804078524;0.9999712686575204;1.0;0.9999803161699494;0.9997928652791364;0.999940372437252;1.0;0.9999719632409453;1.0;0.9999999999999999;0.9999999999999999;0.9999383375416889;0.9999847401313855;0.9999458466991433;0.9999875718694475;0.9997168269375633;0.9999998170509762;1.0003146163947805;1.0003477569699244;1.0;0.9997352795039135;0.9999802078593967;0.9998110609390074;1.0;1.0;0.9992057869099771;0.9999612507091785;0.9984840932231237;0.9982931864477367;0.9986396878618095;0.9984543843186429;0.9983411100636888;1.0;0.9999547073498143;0.9999920827891218;0.9998745555128008;0.9999713790618416;1.024999976158142;
2016-02-02 16:45:00;0.999992877811221;0.9996460195507324;0.999816983520817;1.0;0.9999336243960895;0.9999788445051578;1.0003367884792584;0.9999620717400077;1.0;0.9999793468982132;0.999755171621515;0.9999418664085187;1.0;0.9999664908795056;1.0;1.0;1.0;0.9999315273559711;0.9999846056425601;0.9999344624915297;0.9999898599128617;0.9996656570801609;0.9999998529437896;1.0003136579818683;1.000346656680218;1.0;0.999688461363019;0.9999762906595296;0.9998183721406937;1.0;1.0;0.9992331476110954;0.9999584332725237;0.998516815123422;0.9983323222749231;0.9986998689944733;0.998523441026885;0.9984196193218852;1.0;0.9999507951298375;0.9999935475639721;0.9998482137154822;0.9999723642422423;1.024999976158142;
2016-02-02 17:00:00;0.9999918782854081;0.9995878226996544;0.9997859223924327;1.0;0.9999231157677567;0.9999752103601885;1.0003508233118716;0.9999556240294663;1.0;0.9999760398646736;0.9997133302884139;0.9999425263372751;1.0;0.999961054277366;0.9999999999999999;1.0;1.0;0.9999206847504915;0.9999821042028354;0.9999232817003415;0.9999882888133221;0.9996094802731174;0.9999998295226854;1.000326564282992;1.0003612919728888;1.0;0.9996359384967215;0.9999723208475304;0.9998095100859576;1.0;0.9999999999999999;0.99920526991146;0.99995214074083;0.998465451515446;0.9982420974146904;0.9986508629257258;0.9984773779199242;0.9983753057848946;0.9999999999999999;0.9999432517183219;0.9999925285504871;0.9998223593506058;0.9999725211906147;1.024999976158142;
2016-02-02 17:15:00;0.9999917407223494;0.999698686132328;0.9998492066918663;0.9999999999999999;0.9999433869908076;0.9999842141690585;1.0003320313880966;0.9999722640866824;1.0;0.9999809450263729;0.9997966119081114;0.9999755356751163;0.9999999999999999;0.9999726576314371;0.9999999999999999;1.0;1.0;0.9999410877073422;0.9999854554015524;0.9999469707248085;0.9999886847706249;0.9997233058960621;0.999999838762811;1.0003090794620746;1.0003419299264231;1.0;0.9997413350860898;0.9999808401794741;0.9997980380466023;1.0;1.0;0.999242242683057;0.9999624491469007;0.9984330652990213;0.9982234721401957;0.998784493376026;0.9986595600017668;0.9985452910270246;1.0;0.9999562321011547;0.9999928535604309;0.999877158993737;0.9999872332724261;1.024999976158142;
2016-02-02 17:30:00;0.9999896837757982;0.9996841179031999;0.9998448740560005;1.0;0.9999385125715524;0.9999842661775256;1.0003232446012802;0.9999727921428601;1.0;0.9999788542731359;0.9997900305806984;0.9999812205570052;0.9999999999999999;0.9999717958519878;1.0;1.0;1.0;0.9999353951841053;0.9999833124836817;0.9999458403474741;0.9999852063746216;0.9997127884061754;0.9999997813965482;1.0003010387484974;1.0003329529430862;1.0;0.9997310145237016;0.9999801292182976;0.9997857452579682;1.0;1.0;0.9993327418081996;0.9999587086163451;0.9986642333193696;0.9984581413004812;0.9988995840873356;0.998795824046429;0.9986951229444971;1.0;0.999952030957972;0.9999905761490464;0.999874525724538;0.9999895278518426;1.024999976158142;
2016-02-02 17:45:00;0.9999904452425129;0.9996511545540335;0.9998239777448368;1.0;0.9999322467785653;0.9999806453940503;1.0003359992940442;0.9999660165321325;1.0;0.9999777907080053;0.9997630629781807;0.9999864287988763;1.0;0.9999678434206128;1.0;1.0;1.0;0.9999291983097425;0.9999826493452241;0.9999376605788556;0.9999857838356657;0.9996754838769315;0.9999997862277914;1.0003129954875163;1.0003459837921302;1.0;0.9996966885451061;0.9999770858568262;0.9998009544773292;1.0;1.0;0.9992500338767575;0.9999564266090356;0.998354908641324;0.9981544898740266;0.9988613697244236;0.9987774700099538;0.9986920454285164;1.0;0.9999487915010515;0.9999908810136456;0.9998556265958796;0.9999921764806029;1.024999976158142;
2016-02-02 18:00:00;0.9999888396741249;0.9996244103465924;0.9998103363662957;1.0;0.9999255338466946;0.9999793318305046;1.0003284065983407;0.9999639991202024;1.0;0.999975677917748;0.999743638060993;0.9999874951506237;1.0;0.9999659682290538;1.0;1.0;0.9999999999999999;0.9999215923753251;0.9999803887462375;0.9999329147735214;0.9999823112375128;0.9996490274162718;0.9999997236074606;1.00030586181247;1.0003384213897568;1.0;0.9996712149380487;0.9999754228594776;0.9998282999603664;1.0;1.0;0.9993198131313789;0.9999526740656823;0.9985125600004767;0.9983136368418085;0.9989641725960083;0.9989019706896903;0.9988422660355091;1.0;0.9999442019131944;0.9999885347993555;0.9998446403559667;0.9999926379256379;1.024999976158142;
2016-02-02 18:15:00;0.9999911566990416;0.9997387835903376;0.9998666370348684;0.9999999999999999;0.9999470107210162;0.9999863328542774;1.0003147495148175;0.9999765021659677;1.0;0.9999832198885609;0.9998170926938773;0.9999889525979507;1.0;0.9999781003120074;1.0;1.0;1.0;0.9999432423077059;0.9999854585732743;0.9999530866972465;0.999984211777158;0.999752353906108;0.999999735748677;1.0002928255590602;1.0003246088662012;1.0;0.99976634695403;0.9999837128169652;0.9998249287651998;0.9999999999999999;0.9999999999999999;0.99936394576184;0.9999673764899909;0.9985712281924021;0.9983395892277003;0.9990572169291788;0.9990137516985693;0.9989782878321721;1.0;0.9999611987775272;0.9999895824866857;0.9998912939967167;0.999994066351089;1.024999976158142;
2016-02-02 18:30:00;0.9999923492502002;0.9996953625936016;0.9998404750266594;1.0;0.999940826783215;0.9999822933543202;1.0003158533734031;0.9999688413967217;1.0;0.999981862624612;0.9997833873295263;0.9999910407273651;1.0;0.9999730074591562;0.9999999999999999;1.0;1.0;0.9999376326419851;0.99998509531611;0.9999431010165991;0.9999864719095993;0.999707124142594;0.9999997760145988;1.0002937519219395;1.0003257054982377;1.0;0.9997249901181203;0.9999801194352905;0.9998363341114286;1.0;1.0;0.9994269473468873;0.9999644694818342;0.9987086893578783;0.9984889645195306;0.9991533688025434;0.9991181356604778;0.9990891733467456;1.0;0.9999574416229482;0.9999910776011507;0.9998682209849152;0.9999951331539833;1.024999976158142;
2016-02-02 18:45:00;0.9999910151255414;0.9996434937317468;0.999815285117983;0.9999999999999999;0.9999313463334348;0.9999795801648514;1.0003245652199233;0.9999640599761472;1.0;0.9999784350632257;0.9997498935558419;0.9999901855057556;1.0;0.9999679813558904;1.0;1.0;1.0;0.9999279560174917;0.9999826879397009;0.9999342603617424;0.9999851393006811;0.9996609635864234;0.9999997622562822;1.0003018747418024;1.000334695122015;1.0;0.9996821680807404;0.9999767092206252;0.999860570282209;1.0;1.0;0.9993369349115591;0.9999577621756657;0.9985166388028123;0.99829833593004;0.999013025650107;0.9989934214819169;0.99898508428619;1.0;0.9999497539656629;0.9999902935560755;0.9998477530875743;0.9999943531266292;1.024999976158142;
2016-02-02 19:00:00;0.9999940236583706;0.9997180418849556;0.9998549254661248;0.9999999999999999;0.9999489455020772;0.9999843007161315;1.0003117278850309;0.9999719353939882;0.9999999999999999;0.9999836458372866;0.9998046417452632;0.9999908495609687;0.9999999999999999;0.9999742582093253;0.9999999999999999;1.0;1.0;0.9999473369994465;0.999987875327178;0.9999485188419508;0.9999919627365281;0.9997363062492312;0.9999998872005667;1.000289927043054;1.0003211118782014;1.0;0.999753706872467;0.999981953418294;0.9998738195161573;1.0;1.0;0.9993778636459205;0.9999671852994436;0.9985695962704794;0.9983101984146275;0.9991003108825274;0.9990820352393611;0.9990736973040996;1.0;0.999961429662762;0.9999949386136262;0.9998807319500463;0.9999945970318551;1.024999976158142;
2016-02-02 19:15:00;0.9999816599501755;0.9995132702135864;0.9997636069968495;1.0;0.9999040422828576;0.9999771581156095;1.0003268022378973;0.9999616396630023;1.0;0.9999654262682971;0.999677481862951;0.9999889201009494;0.9999999999999999;0.9999577146990136;1.0;1.0;1.0;0.9998982193064507;0.9999718595644157;0.9999181972676856;0.9999728413419116;0.9995606394457716;0.9999995916591065;1.000303901116976;1.000337562292177;1.0;0.9995869801508487;0.9999697169976283;0.9999021121512908;1.0;0.9999999999999999;0.9994078289297819;0.9999348553882312;0.9986096328138312;0.9983662075512352;0.9991633515273171;0.9991484299810008;0.9991405039692376;1.0;0.9999245327309958;0.9999825896235855;0.9998105914456465;0.9999917079151239;1.024999976158142;
2016-02-02 19:30:00;0.9999884676140574;0.9996672960171793;0.9998360048460787;0.9999999999999999;0.9999365658189119;0.999984542053901;1.0003101935686147;0.9999736663896116;1.0;0.9999777208777613;0.9997756357630339;0.9999907701546344;1.0;0.9999717831750702;1.0;1.0;1.0;0.9999329122091254;0.9999820191577445;0.9999432047510873;0.9999829801756746;0.9996975528563162;0.999999743792422;1.0002882427610673;1.0003201838165794;1.0;0.999715419763805;0.9999799399819633;0.9998846650258159;1.0;1.0;0.9994027608919898;0.9999572179465068;0.998611251659594;0.9983846525363509;0.9991469589344191;0.9991305606179488;0.9991214289967936;1.0;0.9999503539973487;0.9999891004930863;0.9998684255245353;0.9999937315581355;1.024999976158142;
2016-02-02 19:45:00;0.9999877344283399;0.9994589155387251;0.999721129324681;1.0;0.9998987892156379;0.9999683559587267;1.0003336702548606;0.9999442002719109;1.0;0.9999668694581885;0.9996250896359877;0.9999898501123157;0.9999999999999999;0.9999493607152667;1.0;1.0;1.0;0.9998950912104202;0.9999747748267193;0.9999005517184307;0.9999821633272489;0.9994906071657454;0.9999997406685378;1.0003102004008197;1.0003442485902612;0.9999999999999999;0.9995242590224729;0.9999636631112089;0.9999216701818655;1.0;1.0;0.9993805306759912;0.999936148309233;0.9985431222783534;0.9983121965033303;0.9991264347809101;0.9991093788325857;0.9991010406691254;1.0;0.9999245669805263;0.9999885973882899;0.9997698683653318;0.9999932123131607;1.024999976158142;
2016-02-02 20:00:00;0.999987724941272;0.9994639245703877;0.9997278515346725;1.0;0.9999018393047288;0.999969832219582;1.0003234947794297;0.999946742571999;1.0;0.9999667314223377;0.9996350399978666;0.9999894900586505;1.0;0.9999494718950029;1.0;1.0;1.0;0.9998989287262589;0.9999755114181279;0.9999034524738314;0.9999844203692941;0.9995038492934128;0.9999997958854465;1.0003007625249847;1.0003335887224238;1.0;0.9995374509661322;0.9999644489925981;0.999926470673596;1.0;1.0;0.9994625452148287;0.9999356265448508;0.9987123422649623;0.9984879314984508;0.9992582470924373;0.9992429829731878;0.9992354370660664;1.0;0.9999247426068724;0.9999903019160536;0.9997765649812133;0.9999924782584444;1.024999976158142;
2016-02-02 20:15:00;0.9999852389549324;0.9995123239906717;0.9997641501733622;0.9999999999999999;0.9999122993528867;0.9999772383928157;1.0003139920086896;0.9999606724293887;1.0;0.999967157796997;0.9996817975731597;0.9999881309036934;1.0;0.9999557306907545;1.0;1.0;1.0;0.9999094683811741;0.9999759804460217;0.9999183815911721;0.9999833616354555;0.9995687918100107;0.9999998014655476;1.000291726105442;1.0003239587872377;0.9999999999999999;0.9995973765072106;0.9999698307592457;0.9999174560409312;1.0;1.0;0.9994774269350906;0.9999369524691143;0.9987113163551703;0.9984921029682858;0.9993038349930639;0.9992895455465884;0.9992816184153884;1.0;0.999928017294897;0.9999899242082881;0.99981101793071;0.9999907183158081;1.024999976158142;
2016-02-02 20:30:00;0.9999860412548416;0.999439499659054;0.9997179796106942;0.9999999999999999;0.9999003567787472;0.9999708008774311;1.0003263269492595;0.9999489331493888;1.0;0.9999646857664094;0.9996192634544978;0.9999893092003094;1.0;0.9999488403961357;1.0;1.0;0.9999999999999999;0.9998972929519249;0.9999740085139743;0.9999009674022318;0.999983022189675;0.999487729804169;0.9999997851297083;1.0003026245338513;1.0003371776578136;1.0;0.9995212577445629;0.9999642390837896;0.9999427015880734;1.0;1.0;0.9994333832272686;0.9999326050014478;0.9985741096027859;0.9983562111268319;0.9992646899257841;0.9992500290231442;0.999241308828551;1.0;0.999921849082163;0.9999895292295287;0.9997707887188353;0.9999918214181618;1.024999976158142;
2016-02-02 20:45:00;0.9999859644598437;0.999506654491364;0.9997532390841856;1.0;0.9999074110235247;0.999974153905458;1.0003152980368661;0.9999551084811802;1.0;0.9999678925699087;0.9996665538057973;0.9999902127182076;0.9999999999999999;0.9999551789657872;1.0;1.0;1.0;0.9999034816888419;0.9999752947875531;0.9999133108615739;0.9999806038239404;0.9995473022267862;0.9999997244476625;1.0002930493992597;1.0003254464373486;1.0;0.9995764212242584;0.9999682596274432;0.9999260637536774;1.0;0.9999999999999999;0.9995039696945235;0.9999384841553752;0.9987717409518863;0.9985443065436436;0.999342629430013;0.9993284861447199;0.9993205587046132;1.0;0.9999283310703563;0.9999877222045551;0.9997993216005217;0.9999927539677725;1.024999976158142;
2016-02-02 21:00:00;0.9999885979151079;0.9996179349738182;0.9998099099765142;1.0;0.9999288512458774;0.9999810200637881;1.0002996805780393;0.9999670843312468;1.0;0.9999752448485174;0.9997420644507939;0.9999911709309144;1.0;0.9999662105096742;1.0;1.0;1.0;0.9999256435144417;0.9999808415670502;0.9999336250496363;0.9999842675659563;0.9996514365606413;0.9999997750547912;1.000278459093655;1.0003092759844543;0.9999999999999999;0.9996733204471453;0.9999762360674841;0.9999242793833253;1.0;1.0;0.9995122327804387;0.999952125783597;0.9987945867676479;0.9985916840653678;0.9993519514930094;0.9993372893100948;0.9993285683540037;1.0;0.9999444095219491;0.999990049079004;0.9998462704699949;0.9999936831534438;1.024999976158142;
2016-02-02 21:15:00;0.9999877560084862;0.9996085857753949;0.9998063238987149;1.0;0.9999276211981221;0.9999813516742666;1.0002932403870426;0.9999678782215798;1.0;0.9999743735888763;0.999736283556162;0.9999904952962488;1.0;0.9999659958545979;1.0;0.9999999999999999;1.0;0.9999242004875514;0.9999800687282546;0.9999327197085108;0.9999831888075786;0.9996449802209583;0.9999997601184696;1.0002722371986978;1.0003028875663007;1.0;0.999666817362455;0.9999761256996047;0.9999601848630729;1.0;0.9999999999999999;0.9995410283861956;0.9999506864454897;0.9988707383490351;0.9986645425907168;0.9993868000586705;0.9993718807053996;0.9993635403512049;1.0;0.9999429254700818;0.9999893765303891;0.9998441640822112;0.999993181101215;1.024999976158142;
2016-02-02 21:30:00;0.9999844474544703;0.9995317760188981;0.9997698244508606;1.0;0.9999102720960382;0.9999771012575353;1.0003107047180189;0.9999608142260197;1.0;0.9999681888294171;0.9996873984255337;0.9999894147993583;1.0;0.9999585481498307;0.9999999999999999;1.0;1.0;0.9999056716300033;0.9999748712982804;0.9999198790180239;0.9999779141417777;0.9995751691964211;0.999999677386397;1.0002888280846625;1.000320821342138;0.9999999999999999;0.9996015717628406;0.9999706290852393;0.9999388656314824;1.0;1.0;0.9994705011790862;0.9999393198057455;0.9986679258781349;0.9984735093747403;0.9993125784300246;0.999296727010898;0.9992875938710539;1.0;0.9999296320522455;0.9999859478763587;0.9998144658989105;0.9999922026149121;1.024999976158142;
2016-02-02 21:45:00;0.9999822365639498;0.9994487657806452;0.9997359804403595;0.9999999999999999;0.9998990894973492;0.999975130177873;1.0002970782100604;0.9999570765805142;1.0;0.9999626591243675;0.9996432639925741;0.9999869161166918;1.0;0.9999506809688182;1.0;1.0;1.0;0.9998953485456646;0.9999722978328811;0.9999089686617942;0.9999791511069362;0.9995148691404553;0.9999997376565921;1.0002760133265978;1.000306733404738;1.0;0.9995467640152594;0.9999665283203558;0.999957121265256;1.0;1.0;0.9995130643252439;0.9999271874519156;0.9987814861347436;0.9985907283439407;0.9993634065173632;0.9993493176401829;0.999341770930062;1.0;0.9999169569495165;0.9999872546972628;0.9997891058055354;0.9999895325550082;1.024999976158142;
2016-02-02 22:00:00;0.9999878906918986;0.9995591483520117;0.9997815376702561;1.0;0.9999196156062948;0.9999777164099825;1.000289752730392;0.9999610722497663;1.0;0.9999715868633362;0.9997053837031913;0.9999900177629992;1.0;0.9999598471692053;1.0;0.9999999999999999;1.0;0.9999168335761729;0.9999788843661058;0.999923573059202;0.9999850348939866;0.9996007419005922;0.9999998049034544;1.0002692395180675;1.000298958211827;0.9999999999999999;0.999627032741406;0.9999721563666475;0.9999671431170564;1.0;1.0;0.9996091724705004;0.999944919825125;0.9990553722304065;0.9988734432737912;0.9994662491437264;0.9994519573748257;0.9994440289552504;1.0;0.9999363451059707;0.9999907401766054;0.9998230303164986;0.9999926051799962;1.024999976158142;
2016-02-02 22:15:00;0.9999892482109256;0.9996709150868166;0.9998433932999167;1.0;0.9999411585821651;0.9999858546349145;1.0002738321067484;0.9999756783888686;1.0;0.999977540318814;0.9997881155953502;0.9999897992337313;0.9999999999999999;0.9999707549031658;1.0;0.9999999999999999;1.0;0.9999391655307098;0.9999835883708522;0.9999463240240463;0.999988156015074;0.9997133761998026;0.999999860231073;1.0002545296137224;1.0002823269067622;1.0;0.9997321477803713;0.9999803815183195;0.9999695604128755;1.0;1.0;0.9996614253508679;0.9999564805943582;0.9991519866946932;0.9989603483188463;0.9995578768658812;0.9995434075908712;0.9995354784458429;1.0;0.9999506585357023;0.999992869807917;0.999875646865185;0.999992442495584;1.024999976158142;
2016-02-02 22:30:00;0.999988821591213;0.9996934928184024;0.9998522568554087;0.9999999999999999;0.9999412462135651;0.9999862997794773;1.000265379243798;0.9999767298018857;1.0;0.9999787537880661;0.9997987015153944;0.9999911380839411;1.0;0.9999735258022553;1.0;0.9999999999999999;1.0;0.9999380614768382;0.9999831860592024;0.999949118948077;0.9999845321685181;0.9997265638770683;0.9999997766719029;1.000246822756963;1.0002737542846996;0.9999999999999999;0.9997432821255754;0.9999815309391601;0.9999860224157139;1.0;1.0;0.9996814040008155;0.9999590275760094;0.9992304093111924;0.9990514437714154;0.9995645807644046;0.9995497616795558;0.9995410388692737;1.0;0.9999528604750881;0.9999902150801974;0.9998821075810579;0.99999369870374;1.024999976158142;
2016-02-02 22:45:00;0.9999926913401669;0.9997683793119332;0.999888358902506;1.0;0.9999571907985682;0.9999892637380797;1.0002604422281587;0.9999813526224808;1.0;0.9999844777712684;0.9998493816833218;0.9999920679247088;1.0;0.999979148403145;1.0;1.0;1.0;0.9999555822826742;0.999988447275109;0.999961373291562;0.9999912452678732;0.9997948065463934;0.9999998872009696;1.0002424678912178;1.0002681407023533;1.0;0.99980834392383;0.9999858225174665;0.9999731490823529;1.0;1.0;0.9996895370508664;0.9999695259767309;0.9992262377120179;0.9990351890411192;0.9995919611202491;0.9995772954159877;0.9995685723654258;1.0;0.9999651208000533;0.9999946225593158;0.9999104935754913;0.9999945801494919;1.024999976158142;
2016-02-02 23:00:00;0.9999944305085728;0.9997188407736438;0.9998575680230685;1.0;0.9999486996395213;0.9999838637754982;1.0002645843852471;0.999970930504883;0.9999999999999999;0.9999833340744209;0.9998104949909781;0.9999920554747432;1.0;0.9999729064187578;0.9999999999999999;1.0;1.0;0.99994765489492;0.9999882551655086;0.9999492803821747;0.9999937978416666;0.9997404294109411;0.9999999267325125;1.0002465074308333;1.0002721269251094;1.0;0.9997589415797393;0.9999813695988571;0.9999744845472734;1.0;1.0;0.9996838971860912;0.9999661671780165;0.9992095339537411;0.9990258429815387;0.9995863573796011;0.9995702817865372;0.9995611461465207;1.0;0.9999605067881381;0.9999962532195713;0.9998825023958618;0.9999949126546676;1.024999976158142;
2016-02-02 23:15:00;0.999994043233147;0.9998026308623184;0.9999022125632434;1.0;0.9999626555569797;0.9999902146517147;1.0002514757169845;0.9999829103379363;1.0;0.9999873047447915;0.9998675602715673;0.9999930103214322;0.9999999999999999;0.9999825230690523;1.0;0.9999999999999999;1.0;0.9999609367466574;0.9999901521212186;0.9999658474619255;0.9999917143788165;0.9998201000730963;0.999999879468589;1.0002340908732115;1.0002589688268066;1.0;0.9998315175278809;0.9999877954330858;0.9999854974484268;1.0;0.9999999999999999;0.9997091811786616;0.9999749013015106;0.999282049328148;0.9991146108943992;0.9996130976637122;0.9995977842759808;0.9995886483846036;1.0;0.9999708465519769;0.9999947499924121;0.9999208485621318;0.9999956267756938;1.024999976158142;
2016-02-02 23:30:00;0.9999937467814065;0.9997542739750929;0.9998789224948855;1.0;0.9999553363693886;0.9999874909989862;1.0002567099237618;0.9999777626281039;1.0;0.999984613978315;0.9998377833844233;0.9999919686667487;1.0;0.9999772141221563;1.0;1.0;1.0;0.9999541323359756;0.9999889508509795;0.9999575681575676;0.9999929949915768;0.9997786842309958;0.999999915563668;1.0002390349524564;1.0002641817751852;1.0;0.9997939408132717;0.999984537955641;0.9999696663498309;0.9999999999999999;1.0;0.9996914057255566;0.9999690537003415;0.9992476874782873;0.9990765386455888;0.9995829490763863;0.9995676491298952;0.9995589261635138;1.0;0.9999643393061547;0.999995765222741;0.9999016654432124;0.9999946812917213;1.024999976158142;
2016-02-02 23:45:00;0.9999923149593064;0.9997218395622793;0.9998621770153818;1.0;0.9999477705237827;0.9999856251430087;1.000258253796787;0.9999746752813841;1.0;0.9999822580806416;0.9998146381569627;0.999992064981009;1.0;0.9999745092932848;1.0;1.0;1.0;0.9999458112586996;0.9999866663672237;0.9999516241157177;0.999990013514917;0.9997468234672985;0.9999998626058423;1.0002404651710317;1.0002659364275845;1.0;0.9997636884880374;0.9999823435068159;0.9999826431773902;1.0;1.0;0.9997057633068043;0.999964754926936;0.9992672196927724;0.9991004879947027;0.9996129162030127;0.9995979202466146;0.9995891970160652;1.0;0.9999591058945245;0.9999937580281225;0.9998879097560319;0.9999946814327973;1.024999976158142;
2016-02-03 00:00:00;0.9999902631741009;0.999706949456143;0.9998635077460516;1.0;0.9999477239210713;0.9999877430700019;1.0002555270122575;0.99997887107458;1.0;0.9999795043387377;0.99981654260094;0.999989686992952;1.0;0.9999732821700507;1.0;1.0;1.0;0.9999463284085894;0.9999854765509244;0.9999534182298684;0.9999904516595416;0.9997497022043667;0.9999999021331144;1.000237838797498;1.0002630859009929;0.9999999999999999;0.9997669195155504;0.9999824534381261;0.9999876101228747;1.0;0.9999999999999999;0.9997269700421456;0.9999599990492258;0.9993364162108259;0.9991906764097187;0.9996296255345207;0.9996144094856475;0.9996056861112009;1.0;0.9999550174707342;0.9999944323908121;0.9998920662275521;0.9999923727957475;1.024999976158142;
2016-02-03 00:15:00;0.9999937282762006;0.9998432048919578;0.9999236356370166;0.9999999999999999;0.9999684027607849;0.9999929626808902;1.0002484143633732;0.9999881714922161;1.0;0.9999890818594223;0.9998950976936632;0.9999935509655551;1.0;0.9999870170597648;1.0;1.0;1.0;0.9999661676059624;0.9999907813414043;0.9999736692974424;0.9999900919306713;0.9998574967296895;0.9999998432647392;1.000231280455458;1.0002558982448224;1.0;0.9998655729509343;0.9999906572583197;0.9999614378610086;0.9999999999999999;1.0;0.999724448188238;0.9999788942502198;0.9993207253484597;0.9991617019975734;0.9996327344474522;0.9996182696202734;0.9996099272098163;0.9999999999999999;0.99997544506966;0.9999935788956232;0.9999389661569797;0.9999960922236033;1.024999976158142;
2016-02-03 00:30:00;0.999997045725613;0.9998962770736484;0.9999478845786149;0.9999999999999999;0.9999804796627411;0.999994772172528;1.000238636893845;0.9999908034706617;1.0;0.999993600742652;0.999929263295287;0.9999941290661793;1.0;0.9999909580786631;1.0;1.0;1.0;0.9999795590651243;0.9999949929202085;0.9999817419005899;0.9999957093238261;0.9999043573451948;0.9999999354403625;1.0002222320217788;1.0002455188896566;1.0;0.9999103289689859;0.9999936544353201;0.9999834439487509;1.0;1.0;0.9997241164223908;0.9999871608977698;0.9993260840337671;0.9991712081314811;0.9996280743109708;0.9996126324482755;0.9996034964211922;1.0000000000000002;0.9999850019220554;0.9999972592112376;0.9999576695921437;0.9999967858513533;1.024999976158142;
2016-02-03 00:45:00;0.9999946641959307;0.9998867021487625;0.9999464383567673;1.0;0.9999766697295059;0.9999955463273054;1.0002364214783481;0.999992779981119;1.0;0.9999915857683003;0.9999258623670382;0.9999935949904122;1.0;0.9999909797465879;1.0;1.0;1.0;0.9999747916142736;0.9999927508564427;0.9999818285591431;0.9999916423800882;0.9998991892218044;0.9999998683012257;1.0002201851311638;1.0002434324818077;1.0;0.9999045938761619;0.9999935204704419;0.9999727817642018;0.9999999999999999;0.9999999999999999;0.9997566592131596;0.9999839017422035;0.9994216102572121;0.999295856082827;0.9996609939739829;0.9996449847150178;0.9996350547030782;1.0;0.9999814284746353;0.9999945936405422;0.9999578688421621;0.9999962382622982;1.024999976158142;
2016-02-03 01:00:00;0.9999960433739152;0.999870815991718;0.9999349375539943;0.9999999999999999;0.9999754706967102;0.9999936496917919;1.000232369932253;0.9999889312344824;1.0;0.9999919582721771;0.9999111538281099;0.9999934348662702;1.0;0.9999890638325619;1.0;1.0;1.0;0.9999741196580844;0.9999935101808909;0.9999772711866856;0.9999939072263961;0.9998804137925351;0.9999999052583153;1.0002162494399782;1.0002392901077026;1.0;0.9998875454225559;0.9999922262041748;0.9999637878498142;1.0;0.9999999999999999;0.999789286989166;0.9999840150812738;0.999514761406851;0.9994237617376105;0.9996957938245434;0.9996791850142259;0.999669667359524;1.0;0.9999812810979158;0.999996070976684;0.9999473089151122;0.9999963672481408;1.024999976158142;
2016-02-03 01:15:00;0.9999975279741208;0.9998810267211483;0.9999379412869092;1.0;0.9999792634319694;0.999993750086863;1.00023130109886;0.9999887958512401;1.0;0.9999935147827843;0.99991554824776;0.9999942881144975;1.0;0.9999898061304554;1.0;1.0;0.9999999999999999;0.9999785267452111;0.9999951145690282;0.99997810401808;0.9999964931569488;0.9998880216300297;0.9999999483349404;1.0002150730107262;1.0002382106505847;1.0;0.9998949331850852;0.999992851474909;0.9999695214305183;1.0;1.0;0.9997914270052289;0.9999867821367904;0.9995255527403608;0.9994370251572318;0.999694879093461;0.9996797972898327;0.9996710733447637;1.0;0.9999844280313;0.9999977705194424;0.9999492403717483;0.9999969313882158;1.024999976158142;
2016-02-03 01:30:00;0.9999983221484552;0.9999157097896135;0.9999569671522934;0.9999999999999999;0.9999853110057467;0.9999955476961324;1.0002274878267716;0.9999919521854935;1.0;0.9999952770287716;0.9999420812288223;0.9999935104320503;1.0;0.9999923955979024;1.0;1.0;1.0;0.9999849772148832;0.9999966543134143;0.99998481784135;0.9999980991447746;0.9999222006284311;0.9999999765856546;1.0002118289564734;1.0002339494278079;1.0;0.9999274129359064;0.9999948156503398;0.9999458511892987;1.0;1.0;0.999800667510436;0.999990228930478;0.9995435502873586;0.9994674593575514;0.9997104605663906;0.9996942053229435;0.9996858622787577;1.0;0.999988619885501;0.9999988478583365;0.9999647950115642;0.9999966163987859;1.024999976158142;
2016-02-03 01:45:00;0.9999973160996806;0.9998580894704813;0.9999280694797139;1.0;0.9999748910954828;0.9999921574361161;1.000232194134979;0.9999857868147177;1.0;0.9999918576255518;0.9999040349027931;0.9999929829876066;1.0;0.9999866007076192;1.0;1.0;1.0;0.9999744776697183;0.9999943818539628;0.9999744933879788;0.9999972821609052;0.9998695659425493;0.9999999710015386;1.000216255575893;1.000238768155408;1.0;0.9998787854209651;0.9999909039220257;0.9999619544824249;1.0;1.0;0.9997959095140961;0.9999831982052763;0.999543257306154;0.9994640803182686;0.9996963094283919;0.9996793270027138;0.99966980934666;1.0;0.9999804623311407;0.9999984010983809;0.9999408784999521;0.9999960331071326;1.024999976158142;
2016-02-03 02:00:00;0.9999974999731742;0.999899934472352;0.9999503539981864;1.0;0.9999826681905672;0.9999952617305523;1.0002202776310545;0.9999915682314421;1.0;0.9999939838227392;0.999932898127579;0.9999928188804506;1.0;0.9999911656099363;1.0;1.0;1.0;0.9999822149398796;0.999995707682691;0.9999827323313418;0.9999972865852823;0.9999100385784858;0.9999999682092101;1.0002050311943431;1.0002266321567714;1.0;0.9999159545712806;0.9999940588878757;0.999971899457672;1.0;0.9999999999999999;0.999838956861171;0.9999878211654111;0.9996636784261723;0.9996226623874022;0.9997439117298389;0.9997266350922466;0.9997174980232284;1.0;0.9999860154464019;0.9999983743109196;0.9999599637400234;0.9999960538820776;1.024999976158142;
2016-02-03 02:15:00;0.9999972435118774;0.9998600624805953;0.9999275542435837;1.0;0.9999747887242858;0.9999921539007638;1.0002270332617986;0.9999858572649657;0.9999999999999999;0.9999921843275835;0.9999024709196708;0.9999931914934761;0.9999999999999999;0.999987295239723;1.0;1.0;1.0;0.999974032132343;0.9999942426567182;0.9999742477833505;0.9999962671278904;0.999868504642212;0.9999999469394849;1.0002112992928873;1.0002336608162825;1.0;0.9998772019986479;0.99999113191243;0.9999601925092796;0.9999999999999999;1.0;0.9998390784679253;0.9999839495966172;0.9996624831699304;0.9996174808873343;0.9997450948752487;0.9997284177054966;0.99971969333613;1.0;0.9999810857729037;0.9999976478483084;0.9999403094223541;0.9999963377868007;1.024999976158142;
2016-02-03 02:30:00;0.9999979534921399;0.9999124911647392;0.9999557056625537;0.9999999999999999;0.9999845293660683;0.9999955861305945;1.000220706231124;0.9999921114226609;1.0;0.9999949175504869;0.9999400716378462;0.9999935319566553;1.0;0.9999922990183018;1.0;1.0;1.0;0.9999840423376812;0.9999962701573419;0.9999844658458531;0.9999974584720334;0.9999196335379388;0.9999999658411282;1.000205473335785;1.000227044140634;1.0;0.9999248322209576;0.9999947173378091;0.9999710992737222;0.9999999999999999;1.0;0.9998238733599144;0.9999896287793625;0.9996187346369315;0.999569583850981;0.9997291099578548;0.9997130306363843;0.99970468743509;0.9999999999999999;0.999987945979087;0.9999984254349685;0.99996398045838;0.9999965820778559;1.024999976158142;
2016-02-03 02:45:00;0.9999973519732079;0.9998829320223015;0.9999418824261903;0.9999999999999999;0.9999803158360338;0.9999944318450215;1.0002241761936583;0.9999900176405416;1.0;0.9999930969067841;0.9999216825810522;0.9999937627866051;1.0;0.9999895289786238;1.0;1.0;0.9999999999999999;0.9999799912236305;0.9999952680886605;0.99997977159466;0.9999975697113221;0.9998952041019169;0.9999999772284388;1.0002085876274325;1.000230673960673;1.0;0.9999022789155774;0.9999930427583625;0.9999594313030729;0.9999999999999999;1.0;0.9998381658243224;0.9999859570668013;0.9996554587816959;0.9996078943143909;0.9997471394594398;0.9997322952493967;0.9997235708461916;1.0;0.9999839365975143;0.999998610880801;0.9999531016579746;0.9999963308612928;1.024999976158142;
2016-02-03 03:00:00;0.9999973714290179;0.9998463980417804;0.9999221572631678;1.0;0.9999735426828974;0.9999915500759621;1.0002295467734021;0.9999846067793885;1.0;0.9999913411215456;0.9998963400436718;0.9999928949493918;1.0;0.9999854018625025;1.0;0.9999999999999999;1.0;0.9999733191875919;0.999994242016408;0.9999724083305938;0.999997854969197;0.9998594638603353;0.9999999843186772;1.0002137273368996;1.0002360584391066;1.0;0.9998695700314049;0.9999901970438168;0.9999728739326489;1.0;1.0;0.9998101545469067;0.9999820370756645;0.9996140211530179;0.9995508293215855;0.9996909476605468;0.9996735522236071;0.9996632409112403;1.0;0.9999791911658459;0.9999988225109205;0.9999360442201839;0.9999958831593603;1.024999976158142;
2016-02-03 03:15:00;0.9999972040440758;0.9999015497471183;0.9999527549886758;1.0;0.9999832411491145;0.9999958220191456;1.000223704082542;0.9999926449692548;1.0;0.9999937246434224;0.9999361822798583;0.9999928779834769;1.0;0.9999913130697127;1.0;1.0;1.0;0.9999828767140625;0.9999956341476351;0.9999837974041158;0.9999973772264672;0.9999143269371026;0.9999999744365771;1.0002082469189781;1.0002301149878101;1.0;0.9999200596167701;0.9999943146647701;0.9999657977778521;1.0;1.0;0.999813123636985;0.9999874235988225;0.9995874587416878;0.999524148855215;0.999718045817623;0.9997014619048942;0.9996923250659482;1.0;0.999985791571526;0.9999984911134324;0.9999624304395233;0.999995895238833;1.024999976158142;
2016-02-03 03:30:00;0.9999982644580055;0.9998737481883462;0.9999325232238763;1.0;0.9999770129763045;0.999992055603119;1.000227493157684;0.999985484588682;1.0;0.9999935162273563;0.9999096623635568;0.9999947127615983;1.0;0.9999881807841594;0.9999999999999999;1.0;1.0;0.9999764172278132;0.9999952543215481;0.9999756324236483;0.9999973059339154;0.9998777812926566;0.9999999582178053;1.0002118298471436;1.00023401407141;1.0;0.9998860718092288;0.9999916258368525;0.9999594916268951;1.0;1.0;0.9998245746645509;0.9999863386489574;0.9996226765204655;0.9995710966465153;0.9997285332405278;0.9997135355496705;0.9997048113101764;1.0;0.9999835881597737;0.9999982592373781;0.9999435182575558;0.9999973292203145;1.024999976158142;
2016-02-03 03:45:00;0.999997712345186;0.999918051405211;0.9999596619980285;1.0;0.9999855839745336;0.999996280051481;1.0002187291873659;0.9999934454626468;1.0;0.9999949417667067;0.9999452559465073;0.9999941402928043;1.0;0.9999929131125176;1.0;1.0;1.0;0.9999850985094273;0.9999962896223071;0.9999860429299586;0.9999973248253359;0.9999266387340354;0.9999999659507074;1.000203638488692;1.0002250061189648;1.0;0.999931327949661;0.9999952162785082;0.9999744280132865;1.0;1.0;0.9998319581187787;0.9999898216181677;0.9996386696126615;0.9995849468556225;0.9997398814565918;0.9997245661266195;0.9997154290765109;1.0;0.9999883267652184;0.9999983662934391;0.9999676345976034;0.9999967567500225;1.024999976158142;
2016-02-03 04:00:00;0.9999981250646234;0.9999008248497678;0.9999483416133601;1.0;0.9999830168773608;0.9999947661529647;1.0002243536829383;0.9999905493069913;0.9999999999999999;0.9999946981491517;0.9999299288880587;0.9999942126473282;1.0;0.999991391815507;1.0;1.0;1.0;0.9999825405903309;0.9999961379451193;0.9999817587612098;0.9999975821818672;0.9999070271285758;0.9999999665939967;1.000208703005547;1.000230930159199;1.0;0.9999129294001331;0.9999940383507295;0.9999630335650979;1.0;1.0;0.9998192979540611;0.9999890501941606;0.9996052917815025;0.9995419361115404;0.999724489795833;0.9997090960781096;0.9997003718773575;1.0;0.9999871405877373;0.999998490246312;0.9999577060544469;0.9999969543079393;1.024999976158142;
2016-02-03 04:15:00;0.9999980190479196;0.9998733498607435;0.9999344535362489;1.0;0.9999789756907882;0.999993154803631;1.0002279909159484;0.9999875229356124;0.9999999999999999;0.9999932609816387;0.9999119030416671;0.9999940528321245;1.0;0.9999884774455184;1.0;0.9999999999999999;1.0;0.9999787521942681;0.9999954647038515;0.9999767962012869;0.9999982261590468;0.9998825840048476;0.9999999843183116;1.0002120550892908;1.0002346445739851;1.0;0.9998905685294863;0.9999921938703382;0.9999703968499241;0.9999999999999999;1.0;0.9998145673376534;0.9999860282493679;0.9995875440768418;0.9995215071290122;0.9997223421650306;0.9997076376649325;0.9996992945086458;0.9999999999999999;0.9999837225770619;0.9999989936717747;0.9999462128743298;0.999996669289114;1.024999976158142;
2016-02-03 04:30:00;0.9999974916337402;0.9999212120601251;0.9999630658236095;1.0;0.9999865743655657;0.9999969358931816;1.0002202892531407;0.9999946797773775;1.0;0.9999947477362623;0.999950038441194;0.9999931268421263;1.0;0.999993109119301;1.0;1.0;1.0;0.9999862604873988;0.9999963393898411;0.9999874704504061;0.9999976866698504;0.9999328339344856;0.9999999779817689;1.0002051358771362;1.000226536335315;1.0;0.9999373170491348;0.9999955487607407;0.9999731134013935;0.9999999999999999;1.0;0.9998191215564376;0.999989556405877;0.9996006132217821;0.9995361046863945;0.9997271535631581;0.9997113562871149;0.999703013099794;1.0;0.9999883016610546;0.9999986762693348;0.9999709437506014;0.9999960882526067;1.024999976158142;
2016-02-03 04:45:00;0.9999967403372363;0.999819446827118;0.999908222409768;1.0;0.9999674586772516;0.9999895850142435;1.0002301194248067;0.9999810893607454;1.0;0.9999896085977924;0.9998780870066565;0.9999935769631876;1.0;0.9999825567567338;1.0;1.0;0.9999999999999999;0.9999669425765795;0.9999928350903831;0.9999672794527024;0.9999966545318079;0.9998331611747459;0.9999999638019902;1.0002144200877188;1.000236577022199;1.0;0.9998452023705536;0.9999881024737755;0.9999576208406121;1.0;1.0;0.9998401937190463;0.999978532023064;0.9996659374521781;0.9996223446657623;0.999746100120092;0.9997309384545752;0.9997218013462261;1.0;0.9999749419701052;0.9999980230612993;0.9999241694740592;0.9999961450373979;1.024999976158142;
2016-02-03 05:00:00;0.9999960754620276;0.9998806089961232;0.9999435839173422;1.0;0.9999795018470435;0.9999953775523795;1.0002220959021189;0.9999920341498924;1.0;0.9999920455041453;0.9999232922708075;0.9999920359613369;0.9999999999999999;0.9999897741896774;0.9999999999999999;1.0;1.0;0.9999788754523516;0.999994298340353;0.9999808609236704;0.9999959898828353;0.9998973588398719;0.9999999560680163;1.0002066290959297;1.0002286177768502;1.0;0.9999039455741141;0.9999933064097984;0.999977597391333;1.0;1.0;0.9998251456391146;0.9999843180890796;0.9996308890194671;0.9995877322901466;0.999724647390181;0.9997071838286589;0.9996976659073883;1.0;0.9999823641290411;0.999997634843675;0.9999556251190914;0.9999952380806474;1.024999976158142;
2016-02-03 05:15:00;0.9999964050969101;0.9998811824924062;0.9999434166446309;1.0;0.9999797387219064;0.9999951405923638;1.0002262222209022;0.999991523426132;1.0;0.9999922478727674;0.9999234041837628;0.9999917656718494;1.0;0.9999896023542993;1.0;1.0;1.0;0.9999792425234693;0.9999945553826814;0.9999806850373169;0.9999965459689758;0.99989728166047;0.9999999651971146;1.000210514113877;1.0002327966713656;1.0;0.9999040660233178;0.9999931996814033;0.9999637643118147;1.0;1.0;0.9998135335063199;0.9999846206067066;0.9996128280041344;0.9995703907537734;0.9997019550093741;0.999676455108855;0.9996572851976189;1.0;0.999982671830377;0.9999979980405881;0.9999552201122938;0.9999951607427171;1.024999976158142;
2016-02-03 05:30:00;0.9999950729252649;0.999778209121178;0.999891354054816;1.0;0.999962729056444;0.9999892867166669;1.0002362019516504;0.9999807743727067;1.0;0.9999865074323147;0.9998547261660683;0.999989429608476;1.0;0.9999793655571391;1.0;1.0;1.0;0.999962435094008;0.9999910698692241;0.9999621576302073;0.9999963278738015;0.9998039159562652;0.9999999793757788;1.0002196778348411;1.000243120997255;1.0;0.9998178557804392;0.9999864371061123;0.9999651508542892;1.0;1.0;0.9998067984347407;0.999972751692134;0.999630359580139;0.9995900499088307;0.999669667050841;0.9996399492862911;0.9996178266472922;1.0;0.9999690190866835;0.999998056764262;0.9999123017136228;0.9999934393830237;1.024999976158142;
2016-02-03 05:45:00;0.9999966665492056;0.9998644680042015;0.9999351020571443;0.9999999999999999;0.9999768289471229;0.9999936603625702;1.0002294692914597;0.9999886538606818;1.0;0.999991373579512;0.9999136271489587;0.9999889826921199;0.9999999999999999;0.9999871721446154;1.0;1.0;1.0;0.9999766667730647;0.9999943301303409;0.9999775117334385;0.9999976335130975;0.9998822987709429;0.9999999886180755;1.0002137587445026;1.0002358801301021;1.0;0.9998909154920157;0.9999916823820857;0.9999669123706005;1.0;1.0;0.9997893651896712;0.9999825643438864;0.9995924947910634;0.9995476905898327;0.9996429432636039;0.9996111729899207;0.999589623694725;1.0;0.99998031316988;0.999998774647259;0.9999478698721287;0.9999937805204681;1.024999976158142;
2016-02-03 06:00:00;0.9999959053740958;0.9998826752971522;0.9999446855297326;0.9999999999999999;0.9999788420060396;0.9999952586114152;1.0002325085289216;0.9999918703633766;1.0;0.9999919663665534;0.9999249167481238;0.9999899597563875;1.0;0.9999898262658629;1.0;1.0;0.9999999999999999;0.9999780240889978;0.9999940558455335;0.9999811642540896;0.9999953492893834;0.9998984851900431;0.9999999426393724;1.0002164818699941;1.0002392333358276;1.0;0.9999049991234837;0.9999932334722637;0.9999414385209787;1.0;0.9999999999999999;0.9997646386341581;0.9999842063189389;0.9995694830703375;0.9995249503541307;0.9995840768561133;0.9995535546965624;0.9995320066434833;1.0;0.999982133243983;0.9999971805381878;0.9999563299206266;0.9999943642534465;1.024999976158142;
2016-02-03 06:15:00;0.9999961672195599;0.9998158320816632;0.9999050342770652;1.0;0.9999664366414546;0.9999896857425807;1.0002384420112278;0.9999814744362424;1.0;0.9999894995636931;0.9998721823281815;0.999987390719713;1.0;0.9999832253521579;1.0;0.9999999999999999;1.0;0.9999653567772363;0.9999921951345744;0.9999662579911861;0.9999947255818027;0.9998272354452089;0.9999999242716825;1.0002218782481813;1.0002454963114114;1.0;0.999838656661328;0.9999882601778666;0.9999485241946118;1.0;1.0;0.9997621849212592;0.9999785882505406;0.9996148949415974;0.9995797557613356;0.9995456618532793;0.9995087861728766;0.9994860329075107;1.0;0.9999747816997302;0.9999966656810507;0.9999218017877984;0.9999935100617535;1.024999976158142;
2016-02-03 06:30:00;0.9999945753078521;0.9996466924118035;0.9998131454709029;1.0;0.9999357510838532;0.9999779362276849;1.0002639377752827;0.9999600909925156;1.0;0.9999807437906646;0.999750137120292;0.9999810477350395;1.0;0.9999664247082881;1.0;1.0;1.0;0.9999341656703176;0.9999859812530729;0.9999326521776785;0.9999922590015023;0.9996612712899932;0.9999998888190949;1.0002454348253114;1.0002719695088211;1.0;0.9996844613482224;0.9999761592167876;0.9999635247601195;0.9999999999999999;1.0;0.9996811076598459;0.9999609416560803;0.9993674510392078;0.9993282908113612;0.9994700973391438;0.9994239554212947;0.9994025576309546;1.0;0.9999533798027143;0.9999950688899033;0.9998440429486108;0.9999904220823226;1.024999976158142;
2016-02-03 06:45:00;0.9999921599501911;0.999728698951739;0.9998620792877086;1.0;0.999949166396547;0.999986211612537;1.0002650170744292;0.9999759986781496;1.0;0.9999831829694137;0.9998117788810446;0.9999679487007248;1.0;0.9999767556775554;1.0;1.0;0.9999999999999999;0.9999465068962659;0.9999865220195124;0.9999516439348705;0.9999879306560651;0.9997473967944288;0.99999981350427;1.0002461756731873;1.0002735293376543;1.0;0.9997625207190619;0.9999833430124319;0.9999381252442653;1.0;1.0;0.9996467184749591;0.9999671905361672;0.9993554464067093;0.9993147438994674;0.999374568542144;0.999298695316081;0.9992670601815113;1.0;0.999961479143376;0.9999922106075446;0.999887969361537;0.999984215914542;1.024999976158142;
2016-02-03 07:00:00;0.9999907458989404;0.9997073090832487;0.9998571561452846;0.9999999999999999;0.9999466785407176;0.999986658288324;1.0002800807453953;0.9999769727797178;1.0;0.9999807073049783;0.99980587289153;0.9999657292178903;0.9999999999999999;0.9999744873557814;1.0;1.0;1.0;0.9999444250862888;0.9999853564894737;0.9999506404132547;0.999988275434321;0.99973843153226;0.9999998419743056;1.000260300645958;1.0002888480460288;1.0;0.9997548651175076;0.9999824405617993;0.9998760610821101;1.0;0.9999999999999999;0.9996009731690629;0.9999625220555883;0.9992920655700976;0.999211727824735;0.9992798746031383;0.9992047777347209;0.9991756114674261;0.9999999999999999;0.9999569675644725;0.9999927097090419;0.9998856420517667;0.9999823512430948;1.024999976158142;
2016-02-03 07:15:00;0.9999850330705263;0.9995493464690878;0.9997936972742105;1.0;0.999922315910537;0.999982166623097;1.0003157750163747;0.9999694002712196;0.9999999999999999;0.9999678709734291;0.9997234653802385;0.9999600503741523;1.0;0.9999584468612226;1.0;1.0;1.0;0.9999210123711333;0.9999780769859886;0.9999301116680717;0.9999876606482989;0.9996232266313692;0.9999999085736612;1.000293736886589;1.0003251773032427;1.0;0.9996499225490457;0.9999732505447693;0.9997893565467413;1.0;1.0;0.999460608414581;0.9999378062413966;0.9991158780428867;0.9990289342578986;0.9989768239500477;0.9988265165150861;0.9987001626869393;1.0;0.9999307971721072;0.9999932051784357;0.9998381174240685;0.9999768224709724;1.024999976158142;
2016-02-03 07:30:00;0.9999844268219766;0.9994369871834132;0.9997353231072319;1.0;0.9999021851727382;0.9999738518412974;1.0003364593587676;0.9999541877567983;0.9999999999999999;0.9999613617701414;0.9996485837668171;0.9999366273618919;1.0;0.9999455105564671;1.0;0.9999999999999999;1.0;0.9999013335441191;0.9999742498888445;0.9999085797970733;0.9999884620750785;0.9995177144925473;0.9999999402613965;1.000313400036882;1.0003460130256097;1.0;0.9995535113002227;0.9999643539546036;0.9997848313937934;1.0;1.0;0.9994176485579633;0.9999249544760912;0.9990648838075203;0.9989749044770534;0.9988820743604073;0.9986836016544653;0.9985454998834363;1.0;0.9999156615454262;0.9999939061262751;0.9997883771604236;0.9999657547528961;1.024999976158142;
2016-02-03 07:45:00;0.9999928560885019;0.9998078878263631;0.9999126239790768;0.9999999999999999;0.9999654766285819;0.9999927140706039;1.0003074843293416;0.9999876336400644;1.0;0.9999860446360679;0.9998822544587717;0.999947519370332;1.0;0.9999827672715328;0.9999999999999999;1.0;1.0;0.9999644151098568;0.9999900247983612;0.999970537353212;0.9999929138353694;0.9998390845827216;0.9999999255564237;1.0002864399113545;1.0003162510790662;1.0;0.999850027266251;0.9999888261226298;0.9997578244927507;1.0;1.0;0.9993637096099929;0.9999727937303728;0.9990003004687075;0.9989013418270911;0.9987634850680703;0.9985672968725905;0.9984217255111272;1.0;0.9999696158781045;0.9999958551201982;0.9999317093042502;0.9999741146548244;1.024999976158142;
2016-02-03 08:00:00;0.9999951554225379;0.9995194579343203;0.9997442718860999;1.0;0.999915122054946;0.9999682659477248;1.0003381322549791;0.9999420429728589;1.0;0.9999746565155042;0.9996613703397482;0.9999460805647502;1.0;0.9999520622413014;0.9999999999999999;1.0;1.0;0.9999144957005821;0.9999829371960001;0.9999071106164038;0.9999951699552432;0.9995390895437247;0.9999999560671189;1.000314691277072;1.0003479053290636;1.0;0.9995727252980942;0.9999663743182108;0.9997739317422918;1.0;1.0;0.9993345691671263;0.9999483007898108;0.9989791585035968;0.9988902782690979;0.9986900271205511;0.9984674634160506;0.998294137018427;1.0;0.9999383248661355;0.9999971626572047;0.9997850050411418;0.9999742658466436;1.024999976158142;
2016-02-03 08:15:00;0.9999946162546787;0.9995787092324121;0.9997802289666147;0.9999999999999999;0.9999263587123246;0.999973822174927;1.0003329022318637;0.9999523268203151;1.0;0.9999769037203496;0.9997086941005946;0.9999459315805795;1.0;0.9999584049188216;1.0;1.0;1.0;0.999925882452281;0.9999845912426324;0.9999208546705889;0.9999953690412621;0.9996036870210045;0.999999966591863;1.0003098370049353;1.0003424833975028;1.0;0.9996326398506786;0.9999712620351318;0.9997801569633619;1.0;1.0;0.9993272499580855;0.9999530301478676;0.9989396824015657;0.9988517350774614;0.9986949147539196;0.9984975658576526;0.9983558337392063;1.0;0.9999446760986046;0.9999974048716282;0.9998167712176967;0.9999738277625706;1.024999976158142;
2016-02-03 08:30:00;0.9999950199181792;0.9995515055959393;0.999761304432462;1.0;0.9999183303418028;0.999970002385589;1.0003436975125681;0.999945195111725;0.9999999999999999;0.9999762303720068;0.9996840816718324;0.9999436203352395;1.0;0.9999552263340099;1.0;1.0;1.0;0.9999172214458942;0.9999835324271271;0.9999131308200183;0.9999937896401744;0.9995676723146145;0.9999999222320617;1.0003202170082475;1.0003534443962223;1.0;0.9995991241666057;0.9999684229907267;0.9998046695305439;1.0;0.9999999999999999;0.999229574902452;0.9999509810218878;0.9987989890218566;0.9986515773307303;0.9984963907104146;0.998278609625132;0.9981180225594235;1.0;0.9999412791804188;0.9999961476484196;0.999798876851175;0.9999733954784935;1.024999976158142;
2016-02-03 08:45:00;0.9999953906230196;0.9996853806430391;0.999834356834418;1.0;0.9999423874895902;0.9999801010929998;1.0003359607144209;0.999963833866132;1.0;0.9999828790989068;0.9997794957712328;0.9999358024697164;0.9999999999999999;0.9999695627735219;1.0;1.0;1.0;0.9999411667197008;0.9999877579271306;0.9999401823251872;0.9999937968595457;0.9996992412670427;0.9999999143896314;1.0003129081161088;1.000345601592602;0.9999999999999999;0.9997204185459908;0.9999785585227996;0.9998054479850513;0.9999999999999999;1.0;0.9991826386899483;0.9999647698756184;0.998611688247758;0.9984810974603041;0.9984827317743142;0.9982455067670667;0.9980779415136571;1.0;0.9999580197511259;0.9999960935668885;0.9998614530084191;0.9999700253787815;1.024999976158142;
2016-02-03 09:00:00;0.9999961128955928;0.9996691929986539;0.9998250033322909;1.0;0.9999408531733921;0.9999786931407552;1.0003353849547987;0.9999610386932626;1.0;0.9999825105102702;0.999767844402463;0.9999261213716604;1.0;0.9999674907834089;1.0;1.0;1.0;0.9999401348351781;0.999988010356983;0.9999366347946258;0.9999956193724979;0.999683702162771;0.999999949619738;1.0003123296415508;1.0003449381331293;1.0;0.9997065286419037;0.9999772800606894;0.999818530164893;1.0;1.0;0.9992205906901981;0.9999637557515778;0.9987724895174296;0.9986279811237287;0.9984873920656351;0.9982487346372986;0.9981009516985062;1.0;0.9999568361144643;0.9999973446923387;0.9998532500094975;0.9999656033314976;1.024999976158142;
2016-02-03 09:15:00;0.9999959100154274;0.999586353591678;0.999779833808951;1.0;0.9999265215830067;0.9999725237185283;1.0003408493006956;0.9999497375558507;1.0;0.999978290482097;0.9997087274019997;0.9999228253831803;1.0;0.9999586248030189;1.0;0.9999999999999999;0.9999999999999999;0.999925964120292;0.9999853849416797;0.999919949519049;0.9999958589559373;0.9996028115999749;0.9999999608994337;1.0003174023058357;1.0003505347225916;0.9999999999999999;0.9996319293920496;0.9999709945760585;0.9998063150152454;1.0;1.0;0.9992987757169046;0.9999553902602515;0.9989323197794815;0.9987978963533534;0.9986140670942925;0.9983717233695908;0.9982260501737926;1.0;0.9999467344860548;0.9999975561702243;0.9998146981164943;0.9999639783881338;1.024999976158142;
2016-02-03 09:30:00;0.9999973348260338;0.9997239274296746;0.9998512947789728;1.0;0.9999513358181586;0.9999819381608004;1.0003321284161892;0.9999668585776715;1.0;0.9999861986289896;0.9998019533525113;0.9999230557131579;1.0;0.9999733453877911;0.9999999999999999;1.0;0.9999999999999999;0.9999506987008154;0.9999904665212808;0.9999460161996521;0.9999965738209806;0.9997322955652315;0.9999999553153562;1.0003090767150458;1.0003417561813968;1.0;0.9997511457425309;0.9999812098573257;0.9998207463326142;1.0;1.0;0.9991956607118011;0.9999711280962965;0.9988100604669451;0.9986851177323285;0.9983865442406764;0.9981301069786249;0.997967854028314;1.0;0.9999652992722026;0.9999978602274161;0.9998749603750166;0.9999646423651589;1.024999976158142;
2016-02-03 09:45:00;0.9999948389342898;0.9996812800912416;0.9998321602237678;1.0;0.9999453225773621;0.9999818165515086;1.0003358335541037;0.999967196913257;1.0;0.9999829005333994;0.9997735386628676;0.9999209782727996;1.0;0.9999711712530729;1.0;1.0;1.0;0.9999440910399087;0.9999877320917233;0.9999402012794707;0.9999934488692155;0.9996982473259438;0.9999999136304443;1.0003118157929218;1.0003462832313963;1.0;0.9997180192669893;0.9999797751881604;0.9998062361775293;1.0;1.0;0.9992543316669004;0.999965550503701;0.9988541627207352;0.9987075471817177;0.9985333861039646;0.9982809092546805;0.9981260730833353;1.0;0.9999592889833196;0.9999959233223692;0.9998614869149481;0.9999631101379114;1.024999976158142;
2016-02-03 10:00:00;0.9999940296013367;0.9996604675322371;0.9998215690232789;1.0;0.9999365801911194;0.999978810584804;1.0003403889080622;0.9999618766428431;1.0;0.9999808260924361;0.999761417164876;0.9999219476018979;1.0;0.9999676487983407;1.0;0.9999999999999999;1.0;0.999934662331449;0.9999856995645563;0.9999357209710148;0.9999910056319814;0.9996749013545765;0.9999998655080224;1.0003169552023539;1.000350366902682;1.0;0.9996970625499045;0.9999768924146994;0.9998028394165712;0.9999999999999999;0.9999999999999999;0.9992572080124816;0.9999614331986367;0.9988308972234151;0.9986769773855693;0.9985579540942446;0.9983088304331003;0.9981568784957677;0.9999999999999999;0.9999539703237191;0.9999942158520112;0.9998511578557746;0.999963719064168;1.024999976158142;
2016-02-03 10:15:00;0.9999889210473578;0.9996512001776048;0.9998200703852592;0.9999999999999999;0.9999270883806496;0.9999798101302951;1.0003508578398745;0.999965097739;1.0;0.999977453095962;0.9997551468698523;0.9999208872439131;1.0;0.9999692243767765;1.0;1.0;0.9999999999999999;0.9999220742000642;0.9999804352224982;0.9999359291906527;0.999979340105639;0.9996646247067863;0.9999996483895898;1.0003268364365367;1.0003616799555024;1.0;0.9996844735271971;0.9999768214110982;0.9998082357996496;1.0;1.0;0.9991706194496249;0.9999565073707787;0.9985819390057439;0.9984081776431093;0.998466797003724;0.998211758917042;0.9980547895815804;1.0;0.9999478079356672;0.9999862729832689;0.9998516269765924;0.9999633120368899;1.024999976158142;
2016-02-03 10:30:00;0.9999785609668105;0.9996238233544853;0.99981152512152;0.9999999999999999;0.9999075135359676;0.9999815685278033;1.0003594419348323;0.9999711835146116;1.0;0.9999703914256652;0.999734288248792;0.9999165475324197;1.0;0.9999720553849372;1.0;1.0;0.9999999999999999;0.9998962477010882;0.9999696197596538;0.9999344761272606;0.9999556926846326;0.9996350781769728;0.9999992099961115;1.000334759756333;1.0003718965747748;1.0;0.9996504263348801;0.9999763813990968;0.9998062040785632;1.0;0.9999999999999999;0.9991511868670805;0.9999463651926247;0.9986025541269868;0.9984175640616796;0.9983940990802398;0.9981008729863331;0.9979046341720145;1.0;0.9999351106199964;0.9999701846434045;0.9998482554056076;0.9999614986527768;1.024999976158142;
2016-02-03 10:45:00;0.9999863607190996;0.9997257506211977;0.9998638391667806;1.0;0.9999385721164765;0.999987448863078;1.000348808879799;0.9999798344064394;0.9999999999999999;0.999979760620332;0.9998094005267153;0.9999216926219544;0.9999999999999999;0.9999791764628022;1.0;1.0;1.0;0.9999321823048045;0.9999806074108964;0.999952964501594;0.999974061476945;0.9997411249667574;0.9999995519323789;1.000324587345031;1.000360150343979;1.0;0.9997532007884966;0.9999835705051047;0.9997823173409701;0.9999999999999999;1.0;0.9991070295100231;0.9999622744100133;0.9985379893712815;0.9983690289906876;0.998305004757864;0.998037117189817;0.9978610318516543;1.0;0.9999550988741227;0.9999827295119885;0.999891016951717;0.9999635392674039;1.024999976158142;
2016-02-03 11:00:00;0.9999942504338644;0.9996733782017865;0.9998283124609538;1.0;0.9999408801983457;0.999980645064099;1.000347628787666;0.9999650894124386;1.0;0.9999821083474844;0.9997691385406048;0.9999163052952131;1.0;0.9999699517616667;1.0;1.0;1.0;0.999939120041668;0.9999867338683462;0.9999385351206518;0.9999916466250215;0.999688682325501;0.9999998765666299;1.000323274442302;1.000358127658455;1.0;0.9997093175088209;0.9999787228845931;0.9997436464918653;1.0;1.0;0.9991790051577362;0.9999635594894155;0.9985920717144465;0.99842295170812;0.9984851610753236;0.9982152687034069;0.9980487903879757;1.0;0.9999566735075511;0.9999946615343036;0.9998576029621933;0.9999611119652467;1.024999976158142;
2016-02-03 11:15:00;0.9999921994972781;0.9997470436141149;0.999875750595536;1.0;0.9999516123005971;0.999987357033213;1.000342736605535;0.9999779681767313;0.9999999999999999;0.9999833444543866;0.9998322980527302;0.9999064033701356;1.0;0.9999771820000457;1.0;1.0;1.0;0.9999494507751184;0.9999871618392435;0.9999565894788921;0.9999893811832399;0.9997707281316236;0.9999998484246729;1.0003192791315345;1.0003527180781842;1.0;0.9997856153632227;0.9999841024107385;0.9997810554591552;1.0;1.0;0.9991782287740402;0.9999672044654602;0.9985904492943042;0.998383835879947;0.9984839366152124;0.9982122134659945;0.9980632948957681;1.0;0.9999619914303947;0.9999933005360739;0.9998994176450806;0.9999560545122538;1.024999976158142;
2016-02-03 11:30:00;0.999995937931813;0.9998186001475645;0.9999098039156871;0.9999999999999999;0.9999676841771276;0.9999904952748461;1.0003434907399684;0.9999829396588173;1.0;0.9999890138454528;0.9998795260253857;0.9999151149203149;0.9999999999999999;0.9999829578162399;1.0;1.0;1.0;0.9999670546339363;0.9999923425839892;0.9999682625094569;0.9999958853629899;0.9998359258068162;0.9999999558470992;1.0003200028708492;1.0003531488014021;1.0;0.9998474688959101;0.9999885017996503;0.9997823533786313;1.0;1.0;0.9990642914201535;0.9999776934057465;0.9982980790458025;0.9980820708345755;0.9983399345481071;0.9980495284593617;0.997858445028592;1.0;0.9999742684852577;0.9999975764345638;0.9999264437977412;0.9999604302602587;1.024999976158142;
2016-02-03 11:45:00;0.9999957916626723;0.9997958023145965;0.999897948320412;1.0;0.9999642364501385;0.9999892030066638;1.0003383406596253;0.9999805311465214;1.0;0.9999879208157512;0.9998637703363502;0.999917934283892;1.0;0.9999807881256686;1.0;1.0;1.0;0.9999636988746503;0.9999917338441785;0.9999640327766084;0.9999960541441814;0.9998149394564682;0.9999999622955204;1.0003151111173891;1.0003479142682845;0.9999999999999999;0.9998280531492806;0.9999870756509668;0.999799766900726;1.0;1.0;0.9991103306426147;0.9999753295612478;0.9984532901364973;0.9982356325529486;0.9983728054031681;0.9981072878146534;0.9979417192618998;1.0;0.9999715392356431;0.9999977288299977;0.99991664381915;0.9999615846675053;1.024999976158142;
2016-02-03 12:00:00;0.9999959358842678;0.9997425974247458;0.9998640710695432;1.0;0.999953733643916;0.9999843698219988;1.0003533962236788;0.999971701365742;1.0;0.9999860966870696;0.9998177480687722;0.9999128343639484;1.0;0.9999759476883727;1.0;1.0;1.0;0.9999525694328504;0.999989882073087;0.999951180573892;0.999994305223489;0.9997539965337252;0.9999999183555153;1.0003288712257308;1.0003637419719908;1.0;0.9997706033800067;0.9999830027698956;0.9998073858078925;1.0;1.0;0.9990617084754402;0.9999716308468298;0.9983199640404327;0.9981012287624842;0.9983172087097065;0.9980535864033706;0.9979041517611853;0.9999999999999999;0.9999662189822037;0.9999963837063874;0.999886911543706;0.9999598089381055;1.024999976158142;
2016-02-03 12:15:00;0.9999927089143598;0.9997364311910543;0.9998637814147657;0.9999999999999999;0.9999503962121813;0.9999861975421075;1.000343828919566;0.9999758643022395;1.0;0.9999842297390097;0.9998136575449005;0.9999220824583824;1.0;0.9999777343370829;1.0;1.0;1.0;0.9999476250993006;0.999987092313105;0.9999520260082645;0.9999879170553714;0.9997507932421541;0.9999998056789408;1.000319559833111;1.0003545830623424;1.0;0.9997653671872122;0.9999838327945992;0.9997988654602191;1.0;0.9999999999999999;0.9991468943372436;0.9999690163386693;0.9984160203233379;0.9981924746538479;0.9985085431047469;0.9982712879308593;0.9981344732839256;1.0;0.9999632955502538;0.9999921142747329;0.99988884379288;0.9999637845723686;1.024999976158142;
2016-02-03 12:30:00;0.9999925178273702;0.9996859077809783;0.9998387174212796;0.9999999999999999;0.999942474180453;0.9999831406278742;1.0003443507649772;0.9999700568616737;1.0;0.999981588502164;0.999781522814206;0.9999242505043565;1.0;0.9999722067565411;1.0;1.0;1.0;0.9999401657270327;0.9999858778296359;0.9999430226706388;0.9999891234748688;0.9997061246296208;0.9999998381185586;1.000320116733605;1.000354961837602;0.9999999999999999;0.9997247310794238;0.9999803753351165;0.9998226172896203;1.0;0.9999999999999999;0.9991413449674642;0.9999631251479317;0.998351959252949;0.9981042587346752;0.9985355563918265;0.9983083008369167;0.9981779481680125;1.0;0.9999566268284122;0.9999930550975206;0.999867967528704;0.999964362704552;1.024999976158142;
2016-02-03 12:45:00;0.9999964159867358;0.9998143606249384;0.9999040733871501;1.0;0.9999674687812838;0.9999898753771223;1.0003440462629543;0.9999817552706349;1.0;0.9999896762897683;0.9998706575096089;0.9999173391926687;1.0;0.9999832799037496;1.0;1.0;1.0;0.9999666202248118;0.9999925369879927;0.9999660205944062;0.9999955255626103;0.999826630134558;0.9999999404895309;1.000320147997068;1.0003540758985057;1.0;0.9998380500147126;0.9999884169921913;0.9997859278480999;0.9999999999999999;1.0;0.9990667474966561;0.9999789221133045;0.9982856961243457;0.9980626273862754;0.9983558005535661;0.9980607188283201;0.9978599911222378;1.0;0.9999752785863552;0.9999972266257043;0.9999212467527223;0.9999617873627462;1.024999976158142;
2016-02-03 13:00:00;0.9999964727905134;0.9997457046140648;0.9998671341460184;1.0;0.9999560285696086;0.9999849350556155;1.0003577150667022;0.9999724996259948;1.0;0.9999864540043737;0.999822642951635;0.9999176614337317;1.0;0.9999759002503595;1.0;1.0;0.9999999999999999;0.9999555124748357;0.9999907847190596;0.9999524221760481;0.9999964648082773;0.9997607214313582;0.9999999638006983;1.0003328998068317;1.0003680379341526;1.0;0.9997775341028327;0.9999834038963316;0.999727365017549;1.0;1.0;0.9990397983470681;0.9999719304138333;0.9982435088332549;0.9980176965604598;0.9983033183631161;0.9979953998622055;0.9977764725510465;1.0;0.999966946876649;0.9999979238965995;0.9998897627997175;0.9999617454377676;1.024999976158142;
2016-02-03 13:15:00;0.99999574602256;0.9997237850611517;0.9998551376508388;1.0;0.999950893966725;0.9999833990041339;1.000351880285875;0.9999698757195985;1.0;0.9999850227417113;0.999806224061456;0.9999135304736029;1.0;0.9999739613561865;1.0;1.0;0.9999999999999999;0.9999499013356391;0.9999893706830356;0.9999480421441831;0.9999946822576312;0.9997380774916685;0.9999999303862699;1.0003274655931476;1.0003621418748345;0.9999999999999999;0.9997561087646409;0.9999817922128444;0.9997455426448645;1.0;1.0;0.9991367712934893;0.9999693102415649;0.9984820519136203;0.998245380333435;0.9984329054179092;0.9981446073913338;0.9979607301142953;1.0;0.9999636503652028;0.9999966998866077;0.9998796359937949;0.9999599269030857;1.024999976158142;
2016-02-03 13:30:00;0.9999952798964338;0.9995974999278181;0.9997867222547571;0.9999999999999999;0.9999287119924648;0.9999741223324642;1.0003527177635434;0.9999528372320269;1.0;0.9999785660874791;0.9997167100465966;0.9999152092284183;1.0;0.9999605078857218;1.0;1.0;1.0;0.9999278925527557;0.9999853096608724;0.9999228164537223;0.9999947783131055;0.9996151844912956;0.9999999425284937;1.0003282624687753;1.0003629517559243;1.0;0.9996427789683888;0.9999723067427545;0.9998076535427491;1.0;1.0;0.9991776866667109;0.9999562614767503;0.9985999211344785;0.9984129120083333;0.9984758201457498;0.9981954930976358;0.9980172293393794;1.0;0.9999479284791669;0.9999968480350663;0.9998213104750447;0.9999604493792529;1.024999976158142;
2016-02-03 13:45:00;0.9999959456675249;0.9996483509601728;0.9998136489039399;1.0;0.9999379244077821;0.99997749491999;1.000352633902492;0.9999589090998989;1.0;0.9999814265474699;0.9997524281552247;0.9999177089724804;1.0;0.9999655952002396;1.0;1.0;1.0;0.9999372458915243;0.9999873207697305;0.999932594542163;0.9999956067773045;0.9996639407810861;0.9999999524107192;1.0003282262250115;1.00036280063938;0.9999999999999999;0.9996880312859768;0.9999759377619106;0.9998214168586291;1.0;1.0;0.9991243126539381;0.999961861892005;0.9984817793597945;0.998271055136012;0.9983955142391396;0.9980939791615215;0.9978830825545869;1.0;0.9999546127297773;0.9999973620750178;0.9998439182920631;0.9999617235235434;1.024999976158142;
2016-02-03 14:00:00;0.9999965134352364;0.999776998944961;0.9998836680786061;1.0;0.9999598220876644;0.9999864717916599;1.0003423698970138;0.9999754153899397;1.0;0.9999877544375554;0.99984490943165;0.9999156482432551;1.0;0.9999786655898916;1.0;1.0;1.0;0.9999590424431728;0.9999913542405553;0.999958228298473;0.9999957479533607;0.9997891233405852;0.9999999453218922;1.000318883938305;1.0003520909905284;1.0;0.999803920879801;0.9999851376301553;0.9998059598682703;1.0;1.0;0.9990918753446405;0.9999747738883474;0.9984063855609603;0.9982066464260648;0.9983491612670071;0.998038391442524;0.9978211173605819;0.9999999999999999;0.999970159060176;0.9999973759414508;0.9999032223178579;0.9999610329578045;1.024999976158142;
2016-02-03 14:15:00;0.9999955019687325;0.9998048998749343;0.9999003980433909;1.0;0.9999640481252995;0.9999893349454883;1.000336400299712;0.9999809639114787;1.0;0.9999884994402868;0.9998658197672229;0.9999176041163319;1.0;0.9999822898734727;0.9999999999999999;0.9999999999999999;1.0;0.9999627751802074;0.9999913589313062;0.9999647376448795;0.9999937990327606;0.9998182538446316;0.9999999107326809;1.0003132341518082;1.0003461345572162;1.0;0.9998301959869903;0.9999876080799953;0.9997860304449618;1.0;1.0;0.9991352567816506;0.9999767614940375;0.998516465873013;0.9983028775210113;0.9984048311879311;0.9981066747474447;0.9979010532953201;1.0;0.9999727272341015;0.9999960778449275;0.9999182808451322;0.9999618326619504;1.024999976158142;
2016-02-03 14:30:00;0.9999921428570494;0.999732460710429;0.9998694833250554;1.0;0.9999515155061702;0.9999873699736623;1.0003341553411798;0.9999779407173757;1.0;0.9999825959091814;0.9998237646995056;0.9999277772892142;1.0;0.9999760045996522;1.0;1.0;1.0;0.9999498396911318;0.9999871615868423;0.9999547101288038;0.999990717047531;0.9997612714453492;0.999999882480506;1.0003109748964172;1.000344052607302;1.0;0.9997769571157445;0.9999836555360961;0.9998195115266367;1.0;1.0;0.9991653439924497;0.9999657847842829;0.9986132826106542;0.9984183842658403;0.9984294618671964;0.998113749365586;0.9978579478521534;1.0;0.9999607533323089;0.9999943179753724;0.9998950651592879;0.9999653572528866;1.024999976158142;
2016-02-03 14:45:00;0.9999921241231898;0.999796069997845;0.9999007481276015;1.0;0.9999601915030805;0.9999910762874475;1.0003452900416674;0.9999849789311582;1.0;0.9999859699595836;0.9998636214621917;0.9999295749506378;1.0;0.999983157292357;1.0;1.0;1.0;0.9999575765138732;0.999988401116388;0.9999658687153918;0.9999880805251187;0.9998158525287854;0.9999998166287225;1.0003213679923593;1.000355679702066;1.0;0.9998263617281671;0.9999880150518807;0.9998052400881456;1.0;1.0;0.9989955629870803;0.9999729383702423;0.9982708955339755;0.9980902191029948;0.9981511940721629;0.9978190045298865;0.9975402623572414;0.9999999999999999;0.9999686605113713;0.9999923336834888;0.9999208949423782;0.9999667965360953;1.024999976158142;
2016-02-03 15:00:00;0.9999873501056203;0.9996434792014279;0.9998200183470195;1.0;0.9999270990362735;0.9999814232541961;1.0003598293227784;0.9999683789868169;1.0;0.9999760869895901;0.999753589192292;0.9999371636716664;1.0;0.9999695793752795;1.0;1.0;1.0;0.9999219486192924;0.9999794296719603;0.9999367982273452;0.9999780588977717;0.999664850475162;0.9999996388345316;1.0003348455244712;1.0003712186813407;1.0;0.9996840473810897;0.9999773709925245;0.9998117472457804;1.0;1.0;0.9990192023342868;0.9999543994351565;0.9982543759217496;0.9980834582581056;0.9982337748475946;0.9979222078217856;0.9976527377368922;1.0;0.9999460029275726;0.9999855740488526;0.9998536275042822;0.9999701186706272;1.024999976158142;
2016-02-03 15:15:00;0.9999850727219288;0.9996336325082401;0.9998148696731162;0.9999999999999999;0.9999200961682139;0.9999806071983136;1.0003514888360094;0.9999675482580341;1.0;0.9999742755737127;0.9997451684285253;0.9999454350402412;1.0;0.9999693614900216;0.9999999999999999;1.0;1.0;0.999913237567861;0.9999765417334543;0.999934913523108;0.9999719096434275;0.9996510269929405;0.9999995190515103;1.000327333712458;1.000362796441597;1.0;0.999669844478105;0.9999763932328332;0.9998249704794738;0.9999999999999999;0.9999999999999999;0.9991212984076484;0.999951619694312;0.9984942048458328;0.9983040138144009;0.9983779314018626;0.9981026148564821;0.9978627620464898;1.0;0.9999421870167238;0.9999813177975473;0.9998492725266087;0.9999741290413363;1.024999976158142;
2016-02-03 15:30:00;0.9999816576820201;0.9993418020399153;0.9996536216575186;0.9999999999999999;0.9998654893217856;0.9999597980011464;1.0003872501680808;0.9999302546142972;1.0;0.9999587429890153;0.9995291984492862;0.9999481209726894;1.0;0.9999410334497626;1.0;1.0;1.0;0.9998568677316142;0.9999645373146187;0.9998758164401325;0.9999646572004809;0.9993588320013712;0.9999993953911192;1.0003600897518314;1.0004003902795984;1.0;0.9993970942793702;0.9999551633364678;0.9998172918765007;1.0;1.0;0.9990588228431434;0.9999218202981451;0.998314832857539;0.9980880172877956;0.9983119901197054;0.9980406766592922;0.9978000720273394;1.0;0.999905477472654;0.9999764100719438;0.99971259502426;0.9999753696644793;1.024999976158142;
2016-02-03 15:45:00;0.9999852292743906;0.9994788179187453;0.999725420265586;1.0;0.9999009456718558;0.9999717279319517;1.0003665219646323;0.999951300071808;0.9999999999999999;0.9999684153071906;0.9996218320337833;0.9999472104627325;1.0;0.9999568043309118;1.0;0.9999999999999999;1.0;0.9998944701853483;0.9999729796439873;0.9999029813258946;0.9999729329588645;0.9994978720295729;0.9999995458927767;1.0003392138449743;1.0003799305608163;0.9999999999999999;0.9995254871502949;0.9999673967654298;0.999827656055493;1.0;1.0;0.9991381615287723;0.9999406939315337;0.9984106647938084;0.9982113781091443;0.9984858485509905;0.9982331463402074;0.9980182329199496;1.0;0.9999289058849608;0.999982058681954;0.9997753645254194;0.9999748175843411;1.024999976158142;
2016-02-03 16:00:00;0.9999887870717286;0.9993926776585768;0.9996753679726939;1.0;0.9998958018037455;0.9999656402984407;1.000368843952406;0.999939206203267;1.0;0.9999665899034781;0.9995570265680767;0.9999450881772822;1.0;0.9999472536705426;1.0;1.0;0.9999999999999999;0.999892025737883;0.9999743814606424;0.9998845994339057;0.9999824872108631;0.9994170799471718;0.9999997351712568;1.0003403666394048;1.0003825806509405;1.0;0.999452179700544;0.9999616259098076;0.9998272583684562;1.0;1.0;0.9992053030101824;0.9999364595969218;0.9986072315818142;0.9983990902285678;0.9985541218007876;0.9982983783293703;0.9980828022698338;1.0;0.9999242261438218;0.9999886648019878;0.9997328673519206;0.9999734930698688;1.024999976158142;
2016-02-03 16:15:00;0.9999921542193753;0.9995959431525494;0.9997824478577938;1.0;0.9999320191158619;0.9999783206956497;1.0003615619412964;0.9999616981060243;1.0;0.9999785158989315;0.9997005465080634;0.9999439270232181;1.0;0.9999668204736376;1.0;1.0;1.0;0.9999290824976824;0.9999830677545928;0.999923088156761;0.999986992062656;0.9996106644279238;0.9999997940503007;1.0003340760358124;1.0003745076503783;0.9999999999999999;0.9996326400137847;0.99997573711122;0.9997990182099608;1.0;1.0;0.9991326498690939;0.9999588587754751;0.9985259261563447;0.9983077603103157;0.9983905054719228;0.9980805492658757;0.9977998244089228;1.0;0.9999508306396601;0.9999915031513488;0.9998218802834858;0.9999736328202973;1.024999976158142;
2016-02-03 16:30:00;0.9999928496660473;0.9995738523358788;0.999768886627337;1.0;0.9999302190123524;0.999976771504235;1.0003537253916168;0.9999587022786756;1.0;0.9999780958630545;0.9996822752796178;0.9999459562814866;0.9999999999999999;0.9999647750154848;1.0;1.0;1.0;0.9999276729764729;0.9999831542866557;0.9999181171137944;0.9999884750871398;0.9995882898910988;0.9999998214345109;1.0003264221980934;1.0003666639521955;1.0;0.9996118510852088;0.9999743586208208;0.9998067099926763;1.0;1.0;0.9992567319918552;0.999957954367854;0.9986612682537007;0.9984388053326095;0.9986723429779332;0.9984470122895249;0.9982718713288242;0.9999999999999999;0.9999496894378695;0.9999925021291675;0.9998103766230446;0.9999745752096133;1.024999976158142;
2016-02-03 16:45:00;0.9999918313998042;0.999590801352706;0.9997825214049454;1.0;0.9999244229975758;0.9999755313623389;1.000341998612218;0.9999565209281639;1.0;0.9999769482783017;0.9997053866173349;0.9999535163130225;1.0;0.9999632422067857;1.0;1.0;0.9999999999999999;0.9999212336283312;0.9999818544416564;0.9999221178150203;0.999986080293638;0.9996048017803644;0.9999997763416482;1.0003175071706611;1.0003530785019028;0.9999999999999999;0.9996295014960122;0.9999731377167671;0.999820392217387;1.0;1.0;0.9993192628057126;0.9999548935336212;0.9987161576360302;0.9984974828227766;0.9988234699142094;0.9986698994018035;0.9985711260171389;0.9999999999999999;0.999945879078565;0.9999908692261016;0.9998196784933087;0.999978018704283;1.024999976158142;
2016-02-03 17:00:00;0.9999893395780476;0.9995223478157059;0.999752577371502;1.0;0.9999077307695295;0.9999709536227873;1.0003382781685657;0.9999484615627728;1.0;0.9999711477438235;0.9996683362440032;0.9999626090264986;1.0;0.9999548255050813;1.0;0.9999999999999999;1.0;0.9999040636400187;0.9999776699541745;0.9999112512857218;0.9999832469983686;0.9995458112593292;0.9999997428411218;1.0003150814360835;1.000348491476536;0.9999999999999999;0.9995761403880853;0.9999674153188055;0.9998326654397703;1.0;1.0;0.9993497303300667;0.9999432381142116;0.9987595885822217;0.9985473116412277;0.9988857080782475;0.9987979089676811;0.9987614390287838;1.0;0.9999324748487202;0.9999891537408753;0.9997945684653526;0.9999814743563504;1.024999976158142;
2016-02-03 17:15:00;0.9999862273659482;0.9995936007942491;0.9998033318872853;0.9999999999999999;0.9999217020005581;0.9999804230150167;1.000321672019426;0.9999664027720664;1.0;0.9999719111173084;0.999734218671747;0.9999815722646447;1.0;0.9999633399273249;1.0;1.0;0.9999999999999999;0.9999179950007268;0.999978225895475;0.9999316910810608;0.9999814888779962;0.9996359865884679;0.9999997400458653;1.0002995404070318;1.0003314907670968;1.0;0.9996594511188645;0.9999744319005142;0.9998425863537906;1.0;1.0;0.9994087315857348;0.999945847856249;0.9987943717274625;0.9985679397530715;0.9990399133978578;0.9989968013796141;0.9989702220244232;1.0;0.9999375657455472;0.9999883550950558;0.999841801030081;0.9999887294207555;1.024999976158142;
2016-02-03 17:30:00;0.9999753541338604;0.999294508591759;0.9996667559663186;1.0;0.9998704326684922;0.9999686439754978;1.000358644671137;0.9999471382573198;1.0;0.9999489053366672;0.9995500463917689;0.9999740940576828;1.0;0.9999356495433135;1.0;1.0;1.0;0.9998655903335637;0.999962064810352;0.9998856275196016;0.9999718119929099;0.9993868467453301;0.9999996603965279;1.000333330411102;1.0003702756003479;1.0;0.9994272909969071;0.999956028511776;0.9998250924025953;0.9999999999999999;1.0;0.9993905248819169;0.9999044727394336;0.998736390063322;0.9985051803872216;0.9990245935169905;0.9989782397920236;0.9989500203691368;0.9999999999999999;0.9998916093473008;0.9999828679010726;0.9997353269774664;0.9999818789283884;1.024999976158142;
2016-02-03 17:45:00;0.9999830363877431;0.9995360740579018;0.9997648207997364;1.0;0.9999046864931208;0.9999757710376044;1.0003386083852825;0.9999591612374368;1.0;0.9999684019906696;0.9996769319128612;0.9999814329051174;1.0;0.9999607961700153;1.0;1.0;0.9999999999999999;0.999897556647262;0.999972401159778;0.9999174467046416;0.9999698981726177;0.999561919246397;0.999999500019101;1.000314678136037;1.0003501593103121;1.0;0.9995862955939323;0.9999704016985711;0.9998072671897325;1.0;1.0;0.9994037220434046;0.9999409353992692;0.9987678677229667;0.9985500023743069;0.999042902461047;0.9989944657257163;0.9989659930909637;1.0;0.9999298774811851;0.999980135415467;0.9998088722939289;0.9999898151779237;1.024999976158142;
2016-02-03 18:00:00;0.9999848271236201;0.9995892450348959;0.9997955784690521;1.0;0.9999177914911533;0.9999799422755729;1.0003299161773151;0.9999661530083992;1.0;0.9999718762277937;0.9997195829175308;0.999986700838524;1.0;0.9999653165714945;1.0;1.0;1.0;0.9999121371166101;0.9999762063780983;0.999928824608595;0.999975171993274;0.999620145717624;0.9999996034887133;1.0003066363528599;1.0003408640815261;1.0;0.999641786959495;0.9999745479904005;0.9998260149237347;1.0;1.0;0.9993541085363659;0.9999467631626474;0.9986253107923175;0.9984166674339525;0.9989906125198328;0.9989530039123901;0.9989252712751591;1.0;0.9999375515744229;0.9999838208155997;0.9998351562982312;0.999991843609453;1.024999976158142;
2016-02-03 18:15:00;0.9999784368830392;0.9993864229554433;0.9997114937030713;1.0;0.9998863673730719;0.9999727212090335;1.0003435597828587;0.99995383706276;1.0;0.999955517368119;0.999611280756171;0.9999810349463368;1.0;0.9999437072102992;1.0;1.0;1.0;0.9998821730300962;0.9999670685492249;0.9999009671816348;0.9999755086274896;0.9994680816458222;0.9999997058513023;1.0003196931414857;1.0003542877758707;1.0;0.9995036297681029;0.9999617281335983;0.9998636616168843;1.0;1.0;0.9993929313594253;0.9999160417779147;0.9987381218731095;0.9985219208041453;0.9990306696888861;0.9989940724487485;0.9989659262725029;1.0;0.9999047856630893;0.9999851415851568;0.9997707849173462;0.9999857575398795;1.024999976158142;
2016-02-03 18:30:00;0.9999829740943063;0.9994647968326487;0.9997426833504502;1.0;0.9999002724771833;0.9999742728869757;1.0003322990352115;0.9999557294369654;0.9999999999999999;0.9999628976798636;0.9996539506036916;0.9999852281973313;1.0;0.9999505222425944;1.0;1.0;1.0;0.9998966617103757;0.9999724398283791;0.9999107083660487;0.9999798144149644;0.9995263188496316;0.9999997467843693;1.0003093235929756;1.000342488940844;1.0;0.9995581442040496;0.9999660106571324;0.9998698366705152;1.0;1.0;0.9994151188567895;0.9999290232258937;0.9987851308578926;0.9985739806622096;0.9990654889477079;0.999031187431643;0.9990023523905166;1.0;0.9999187611198017;0.9999876269392339;0.9997932968601585;0.9999890569079998;1.024999976158142;
2016-02-03 18:45:00;0.9999886808234729;0.9996148371837688;0.9998046460592739;0.9999999999999999;0.9999251702006614;0.9999792372518568;1.0003285712657508;0.9999639376054362;1.0;0.9999753121513055;0.9997349292208549;0.9999896537391945;1.0;0.9999657205425847;1.0;1.0;1.0;0.9999211978210679;0.999980090314533;0.9999310783475658;0.9999821356204834;0.9996399596398494;0.9999997214381132;1.0003056273612447;1.000338919650487;1.0;0.9996622136070679;0.9999751984284582;0.9998698102421759;1.0;0.9999999999999999;0.9993262888171754;0.9999523404852442;0.9985159077138331;0.9982941891553956;0.9989814153256694;0.9989538820352297;0.9989342399027729;1.0;0.999943841616725;0.9999884222355999;0.999840396496928;0.999993578623913;1.024999976158142;
2016-02-03 19:00:00;0.999985705687268;0.9995702888265176;0.9997871944015075;1.0;0.9999161063875074;0.9999784189637236;1.0003274873484858;0.9999629955243963;1.0;0.9999710749954437;0.999710771719494;0.9999891454199629;1.0;0.9999621199192806;1.0;1.0;0.9999999999999999;0.99991146003271;0.9999767085836846;0.9999256465307311;0.9999785196076165;0.9996061801347349;0.9999996741746219;1.000304634859328;1.000337935258406;1.0;0.999630387454426;0.9999728699964211;0.9998877859035538;1.0;1.0;0.9993118789006009;0.9999445199024791;0.9984665936247583;0.9982588514508045;0.9989716292606314;0.9989542505512389;0.9989459136824168;1.0;0.9999352865213738;0.9999861964599314;0.9998278108903277;0.9999926098389376;1.024999976158142;
2016-02-03 19:15:00;0.9999899516742178;0.9996097124288055;0.9998008464790717;1.0;0.9999259156985977;0.999978310314582;1.0003189998035213;0.9999618726971223;1.0;0.9999758188531451;0.9997311282734788;0.9999912625083606;1.0;0.9999644882870209;1.0;1.0;1.0;0.9999226817858827;0.9999811572069444;0.9999294269693628;0.9999849430731349;0.9996347646799497;0.9999997732216086;1.0002967259518334;1.000328912251889;1.0;0.9996582297711061;0.9999745964535599;0.9998869276149399;1.0;0.9999999999999999;0.9993749884760926;0.9999527693615892;0.9985942612543929;0.9983924481618002;0.9990747949246923;0.9990581159628583;0.999048985003816;1.0;0.9999443624675962;0.999990326543349;0.9998365802965732;0.9999943126226387;1.024999976158142;
2016-02-03 19:30:00;0.9999888755499314;0.9995870079647683;0.9997916159430623;1.0;0.9999204570580769;0.9999770431058034;1.0003254945068505;0.9999597410009697;1.0;0.9999736390068621;0.9997196383956249;0.9999910670141164;1.0;0.999961758471862;1.0;1.0;1.0;0.9999170408241557;0.999979570026592;0.9999261953985137;0.9999837947024476;0.9996163938451463;0.9999997604363389;1.0003031086975793;1.0003353497190888;1.0;0.9996415883583559;0.9999727649549155;0.999905073349074;1.0;1.0;0.9993175908472827;0.9999486277950401;0.9984698826973661;0.9982538317369503;0.9989866124298495;0.9989711565929622;0.9989628195830489;1.0;0.9999396959429872;0.999989640465556;0.9998291169749144;0.9999939241912167;1.024999976158142;
2016-02-03 19:45:00;0.9999899093600014;0.9996471486507301;0.9998198988139181;1.0;0.9999310895163281;0.9999805873562123;1.0003162350283474;0.9999661612666283;1.0;0.9999777086946687;0.9997557185586533;0.9999912998414169;1.0;0.9999685640017763;1.0;0.9999999999999999;1.0;0.9999273913916519;0.9999819219325592;0.9999362711210784;0.9999836310485875;0.9996680117602554;0.9999997406723486;1.0002942122070755;1.0003261184632524;1.0;0.9996885311031116;0.9999771646957942;0.9999183334921685;1.0;0.9999999999999999;0.9993619176742016;0.9999567167209427;0.998520901575902;0.9982843513314144;0.9990854700651294;0.9990679371494505;0.9990588061006467;0.9999999999999999;0.9999488043239626;0.9999893451137744;0.9998524139894496;0.9999946197130483;1.024999976158142;
2016-02-03 20:00:00;0.9999918357818126;0.9997245147685471;0.9998596576734844;1.0;0.9999459837492088;0.9999851500884499;1.0003038594851192;0.9999741419069492;1.0;0.9999825944806366;0.9998092289343236;0.9999917073394293;1.0;0.9999758023087361;0.9999999999999999;1.0;1.0;0.9999429305229309;0.9999857472770233;0.9999504584297357;0.9999866209594552;0.9997410430419246;0.9999997858971366;1.00028276034054;1.0003131981518978;1.0;0.9997567977497869;0.9999824266567264;0.9999049916879549;1.0;1.0;0.9994118824868639;0.9999660229581422;0.9985957414556517;0.9983708648127235;0.9991850655610464;0.9991676099412259;0.9991588904658822;1.0;0.9999598267841467;0.9999912771578617;0.9998852354146441;0.9999951024100989;1.024999976158142;
2016-02-03 20:15:00;0.9999882154217637;0.999594085294593;0.9997964014489062;1.0;0.9999227108485261;0.9999787253671635;1.0003099422117636;0.9999629852768455;1.0;0.9999738308252013;0.9997244045731276;0.9999901906490908;1.0;0.9999635638611949;1.0;1.0;0.9999999999999999;0.99991909082458;0.9999795015830769;0.9999284342495148;0.9999828706059182;0.9996255689003126;0.999999746144875;1.0002882390136236;1.0003197270397037;1.0;0.9996492994751642;0.9999740827624782;0.9999074231653448;1.0;0.9999999999999999;0.9994590876092342;0.9999493062922336;0.9987234445203367;0.9985071050023251;0.9992402355760517;0.9992215823583582;0.9992104823566378;1.0;0.9999407392632987;0.9999890541114163;0.9998342679676238;0.9999933853147503;1.024999976158142;
2016-02-03 20:30:00;0.9999892544197904;0.9996205517641545;0.999809832428371;0.9999999999999999;0.9999285239333581;0.9999801849701664;1.000308392792196;0.999965438161317;1.0;0.9999756667151823;0.9997428571139186;0.9999902704404909;1.0;0.999965801803144;1.0;0.9999999999999999;1.0;0.9999253971656223;0.9999811813463733;0.9999331827827583;0.999984878390354;0.9996509478304886;0.9999997807339728;1.0002868082203902;1.0003180189964622;1.0;0.9996732812882428;0.999975820927114;0.9999219561083642;1.0;1.0;0.9994513641281134;0.9999527734472747;0.9986568943758466;0.9984261230190716;0.9992623884031918;0.9992445534266774;0.9992346273924373;0.9999999999999999;0.9999448981890692;0.999990393212983;0.9998452619177346;0.9999934919223952;1.024999976158142;
2016-02-03 20:45:00;0.9999894397336988;0.9996604989469945;0.9998330701142318;1.0;0.9999364004846922;0.9999835328525906;1.0002998003482297;0.9999714926529589;1.0;0.9999776011353274;0.9997737982067212;0.9999898639515936;0.9999999999999999;0.999969861256898;0.9999999999999999;1.0;1.0;0.9999335571167646;0.9999827546459852;0.9999419009138213;0.9999858387145758;0.9996931373504002;0.9999998006082041;1.0002788283815416;1.0003091073096584;1.0;0.9997126274427897;0.9999789813130043;0.9999064351180349;1.0;1.0;0.9994929928975289;0.9999564914787263;0.9987586697312001;0.9985336394090482;0.9993184464905231;0.9993010010533159;0.9992918678744087;1.0;0.9999496964841736;0.9999910881283302;0.9998654146972643;0.9999931547890496;1.024999976158142;
2016-02-03 21:00:00;0.9999874931324106;0.9996752363355345;0.999842279643741;1.0;0.9999349180058189;0.9999848776988548;1.000296810893008;0.9999744894531002;1.0;0.9999771527802397;0.9997845886156856;0.9999904763969243;0.9999999999999999;0.9999721354171299;1.0;1.0;1.0;0.9999307265873865;0.999981138736856;0.9999454306126476;0.9999809220347394;0.9997059247392286;0.9999997060826934;1.0002762720132286;1.0003061326646232;0.9999999999999999;0.9997233576920781;0.999980051208183;0.9999091321369129;1.0;1.0;0.9995067362151508;0.999956198907085;0.9987870829980956;0.9985564321074021;0.9993404960085772;0.9993236844033154;0.9993145510170924;0.9999999999999999;0.9999491427073921;0.9999877109168379;0.9998735744387811;0.9999935668362756;1.024999976158142;
2016-02-03 21:15:00;0.9999859346030966;0.9994745433481007;0.9997386415703758;1.0;0.9999013588193395;0.9999720442751197;1.0003028561781895;0.999950839761212;1.0;0.999966349965309;0.9996490782309105;0.9999886886873894;1.0;0.9999511962483114;0.9999999999999999;1.0;1.0;0.9998978247927495;0.9999748036608811;0.9999079532395846;0.9999817675931271;0.999520116521145;0.9999997521708897;1.0002818652020313;1.0003122372470998;1.0;0.9995524005623002;0.9999659797594934;0.9999715170735796;1.0;1.0;0.9995018245672073;0.9999338752099229;0.9987737875573339;0.9985408193263672;0.9993347609241731;0.9993180776223606;0.9993089442873812;1.0;0.9999231481863313;0.9999886075212967;0.9997868351492444;0.9999917387938172;1.024999976158142;
2016-02-03 21:30:00;0.9999901485443826;0.9996499570012356;0.9998242806189304;1.0;0.9999332624563587;0.9999813099952237;1.0002978838001826;0.9999673506813693;1.0;0.9999775165129909;0.999762819008907;0.999990214893275;1.0;0.9999681472782311;0.9999999999999999;0.9999999999999999;0.9999999999999999;0.9999303088152287;0.9999825477365097;0.9999380881496438;0.9999858837366888;0.9996768852768012;0.9999997928760973;1.0002772243143288;1.0003070103689775;1.0;0.9996977331836508;0.9999774070843058;0.9999618588574728;1.0;1.0;0.9994925688940134;0.9999562895428173;0.9988043010403845;0.9985860409244386;0.9992860047689128;0.9992679257667042;0.999258792890091;1.0;0.999948880954178;0.99999100224354;0.9998566297331315;0.9999937061160447;1.024999976158142;
2016-02-03 21:45:00;0.9999861327365441;0.9995608153182224;0.9997872814515973;1.0;0.9999174359681468;0.9999786904667135;1.0002963099980424;0.9999631546759018;0.9999999999999999;0.9999701144254186;0.9997134414673257;0.9999879532864228;1.0;0.9999598357631139;0.9999999999999999;1.0;1.0;0.9999141714356445;0.9999774984569539;0.9999260464875963;0.9999826953523071;0.9996081116462575;0.9999997710693107;1.000275808569399;1.0003054179656368;1.0;0.9996340600833451;0.999972294089058;0.9999820327295836;1.0;0.9999999999999999;0.9995268603864108;0.9999422052569084;0.99887854565748;0.9986649107703369;0.9993387330719115;0.999321513051843;0.9993127922334271;1.0;0.9999335706746402;0.9999892733807109;0.9998287293062039;0.9999912731469437;1.024999976158142;
2016-02-03 22:00:00;0.9999792736118572;0.9994668531133983;0.9997581847369762;1.0;0.9999019401668195;0.9999790932434282;1.0003042258363342;0.9999650872034501;1.0;0.9999597967978029;0.9996742844237227;0.9999831029557859;1.0;0.9999514937099512;1.0;1.0;0.9999999999999999;0.9998984949459899;0.999970712530797;0.9999183008189005;0.9999782524029652;0.9995525742191407;0.999999758389652;1.0002832766396714;1.0003135147715354;1.0;0.9995829209068685;0.999967959149352;0.9999804189124856;1.0;1.0;0.9995399822809506;0.9999235004257991;0.9988465598553203;0.9986020447037802;0.9994001563046878;0.9993823248659116;0.9993728100375288;1.0;0.9999143677933939;0.999987075405042;0.9998108051315967;0.9999864228002042;1.024999976158142;
2016-02-03 22:15:00;0.9999890142204549;0.999715695614542;0.9998633036089649;1.0;0.9999431364554923;0.9999868814923802;1.0002828543470241;0.9999778422186456;1.0;0.999979745445396;0.9998139480037478;0.9999904145659216;1.0;0.9999752120558062;1.0;1.0;1.0;0.9999396819164863;0.9999835493820387;0.9999527814132759;0.9999838924339145;0.9997449375099609;0.9999997577558701;1.000263461057136;1.000291473412018;1.0;0.9997604782130698;0.9999824550732114;0.9999615031148367;1.0;0.9999999999999999;0.9995632272360138;0.9999610803596531;0.9989317992516389;0.9987021608389118;0.9994120569823142;0.9993945366988247;0.9993850217541767;0.9999999999999999;0.9999550065066192;0.9999896957476921;0.9998906028491339;0.9999936360482902;1.024999976158142;
2016-02-03 22:30:00;0.9999859991439985;0.999646588397285;0.9998329374250073;1.0;0.9999303815248568;0.9999845523811463;1.0002779290587311;0.9999740530512101;1.0;0.9999743595119412;0.9997728333011175;0.9999887596794073;0.9999999999999999;0.9999691245559356;0.9999999999999999;1.0;1.0;0.9999264138442036;0.9999795905827513;0.9999426968924156;0.9999807055488353;0.9996884045307598;0.9999997217697746;1.000258819015779;1.000286565937497;1.0;0.9997077043810615;0.9999785056275777;0.9999672035333053;1.0;1.0;0.9996238932845397;0.9999507582556655;0.9990927799768765;0.9988961821911014;0.9994851034581198;0.9994677397108102;0.9994586050079839;0.9999999999999999;0.9999435521316409;0.9999877997958774;0.9998672362092459;0.9999920236972817;1.024999976158142;
2016-02-03 22:45:00;0.9999871950776696;0.9996972430206376;0.9998583968702738;1.0;0.9999406680456507;0.9999876937393871;1.0002772291310709;0.9999796663978617;1.0;0.9999775425439086;0.9998065128388859;0.9999893352915828;1.0;0.9999741503444638;1.0;1.0;1.0;0.999937075716387;0.9999820070804476;0.9999518562195964;0.9999824634701165;0.9997358019814689;0.9999997480911395;1.0002580343457683;1.00028587680081;1.0;0.9997516671192304;0.9999820642608401;0.9999571844212837;1.0;1.0;0.999621143559933;0.9999572481592635;0.9991090030243074;0.998914049549572;0.9994657304411444;0.999447774993681;0.9994374660101338;1.0;0.999951215539831;0.9999889261420828;0.9998884524049482;0.9999925009251116;1.024999976158142;
2016-02-03 23:00:00;0.9999877564366381;0.9997080002823456;0.9998637047521346;1.0;0.9999433489886379;0.9999882701019855;1.0002727910708906;0.9999806089666279;1.0;0.9999783766438168;0.9998138353080106;0.9999894750023716;1.0;0.9999750427722353;1.0;1.0;1.0;0.9999400400993169;0.9999828244623443;0.9999537226827633;0.9999835865892551;0.9997461265850047;0.9999997679663367;1.0002538700978483;1.0002812799230032;1.0;0.9997614635128727;0.9999827778680382;0.999958446199079;1.0;1.0;0.9996604214098265;0.9999588315631167;0.9991478875913264;0.998956071781705;0.9995576481625311;0.9995407413152115;0.9995316059451823;0.9999999999999999;0.9999531212194737;0.9999896793106192;0.9998927773438546;0.9999925944680323;1.024999976158142;
2016-02-03 23:15:00;0.9999885213190349;0.9996922964059131;0.9998515758202902;1.0;0.9999397243647704;0.9999859428857252;1.0002681350680909;0.999976179972198;1.0;0.9999784433660326;0.9997978442532284;0.999989638701602;1.0;0.9999733155991999;1.0;1.0;1.0;0.9999362436455336;0.9999826852537075;0.999948768280402;0.9999835453460878;0.9997242135501402;0.9999997559186635;1.000249543825715;1.000276522172509;1.0;0.9997410223765799;0.9999812121122998;0.9999716004290693;1.0;0.9999999999999999;0.9996869030313145;0.9999585035625664;0.9992306056843522;0.9990546660636963;0.99958103305036;0.9995630332676888;0.9995538976939207;1.0;0.9999521010019681;0.9999895130225155;0.9998813006860511;0.9999931031222857;1.024999976158142;
2016-02-03 23:30:00;0.9999872857876768;0.9997197053525092;0.9998678946697014;0.9999999999999999;0.9999427165257706;0.9999884395941482;1.0002653592556354;0.9999811513538903;1.0;0.9999789103894848;0.9998183604902131;0.9999901183716708;1.0;0.9999766981435135;1.0;1.0;1.0;0.999938512774895;0.9999822688295805;0.9999550056793652;0.9999807997711863;0.9997516936744449;0.9999997052199919;1.0002470198696185;1.0002737722002966;1.0;0.9997657446460008;0.999983355082632;0.9999626936369767;1.0;1.0;0.9996932835083637;0.9999601209605059;0.9992462227748304;0.9990856051597211;0.9995896132826713;0.999572467551125;0.9995633318911318;1.0;0.9999540985048909;0.9999876529054175;0.9998957470750963;0.9999933130370994;1.024999976158142;
2016-02-03 23:45:00;0.9999886139163642;0.9997639649983803;0.9998893433662538;1.0;0.9999510225224594;0.9999906784048609;1.0002571509966793;0.9999850340299239;1.0;0.99998193868836;0.9998470979808795;0.9999908097005467;1.0;0.9999808673759557;1.0;0.9999999999999999;1.0;0.999947100595993;0.9999845068443591;0.9999624966092108;0.9999823806386152;0.9997911864651934;0.9999997249845506;1.0002393840755266;1.0002652670149543;1.0;0.9998025307192578;0.9999862304009571;0.9999756598947814;1.0;1.0;0.9997119963847685;0.999965937120379;0.9992856557866854;0.9991317550466341;0.9996191260066059;0.9996018404434794;0.9995923235251527;1.0;0.9999607829045468;0.9999886220190309;0.9999130881291893;0.9999939559863773;1.024999976158142;
2016-02-04 00:00:00;0.999988122398377;0.9997823610567917;0.9999025926225527;1.0;0.9999557815741551;0.9999932849277529;1.0002562514726114;0.9999898993098358;1.0;0.9999823084055821;0.9998644100917085;0.9999894193785255;1.0;0.9999830383039591;1.0;1.0;1.0;0.9999521506945928;0.9999850556046102;0.9999678807450734;0.9999829506199591;0.9998156554772433;0.9999997453934738;1.0002384316721857;1.000264375666841;0.9999999999999999;0.9998253135440607;0.9999881607832164;0.9999621838169083;1.0;1.0;0.9997045542376989;0.9999669309931986;0.9992871163420177;0.999126673030235;0.9995956813861324;0.9995763758240316;0.9995656528610659;1.0;0.9999626090369066;0.9999891338951779;0.9999255504672522;0.9999929105985176;1.024999976158142;
2016-02-04 00:15:00;0.999988244314821;0.9997293428966512;0.9998732138438643;1.0;0.9999458488928594;0.9999889510115216;1.0002612619951192;0.999981775190409;1.0;0.9999799270059018;0.999826397782921;0.9999898948591533;1.0;0.9999771774625188;1.0;1.0;1.0;0.9999422809049437;0.9999835850006955;0.999956854478546;0.9999831707113043;0.9997624241773083;0.9999997498018596;1.0002432505035792;1.0002693858832992;1.0;0.999776424865042;0.9999840192817864;0.9999737935115426;1.0;0.9999999999999999;0.9996904850471559;0.9999615545632766;0.9992298207065446;0.9990450012963114;0.999592373463881;0.9995750514844433;0.9995659158008338;1.0;0.9999559713114998;0.9999892802699679;0.9999000089629281;0.9999931453692588;1.024999976158142;
2016-02-04 00:30:00;0.999990036439839;0.9998012918364263;0.9999095946784236;1.0;0.9999616926163346;0.9999938970223347;1.0002554133970447;0.9999905941966425;1.0;0.9999846730024179;0.9998740756482577;0.999990411118775;0.9999999999999999;0.9999847080545489;1.0;1.0;0.9999999999999999;0.9999588232483051;0.9999873366606068;0.9999701219049562;0.9999861963488318;0.9998310485328509;0.9999997987909438;1.0002374017711608;1.0002635586546826;1.0;0.9998399440623468;0.9999894749819462;0.9999721600924076;1.0;1.0;0.9996821161618418;0.9999711104270504;0.9992150747041304;0.9990235217338909;0.999577201379486;0.9995594453911254;0.9995495162288939;1.0;0.9999674012742436;0.9999912629122297;0.999930736077833;0.9999936057851389;1.024999976158142;
2016-02-04 00:45:00;0.9999863860117087;0.9996374495313195;0.999841139628825;1.0;0.9999390123725742;0.9999880779890274;1.0002664333242886;0.9999799995597656;1.0;0.9999727390771941;0.9997869857469025;0.9999850279008795;1.0;0.9999669033919887;1.0;0.9999999999999999;1.0;0.9999382832999404;0.9999818264439642;0.9999473664900661;0.9999901293902334;0.9997096702734954;0.99999994885771;1.0002478480944317;1.0002742786197258;1.0;0.9997305682609149;0.9999794712279677;0.9999646475414432;1.0;1.0;0.9997066690202184;0.9999473858100634;0.9992784175776097;0.9991092010024812;0.9996080011200482;0.9995905620112103;0.9995810452002625;0.9999999999999999;0.9999424212508798;0.9999948408990008;0.999878044544299;0.9999882225500457;1.024999976158142;
2016-02-04 01:00:00;0.999995003125338;0.9998611542473798;0.9999364016672551;1.0;0.9999754997093566;0.9999948027518296;1.0002378657442712;0.9999911332093477;1.0;0.9999901639803872;0.9999140796448069;0.9999911920885982;1.0;0.9999877352761816;1.0;1.0;1.0;0.9999747797824284;0.9999930065128045;0.9999785596206389;0.999995120632739;0.9998833245915161;0.9999999495096956;1.000221492940949;1.0002447012399787;1.0;0.9998911611301357;0.9999920744144732;0.9999697387153452;1.0;1.0;0.9997477510946537;0.9999806867365524;0.9994053247444291;0.9992760725333144;0.9996452475695917;0.999627503354693;0.9996179861920371;0.9999999999999999;0.9999784333079215;0.9999971577799142;0.9999502912125442;0.999994482930425;1.024999976158142;
2016-02-04 01:15:00;0.999994712748347;0.9998688315481878;0.9999392390832157;1.0;0.9999752748480849;0.999994955572788;1.0002375750180985;0.9999915564430172;1.0;0.9999905019064743;0.9999172125692297;0.9999919677489254;1.0;0.9999887872767529;1.0;1.0;1.0;0.9999740233608823;0.9999926881368427;0.9999794523471086;0.9999934417763872;0.999887315339395;0.99999991223821;1.0002212601004807;1.0002444841987184;0.9999999999999999;0.9998943208753714;0.9999924633113363;0.9999613738702808;1.0;1.0;0.999757302643237;0.999981542628423;0.9994253835761718;0.9993014638247265;0.9996603593444827;0.9996431576825037;0.9996336403708075;0.9999999999999999;0.9999791205841635;0.9999959428509707;0.9999523613997603;0.9999950872223624;1.024999976158142;
2016-02-04 01:30:00;0.9999956593157899;0.999872090517345;0.9999373833076379;1.0;0.9999766010318527;0.9999945456919548;1.000238844525755;0.9999906420186647;1.0;0.9999917134654068;0.9999140978218052;0.9999924623781657;1.0;0.9999894738191727;1.0;1.0;1.0;0.9999753694558768;0.9999934779544691;0.9999784946430391;0.999994035962253;0.9998852304104114;0.9999999136344065;1.0002221702976435;1.0002460109074216;0.9999999999999999;0.9998919689470028;0.9999927170376846;0.9999622953003197;1.0;1.0;0.9997376009289424;0.9999836932598977;0.9993789940579696;0.9992494775950526;0.9996326150497767;0.9996150908997742;0.9996055738552937;1.0;0.9999812367336502;0.999996231638622;0.9999501398545388;0.9999956838671312;1.024999976158142;
2016-02-04 01:45:00;0.9999963288683554;0.9999190918152575;0.9999616543528274;1.0;0.9999851357602162;0.9999974559386201;1.0002339285772328;0.9999959791574745;1.0;0.9999942923328414;0.999946172950336;0.999992333316707;1.0;0.9999941262997099;1.0;1.0;1.0;0.9999840037258119;0.9999952261691921;0.9999872359962474;0.9999947092202873;0.9999293407514136;0.9999999206146689;1.0002175867803107;1.000240940685401;1.0;0.9999328109522971;0.9999959065681596;0.9999659898411867;1.0;1.0;0.9997467432788852;0.9999891338240434;0.9993925066814248;0.9992628409121502;0.9996509633719122;0.9996328777669017;0.9996237415547851;1.0;0.999987645281661;0.9999966260961135;0.9999703998164621;0.9999958245468724;1.024999976158142;
2016-02-04 02:00:00;0.9999973770779204;0.9999117264849622;0.9999567786183282;1.0;0.9999843644226967;0.9999960994034731;1.000226669465947;0.9999931802883361;0.9999999999999999;0.9999944411440728;0.9999412013870886;0.999992551402607;1.0;0.999992445384142;1.0;1.0;1.0;0.9999837762502157;0.9999958654616032;0.9999850964937905;0.999996845683874;0.9999212526339374;0.9999999587489505;1.0002110109061848;1.000233209121532;0.9999999999999999;0.9999262016358557;0.9999948877299227;0.9999481574582693;1.0;1.0;0.9998092800603201;0.9999889038671177;0.9995856937750318;0.9995188185074116;0.9997076581573382;0.9996901088398868;0.9996813848048315;1.0;0.9999872905195559;0.9999980601158276;0.9999654418355577;0.9999959732762964;1.024999976158142;
2016-02-04 02:15:00;0.9999962016932289;0.9998841750754063;0.9999433860648168;0.9999999999999999;0.9999782508531992;0.9999946807247331;1.0002241704947976;0.9999907865623456;0.9999999999999999;0.999992414440355;0.9999229992604893;0.9999927866462454;0.9999999999999999;0.9999900062535713;1.0;1.0;1.0;0.9999771924484611;0.9999940975257311;0.9999804090862527;0.9999948299264334;0.9998957947945498;0.9999999257772013;1.00020872426072;1.0002307068542071;1.0;0.9999022587138395;0.999993087301512;0.9999640344924533;1.0;0.9999999999999999;0.9998310512226344;0.999984998065196;0.9996418309783103;0.9995978047119956;0.9997349871185004;0.9997176995518862;0.9997081815304986;1.0;0.9999826915908676;0.9999967401935087;0.9999545813207027;0.999995932938296;1.024999976158142;
2016-02-04 02:30:00;0.9999954774806868;0.9998850739385285;0.99994411462996;1.0;0.999977351703652;0.9999950218198208;1.000224418908432;0.9999916139017069;1.0;0.9999921178048216;0.9999231300731162;0.9999925433833581;1.0;0.9999906009409077;1.0;1.0;1.0;0.9999758076049529;0.9999934239917997;0.9999807975802889;0.9999930481005155;0.9998961158625658;0.9999998917215496;1.000208922524661;1.000231093411049;1.0;0.9999019871274557;0.9999933107648715;0.9999655117940299;1.0;1.0;0.9998235903319591;0.9999846597454795;0.9996306836023814;0.9995810084559529;0.9997200961088508;0.9997016484059776;0.9996913368038077;1.0;0.99998221785215;0.9999955175722854;0.9999554783345895;0.9999958632591178;1.024999976158142;
2016-02-04 02:45:00;0.9999965265494737;0.9998955451696943;0.9999490497954238;1.0;0.9999810445541178;0.9999955599166319;1.0002218439280364;0.9999923465455091;1.0;0.9999932469384839;0.9999302720897779;0.9999925253662693;1.0;0.9999913117615442;1.0;1.0;1.0;0.9999801239559809;0.9999947730425325;0.9999825106144734;0.9999954205187842;0.9999067318821768;0.9999999354398682;1.0002064323223112;1.0002283899545708;1.0;0.9999123200880924;0.9999940487591954;0.9999612437694957;1.0;1.0;0.9998321491965738;0.9999866432300795;0.9996488167787273;0.999603921139394;0.9997335280270249;0.9997156906401834;0.999706172637922;0.9999999999999999;0.9999846732683584;0.9999971288405686;0.9999594445825168;0.9999958452419692;1.024999976158142;
2016-02-04 03:00:00;0.9999967176293743;0.999916711176918;0.9999600553592146;1.0;0.9999847718187543;0.9999969220426972;1.0002195484973952;0.9999948811177266;0.9999999999999999;0.9999943489651394;0.9999446903264385;0.9999927447289875;1.0;0.9999934827429162;1.0;0.9999999999999999;1.0;0.9999838328679431;0.9999954569972391;0.9999864965123961;0.999995473947584;0.9999265987313359;0.9999999341534418;1.0002042837599383;1.0002260431647654;1.0;0.9999306368824801;0.9999955098552015;0.9999713129646688;0.9999999999999999;1.0;0.9998311032986155;0.9999890307433038;0.9996473095257816;0.9996030880818564;0.9997314023543087;0.999713949707992;0.9997048127549129;1.0;0.9999874825422058;0.9999971382792007;0.999968685725838;0.999996035575924;1.024999976158142;
2016-02-04 03:15:00;0.999996347611905;0.9998798374123001;0.9999406676865298;1.0;0.9999790459996486;0.9999948877693202;1.0002242105405066;0.9999911217180687;1.0;0.9999925452636632;0.9999186747958971;0.9999924244811562;1.0;0.99999010899057;1.0;1.0;1.0;0.9999781468757132;0.9999943416420698;0.9999796084263473;0.9999953714598141;0.9998922532376845;0.9999999369450651;1.0002084428979339;1.0002309789391275;1.0;0.9998986742183894;0.9999932532552446;0.9999559140956608;1.0;1.0;0.9998345581154203;0.9999852228838285;0.9996501825725487;0.9996114904032194;0.9997398612157191;0.9997221153213798;0.999712597257951;0.9999999999999999;0.9999830473222037;0.9999971226325769;0.9999527208140601;0.9999957153270386;1.024999976158142;
2016-02-04 03:30:00;0.999995427244435;0.9998778975795001;0.9999410846335971;0.9999999999999999;0.9999771482611525;0.9999950119696789;1.0002210866236887;0.9999915606860962;1.0;0.9999917589101989;0.9999190358526531;0.9999920970358268;1.0;0.999990021916498;1.0;1.0;1.0;0.9999758171287735;0.9999934108452746;0.9999798808657532;0.9999936222170195;0.9998913971542028;0.99999990665393;1.000205692888674;1.0002277274948168;1.0;0.9998976801968518;0.9999930899781625;0.9999688260234393;1.0;1.0;0.9998424805707931;0.9999838954339155;0.9996859133300048;0.9996516407664642;0.999739355271963;0.9997218899687811;0.99971316565638;1.0;0.9999815212524039;0.9999959596552215;0.999953350953029;0.9999954921078196;1.024999976158142;
2016-02-04 03:45:00;0.9999953336886946;0.9998438354873658;0.9999211247855205;1.0;0.9999699970150091;0.9999920430644875;1.0002274727385085;0.999986080214372;1.0;0.9999902823245517;0.9998926235255396;0.9999925516658157;1.0;0.99998653745451;1.0;1.0;0.9999999999999999;0.9999683732898532;0.9999921635393548;0.9999723313709254;0.9999927259754968;0.9998548043332628;0.9999998861373222;1.0002116969142767;1.000234307506102;1.0;0.9998636206766355;0.9999904041985825;0.9999605398737618;1.0;1.0;0.9998400976472066;0.9999806519084052;0.9996687699123027;0.9996218953325324;0.9997438759260512;0.999726038354581;0.9997165202538022;1.0;0.9999772782391533;0.9999952991979965;0.999935861380333;0.9999958715416029;1.024999976158142;
2016-02-04 04:00:00;0.9999970816683824;0.999885121112668;0.9999429876138858;1.0;0.9999796309149344;0.9999943953029503;1.0002285226350383;0.9999900394654045;1.0;0.9999929992626997;0.9999230970887214;0.9999923392472513;1.0;0.9999897242673882;1.0;1.0;1.0;0.9999790427452377;0.9999949406910011;0.9999801075694424;0.999996670364539;0.9998963077085278;0.9999999587489861;1.0002127484485244;1.0002351044707916;0.9999999999999999;0.9999031771744515;0.9999930370440041;0.9999416066020044;1.0;1.0;0.9998181054992232;0.9999858692570878;0.9996299760490494;0.9995837022054106;0.9997040357304408;0.9996861690206839;0.999677032321508;1.0;0.9999837207540868;0.9999979773653388;0.9999538834492898;0.9999957611202146;1.024999976158142;
2016-02-04 04:15:00;0.9999970222147;0.9998997788615385;0.9999508572358412;1.0;0.999981609666698;0.9999952916758093;1.0002228566245706;0.9999917426722957;1.0;0.9999936136441444;0.9999334670095181;0.9999923416317861;1.0;0.9999911854231189;1.0;1.0;1.0;0.9999808821268327;0.9999951975277979;0.9999829426155726;0.9999962426934172;0.9999099547111799;0.9999999489769382;1.0002075420444592;1.0002292512483177;1.0;0.99991574942393;0.999993979131593;0.9999594321589146;1.0;1.0;0.9998317184936224;0.9999872221901674;0.9996490615940965;0.9996035223631751;0.9997320619355559;0.9997133643002698;0.9997034336090789;1.0;0.9999852854177528;0.999997666286955;0.9999604507082815;0.9999958328619805;1.024999976158142;
2016-02-04 04:30:00;0.9999958736092494;0.9998833106057715;0.9999431824233392;1.0;0.9999794277484066;0.9999955033691461;1.0002286873950066;0.9999923983202041;1.0;0.9999924055217525;0.9999214774040863;0.9999915472409345;1.0;0.9999907781910088;0.9999999999999999;0.9999999999999999;1.0;0.9999783232373703;0.9999940418946206;0.9999806912002613;0.999994525922972;0.999896448066982;0.99999992254338;1.0002125605663594;1.0002356678741042;1.0;0.9999022501392938;0.99999367298794;0.9999595315578004;1.0;1.0;0.9998154944127373;0.9999852389631398;0.9996032206454973;0.9995412742257648;0.9997144317955879;0.9996950083841457;0.9996850778752941;1.0;0.9999831387633942;0.999996562325535;0.9999552332638516;0.9999952679143036;1.024999976158142;
2016-02-04 04:45:00;0.9999955044871174;0.9998570636599995;0.9999304853707167;1.0;0.9999744533754072;0.9999937738092266;1.0002315016385663;0.9999892061898352;0.9999999999999999;0.999990731008933;0.9999053878590826;0.9999920348940079;0.9999999999999999;0.9999877341157531;1.0;0.9999999999999999;1.0;0.9999734316684308;0.9999930522583963;0.9999760884149299;0.9999945385043398;0.9998730881231577;0.9999999283490684;1.0002153507252451;1.0002384024987472;1.0;0.9998810232541178;0.9999916795061753;0.999961862708842;1.0;0.9999999999999999;0.999806819286936;0.9999817444543753;0.9995771731103743;0.9995141339278076;0.9997060544111732;0.9996881199136697;0.9996781894732449;0.9999999999999999;0.9999791248026453;0.9999966349737079;0.9999445708328761;0.9999952854110694;1.024999976158142;
2016-02-04 05:00:00;0.999993482642062;0.9998101518126865;0.9999127283717664;1.0;0.999966032514324;0.9999923285833859;1.000231765807803;0.9999867792685301;1.0;0.9999865542552788;0.9998828967976902;0.9999899506326899;1.0;0.9999826517443446;1.0;1.0;0.9999999999999999;0.999965162486991;0.999990542372078;0.9999703458983091;0.9999938129194867;0.9998396171318363;0.999999938983892;1.0002159002495103;1.000238389718795;1.0;0.9998508032434124;0.9999887386123607;0.9999717842385647;1.0;1.0;0.9998171334763496;0.9999735611776165;0.999602309970379;0.9995391494171543;0.9997199975743393;0.9997013847334545;0.9996914541612631;1.0;0.9999703884350759;0.9999964276191493;0.9999312656352134;0.9999934150544544;1.024999976158142;
2016-02-04 05:15:00;0.9999945063484225;0.999798389555906;0.9999017816347864;1.0;0.9999639523525733;0.9999903458640041;1.0002369965829143;0.9999829464100677;0.9999999999999999;0.9999871205722285;0.999868041450084;0.9999906558104816;1.0;0.9999815734565868;1.0;1.0;1.0;0.999962995076677;0.9999908024632709;0.9999658506607816;0.9999941264196086;0.9998207717400847;0.9999999328662063;1.000220598092186;1.0002439294842673;0.9999999999999999;0.9998329811687737;0.9999876203355412;0.9999602031233122;1.0;1.0;0.9997964434951195;0.9999743042675255;0.9995725563058114;0.9995134585599305;0.999677910444641;0.9996518683859771;0.9996326989462189;1.0;0.9999705996430529;0.9999964939317562;0.9999208577119038;0.9999942222325888;1.024999976158142;
2016-02-04 05:30:00;0.999995705349722;0.9998380761375806;0.9999195907074306;1.0;0.9999710272294147;0.9999921345434439;1.0002334515334395;0.9999860923932201;1.0;0.9999900309690947;0.9998912969495478;0.9999893910484096;0.9999999999999999;0.9999856346631908;1.0;1.0;1.0;0.9999700668193461;0.9999926653312863;0.9999719616094135;0.9999948195803344;0.9998535250892803;0.9999999326473872;1.0002172037886536;1.000240363097781;1.0;0.9998630645681545;0.9999901946566568;0.9999723470231102;1.0;0.9999999999999999;0.9997744325637725;0.9999800245142106;0.9995433244941054;0.9994836296231197;0.999631483242777;0.9995990426888758;0.999576392779477;1.0;0.999976950972752;0.9999968135116513;0.9999350086819107;0.9999941330492247;1.024999976158142;
2016-02-04 05:45:00;0.9999954418341762;0.9998588470835006;0.9999313911030492;1.0;0.9999742179432499;0.9999937672958177;1.0002333711375861;0.9999892045781483;1.0;0.9999907907134342;0.9999066309122195;0.9999889629633839;1.0;0.9999878861870763;1.0;1.0;1.0;0.9999730843573961;0.999992985207295;0.9999763636472622;0.9999941931655071;0.9998742251961674;0.9999999205049409;1.0002171665991861;1.0002402861289834;1.0;0.9998820658910116;0.999991728767464;0.9999697668415441;1.0;1.0;0.9997510665012573;0.9999817915603229;0.9995163579864724;0.9994519300134174;0.9995794210866185;0.9995457794215212;0.9995225583496399;1.0;0.9999791185895313;0.9999963846924069;0.9999452028867096;0.9999939456738042;1.024999976158142;
2016-02-04 06:00:00;0.9999961586276155;0.9998206574318032;0.9999087917302627;1.0;0.9999680378842309;0.9999903814023313;1.0002493191344675;0.9999827418335597;1.0;0.9999895710778469;0.9998773619620496;0.9999893719319117;1.0;0.9999836214219902;1.0;1.0;0.9999999999999999;0.9999671893272759;0.9999924723511453;0.9999677833732071;0.9999953801532944;0.9998344438370635;0.9999999404899438;1.0002320032118037;1.0002566322114699;1.0;0.9998455522817776;0.9999887259790051;0.9999451566448213;1.0;1.0;0.9996661064882338;0.9999788296153237;0.9992952753591743;0.9992373773584242;0.9994741402977361;0.9994416017020591;0.999419335981151;1.0;0.9999753153677434;0.9999971602486639;0.999925334915859;0.999994239119514;1.024999976158142;
2016-02-04 06:15:00;0.9999960113202149;0.9996715190164945;0.9998255808206437;1.0;0.999940374780353;0.9999787065089812;1.0002588249183966;0.9999610266897372;1.0;0.9999827965586744;0.9997683210893028;0.9999857728705545;1.0;0.9999679472231721;1.0;1.0;1.0;0.9999393777070316;0.9999879470403261;0.9999367764181548;0.999994796026049;0.9996840777446345;0.9999999300749793;1.0002409768006355;1.0002663351649337;1.0;0.9997066232290254;0.9999774852559744;0.9999019769864698;1.0;1.0;0.9997069684825658;0.9999640129065924;0.9994610270049379;0.9994170838319605;0.9994841961808294;0.9994444053334748;0.9994211866166781;1.0;0.9999569588835513;0.9999967441823016;0.999853534806404;0.9999926998465394;1.024999976158142;
2016-02-04 06:30:00;0.9999954291195738;0.999795604636545;0.9998966219598129;1.0;0.9999625228562015;0.999988794933744;1.0002501013721385;0.9999799210219732;1.0;0.999987834429242;0.9998614694514154;0.9999821749697004;1.0;0.9999810040202787;1.0;1.0;1.0;0.9999614429962098;0.9999911315460059;0.9999633970694076;0.9999943022295363;0.9998113437202615;0.9999999242714814;1.0002328920930315;1.0002573529387346;1.0;0.9998242188923231;0.9999868807804585;0.9998847664934366;1.0;1.0;0.9997288803988511;0.9999752930899021;0.9995048161196255;0.9994650516106347;0.9995203832118018;0.9994750446585119;0.9994518252299139;1.0;0.9999711569317228;0.999996470364833;0.9999151733528313;0.999990853360723;1.024999976158142;
2016-02-04 06:45:00;0.999995802830589;0.9997280549126156;0.9998584022251173;1.0;0.9999513912227356;0.9999835877430101;1.0002686036615218;0.9999701827324613;0.9999999999999999;0.9999850390257845;0.9998112845057837;0.9999469753731387;1.0;0.9999739445838723;1.0;1.0;1.0;0.9999505471364598;0.9999895367306606;0.9999491920396648;0.9999951449660619;0.9997435774042477;0.9999999408027979;1.0002500165451509;1.000276413833987;1.0;0.9997616501956921;0.9999818967415561;0.9998940089485325;1.0;1.0;0.9996551985884615;0.9999692569633215;0.9994415222915749;0.999405670621245;0.9993413636598399;0.9992308102198739;0.9992023502504278;1.0;0.9999637069403486;0.9999970375888143;0.999882300824365;0.9999749598343964;1.024999976158142;
2016-02-04 07:00:00;0.9999950588990293;0.9997543877937388;0.9998756010225649;1.0;0.9999562442265671;0.9999864635300039;1.0002822787041044;0.9999756308370596;1.0;0.9999856012880588;0.9998337553667666;0.9999305017729206;1.0;0.9999768720655404;0.9999999999999999;1.0;1.0;0.9999553726438366;0.9999898926812458;0.999955923093552;0.9999946654831052;0.9997741686681074;0.9999999388746159;1.0002627806316018;1.0002904541564699;1.0;0.9997899311686627;0.9999841813616182;0.9998671693060629;1.0;1.0;0.9995518531806763;0.9999707766079814;0.9992694849781655;0.9992065098327712;0.9991471392412351;0.9990093091072662;0.998981322151951;1.0;0.9999659999769953;0.9999968034814126;0.99989787438146;0.9999672146624222;1.024999976158142;
2016-02-04 07:15:00;0.99998888005674;0.9996208884374935;0.9998229496224685;1.0;0.9999347965218827;0.9999836079242433;1.0003110639224033;0.9999713426859648;1.0;0.9999740906740979;0.999763649531803;0.9999352101089098;1.0;0.9999644086876788;1.0;1.0;1.0;0.9999340184606107;0.9999825994436968;0.9999393341147867;0.9999913615507751;0.9996775796159454;0.9999999454260009;1.0002895356471522;1.0003200687337035;1.0;0.9997008809672618;0.9999769485451641;0.9998020351140502;0.9999999999999999;1.0;0.999438536284772;0.999949212294476;0.9991487627944519;0.9990890750674548;0.9988877918928194;0.9986814723147948;0.998543239450555;1.0;0.9999431269375076;0.9999953506048831;0.9998594748154324;0.9999667848572645;1.024999976158142;
2016-02-04 07:30:00;0.9999676272517527;0.9990857157659793;0.9995965349579258;1.0;0.9998449861239906;0.99996603805126;1.0003655596783019;0.9999428883156333;0.9999999999999999;0.9999301706189367;0.9994632491577028;0.999904007691855;1.0;0.9999125862637859;1.0;1.0;0.9999999999999999;0.999844047304433;0.999954011368557;0.9998648095396842;0.999978410781864;0.999262517573299;0.999999934112221;1.0003402912846455;1.000376120971889;1.0;0.9993178312819496;0.9999447843328905;0.9998154920736453;0.9999999999999999;0.9999999999999999;0.999334112975632;0.9998680643958143;0.9990118149794536;0.9989475976437467;0.9986663480344604;0.9983906186434702;0.9981982323532492;1.0;0.999855195741367;0.999989144617061;0.9996871752427728;0.9999443560368224;1.024999976158142;
2016-02-04 07:45:00;0.9999825885208079;0.9995143745438186;0.999781821103554;1.0;0.9999149788444217;0.9999814536336686;1.0003331352594524;0.9999685618345284;0.9999999999999999;0.9999639384618513;0.9997080993291729;0.9999003667518829;0.9999999999999999;0.9999548053521726;1.0;1.0;0.9999999999999999;0.9999134086511781;0.9999752750517331;0.9999265149991143;0.9999854994811694;0.9995996564271112;0.9999998898722416;1.000310210689285;1.0003428268761205;1.0;0.9996283595724385;0.9999710391245162;0.9998047830163932;1.0;0.9999999999999999;0.9993302234319487;0.9999307460850415;0.9990170588897077;0.9989511042563944;0.998651034939658;0.9983704483094408;0.9982060075618836;1.0;0.999923240974721;0.9999919831021798;0.9998298085885434;0.9999490481819024;1.024999976158142;
2016-02-04 08:00:00;0.9999802401656736;0.999463041564472;0.9997490312913739;1.0;0.9998983802914969;0.999976371509561;1.0003436371773107;0.9999600835486988;0.9999999999999999;0.9999606628481716;0.999661774763721;0.9998996889459966;1.0;0.9999509348015336;1.0;1.0;1.0;0.9998941827421958;0.9999704640473248;0.9999139684077971;0.999976639077768;0.9995350314654726;0.9999997056350534;1.0003201125725527;1.0003540820735293;1.0;0.9995659560854827;0.9999666204286067;0.9997967085108705;1.0;1.0;0.9993227414567553;0.9999251968587035;0.9990217562535567;0.9989591112510072;0.9986252690362042;0.998350942989566;0.9981999590690356;1.0;0.9999150917641945;0.9999856922006793;0.9998008050425651;0.999949664921299;1.024999976158142;
2016-02-04 08:15:00;0.9999826989827012;0.9993729986178367;0.9997019663772105;1.0;0.9998900629790985;0.9999701279513217;1.0003473644444048;0.9999478297175324;0.9999999999999999;0.9999571826926319;0.9996031960010059;0.9999134740098219;1.0;0.9999397129024253;1.0;1.0;0.9999999999999999;0.9998885787442522;0.9999708578669494;0.999896715989971;0.9999855944430368;0.9994567514834511;0.9999998958968545;1.0003233669789608;1.000357515616848;1.0;0.9994962187997743;0.9999599998181941;0.9998179574001209;1.0;1.0;0.9993454964884861;0.9999175083992139;0.9990548833765857;0.9989938981889254;0.998671292205141;0.9984203739940372;0.9982654140609686;1.0;0.9999067987461958;0.999992033411574;0.9997609686179508;0.9999550771526754;1.024999976158142;
2016-02-04 08:30:00;0.9999906643625333;0.9994674342989439;0.9997283687441526;1.0;0.999906894557915;0.9999692468082267;1.0003564964616636;0.9999447435089267;1.0;0.9999686630393972;0.9996385185934062;0.9998984749703199;1.0;0.999948312217635;1.0;1.0;1.0;0.9999058362287022;0.999978646677534;0.9999032306593796;0.999991365565466;0.999508947183127;0.999999925771124;1.0003315554400347;1.000367075136551;0.9999999999999999;0.9995441502471267;0.9999644608581185;0.9998166913421169;1.0;1.0;0.9992144107779487;0.9999379708353888;0.9989013495278205;0.9988154543703636;0.9983807734020304;0.9980905426470826;0.9979303186702465;0.9999999999999999;0.9999277854082395;0.9999950490143824;0.9997760259331173;0.9999512303596041;1.024999976158142;
2016-02-04 08:45:00;0.9999933407316385;0.9994518368705647;0.9997093863693158;1.0;0.9999037138546157;0.9999652830315158;1.000370888837988;0.9999368312363772;1.0;0.9999708381116938;0.9996129846893012;0.9998775819759133;0.9999999999999999;0.9999468396962026;1.0;1.0;1.0;0.9999025038672256;0.9999799073455213;0.9998950537389756;0.9999924801259822;0.9994763082293731;0.9999999151380173;1.0003447121481202;1.0003821074909147;1.0;0.999513337821279;0.999962688709722;0.9998125352007412;1.0;0.9999999999999999;0.9991308826382236;0.9999407687313231;0.9986451098060515;0.9984754106261539;0.9983038274539099;0.997957513760549;0.9977763366449863;1.0;0.9999295360724951;0.9999954402394137;0.9997570308373336;0.9999429723308438;1.024999976158142;
2016-02-04 09:00:00;0.9999929036866249;0.9996708091023812;0.9998302194680625;1.0;0.9999381969902547;0.9999807503675541;1.0003597336518544;0.9999656445423222;1.0;0.999980565200523;0.9997721751612456;0.9998836900554242;1.0;0.9999692778631964;1.0;1.0;1.0;0.9999360279138455;0.9999853140935151;0.9999393866837449;0.9999896830786555;0.9996896519666751;0.9999998478928952;1.0003349615147126;1.0003703142482239;1.0;0.999710413432073;0.9999781995644028;0.999800426804213;0.9999999999999999;1.0;0.9990929138354497;0.999961147870701;0.9985640823593384;0.9983774972685063;0.9982446389762718;0.997896852368328;0.9977015773671126;1.0;0.9999540569998792;0.9999934093271505;0.999859616750291;0.9999461243426137;1.024999976158142;
2016-02-04 09:15:00;0.9999873473785819;0.9994882142202303;0.9997487242083605;0.9999999999999999;0.9999078386329118;0.9999731087761878;1.0003703130440773;0.9999525425474723;0.9999999999999999;0.9999667993042471;0.9996650755789653;0.9998759453616926;1.0;0.999950826248083;1.0;1.0;1.0;0.9999059897255445;0.9999767033681634;0.9999117149888938;0.9999872827550574;0.9995415690855877;0.9999998703339216;1.0003448710346798;1.0003810737101553;1.0;0.9995741918013704;0.9999665296095455;0.999797705196644;1.0;1.0;0.9991591065820431;0.9999353319789317;0.9986964055624713;0.9985363272241963;0.9983539121283583;0.9980308677449503;0.9978753549934157;0.9999999999999999;0.9999257139306349;0.9999925268920655;0.9997956518448425;0.9999402223533435;1.024999976158142;
2016-02-04 09:30:00;0.9999934824978295;0.9996397213634174;0.9998124323775825;0.9999999999999999;0.9999342923982278;0.9999784236394765;1.000362292230025;0.99996120683548;1.0;0.9999795018833669;0.9997489500870909;0.9998801768730127;0.9999999999999999;0.9999659493129687;1.0;1.0;1.0;0.999932555292784;0.9999850347908612;0.9999328041219595;0.9999912080125427;0.9996592124475295;0.9999998781815727;1.000337172002554;1.0003729955583762;0.9999999999999999;0.9996824788692164;0.9999759776698808;0.9998117360286185;1.0;1.0;0.9990792145929258;0.9999588360177731;0.9985691507894964;0.9983862061752712;0.9981998539210085;0.9978711351359772;0.9977083401472173;1.0;0.9999512762692008;0.9999944598297291;0.9998443939437333;0.9999444901463458;1.024999976158142;
2016-02-04 09:45:00;0.9999934018044434;0.9996698790636092;0.9998267246902575;1.0;0.999936779698815;0.9999795706197204;1.0003549240929455;0.999963445236214;1.0;0.9999809996242505;0.9997675395999231;0.9999059858680204;0.9999999999999999;0.9999690176920059;1.0;1.0;0.9999999999999999;0.9999343316290047;0.9999852949086533;0.9999376591186636;0.9999891752224871;0.9996828690805086;0.9999998283299536;1.0003305504629163;1.0003653733947329;1.0;0.9997039236792044;0.9999776339037634;0.999799032855351;1.0;1.0;0.999145654710749;0.9999619276861764;0.998610070691413;0.9984090666960068;0.998372302202501;0.9980837923688158;0.9979170018687833;1.0;0.9999544354792431;0.9999929384220299;0.9998556255451266;0.9999566057624559;1.024999976158142;
2016-02-04 10:00:00;0.9999903859699422;0.999630276505012;0.9998079835644945;1.0;0.9999265100252055;0.9999781244346948;1.0003671432713677;0.9999615322310679;0.9999999999999999;0.9999773866031278;0.9997403989765336;0.9998827960152721;1.0;0.9999664644665123;0.9999999999999999;1.0;1.0;0.9999225653947399;0.9999814626756816;0.999931374573907;0.9999831738370114;0.9996457246053015;0.9999997233873793;1.0003418694995745;1.000378303696488;0.9999999999999999;0.9996679265268094;0.9999753455144826;0.9998074984495641;1.0;0.9999999999999999;0.9990668713232675;0.9999556535442307;0.9985181290665422;0.9983168127352244;0.9981974674517982;0.9978589017352176;0.9976785857242431;1.0;0.9999469581187561;0.999988923170106;0.9998410855561388;0.9999459565486839;1.024999976158142;
2016-02-04 10:15:00;0.9999923148819794;0.9996647449716806;0.9998252162737041;1.0;0.999935590178149;0.9999801211010342;1.000370147375948;0.9999647490381313;1.0;0.9999801720925935;0.9997642543046262;0.9998689061996474;1.0;0.9999693311487354;1.0;1.0;1.0;0.9999326946930698;0.9999843088032673;0.9999374927870176;0.9999872911254322;0.9996796133509316;0.9999997969563515;1.000344549787013;1.0003812649978765;1.0;0.9997001629570905;0.9999777557080094;0.9998210508112355;1.0;1.0;0.9989936008134482;0.9999607768759198;0.9984468786082089;0.9982615309748998;0.9980251382538473;0.9976652152483545;0.9974885553617804;1.0;0.9999532057454963;0.9999916982224157;0.9998552418328918;0.9999397165194396;1.024999976158142;
2016-02-04 10:30:00;0.9999884936701211;0.9996862161506018;0.9998393544867896;1.0;0.9999335565447038;0.999983028527358;1.000361352675062;0.9999712014764477;0.9999999999999999;0.999979014847611;0.9997792354809906;0.9998739012970471;1.0;0.9999736645636543;0.9999999999999999;1.0;1.0;0.999928240294688;0.9999811450296009;0.9999433155573477;0.9999782909747293;0.9996994244787887;0.9999996272097847;1.0003363697973515;1.000372731419701;1.0;0.9997159307232103;0.9999798643184976;0.99980655883694;1.0;1.0;0.9990752910467429;0.9999601064653874;0.998560380862926;0.9984115632183155;0.9981940044785543;0.997840024994109;0.9976603479559752;0.9999999999999999;0.9999522157982605;0.999985548948088;0.9998687100040868;0.9999420905130268;1.024999976158142;
2016-02-04 10:45:00;0.9999928518361797;0.9995609404447776;0.9997682533494376;1.0;0.9999170798851953;0.9999717669289084;1.0003578645560338;0.9999489538023426;1.0;0.9999756215165642;0.9996910789081255;0.9998910174943034;0.9999999999999999;0.9999576060460562;1.0;0.9999999999999999;1.0;0.9999146656624198;0.9999818731408457;0.9999161486738393;0.9999889074891186;0.9995771834379537;0.9999998307003343;1.000333389997674;1.0003683047741234;1.0;0.9996064805896921;0.9999697040116705;0.9998248395062455;1.0;1.0;0.9990912278189287;0.9999502800914152;0.9985344942157517;0.9983749005498224;0.9982597454650607;0.9979363364254157;0.9977569774058832;1.0;0.9999404241152718;0.9999928298042237;0.999805807619966;0.9999496186059065;1.024999976158142;
2016-02-04 11:00:00;0.9999914636959693;0.9996276653334589;0.9998098671210128;1.0;0.9999290970395018;0.9999783311727517;1.000355468809302;0.9999614263661066;1.0;0.99997740075813;0.9997454250456904;0.9998773998841456;1.0;0.9999648862637118;1.0;1.0;1.0;0.9999265648978054;0.9999829204798845;0.9999321891919605;0.9999878156055293;0.9996512047565579;0.999999822433362;1.0003311889881759;1.0003658413706022;1.0;0.9996748471810463;0.999975155469359;0.9998108463648933;1.0;1.0;0.9991125065535372;0.9999549178203754;0.9985567790624565;0.9984091582173465;0.9983087110199688;0.997976146139234;0.9978135324037601;1.0;0.9999468562410451;0.999992242696064;0.9998429535669515;0.999942957718634;1.024999976158142;
2016-02-04 11:15:00;0.9999891057494743;0.9995691342021754;0.9997884222354073;1.0;0.9999226420598569;0.9999778655807646;1.0003700051449589;0.9999609423063667;1.0;0.999972248437023;0.9997171551572477;0.9998775907277369;1.0;0.9999592649298843;1.0;1.0;1.0;0.9999209094549429;0.9999803768441612;0.999925852203574;0.9999887099349918;0.9996141171932517;0.9999998784923758;1.0003444647153426;1.0003808317579277;1.0;0.9996411225708421;0.9999723085385109;0.9998183155579388;1.0;1.0;0.9990447887058485;0.9999456686706862;0.9985118209412468;0.9983538193618758;0.998135176203326;0.9978013607708925;0.9976305074108175;1.0;0.9999376033133447;0.9999933073338011;0.999828317066714;0.9999415494441558;1.024999976158142;
2016-02-04 11:30:00;0.9999896153065163;0.9995899615929912;0.9997916942372519;1.0;0.9999247927796939;0.9999781640379779;1.0003671732197057;0.9999616212346717;1.0;0.999974771763224;0.9997182533956726;0.9998686748062696;1.0;0.9999631254052406;1.0;1.0;1.0;0.9999218653545338;0.9999807852252269;0.9999265742261627;0.9999856068475707;0.9996199963123766;0.999999794710314;1.0003412519522241;1.0003786529813579;1.0;0.9996443332591929;0.9999739453308057;0.9998130888216664;1.0;1.0;0.999070613169954;0.9999508275116545;0.9984831648187139;0.9983255880231818;0.9982326303453735;0.9978829573521006;0.9977158908922574;0.9999999999999999;0.9999424675357036;0.9999908855741654;0.9998299699251004;0.9999385589205882;1.024999976158142;
2016-02-04 11:45:00;0.9999776109551163;0.9996007396028466;0.9998069431750792;1.0;0.9999077998451318;0.9999827692606785;1.0003650430824573;0.9999733781741659;1.0;0.9999680596837255;0.9997288800055361;0.9998770591090315;1.0;0.9999697246686384;1.0;0.9999999999999999;1.0;0.99989766590094;0.9999692681201086;0.9999339477868208;0.9999583909220914;0.9996291126992106;0.9999992893643576;1.0003397522650392;1.0003775968551891;1.0;0.999645873860455;0.9999758981380718;0.9998192818234944;1.0;1.0;0.9991082296077743;0.9999419657576692;0.9985194727956885;0.9983672062688905;0.9983212844631328;0.9979942697500555;0.9978382547040423;0.9999999999999999;0.9999313964046097;0.99997237436649;0.9998470133975619;0.9999424631845656;1.024999976158142;
2016-02-04 12:00:00;0.9999665501482382;0.9994490469413708;0.9997459285551977;0.9999999999999999;0.999873128501662;0.9999786530536884;1.0003719556415223;0.9999684155457791;1.0;0.9999523433305834;0.999644332970805;0.9999270593857817;1.0;0.9999568817746675;0.9999999999999999;1.0;1.0;0.9998597408146103;0.9999558122013811;0.9999144684865545;0.9999427519507377;0.9995085442373588;0.9999990611631777;1.0003465917619214;1.0003850652373298;1.0;0.9995318073043222;0.9999666931481607;0.9998244043377593;1.0;0.9999999999999999;0.9991999478071394;0.9999146994059713;0.9985658764077879;0.9983717326051293;0.9985662289766573;0.9983370752228297;0.9981867009086917;0.9999999999999999;0.9999009319140062;0.9999624283175577;0.9998019861521629;0.9999629048709249;1.024999976158142;
2016-02-04 12:15:00;0.9999626328746072;0.9993243606604026;0.9996903832258885;1.0;0.9998538702292447;0.9999739689899567;1.0003922637740743;0.9999606293640282;1.0;0.9999427696689935;0.9995705017136117;0.9999263863674029;1.0;0.9999446859228417;1.0;0.9999999999999999;1.0;0.9998408076035912;0.9999498678152251;0.999895874959474;0.9999412968233492;0.9994088298474532;0.999999083930053;1.0003652404501253;1.0004060922561653;1.0;0.9994397211680094;0.9999589967314304;0.9998219050119768;1.0;1.0;0.9991166603755837;0.999897499742836;0.9983333690263357;0.9981422493621684;0.9984738034634083;0.9982501300730342;0.9981012285250092;1.0;0.9998822458139388;0.9999619867918159;0.999759019784345;0.9999608615614871;1.024999976158142;
2016-02-04 12:30:00;0.9999825037033877;0.9995423530240621;0.9997875142039037;0.9999999999999999;0.9999145386610762;0.9999810863471419;1.000361010403674;0.9999683343188179;1.0;0.999966271019316;0.9997123821093636;0.9999336607064372;0.9999999999999999;0.9999590960951319;1.0;1.0;1.0;0.9999108756961085;0.999974628900989;0.9999276878874098;0.9999795033671799;0.9996069084227611;0.9999997431256609;1.0003360246371298;1.0003720501492348;1.0;0.9996324548539587;0.9999723409794956;0.9998300689595282;1.0;1.0;0.9990899778588663;0.9999360225098685;0.9983808813878606;0.9982039119607182;0.9983608782047546;0.9981439112727569;0.9979930065721285;0.9999999999999999;0.9999276758985068;0.999987473181111;0.9998325423762601;0.9999655344059664;1.024999976158142;
2016-02-04 12:45:00;0.999991428149143;0.9997115049889005;0.9998562865357943;1.0;0.9999452579580168;0.9999853345687457;1.0003495826939963;0.9999744473895518;1.0;0.9999814050708372;0.9998053725235121;0.9999391894334823;0.9999999999999999;0.9999743100393033;1.0;1.0;1.0;0.9999427087558784;0.9999855008935699;0.9999496640714456;0.9999878246164069;0.99973562256425;0.9999998212382747;1.0003254012786944;1.0003600484708572;1.0;0.9997523759669052;0.9999818962307574;0.9998093833980053;0.9999999999999999;1.0;0.9990968965287168;0.9999636105116099;0.9982590920527339;0.9980333652620291;0.9984649148405059;0.998254024209261;0.9981101289084275;1.0;0.9999576114797525;0.9999922530564026;0.9998833870096672;0.9999708435703272;1.024999976158142;
2016-02-04 13:00:00;0.9999802047312474;0.9994707361436906;0.9997558208977834;1.0;0.999902161608221;0.9999780245529067;1.0003711203832335;0.9999630844035716;1.0;0.9999607658498217;0.9996708948772037;0.9999447357702893;1.0;0.9999517628288236;1.0;1.0;1.0;0.9998985586775118;0.9999711259656167;0.9999169060022938;0.9999782888479808;0.9995488627465531;0.9999997473293841;1.0003455551041087;1.0003823340942926;1.0;0.999579124626383;0.9999676857461736;0.9998040134399052;1.0;1.0;0.9991097646505323;0.9999256308015518;0.9982820870410031;0.9980540217846648;0.998488023242497;0.9982957623245903;0.9981481320852921;1.0;0.9999162352975965;0.9999869474918368;0.9998076166618498;0.9999695965029588;1.024999976158142;
2016-02-04 13:15:00;0.9999702780753589;0.999292971546475;0.9996814690585377;1.0;0.9998666532162781;0.9999723603279927;1.0003896417500322;0.9999549131626516;0.9999999999999999;0.9999442802500358;0.9995700107642965;0.9999490953965751;1.0;0.9999355892537449;1.0;1.0;1.0;0.9998610159094495;0.9999583728116951;0.9998926254143732;0.999966703492027;0.9994074773486613;0.9999996046484274;1.0003630240564572;1.0004016250000363;0.9999999999999999;0.9994468519877467;0.9999567492045576;0.9997846782480956;1.0;1.0;0.9991411232027513;0.9998965017302077;0.9983583217132925;0.99810999386587;0.998530540137388;0.9983538273245036;0.9982061884984217;1.0;0.9998840016294253;0.9999798708794712;0.9997515208810979;0.9999690416700223;1.024999976158142;
2016-02-04 13:30:00;0.9999455911139586;0.9991326789080988;0.9995989676446375;1.0;0.9997979097612905;0.9999655173033142;1.0004199874696997;0.999950282483783;1.0;0.9999223221625219;0.9994368615448767;0.9999630328767992;1.0;0.9999318848355808;1.0;0.9999999999999999;1.0;0.9997757444067835;0.9999272398910103;0.9998649233479338;0.9999054234575209;0.999222627818614;0.9999984454800763;1.0003911504232674;1.0004364581165466;1.0;0.9992581753065181;0.999946020946286;0.9997995550003013;1.0;1.0;0.999112867410335;0.9998654085464742;0.9982746239632431;0.9980413995305768;0.9985024764142715;0.9983229440626751;0.9981472473174221;1.0;0.9998432973527178;0.9999377844414468;0.9996875435735151;0.9999770529394629;1.024999976158142;
2016-02-04 13:45:00;0.9999613603600656;0.9992144908417695;0.9996244994355848;1.0;0.9998291494817994;0.9999636374511053;1.0004109670105417;0.999942575208659;1.0;0.9999365771301945;0.9994820636350216;0.9999707713979469;1.0;0.9999334110060168;1.0;0.9999999999999999;1.0;0.9998143883372189;0.9999439242558164;0.9998708163411728;0.9999354797608896;0.9992869668461365;0.9999989647947946;1.0003827501610525;1.0004256040408666;0.9999999999999999;0.9993253581275788;0.9999493466549515;0.9998273656112642;0.9999999999999999;1.0;0.9990382477582656;0.9998871578919971;0.9981563285425482;0.997931000211007;0.9983582008184119;0.9981979282293909;0.9980347702792445;1.0;0.9998683276166325;0.9999578054398341;0.9997012072424206;0.9999817560804918;1.024999976158142;
2016-02-04 14:00:00;0.9999738576811071;0.999448491480155;0.999738600605277;1.0;0.9998836293606072;0.999975848030885;1.000378681169128;0.9999613206059624;1.0;0.9999567856014878;0.9996401834474817;0.9999731883536698;1.0;0.999953527822577;1.0;1.0;1.0;0.999874350380797;0.9999627632083717;0.9999105277353398;0.9999585141752886;0.9995060332134108;0.9999993492964507;1.0003525843860628;1.0003913256720198;0.9999999999999999;0.9995333968918564;0.9999657325234081;0.9998187395795972;1.0;0.9999999999999999;0.9990926501212924;0.9999209629592781;0.9981937678234863;0.9979562081249536;0.9984967188389597;0.9983410127924632;0.9981826081974663;1.0;0.9999084462042489;0.9999730918512224;0.9997929028848964;0.9999838839576288;1.024999976158142;
2016-02-04 14:15:00;0.9999876787770877;0.9996328778254056;0.9998170809285716;1.0;0.9999264842900331;0.9999809281129358;1.0003422408935159;0.9999672264578664;1.0;0.9999753254476993;0.9997515480462322;0.9999774063393901;1.0;0.999967510063262;1.0;1.0;1.0;0.999922121331172;0.9999797487382447;0.999935810286916;0.9999804851987617;0.9996602403550084;0.9999996940521473;1.0003186879506532;1.0003527820576763;1.0;0.999681032657636;0.999976489128375;0.9998069296936273;0.9999999999999999;0.9999999999999999;0.9992030209203596;0.9999524642814495;0.9984876769401674;0.9982791988294311;0.9986288970616884;0.9984587717734497;0.9982807473204472;1.0;0.9999442163800942;0.9999873487595863;0.999851334912664;0.9999878880797856;1.024999976158142;
2016-02-04 14:30:00;0.999980922790125;0.9995489539639546;0.9997772089483808;1.0;0.9999033961938699;0.999977458924425;1.0003514190573617;0.9999626886387012;1.0;0.9999671051726626;0.9996938374162486;0.9999769113948695;1.0;0.9999618386575662;1.0;1.0;1.0;0.999895549383915;0.999970893067577;0.9999223307058651;0.9999666917592689;0.9995802138078107;0.9999994497445291;1.0003272337712334;1.0003629625471662;0.9999999999999999;0.9996034041728409;0.9999711792655297;0.9998001714068601;1.0;1.0;0.9992428280302277;0.9999387849429976;0.9986004573383807;0.9984045629015875;0.9986719437174696;0.9984971706866923;0.9983131062363313;1.0;0.9999277686902583;0.9999780731889898;0.9998201724444686;0.9999873931300769;1.024999976158142;
2016-02-04 14:45:00;0.99997978888812;0.9995791339804914;0.9997896025910777;1.0;0.9999035222634779;0.9999785129052867;1.0003521116516956;0.9999651710883007;1.0;0.9999683343604341;0.9997079158614625;0.9999783933616564;1.0;0.9999659820681935;1.0;1.0;1.0;0.9998938525390807;0.999969844127149;0.9999264743417506;0.9999608682329276;0.9995986941643299;0.99999932191723;1.0003279734660384;1.0003639845942622;1.0;0.9996186250034131;0.9999729174278177;0.9998047063245014;1.0;1.0;0.999242976071626;0.9999419686872338;0.9986103721906805;0.9984020631422686;0.9986656213727385;0.9985067388526027;0.9983433319311628;1.0;0.9999305248422745;0.9999738744291593;0.9998297778045788;0.9999888751123978;1.024999976158142;
2016-02-04 15:00:00;0.9999876581809907;0.9996027032433865;0.999793662040981;0.9999999999999999;0.9999167935972719;0.9999765747670151;1.0003394498698321;0.9999594548203147;0.9999999999999999;0.9999745652115923;0.9997191706882163;0.9999797666685055;1.0;0.9999649148875385;1.0;1.0;1.0;0.9999110273848367;0.9999778022244941;0.9999263397255966;0.9999764387279634;0.999615621245909;0.9999995956517936;1.0003161237448064;1.0003501828974093;1.0;0.9996382928297843;0.999973422235299;0.9997962437303196;0.9999999999999999;1.0;0.9992795655737352;0.9999510055676241;0.9987012118140884;0.9985115658440724;0.9987139435566215;0.9985510658983016;0.9983812767234093;1.0;0.999940986673894;0.9999842990506798;0.9998294389103297;0.9999899593266259;1.024999976158142;
2016-02-04 15:15:00;0.9999842708918683;0.9994458184846253;0.9997278488509826;1.0;0.9999029839026689;0.9999738443312498;1.0003588378022132;0.999954806039071;1.0;0.9999635800844655;0.9996314508820195;0.999974366350886;1.0;0.9999503082678365;1.0;1.0;1.0;0.9998999920966606;0.9999734043795864;0.9999056594851344;0.9999822596017104;0.9995055305489945;0.9999997901731709;1.0003327476136237;1.000370712320636;0.9999999999999999;0.999537562512702;0.9999658609605312;0.9997991183215814;1.0;1.0;0.9992876109433475;0.9999309858502449;0.9986819764596481;0.9984656094552687;0.9987513471655586;0.9985921188238931;0.9984258854607049;1.0;0.9999209968483846;0.9999892536080798;0.9997816080104267;0.9999842698492883;1.024999976158142;
2016-02-04 15:30:00;0.9999888581069634;0.9995487795356086;0.9997639726151807;1.0;0.9999236028453066;0.9999778874308454;1.0003495768203574;0.9999616803978975;1.0;0.999973788023195;0.9996741864253365;0.9999787585968909;0.9999999999999999;0.9999633330318067;1.0;1.0;1.0;0.999920001165939;0.9999793157666298;0.9999175611582255;0.9999832066855618;0.9995759265746351;0.9999997474049211;1.0003226331167023;1.0003625597964516;1.0;0.9995995159848715;0.9999734536751185;0.9998046660256752;1.0;0.9999999999999999;0.9993178940707866;0.9999509470242867;0.998761824732448;0.998554452123666;0.9987881574042713;0.9986199746308219;0.9984415063267414;1.0;0.9999423279495686;0.9999891962061447;0.9998091005661709;0.9999885175850579;1.024999976158142;
2016-02-04 15:45:00;0.9999891928957613;0.9996038487254042;0.9997910867755738;1.0;0.9999339640980548;0.9999820656357641;1.0003494282723826;0.9999693725685382;1.0;0.9999772755311535;0.9997078990599105;0.9999807496690438;1.0;0.9999702455170494;0.9999999999999999;1.0;1.0;0.999929977819297;0.9999812044964811;0.9999276104588608;0.9999823711739431;0.9996256498211423;0.9999997204333905;1.000322032913561;1.0003628728562322;1.0;0.999644317334214;0.9999780583955139;0.9997998029381611;1.0;0.9999999999999999;0.9992908046873038;0.9999580404059581;0.9986623588458701;0.9984374336427471;0.9987743773464384;0.9986149812487358;0.9984449602216823;1.0;0.9999505266193746;0.9999885109808013;0.9998323231880317;0.999989785909648;1.024999976158142;
2016-02-04 16:00:00;0.9999896843100033;0.999714085326305;0.9998567869907273;0.9999999999999999;0.9999469837850559;0.9999877883815909;1.0003234619097698;0.9999794761183436;1.0;0.9999815141002448;0.9998010326460358;0.9999788494543929;1.0;0.9999778010604077;1.0;1.0;1.0;0.9999433256556466;0.9999844611863286;0.9999507787744673;0.9999836868990463;0.9997374838946973;0.9999997434745198;1.0002999547455982;1.0003343612241486;1.0;0.9997512653422168;0.999983935352986;0.9998101684425;1.0;1.0;0.99930901457666;0.9999647502795359;0.9987457138036752;0.9985372233925632;0.9987723786518825;0.9986110175594378;0.9984422981299834;1.0;0.9999589427598083;0.9999894335869485;0.9998859335163136;0.9999888223539479;1.024999976158142;
2016-02-04 16:15:00;0.999988023468921;0.9996328467064743;0.9998202582861042;0.9999999999999999;0.9999389834678387;0.9999859357389528;1.00033034659127;0.9999762764230163;1.0;0.9999762825680164;0.9997514890257116;0.9999726863273959;1.0;0.9999707206864884;0.9999999999999999;1.0;1.0;0.9999363316067647;0.9999820507689772;0.9999389916125995;0.9999855695944994;0.9996757449196219;0.9999998140174507;1.0003055033803714;1.0003419422141107;1.0;0.9996940673457512;0.9999800195380648;0.9998151848297242;1.0;1.0;0.999342802908699;0.9999551786341186;0.9987743917159039;0.9985757031281838;0.9988547035849472;0.9987078281557632;0.9985662741529395;1.0;0.9999490997866546;0.9999911228256244;0.9998586484020793;0.9999846828966222;1.024999976158142;
2016-02-04 16:30:00;0.9999759149664788;0.999216697838952;0.999632159173563;0.9999999999999999;0.9998624475859048;0.9999648731114762;1.0003628427499411;0.9999396410358282;1.0;0.9999447247566268;0.9995077689975288;0.9999722089115096;1.0;0.9999261701884105;1.0;1.0;0.9999999999999999;0.9998598249767207;0.9999616230621956;0.9998735716712225;0.9999783897387398;0.9993281116469259;0.9999998160565828;1.0003373367481794;1.0003740368323388;1.0;0.9993756401921601;0.9999509448377287;0.9998303080534785;1.0;1.0;0.9993199205620384;0.9998950429550935;0.9987308839778961;0.9985282058300183;0.9988153962081467;0.9986952225505735;0.9985699304239002;1.0;0.9998818999168276;0.9999877324665021;0.9997074420362044;0.9999797244615685;1.024999976158142;
2016-02-04 16:45:00;0.9999770463162635;0.9993677020932329;0.9997127110891939;1.0;0.9998884797119475;0.9999752718206562;1.0003514691931474;0.9999584789984483;1.0;0.9999528814152736;0.9996139938794903;0.9999736217856203;1.0;0.9999417433571588;1.0;1.0;1.0;0.9998857745114297;0.9999669150460652;0.9999029737698542;0.9999789661445638;0.9994728290207864;0.999999810267772;1.0003268885104504;1.0003622434040453;1.0;0.9995094588989045;0.9999619694431007;0.9998288304155335;1.0;1.0;0.9993178839845847;0.9999109508780414;0.9987153316970298;0.9985109929328844;0.9988198744001928;0.9986907305777228;0.9985523015215838;1.0;0.9999008516448108;0.9999879865593896;0.9997753976828411;0.9999807788848274;1.024999976158142;
2016-02-04 17:00:00;0.9999881035367626;0.9996584551790659;0.9998357220399342;1.0;0.9999368202141791;0.9999850720511382;1.0003296930180754;0.9999746074315149;1.0;0.9999765336525006;0.9997763339265294;0.999979324258205;1.0;0.9999704066325914;1.0;1.0;1.0;0.9999338558222484;0.9999819520899803;0.9999435712788183;0.9999847406460152;0.9996978131794371;0.9999997921199627;1.0003065065005043;1.000339996635732;1.0;0.9997165680785557;0.9999796105098971;0.9998091319557898;1.0;1.0;0.9993133047495378;0.9999549348880535;0.9986518644709673;0.9984216896795824;0.9988494039353235;0.998725508557219;0.9985998548949623;0.9999999999999999;0.9999484481331365;0.999990484822972;0.9998692790838758;0.9999879269305906;1.024999976158142;
2016-02-04 17:15:00;0.9999891142871581;0.9996693136901685;0.9998367649054721;1.0;0.9999377071802373;0.9999843624066698;1.00032462017832;0.999973181139639;1.0;0.9999780893819833;0.9997773909406683;0.9999866938597994;1.0;0.9999715063127295;1.0;0.9999999999999999;0.9999999999999999;0.9999344533217903;0.9999826486038353;0.9999433483442557;0.9999844826869618;0.9996997126753848;0.9999997718237749;1.000301740826188;1.000334876933653;1.0;0.9997179097030654;0.9999798843393045;0.9998035662768745;1.0;0.9999999999999999;0.999341194474168;0.999957802570117;0.9986712385978513;0.9984467344085806;0.9989202929203802;0.9988232216265042;0.998718351744086;1.0;0.9999510876120715;0.9999901222565444;0.9998687681190876;0.999991876958589;1.024999976158142;
2016-02-04 17:30:00;0.9999910497748177;0.9997334831722238;0.9998688918619679;0.9999999999999999;0.9999510856219552;0.9999882055648958;1.0003251701416653;0.9999798595041154;1.0;0.9999824797483174;0.9998203141436722;0.9999833838762361;1.0;0.9999777159654699;0.9999999999999999;0.9999999999999999;1.0;0.9999485180566038;0.9999861785183489;0.9999548236755698;0.9999875737275488;0.999759765663817;0.9999998199490014;1.0003021334548607;1.0003353954654528;1.0;0.9997739153766109;0.9999844055373577;0.999795217604065;1.0;1.0;0.9992968288261244;0.9999662224082717;0.9986421434909692;0.9984134564717887;0.9988063478685199;0.9987058037089689;0.9986050574451465;1.0;0.9999610408482154;0.9999921291265871;0.9998953223076775;0.9999906658017896;1.024999976158142;
2016-02-04 17:45:00;0.9999880486467323;0.999603716627472;0.9998051772013085;1.0;0.9999273305146358;0.999980934739196;1.0003365900245889;0.9999669943033156;0.9999999999999999;0.9999739367787722;0.9997360791375257;0.9999862448567708;0.9999999999999999;0.9999647128370224;1.0;1.0;1.0;0.9999243983623622;0.9999802725282182;0.9999322696048086;0.9999847425858235;0.9996432147780251;0.9999997943773464;1.0003128557587495;1.0003471400176291;1.0;0.9996660324515522;0.9999755184088104;0.999778399811203;1.0;0.9999999999999999;0.9993368214599218;0.9999496990698198;0.9986930202467854;0.9984617009882067;0.9988922280463779;0.9987885475556417;0.9986734991938874;1.0;0.9999420185933067;0.9999904952128852;0.9998431363991193;0.9999910426719831;1.024999976158142;
2016-02-04 18:00:00;0.9999850086121375;0.9996027927939596;0.9998146615716105;1.0;0.9999264879600525;0.9999837550518832;1.0003301351998888;0.9999727316097193;0.9999999999999999;0.99997116977509;0.999748597284154;0.9999859751095919;1.0;0.9999649334592279;1.0;1.0;1.0;0.9999233137719928;0.999978292357243;0.9999369527964072;0.9999823521971607;0.9996578882834725;0.9999997774038577;1.0003071062234015;1.0003403393146206;1.0;0.9996798320864796;0.9999763129973788;0.9998068290871068;1.0;1.0;0.9993654348719806;0.999945081770784;0.9986928301586542;0.9984652665546353;0.9989786634425625;0.9989014378870416;0.9988169201059794;1.0;0.9999378851707633;0.999989204306176;0.9998539706027122;0.9999898342367387;1.024999976158142;
2016-02-04 18:15:00;0.9999518953352773;0.9987612543202307;0.9994571046548741;0.9999999999999999;0.999785158197425;0.9999553243204011;1.000393757864628;0.9999268245731951;0.9999999999999999;0.9999018945887882;0.9992741529518938;0.9999642856010172;1.0;0.9998830725768307;1.0;1.0;1.0;0.9997817086592176;0.9999330628241252;0.9998189516265623;0.9999619912680456;0.9990025423441214;0.9999997580014944;1.0003663271968959;1.0004058295419558;1.0;0.9990749693319783;0.9999250770604603;0.9999013317957145;0.9999999999999999;1.0;0.9992792741917375;0.9998181444398736;0.9984206742071644;0.9981786579427413;0.9989046433284977;0.9988361952074165;0.9987589666785281;1.0;0.9998001736212228;0.9999793923000402;0.999581239150518;0.9999671427015974;1.024999976158142;
2016-02-04 18:30:00;0.9999527374787147;0.998957868284984;0.9995278340884657;0.9999999999999999;0.9997990127893649;0.999958991287574;1.000396573177948;0.9999353334858803;0.9999999999999999;0.999914570258123;0.9993575195278301;0.9999748775069301;1.0;0.999906658435731;1.0;1.0;1.0;0.9997881842833454;0.9999335377417566;0.9998410047779303;0.999941464698863;0.9991184625363294;0.999999240524045;1.0003688234953874;1.000410402354753;1.0;0.9991735611356856;0.9999351858844191;0.9998902315622401;0.9999999999999999;1.0;0.9993184983915747;0.9998471875255073;0.9984459890666714;0.9982038331606379;0.9990056640424234;0.9989455536806023;0.9988781747827683;1.0;0.9998278943657853;0.9999637641021935;0.9996323802057075;0.9999774939137478;1.024999976158142;
2016-02-04 18:45:00;0.9999760555341916;0.999372966337151;0.9997110692360093;1.0;0.999883889320363;0.9999740136655473;1.0003532722633584;0.9999567337382884;1.0;0.9999527961429316;0.9996101443307011;0.9999834920317895;1.0;0.999942831526051;1.0;1.0;1.0;0.9998794421974582;0.9999650560882273;0.9999017689149743;0.9999734268862775;0.9994659596877681;0.999999688119437;1.000328771792499;1.0003642980675829;1.0;0.9995015038079864;0.9999614697304444;0.9998356583344526;1.0;1.0;0.9993643310167128;0.9999116652114284;0.9985304880527913;0.9983006721657117;0.9990862013581081;0.9990430034791573;0.9989974930357207;1.0;0.9999005254901246;0.9999839713766839;0.9997726522117779;0.9999860794319015;1.024999976158142;
2016-02-04 19:00:00;0.9999766417976975;0.9994392773756039;0.999751829277178;1.0;0.9998992649822377;0.99998056025267;1.0003369510550149;0.9999682935378772;1.0;0.9999562754484377;0.9996648157726724;0.999982477471852;1.0;0.9999496478172514;0.9999999999999999;0.9999999999999999;1.0;0.9998959392203429;0.999968557934908;0.9999174004977852;0.9999770856790033;0.9995414537264629;0.9999997667570535;1.000313480194773;1.0003473573712396;1.0;0.9995723966952593;0.999967372750741;0.9998735475066733;1.0;1.0;0.9993567876519149;0.9999176461011897;0.9984637794562048;0.9982409211045812;0.999109006859375;0.9990780445197898;0.9990481307975174;1.0;0.9999087976154806;0.9999866365679246;0.9998087266095541;0.9999849896725416;1.024999976158142;
2016-02-04 19:15:00;0.999979777341634;0.9994473348707208;0.9997421850766907;1.0;0.9998992415202071;0.999977071083866;1.0003397253231183;0.9999615136707702;1.0;0.9999597219675833;0.9996511104373684;0.999984960232743;1.0;0.9999504500792474;1.0;1.0;1.0;0.9998954101684305;0.9999701842158585;0.9999122104410807;0.9999773828177714;0.9995254596443532;0.9999997313063427;1.0003157704960426;1.000350560426052;1.0;0.9995564839685707;0.999966597536818;0.9998950072716188;1.0;1.0;0.9993258176260676;0.9999240320701049;0.9983696928333632;0.9981521365470114;0.9990798505895016;0.9990494626336018;0.9990215482650602;1.0;0.9999142677586108;0.9999863317261785;0.9997967490035926;0.9999877770651585;1.024999976158142;
2016-02-04 19:30:00;0.9999683712039045;0.9994508861126132;0.9997461624064563;1.0;0.999880196594724;0.9999800408566143;1.000339473677928;0.9999703320211049;1.0;0.9999541109598729;0.9996441691398448;0.9999869640076277;1.0;0.9999577329765235;1.0;1.0;1.0;0.9998682722768236;0.99995845072939;0.9999149968625906;0.9999479468205439;0.9995147908387985;0.9999991637810047;1.0003154647535084;1.0003520883444865;1.0;0.999537878711695;0.9999681071857558;0.9998962354042896;1.0;1.0;0.9993787461406599;0.9999173980816132;0.9984621632757309;0.9982311920554626;0.9991763427808985;0.9991613419956704;0.9991530033985466;1.0;0.9999046908525032;0.9999660519023065;0.9998031581463834;0.9999896766190246;1.024999976158142;
2016-02-04 19:45:00;0.9999886056586083;0.99958263061166;0.9997908855736947;1.0;0.9999225067091353;0.9999782644511921;1.000321957035116;0.9999619828042694;1.0;0.9999734677730221;0.9997175032643018;0.999990961187846;1.0;0.999962252240588;1.0;1.0;0.9999999999999999;0.9999194106076378;0.9999797896453142;0.999926542914293;0.999984575603851;0.9996170761786252;0.9999997828819175;1.0002993145092782;1.0003320604256434;0.9999999999999999;0.9996418351502186;0.999973466968861;0.9999055219719394;1.0;0.9999999999999999;0.9993616525298159;0.9999484072822357;0.9983963292741316;0.9981639523073209;0.999169746233613;0.9991549105966839;0.9991461912321642;1.0;0.9999399270640538;0.9999902735916381;0.9998298864962395;0.9999935292553388;1.024999976158142;
2016-02-04 20:00:00;0.9999737470355993;0.9993605845184457;0.9997144861006934;0.9999999999999999;0.9998843944723287;0.9999769032581138;1.0003346255216228;0.9999622320870725;1.0;0.9999503614152321;0.9996143148715372;0.9999813799821803;1.0;0.9999424072892986;1.0;1.0;1.0;0.9998804055041519;0.9999640354347064;0.999904533991386;0.9999734729032782;0.9994724298242486;0.9999997202425411;1.0003112237082024;1.000345184018853;0.9999999999999999;0.9995078370485829;0.9999622886967102;0.9999095859650586;1.0;0.9999999999999999;0.9994112555951539;0.9999069293546181;0.9984971996998283;0.9982753378011763;0.9992504717013257;0.9992360307652075;0.9992273106927733;1.0;0.9998965698011553;0.9999843980407239;0.999778983329347;0.9999838228234592;1.024999976158142;
2016-02-04 20:15:00;0.9999502088547613;0.9986678105679234;0.9994067528604337;0.9999999999999999;0.9997692921164225;0.9999495709998902;1.0003852771325001;0.999916956988592;1.0;0.9998961697670582;0.9992055880967107;0.9999643105338057;1.0;0.9998744581376008;1.0;0.9999999999999999;1.0;0.9997653310943235;0.9999286896649777;0.9998009353264086;0.9999593968818353;0.9989123992879028;0.9999997221139006;1.0003578740329173;1.0003976821021805;1.0;0.9989903169749046;0.9999185632055833;0.9999242193510139;0.9999999999999999;1.0;0.9994205523225552;0.9998085770585187;0.9985027445252362;0.9982854014707008;0.9992747272002953;0.9992597363173285;0.999251016038022;1.0;0.999788729233497;0.9999777156998902;0.9995396527483201;0.9999669269129753;1.024999976158142;
2016-02-04 20:30:00;0.9999763995072863;0.9991515563225947;0.9995847330064406;1.0;0.9998448994906414;0.9999558888162277;1.0003436763592912;0.9999236990474728;1.0;0.9999422316550667;0.9994438977024495;0.9999843159463053;1.0;0.9999191677108848;1.0;1.0;1.0;0.9998405245608735;0.9999580299637915;0.9998545065726255;0.9999734558242795;0.9992401261045009;0.999999693170327;1.0003195708333816;1.000354637948286;1.0;0.9992924799390028;0.9999439326151136;0.999931824232325;1.0;1.0;0.9995399775001593;0.9998914928185779;0.998816211773499;0.9985959232500943;0.9994208680844107;0.9994067176955885;0.9993983770506584;0.9999999999999999;0.9998752619032256;0.9999839258397056;0.9996635156816606;0.9999867587947564;1.024999976158142;
2016-02-04 20:45:00;0.9999766000129086;0.9990547986051456;0.999535465216661;0.9999999999999999;0.9998318239776843;0.9999504444685559;1.0003447312028853;0.9999131570563452;1.0;0.9999380001375204;0.9993798338595957;0.9999831622919239;1.0;0.9999092583598179;0.9999999999999999;1.0;1.0;0.9998286042311206;0.9999565307164255;0.9998369240105995;0.9999768486159517;0.999154206459824;0.9999997741771313;1.0003202798290998;1.000355702544097;1.0;0.99921397856919;0.9999379024860771;0.9999390555591312;1.0;0.9999999999999999;0.9994935049329391;0.9998814651712737;0.9986768671900266;0.9984634811420213;0.999375857032611;0.9993623474706145;0.9993544197618937;0.9999999999999999;0.9998639986151258;0.9999864531314965;0.9996227430864475;0.999985503140628;1.024999976158142;
2016-02-04 21:00:00;0.9999810171136466;0.9993030748061813;0.9996643080401291;1.0;0.9998773475762737;0.9999660810187363;1.0003288997224273;0.9999409061914595;1.0;0.9999529804011069;0.999551337638089;0.9999843985939607;1.0;0.9999337821625583;1.0;1.0;1.0;0.9998751217961829;0.9999673289522774;0.9998833208214611;0.9999824572144782;0.9993885565879846;0.9999998438906509;1.0003057203863888;1.0003390630449134;1.0;0.9994317874110529;0.9999554328830212;0.9999457550713979;1.0;1.0;0.999490517593299;0.9999100870527471;0.9986714112615217;0.9984560985034555;0.999370572402578;0.9993552627301674;0.9993461290553322;1.0;0.9998978376539057;0.9999899452767234;0.9997299990702452;0.9999870150256902;1.024999976158142;
2016-02-04 21:15:00;0.9999879209255566;0.999307107086156;0.9996449925938199;1.0;0.9998768485036367;0.9999589383413076;1.0003200924353626;0.9999262800327186;1.0;0.9999591649832333;0.9995279134818053;0.9999888745301917;1.0;0.9999323199155444;1.0;1.0;1.0;0.9998751052144649;0.9999717824226485;0.9998731124214136;0.9999877577182232;0.9993568451835826;0.9999998777345541;1.0002976083603181;1.0003298303881538;1.0;0.9994029383085169;0.9999530843411794;0.9999789788494525;1.0;1.0;0.9994976790920634;0.9999193293356653;0.9987049620198897;0.9984888186644062;0.9993692610144469;0.9993544771175173;0.9993461369085659;1.0;0.9999056611864856;0.9999927812148365;0.9997063361146011;0.9999915177896;1.024999976158142;
2016-02-04 21:30:00;0.9999891125534739;0.9993451963382627;0.9996606385662039;1.0;0.9998817380886434;0.9999598980124798;1.0003164927902113;0.9999278439763949;1.0;0.9999621971732235;0.999548502313461;0.9999892498588087;1.0;0.9999360925102856;1.0;1.0;0.9999999999999999;0.9998796089522446;0.9999733738510053;0.9998781205239439;0.9999873591676212;0.9993843222570775;0.9999998506810833;1.0002943800658448;1.0003261089442173;1.0;0.9994280532794525;0.9999552218525024;0.9999885020764709;1.0;0.9999999999999999;0.999480852520261;0.9999248332710972;0.998651707785497;0.9984307132461052;0.9993548768714564;0.9993384076297079;0.9993300675548659;1.0;0.9999113804635585;0.9999922854763253;0.9997179131624037;0.9999924251691261;1.024999976158142;
2016-02-04 21:45:00;0.9999883482817755;0.9994025618964378;0.9996965292853351;1.0;0.9998923765929016;0.999965318637626;1.000310405316498;0.9999379957013396;1.0;0.9999639322133823;0.9995961059347412;0.9999881405236608;0.9999999999999999;0.9999419545261498;1.0;1.0;1.0;0.9998904266080123;0.9999747017450791;0.9998918464509094;0.9999874808872634;0.9994484091176961;0.9999998632457696;1.0002888430330599;1.0003197033779219;1.0;0.9994877112677201;0.9999597763520182;0.999969626197764;1.0;1.0;0.9995441267464642;0.9999288719456921;0.9988347296488647;0.9986117605735287;0.9994207369748074;0.9994038085498862;0.9993954679292345;1.0;0.9999170182680315;0.999992505597189;0.9997496886834617;0.9999914603848035;1.024999976158142;
2016-02-04 22:00:00;0.9999739703792111;0.9991724647587803;0.9996177336949198;1.0;0.9998544372091965;0.9999638475113803;1.0003150836197185;0.9999377160031263;1.0;0.9999407415100119;0.9994907514714158;0.9999781625156612;1.0;0.9999209758799892;1.0;1.0;1.0;0.9998522512964297;0.9999596095424064;0.9998690984807859;0.9999785757640082;0.9993002671152825;0.9999998466813058;1.0002933625509647;1.0003244297124583;1.0;0.9993513199835135;0.9999483179336957;0.9999887442194418;0.9999999999999999;0.9999999999999999;0.9995852585713468;0.9998862971154153;0.9989274374101181;0.9987273576361209;0.9994814884893052;0.9994645829301754;0.9994554482562007;1.0;0.9998727651320317;0.9999882025251121;0.9996970155598003;0.9999812819460329;1.024999976158142;
2016-02-04 22:15:00;0.9999747297257298;0.9992387378093978;0.9996482845302249;0.9999999999999999;0.9998659238195964;0.9999674033499066;1.0003226727031282;0.9999446478322878;1.0;0.9999443250228993;0.9995293513922939;0.9999803464104087;1.0;0.9999281713319048;1.0;1.0;1.0;0.9998632522417159;0.9999612896344641;0.9998799323432523;0.9999775616979388;0.9993561996850766;0.9999998126176631;1.0003000761611478;1.0003326292431272;0.9999999999999999;0.9994018470615743;0.9999525632714205;0.9999907398362946;1.0;0.9999999999999999;0.9995840873671991;0.9998953157474274;0.9989312054343698;0.9987201941821872;0.999475382820315;0.9994597785182792;0.9994502629524827;1.0;0.9998828363505838;0.9999873076446605;0.9997222098682338;0.9999829628315356;1.024999976158142;
2016-02-04 22:30:00;0.9999796354263896;0.999302206779674;0.9996692113921967;0.9999999999999999;0.9998763042038016;0.9999672845662713;1.000307003012027;0.9999432478029199;1.0;0.9999517624194336;0.9995583487125365;0.9999830997823294;1.0;0.99993365958488;0.9999999999999999;1.0;1.0;0.9998739896203838;0.9999665250068971;0.9998856121384171;0.9999814554846562;0.9993955020369213;0.9999998376672029;1.000285621898109;1.0003163286208958;1.0;0.9994386528200816;0.9999557473743804;0.99997890534265;1.0;1.0;0.9996368328692954;0.9999074514597881;0.9990962592407658;0.9989045313854545;0.9995217573052224;0.9995064693778273;0.9994981279004099;1.0;0.9998953702013647;0.9999894242579324;0.9997352700518444;0.9999859010916303;1.024999976158142;
2016-02-04 22:45:00;0.9999742395087304;0.9993921901694787;0.9997158995456366;0.9999999999999999;0.9998798677014467;0.9999741336620416;1.0002972280814468;0.9999576021175886;0.9999999999999999;0.9999536814831683;0.9996129328664194;0.9999845257436792;1.0;0.9999467273731043;1.0;1.0;1.0;0.999872723083254;0.9999629558818257;0.9999030553277902;0.9999647604686283;0.9994690891186454;0.999999498964186;1.0002765815131618;1.0003072589000004;0.9999999999999999;0.9995015436998693;0.9999626043292892;0.99999114982576;0.9999999999999999;1.0;0.9996774187142249;0.9999137571661576;0.999192256593886;0.9990110683572916;0.9995786155194344;0.9995622341816007;0.9995538922387928;1.0;0.9999015011265817;0.9999777461138476;0.9997755889071389;0.9999876720097388;1.024999976158142;
2016-02-04 23:00:00;0.9999773699940496;0.9994162308473957;0.9997342988459268;0.9999999999999999;0.9998931319358806;0.9999769705131529;1.0002983129467282;0.9999616896388721;0.9999999999999999;0.9999558408582477;0.9996417788606026;0.9999822685706481;1.0;0.9999468873385343;1.0;1.0;1.0;0.999889371099819;0.9999677848611156;0.999910190072725;0.9999762071684165;0.9995091569873251;0.9999997362500144;1.000277580558096;1.000307661865896;1.0;0.9995422166747095;0.9999647585578959;0.9999726472629046;1.0;1.0;0.9996675746745906;0.9999167456246794;0.9991777965275077;0.9989869077271225;0.9995587985567121;0.9995414335291201;0.9995322981527641;1.0;0.9999067708269256;0.99998584943268;0.9997920824331376;0.9999855325673352;1.024999976158142;
2016-02-04 23:15:00;0.9999850143347099;0.9996529533923336;0.9998400817526616;0.9999999999999999;0.9999320734346095;0.9999863081304357;1.000264811699224;0.9999774681551491;1.0;0.9999737790018772;0.9997820209755279;0.9999883528258403;1.0;0.9999700619518064;1.0;1.0;0.9999999999999999;0.9999281440030111;0.9999792680453642;0.9999458587074271;0.9999802710352603;0.9997010532342392;0.9999997244510609;1.0002465610431799;1.000273108539751;1.0;0.9997194238382664;0.999979469669121;0.9999820267979492;1.0;1.0;0.9997064593199614;0.9999500112051022;0.9992838319931281;0.999120602459072;0.9996036701756105;0.9995875928716729;0.9995792507172314;0.9999999999999999;0.9999432567524328;0.9999876366795736;0.9998745525610404;0.9999914029312438;1.024999976158142;
2016-02-04 23:30:00;0.9999877044490016;0.9997224235498304;0.9998693002939736;1.0;0.9999443259508131;0.9999888202286161;1.0002586546094356;0.9999816628151572;1.0;0.999979478591379;0.9998202981774005;0.9999899349235266;1.0;0.9999770642916289;1.0;1.0;1.0;0.9999404181798087;0.9999829593815305;0.9999555675423759;0.9999818720901662;0.9997551400417611;0.9999997259751535;1.0002406660284757;1.000266907821153;1.0;0.9997690960846827;0.9999838064217835;0.9999777987101857;1.0;1.0;0.9996985233759805;0.9999608143476253;0.9992493605656255;0.9990752019899395;0.9996032749555153;0.9995865632732394;0.9995782211273906;1.0;0.9999550241391145;0.9999884002050152;0.9998970247538722;0.9999931854337625;1.024999976158142;
2016-02-04 23:45:00;0.9999890472076102;0.9997005411436465;0.9998564059041591;1.0;0.9999416436187285;0.9999862897052532;1.0002644014058242;0.9999766472924427;1.0;0.9999790057683798;0.9998051521889002;0.9999898055320822;1.0;0.9999736154062197;1.0;1.0;1.0;0.9999385398500571;0.9999834365968275;0.9999504315386073;0.9999849155915785;0.9997332551828788;0.9999997823514988;1.0002462025253798;1.0002724905999638;1.0;0.9997499957417239;0.9999816187114654;0.999961976477993;1.0;1.0;0.9997060693436932;0.999959344531819;0.9992712214877241;0.9990997120366804;0.9996111062833001;0.9995938815698558;0.999585158374551;1.0;0.9999532150788274;0.9999904603407911;0.9998851479425952;0.9999931253987525;1.024999976158142;
2016-02-05 00:00:00;0.9999911644531698;0.9998088092796649;0.9999135178165234;1.0;0.9999632952348975;0.9999934594934512;1.0002509334604515;0.9999894811337918;0.9999999999999999;0.9999853402719809;0.9998813373403593;0.9999905048515747;1.0;0.9999841313048013;1.0;1.0;1.0;0.999961086283211;0.9999884273774172;0.9999711608327371;0.9999886981329101;0.9998384918403422;0.999999845099785;1.000233586392701;1.0002585158892272;1.0;0.9998480695687565;0.9999893094385516;0.9999728412311225;1.0;0.9999999999999999;0.999705722340324;0.9999720054017377;0.9992720890866391;0.9991028707568848;0.9996094670018469;0.999592474668119;0.9995833388252693;1.0;0.999968495328207;0.9999929626562508;0.9999331486468169;0.9999936511364463;1.024999976158142;
