;('LV4.101 Bus 1', 'L1');('LV4.101 Bus 10', 'L1');('LV4.101 Bus 11', 'L1');('LV4.101 Bus 12', 'L1');('LV4.101 Bus 13', 'L1');('LV4.101 Bus 14', 'L1');('LV4.101 Bus 15', 'L1');('LV4.101 Bus 16', 'L1');('LV4.101 Bus 17', 'L1');('LV4.101 Bus 18', 'L1');('LV4.101 Bus 19', 'L1');('LV4.101 Bus 2', 'L1');('LV4.101 Bus 20', 'L1');('LV4.101 Bus 21', 'L1');('LV4.101 Bus 22', 'L1');('LV4.101 Bus 23', 'L1');('LV4.101 Bus 24', 'L1');('LV4.101 Bus 25', 'L1');('LV4.101 Bus 26', 'L1');('LV4.101 Bus 28', 'L1');('LV4.101 Bus 29', 'L1');('LV4.101 Bus 3', 'L1');('LV4.101 Bus 30', 'L1');('LV4.101 Bus 31', 'L1');('LV4.101 Bus 32', 'L1');('LV4.101 Bus 33', 'L1');('LV4.101 Bus 34', 'L1');('LV4.101 Bus 35', 'L1');('LV4.101 Bus 36', 'L1');('LV4.101 Bus 37', 'L1');('LV4.101 Bus 38', 'L1');('LV4.101 Bus 39', 'L1');('LV4.101 Bus 4', 'L1');('LV4.101 Bus 40', 'L1');('LV4.101 Bus 41', 'L1');('LV4.101 Bus 42', 'L1');('LV4.101 Bus 43', 'L1');('LV4.101 Bus 44', 'L1');('LV4.101 Bus 5', 'L1');('LV4.101 Bus 6', 'L1');('LV4.101 Bus 7', 'L1');('LV4.101 Bus 8', 'L1');('LV4.101 Bus 9', 'L1');('MV1.101 Bus 52', 'L1');('metainfo', 'in the first', 'few indices')
2016-07-02 00:00:00;1.0003517202923318;0.9999339518218754;0.999983395935957;1.0006432489748265;1.0;1.0008655122617574;1.0026556233662565;1.0005252014912815;0.9999736364124439;1.0017140134153215;1.0;1.0;1.0;1.0008330098901868;1.0;1.0002015231213728;1.0002298281916207;1.0;1.0020486364837335;0.9999833030944563;1.0;0.9999577093657391;1.000222330362185;1.002473983485503;1.002728921451684;0.999993653021906;0.9999686959207009;1.001086998721456;1.000843676380802;1.0;0.9997903571588024;0.999687246592007;0.9999817414021929;0.9990307404778611;0.9988012604475826;1.0;0.9999840460469152;0.9999749066252722;1.002635873521441;0.9999859716809942;1.0;0.9999800511877681;0.9999983497890009;1.024999976158142;simulation#6742
2016-07-02 00:15:00;1.0003486562545505;0.9999180569131847;0.9999807324496468;1.000639637941261;0.9999999999999999;1.0008620882151198;1.0026608457825903;1.0005202316142503;0.9999707566588582;1.0017123036220814;1.0;1.0;1.0;1.0008273973185027;0.9999999999999999;1.0001971866414432;1.0002251814381686;1.0;1.0020492371315606;0.9999812705715203;1.0;0.9999504838813906;1.0002177658546454;1.0024786599283586;1.0027344453313838;0.9999925932523827;0.9999635091132925;1.0010836134600254;1.0008447408871146;1.0;0.999802246544133;0.9997065383392923;0.9999781297697128;0.9990925573935797;0.998877095291335;0.9999999999999999;0.9999833507247847;0.9999734173516732;1.002640367541952;0.9999830524193821;1.0;0.9999776952287069;0.9999977480532927;1.024999976158142;comment data format: active and reactive powers in Watts
2016-07-02 00:30:00;1.0003478183276413;0.9999230655760786;0.9999821692336686;1.0006370395060769;1.0;1.0008574470414822;1.0026394242838177;1.000518666230626;0.9999722401402779;1.0016997831009964;1.0;1.0;0.9999999999999999;1.0008239039554376;1.0;1.0001979434093717;1.0002258057611684;1.0;1.0020327494503927;0.9999824420512635;1.0;0.9999507957320846;1.0002183634209532;1.0024589354850675;1.0027124343125688;0.9999934353444295;0.9999627586826778;1.0010770895265044;1.0008385907714035;1.0;0.9998013333131407;0.9997044469643431;0.9999800503070442;0.9990850104792521;0.9988851385063432;1.0;0.9999842790047422;0.9999755524025404;1.002619371621573;0.9999846074174622;0.9999999999999999;0.999978965424098;0.9999980732134677;1.024999976158142;step time in minutes: 15
2016-07-02 00:45:00;1.0003444417613434;0.9998987485277591;0.9999773173689763;1.0006337669449392;1.0;1.0008535662386007;1.002643981217996;1.0005163186899932;0.9999657689925995;1.0016969987561914;1.0;0.9999999999999999;1.0;1.0008184736610621;1.0;1.0002001233650422;1.000227944644215;0.9999999999999999;1.0020326814849967;0.9999786408297072;1.0;0.9999390511154023;1.0002205401881408;1.0024633952045243;1.002716857434935;0.9999927001657938;0.999954740066876;1.0010731973129652;1.00083966360792;1.0;0.9998175719788331;0.9997304429350616;0.999973776164348;0.9991681786816783;0.9989762587878519;1.0;0.9999835269474453;0.9999735935725833;1.0026229274089289;0.9999796276754003;0.9999999999999999;0.9999741080433768;0.9999972025540832;1.024999976158142;start time of simulation: 2016-07-02 00:00:00+00:00
2016-07-02 01:00:00;1.000335839830205;0.9998296710355756;0.9999653712448201;1.0006269074275396;1.0;1.0008485550745276;1.0026826147249295;1.0005079280113598;0.999952350861578;1.0017030850137183;0.9999999999999999;1.0;1.0;1.0008059936982514;1.0;1.0001956255526938;1.0002230315629919;1.0;1.0020503019495954;0.9999699394960723;1.0;0.9999085497055176;1.000215787924129;1.0024992189744464;1.0027565415920614;0.9999895623072379;0.9999336181809442;1.0010697010396867;1.0008541157550344;1.0;0.9998353937234248;0.9997570148697802;0.9999574304329328;0.9992501540311918;0.9990752213300571;1.0;0.9999837767781105;0.9999734622658767;1.002658372693111;0.9999664397415773;1.0;0.9999634878364191;0.9999945258725121;1.024999976158142;end time of simulation: 2016-07-16 00:00:00+00:00
2016-07-02 01:15:00;1.0003296758846032;0.99991630099499;0.9999819354048499;1.0006062664661817;1.0;1.0008175162360518;1.0025195683946646;1.0004957745318472;0.9999742211287269;1.001620789021006;1.0;1.0;1.0;1.0007841083986737;1.0;1.0001893011577636;1.0002160345796158;1.0;1.0019402913765694;0.9999834504192768;1.0;0.9999532844677987;1.000208979013919;1.0023471846260044;1.0025891013365276;0.9999934938536289;0.9999659726144895;1.0010266730471822;1.0007880535935734;1.0;0.9998403748487286;0.9997741248968623;0.9999784908954458;0.9993160603256102;0.9991720469751799;1.0;0.9999839305767124;0.9999736160628924;1.0024998635130635;0.9999831495994713;1.0;0.9999802162524204;0.9999974366618355;1.024999976158142;"[""terminal(s) with malfunction: ['LV4.101 Bus 42']"", 'type of malfunction: EVSE without P(U) control']"
2016-07-02 01:30:00;1.0003177270679595;0.9999428676231469;0.9999883472776746;1.0005822047644444;0.9999999999999999;1.0007836575533482;1.0023858483368435;1.0004808740164222;0.9999839959913657;1.0015423590520256;1.0;0.9999999999999999;0.9999999999999999;1.0007543561321286;1.0;1.000186060862562;1.000212041794879;0.9999999999999999;1.0018425013263614;0.999989678393466;1.0;0.9999691599432914;1.0002051917859855;1.0022228445618646;1.0024515008085841;0.9999958879961734;0.999977513616904;1.0009816363710429;1.000753986864191;1.0;0.999864104893992;0.999804507001929;0.999985762616881;0.9994036197633651;0.999290893613258;1.0;0.9999845284844713;0.9999761830173655;1.002368078325627;0.9999887816182756;1.0;0.9999876534752872;0.999998179739558;1.024999976158142;terminals with PVs: ['LV4.101 Bus 2', 'LV4.101 Bus 19', 'LV4.101 Bus 20', 'LV4.101 Bus 25', 'LV4.101 Bus 7', 'LV4.101 Bus 29', 'LV4.101 Bus 42', 'LV4.101 Bus 13', 'LV4.101 Bus 22', 'LV4.101 Bus 37']
2016-07-02 01:45:00;1.0003121760256213;0.9999564809664443;0.9999897639757025;1.0005701835332712;1.0;1.0007664605886903;1.0023266733621927;1.0004708342847648;0.999984502708042;1.0015075735530676;1.0;1.0;1.0;1.0007394938270016;0.9999999999999999;1.0001832056698203;1.0002086649836737;1.0;1.0017992261370152;0.9999901568611977;0.9999999999999999;0.9999741736096048;1.0002019549002652;1.0021678122660487;1.0023906152928044;0.9999962321619351;0.9999811639437953;1.0009601842768823;1.0007311756966966;1.0;0.9998788814994872;0.9998301224657788;0.9999882788904377;0.9994875554162943;0.9993820878639409;1.0;0.9999849135931937;0.9999761869854542;1.0023098844198883;0.9999909075383313;1.0;0.999988220241241;0.9999987746051795;1.024999976158142;terminals with EVSE: ['LV4.101 Bus 1', 'LV4.101 Bus 19', 'LV4.101 Bus 17', 'LV4.101 Bus 25', 'LV4.101 Bus 21', 'LV4.101 Bus 15', 'LV4.101 Bus 42', 'LV4.101 Bus 43', 'LV4.101 Bus 16', 'LV4.101 Bus 14']
2016-07-02 02:00:00;1.0003110344855766;0.9999498982433593;0.9999895140882583;1.000569178438833;1.0;1.0007662991487913;1.0023323680654257;1.0004689153900825;0.9999853894632734;1.0015086306100944;1.0;1.0;1.0;1.0007377306366763;1.0;1.0001793792739226;1.0002046684500008;1.0;1.0018017035216915;0.9999904009933904;1.0;0.9999722861416589;1.0001979926994058;1.0021728860567074;1.0023966918808906;0.9999958017034375;0.999979641426671;1.000960031823569;1.00073977388646;1.0;0.9998882872292905;0.9998402261286067;0.9999874295907257;0.9995138302030327;0.9994092733078724;1.0;0.999984387507382;0.999974866946936;1.002315203065436;0.9999901239690636;1.0;0.9999886750696146;0.9999984478913534;1.024999976158142;
2016-07-02 02:15:00;1.0003118834992037;0.9999504325507471;0.9999893079919051;1.0005706937841174;0.9999999999999999;1.0007681449383545;1.0023371135448564;1.0004706666200813;0.999984900640216;1.0015121873340334;1.0;0.9999999999999999;1.0;1.0007398344371514;1.0;1.0001810745652595;1.0002064942110693;1.0;1.0018058956411695;0.999990169007356;1.0;0.9999726775104021;1.0001997997275118;1.0021773599255832;1.002401474616219;0.9999958532376426;0.9999801696113594;1.0009623793708573;1.000739797621418;1.0;0.9998860232140979;0.9998378647983253;0.999987248062521;0.9995080160292678;0.9994028163240304;1.0;0.9999849982366624;0.9999762716281841;1.0023199385164527;0.999989999102587;1.0;0.9999883472801417;0.9999984593206103;1.024999976158142;
2016-07-02 02:30:00;1.0003044282886495;0.9999409903201506;0.9999882407225026;1.000558175923481;1.0;1.0007521788489282;1.0022983695408374;1.0004586555939927;0.9999840414645382;1.0014834368636851;1.0;1.0;1.0;1.0007228267226598;1.0;1.0001741411056702;1.0001988352476705;1.0;1.0017730417031188;0.9999894776898207;1.0;0.9999677901386397;1.0001923004829425;1.0021411534358942;1.0023618600347117;0.9999953665137998;0.9999761627360431;1.0009427842841239;1.0007298608277597;1.0;0.9999047400931919;0.999865270418461;0.9999856500489241;0.9995921876484483;0.999510761572218;0.9999999999999999;0.9999837415317667;0.999974602112907;1.0022810389482775;0.9999886829580531;1.0;0.9999875825483863;0.9999981463586517;1.024999976158142;
2016-07-02 02:45:00;1.0003031289435562;0.9999569524194865;0.9999914869753819;1.0005539794593483;1.0;1.0007454178019732;1.0022618532259888;1.0004569390573064;0.9999882935102693;1.0014645355424734;1.0;0.9999999999999999;1.0;1.000718159571731;1.0;1.0001746313767361;1.0001992380110525;1.0;1.0017478680919112;0.9999922390293053;1.0;0.9999755833603994;1.000192713455215;1.0021072591865214;1.0023242782713568;0.9999964834832874;0.9999815655830697;1.0009331796678427;1.0007169230350654;1.0;0.9999209278449035;0.9998915525195661;0.9999897436766367;0.9996766322900585;0.9996147706286921;1.0;0.9999832590447373;0.9999733256725365;1.00224544654052;0.999991928842971;1.0;0.9999908842398191;0.9999987084755485;1.024999976158142;
2016-07-02 03:00:00;1.0002995020581908;0.9999459919483598;0.999989657860717;1.0005487722204156;1.0;1.0007388717076702;1.0022492288178797;1.000452632792248;0.9999862392218302;1.001453541307345;1.0;1.0;1.0;1.000710780065037;1.0;1.0001735189843182;1.000197909801455;1.0;1.0017362596541548;0.9999909836952664;1.0;0.9999706904270665;1.0001914483340972;1.0020955463790275;1.0023112512724566;0.9999961769890627;0.9999781466871949;1.000925279436363;1.000712938215138;1.0;0.9999284258983059;0.9999031267069032;0.9999871974387026;0.9997129593319534;0.9996675954192601;0.9999999999999999;0.9999828376265283;0.9999725231239817;1.0022324537108696;0.999989871717689;1.0;0.9999892884347414;0.9999982860082652;1.024999976158142;
2016-07-02 03:15:00;1.0002979554243239;0.9999615659928135;0.9999925787394719;1.0005444894566713;1.0;1.0007326897937454;1.0022173839054103;1.000450460305391;0.9999903487136328;1.001437426570302;1.0;1.0;1.0;1.0007062429635012;1.0;1.000172593605747;1.000196893524349;1.0;1.001715042897096;0.9999934709621583;1.0;0.9999796895468761;1.000190479909808;1.002065830337458;1.0022784993860923;0.9999968479903835;0.9999849986541313;1.000916752775163;1.0007023711345904;1.0;0.999928327645306;0.9999030125934169;0.9999908070012582;0.9997125793427772;0.9996771666169136;1.0;0.9999828006817321;0.9999728673140846;1.002201430350035;0.9999927129174557;0.9999999999999999;0.999992383857866;0.9999987418493872;1.024999976158142;
2016-07-02 03:30:00;1.0002985275089737;0.9999530839957833;0.9999912561716182;1.0005462909875762;1.0;1.000735018727814;1.0022290306406918;1.0004519045982174;0.9999885339088688;1.00144279438124;0.9999999999999999;1.0;1.0;1.0007079652360527;1.0;1.0001741484923088;1.0001985154176685;1.0;1.001722213562809;0.9999924759845084;1.0;0.9999746033488742;1.0001920595868672;1.00207680545579;1.002290437593788;0.9999968032492742;0.9999809508964775;1.0009197806513586;1.0007073764426382;0.9999999999999999;0.9999297416743893;0.999904382774433;0.9999890819095345;0.9997158790411077;0.9996755212679186;0.9999999999999999;0.999984175987699;0.9999758305235349;1.002212692170352;0.9999913457838295;1.0;0.9999910550357008;0.9999985063280414;1.024999976158142;
2016-07-02 03:45:00;1.00030084857142;0.9999618646920475;0.9999922043450095;1.0005495112227998;1.0;1.0007394518699637;1.0022404348532974;1.0004537306308032;0.9999893535084654;1.0014521286432736;1.0;1.0;1.0;1.0007127912652038;0.9999999999999999;1.000173343076974;1.0001978060129557;1.0;1.0017326662626573;0.9999928426592222;1.0;0.9999789770142893;1.0001913454585827;1.0020872594140058;1.0023022308435972;0.9999965696192845;0.9999844215863002;1.000925601070387;1.0006999368457834;1.0;0.999920682899465;0.9998982105596687;0.9999906263270575;0.9997063829183989;0.9996583673669043;1.0;0.9999838261248388;0.9999746867052057;1.0022243426376816;0.9999926197367083;1.0;0.9999916641790341;0.9999988125365372;1.024999976158142;
2016-07-02 04:00:00;1.0002993364424555;0.9999489567257448;0.9999895175037433;1.0005483182187056;1.0;1.000738764558903;1.0022511717101104;1.0004514558466748;0.9999858773957119;1.0014553115841527;1.0;1.0;0.9999999999999999;1.0007105967128072;1.0;1.0001717267894132;1.0001960741822329;0.9999999999999999;1.001738646281341;0.9999905902723163;0.9999999999999999;0.9999729319261333;1.0001896616359978;1.002097176854137;1.0023132808481803;0.999995678605362;0.999980352590399;1.0009256587910318;1.000701486413075;0.9999999999999999;0.9999161681922012;0.9998923554572396;0.9999872255051582;0.9996892093687094;0.9996383474772876;1.0;0.9999838444992853;0.9999743239440093;1.0022344535302876;0.9999899178636548;1.0;0.9999889614159883;0.9999983353769069;1.024999976158142;
2016-07-02 04:15:00;1.0003051615827148;0.999958494829276;0.9999915598517402;1.000557594174126;1.0;1.0007499844974646;1.0022725282587395;1.0004608955334093;0.9999883084358926;1.00147251710549;1.0;1.0;1.0;1.0007230540797183;1.0;1.0001775252394454;1.0002023910414428;1.0;1.0017570872691839;0.9999923299551772;1.0;0.9999767629675986;1.0001958167118639;1.0021172787934227;1.0023351271391086;0.9999966790816913;0.9999827049196617;1.0009387268142356;1.0007073097361916;1.0;0.9999061687391473;0.9998776168471712;0.9999898452691239;0.9996439404713879;0.9995864288767676;1.0;0.9999842844888064;0.9999751450649843;1.0022561271067305;0.9999920144148423;1.0;0.9999909310655891;0.9999987319846516;1.024999976158142;
2016-07-02 04:30:00;1.0003032590754228;0.9999567093056002;0.9999917768945966;1.0005545067263855;1.0;1.000745544339717;1.0022554580966831;1.0004599390198547;0.9999890518118822;1.001461624441575;1.0;1.0;1.0;1.000718959698795;1.0;1.0001788893798478;1.000203733275282;0.9999999999999999;1.0017439503776882;0.9999929190828402;1.0;0.9999765694108301;1.0001971639493168;1.0021015235102855;1.0023174692902947;0.9999971723204707;0.9999825537846463;1.0009326187033185;1.0007012894804297;1.0;0.9999128662608731;0.9998884401936643;0.9999897608161097;0.9996785776382011;0.9996250335671469;1.0;0.9999846567768328;0.9999763113086564;1.0022391127713035;0.9999918970038175;1.0;0.999991515095981;0.9999986241726478;1.024999976158142;
2016-07-02 04:45:00;1.0002979012931639;0.9999647940727071;0.9999928334087906;1.0005438972742569;1.0;1.0007318601468385;1.0022149942034326;1.0004493188123273;0.9999903074068902;1.0014364185182585;1.0;1.0;1.0;1.0007056632811344;1.0;1.0001715028181746;1.0001957288133287;1.0;1.0017135696119042;0.9999934142261688;1.0;0.9999807507832368;1.0001893338826686;1.0020635496720252;1.0022760905917962;0.9999967193275787;0.9999857500417738;1.0009159245606725;1.0007021670646412;1.0;0.9999259539681777;0.9998988204080851;0.9999913659377191;0.9996986479914497;0.9996495546467478;0.9999999999999999;0.9999834353177577;0.9999735019438059;1.002199184393282;0.9999931951513488;0.9999999999999999;0.999992375020444;0.999998893079365;1.024999976158142;
2016-07-02 05:00:00;1.000301266579556;0.9999738888744011;0.9999945997926227;1.0005487594880957;1.0;1.0007377852542896;1.0022255615525637;1.0004535195760056;0.9999923590663173;1.0014456230271531;1.0;1.0;1.0;1.0007123631708383;1.0;1.0001729876854613;1.0001974111680538;0.9999999999999999;1.0017230380410735;0.9999947277662828;1.0;0.9999843539636017;1.0001909409914602;1.0020734154027457;1.0022869999061366;0.9999971824188222;0.9999879725056104;1.0009228808385078;1.0007054843259648;1.0;0.9999273159374484;0.9999013106833202;0.9999937555307405;0.9997072381127092;0.9996649025525226;1.0;0.9999829162203847;0.9999721888962538;1.0022100763047361;0.9999951173960929;1.0;0.9999939847366317;0.9999992737158757;1.024999976158142;
2016-07-02 05:15:00;1.000301576603715;0.9999752655232357;0.999995124725342;1.0005492637216808;1.0;1.000738492446766;1.0022258857063973;1.00045420658688;0.9999933320829406;1.0014461591989072;1.0;1.0;1.0;1.0007130801729627;1.0;1.0001730204814905;1.0001974751360545;1.0;1.001723478964398;0.9999953017509732;1.0;0.9999854421410951;1.0001909953622254;1.0020737006220697;1.0022873507561807;0.999997327575656;0.9999887330795572;1.0009235356801987;1.000701862806819;1.0;0.9999216717111925;0.9998951226499667;0.9999942731887781;0.9996909821082505;0.9996477334725792;1.0;0.999984376118727;0.9999752366940675;1.002210436530739;0.9999955013394055;1.0;0.9999946944973224;0.9999992942415491;1.024999976158142;
2016-07-02 05:30:00;1.0003016577957797;0.9999703595259926;0.9999940992844079;1.0005501802067471;1.0;1.0007388980603746;1.0022225837953334;1.0004580712108813;0.9999919580890236;1.0014446291117483;1.0;1.0;1.0;1.0007142164160252;0.9999999999999999;1.0001795837602034;1.0002043737986765;1.0;1.001721712066156;0.999994817019784;1.0;0.9999838586297048;1.0001978377479024;1.0020709964957166;1.0022835570749975;0.9999979469690358;0.9999880993894166;1.0009235674534196;1.0007032028845348;1.0;0.9999271415717393;0.9999019218926969;0.9999927659217865;0.9997103086305187;0.9996659951371485;1.0;0.9999762106863557;0.9999674841545642;1.0022070150230287;0.9999942932365377;1.0;0.999993786749685;0.9999990623993601;1.024999976158142;
2016-07-02 05:45:00;1.000304797608862;0.9999779772793559;0.9999951489125035;1.0005548095149965;1.0;1.0007453336844732;1.0022421366104421;1.0004601082462397;0.9999929314124163;1.0014583259617462;1.0;1.0;0.9999999999999999;1.0007206091640892;1.0;1.0001776185040205;1.0002024571081163;1.0;1.001737418789864;0.9999952279583663;1.0;0.9999867807128494;1.000195897010433;1.0020890164064675;1.0023038491720648;0.9999976245014867;0.9999900225261473;1.0009319401680623;1.0007085935675935;1.0;0.999926112895807;0.9999012231858081;0.9999944570520858;0.9997094256223371;0.9996633735957999;1.0;0.999966132372132;0.999957787058553;1.0022267097667286;0.9999956836920267;0.9999999999999999;0.9999944920020101;0.9999993889405892;1.024999976158142;
2016-07-02 06:00:00;1.0003033025101449;0.9999758857369264;0.9999941380158747;1.000552283401752;1.0;1.0007428687513762;1.0022440631573948;1.0004555545866158;0.9999913042563047;1.0014579004915962;1.0;1.0;1.0;1.0007172857087825;1.0;1.0001728707195994;1.0001974254869743;1.0;1.0017379907313242;0.9999939631733218;1.0;0.9999855571829447;1.0001909527062138;1.0020905373881737;1.0023060143349063;0.9999966609457641;0.9999893431983331;1.0009298567673472;1.0007092931792394;1.0;0.9999244853153911;0.9998985811596232;0.9999934907318717;0.9997008635060365;0.9996549316761459;0.9999999999999999;0.9999692123683409;0.9999592791356735;1.0022284877540693;0.9999949560127697;1.0;0.9999931743169038;0.9999993297832915;1.024999976158142;
2016-07-02 06:15:00;1.0003049351658384;0.9999755073469221;0.9999944098848632;1.0005553510843193;0.9999999999999999;1.0007461697830535;1.0022471356631817;1.0004604612492727;0.9999917947181111;1.0014610502277432;1.0;1.0;1.0;1.0007212704872963;1.0;1.0001780686932407;1.0002029461025392;0.9999999999999999;1.0017410993599865;0.999994536200487;1.0;0.9999856122167288;1.0001963877315723;1.0020936887815857;1.0023089413377746;0.9999974151679908;0.9999893708602767;1.0009332529312807;1.0007125276613378;0.9999999999999999;0.9999250847313015;0.9998978774033865;0.9999935969788396;0.999696591887963;0.9996532678621529;1.0;0.9999580715615135;0.999948551251614;1.002231574803442;0.9999950166577877;1.0;0.9999936445061791;0.9999992991111432;1.024999976158142;
2016-07-02 06:30:00;1.000314269069619;0.9999721316284529;0.9999949908119075;1.0005727355709502;1.0;1.0007693741877381;1.0023138617432985;1.0004759217519672;0.9999934064822996;1.0015037523133676;1.0;1.0;0.9999999999999999;1.00074346389736;1.0;1.0001844860164548;1.0002101646969208;1.0;1.0017918013373956;0.9999955814536946;0.9999999999999999;0.9999841881100242;1.0002033596493394;1.002155939369714;1.002377536150687;0.999997928050102;0.9999877767124952;1.000961476652721;1.0007352878030042;1.0;0.9998880196144453;0.9998390494866001;0.9999938079373295;0.999509723619001;0.9994670065911435;1.0;0.9999534881575837;0.9999439678913216;1.0022977340010297;0.9999950982324042;1.0;0.9999948229582922;0.9999991645346458;1.024999976158142;
2016-07-02 06:45:00;1.0003226769209286;0.9999710955913584;0.9999941012516366;1.0005879417933;1.0;1.000789564351841;1.0023763768122387;1.0004883883107853;0.9999915551361251;1.0015444499973998;1.0;1.0;1.0;1.000763266565632;0.9999999999999999;1.0001902911522433;1.0002166734444693;1.0;1.0018404258101745;0.99999451992508;1.0;0.9999829347388123;1.000209693924585;1.002214221298031;1.0024416968205239;0.9999977084605542;0.9999870419225543;1.0009870958471703;1.0007562160160883;0.9999999999999999;0.9998689627240831;0.9998089064224396;0.9999930272342759;0.9994143742012686;0.9993616521069956;1.0;0.999950975444431;0.9999418363250393;1.0023598260679976;0.9999945429776433;1.0;0.9999934970108599;0.9999991788892523;1.024999976158142;
2016-07-02 07:00:00;1.0003214087960328;0.999972549548585;0.9999946860434471;1.0005855838509374;1.0;1.0007876616495563;1.0023767163560868;1.0004837764371637;0.9999928996176068;1.0015433655663535;1.0;1.0;1.0;1.0007602067466637;1.0;1.0001833851320658;1.0002094165006699;1.0;1.0018397175952125;0.9999949124928025;1.0;0.9999841728698774;1.0002025193794877;1.0022141350437443;1.0024424101730418;0.9999969666062061;0.99998777593555;1.0009851828724117;1.0007340038114956;1.0;0.9998624617657604;0.9998144483428268;0.9999936941844756;0.9994511417748927;0.999388155181272;1.0;0.9999510909679303;0.9999411579152724;1.002360131291748;0.9999950321645962;1.0;0.9999943052346286;0.9999991948943524;1.024999976158142;
2016-07-02 07:15:00;1.0003332583280335;0.9998960518972967;0.9999811082292291;1.0006163020464554;1.0;1.0008326187089607;1.002568222303497;1.000506715508189;0.9999767017644172;1.0016477590851367;1.0;1.0;1.0;1.0007960248738181;1.0;1.0001930523782785;1.000220377896782;1.0;1.0019748257622274;0.9999847316190583;1.0;0.999948491867753;1.0002131745197627;1.0023925252397876;1.0026390852573697;0.9999937524718917;0.9999626496622017;1.00104431929362;1.0007562987464325;1.0;0.9998426915639902;0.9998122610126066;0.9999754948741254;0.9994804501456525;0.9994137909306976;1.0;0.9999484146802188;0.9999396883909957;1.0025472540645026;0.9999804252014792;1.0;0.9999817099737327;0.9999963589846294;1.024999976158142;
2016-07-02 07:30:00;1.0003324729217036;0.9999115110795007;0.999984188882129;1.0006131385355348;0.9999999999999999;1.0008266932354914;1.002530616148543;1.0005074332569315;0.9999806064207704;1.0016289483012357;1.0;0.9999999999999999;1.0;1.0007927814854423;1.0;1.000197043337287;1.0002244721377838;1.0;1.0019494821424813;0.9999874828732891;1.0;0.9999562193352063;1.000217240832418;1.0023577976137907;1.002600193800563;0.9999952710004218;0.9999681957551826;1.00103546357122;1.0007357154293932;1.0;0.9998507043442538;0.9998307371694244;0.9999793187624405;0.9995462566987041;0.9994815258914834;1.0;0.9999498274571275;0.9999403072257176;1.0025105960988694;0.9999834623888239;1.0;0.999984838381253;0.9999968939567109;1.024999976158142;
2016-07-02 07:45:00;1.000334930405552;0.9999517432315951;0.9999903307997741;1.000612581077832;1.0;1.0008235162407435;1.0024920779433557;1.0005086240907586;0.9999868661569368;1.0016150983739436;1.0;1.0;1.0;1.0007943950231668;1.0;1.0001990917737382;1.00022661752781;1.0;1.0019273235169814;0.9999916040783178;1.0;0.9999742006472151;1.0002193649872821;1.002322014311225;1.0025604832349615;0.9999968280333745;0.9999811970300645;1.0010303465686932;1.0007141440449843;0.9999999999999999;0.9998445959430153;0.9998276805148443;0.9999880764175411;0.9995450505004458;0.9994792254303381;0.9999999999999999;0.9999461722006324;0.9999370331251403;1.0024739864959424;0.9999905862593786;1.0;0.9999898783615156;0.9999984393516794;1.024999976158142;
2016-07-02 08:00:00;1.0003292879773968;0.9999547410633649;0.9999910432114163;1.0006021810171464;1.0;1.0008104704317955;1.0024560032033394;1.0004983012486786;0.999988260568108;1.0015912306054249;1.0;1.0;1.0;1.000781049911516;1.0;1.0001914518151183;1.0002183601253083;1.0;1.0018991810088294;0.9999921436447704;0.9999999999999999;0.9999764769258332;1.0002112741271811;1.002288095639879;1.002523659083422;0.9999963546210493;0.9999829005868963;1.0010143318712275;1.0007125141406468;1.0;0.9998539958721585;0.9998351882016945;0.9999889005232354;0.9995595745327186;0.9994933140344588;0.9999999999999999;0.9999565318609296;0.9999478055008701;1.0024381923486756;0.999991207073724;1.0;0.9999907840661079;0.9999984906169568;1.024999976158142;
2016-07-02 08:15:00;1.0003432035883664;0.9999676857058093;0.9999938137690849;1.000625850018659;1.0;1.0008425139808752;1.0025472859151094;1.0005162949043094;0.9999920995971823;1.0016527085269789;1.0;0.9999999999999999;1.0;1.0008123861328413;1.0;1.0001942415269474;1.00022201118156;1.0;1.0019709446519718;0.9999942068577609;1.0;0.9999824147892535;1.0002146661536544;1.002372853624867;1.0026177895855748;0.9999963465590802;0.9999866559915529;1.0010541168183573;1.0007279147755477;1.0;0.9998316532795464;0.9998108831418027;0.9999925044599152;0.9994971428188979;0.9994309615840614;1.0;0.999932596122379;0.9999230760550235;1.0025293309667884;0.9999940609417894;1.0;0.9999935819036445;0.9999989775813868;1.024999976158142;
2016-07-02 08:30:00;1.0003740211361065;0.9999656541272627;0.9999928258559463;1.0006816423338134;1.0;1.000916143376749;1.002764543299115;1.0005644458965586;0.9999897695583793;1.0017950589445275;1.0;1.0;1.0;1.0008848836143809;1.0;1.0002174030782778;1.0002478485915063;1.0;1.0021399022757598;0.9999931621311088;1.0;0.9999797309801913;1.0002397936459237;1.002575540385472;1.002840771154805;0.9999967541405689;0.9999846252893642;1.001145955048548;1.00079439985983;0.9999999999999999;0.9997493255402827;0.9996838850997396;0.9999916213975606;0.9990983834753446;0.9989235302134986;1.0;0.9999278228051315;0.9999183027832217;1.0027452014086276;0.9999934470117178;1.0;0.999992041269692;0.9999990205897579;1.024999976158142;
2016-07-02 08:45:00;1.0003696709849474;0.9999730935287839;0.9999948988721483;1.0006732520560893;1.0;1.0009041467861708;1.002715637290017;1.000560382559771;0.9999931629395669;1.0017662803137266;1.0;1.0;1.0;1.0008744897754764;1.0;1.0002181698914538;1.0002484486005367;1.0;1.0021041323146525;0.9999954185721212;1.0;0.9999848598055896;1.0002404474973274;1.0025302377529657;1.0027903080983027;0.9999978397444217;0.9999884724907635;1.001129757532544;1.0007751891368615;1.0;0.9997727101170358;0.9997234730932499;0.9999937737646919;0.9992277983728198;0.9991025972730566;1.0;0.9998932508037454;0.9998841122119319;1.0026968901519482;0.9999950835492658;1.0;0.9999946422390533;0.9999991804732593;1.024999976158142;
2016-07-02 09:00:00;1.0003675018898794;0.9999622130211426;0.9999917434189669;1.0006700690602637;1.0;1.0009004351265869;1.0027206382713292;1.0005548337797203;0.9999878398606662;1.0017656860428292;1.0000000000000002;1.0;1.0;1.0008697153607715;1.0;1.0002149213322091;1.0002448773986456;1.0;1.0021053907869284;0.9999920946226887;1.0;0.9999774504175987;1.0002369583413389;1.002534819576028;1.0027955205959176;0.9999966325965662;0.9999830990293601;1.001126684879664;1.0007808560634712;1.0;0.9997840092843552;0.9997383307172057;0.9999904441664786;0.9992709946696423;0.9991295628790687;0.9999999999999999;0.9998909366965979;0.9998806231419799;1.0027014245448316;0.9999925585645503;1.0;0.9999906609979051;0.9999989425650531;1.024999976158142;
2016-07-02 09:15:00;1.000364017338598;0.9999353973380307;0.99998695770454;1.000666815768265;1.0;1.0008974256937562;1.002732873785925;1.000550424712694;0.9999819827145953;1.0017662444758906;1.0;0.9999999999999999;1.0;1.0008639053422503;1.0;1.0002126978934955;1.0002424058672963;1.0;1.0021098477155401;0.9999883882468587;1.0;0.9999643603055016;1.0002345513174296;1.002546182007409;1.0028081255098142;0.9999953927689813;0.9999736719614357;1.0011241114678373;1.0007827959600681;1.0;0.9997943908632416;0.999756332361052;0.9999841378441555;0.999329997989721;0.9992184912332365;0.9999999999999999;0.9998969519542178;0.9998878133285773;1.0027125067276976;0.9999875118481693;1.0;0.9999861085811067;0.9999979883626272;1.024999976158142;
2016-07-02 09:30:00;1.00037376605446;0.9998805043708565;0.9999775833352026;1.0006900731284736;1.0;1.0009311123430802;1.0028802733084945;1.000564302436389;0.9999700183939644;1.0018456476613344;1.0;1.0;1.0;1.000890435292619;1.0;1.0002152361302614;1.000245542619576;1.0;1.0022117152504284;0.9999808088827241;0.9999999999999999;0.9999343892021841;1.0002374430704342;1.0026834242636335;1.0029599094237036;0.9999928181533624;0.9999507269554004;1.0011686986558102;1.000831744299221;1.0;0.9997854438870486;0.9997419881419476;0.9999720842711542;0.9992845976790363;0.999171208505836;1.0;0.9998845197969357;0.9998765879459436;1.0028567569479114;0.9999779139821816;1.0;0.9999768506083319;0.9999962553612649;1.024999976158142;
2016-07-02 09:45:00;1.0003974333780372;0.9998769246733047;0.9999811942405189;1.0007313807660345;1.0;1.0009855035577047;1.003041946928905;1.0005942146644102;0.9999753996672052;1.001946384113606;1.0;1.0;1.0;1.000941711239698;0.9999999999999999;1.0002206882932838;1.0002521052599675;1.0;1.0023294043259532;0.9999841670831179;1.0;0.9999240896249678;1.0002433712715293;1.0028340965036233;1.0031270142528579;0.9999940017065169;0.9999378973919483;1.0012349407574401;1.0008838653747605;0.9999999999999999;0.9997549909680602;0.9996945618452241;0.9999763047623098;0.9991351406161436;0.9989612829919386;0.9999999999999999;0.9998817038566864;0.9998721842738615;1.0030174356127943;0.9999812003106339;1.0;0.9999809260734133;0.99999672106031;1.024999976158142;
2016-07-02 10:00:00;1.0003988518019178;0.9998928411965495;0.9999812358173173;1.0007336554227262;1.0;1.0009883537101338;1.0030371086382828;1.0006011832344734;0.9999749680686743;1.0019509042457264;1.0;1.0;1.0;1.0009472041524674;1.0;1.0002291775444796;1.0002613587321827;1.0;1.0023341478862056;0.9999839959750509;1.0;0.9999382735280752;1.0002526686699138;1.0028296062185234;1.0031212727476402;0.999994049970666;0.9999519759488656;1.001238727030598;1.000872974562257;1.0;0.9997420358850722;0.9996805091000938;0.9999765741371125;0.9990990127590226;0.9988987454577543;0.9999999999999999;0.9998789542049993;0.999869434648353;1.0030131652293908;0.9999814582840292;0.9999999999999999;0.9999806798600919;0.9999968416664919;1.024999976158142;
2016-07-02 10:15:00;1.00040345041776;0.9999233329866883;0.9999858269853794;1.0007397352089746;1.0;1.000995746941117;1.0030329987175584;1.0006109645857517;0.9999813313018282;1.0019583989101366;1.0;1.0;1.0;1.0009578276106683;1.0;1.0002356837637028;1.0002686081454875;1.0;1.0023397637015525;0.9999879192561759;1.0;0.9999582905604222;1.000259865882773;1.002825720843532;1.0031166512731902;0.9999952101753244;0.9999686409977787;1.0012467283020718;1.0008565438688564;1.0;0.9997086954846341;0.9996384123602693;0.9999822448602963;0.9989793570968739;0.998768199455023;1.0;0.9998757902778085;0.9998662707512851;1.0030101963678317;0.9999859279751696;1.0;0.9999855149265514;0.9999975686823236;1.024999976158142;
2016-07-02 10:30:00;1.0003911646401533;0.9999663739128463;0.9999934432926628;1.0007130687690096;1.0;1.0009582299128716;1.0028852597882305;1.000592515476142;0.9999912859172222;1.0018746601882003;1.0;1.0;0.9999999999999999;1.0009259690126404;1.0;1.0002296311730101;1.000261639733955;1.0;1.0022343838102867;0.999994124671608;0.9999999999999999;0.9999816784977912;1.0002531921815123;1.0026881045802776;1.0029646784177513;0.9999971732999968;0.9999863169494396;1.0011978871399942;1.0008184908060305;1.0;0.9997155999747113;0.9996416352943004;0.9999919802495156;0.9989791414592143;0.9987759372775256;1.0;0.9998860394790475;0.9998761070725811;1.0028651086861817;0.9999936606941816;1.0;0.9999931511416418;0.9999989320366808;1.024999976158142;
2016-07-02 10:45:00;1.00040210903967;0.9999722796507601;0.9999936736515341;1.000732031768053;1.0;1.0009839194098293;1.0029648579328487;1.0006063673082461;0.999990829554517;1.0019272074290904;1.0;1.0;1.0;1.0009510287819967;1.0;1.0002328006248467;1.000265524628206;0.9999999999999999;1.002296704193607;0.9999936716578833;1.0;0.9999836104502626;1.00025689326402;1.002762031944205;1.0030466275266112;0.9999966002228344;0.9999877745766981;1.0012306550676837;1.000820027862634;1.0;0.999675521920037;0.9995957967364159;0.9999928313835788;0.9988559979573469;0.9986498218598646;1.0;0.9998823014222108;0.9998731629304698;1.002944405045072;0.9999944188893556;1.0;0.9999927957869015;0.9999992075811466;1.024999976158142;
2016-07-02 11:00:00;1.000401099923582;0.9999059192703766;0.9999827618652756;1.000738085865864;0.9999999999999999;1.0009951083509232;1.0030449749112933;1.0006092972181166;0.9999783500792537;1.0019615870450462;0.9999999999999999;1.0;1.0;1.0009550407613907;1.0;1.0002342678299045;1.0002671490339692;1.0;1.0023466005344486;0.999985854239208;0.9999999999999999;0.9999523656651766;1.000258470051047;1.0028366960115926;1.0031289384148803;0.9999942354658081;0.9999652012138699;1.0012466883354767;1.0008452290645322;0.9999999999999999;0.9996764243541013;0.9995978863029075;0.9999778395393149;0.9988629540718016;0.9986435402832945;1.0;0.9998875552709732;0.9998780356324386;1.0030213141486923;0.999982335066699;1.0;0.9999830596274158;0.9999967740493935;1.024999976158142;
2016-07-02 11:15:00;1.0003900565958959;0.9999143008229847;0.9999841392562704;1.0007170916243502;1.0;1.0009662597341233;1.002950995258248;1.0005929348448293;0.9999798661535979;1.0019029370361348;0.9999999999999999;0.9999999999999999;1.0;1.000928287874836;1.0;1.0002292249182583;1.0002612538511937;0.9999999999999999;1.0022755361035622;0.9999869324355133;1.0;0.9999564895111622;1.0002528074267387;1.0027492756674863;1.0030322526345428;0.9999948052308171;0.9999683017144623;1.0012102423353884;1.0008248745591979;1.0;0.9997038927346649;0.9996338351696992;0.999979664473158;0.9989672922918211;0.998757080464134;0.9999999999999999;0.9998890206115034;0.9998802948405969;1.0029282799435881;0.9999838081411359;1.0;0.9999843047772786;0.999997074463924;1.024999976158142;
2016-07-02 11:30:00;1.0003918087617856;0.9999609818358558;0.9999922697052047;1.000714877830507;1.0;1.000960625943221;1.0028953231974898;1.0005945093228663;0.9999896250615972;1.0018801772744161;1.0;1.0;0.9999999999999999;1.000928128452389;1.0;1.0002318200438294;1.0002639755369067;0.9999999999999999;1.0022416212576877;0.9999931967843833;1.0;0.9999791076799058;1.0002555014897774;1.0026975653245906;1.0029749068467153;0.999997086166209;0.9999846601348505;1.0012010689263509;1.0008371856324982;1.0;0.9997070930175616;0.999617140224745;0.9999904815887273;0.9988876915954096;0.9986757603071958;1.0;0.9998870351449184;0.9998775155113359;1.0028748981471347;0.9999924795647357;1.0;0.9999919294711803;0.9999987399706336;1.024999976158142;
2016-07-02 11:45:00;1.0003905176358265;0.9999667679507359;0.9999931628656195;1.0007119536295703;1.0;1.0009575481485238;1.0028884212810514;1.0005899377879681;0.9999909640058874;1.0018760510189124;1.0;1.0;1.0;1.000924644652984;1.0;1.0002259842551178;1.0002578275529395;1.0;1.0022366655347283;0.9999936646058055;1.0;0.9999823618635183;1.0002494411958531;1.0026907949567123;1.0029680819193678;0.9999964970086338;0.9999870891448116;1.001197639664386;1.0008363878934243;0.9999999999999999;0.9997206174297643;0.9996375321522312;0.9999917579412848;0.998951108661259;0.9987348674605553;0.9999999999999999;0.9998882448338128;0.9998791062877516;1.0028682154598276;0.9999934900824788;1.0;0.9999927940154512;0.9999989124169512;1.024999976158142;
2016-07-02 12:00:00;1.0003890874555699;0.999969675229163;0.9999928781376035;1.0007083521721198;1.0;1.0009519171314545;1.0028722357546282;1.0005858730959978;0.9999891912533121;1.0018660344369548;1.0;1.0;1.0;1.0009199335108436;1.0;1.0002251707371774;1.0002567723840494;1.0;1.0022240915600096;0.9999927570189441;1.0;0.999980933945617;1.0002484192593128;1.0026758042129598;1.0029514592209545;0.9999964705120457;0.999985582458362;1.0011910265957127;1.000829728436619;1.0;0.9997155660355621;0.9996304385004376;0.9999921094142908;0.998929425558838;0.9987182033602922;1.0;0.9999040644342078;0.9998949257435623;1.0028523419952249;0.99999390120543;1.0;0.9999916290174288;0.9999992144900824;1.024999976158142;
2016-07-02 12:15:00;1.0004006189832662;0.9999614607173023;0.99999247368862;1.0007305306784953;0.9999999999999999;1.0009818386243683;1.0029617795347023;1.000605932805397;0.9999897274792517;1.0019226888127537;1.0;1.0;1.0;1.000948299095213;1.0;1.0002341950946247;1.0002668926412943;1.0;1.002292216185477;0.9999931461519623;1.0;0.9999781398644106;1.0002582421215989;1.002759270869797;1.0030434287180836;0.9999968133206342;0.9999834264735176;1.001227791261271;1.0008450970412053;0.9999999999999999;0.9996570495070866;0.9995473752602507;0.99999091113939;0.9986773968420709;0.9984276237078151;1.0;0.9999158275989749;0.9999058948966071;1.0029409705701713;0.9999928409855278;1.0;0.999991978717877;0.9999988406822619;1.024999976158142;
2016-07-02 12:30:00;1.0003987227197564;0.9999044843297261;0.9999809650794818;1.000733164583117;1.0;1.0009875450678205;1.0030264003931701;1.000604221188365;0.9999740120684205;1.0019494070715182;1.0;1.0;1.0;1.000948462210196;1.0;1.00023466033305;1.0002672962208126;1.0;1.0023320443150021;0.9999834759531863;0.9999999999999999;0.9999483994093605;1.0002586710930115;1.0028195506347124;1.0031097313993564;0.9999939607841796;0.999962180035733;1.0012381086780435;1.0008764476587253;1.0;0.9996849064309462;0.9995847507620147;0.9999765467191999;0.9987883488426348;0.9985649424920604;0.9999999999999999;0.9999170617298084;0.9999075418103516;1.0030029429918768;0.9999814937717524;1.0;0.9999800221995698;0.9999969493403168;1.024999976158142;
2016-07-02 12:45:00;1.000401995518041;0.999865524714042;0.9999748972218547;1.0007440262621234;1.0;1.0010042209314622;1.0031024114136968;1.000612529940892;0.9999677460922326;1.0019885912427229;1.0;1.0;1.0;1.0009604080050745;1.0;1.0002376816816763;1.000270772728191;0.9999999999999999;1.0023840479465806;0.9999794308790398;1.0;0.9999312565584205;1.0002620358064076;1.0028903168126804;1.0031878408283958;0.9999926077206286;0.9999499740896146;1.001259908357081;1.000902978918647;1.0;0.9996651925189197;0.9995523960070947;0.9999679014893941;0.9986839700863026;0.998459446073159;1.0;0.9999160474950225;0.9999061147904702;1.0030768516593973;0.9999744671333626;0.9999999999999999;0.9999750135307144;0.9999954348107895;1.024999976158142;
2016-07-02 13:00:00;1.0004053947934854;0.9997484566452993;0.9999555831130804;1.0007647062936194;1.0;1.0010399176646352;1.0033051547757466;1.0006221618417672;0.999946734495335;1.0020864214604546;1.0;1.0;1.0;1.0009807885613142;0.9999999999999999;1.0002340512598848;1.000267553767601;1.0;1.002518195154403;0.999965379092539;1.0;0.9998783298462676;1.0002587257577307;1.0030785239276436;1.0033966474425322;0.999986788744221;0.9999121748718443;1.0013092779297532;1.0009601764104084;1.0;0.9996656321733193;0.9995599634039039;0.9999413073593367;0.9987166943835932;0.998476879065046;1.0;0.9999161998422631;0.9999070610407053;1.0032732853353905;0.9999529601313513;1.0;0.9999581575909784;0.9999909832926303;1.024999976158142;
2016-07-02 13:15:00;1.0003906469308605;0.9998311473221025;0.9999699667999739;1.0007282046586792;1.0;1.0009861228848167;1.0030763695860232;1.000597235870209;0.9999636899213801;1.0019611370664656;1.0;0.9999999999999999;0.9999999999999999;1.0009379728924475;1.0;1.0002276844039437;1.0002599025598808;1.0;1.0023569797058391;0.9999764074793307;0.9999999999999999;0.9999179010362333;1.0002514177449489;1.0028657291760872;1.0031612998014445;0.9999908869852567;0.9999407252161527;1.0012384344743197;1.0009135892451155;1.0;0.9997042417736779;0.9996005293167156;0.9999604692023217;0.9988194890060427;0.9985902047427055;1.0;0.9999161451112026;0.9999066252004726;1.0030494102591796;0.999968344460648;1.0;0.9999715130144435;0.9999939765757819;1.024999976158142;
2016-07-02 13:30:00;1.0003957108329535;0.9999653642342602;0.999993330215089;1.0007214968479785;0.9999999999999999;1.0009690785475447;1.0029145802323944;1.000601011431486;0.9999911438406257;1.0018942801994388;1.0;0.9999999999999999;0.9999999999999999;1.0009369542986375;1.0;1.0002351636889248;1.000267678634607;1.0;1.0022575367687594;0.999994207299273;1.0;0.9999813930049768;1.000259104374812;1.00271550896732;1.0029946800040153;0.9999975564586369;0.999986213702173;1.0012111062910982;1.0008578426851285;1.0;0.9996886680121435;0.9995773297855962;0.9999917249859605;0.9987478786981147;0.9984876726380051;1.0;0.9999152285001647;0.9999057085981615;1.002894249527951;0.9999934512000558;1.0;0.9999931084333928;0.9999988854405567;1.024999976158142;
2016-07-02 13:45:00;1.0003977335342835;0.9999679093104006;0.9999931651606327;1.0007245842074122;1.0;1.0009740618655034;1.002937984799674;1.0006000997577864;0.9999903585877165;1.0019083914650697;0.9999999999999999;1.0;1.0;1.0009410348578054;0.9999999999999999;1.0002303956911343;1.0002627689089671;1.0;1.0022748162465929;0.9999933993800266;1.0;0.9999814092594714;1.0002542193590365;1.0027369575217226;1.0030190555610798;0.9999965717708531;0.9999860264276786;1.0012183617184123;1.0008674817405365;1.0;0.9996759765365105;0.9995557464368046;0.9999920426846398;0.9986772993624743;0.9984032642847406;0.9999999999999999;0.9999164382521156;0.9999072994483789;1.0029175513278288;0.9999937722562873;1.0;0.9999924304820319;0.9999990610297507;1.024999976158142;
2016-07-02 14:00:00;1.0003883969618894;0.9999664718427513;0.9999923973809797;1.0007074927264448;1.0;1.0009512671218717;1.0028749687852894;1.0005842319813048;0.9999887422968795;1.0018663807973538;1.0;1.0;1.0;1.0009186096521228;1.0;1.0002231480489199;1.0002546322421386;0.9999999999999999;1.0022251932744295;0.9999923641921739;1.0;0.9999794657136681;1.0002463064570992;1.0026782113696873;1.0029543807744805;0.9999961213444123;0.9999844702929371;1.001190504512133;1.0008468220326068;1.0;0.9996955661755268;0.9995870663399573;0.9999914456431016;0.9987768586496479;0.9985488585377474;1.0;0.9999182843041315;0.9999079704674316;1.0028549051037683;0.9999933601603631;1.0;0.9999912299855528;0.9999990961421106;1.024999976158142;
2016-07-02 14:15:00;1.000385667708506;0.9999553532934164;0.999990472107017;1.0007039203228467;1.0;1.00094633689993;1.002863441878765;1.0005827332421953;0.9999863817254047;1.0018569681577025;1.0;0.9999999999999999;1.0;1.000913431830211;1.0;1.000225541609812;1.0002570135959494;1.0;1.0022151039217209;0.999991118655134;1.0;0.9999744917351733;1.0002487049820628;1.0026677024253219;1.0029423070521055;0.9999962096093333;0.999981113805291;1.0011843283418072;1.000844351787165;0.9999999999999999;0.9997051663592861;0.9996013126992619;0.9999887453145732;0.9988208443815384;0.9985948153507199;1.0;0.9999189496909897;0.9999098108642994;1.0028430420758854;0.9999911916081732;1.0;0.9999894959728752;0.9999986729828444;1.024999976158142;
2016-07-02 14:30:00;1.0003810128576522;0.9999379535763914;0.9999848340000395;1.0006963858496558;1.0;1.0009368584729708;1.002862644501579;1.000571140925675;0.9999763789186693;1.001850280345577;1.0;1.0;1.0;1.0009025424095832;1.0;1.0002196485449444;1.0002504581391138;1.0;1.0022102575527414;0.9999849469459295;1.0;0.9999614285230544;1.0002423144548953;1.0026668750047307;1.0029415880196764;0.9999940980713773;0.9999715716810049;1.0011753566611037;1.0008343747563289;1.0;0.9997264834987536;0.999642033893355;0.9999830651876611;0.998958530057778;0.99874938589094;1.0;0.9999182843041315;0.9999079704674316;1.0028416004511411;0.9999869397032676;0.9999999999999999;0.9999820698421792;0.9999983736465191;1.024999976158142;
2016-07-02 14:45:00;1.000377245939205;0.9999475442682093;0.9999858824714711;1.0006883038036836;0.9999999999999999;1.0009251385452367;1.0028202960458303;1.0005651855787927;0.9999769344364438;1.0018257290854273;0.9999999999999999;1.0;1.0;1.000892646457916;1.0;1.0002189808562245;1.0002495112218974;0.9999999999999999;1.0021796398906992;0.9999854596690516;1.0;0.9999654534399793;1.0002414530872517;1.0026275526552717;1.0028979357299015;0.9999945171181749;0.9999746589085962;1.0011605517737645;1.0008287935159677;1.0;0.9997395751424847;0.9996566836463429;0.9999847954518967;0.9989972671380203;0.998781001957256;1.0;0.9999177283813021;0.9999070017564742;1.002799943527588;0.9999883882547431;1.0;0.9999826305843387;0.9999987572867173;1.024999976158142;
2016-07-02 15:00:00;1.0003723488756069;0.9999525969555662;0.9999883548445613;1.0006797199347008;0.9999999999999999;1.0009145480214061;1.0027810556328836;1.0005592817991589;0.9999823338068904;1.0018014893528842;1.0;1.0;1.0;1.000881871110143;1.0;1.0002141112013037;1.000244300206367;1.0;1.0021503648977326;0.9999884459362388;1.0;0.9999717321514279;1.0002363517258221;1.0025907665526856;1.0028577537998646;0.9999949200650377;0.9999794896459144;1.0011462564454152;1.0008541312621504;1.0;0.9997592972537254;0.9996607076094461;0.9999869105915387;0.9989764256745027;0.9987543405978206;0.9999999999999999;0.9999184366516076;0.9999089167190605;1.0027610629219432;0.9999898672964419;1.0;0.9999864342204404;0.9999986698115282;1.024999976158142;
2016-07-02 15:15:00;1.0003695488735764;0.9999522376932186;0.9999898549643116;1.00067528584343;1.0;1.000908821751212;1.0027569195001091;1.0005577952510234;0.9999860011843651;1.001786167758492;0.9999999999999999;1.0;1.0;1.0008761016545666;1.0;1.0002137786470808;1.0002438915411138;1.0;1.0021318532764254;0.9999906621521967;1.0;0.9999741207339653;1.0002359630725541;1.0025683127801843;1.0028329326717724;0.9999956557262872;0.9999812076561718;1.0011379280092993;1.000871596218597;0.9999999999999999;0.9997713544291643;0.9996617928995779;0.9999878415962687;0.9989578992731817;0.9987381392049168;1.0;0.9999174224202582;0.9999074897020481;1.00273701977021;0.9999904397213165;1.0;0.9999890799374678;0.9999984813986417;1.024999976158142;
2016-07-02 15:30:00;1.0003641836538004;0.9999581178138272;0.9999913862522903;1.0006648168597292;1.0;1.0008936770396812;1.0027006721780407;1.000551233959905;0.9999880299101553;1.0017520350643467;1.0;0.9999999999999999;1.0;1.0008627065591593;1.0;1.0002139077573327;1.0002436930145717;1.0;1.0020896649144893;0.9999921852789018;1.0;0.9999767487764535;1.0002358335916257;1.002516184047237;1.0027749733799787;0.9999966793637344;0.9999828273619734;1.001118034421191;1.000856581874929;1.0;0.9997858400073842;0.9996820406172127;0.9999896244441251;0.999018357838199;0.9988014452181877;1.0;0.9999183390350137;0.9999084063076984;1.0026814354683664;0.9999918428977679;1.0;0.9999907379620976;0.9999987063524756;1.024999976158142;
2016-07-02 15:45:00;1.000371737125825;0.9999651080994986;0.9999930146502429;1.0006778106429222;1.0;1.0009111206876036;1.002747643401961;1.0005621111655072;0.9999904923805277;1.0017843041310133;1.0;1.0;0.9999999999999999;1.0008799843066178;1.0;1.0002168821973392;1.000247225036267;1.0;1.002127147396281;0.9999935938048349;1.0;0.9999805596380379;1.0002392111695142;1.0025598013628476;1.0028233594767844;0.9999969022189904;0.9999854441520151;1.0011394202040835;1.0008725316441673;1.0;0.9997604784588501;0.9996414639344499;0.9999915847876081;0.998889000463455;0.9986443273860263;1.0;0.9999305723821237;0.9999210523340358;1.0027283833706915;0.9999933716516093;1.0;0.9999925484877529;0.999998927327008;1.024999976158142;
2016-07-02 16:00:00;1.0003642971742164;0.999953322064633;0.999990249122116;1.0006655175339558;1.0;1.0008947736258809;1.0027082504866875;1.0005514791053913;0.9999863488996875;1.0017557803832884;1.0;1.0;1.0;1.0008633863137935;1.0;1.0002142950948139;1.0002441061626592;1.0;1.0020948349063303;0.9999911634266869;1.0;0.9999741941677818;1.0002362461854666;1.002523174233469;1.0027827667634142;0.9999963878649499;0.9999810885596621;1.0011197663988558;1.0008597571444502;1.0;0.9997636623737799;0.9996463440091062;0.9999882684881322;0.9989040075916434;0.9986760704698641;1.0;0.9999556062463144;0.9999448792151515;1.0026888164599035;0.9999907845089636;1.0;0.9999894747211948;0.9999985537605586;1.024999976158142;
2016-07-02 16:15:00;1.0003599594541208;0.9999473633831315;0.9999888674269034;1.0006581759889064;1.0;1.0008851451895042;1.0026859377874393;1.0005444784939095;0.9999842299092356;1.0017393788686169;1.0;1.0;1.0;1.0008534691992337;1.0;1.000211452105461;1.0002408790226625;1.0;1.0020762328969757;0.9999898636396052;0.9999999999999999;0.9999706201176127;1.0002331173679861;1.002502346810533;1.0027598674221483;0.9999959849593183;0.9999784754242981;1.0011082681004349;1.0008532709605915;1.0;0.9997573977921951;0.9996357133027134;0.9999866754135368;0.9988689848856093;0.9986404266587011;0.9999999999999999;0.9999787491529218;0.9999696097796904;1.0026664302787893;0.9999895496064188;1.0;0.9999878833866589;0.9999983893842552;1.024999976158142;
2016-07-02 16:30:00;1.0003687793937264;0.9999446774111937;0.9999885134557276;1.0006744235422191;1.0;1.0009077942734563;1.0027607849666058;1.0005559225757494;0.9999839572934441;1.0017862400926194;1.0;1.0;1.0;1.0008743626302714;1.0;1.0002127017396267;1.0002426719442936;1.0;1.0021328041787954;0.9999894344928294;1.0;0.9999690179280646;1.0002347505915168;1.0025718006394584;1.0028370372991458;0.9999953264617286;0.9999770560156115;1.0011370651992877;1.000877086971792;1.0;0.9997220990686181;0.9995805705462866;0.9999862635236737;0.9986951616399702;0.9984589515256397;1.0;0.9999815061885271;0.9999711916997136;1.0027406430707322;0.9999892132249657;1.0;0.9999875585396013;0.9999983141888148;1.024999976158142;
2016-07-02 16:45:00;1.000355319462676;0.9999527894672601;0.9999901940477877;1.0006491880215587;1.0;1.000873812472107;1.0026533153820074;1.0005351464747803;0.9999863670797303;1.0017181487714615;1.0;1.0;1.0;1.0008419863414277;1.0;1.000203855065303;1.0002326899617529;1.0;1.0020507723688172;0.9999908724391768;1.0;0.9999735183628042;1.0002250692576597;1.0024716609784197;1.002726638953212;0.9999956674908475;0.9999803270120139;1.0010942401583756;1.0008401051025617;0.9999999999999999;0.9997561978816406;0.9996356132480622;0.9999883164808301;0.9988706816780188;0.9986522317565297;1.0;0.9999840829411131;0.9999745623835669;1.0026341635544374;0.999990825116069;1.0;0.999989366190801;0.9999985657162012;1.024999976158142;
2016-07-02 17:00:00;1.000365379378957;0.9999188464540789;0.9999845844707177;1.0006716812884517;1.0;1.0009052433520416;1.002767193563361;1.0005544554674712;0.9999800926912613;1.0017842539449757;1.0;1.0;1.0;1.0008694457901757;1.0;1.0002135987354233;1.0002435395157911;1.0;1.002133816617963;0.9999870489712048;1.0;0.9999583593419669;1.000235646441056;1.0025778616016916;1.0028434860823157;0.9999947637341664;0.9999697146537311;1.0011342104805592;1.0008745032165547;1.0;0.9997141416955463;0.9995712748110411;0.9999804764321322;0.998669277482784;0.998456079331283;1.0;0.9999846695984612;0.9999751490353295;1.002745954131482;0.9999844894779649;1.0;0.9999844930824097;0.9999972619517685;1.024999976158142;
2016-07-02 17:15:00;1.0003785078668594;0.9998841938496952;0.9999779835053181;1.0006993664455581;1.0;1.0009427854386919;1.0029000807431174;1.0005781618960985;0.9999712948827024;1.001862942863494;1.0;1.0;1.0;1.0009035543494536;1.0;1.0002274917335225;1.000258808957317;1.0;1.002231620327204;0.99998193515245;1.0;0.9999408256297834;1.0002505638707677;1.0027019793114282;1.002979714104389;0.9999939182668562;0.9999572599137039;1.0011821361235806;1.0009209635694671;1.0;0.9996944062262761;0.9995380153441029;0.9999719337409889;0.998561804049674;0.9983175253682203;1.0;0.9999843761187271;0.9999752366940675;1.0028766689211333;0.9999777064877128;1.0;0.9999779008939177;0.9999960713039365;1.024999976158142;
2016-07-02 17:30:00;1.0003739465965757;0.9999313086729364;0.9999856186437885;1.0006851981519422;1.0;1.0009221458542514;1.0028114826399077;1.0005652950111812;0.9999797400241228;1.001816509946838;1.0;1.0;1.0;1.000887646808031;0.9999999999999999;1.0002190578127572;1.000249593310594;1.0;1.0021703657982564;0.9999870381547024;0.9999999999999999;0.9999618588228576;1.0002415324563123;1.0026192202778117;1.0028889368341998;0.9999950126792387;0.9999720513393372;1.0011554912499208;1.000879321456882;1.0;0.9997100610835885;0.9995717304577167;0.9999826977378188;0.9986797707268488;0.9984415418169122;1.0;0.999983741531767;0.9999746021129073;1.002790531484216;0.9999864146551488;1.0;0.9999844484663424;0.9999978795125142;1.024999976158142;
2016-07-02 17:45:00;1.0003661972386286;0.9999479319572937;0.999987915012559;1.000668847569877;1.0;1.000900794259919;1.0027488011844998;1.000547547285436;0.9999819346119442;1.0017776178752071;1.0;1.0;0.9999999999999999;1.0008671749446896;1.0;1.0002058650678585;1.0002353056166866;1.0;1.0021228828388082;0.9999879674748542;1.0;0.9999684408516734;1.000227512139368;1.0025603700218797;1.0028249812282495;0.9999942956059784;0.999976460587227;1.001129603899261;1.0008582238108974;1.0;0.999712093855459;0.9995753477821663;0.9999863653701905;0.998691153944273;0.9984719033877786;1.0;0.9999841998956175;0.9999750604725685;1.0027288465818773;0.9999894248379742;1.0;0.9999860322088125;0.999998577793834;1.024999976158142;
2016-07-02 18:00:00;1.0003743021968492;0.9999503414073344;0.9999895125405209;1.000683800869586;1.0;1.000920211060328;1.002794303476924;1.0005638151842469;0.9999851954224864;1.001809477390595;1.0;0.9999999999999999;1.0;1.0008868915441698;1.0;1.0002154207031984;1.0002458114137611;1.0;1.00215975355341;0.9999901753513849;1.0;0.9999717927328925;1.0002377793784332;1.002602974670282;1.0028715123712324;0.9999954866195575;0.9999790500749073;1.0011523953080894;1.000884656214179;1.0;0.9996737608273378;0.9995065612385342;0.9999875938344407;0.9984631805789042;0.9982383673322225;1.0;0.9999830575481811;0.999972743043366;1.0027741627475801;0.9999902778467522;1.0;0.9999885035292791;0.9999985155712349;1.024999976158142;
2016-07-02 18:15:00;1.00037225328741;0.9999554281121957;0.9999905492146893;1.000679715074067;1.0;1.0009136288234772;1.0027624273995837;1.000563631141432;0.9999866684260458;1.001791878900252;1.0;1.0;1.0;1.0008819788471752;1.0;1.0002194456781057;1.000249924754899;1.0;1.002137454554018;0.9999913825251608;1.0;0.9999752146737;1.0002418920322265;1.0025735886850942;1.0028384387745524;0.9999965042332811;0.9999818685057832;1.001143193465379;1.0008739225689582;0.9999999999999999;0.9996693661958237;0.9994994353867893;0.9999887002385207;0.9984394653256912;0.9982081157323569;1.0;0.9999841998956178;0.999975060472569;1.0027427640498323;0.9999911343856932;1.0;0.999989725742143;0.9999986279367615;1.024999976158142;
2016-07-02 18:30:00;1.000366874697549;0.9999644512591157;0.9999914801815397;1.0006685766321597;1.0;1.00089783525522;1.0027096707509389;1.0005543425076935;0.9999868825664993;1.0017600635765624;1.0;1.0;0.9999999999999999;1.0008679631921615;1.0;1.0002167718628263;1.0002467586534338;1.0;1.0020982199579453;0.99999166094219;1.0;0.999978166146125;1.0002388498868202;1.0025245482474667;1.0027841663897246;0.9999967906982883;0.999983904671841;1.0011234625970153;1.0008425396997351;1.0;0.9997009886982395;0.9995596054503464;0.9999904102730398;0.998643117238456;0.9984387211668394;1.0;0.9999828812752836;0.9999725667722866;1.0026907634741387;0.9999925866344656;1.0;0.9999900292646176;0.9999990464909139;1.024999976158142;
2016-07-02 18:45:00;1.0003605714089645;0.9999194067093071;0.9999839131161411;1.0006624875559094;0.9999999999999999;1.0008928846956202;1.0027346370837773;1.0005450105821434;0.9999783190259709;1.0017626510664543;1.0;1.0;1.0;1.000857399940385;1.0;1.0002089448562401;1.0002383450770225;0.9999999999999999;1.0021082120453175;0.9999859243881284;1.0;0.9999569646906317;1.000230583501928;1.002547491915857;1.0028101074956037;0.9999942910763505;0.9999685431070258;1.0011194586620857;1.0008525836537905;1.0;0.9997189146285548;0.9995864485865318;0.9999801890880281;0.9987257325466613;0.9985106778594939;1.0;0.9999848344839606;0.9999756950551117;1.0027136643315493;0.999984351149046;1.0;0.9999831923546095;0.9999973932795482;1.024999976158142;
2016-07-02 19:00:00;1.000371659596304;0.9998279428657485;0.9999669723832137;1.0006931687043716;1.0;1.0009387030596524;1.002946825206319;1.000564995531247;0.9999571238894012;1.001875340557328;1.0;1.0;1.0;1.0008922415950041;1.0;1.000215710234055;1.000246195673683;1.0;1.0022556577687953;0.999972505946262;1.0;0.9999123100079785;1.00023816709982;1.0027450039079682;1.0030281896125088;0.999989801083889;0.999936713979514;1.001181095940421;1.0009135545108652;1.0;0.9996879092398446;0.9995436778937465;0.9999581285793742;0.9985978964503146;0.9983790668053859;1.0;0.9999846259494721;0.999975105386756;1.0029207272026077;0.9999667424597114;1.0;0.9999667666796302;0.9999941428917714;1.024999976158142;
2016-07-02 19:15:00;1.0003672540645483;0.999870036935473;0.9999738919100178;1.0006799604825138;1.0;1.0009178978088646;1.0028493819785556;1.0005572554069615;0.9999645149032068;1.0018242394401142;1.0;1.0;1.0;1.000877452762331;1.0;1.0002163124440142;1.0002464381561387;1.0;1.0021884200838516;0.9999775628230982;1.0;0.9999312928782562;1.0002385006709116;1.0026545475658402;1.002927817123568;0.9999920711102105;0.9999503132387514;1.001153317699598;1.0008750867399767;0.9999999999999999;0.999688475550286;0.9995491233437361;0.99996763431089;0.9986208723146662;0.9983998706206229;1.0;0.9999842237538488;0.9999742903720653;1.0028256941532852;0.9999744390998687;1.0;0.9999727696998527;0.9999957514642539;1.024999976158142;
2016-07-02 19:30:00;1.000366192572428;0.9997860511427012;0.9999611165616109;1.0006885367154976;1.0;1.0009331926197653;1.0029475030225548;1.0005642245031277;0.9999512911317043;1.0018662245543923;0.9999999999999999;1.0;1.0;1.000883866379235;1.0;1.000220901076605;1.0002514332847001;1.0;1.002249419597412;0.9999692554761996;1.0;0.9998936824632487;1.0002433854358468;1.002746121588856;1.0030285108892891;0.9999897817711823;0.9999232055323676;1.0011740386180168;1.0009256170113883;1.0;0.9997031206633572;0.9995592383288864;0.9999492994917463;0.9986368347372092;0.9984209895182524;1.0;0.9999848952189933;0.9999765497488269;1.002919722011632;0.999959533766899;0.9999999999999999;0.9999622999292332;0.9999925345779974;1.024999976158142;
2016-07-02 19:45:00;1.000362370454157;0.9999020410800693;0.9999801163050899;1.0006675340118607;1.0;1.000900392401873;1.0027737133265693;1.0005475154315875;0.999972869571468;1.0017831360790037;1.0;1.0;1.0;1.0008630130275473;1.0;1.0002099453880495;1.0002394873163807;1.0;1.002135216141642;0.9999825511912577;0.9999999999999999;0.9999475464812537;1.000231693325697;1.0025838810519703;1.0028502516056452;0.9999932204470089;0.9999618455065165;1.0011300856225942;1.000868713990797;1.0;0.9997048103202649;0.9995618677546181;0.999975607344193;0.9986449566710244;0.9984429110353178;1.0;0.9999842237538487;0.9999742903720651;1.0027517918543105;0.9999807592038037;1.0;0.9999790654791408;0.9999968424627989;1.024999976158142;
2016-07-02 20:00:00;1.000376060551232;0.9998915723120241;0.9999795615644118;1.000693893841012;1.0;1.0009357309620959;1.0028780436374178;1.0005717734460897;0.9999733917517302;1.0018493300760962;1.0;1.0;1.0;1.0008966415633849;1.0;1.0002216126226973;1.000252489038167;1.0;1.0022146678417245;0.9999830063894369;0.9999999999999999;0.9999437249664761;1.0002443293436307;1.00268123480628;1.0029573465110186;0.9999937731389591;0.9999588621320259;1.0011733558839073;1.0008949415826445;0.9999999999999999;0.9996623189062619;0.9995004101410124;0.9999740750126075;0.998457476277547;0.998235787284077;0.9999999999999999;0.9999839305767123;0.999973616062892;1.0028550485170498;0.9999794130956311;0.9999999999999999;0.9999794123894945;0.9999963820605966;1.024999976158142;
2016-07-02 20:15:00;1.0003783392169339;0.9999460298182969;0.9999893243716474;1.0006915782313042;1.0;1.0009303098103877;1.002822719018137;1.0005713585710516;0.999985274754721;1.0018274323100307;0.9999999999999999;1.0;1.0;1.0008966286710845;1.0;1.0002198780082914;1.0002506785168608;0.9999999999999999;1.002181104428559;0.999990362829885;1.0;0.9999695023623357;1.0002425169267128;1.0026295964588405;1.0029006474007105;0.9999958795201921;0.9999770574111844;1.00116454097886;1.0008671439039918;1.0;0.9996371594298348;0.9994674190313797;0.9999870896648472;0.9983611623318573;0.9981390609734171;1.0;0.9999837767781105;0.9999734622658766;1.0028022738234237;0.9999898398480103;1.0;0.9999885863941874;0.9999983734443634;1.024999976158142;
2016-07-02 20:30:00;1.0003520257887673;0.9999315143957747;0.9999868042837605;1.0006458526966102;1.0;1.000869305936912;1.0026466636532567;1.0005345924607716;0.999982518359001;1.0017097737076661;1.0;1.0;1.0;1.0008364813764565;1.0;1.000208071350897;1.0002369675146592;1.0;1.0020429573550689;0.9999887996569471;1.0;0.999963945177015;1.0002293419872665;1.0024658255066952;1.002719475771235;0.9999957635114854;0.9999736200255803;1.001088516658268;1.0008174887458974;1.0;0.9997372472459669;0.9996198899200176;0.9999834570988273;0.9988374169886272;0.9986462034018339;1.0;0.999983204309581;0.999972889803252;1.0026267603640182;0.9999868948172742;1.0;0.9999864879629287;0.999997751168844;1.024999976158142;
2016-07-02 20:45:00;1.0003469022753244;0.9999182467263757;0.9999846034782306;1.0006383809995887;1.0;1.0008607562880567;1.0026342877899095;1.000526806117185;0.9999804189545394;1.0016974632731415;1.0;1.0;1.0;1.0008260929718384;0.9999999999999999;1.0002025993834567;1.000231051214392;1.0;1.0020307161369018;0.9999872179387098;1.0;0.9999587682487027;1.000223559516681;1.0024540812787321;1.0027068915308144;0.9999947820826722;0.99997016526861;1.001078603838038;1.0008338238038812;1.0;0.9997489308494836;0.9996237796067375;0.9999803524194331;0.9988315086019198;0.9986444726837558;0.9999999999999999;0.9999841027311988;0.9999753761305354;1.002613858477559;0.9999843618029528;1.0;0.9999847033358965;0.9999971889192981;1.024999976158142;
2016-07-02 21:00:00;1.0003478140384212;0.9999055314105657;0.9999828246980949;1.0006416699771976;1.0;1.0008655476798287;1.00265429418075;1.0005302333197508;0.9999787315533387;1.0017075765966725;1.0;0.9999999999999999;1.0;1.0008296644625292;1.0;1.0002050571316234;1.000233714490804;1.0;1.0020442201615585;0.9999862240517274;0.9999999999999999;0.9999532772002535;1.0002261687656255;1.002472807666218;1.002727373735636;0.999994660190471;0.9999662157921824;1.0010845886739668;1.0008420915485547;0.9999999999999999;0.9997686973816378;0.9996537893240938;0.9999776654024756;0.9989254038221237;0.9987215787938524;1.0;0.9999838090890564;0.9999738757113918;1.0026332313718374;0.9999821617462146;1.0;0.9999833785219089;0.999996687473689;1.024999976158142;
2016-07-02 21:15:00;1.0003405490188477;0.9999315075788074;0.9999867597779039;1.0006249269177436;1.0;1.0008423392901955;1.0025743552037207;1.0005139767659001;0.9999825611804667;1.0016608685019845;1.0;1.0;1.0;1.0008091097899414;1.0;1.0001952471055233;1.0002229252199604;1.0;1.0019855011126748;0.9999884551055407;0.9999999999999999;0.9999635744739632;1.0002156043939991;1.0023981348148558;1.0026455123362257;0.9999948934652818;0.9999731067372194;1.0010555960497904;1.0008147368838967;0.9999999999999999;0.9997859002470278;0.999681776440443;0.9999835705906519;0.9990149605016618;0.9988263010606483;1.0;0.9999835891663463;0.9999736557908663;1.0025548518460148;0.99998698855502;1.0;0.9999863672998767;0.9999977739134112;1.024999976158142;
2016-07-02 21:30:00;1.0003429823518764;0.9999405950582229;0.9999881307436079;1.0006281340450984;1.0;1.00084579697351;1.0025768424539203;1.0005174786729438;0.9999837948761713;1.0016652863502098;1.0;1.0;1.0;1.0008138072371104;1.0;1.0001979186684204;1.0002258058468225;1.0;1.0019892835736721;0.9999893692015797;1.0;0.9999673187403217;1.0002184271312984;1.0024005536236982;1.002647988552547;0.999995418541078;0.999975753852525;1.0010595473509603;1.0008171622297342;1.0;0.9997774744659168;0.99966735001815;0.9999855545134644;0.9989679207437155;0.9987721126399675;1.0;0.9999857497812501;0.9999774043039518;1.0025577234718166;0.9999886148253194;1.0;0.9999874197658845;0.9999981477966159;1.024999976158142;
2016-07-02 21:45:00;1.0003436017771998;0.9999368547552973;0.9999872983726973;1.0006297878599515;1.0;1.0008474492137307;1.002579343777329;1.0005208745965049;0.9999825896747296;1.0016672053684026;1.0;1.0;0.9999999999999999;1.000815913292939;1.0;1.0002027217629548;1.0002308788037009;1.0;1.0019916656309709;0.9999888815188097;1.0;0.9999658921236982;1.0002234502932048;1.0024031289946864;1.0026502895883824;0.9999957973605484;0.9999750628648568;1.001061360165611;1.0008182007043298;1.0;0.9997785378641855;0.9996687984517004;0.9999843951856612;0.9989722325745775;0.9987694303435262;0.9999999999999999;0.9999840475308199;0.9999741141507867;1.0025601023562951;0.9999876958190493;1.0;0.999986609409412;0.9999979890503352;1.024999976158142;
2016-07-02 22:00:00;1.0003441061475233;0.9999344867080844;0.9999868666539109;1.000630975017018;0.9999999999999999;1.0008498117732532;1.0025925506470021;1.0005201242077608;0.9999821983444406;1.0016742798706235;1.0;1.0;1.0;1.0008172743323052;1.0;1.0001997895913946;1.0002278540238434;1.0;1.00200084278374;0.99998840999275;1.0;0.9999647499123702;1.0002204450455907;1.0024152218642643;1.0026640485812168;0.9999951987133999;0.9999741648073114;1.0010647969232487;1.0008228999122204;1.0;0.9997769289922683;0.999665964328297;0.9999838892410926;0.9989627353658759;0.9987525995859738;1.0;0.9999840152199315;0.9999737007052385;1.0025730904750743;0.9999872852357584;0.9999999999999999;0.9999862025714705;0.9999979016206156;1.024999976158142;
2016-07-02 22:15:00;1.0003428073844778;0.9999413415432861;0.9999877445272368;1.000627545946505;1.0;1.0008442501977284;1.0025692709608087;1.0005179512315157;0.9999826313919025;1.0016614365530023;1.0;1.0;1.0;1.0008131158184206;1.0;1.000200676310762;1.000228641967919;1.0;1.0019842369902072;0.9999888768470845;1.0;0.9999669070216943;1.0002212490627431;1.0023937018972706;1.0026400223775689;0.9999956938444694;0.9999755598270658;1.0010575661432815;1.0008145722073687;0.9999999999999999;0.9997900868902001;0.9996872611010382;0.9999853338146573;0.9990310118181703;0.9988289768245765;1.0;0.9999836976691397;0.9999729703366259;1.0025503020598885;0.9999884967159902;1.0;0.9999866644425477;0.99999822600321;1.024999976158142;
2016-07-02 22:30:00;1.000334347566731;0.9999372080439736;0.9999860967974818;1.0006125407903814;1.0;1.0008248516749148;1.0025216357016729;1.0005032025540954;0.9999798802599367;1.0016284211871787;1.0;1.0;1.0;1.0007934656918729;1.0;1.0001930118320825;1.000220166251897;0.9999999999999999;1.0019462192766366;0.999987015239192;1.0;0.9999643639153745;1.0002130042736246;1.0023491577373957;1.0025911692794458;0.9999947283352411;0.9999740096321011;1.0010344730952425;1.0007982334045342;1.0;0.9998137708318116;0.9997251564997398;0.9999836663720748;0.9991516993058537;0.9989710111456551;0.9999999999999999;0.9999845283194589;0.9999745949346498;1.0025027724374553;0.99998723727344;0.9999999999999999;0.9999845490006988;0.9999981166220504;1.024999976158142;
2016-07-02 22:45:00;1.000337186698959;0.9999456659737734;0.9999868752175042;1.0006164264775863;1.0;1.0008295091997506;1.0025318964441505;1.0005059692084906;0.9999799772047989;1.0016373211613787;1.0;1.0;0.9999999999999999;1.0007989960489982;1.0;1.0001942017953187;1.0002215072286431;1.0;1.0019557123280611;0.9999871275627167;0.9999999999999999;0.9999672569607607;1.0002143048972738;1.0023587181303433;1.0026017100099431;0.9999947802285438;0.9999760802765578;1.0010404490735665;1.0008022615145482;1.0;0.9998060782043057;0.9997125262189078;0.9999851895758389;0.9991110007806331;0.9989266651726694;1.0;0.999985115142256;0.9999767696702542;1.0025133436073357;0.9999885369253457;1.0;0.9999847167103653;0.9999985010169893;1.024999976158142;
2016-07-02 23:00:00;1.0003342836423417;0.9999173098224913;0.9999806384094445;1.0006140335682814;1.0;1.000826713401917;1.002545980510241;1.0005029290100684;0.9999708069489439;1.0016393317810501;1.0;1.0;1.0;1.0007943516266733;1.0;1.0001960812850546;1.000223289234031;1.0;1.0019618935021661;0.9999817194967885;0.9999999999999999;0.9999516893974726;1.0002161238193992;1.0023720807729513;1.0026159477859502;0.9999936006225117;0.9999650618045186;1.0010385951440737;1.0008103663310208;1.0;0.999814732240623;0.9997236440485815;0.9999776352885517;0.9991431516104126;0.9989701944448337;1.0;0.9999848344839607;0.999975695055112;1.0025262460945223;0.9999826259254765;1.0;0.9999778913318986;0.9999976143768412;1.024999976158142;
2016-07-02 23:15:00;1.0003342172613066;0.9999291586572264;0.9999830895095408;1.0006127759185905;1.0;1.0008250310076192;1.0025327014726784;1.0005020929570938;0.9999744295743744;1.0016335918366905;1.0;1.0;1.0;1.0007934135254979;1.0;1.0001941187912096;1.0002212598828322;1.0;1.0019536719452757;0.9999838040830354;1.0;0.9999584810993142;1.000214118273072;1.0023595649901338;1.0026024056187286;0.9999939401312581;0.999970045393715;1.001035962490176;1.000806712060409;1.0;0.9998156255452852;0.9997245772121439;0.9999806214513762;0.9991455021008655;0.9989663735500566;1.0;0.9999842112341679;0.9999746906754002;1.0025134917853413;0.9999849628014152;1.0;0.9999805671397985;0.9999979653938862;1.024999976158142;
2016-07-02 23:30:00;1.0003364652783078;0.9999207415273625;0.9999815834141392;1.0006173793367943;1.0;1.0008312872795004;1.0025591371856937;1.0005045139178947;0.999972084832091;1.0016480737938873;0.9999999999999999;1.0;1.0;1.0007986594828742;1.0;1.0001946563675885;1.000221875228538;0.9999999999999999;1.0019717970210695;0.9999823882352322;1.0;0.9999525204605778;1.0002146735274513;1.002384226475621;1.0026296598671867;0.9999935682458689;0.9999651304351225;1.0010442437512193;1.0008157597019676;1.0;0.9998183869420446;0.9997286699664082;0.9999789059791373;0.9991581587398574;0.9989770212274787;0.9999999999999999;0.9999846567768328;0.9999763113086565;1.0025394634785207;0.9999836367541857;1.0;0.9999788100166876;0.9999977952120884;1.024999976158142;
2016-07-02 23:45:00;1.000328412289648;0.9999208469681922;0.9999806776640593;1.0006026872147464;0.9999999999999999;1.0008129461642135;1.0025170354990753;1.000488418206833;0.9999704205375336;1.0016186105075653;1.0;1.0;1.0;1.000779660345726;0.9999999999999999;1.000183384987401;1.0002096644613956;1.0;1.0019380418541541;0.9999809509014151;1.0;0.9999522662491961;1.0002027267399938;1.0023445825476518;1.002586704533223;0.9999921991201479;0.9999652164111082;1.0010227790939874;1.0008022895864812;0.9999999999999999;0.9998302836225645;0.9997472819317403;0.9999782505070933;0.999216993532834;0.9990592394406475;1.0;0.999983057548181;0.9999727430433657;1.0024975233535718;0.9999831782111998;1.0;0.9999774299700098;0.9999978218487507;1.024999976158142;
2016-07-03 00:00:00;1.0003315571191504;0.9999013788895698;0.9999779391128578;1.0006108951392678;1.0;1.0008240426041517;1.0025562667752914;1.0004974946572938;0.9999676531620607;1.0016401931626873;1.0;1.0;1.0;1.0007893106542418;1.0;1.0001906469451978;1.0002174874238512;1.0;1.0019657222228966;0.9999794987460157;1.0;0.999943783748822;1.0002104058519155;1.0023814192833325;1.0026267594952938;0.999992380467353;0.9999591731999325;1.0010363915483207;1.0008142811838567;1.0;0.9998189823763872;0.9997300550703981;0.9999740780920391;0.9991631511963341;0.9989875519442257;1.0;0.9999831197165897;0.9999728052111333;1.0025357347890618;0.9999797726771271;1.0;0.9999753544830438;0.9999970636866117;1.024999976158142;
2016-07-03 00:15:00;1.000330831003168;0.9999198270497905;0.9999826184291583;1.0006079873405684;1.0;1.0008183093948484;1.002509915269854;1.0005007717217307;0.9999748618751185;1.001617363215419;0.9999999999999999;1.0;1.0;1.0007866115554416;1.0;1.0001966673623452;1.0002237778147054;1.0;1.0019348167242266;0.9999843037853716;1.0;0.9999550761220916;1.000216633083724;1.0023386198139759;1.00257879652715;0.9999946831604024;0.9999674194958347;1.0010266629181084;1.0007983667086346;1.0;0.9998225184481263;0.9997360510163665;0.9999792423689088;0.9991826036935687;0.9990155075804014;1.0;0.9999849191274093;0.9999757796977868;1.00249049808231;0.9999837543167103;1.0;0.9999809053621981;0.9999975567136181;1.024999976158142;
2016-07-03 00:30:00;1.0003299593954278;0.999926627027563;0.9999835128947587;1.0006053806967161;1.0;1.0008149995928917;1.0025007291453933;1.000496663719321;0.9999755939941958;1.0016121443716337;1.0;1.0;1.0;1.0007834801388305;1.0;1.0001923734428917;1.0002191960304938;1.0;1.0019280564288424;0.9999845811652531;1.0;0.9999573943301634;1.0002121114137759;1.0023298721613783;1.002569564368418;0.9999943561321446;0.9999688402243013;1.0010228835181163;1.0007962826191938;1.0;0.9998238180543912;0.9997374601141008;0.9999807638362186;0.9991862683407692;0.9990260500542728;0.9999999999999999;0.9999849191274092;0.9999757796977867;1.00248163057067;0.9999850128663499;1.0;0.9999814317023951;0.9999978651103506;1.024999976158142;
2016-07-03 00:45:00;1.0003256467790484;0.9999282317873802;0.9999847492086468;1.0005980160910255;1.0;1.0008059752534286;1.0024710993603474;1.0004911093456563;0.9999786789579108;1.0015931090251922;1.0;0.9999999999999999;1.0;1.0007741291899783;1.0;1.000188188039983;1.000214699478763;1.0;1.001905533892685;0.999986216739804;1.0;0.9999609501147385;1.0002077179615638;1.0023020741574764;1.002539220850924;0.9999944312199854;0.9999717345925887;1.0010110995001884;1.0007879882434534;1.0;0.9998401078221274;0.9997621387341377;0.9999816412976845;0.9992632475470925;0.9991017587358427;1.0;0.9999842237538487;0.9999742903720651;1.0024521719124146;0.9999855745910708;1.0;0.9999835623033245;0.9999977298698068;1.024999976158142;
2016-07-03 01:00:00;1.0003251801396382;0.9999440508537779;0.9999869235124491;1.0005949167523005;0.9999999999999999;1.000801275214911;1.0024510996258909;1.0004869952607598;0.9999804746283866;1.0015834316367278;1.0;1.0;0.9999999999999999;1.0007708586704451;1.0;1.0001846910954226;1.0002109241876709;1.0;1.0018920983893373;0.9999872651335562;1.0;0.9999668703319581;1.0002039967210505;1.00228332116071;1.0025188303201458;0.9999945023880626;0.9999756899255978;1.0010053488715367;1.0007791102273877;0.9999999999999999;0.9998429082003142;0.9997682727362521;0.9999850879229456;0.9992848440567417;0.9991284600734749;1.0;0.9999850544064698;0.999975914975611;1.0024329537596457;0.9999884190306578;1.0;0.9999849995638709;0.9999984159239725;1.024999976158142;
2016-07-03 01:15:00;1.0003176270499965;0.999920454280642;0.9999838463015204;1.0005841932711352;1.0;1.0007869040495225;1.00241448507783;1.0004807681744141;0.9999775622180187;1.001554719082968;1.0;1.0;0.9999999999999999;1.00075554094452;1.0;1.0001867077358324;1.0002126729767182;1.0;1.001860178654663;0.9999857948639205;1.0;0.9999564252593881;1.0002058080915441;1.0022496159849055;1.00248090565421;0.9999948690000379;0.9999680530558105;1.0009869415313104;1.000754667211672;1.0;0.9998603479282279;0.999804520346582;0.9999802715563237;0.999410568191019;0.9992865861536394;1.0;0.9999841321239697;0.9999741987430965;1.002395663877372;0.9999844695827107;1.0;0.9999828133455788;0.999997505773089;1.024999976158142;
2016-07-03 01:30:00;1.000305293949364;0.9999221592907818;0.9999848968531033;1.0005618775651843;1.0;1.0007564280380885;1.0023154374529566;1.0004645158232495;0.9999795571743093;1.0014914654878302;0.9999999999999999;1.0;1.0;1.0007266348333017;1.0;1.0001826094763833;1.0002077368571698;1.0;1.0017841777437917;0.999987208941182;1.0;0.9999583510947291;1.0002010944031423;1.0021575533800784;1.0023789638111873;0.999995725684797;0.9999694722619435;1.0009479651327078;1.0007230950908008;1.0;0.999891132795452;0.9998523284387764;0.9999811202319675;0.999561298378178;0.9994666850492604;0.9999999999999999;0.9999851520354924;0.9999764254256721;1.0022973306903948;0.9999850755088098;1.0;0.9999843638005509;0.9999974944732992;1.024999976158142;
2016-07-03 01:45:00;1.0003027128640214;0.9999317882009534;0.9999870643644154;1.000556534494311;1.0;1.0007501956059648;1.0022937329308033;1.0004589978985043;0.9999833325626278;1.0014789070916328;1.0;0.9999999999999999;1.0;1.0007202860612252;0.9999999999999999;1.0001762194416262;1.0002009932017666;0.9999999999999999;1.001768690066962;0.9999891166692639;1.0;0.9999650149662711;1.0001944607084987;1.0021369612521205;1.00235692196713;0.9999955137019549;0.9999745340486464;1.0009400068528056;1.0007158448536022;1.0;0.9999019198622343;0.9998695012194039;0.9999836152369425;0.9996160175684679;0.9995265096854147;1.0;0.9999840152199316;0.9999737007052384;1.002276053923389;0.9999869805686187;1.0;0.9999869997881895;0.999997697269062;1.024999976158142;
2016-07-03 02:00:00;1.0003057411719738;0.9999398488475749;0.9999882937600734;1.0005610933171338;1.0;1.000756600185887;1.0023113850468246;1.0004615309248535;0.9999848395518507;1.0014918435275197;1.0;1.0;1.0;1.0007266738070357;1.0;1.0001746871824233;1.0001995562889467;1.0;1.0017834385132107;0.9999898340207148;1.0;0.9999689557441803;1.0001930008825564;1.002153186333145;1.0023752326935689;0.9999952760996753;0.9999774024967927;1.0009481649096652;1.000720620816467;1.0;0.9998906610747127;0.999852489837057;0.9999853920294256;0.9995629167258263;0.9994655177486158;0.9999999999999999;0.9999845044118203;0.9999753649859882;1.002293887211589;0.9999884104588055;1.0;0.9999880723410821;0.9999979813799824;1.024999976158142;
2016-07-03 02:15:00;1.0002989024869575;0.9999360032972268;0.9999881510682276;1.0005492937288956;1.0;1.0007412394963253;1.0022680883268411;1.0004515620553267;0.9999852610875241;1.0014622189375832;1.0;1.0;1.0;1.0007110926054312;1.0;1.0001698897953812;1.0001941975666215;1.0;1.0017487956071642;0.9999900111595353;0.9999999999999999;0.999967787628393;1.000187784808282;1.0021128035003353;1.0023308064331324;0.9999952040615533;0.9999764840924287;1.000928921143723;1.0007196686246946;1.0;0.9999101411366269;0.9998737431941719;0.9999848748203155;0.9996186853544045;0.9995307228476965;0.9999999999999999;0.9999805949498289;0.9999698676505997;1.0022506702521907;0.9999879424477477;0.9999999999999999;0.9999883187672928;0.9999977998755425;1.024999976158142;
2016-07-03 02:30:00;1.0002978969490421;0.9999550002689042;0.9999910531109917;1.0005450798585367;0.9999999999999999;1.0007330044228862;1.0022200641372696;1.000452256005876;0.9999879274892939;1.0014382790920393;1.0;1.0;1.0;1.0007067791198465;1.0;1.0001765268922278;1.0002009957489462;1.0;1.0017166311894594;0.99999224912971;1.0;0.9999761632227452;1.0001945504906922;1.0020685675364487;1.0022810132993034;0.9999969930161645;0.9999826647805754;1.0009172433779043;1.0007057764180551;1.0;0.9999117935479654;0.9998749306788776;0.9999889077911833;0.9996206560253289;0.9995331140424037;1.0;0.9999835090387447;0.9999747824432622;1.002203859604793;0.9999912358843405;1.0;0.9999906854515405;0.9999985360891811;1.024999976158142;
2016-07-03 02:45:00;1.0002959447105921;0.9999530516814839;0.9999906506097247;1.0005415202170915;1.0;1.000728017867737;1.0022063738131683;1.0004489156945782;0.999987121124285;1.0014288368368016;1.0;1.0;1.0;1.0007018741845985;1.0;1.000175515634786;1.0001997864906642;0.9999999999999999;1.001705416980312;0.9999918168990813;1.0;0.9999742105358914;1.0001933740614637;1.0020558785813924;1.0022669536775701;0.999996985351077;0.9999809557584746;1.0009110953595421;1.0007001893504606;1.0;0.9999260763788894;0.9998981384622404;0.9999885393316248;0.9996951513418292;0.9996332885344729;1.0;0.9999845850051751;0.9999750644428489;1.0021902247822185;0.99999096818661;1.0;0.9999901121057896;0.9999985321953996;1.024999976158142;
2016-07-03 03:00:00;1.000291130953378;0.9999558994125304;0.9999910534012054;1.0005324969459768;1.0;1.0007174802503076;1.0021842262217402;1.0004374991423706;0.9999879117648492;1.0014128416363581;1.0;1.0;1.0;1.0006902441915502;1.0;1.0001645314438217;1.0001880652136026;1.0;1.0016871949344444;0.999991756413516;1.0;0.999975831508256;1.0001818430513072;1.0020347241486762;1.0022446435448398;0.9999958394271;0.9999820655203858;1.0008988735375244;1.0006933221258967;1.0;0.9999356498049086;0.9999130118070817;0.9999892253010935;0.9997421027565849;0.9997048000172287;1.0;0.9999838936821461;0.9999739603036412;1.0021682140703443;0.9999915081434047;1.0;0.9999904797519122;0.9999986188439858;1.024999976158142;
2016-07-03 03:15:00;1.0002886324359157;0.999950541466565;0.9999904229692885;1.000528808301745;1.0;1.00071261966051;1.0021703630333512;1.0004355177394293;0.9999875602086096;1.0014028770308474;1.0;1.0;1.0;1.0006852313098793;0.9999999999999999;1.0001650195108414;1.0001884814480906;0.9999999999999999;1.0016759206855854;0.9999916049298988;1.0;0.9999741604953549;1.0001822895597816;1.0020218967650845;1.0022302929449158;0.999995976917627;0.9999810439696268;1.000892605134364;1.0006889085037654;1.0;0.999938209336429;0.999916909404661;0.9999880872123118;0.9997542839744991;0.9997175656785927;1.0;0.9999851151422557;0.9999767696702541;1.002154214757087;0.9999905546635391;0.9999999999999999;0.9999901996302696;0.9999983651288343;1.024999976158142;
2016-07-03 03:30:00;1.0002908238677304;0.9999512956531645;0.9999901808946755;1.0005324872324226;1.0;1.0007171768508771;1.0021836429859352;1.0004385413816315;0.9999867015834786;1.0014119039048275;1.0;1.0;1.0;1.0006900266494259;1.0;1.0001670500228363;1.000190684872018;1.0;1.001686419859814;0.9999911771574794;1.0;0.9999736117934886;1.0001844425782305;1.0020343444186435;1.002243889167322;0.9999960082846151;0.999980571067686;1.0008984156074028;1.0006927901902731;1.0;0.99993610973101;0.999913932875526;0.9999880428904833;0.999745247246242;0.9997005114019843;1.0;0.9999839067181585;0.99997438616229;1.0021674747379996;0.9999905688914726;1.0;0.9999896285602489;0.9999984532068553;1.024999976158142;
2016-07-03 03:45:00;1.0002926157290783;0.9999694604213633;0.9999934208567506;1.000533595537081;0.9999999999999999;1.000716636903108;1.0021601439874774;1.0004430775994344;0.9999904163346722;1.0014032243689757;1.0;1.0;1.0;1.0006925362973509;1.0;1.000173308640353;1.0001972713042737;1.0;1.0016727065721542;0.9999938839433743;1.0;0.9999822378946596;1.0001909455909321;1.0020128108154904;1.0022194371059125;0.9999976294871423;0.9999868196605347;1.000896290128909;1.0006857558853792;1.0;0.9999318877313736;0.9999067907185862;0.9999922610971456;0.999721979676118;0.99967364861827;1.0;0.9999845960418018;0.9999754566151322;1.0021449591908356;0.9999939559997112;1.0;0.9999926756908804;0.99999911339933;1.024999976158142;
2016-07-03 04:00:00;1.0002918490589192;0.9999704238385824;0.9999932575051118;1.0005320911190094;1.0;1.0007151812005068;1.0021602333463056;1.0004403335380945;0.9999900556602032;1.0014027126658145;0.9999999999999999;1.0;1.0;1.0006907022811349;1.0;1.0001701067272657;1.000193892526392;1.0;1.0016725163338576;0.9999934786382048;0.9999999999999999;0.9999826978836492;1.0001876211639478;1.00201270263613;1.0022196628980826;0.9999970996030371;0.999987274708705;1.000895006780231;1.0006866812733335;1.0;0.9999263885527715;0.99989750940476;0.9999922343851556;0.999691748180421;0.9996358968127391;0.9999999999999999;0.999983374584381;0.9999726472553331;1.002145037609707;0.9999939563003284;1.0;0.999992345502472;0.9999991506847414;1.024999976158142;
2016-07-03 04:15:00;1.0002897965123496;0.9999797869411275;0.9999947633329117;1.0005273675912638;0.9999999999999999;1.0007094476782739;1.0021425035589615;1.0004345885242887;0.9999920978006792;1.001392519470719;1.0;1.0;1.0;1.0006850969820644;1.0;1.0001641264473762;1.0001875428984186;1.0;1.001659829799872;0.9999944144526611;1.0;0.9999876522978584;1.0001813751021802;1.0019958676065195;1.0022016899879047;0.999996712214042;0.999990940323447;1.0008881014045812;1.0006788828986786;0.9999999999999999;0.9999368522034577;0.9999154913274895;0.9999943305660676;0.999750656911716;0.9996985774925568;1.0;0.9999849996707199;0.9999754791044456;1.0021277365208263;0.9999956271785646;1.0;0.9999937676043996;0.9999994553258109;1.024999976158142;
2016-07-03 04:30:00;1.0002910867929806;0.9999763608087675;0.9999939743235705;1.0005298273478702;0.9999999999999999;1.0007120216554644;1.0021494247400038;1.0004375012111224;0.9999905483929663;1.0013968411918135;1.0;0.9999999999999999;1.0;1.0006880193194876;1.0;1.0001678980015256;1.0001915028542134;1.0;1.0016648728832216;0.9999937203951598;1.0;0.9999848039523309;1.000185272084348;1.0020025565254054;1.0022086425493086;0.9999970095978844;0.9999886789717776;1.000891222922188;1.0006821015759853;1.0;0.9999330799880272;0.9999087680162339;0.9999934753534869;0.9997283153461655;0.9996757132193609;1.0;0.9999848952189934;0.9999765497488269;1.0021345494762457;0.9999949895287744;1.0;0.999992724201898;0.9999994150509065;1.024999976158142;
2016-07-03 04:45:00;1.000292013088488;0.999973584797271;0.9999936321362018;1.0005314974322976;1.0;1.0007137865756173;1.0021550435155233;1.0004389523454398;0.9999897726671076;1.0013998203803318;1.0;1.0;1.0;1.000689831958807;1.0;1.0001695278011584;1.00019319117499;1.0;1.0016683056155593;0.9999934067890252;0.9999999999999999;0.9999820279173958;1.000186911707028;1.0020079375945066;1.0022143959022596;0.9999972232027396;0.9999861549234261;1.0008933276764753;1.0006852061226845;1.0;0.9999348919721235;0.9999107390827336;0.9999931242095903;0.99973352121186;0.9996884264743799;1.0;0.9999841321239699;0.9999741987430965;1.0021400718447957;0.9999947363738825;1.0;0.9999922280760345;0.9999994150540977;1.024999976158142;
2016-07-03 05:00:00;1.0002912112511961;0.9999698377482871;0.9999935357427459;1.000530938566242;1.0;1.0007134387175687;1.002153216983517;1.000439708194924;0.9999906094190975;1.0013981392718483;1.0;1.0;1.0;1.0006890335432381;1.0;1.000170206294571;1.0001939436594067;1.0;1.001666832354435;0.9999938679268526;1.0;0.9999821826838327;1.000187667303632;1.0020062301218102;1.0022124563671422;0.9999973480702735;0.999986623460709;1.0008925278740162;1.0006829888448137;1.0;0.9999430194930704;0.9999247538495852;0.9999924647983819;0.9997795613018483;0.9997396802065867;1.0;0.9999836737593796;0.9999737403830593;1.00213807175652;0.9999941191969176;1.0;0.9999927644074303;0.9999991445895527;1.024999976158142;
2016-07-03 05:15:00;1.000293772497681;0.9999766552418827;0.9999944585528141;1.0005347539078786;1.0;1.0007186042677823;1.0021668149981977;1.0004420960789233;0.9999915626022168;1.0014083895799235;1.0;1.0;1.0;1.0006943933534547;0.9999999999999999;1.0001697175429511;1.0001935625373777;1.0;1.0016783995438305;0.9999943437084658;1.0;0.9999853133560325;1.0001872607878233;1.0020187703506664;1.0022265236250034;0.999997229476052;0.9999889211648643;1.0008990977027894;1.0006872962460627;1.0;0.999936109218239;0.9999140396513214;0.9999938751852113;0.9997458152872689;0.9997000458059254;1.0;0.9999838697735721;0.9999747303535403;1.002151841371008;0.9999952689801217;1.0;0.9999934683816686;0.9999993982876624;1.024999976158142;
2016-07-03 05:30:00;1.0002914911832295;0.9999800171528843;0.999995580611077;1.0005305428934876;1.0;1.0007129529916066;1.0021443983531542;1.00043974070032;0.9999936975547004;1.0013950486648493;1.0;1.0;1.0;1.000689170335924;1.0;1.0001689526459285;1.000192685192357;1.0;1.0016619975237275;0.9999956304614533;1.0;0.999988313915352;1.0001864235358209;1.0019978836623662;1.0022034625976861;0.9999976195740278;0.9999912460093654;1.0008914628277117;1.0006811698393765;1.0;0.9999402285312124;0.9999195922075318;0.9999949375681416;0.9997622142383988;0.9997206257045146;1.0;0.9999851773105837;0.9999768318380631;1.0021296881311124;0.9999960480078091;1.0;0.9999950326992433;0.9999994233730265;1.024999976158142;
2016-07-03 05:45:00;1.0002910468265853;0.9999754216431669;0.9999943349859964;1.0005300241495245;1.0;1.0007123844684833;1.002149084877587;1.0004382152290288;0.9999915560500164;1.0013964342074977;1.0;1.0;1.0;1.0006881917853234;1.0;1.000168140913561;1.0001917786553496;1.0;1.0016644029070199;0.9999943262384903;1.0;0.9999850212950332;1.0001855349377808;1.0020022473063965;1.0022083011937257;0.9999972091723669;0.9999887672400518;1.0008913338698275;1.0006834977314543;1.0;0.9999395692487228;0.9999180348205409;0.9999936240969062;0.9997566438181832;0.9997057784958514;1.0;0.9999828628500157;0.9999729294817508;1.002134156731336;0.9999950549367395;0.9999999999999999;0.9999934465143788;0.9999993352859338;1.024999976158142;
2016-07-03 06:00:00;1.0002901027769977;0.9999816186954462;0.9999955346023119;1.0005277802523735;1.0;1.0007097369755682;1.0021390511693773;1.0004358032775258;0.99999342318825;1.001391042496278;1.0;1.0;1.0;1.0006856745350925;1.0;1.0001652033771256;1.000188686157885;0.9999999999999999;1.001657543840731;0.99999528637711;0.9999999999999999;0.9999888333531418;1.000182492427086;1.0019927179351653;1.0021981139981264;0.9999971226123813;0.9999916553877605;1.00088796996722;1.0006788671836806;1.0;0.9999325589791624;0.9999079201917727;0.9999951031808817;0.9997256363365489;0.9996773802509306;1.0;0.999984975811973;0.9999762492036904;1.0021243894204008;0.999996207657613;1.0;0.999994773921141;0.9999995001480666;1.024999976158142;
2016-07-03 06:15:00;1.0002894688451287;0.9999773432507654;0.9999951466889715;1.0005272967238805;1.0;1.0007084817421772;1.0021309193545993;1.0004379103058414;0.9999932395257528;1.0013859435655308;1.0;1.0;1.0;1.0006848694555606;1.0;1.0001695850908436;1.0001932544173047;1.0;1.0016514282539817;0.9999954419744624;1.0;0.9999874481391238;1.000187020120893;1.001985423055181;1.0021895008236723;0.9999977681122031;0.9999907934800008;1.000885768748543;1.0006751189663452;0.9999999999999999;0.9999357508299698;0.9999136785875901;0.999994250851594;0.9997448156249378;0.9996985670100363;0.9999999999999999;0.9999836005052191;0.9999732859948035;1.0021161803024856;0.9999954880395773;1.0;0.9999947127296677;0.9999992995578819;1.024999976158142;
2016-07-03 06:30:00;1.0002955637047688;0.9999669530853479;0.9999931830833926;1.0005392871032845;1.0;1.0007254268067904;1.0021946130472508;1.000445425783396;0.9999905237895992;1.001423518265056;1.0;1.0;1.0;1.0006997367941841;1.0;1.0001701538811727;1.0001941604560276;1.0;1.0016978672374406;0.999993603522174;1.0;0.9999812498806665;1.0001878134319138;1.0020445977129109;1.0022551502153831;0.9999968561100921;0.9999859542750716;1.0009078436300378;1.0006960088562873;1.0;0.9999087437769667;0.9998712098406081;0.9999919076479599;0.999610209750484;0.9995683574151079;1.0;0.999985206772405;0.9999768612996385;1.002179019031351;0.9999936470496963;0.9999999999999999;0.9999925891022529;0.9999990101304717;1.024999976158142;
2016-07-03 06:45:00;1.0003004395672082;0.9999705327996862;0.9999937504557291;1.000547356435343;0.9999999999999999;1.0007358751089726;1.0022246497270704;1.0004513947995128;0.9999907585266296;1.0014436392419108;1.0;1.0;1.0;1.0007102418985019;1.0;1.0001720108910734;1.000196295322072;1.0;1.0017211324047048;0.9999937865022233;0.9999999999999999;0.9999814327521216;1.0001898435475531;1.002072586434092;1.002286100521493;0.9999969393944297;0.9999855840153014;1.0009209028133619;1.0007048718870424;1.0;0.9998925356019901;0.999846446787773;0.9999929168600317;0.9995326736543356;0.9994884877663106;0.9999999999999999;0.9999846695984614;0.9999751490353297;1.0022090390585223;0.9999944976719883;1.0;0.9999928250847363;0.9999992448798509;1.024999976158142;
2016-07-03 07:00:00;1.0002941294741399;0.9999805105682736;0.9999958616000852;1.0005350976641967;1.0;1.0007194782988236;1.0021675899541918;1.0004418347385033;0.9999940790101116;1.0014091702124899;1.0;1.0;1.0;1.000694955290819;1.0;1.000167235522152;1.000191004735213;1.0;1.0016789611074768;0.9999957024295851;1.0;0.9999877972255147;1.0001847060471716;1.002019324328701;1.0022275101941114;0.9999972947489973;0.9999904406797715;1.0008998735761288;1.0006873199523416;1.0;0.9999153986908239;0.9998815592921481;0.9999953804158831;0.9996428433117835;0.9996097254943338;1.0;0.9999845174467127;0.9999757908424303;1.002152716162145;0.9999964047138813;1.0;0.9999952615564495;0.9999994948124284;1.024999976158142;
2016-07-03 07:15:00;1.00029784085163;0.9998731639504683;0.9999777919234774;1.000554737794375;1.0;1.0007502779506339;1.0023327352505667;1.0004564957944944;0.9999730717334326;1.0014886913863186;1.0;1.0;1.0;1.0007145362843068;1.0;1.000176349859913;1.0002009893235366;1.0;1.0017880213393051;0.9999827351701195;1.0;0.9999375240295751;1.0001944759626493;1.0021734418457218;1.002396934312015;0.9999937659464738;0.9999545041326551;1.0009415660446825;1.0007403970671973;1.0;0.9999207837461556;0.9998904320247483;0.9999706786434439;0.999671453591696;0.9996313063211004;1.0;0.9999795236395652;0.9999692091712012;1.0023124117963575;0.9999765195776515;1.0;0.9999789696580788;0.9999955333066315;1.024999976158142;
2016-07-03 07:30:00;1.000296778550456;0.9999061992519827;0.9999829539444264;1.0005489130519871;1.0;1.0007402175336362;1.0022747274633987;1.0004545038907768;0.9999786359128995;1.0014610580659598;1.0;0.9999999999999999;1.0;1.0007089740749022;1.0;1.0001785913944135;1.000203203905489;0.9999999999999999;1.0017502654336026;0.9999864906129278;0.9999999999999999;0.9999532938240706;1.0001967216668748;1.0021196053887769;1.0023370885379266;0.9999953963676923;0.999966227743765;1.000927667726887;1.0007191155749413;1.0;0.9999180865743585;0.9998879072294793;0.999977794193533;0.9996656185430939;0.9996264607319953;1.0;0.9999801104514882;0.9999713838856644;1.0022561831820702;0.9999822776797691;1.0;0.9999834554447545;0.999996731468657;1.024999976158142;
2016-07-03 07:45:00;1.0003002070466558;0.9999510150998451;0.9999900872434475;1.0005497497375013;1.0;1.0007403943236264;1.0022517392922075;1.000453654734245;0.9999867929956092;1.0014567243579204;1.0;1.0;1.0;1.000712605504976;1.0;1.0001735546710913;1.0001980422442052;1.0;1.001739829552296;0.9999912229560765;1.0;0.9999743413606821;1.000191596271821;1.0020977792499002;1.0023137929248476;0.9999960302449538;0.9999814207039965;1.000927304946459;1.0007097496408088;1.0;0.9999031706426172;0.9998659580349015;0.9999878140251192;0.999597938748983;0.9995399926707623;1.0;0.9999793473659375;0.9999690328993918;1.0022351158692313;0.9999903664480038;0.9999999999999999;0.9999896714789464;0.9999983817419011;1.024999976158142;
2016-07-03 08:00:00;1.0003039134592553;0.9998579659003061;0.9999751462300782;1.0005677501174868;1.0;1.0007694720440705;1.0024069790341124;1.000465076457568;0.9999702946193398;1.0015318843539;1.0;1.0;0.9999999999999999;1.0007307020856966;1.0;1.0001764947562093;1.0002015586025959;1.0;1.0018422888092688;0.999980671384579;1.0;0.9999311430730048;1.000194947746968;1.0022423043992925;1.00247342208338;0.99999249105915;0.9999501374150643;1.0009665932903093;1.0007628393454397;1.0;0.9998998081118882;0.9998589861477768;0.9999670786545259;0.9995738449119397;0.9995101765377321;1.0;0.9999793782401364;0.9999702388611552;1.0023854632420006;0.9999736055683691;1.0;0.9999766539447361;0.9999949255726017;1.024999976158142;
2016-07-03 08:15:00;1.0003010275101578;0.9999367148793804;0.9999881011576505;1.0005529884290016;1.0;1.000745561615199;1.002277282544771;1.0004557877402507;0.9999848854604353;1.0014692014515203;1.0;1.0;1.0;1.0007159489600268;1.0;1.0001737402638267;1.0001983180785015;1.0;1.0017566241460603;0.9999899693570229;1.0;0.9999677735508142;1.0001918364657547;1.002121544083519;1.0023401011083408;0.9999955655890249;0.9999765079884562;1.000934070794779;1.000718329505328;0.9999999999999999;0.9998968530810702;0.9998558426853296;0.9999848943835953;0.9995656699715095;0.9995026009783765;1.0;0.9999789820466521;0.999969842671292;1.0022598863164651;0.999987981202692;1.0;0.9999881290323748;0.9999978468823102;1.024999976158142;
2016-07-03 08:30:00;1.000312444047994;0.9999218502600301;0.9999863158736798;1.0005755277067325;1.0;1.0007751574222812;1.0023652718148512;1.000477772789125;0.999983160175233;1.0015243308819475;1.0;0.9999999999999999;1.0;1.0007444087842983;1.0;1.0001874223471223;1.0002132667060513;1.0;1.0018231303695664;0.9999893090140547;1.0;0.9999609318949633;1.0002064406859352;1.0022039305983697;1.0024301911508045;0.9999962779984348;0.9999714067597569;1.000970285184253;1.0007500151530033;1.0;0.9998683464697178;0.9998089762993789;0.9999819818646698;0.9994147116624749;0.999307450217025;1.0;0.9999791583205595;0.9999700189435884;1.0023467783135416;0.9999855915408159;1.0;0.999986922655469;0.9999972938623083;1.024999976158142;
2016-07-03 08:45:00;1.0003393858485343;0.9998572586320644;0.9999748982381115;1.0006318772641312;1.0;1.0008538394266366;1.0026502413225855;1.0005215028040726;0.9999692628511042;1.0016923498474022;1.0;1.0;1.0;1.0008140273094985;1.0;1.0002041702265323;1.0002323705332168;1.0;1.002032102946228;0.9999805342510473;0.9999999999999999;0.9999294231968154;1.0002249200711728;1.0024693226691006;1.0027230572527908;0.9999934286088334;0.9999486639162515;1.0010711829516987;1.0008419721808273;1.0;0.9997920417397287;0.9996897339917483;0.9999668795807197;0.9990380508051625;0.998880806599987;1.0;0.9999791696593187;0.9999696491485501;1.0026272829710632;0.9999734982351094;1.0;0.9999761213860069;0.999994994683393;1.024999976158142;
2016-07-03 09:00:00;1.0003285487511062;0.999979837634751;0.9999948578737579;1.0005975120996105;1.0;1.0008035778718813;1.0024245462457213;1.0004925157082616;0.9999921266474273;1.0015761862585588;1.0;1.0;1.0;1.0007762694782496;1.0;1.0001859385114484;1.0002124509774224;1.0;1.0018782767133154;0.9999943688835615;1.0;0.999986905866787;1.0002054471357298;1.002258509672609;1.002491617808156;0.9999965579252604;0.999990054668546;1.0010056692355487;1.0007692644284183;1.0;0.9998194257560983;0.9997321407157417;0.9999945534359033;0.9991714498406457;0.9990210155723487;1.0;0.9999802387403024;0.999971512173359;1.0024079709973965;0.9999958157031399;1.0;0.9999937721270589;0.9999995084474098;1.024999976158142;
2016-07-03 09:15:00;1.0003212611934793;0.9999709995287908;0.9999936130475131;1.000585403456947;1.0;1.000787180243965;1.002377229533705;1.0004837552855235;0.9999908188364027;1.0015437224982895;1.0;1.0;1.0;1.0007600170578996;1.0;1.000184863650897;1.0002109447857266;1.0;1.0018404307774338;0.9999937441975582;0.9999999999999999;0.9999829816344595;1.000204055853748;1.0022146417294855;1.0024428266069503;0.9999967878650985;0.9999872559836925;1.0009849883620263;1.0007536417492544;1.0;0.9998341082600188;0.99975533141373;0.9999926544386741;0.9992449744800042;0.9991216448585173;1.0;0.9999789437411549;0.9999690104118205;1.0023606245475194;0.9999942682452027;0.9999999999999999;0.9999928178299731;0.9999991680745629;1.024999976158142;
2016-07-03 09:30:00;1.000317940152759;0.9999746624263457;0.9999934699895586;1.0005788444863026;1.0;1.0007778345360807;1.0023471389313263;1.0004787521273104;0.9999898386146931;1.0015255367513314;1.0;1.0;1.0;1.0007518263791515;1.0;1.000184597381681;1.0002104610949527;1.0;1.001818326185065;0.9999932893626667;1.0;0.9999842603401864;1.000203649840046;1.0021867181084625;1.0024117572265272;0.9999968789991441;0.9999885006357344;1.0009734949747053;1.0007450376174374;1.0;0.9998372441681583;0.9997593214647873;0.9999928456322024;0.9992564030991935;0.9991430754673124;1.0;0.9999784982052561;0.9999673897952234;1.0023308977330665;0.999994492935669;1.0;0.999992196032555;0.9999993337172426;1.024999976158142;
2016-07-03 09:45:00;1.00032878927347;0.9999793119802922;0.9999940388431094;1.0005976178803302;0.9999999999999999;1.000801543705703;1.0024095368176758;1.000496199830213;0.9999897028878802;1.0015685530268017;1.0;1.0;1.0;1.00077642642474;1.0;1.000195218131423;1.00022207104654;1.0;1.0018680490285046;0.9999935961915793;1.0;0.999984863407851;1.000214980557439;1.002245169342485;1.0024756535330372;0.9999976987834346;0.9999886315690739;1.0010025594458554;1.0007466006203212;1.0;0.9998129210938258;0.9997343948259346;0.9999938606127639;0.9991940317387901;0.9990445239555537;1.0;0.9999805066448924;0.9999717800756113;1.002393181772823;0.9999953716189205;1.0;0.9999923199974519;0.9999996140508882;1.024999976158142;
2016-07-03 10:00:00;1.0003298248895829;0.9999533443175365;0.9999827229546437;1.0006001444828732;1.0;1.0008066323609524;1.0024837757287666;1.0004851853468977;0.9999684818923661;1.0016061142590238;1.0;1.0;1.0;1.0007783117395046;1.0;1.000185489143486;1.0002116719808571;0.9999999999999999;1.001918812899338;0.9999802364411334;1.0;0.9999623659574025;1.0002047760725437;1.0023138368184787;1.0025522780792542;0.9999925196307012;0.9999727410006164;1.001015811371835;1.000779940150852;0.9999999999999999;0.9998261348690056;0.9997488367353277;0.9999833343029869;0.9992318906088379;0.9990782572851736;1.0;0.9999793584544859;0.9999694251210318;1.0024659689255087;0.9999876578627537;1.0;0.999976509973979;0.9999993755399483;1.024999976158142;
2016-07-03 10:15:00;1.0003295763282671;0.9999793165141985;0.9999935779649886;1.0005989939248872;1.0;1.0008051050510751;1.0024331236129909;1.0004929090623185;0.9999890788130535;1.0015816061639224;1.0;1.0;1.0;1.000778211568789;0.9999999999999999;1.000187306015027;1.0002138652044368;1.0;1.0018848755265368;0.9999926480855719;1.0;0.999984723882644;1.0002068526151247;1.0022665889415103;1.0025003441012688;0.9999962263252894;0.9999885414044483;1.0010083246803103;1.0007700785917308;1.0;0.9998093688781664;0.9997176087541497;0.9999936172251385;0.9991269064965561;0.9989650083643936;1.0;0.9999804275372486;0.9999712881486773;1.0024165116798787;0.9999952017525434;1.0;0.9999916253454787;0.9999996247208722;1.024999976158142;
2016-07-03 10:30:00;1.0003332869458113;0.9999622440968594;0.9999880686726723;1.000606477585844;1.0;1.0008145188256155;1.0024811035626102;1.0004963983931054;0.999978910871635;1.0016082319156585;1.0;1.0;1.0;1.0007868567219576;1.0;1.0001916955304087;1.0002184769441334;1.0;1.0019187528792812;0.999986768448941;1.0;0.99997119145077;1.0002113889396433;1.0023115586604157;1.0025494648337379;0.9999949963519051;0.9999785393251085;1.0010222367873465;1.0007876491657626;0.9999999999999999;0.9998040788410529;0.9997079920277094;0.9999880724138152;0.9990949838220439;0.9989441854904375;1.0;0.9999799580885372;0.9999704375702623;1.0024636293288038;0.9999910753102517;1.0;0.9999842525827071;0.9999993785269039;1.024999976158142;
2016-07-03 10:45:00;1.0003567965751974;0.9999562500583974;0.9999898511362186;1.0006507371166147;1.0;1.0008741638324437;1.002649245029896;1.0005372760198172;0.9999841884085195;1.001717403862668;1.0;1.0;1.0;1.0008440093265736;1.0;1.0002088657937738;1.0002378597417922;1.0;1.0020485726716573;0.9999900025163884;1.0;0.9999720611146339;1.000230171733667;1.0024682655289145;1.0027222077763902;0.9999962321702872;0.9999788757020661;1.0010946474045856;1.0008413552679125;1.0;0.9997479369573546;0.9996201139306151;0.9999886340997579;0.998817261661247;0.998559276666866;0.9999999999999999;0.9999800974665802;0.9999709580810258;1.0026304034205458;0.999991230480334;1.0;0.9999880279985075;0.9999989021569553;1.024999976158142;
2016-07-03 11:00:00;1.0003422311305354;0.9999536297287396;0.9999902939974664;1.0006255069844319;0.9999999999999999;1.0008415292377484;1.0025516339714162;1.0005171786103702;0.9999865485680005;1.00165317006588;1.0;1.0;1.0;1.0008113250519544;1.0;1.0001993304045216;1.000227261279913;1.0;1.0019730291030757;0.9999911648716673;0.9999999999999999;0.9999746439149397;1.000219899433133;1.0023771517781968;1.0026219351749344;0.9999961430165911;0.9999814716527731;1.001053515976323;1.0008092303414489;0.9999999999999999;0.9997754489926877;0.9996638271071645;0.9999883186679652;0.9989562010753755;0.9987532573791768;1.0;0.9999802867255199;0.9999715601581578;1.0025332038179653;0.9999908143058693;0.9999999999999999;0.999989570280512;0.9999985420402598;1.024999976158142;
2016-07-03 11:15:00;1.0003417877920329;0.9999505722450456;0.9999900105649001;1.0006251554496026;1.0;1.0008420239458755;1.0025595926922777;1.0005152084057378;0.9999866511687433;1.0016564886959498;1.0;1.0;1.0;1.000810672948062;1.0;1.0001954955672034;1.0002232602259697;1.0;1.0019778871404383;0.9999909559648759;1.0;0.9999736117358455;1.0002159371533073;1.0023843213421504;1.002630330705888;0.9999955534647044;0.9999806510078513;1.0010545392653538;1.0008122653235798;1.0;0.9997798663117369;0.9996705484436647;0.9999878285114348;0.9989772541800593;0.9987667147716235;0.9999999999999999;0.9999790413698932;0.9999695208603464;1.0025409247759003;0.9999903884722017;1.0;0.9999895049803604;0.9999984038123808;1.024999976158142;
2016-07-03 11:30:00;1.0003558943739363;0.9999474434485262;0.999989563363119;1.0006511450854847;1.0;1.0008756815917759;1.0026527694852712;1.0005402150893992;0.9999859602088996;1.001718394149545;1.0;1.0;1.0;1.000844381620043;1.0;1.000210666425138;1.0002398881829786;0.9999999999999999;1.0020510175425834;0.9999909575655723;1.0;0.9999721427946425;1.0002321890737504;1.0024715152544437;1.002725709045684;0.9999964517494143;0.9999797067313619;1.001095785308805;1.0008391616999133;1.0;0.9997556171623779;0.9996347068303677;0.9999870719998316;0.9988668754146981;0.9986100797022298;0.9999999999999999;0.9999790905508186;0.9999691572200259;1.002633470559348;0.9999897817216684;0.9999999999999999;0.9999891490756997;0.9999982867680983;1.024999976158142;
2016-07-03 11:45:00;1.0003491148386698;0.9999573966588934;0.9999914655651895;1.000637713014608;1.0;1.0008576243464509;1.0025934468169302;1.0005285215398052;0.9999885143766999;1.0016818617168257;0.9999999999999999;1.0;1.0;1.000827403433642;0.9999999999999999;1.0002043371019822;1.0002328880387912;1.0;1.0020063878299856;0.9999924083805537;0.9999999999999999;0.9999771097536404;1.0002253596110393;1.002416140123108;1.0026648730630343;0.9999966297390421;0.9999831890813248;1.0010729831540863;1.0008231602812914;1.0;0.9997642356237795;0.9996459285052456;0.999989553949855;0.9988993325529789;0.998672486949224;1.0;0.9999787113001429;0.9999691907937385;1.0025749072521122;0.999991751829711;1.0;0.9999910449948253;0.9999986316684624;1.024999976158142;
2016-07-03 12:00:00;1.0003604366755596;0.999913035482828;0.9999845126125991;1.0006635313105818;1.0;1.000894081227668;1.0027312932300303;1.0005493367896479;0.9999807869972568;1.0017599899223177;0.9999999999999999;1.0;1.0;1.0008583870689125;1.0;1.0002133731641958;1.0002430481440971;1.0;1.0021050940814202;0.9999876244105801;1.0;0.9999561598409314;1.0002352078691539;1.0025446236308497;1.0028064906246623;0.999995328138164;0.9999678621497547;1.0011195543552944;1.000867844318799;1.0;0.9996998371827024;0.9995448499236042;0.9999798282765011;0.9985798617202175;0.9983955824812706;0.9999999999999999;0.9999791821809451;0.9999692488492421;1.0027100719583013;0.9999838903236848;1.0;0.9999850178186411;0.9999970104004133;1.024999976158142;
2016-07-03 12:15:00;1.0003506340770554;0.9999197050052386;0.9999853776387246;1.0006451206924196;1.0;1.0008695842526136;1.0026558253052116;1.000533527509445;0.9999818895648025;1.0017123708607507;1.0;1.0;1.0;1.0008349131319396;1.0;1.0002059068288958;1.0002347295533338;1.0;1.0020479484845266;0.9999881659850582;1.0;0.9999600810530608;1.0002271359281425;1.0024742038839427;1.002728985078149;0.9999952030977936;0.9999710396730512;1.0010890640193455;1.0008446632728774;1.0;0.9997575936019646;0.9996348103362891;0.9999810556262809;0.9988634306414756;0.9986577650104199;1.0;0.9999804275372485;0.9999712881486773;1.0026353315426304;0.9999848735209391;1.0;0.9999858032753403;0.9999971979953062;1.024999976158142;
2016-07-03 12:30:00;1.0003617070283093;0.9997483154535007;0.9999562315097794;1.0006854711647981;1.0;1.0009319028335553;1.002969689549661;1.0005604215519572;0.9999476712971996;1.0018697051653256;1.0;1.0;1.0;1.0008777009062118;1.0;1.0002164161418008;1.0002466793689944;1.0;1.0022589940202875;0.9999665635343703;1.0;0.9998782622162115;1.0002386930499587;1.0027665839737343;1.003051516335143;0.9999884186173221;0.9999119680293589;1.0011730707888535;1.0009470944467858;1.0;0.9997354161294263;0.9996000045296777;0.9999417132506797;0.9987531560370811;0.9985230971225698;1.0;0.9999806645453856;0.9999723191105266;1.002940115924434;0.9999532507520827;1.0;0.9999591055870541;0.999990982939114;1.024999976158142;
2016-07-03 12:45:00;1.0003667508019616;0.9997548855307796;0.999958340039804;1.0006938818873534;1.0;1.0009423378813072;1.0029893663962544;1.0005693633871007;0.9999508751838108;1.0018849775464107;1.0;1.0;1.0;1.0008888363472326;1.0;1.000221417604563;1.0002521600327792;1.0;1.002275530882028;0.9999687199332207;0.9999999999999999;0.9998815837612189;1.0002440208429522;1.002785071350322;1.0030716812628122;0.9999894554216855;0.9999139318528615;1.0011849368355432;1.0009538178008093;1.0;0.9997113003697242;0.9995616932433979;0.9999440312305217;0.9986313427127899;0.9983908944079909;1.0;0.9999799691776172;0.9999708297932353;1.0029599784776881;0.9999550410933997;1.0;0.9999615916816402;0.999991210180609;1.024999976158142;
2016-07-03 13:00:00;1.000364262132496;0.9997891758967272;0.9999636951305357;1.0006854253051107;1.0;1.0009300868020523;1.002932340638859;1.0005622114531105;0.9999570473695857;1.0018566583361022;1.0;1.0;1.0;1.000879894817162;1.0;1.0002164810538599;1.000246828974329;1.0;1.0022377322704834;0.9999724098391186;1.0;0.9998984657720018;1.0002388197161614;1.002731731873575;1.0030131891551368;0.9999901536077892;0.9999264894112334;1.0011690234472792;1.0009208549664106;1.0;0.9997182165641892;0.9995828554106346;0.9999514603832602;0.9987111857272541;0.9984848613070931;1.0;0.9999801950952125;0.99997146852865;1.0029046838100135;0.999961029590079;1.0;0.9999663358437167;0.9999924159061904;1.024999976158142;
2016-07-03 13:15:00;1.0003624640236137;0.9998896915205143;0.9999807682627777;1.0006703236377315;0.9999999999999999;1.0009040178494928;1.0027728239091735;1.000556229092395;0.9999768900933449;1.0017818205984816;1.0;1.0;1.0;1.0008660636320292;0.9999999999999999;1.0002183510453164;1.0002484708234889;1.0;1.0021340686215383;0.9999852817247826;1.0;0.9999465411493041;1.000240540583118;1.0025834461903351;1.0028489675687158;0.9999948888772977;0.999961370839242;1.0011322427257132;1.0008688312748653;1.0;0.9997145173135554;0.9995766426134016;0.9999744095279954;0.9986910552938569;0.9984480607561023;0.9999999999999999;0.9999804275372485;0.9999712881486773;1.0027503878767676;0.9999794838522422;1.0;0.9999819737112621;0.9999960568466991;1.024999976158142;
2016-07-03 13:30:00;1.0003586573138963;0.9999560941337111;0.9999906347806241;1.0006550733974453;1.0;1.0008811118780894;1.0026678024974147;1.0005421189322372;0.999986967612188;1.0017297995646843;1.0;1.0;1.0;1.0008500035342383;1.0;1.0002091991130666;1.0002384907546196;1.0;1.0020638916852778;0.9999914016782919;1.0;0.9999760245117626;1.0002307782166426;1.0024853175173938;1.002741304111064;0.9999961769071153;0.9999825769541452;1.0011028591035027;1.0008353770716982;1.0;0.9997241285689872;0.9995912552360516;0.9999887967766881;0.9987367727976459;0.9985099335210461;1.0;0.9999796630171031;0.9999697296806237;1.0026487334657714;0.9999911984166012;1.0;0.9999898765070264;0.9999986172662617;1.024999976158142;
2016-07-03 13:45:00;1.0003557403111787;0.9999090706981669;0.9999817865977276;1.0006549083343628;1.0;1.0008829072944132;1.002711847687375;1.0005387694556809;0.9999754233582221;1.001745360591318;1.0;1.0;1.0;1.000847018875862;1.0;1.0002078674600108;1.0002369683264138;1.0;1.0020890223621837;0.9999842256787284;1.0;0.9999519038429647;1.000229298134042;1.0025263738071781;1.0027865668741003;0.999993966317738;0.9999651037600711;1.001107442333848;1.0008527591809135;1.0;0.9997397839331986;0.9996138853903912;0.9999774755950567;0.9988058205563495;0.9985819623063327;1.0;0.9999793584544858;0.9999694251210318;1.0026906098032102;0.9999822037088605;1.0;0.9999810208837349;0.9999970285906915;1.024999976158142;
2016-07-03 14:00:00;1.0003496539260324;0.9999118865266258;0.9999826496131088;1.00064347839951;0.9999999999999999;1.0008681636666525;1.0026701393270252;1.000527419213885;0.9999768307443132;1.0017176385948898;1.0;0.9999999999999999;1.0;1.0008321378888323;1.0;1.0002000580671264;1.0002284576854559;1.0;1.0020560054675134;0.9999848527323363;1.0;0.9999530593190361;1.0002209484507125;1.0024873038073527;1.0027439689725415;0.9999936682474398;0.9999655639760283;1.0010891866136016;1.00084955339173;1.0;0.9997550755210814;0.9996305958866657;0.9999785556361173;0.9988494550663201;0.9986329520712971;1.0;0.9999791696593187;0.9999696491485502;1.002649232354876;0.9999830432760881;0.9999999999999999;0.9999819816289786;0.9999971448408643;1.024999976158142;
2016-07-03 14:15:00;1.000354873828019;0.9999406422681971;0.9999876040951888;1.0006495116984995;1.0;1.0008740820306103;1.002661392775046;1.0005354037336496;0.9999824896922213;1.0017207948446634;1.0;0.9999999999999999;1.0;1.000841636737825;1.0;1.0002061438828114;1.0002350261347268;1.0;1.0020552070656545;0.9999886721365511;1.0;0.9999664970843184;1.0002273885730206;1.0024793873549895;1.0027347892263272;0.999995384953241;0.9999752070761032;1.001095052713552;1.0008473174182586;1.0;0.9997434639950963;0.999611678234119;0.9999851929926793;0.9987887857551437;0.9985418172371414;1.0;0.9999796041068499;0.9999708775454449;1.0026417715912803;0.9999883848362121;1.0;0.9999865102211404;0.999998206223635;1.024999976158142;
2016-07-03 14:30:00;1.0003473858257408;0.9999521008789642;0.999990461418725;1.000634933272941;1.0;1.000853163275729;1.0025795607437522;1.0005273133662627;0.9999868024500308;1.0016722896531016;0.9999999999999999;1.0;1.0;1.0008233879448136;1.0;1.000206867673651;1.0002353896491176;1.0;1.001995047596411;0.9999916405727093;1.0;0.9999734755723704;1.000227854646971;1.0024034837531006;1.0026504189903986;0.9999969759348291;0.9999803506191185;1.0010672533927034;1.0008195268344855;0.9999999999999999;0.9997659959274109;0.9996480078102401;0.9999883365558152;0.9989049357383589;0.9986962953991717;1.0;0.9999794758678573;0.9999707493075713;1.0025609821627555;0.9999908136178735;1.0;0.99998987786826;0.9999985161750258;1.024999976158142;
2016-07-03 14:45:00;1.0003496692023846;0.9999306433622299;0.9999809478609097;1.0006396969899363;1.0;1.0008613920839209;1.002655970516036;1.0005196614055583;0.9999690865959283;1.0017126210164164;1.0;0.9999999999999999;1.0;1.000828491841029;1.0;1.0001980901646932;1.0002261248024165;1.0;1.0020484567736654;0.999980362770446;1.0;0.9999551984925928;1.000218742668469;1.002474126032678;1.0027292917540387;0.9999923554167978;0.9999675959302308;1.001083534463285;1.000829638360776;1.0;0.9997773644569595;0.9996766157858998;0.9999794730353757;0.9990088321215871;0.9987726169976918;1.0;0.9999794628334655;0.9999703234537112;1.0026360469047255;0.9999843089092079;1.0;0.999976632419763;0.9999982974160608;1.024999976158142;
2016-07-03 15:00:00;1.000340982028561;0.9999391549413207;0.999980094576576;1.0006218050071183;1.0;1.0008366786274459;1.0025885892323982;1.0005008473766706;0.9999650511389322;1.0016697006469177;1.0;1.0;1.0;1.0008055294870575;1.0;1.0001895426822995;1.0002165137599044;1.0;1.0019966831388096;0.9999779394361045;1.0;0.9999545342891452;1.0002093908425755;1.002411315954827;1.0026601588538442;0.9999914913620982;0.9999667950264199;1.0010543096631854;1.0008162270217231;1.0;0.9997981362196529;0.9997033006400895;0.9999800883243479;0.9990858650849448;0.998895845256713;1.0;0.9999794080991832;0.9999698875861447;1.002569521763943;0.9999850862111833;1.0;0.9999738040035898;0.9999989341087887;1.024999976158142;
2016-07-03 15:15:00;1.0003559742238772;0.9998769810156497;0.9999747573854465;1.0006585373849202;0.9999999999999999;1.0008889886657262;1.0027604090682953;1.0005386377965744;0.9999652371755329;1.001767840759724;1.0;1.0;1.0;1.000849923720021;1.0;1.0002081123178113;1.0002372130344475;1.0;1.0021205050241015;0.999977947709396;0.9999999999999999;0.9999341175870964;1.0002295442984042;1.0025716339156576;1.0028364401266958;0.999992049132317;0.9999523329630012;1.001117324694911;1.0008784838052267;1.0;0.9997396033499599;0.9996067232666523;0.9999690556639528;0.9987747117798235;0.9985684525970903;1.0;0.9999794628334655;0.9999703234537112;1.002737588483315;0.9999756127138428;1.0;0.9999733150214991;0.9999960355296273;1.024999976158142;
2016-07-03 15:30:00;1.0003561903092222;0.9999541625914226;0.9999903236865891;1.000650752077299;1.0;1.0008744689432518;1.0026437564486068;1.0005403869428129;0.9999863457117085;1.0017146874048648;1.0;1.0;1.0;1.0008442507866329;1.0;1.0002119282767843;1.0002411834450518;1.0;1.0020455442823788;0.9999913237831776;1.0;0.99997474109127;1.0002334783335938;1.0024632149358768;1.0027163606085991;0.9999967695336232;0.9999816197802308;1.0010941194035534;1.0008185464785082;1.0;0.999724544752364;0.9995982806673381;0.9999883405037326;0.9987668443088856;0.9985588949606307;0.9999999999999999;0.9999788521110942;0.99996891878267;1.0026248222481557;0.9999908447609785;1.0;0.9999895431596507;0.9999985701001699;1.024999976158142;
2016-07-03 15:45:00;1.000351160811239;0.9999412498731556;0.9999881298164964;1.0006431362973007;1.0;1.0008653502622595;1.0026291974405184;1.0005323252601455;0.9999838592671045;1.001701040329422;0.9999999999999999;1.0;1.0;1.0008335833054358;1.0;1.0002068557186918;1.0002356375490502;1.0;1.0020314005046769;0.9999896019767657;1.0;0.9999686225429878;1.0002280540088853;1.002449510932716;1.0027015315012247;0.9999959088896622;0.9999771730246205;1.0010834937288169;1.0008350140690856;1.0;0.9997613002645049;0.9996411448903636;0.9999854095785692;0.9988839828405193;0.9986498952354144;1.0;0.9999792668244336;0.9999693334918899;1.002609806241363;0.9999884860376461;0.9999999999999999;0.9999875343366091;0.9999981013837523;1.024999976158142;
2016-07-03 16:00:00;1.0003438582162392;0.9999696744268627;0.9999933610905544;1.0006264734570551;1.0;1.0008428293357483;1.0025484911442633;1.0005164769591581;0.9999905026704995;1.001654189687135;1.0;1.0;1.0;1.0008133216440487;1.0;1.0001954004486968;1.000223199204899;1.0;1.0019723834203436;0.9999933587468302;0.9999999999999999;0.9999819467243433;1.0002158465208322;1.0023739632384006;1.0026189990353056;0.999996274411796;0.9999863193342903;1.001054874581281;1.000808143736734;1.0;0.9997794634638819;0.9996702375594175;0.9999924352817949;0.9989766935975916;0.99875959232301;1.0;0.9999792668244337;0.99996933349189;1.0025306964061684;0.9999941002967189;1.0;0.9999925000544785;0.9999991491083923;1.024999976158142;
2016-07-03 16:15:00;1.000345875015038;0.9999226086101708;0.9999852962418595;1.0006356136044747;1.0;1.0008566651089967;1.0026206450971165;1.0005235304128868;0.999980782697522;1.0016892538894135;1.0;1.0;1.0;1.0008225042980785;0.9999999999999999;1.000200573301784;1.0002287951032927;1.0;1.0020201670187827;0.9999874680242687;1.0;0.9999592269597537;1.0002213298228475;1.0024413783879087;1.0026929753079314;0.9999948576468508;0.9999699558710741;1.0010735196508849;1.000829300590466;0.9999999999999999;0.999783423793279;0.9996783380301792;0.9999815536730476;0.9990048335269899;0.9988023420910336;1.0;0.9999832720814521;0.9999737515316257;1.002600519899193;0.999985368766833;1.0;0.9999850360167508;0.9999974578238727;1.024999976158142;
2016-07-03 16:30:00;1.0003378495922939;0.9999082115255901;0.9999831741069336;1.0006229088586387;1.0;1.0008398167961954;1.002576212922161;1.0005142528277176;0.9999785532505657;1.0016570742658135;1.0;0.9999999999999999;1.0;1.0008052498677613;1.0;1.0001993103599576;1.0002270797851176;1.0;1.0019835206521879;0.9999862581907101;0.9999999999999999;0.999952999856914;1.000219740644562;1.0024001865717835;1.0026471389071159;0.9999948873805342;0.9999655910565509;1.0010524629272477;1.0008159001732613;0.9999999999999999;0.9998009164699313;0.9997049743023594;0.999978376799378;0.9990878848967913;0.9988806563510355;1.0;0.9999846020399819;0.9999758754349612;1.0025557850692437;0.9999827845855934;1.0;0.9999833597363379;0.999996897270694;1.024999976158142;
2016-07-03 16:45:00;1.0003395160773083;0.999940269096767;0.9999886012043502;1.0006222937376703;1.0;1.0008372002765435;1.0025415857722428;1.0005162158410852;0.9999850412342662;1.0016440304505492;1.0;1.0;1.0;1.0008063659555828;1.0;1.0002016319116325;1.0002295545250826;1.0;1.0019633762873597;0.9999904214852594;1.0;0.9999688708388943;1.0002221920565042;1.0023680211170123;1.0026114296023136;0.9999963974885177;0.9999772751139462;1.0010477749342768;1.0007816915220271;1.0;0.9997871132120899;0.9996994213421513;0.9999856185082091;0.9990902090280384;0.9988885545571555;0.9999999999999999;0.9999854326947228;0.9999775000432123;1.0025227146784152;0.9999885924678994;0.9999999999999999;0.9999884281701027;0.999998017110908;1.024999976158142;
2016-07-03 17:00:00;1.0003476276919308;0.9999481333235767;0.9999892477360337;1.00063596912191;0.9999999999999999;1.0008566055156543;1.0026057259775627;1.0005238936300442;0.9999854347181937;1.001686059446583;1.0;1.0;1.0;1.0008246216283465;1.0;1.0001990367937823;1.0002272816989863;1.0;1.002013454552227;0.9999901973279806;1.0;0.999972181999288;1.0002198386991306;1.0024272779253969;1.0026777225714059;0.9999953060597949;0.9999797230009407;1.0010730314450211;1.000811402489604;0.9999999999999999;0.9997764990077311;0.9996765127603223;0.9999870069340874;0.9990101058934902;0.9987678021146728;1.0;0.9999833507247848;0.9999734173516734;1.0025866867766378;0.9999897583062382;1.0;0.9999885799155975;0.9999983316152478;1.024999976158142;
2016-07-03 17:15:00;1.0003605347634388;0.9999247400568044;0.9999845091750681;1.000661820570409;1.0;1.0008916592608186;1.002727856036039;1.0005449271502929;0.9999786978016284;1.0017596981856383;1.0;1.0;1.0;1.0008569874001385;1.0;1.000209630811316;1.0002390561090526;0.9999999999999999;1.0021041128118828;0.999986238100593;1.0;0.9999595587726209;1.0002313026397494;1.0025412030949552;1.0028030692127;0.9999944696575169;0.999970641941074;1.0011179024600272;1.000864699932634;1.0;0.9997013083441663;0.9995484452735253;0.9999810965097842;0.9985927833455407;0.9983722968376622;0.9999999999999999;0.999984658260609;0.9999755188333708;1.0027071164005503;0.9999851082136658;1.0;0.999983564629572;0.9999975894445157;1.024999976158142;
2016-07-03 17:30:00;1.0003581305770683;0.9999329001169714;0.9999857373562953;1.00065648045717;1.0;1.0008854982804691;1.0027129525450165;1.0005373169955885;0.9999803049709741;1.0017503718261094;1.0;1.0;1.0;1.000850439944778;1.0;1.0002011730456295;1.000230084279467;1.0;1.0020928353456149;0.9999867795970241;1.0;0.9999634534672431;1.0002224610514792;1.002526884381786;1.0027881352731944;0.9999936900007815;0.9999733649814362;1.0011108260370307;1.0008615544811637;1.0;0.9997202605356089;0.9995771513275015;0.999982956317239;0.9986821587692952;0.9984509200714365;1.0;0.9999829545300768;0.9999730211609011;1.0026925639187787;0.9999866027266352;1.0;0.9999846130836821;0.9999978826428347;1.024999976158142;
2016-07-03 17:45:00;1.000355725787266;0.9999468458579214;0.9999897861163596;1.0006508257022304;1.0;1.0008755493347918;1.0026542955755033;1.0005389807304852;0.9999864726024142;1.0017186213675588;1.0;1.0;1.0;1.0008437635221004;1.0;1.0002085327572539;1.0002376337176273;1.0;1.002051411388027;0.9999911604016803;1.0;0.9999715443577195;1.0002299450987755;1.00247283783469;1.0027274236507364;0.9999963046256033;0.9999789394753406;1.0010956587298516;1.0008418373121173;0.9999999999999999;0.9997396028476375;0.999607928312581;0.9999873031075925;0.998780015419713;0.9985479413032131;0.9999999999999999;0.9999841998956178;0.9999750604725687;1.002634955166223;0.9999899479027359;0.9999999999999999;0.9999894743279449;0.9999982860128375;1.024999976158142;
2016-07-03 18:00:00;1.000370637996961;0.9998785899919502;0.9999784518630553;1.0006860952530738;0.9999999999999999;1.0009259563957564;1.002852025620267;1.0005668024019896;0.9999735142610263;1.001829492005157;1.0;1.0;0.9999999999999999;1.000885801215995;1.0;1.0002204278969422;1.0002510577416648;1.0;1.002192573874848;0.9999830488628122;1.0;0.9999397001726078;1.0002429707348832;1.002657067495158;1.002930538777049;0.999993893399842;0.9999560914519887;1.0011606689334587;1.0009064680035673;1.0;0.9996899788364724;0.9995297689241328;0.9999717451837872;0.9985327464736773;0.99829197967001;1.0;0.9999839853119593;0.9999740519325442;1.0028286392255417;0.9999774072031611;1.0;0.9999793598132796;0.9999957597738379;1.024999976158142;
2016-07-03 18:15:00;1.000366235829657;0.9999265346021387;0.9999855360608859;1.0006719262695807;1.0;1.0009052158779883;1.0027653878827614;1.0005532762039677;0.999980528913909;1.0017844642390061;1.0;1.0;1.0;1.0008700243719728;1.0;1.0002118617385196;1.0002416865284658;1.0;1.002133060099225;0.999987298886349;1.0;0.9999603381456058;1.0002337983760048;1.0025761199750893;1.0028417585241312;0.9999947117657184;0.9999707330125168;1.0011343766902099;1.0008778007032055;0.9999999999999999;0.9997048967157203;0.9995535312824815;0.9999821913758681;0.9986082825003795;0.998368092530337;1.0;0.9999846259494722;0.9999751053867562;1.0027444992524859;0.9999859325141726;1.0;0.9999848874530186;0.9999976562203412;1.024999976158142;
2016-07-03 18:30:00;1.0003498719016164;0.9999197140328382;0.9999839844340872;1.000642881214213;0.9999999999999999;1.0008658035704587;1.002650123230212;1.0005298728987302;0.9999780577104982;1.0017081638254484;0.9999999999999999;1.0;1.0;1.0008318631244257;1.0;1.0002054992252694;1.0002341116318993;0.9999999999999999;1.0020428605671372;0.9999860301947906;1.0;0.9999564082803728;1.0002265472933243;1.002469016192638;1.0027230991359393;0.999994825174554;0.9999679864458416;1.001085318160325;1.0008435794979451;0.9999999999999999;0.9997452778501252;0.9996147443063015;0.9999803042205109;0.9987988491984715;0.9985980328010463;1.0;0.9999848344839604;0.9999756950551114;1.0026297405203004;0.9999844672527913;0.9999999999999999;0.9999831369045511;0.9999974564094884;1.024999976158142;
2016-07-03 18:45:00;1.0003687770432201;0.9999063452957841;0.9999821633474977;1.0006792748301856;1.0;1.000916098841656;1.0028103331189493;1.0005598515869094;0.9999769953481188;1.001808896565881;1.0;1.0;1.0;1.0008786231209728;0.9999999999999999;1.0002154410281046;1.0002456750123545;0.9999999999999999;1.0021650031888403;0.9999850774672351;1.0;0.9999522139314151;1.000237709799546;1.0026180096093955;1.0028878263527252;0.9999940744248473;0.9999653727541843;1.0011484460181723;1.0008958342026375;1.0;0.9996987945607483;0.9995413593524817;0.9999773803610741;0.998566426000184;0.9982983039680058;0.9999999999999999;0.9999842112341677;0.9999746906754;1.0027883086550806;0.9999820251485911;0.9999999999999999;0.9999820911810978;0.9999968189361527;1.024999976158142;
2016-07-03 19:00:00;1.000361273246356;0.9999143980511357;0.9999820269241134;1.0006641252879602;1.0;1.0008945791113975;1.0027433574559335;1.0005468685329983;0.9999748425057396;1.0017676696385505;1.0;1.0;1.0;1.0008594076914241;1.0;1.000212599386391;1.0002421754658528;1.0;1.0021147759478757;0.9999840355135674;1.0;0.9999535479512666;1.0002343881615399;1.0025558150644216;1.0028188365914694;0.9999941476636187;0.9999664105439786;1.0011221011480795;1.0008744984030653;1.0;0.9997095695498609;0.999558032005686;0.9999781946838338;0.9986187531898385;0.998389562496519;0.9999999999999999;0.9999843083971425;0.9999743750145179;1.0027221646164197;0.99998285680307;0.9999999999999999;0.9999807264146003;0.9999972854555477;1.024999976158142;
2016-07-03 19:15:00;1.0003606819504662;0.9999303872656478;0.9999840623010342;1.0006607169730368;1.0;1.0008887599100966;1.002715958279264;1.0005439115112893;0.9999761575356465;1.001754170506338;1.0;1.0;1.0;1.0008557705438643;1.0;1.0002122026935945;1.0002416154586848;1.0;1.002096331195322;0.9999850104114238;1.0;0.9999592757578749;1.0002338568942093;1.0025303817373856;1.002790652842476;0.999994644479598;0.9999703057183866;1.0011146621751186;1.000858518182561;1.0;0.9997214670576396;0.9995818680175733;0.9999815185368633;0.9987006847083514;0.9984821329113558;1.0;0.9999847667616112;0.9999748333744335;1.0026956587511129;0.9999856250626393;1.0;0.99998190344022;0.999997995019635;1.024999976158142;
2016-07-03 19:30:00;1.0003595471864362;0.9999071536221126;0.9999826056386725;1.000662212426014;1.0;1.000893498451447;1.002745229696795;1.0005439936791656;0.9999776206683294;1.0017656692433936;0.9999999999999999;1.0;1.0;1.0008562113543111;1.0;1.0002068572034246;1.0002361510236986;1.0;1.0021135223140942;0.9999853290486824;1.0;0.9999517195171915;1.000228398953579;1.0025572602445554;1.0028211326553371;0.9999938763275966;0.9999644778515097;1.00112036032308;1.0008539029855408;1.0;0.9997254862508195;0.999598338599021;0.9999780074093493;0.998765232686096;0.9985420398571422;0.9999999999999999;0.9999854566017158;0.9999767299892377;1.00272364867987;0.999982523349812;1.0;0.9999825130334167;0.9999969070205504;1.024999976158142;
2016-07-03 19:45:00;1.000361784978471;0.9998432216384526;0.9999707933540795;1.0006736404553116;1.0;1.0009119578550472;1.0028523949115289;1.000549880735543;0.9999627973896053;1.0018176879864689;1.0;1.0;1.0;1.000867551388295;1.0;1.0002089067112714;1.0002385292153395;1.0;1.002184678930217;0.9999760025375277;1.0;0.9999204406740697;1.0002307028090494;1.0026570425437784;1.0029312456426742;0.9999908540131932;0.9999421708747446;1.0011464454001366;1.0008697037843486;1.0;0.999720156469202;0.99960371234299;0.9999626044506023;0.9987992957184743;0.9985818295750126;1.0;0.9999836682764572;0.9999741477228588;1.0028274963287915;0.9999702311716826;1.0;0.9999710549738496;0.9999946421397948;1.024999976158142;
2016-07-03 20:00:00;1.000360748426247;0.999845555754675;0.9999713727896592;1.0006716944123988;1.0;1.0009084628840665;1.0028328983826682;1.0005511189877658;0.9999636735097325;1.0018071101775061;1.0;0.9999999999999999;1.0;1.0008652947499956;1.0;1.0002131168353476;1.0002428943189468;1.0;1.0021712088569483;0.9999768297059919;1.0;0.9999224138875378;1.0002350462789895;1.002639156120115;1.0029109269868253;0.9999917004135531;0.9999438929123415;1.0011412893936207;1.000883122000566;1.0;0.9997210972450443;0.9995909643041516;0.9999630975867743;0.998741185395766;0.9985101137311396;1.0;0.9999844257663446;0.9999756991628623;1.0028082639739762;0.9999705998989377;0.9999999999999999;0.9999718310453107;0.9999946672076372;1.024999976158142;
2016-07-03 20:15:00;1.0003468596788658;0.9998526775701656;0.9999719860592772;1.0006452061028037;1.0;1.0008717745720839;1.0027181426731429;1.000529359093825;0.9999632525486952;1.0017344266002286;1.0;1.0;1.0;1.0008311629424074;1.0;1.0002066986309173;1.0002353188597712;0.9999999999999999;1.0020834083351047;0.9999768601302191;1.0;0.99992390525508;1.0002277616396171;1.0025324918612841;1.0027928722442128;0.9999921676030172;0.9999447530040928;1.00109544349494;1.0008575780094335;0.9999999999999999;0.9997712590705877;0.9996615121990695;0.9999644109465878;0.9989541164390486;0.9987338616993388;1.0;0.9999845044118206;0.9999753649859884;1.0026945915471581;0.9999717539228615;1.0;0.9999717301357728;0.9999950624183601;1.024999976158142;
2016-07-03 20:30:00;1.0003524884541117;0.9998852856425069;0.9999773853770643;1.0006516893827255;0.9999999999999999;1.000880940212489;1.002734166981889;1.0005315995098656;0.9999700256667379;1.0017513479389601;1.0;1.0;1.0;1.000841442103122;0.9999999999999999;1.0002000815090788;1.0002286967152325;1.0;1.0021004327873841;0.9999804520071129;0.9999999999999999;0.9999400426268061;1.0002211457582681;1.0025467690016514;1.0028098535573606;0.9999919453169381;0.9999564381514097;1.0011068977339235;1.0008672181439173;1.0;0.9997478304416255;0.9996214882747555;0.9999718622187758;0.9988235138793521;0.9985814916508551;0.9999999999999999;0.9999852012186577;0.999976061786457;1.0027117176290459;0.9999777250457135;1.0;0.9999766998820427;0.9999962051320527;1.024999976158142;
2016-07-03 20:45:00;1.0003562439705307;0.9998810321784067;0.9999763583859138;1.0006589076347938;1.0;1.0008899235450441;1.002759450038136;1.0005392602973446;0.9999683014239111;1.0017679035199374;1.0;1.0;1.0;1.0008506766540206;0.9999999999999999;1.0002065722465603;1.0002356738696494;1.0;1.0021201887025952;0.9999796703401016;1.0;0.9999375968600884;1.0002280035020161;1.0025705815068102;1.0028355863435263;0.9999922756646342;0.9999548133988139;1.0011179693906145;1.0008755086285455;0.9999999999999999;0.9997199505409058;0.9995775405993409;0.999970602138516;0.998684285614955;0.9984755271945371;1.0;0.9999855298584365;0.9999771843829738;1.0027367376136538;0.999976751667241;1.0;0.9999755204256963;0.999996081315942;1.024999976158142;
2016-07-03 21:00:00;1.000352130881037;0.999818325235621;0.9999645396192628;1.0006586703647946;1.0;1.00089405767371;1.002832820462575;1.000532040316502;0.999953593645924;1.00179626455868;1.0;0.9999999999999999;1.0;1.0008468824793864;1.0;1.0001981492447476;1.000226771171382;1.0;1.0021640262496998;0.9999699490737979;0.9999999999999999;0.9999068877542712;1.0002192348477092;1.0026384663030725;1.0029113392491942;0.999988201349784;0.9999328498662174;1.001127069302671;1.00090256083924;1.0;0.9997611700261102;0.9996405929774347;0.9999554204107878;0.9988818160076729;0.9986727295237431;1.0;0.9999838936821457;0.9999739603036409;1.0028069615340307;0.9999646406690997;0.9999999999999999;0.999963952796711;0.9999938581335384;1.024999976158142;
2016-07-03 21:15:00;1.0003551849028347;0.9998249844900725;0.9999662496290319;1.0006633506541804;1.0;1.000898515142982;1.002829907643873;1.0005396024419253;0.9999557455159892;1.0017980689428312;1.0;1.0;1.0;1.0008531761277115;1.0;1.0002062441496735;1.0002353439928284;1.0;1.0021639870091479;0.9999717469689146;1.0;0.9999097134816229;1.0002276636125795;1.0026362117601895;1.0029080222205722;0.9999897382525177;0.9999345913223566;1.0011311830310037;1.0009034281530271;1.0;0.9997555605167974;0.9996304012212092;0.9999574086995054;0.9988479087652135;0.9986419599294176;1.0;0.9999848344839605;0.9999756950551116;1.0028044560401457;0.9999662106528145;1.0;0.9999657799384478;0.9999941185920471;1.024999976158142;
2016-07-03 21:30:00;1.0003557347973546;0.999846795363132;0.9999705194037368;1.0006617082214666;1.0;1.0008956305597547;1.0028065623161377;1.0005380924320895;0.9999612130832368;1.0017880589479538;1.0;1.0;1.0;1.0008520935421314;1.0;1.000203579547178;1.00023253049245;1.0;1.0021490882625794;0.9999750470566717;1.0;0.9999198966539443;1.0002248631397175;1.0026143361181297;1.0028842196987986;0.9999905110484658;0.9999415023668607;1.001126731353286;1.00089352447408;1.0;0.9997355329484631;0.9996004372310686;0.9999629829590067;0.9987548509424032;0.9985597302301413;1.0;0.9999845283194589;0.9999745949346499;1.0027821354438902;0.9999706537441179;1.0;0.9999699440081229;0.9999949278273301;1.024999976158142;
2016-07-03 21:45:00;1.0003514302277274;0.9999044839096293;0.9999800557358083;1.0006471274407955;1.0;1.0008735788845975;1.0026998226861894;1.000527765141101;0.9999722701883608;1.0017341776488533;1.0;1.0;1.0;1.0008365180851275;0.9999999999999999;1.0001989247728704;1.0002273248491451;1.0;1.0020772254843728;0.9999819591110295;1.0;0.9999476055956467;1.0002198185281352;1.0025148279897034;1.00277455951322;0.999992520229484;0.9999616890756494;1.0010974009262366;1.0008605846468284;1.0;0.9997547092758962;0.9996291109321426;0.999975970803943;0.9988435950154413;0.9986264170592477;1.0;0.9999852366790218;0.9999765100684628;1.0026784385094776;0.9999811080657618;1.0;0.9999785639878968;0.9999970080845042;1.024999976158142;
2016-07-03 22:00:00;1.0003404707181902;0.9999345926319813;0.9999848401779814;1.0006235508291659;1.0;1.000841387463809;1.0025895927101505;1.0005064660918337;0.9999776388675783;1.0016689578337064;0.9999999999999999;1.0;1.0;1.0008074731347076;1.0;1.0001868463329766;1.000214019993099;1.0;1.0019961892159226;0.9999850642323986;1.0;0.9999613864522576;1.0002068304152467;1.0024118736659744;1.0026615471597726;0.9999928849252275;0.9999715108871262;1.0010569515336594;1.0008230346842384;1.0;0.9997856802670009;0.9996790847982364;0.9999827472540699;0.9990033690517262;0.9988032236414048;1.0;0.9999856950442771;0.9999769684297182;1.0025700808163658;0.9999865873798184;1.0;0.9999826670979897;0.9999981409103155;1.024999976158142;
2016-07-03 22:15:00;1.0003520161434265;0.9999316122239499;0.9999841405784095;1.0006448520663132;1.0;1.0008691793714282;1.0026689578290717;1.0005263708823804;0.9999764877622763;1.001721316884958;1.0;1.0;0.9999999999999999;1.0008351202631123;1.0;1.0001984524670338;1.0002267859434435;1.0;1.0020583331352173;0.9999846461845711;1.0;0.9999599229561039;1.0002193041935115;1.0024860679296177;1.0027428289955789;0.9999933596249606;0.9999706606913429;1.0010913067833616;1.000847414445396;1.0;0.9997520543317353;0.9996271363404364;0.9999818220611941;0.9988401957606161;0.99861871957467;1.0;0.999984211234168;0.9999746906754002;1.0026488807259224;0.9999858650056613;0.9999999999999999;0.9999819166433174;0.9999980352818579;1.024999976158142;
2016-07-03 22:30:00;1.0003498397421082;0.9999463068198307;0.9999877025069293;1.0006396643996378;1.0;1.0008613325873583;1.0026262480222736;1.0005253323231356;0.9999820276088822;1.0016986778201884;1.0;1.0;1.0;1.0008293012348093;1.0;1.000199834590923;1.0002281569112674;1.0;1.0020288547728047;0.999988171901106;1.0;0.999969053427749;1.000220689372327;1.0024464129388664;1.0026988040931084;0.9999947267302961;0.9999774064275841;1.0010798870262558;1.000833239588115;1.0;0.9997653798445975;0.9996482764283;0.999985809743025;0.9989073168519943;0.998690917987577;1.0;0.9999855243249592;0.9999775916727218;1.002607058152558;0.9999889418056068;1.0;0.9999861177286296;0.9999984204787109;1.024999976158142;
2016-07-03 22:45:00;1.0003380836706828;0.9999273125727947;0.9999836669139772;1.0006204226501052;1.0;1.0008372256391775;1.0025776164702702;1.0005057515100388;0.9999765891045955;1.0016603204476775;1.0;0.9999999999999999;1.0;1.000803239289125;1.0;1.000189096128668;1.0002163153167485;1.0;1.0019867414898116;0.9999845406487865;1.0;0.9999593844575112;1.0002091477191988;1.0024008678432075;1.002649013811352;0.9999930417417481;0.9999706084962612;1.0010515694336641;1.000819616427906;1.0;0.9997915645716265;0.9996880053231726;0.999980871567619;0.9990312471610594;0.9988366678762063;1.0;0.9999847428539138;0.9999756034259024;1.002557888023893;0.9999850452019287;1.0;0.9999818713245797;0.999997778586668;1.024999976158142;
2016-07-03 23:00:00;1.000337211380214;0.9999192603009976;0.9999812168919011;1.0006192624811545;1.0;1.0008362551152095;1.0025890426668909;1.000501694252379;0.999972332367116;1.0016644612311036;1.0;1.0;0.9999999999999999;1.0008012088734255;1.0;1.0001856375873837;1.0002125910272757;1.0;1.0019932525060102;0.9999818091220457;1.0;0.9999533587761261;1.000205481916598;1.0024113770169263;1.0026609001344902;0.9999919047013283;0.9999660941289498;1.001051774463058;1.0008225072389858;1.0;0.999797672675953;0.9996982565806238;0.9999784093829853;0.9990644825595784;0.9988648511195048;1.0;0.9999843028640684;0.9999747823044283;1.002568919253793;0.9999831984361373;1.0;0.9999786612804827;0.9999976419351072;1.024999976158142;
2016-07-03 23:15:00;1.0003409364763292;0.9999265608474017;0.999983295412856;1.0006250230046858;1.0;1.000841816372621;1.0025868582871074;1.0005107885973226;0.9999749637162758;1.0016670732996111;1.0;1.0;1.0;1.0008088955367522;1.0;1.000195181531526;1.0002226945241126;1.0;1.001993789019354;0.999984011985017;1.0;0.9999561748573902;1.0002154057087238;1.0024098943644615;1.0026582975722513;0.999993767987596;0.999967604164119;1.0010569626120178;1.0008214610953379;1.0;0.9997789145956377;0.9996688686333248;0.9999807884542092;0.9989715535734905;0.9987941624304756;1.0;0.9999847189452007;0.9999763734765054;1.0025671778483418;0.9999850740397214;1.0;0.9999809092356443;0.9999979479973552;1.024999976158142;
2016-07-03 23:30:00;1.000340241895445;0.9999296849850595;0.999980082984057;1.0006222226677546;1.0;1.0008381915360667;1.0025947374473878;1.0005024117561943;0.9999670239894297;1.0016711378160188;1.0;1.0;1.0;1.000805521445143;1.0;1.0001892668030676;1.0002163027978317;1.0;1.0019995930474057;0.9999790121605806;1.0;0.9999526470809741;1.0002091592816413;1.0024169791733886;1.0026665415236193;0.9999916814607727;0.9999653815200858;1.001055479793149;1.0008269511626229;1.0;0.9997976331785451;0.9996963427536236;0.9999789595705778;0.99905614352279;0.9988633544175528;1.0;0.9999847612284881;0.9999752406644841;1.0025751618092598;0.9999839948535246;1.0;0.9999751112555829;0.9999984044970701;1.024999976158142;
2016-07-03 23:45:00;1.000324304626785;0.9999194238696236;0.9999807801044406;1.0005956375290075;1.0;1.0008030569502029;1.002482326221037;1.0004846983520705;0.9999709685160224;1.0015967322557517;1.0;1.0;1.0;1.0007704965265676;1.0;1.0001845205017459;1.0002106599315188;1.0;1.0019117614225033;0.9999814654671967;1.0;0.9999525758901598;1.0002037724593829;1.0023124476363185;1.0025508381327612;0.9999927701926927;0.9999656517375565;1.0010098174666358;1.0007900181619052;1.0;0.9998547027925876;0.9997863236677618;0.9999780359170936;0.9993413533672041;0.9991732590047568;1.0;0.999986158964479;0.999978226307207;1.0024630087845343;0.9999829597689415;1.0;0.9999778824224251;0.9999977002534337;1.024999976158142;
2016-07-04 00:00:00;1.0003246597363102;0.9999301842076833;0.9999824795058154;1.0005946758026412;0.9999999999999999;1.0008018458499601;1.0024775692910306;1.000481571800997;0.9999726430749307;1.00159511451021;1.0;1.0;1.0;1.0007696718539205;1.0;1.000179839394403;1.000205713571788;1.0;1.0019087305483172;0.9999822957361756;1.0;0.999956329780968;1.0001988655484777;1.0023077793550055;1.0025462379402155;0.9999925302740664;0.9999678720798811;1.0010085777558064;1.0007867164253708;0.9999999999999999;0.9998515452080593;0.9997826803725123;0.9999806606048598;0.9993314909723918;0.9991746042930049;0.9999999999999999;0.9999854566017158;0.9999767299892375;1.0024587044700468;0.9999851077280679;1.0;0.9999791268728749;0.9999981880684738;1.024999976158142;
2016-07-04 00:15:00;1.0003220932230652;0.9999345457674902;0.9999832974594642;1.000589608250399;1.0;1.000795068758023;1.0024543370737629;1.000477346384129;0.9999738706852807;1.0015811247285629;1.0;1.0;0.9999999999999999;1.0007633202682698;0.9999999999999999;1.0001775555760324;1.0002031964927276;1.0;1.0018915886520243;0.999982975899043;1.0;0.9999588819875104;1.0001964156073553;1.0022860818656776;1.0025223971649835;0.9999926126025775;0.9999697996730182;1.0009999567420071;1.0007810435433016;1.0;0.999866742524045;0.9998052339206893;0.9999816942568138;0.9994012499696965;0.9992489212681791;0.9999999999999999;0.9999859035802204;0.9999775581016387;1.0024357933639962;0.999985917005783;1.0;0.9999800076654606;0.9999983103075425;1.024999976158142;
2016-07-04 00:30:00;1.0003156706685845;0.9999370414060379;0.9999843643537492;1.0005781455575689;0.9999999999999999;1.000778977211952;1.0023952134675072;1.0004713937420524;0.9999759841683076;1.00154486244806;1.0;0.9999999999999999;1.0;1.0007487578061776;1.0;1.0001789393769338;1.000204356152188;1.0;1.001847561916107;0.9999845330379238;1.0;0.9999621033208383;1.0001976624416384;1.0022312738846264;1.0024613423525706;0.9999936615488582;0.9999725640473723;1.000978735715819;1.0007631274232165;1.0;0.9998762758239906;0.9998191261024861;0.9999824616670916;0.9994438591471613;0.9992982680394863;1.0;0.9999848219631251;0.9999760953561853;1.0023771600858975;0.9999864456531394;0.9999999999999999;0.9999816706514698;0.999998263287571;1.024999976158142;
2016-07-04 00:45:00;1.0003047482159266;0.9999394008719743;0.9999843883458998;1.0005578397943673;1.0;1.0007508277294204;1.0023072341712933;1.0004555600749796;0.9999752801985392;1.001488722949257;1.0;1.0;1.0;1.0007225020835844;1.0;1.0001754776888208;1.000200085050949;1.0;1.001780077045598;0.9999843885530818;0.9999999999999999;0.9999622995719908;1.0001936041370163;1.0021495602959931;1.0023707459336046;0.9999941265899445;0.9999727052125529;1.0009434391609957;1.0007348988178526;1.0;0.9998940225872902;0.9998465857886724;0.9999827234859386;0.9995303179952649;0.9994270129553907;0.9999999999999999;0.9999857497812498;0.9999774043039515;1.0022898859478433;0.9999867153317774;1.0;0.9999813185059979;0.9999984176249137;1.024999976158142;
2016-07-04 01:00:00;1.0002995933291228;0.9999335522774159;0.9999843579432112;1.000549402476977;1.0;1.0007391899468467;1.00226863214756;1.0004507818872987;0.9999761239921799;1.0014629361223146;0.9999999999999999;1.0;0.9999999999999999;1.00071111785604;1.0;1.0001760416235879;1.000200420644252;1.0;1.0017494938617082;0.9999850990525146;1.0;0.9999604221417678;1.0001939891266085;1.0021138351395638;1.002330925169104;0.9999948255310958;0.9999711864198392;1.0009280508751939;1.000720346111193;1.0;0.9999091886901651;0.9998717524790496;0.9999820456099648;0.9996117272400022;0.9995329014637393;0.9999999999999999;0.9999850544064698;0.999975914975611;1.0022513192447318;0.9999860808113048;1.0;0.9999819697876186;0.9999981394811772;1.024999976158142;
2016-07-04 01:15:00;1.0003070315480354;0.9999570129278976;0.9999886251940576;1.0005600806023252;1.0;1.0007534235168432;1.0022993721826776;1.000458038476152;0.999981609100315;1.0014881099639252;0.9999999999999999;1.0;1.0;1.000726167141779;0.9999999999999999;1.0001743669333238;1.0001990364131588;1.0;1.0017766718482517;0.9999881450583564;1.0;0.9999715245388413;1.0001925085449281;1.0021421194155236;1.0023628598718117;0.9999950336291749;0.9999788553907342;1.0009453958166974;1.0007307860402876;1.0;0.9999024965387293;0.9998610630523947;0.999987813526541;0.9995776360656301;0.9994774897634946;1.0;0.9999842237538488;0.9999742903720651;1.0022827929709444;0.9999906867038846;1.0;0.999986023067746;0.9999989933706642;1.024999976158142;
2016-07-04 01:30:00;1.0003042953277008;0.9999395779391217;0.9999854880564416;1.0005571409281835;1.0;1.0007504886670626;1.0023059492071373;1.000454263591477;0.9999777397465128;1.0014871746619922;1.0;1.0;1.0;1.000721370936789;0.9999999999999999;1.0001722213874196;1.000196676137139;1.0;1.00177821842828;0.9999856783278767;1.0;0.9999630520681174;1.0001902061280896;1.0021481975023974;1.0023696559752522;0.9999941502767239;0.9999727836374254;1.0009426238640327;1.0007324458196496;1.0;0.9999018132059212;0.999860323768779;0.9999836804242876;0.999575710522035;0.9994812293586938;1.0;0.9999841082153366;0.9999749687931254;1.0022885805333221;0.9999873828331606;1.0;0.9999830203478676;0.9999983749979448;1.024999976158142;
2016-07-04 01:45:00;1.0002946156004897;0.9999444414850667;0.999988724119228;1.0005398732548294;1.0;1.0007264171563557;1.0022130954465567;1.0004456376411146;0.9999842073977027;1.0014299768481487;1.0;1.0;1.0;1.0006992277644147;1.0;1.0001729341007677;1.000196994120601;1.0;1.001708303823942;0.9999899432555212;0.9999999999999999;0.9999690010680715;1.0001906282154058;1.0020620485660139;1.0022739625416617;0.9999962115161989;0.9999770677333574;1.0009100144777627;1.0006970498206558;1.0000000000000002;0.9999195469266156;0.999891722742366;0.9999863209818521;0.9996795864526901;0.9996171538495587;1.0;0.9999854650063857;0.9999779134923195;1.0021965231434478;0.9999892479158228;1.0;0.9999878954897132;0.9999983013498926;1.024999976158142;
2016-07-04 02:00:00;1.0002934726991637;0.9999511756891006;0.9999896486251791;1.0005370172148584;1.0;1.0007218323712443;1.002191824241801;1.0004445713676116;0.9999850580344309;1.0014186991074527;1.0;1.0;1.0;1.0006959627114902;1.0;1.0001744301406048;1.000198480709016;1.0;1.0016937246188098;0.9999906295436602;1.0;0.9999722659203727;1.000192129846503;1.0020423705289558;1.002251954559076;0.9999967195782911;0.9999796149641821;1.0009038968295398;1.0006835588683476;1.0;0.9999242851328074;0.9999038005558394;0.9999876278386052;0.9997236141693316;0.9996713411591924;1.0;0.9999844198185761;0.999975280393517;1.002175700305284;0.9999903155128604;1.0;0.9999886376812283;0.9999985406377153;1.024999976158142;
2016-07-04 02:15:00;1.0002937752856842;0.9999607568617277;0.999991128172024;1.0005365822715475;1.0;1.0007224335656528;1.002196487247001;1.000441120077608;0.99998719044076;1.001422494445998;1.0;1.0;1.0;1.0006959444403547;1.0;1.0001671715095015;1.0001909404129967;1.0;1.0016980542339002;0.9999914247503613;1.0;0.9999775080481009;1.000184671469386;1.002046211836275;1.00225713849069;0.9999958917421895;0.9999835095863236;1.0009052379136651;1.0006837065707064;1.0;0.9999240099641125;0.9999044173063713;0.9999897434826681;0.9997268700754777;0.9996820598512153;1.0;0.9999855735073152;0.9999772280314883;1.0021806215293563;0.9999919964249936;1.0;0.9999900411322857;0.9999988376086989;1.024999976158142;
2016-07-04 02:30:00;1.0002933073385054;0.999961378377528;0.9999915374740869;1.000535702949387;1.0;1.000721353627398;1.0021926448217033;1.0004403229330756;0.9999879746451562;1.0014199448143852;1.0;1.0;1.0;1.0006947861669486;1.0;1.0001662726682234;1.0001899788911028;1.0;1.0016949299889104;0.9999918676412942;0.9999999999999999;0.9999779857721617;1.0001837185831828;1.0020425996501148;1.0022532420043702;0.9999959572635783;0.9999837290010934;1.0009037429048453;1.0006821097663465;1.0;0.9999236020861316;0.99990403355763;0.9999901373741288;0.9997259675110077;0.9996798536832299;1.0;0.9999851390499744;0.9999759996183419;1.0021768139739236;0.9999922859683901;0.9999999999999999;0.9999906079268234;0.9999988482588357;1.024999976158142;
2016-07-04 02:45:00;1.0002930758903397;0.9999616096844217;0.9999916834832958;1.0005353396876417;1.0;1.0007201421307832;1.002183112489389;1.0004421090507247;0.9999881859190712;1.0014149538465587;1.0;0.9999999999999999;1.0;1.0006943856136243;1.0;1.0001700229419366;1.0001938901992649;0.9999999999999999;1.0016884515288922;0.9999922371448614;1.0;0.9999784335162354;1.000187596780948;1.002033955272401;1.0022432237949983;0.9999965786071521;0.9999841973462595;1.000901675696142;1.0006855427419474;1.0;0.9999257800179218;0.9999027461762933;0.9999901752176701;0.9997160540361189;0.9996665085101856;1.0;0.999985195734495;0.9999764691242932;1.00216739784116;0.9999923052880968;1.0;0.999990857402137;0.9999988330702462;1.024999976158142;
2016-07-04 03:00:00;1.0002921088920664;0.9999645684391191;0.9999925765874496;1.0005333605534705;1.0;1.000716373703671;1.0021607565437478;1.0004435114334544;0.9999895227973803;1.0014028390521283;1.0;1.0;1.0;1.0006919945997041;1.0;1.0001745646031666;1.0001985837542806;1.0;1.0016728038555172;0.9999933811902707;1.0;0.9999803779290432;1.0001922552221296;1.0020134542643506;1.0022199706631862;0.9999976212821888;0.999985672361561;1.0008959470437822;1.000685177064014;1.0;0.9999371915935916;0.9999156357961145;0.9999910471945445;0.9997506379159555;0.9997101726935202;1.0;0.9999839913112726;0.9999744707545986;1.0021453834152072;0.9999929693202784;0.9999999999999999;0.9999919835758238;0.9999989006204902;1.024999976158142;
2016-07-04 03:15:00;1.0002901603659298;0.9999615191970742;0.9999916286867673;1.0005300025046007;1.0;1.0007134934199124;1.0021670127325422;1.0004361769984582;0.9999881562523909;1.001403689849228;1.0;1.0;1.0;1.0006873649309873;1.0;1.000165495149478;1.000188994183778;1.0;1.0016753792477595;0.9999920402629642;1.0;0.9999781966378966;1.0001827903910399;1.0020187949977042;1.0022268405180355;0.9999961563192526;0.9999839129472925;1.0008937266228903;1.0006843289869454;1.0;0.9999421039327131;0.9999254953802801;0.9999901987312014;0.9997845387447766;0.9997518508306388;1.0;0.9999851520354925;0.9999764254256722;1.0021513787452156;0.9999923265901765;1.0;0.9999907576126374;0.9999988413868598;1.024999976158142;
2016-07-04 03:30:00;1.0002913826552107;0.9999691962994363;0.9999939256515004;1.0005312244489042;0.9999999999999999;1.0007146325562706;1.002162051793919;1.000437682372425;0.9999915356001573;1.0014022398387106;1.0;1.0;1.0;1.0006891240152807;1.0;1.000165526619678;1.0001890464161818;1.0;1.00167213739303;0.9999941512904781;1.0;0.9999814677091661;1.000182793540875;1.0020142012669009;1.0022218522933113;0.9999968773361236;0.999985575122138;1.00089428439997;1.0006852347125994;0.9999999999999999;0.9999338240786699;0.9999106992935854;0.9999929020542458;0.999735409891879;0.9996953798587489;0.9999999999999999;0.9999856651375905;0.9999773196609985;1.0021467734413232;0.9999944363817875;1.0;0.9999933206885956;0.9999991483569945;1.024999976158142;
2016-07-04 03:45:00;1.0002903477449316;0.9999821729113557;0.999996019807628;1.0005280421046312;1.0;1.000709169093347;1.0021306777785424;1.0004378561892808;0.999994020693043;1.001386690651839;1.0;1.0;0.9999999999999999;1.0006859386936855;1.0;1.000168823723381;1.0001924451225874;1.0;1.0016515087634361;0.9999959288972843;1.0;0.99998859238924;1.0001861958154423;1.0019851838229277;1.0021893484903273;0.9999978884719138;0.9999911792803358;1.0008865561786826;1.0006762031618501;1.0;0.9999380070954133;0.999916380196839;0.9999955846485373;0.999752301191513;0.999704642806597;1.0;0.9999842112341678;0.9999746906754;1.0021161655397228;0.9999965834144947;1.0;0.9999953408217933;0.999999554830507;1.024999976158142;
2016-07-04 04:00:00;1.0002903148335403;0.9999819009296788;0.9999954727298606;1.000528008986763;1.0;1.0007086355045405;1.002127403310642;1.0004389082418876;0.9999928527558218;1.001385265855858;1.0;1.0;1.0;1.0006860242936515;1.0;1.0001715911469498;1.0001953348121184;1.0;1.001649707914343;0.999995391997749;1.0;0.9999883921981686;1.0001890738713386;1.0019822899148754;1.002185790755958;0.9999980625166676;0.999991360195153;1.0008859032504203;1.0006738237582653;0.9999999999999999;0.999931564922816;0.9999071174954749;0.9999950366928257;0.9997240035702009;0.9996792995126965;1.0;0.9999844496761319;0.9999749291150939;1.0021129292896713;0.9999961856129453;0.9999999999999999;0.9999945606447427;0.9999995495146925;1.024999976158142;
2016-07-04 04:15:00;1.0002893550365637;0.9999821961657058;0.999995975694042;1.0005265164965838;1.0;1.0007072141388411;1.0021234555020742;1.0004374281167545;0.9999942347566534;1.0013824382977519;1.0;1.0;1.0;1.0006841227756715;1.0;1.0001693411377728;1.0001929834099632;1.0;1.0016465726037167;0.9999960570296442;1.0;0.9999897713220433;1.000186756225455;1.0019784650214758;1.0021818358583934;0.999997949337478;0.9999924644416317;1.000884006037985;1.000672358989237;1.0;0.999939197448662;0.9999193201889569;0.999995373641374;0.9997629614609878;0.9997141491854153;0.9999999999999999;0.9999839067181586;0.99997438616229;1.0021089692090228;0.9999963890764467;1.0;0.9999954780912433;0.9999994742886124;1.024999976158142;
2016-07-04 04:30:00;1.000290952470866;0.9999816858910946;0.9999952973718038;1.000529238405881;1.0;1.0007115963332338;1.0021451219508675;1.0004368809352708;0.9999928531316182;1.0013950703188224;1.0;1.0;1.0;1.000687575426208;1.0;1.0001658822190473;1.0001894302161307;0.9999999999999999;1.0016623383472998;0.9999949634477184;1.0;0.9999885376567206;1.0001832213776256;1.0019983922616076;1.002204330151774;0.9999970598603024;0.9999914749979693;1.0008904232200007;1.0006790087834014;1.0;0.9999267028297976;0.9998999598994698;0.9999949400299823;0.9997019027114237;0.999656179894562;1.0;0.9999851281779073;0.9999771955288123;1.0021304344909725;0.999996102369567;0.9999999999999999;0.999994371195048;0.9999995236552156;1.024999976158142;
2016-07-04 04:45:00;1.0002892134930514;0.9999831357401332;0.9999956066731542;1.000525806944879;1.0;1.0007061527124417;1.0021232596826188;1.0004355612228313;0.9999930008431006;1.0013820555113895;1.0;1.0;1.0;1.0006831650325172;1.0;1.0001680007075684;1.0001915154543852;1.0;1.0016460917891712;0.9999953058938555;0.9999999999999999;0.9999887589833633;1.0001853082597982;1.001978257731721;1.0021816969829205;0.99999766033557;0.9999915219160685;1.0008831536604679;1.000671351887281;1.0;0.9999432029910966;0.9999263221897636;0.9999953336640268;0.9997860620145332;0.9997460608474176;1.0;0.9999841082153369;0.9999749687931258;1.0021088306603623;0.9999964307578709;1.0;0.9999946069013806;0.999999608749283;1.024999976158142;
2016-07-04 05:00:00;1.0002923245915463;0.9999798426034583;0.9999949099248654;1.00053178948319;1.0;1.0007145527831651;1.002152921510869;1.0004396930265052;0.9999920617232595;1.0014001566872555;0.9999999999999999;1.0;0.9999999999999999;1.0006907635843691;1.0;1.0001686874684825;1.000192408114087;1.0;1.0016682644543868;0.9999946441524468;1.0;0.9999869837266067;1.0001861453948038;1.0020058107000422;1.0022122431861413;0.9999972870786157;0.9999902229463218;1.000894002471992;1.0006818959051615;1.0;0.9999339505607882;0.9999111986725331;0.9999945052013715;0.9997374325352806;0.9996919030506217;1.0;0.999983130803013;0.9999731974320863;1.0021381562010652;0.9999957785446961;1.0;0.9999938587469822;0.999999503904117;1.024999976158142;
2016-07-04 05:15:00;1.000292968251201;0.9999860149596929;0.9999966751565375;1.0005323125479302;1.0;1.0007144078289332;1.0021416784547488;1.0004421898739273;0.9999947018969771;1.0013952709247802;1.0;1.0;1.0;1.0006917057012736;1.0;1.000171602745091;1.0001954761248777;1.0;1.0016609746377099;0.9999964531137888;1.0;0.9999902658377914;1.0001891591622007;1.0019955194926646;1.0022005817435031;0.9999982454318983;0.9999923608122352;1.0008927929325386;1.0006770627942687;1.0;0.999940778670653;0.9999229085779551;0.9999964692156141;0.9997759053792777;0.9997346756603521;1.0;0.9999846456893716;0.9999759190839699;1.0021272726538524;0.9999972995755937;1.0;0.9999959169381573;0.9999997044974839;1.024999976158142;
2016-07-04 05:30:00;1.000295913415668;0.9999749914972514;0.999994999036867;1.0005390078356018;1.0;1.0007244750827191;1.0021828683735232;1.0004462225709294;0.9999930369058307;1.001418342657151;1.0;1.0;0.9999999999999999;1.0006997514905405;1.0;1.0001710044892662;1.0001950504735688;1.0;1.0016902805349703;0.999995220438298;1.0;0.9999852410063662;1.0001886816917023;1.0020337458909971;1.002243053398394;0.9999974952395247;0.9999886445523261;1.0009059497491404;1.0006911734675052;0.9999999999999999;0.9999357322472006;0.9999146051220715;0.9999941207584633;0.9997492269746234;0.9997112357213017;1.0;0.9999692128538197;0.9999596924378471;1.0021676889240498;0.9999953890670127;1.0;0.999994523503947;0.9999992895111957;1.024999976158142;
2016-07-04 05:45:00;1.000305885132063;0.9999831590866934;0.9999964833788172;1.000556336923898;1.0;1.0007473138851661;1.0022430490756067;1.0004619036222253;0.9999950641883403;1.0014602552057532;1.0;1.0;1.0;1.0007228821663603;1.0;1.0001778714072806;1.0002027967317069;1.0;1.00173898124359;0.9999964994831537;1.0;0.999989939695284;1.0001962116806402;1.0020899309493523;1.0023047779234842;0.9999979472788251;0.9999922606139868;1.0009339547521139;1.0007107718480015;1.0;0.9999390690361909;0.9999202373614994;0.9999959607913742;0.9997679560335033;0.9997256179020368;1.0;0.9999036188808265;0.9998952740889597;1.0022277625037823;0.9999968414384569;0.9999999999999999;0.999996075651872;0.9999995271572241;1.024999976158142;
2016-07-04 06:00:00;1.0003045285218208;0.9999778664499985;0.9999944504422639;1.000554174007322;1.0;1.000744543361198;1.0022435576794513;1.0004586436602325;0.9999913875359744;1.0014588778821747;1.0;1.0;1.0;1.0007198340942647;1.0;1.000176747918172;1.0002015117419285;1.0;1.001738382034366;0.9999942664360061;1.0;0.9999860202751111;1.0001949797906264;1.002090389985125;1.0023052761514486;0.9999972453701955;0.9999896099589376;1.0009315107050907;1.000710655899757;1.0;0.9999362768603829;0.999915982000809;0.9999939318151825;0.9997545857052785;0.9997148559152358;1.0;0.9999076942325187;0.9998977616109441;1.0022280715567262;0.9999953289548145;1.0;0.9999933651002021;0.9999994325416649;1.024999976158142;
2016-07-04 06:15:00;1.0003103930022623;0.999983587930766;0.9999961423871113;1.00056436790177;1.0;1.000757703653963;1.002273158290975;1.0004690651906691;0.9999941580854275;1.0014804400895014;1.0;1.0;1.0;1.0007334270509318;1.0;1.000182090418412;1.0002074383447086;1.0;1.0017628290890004;0.999996059466258;1.0;0.9999897195668147;1.0002007506613246;1.0021181026568717;1.0023355959905629;0.9999980213870745;0.9999922366659336;1.000947003844831;1.0007166440477122;1.0;0.9999367223376813;0.9999195319278861;0.9999957248572627;0.9997696285940408;0.9997292686510231;1.0;0.9998868298655592;0.9998768974512415;1.002257710330609;0.9999966956718223;1.0;0.999995465166935;0.9999995723812282;1.024999976158142;
2016-07-04 06:30:00;1.000319403946422;0.9999842083743584;0.9999962779064043;1.000580712389112;0.9999999999999999;1.0007799729908065;1.002341171587486;1.0004820981779532;0.9999944783279101;1.0015245436047586;1.0;1.0;1.0;1.0007547421321192;1.0;1.0001859095953973;1.000211942250472;1.0;1.001815469515136;0.9999961344343913;1.0;0.9999902664835486;1.000205075933984;1.00218138478346;1.0024055523187645;0.9999977977210482;0.9999926521492324;1.0009749375581782;1.0007415865749048;1.0;0.9999223325549638;0.9998952455505602;0.999995887965042;0.9996910162181736;0.9996446949456624;1.0;0.9998547030685788;0.9998420086303635;1.0023252577703536;0.9999968152317823;0.9999999999999999;0.9999956523206529;0.9999995740526194;1.024999976158142;
2016-07-04 06:45:00;1.0003275818436026;0.9999737068707165;0.9999943928659073;1.0005966440004435;1.0;1.0008010853791744;1.0024083522231664;1.000496245045157;0.9999918706384928;1.0015662655902449;1.0;0.9999999999999999;1.0;1.000774856644256;1.0;1.0001940057939782;1.0002208428846528;1.0;1.0018660804846318;0.9999947427863202;1.0;0.9999846068577499;1.0002137593604097;1.0022441538050648;1.002474430743588;0.9999978241655296;0.9999884912593989;1.001001384698465;1.0007640502899489;0.9999999999999999;0.9998893825186271;0.9998430818403672;0.9999934202125454;0.9995254603318977;0.9994615860159368;1.0;0.9998711768694033;0.9998608635186016;1.0023916374796324;0.9999948605505222;1.0;0.9999937563740535;0.9999992401877588;1.024999976158142;
2016-07-04 07:00:00;1.0003606937951075;0.999904653410392;0.9999829199190629;1.0006651033760807;1.0;1.000897035875639;1.002748661398544;1.0005496267393794;0.9999790229684374;1.0017687005995153;1.0;1.0;1.0;1.0008600047446574;1.0;1.0002122270213076;1.0002419112360859;1.0;1.0021169618276449;0.9999863696495095;1.0;0.9999526870497376;1.0002340819799003;1.0025609649366698;1.0028242734782318;0.9999946592312047;0.9999655769137814;1.0011238029392124;1.0008182532026344;1.0;0.9998028042647986;0.999748028028099;0.9999777190369407;0.9992765545498787;0.9992087115606543;1.0;0.9998391352652747;0.9998264410247127;1.0027268399728755;0.9999821892087082;1.0;0.9999835703589219;0.9999966571552292;1.024999976158142;
2016-07-04 07:15:00;1.0003713477713743;0.9998570822598384;0.9999753571888622;1.000689969100301;1.0;1.0009328263565676;1.0028908407422388;1.0005678648134504;0.9999705485475906;1.0018479261821545;1.0;1.0;1.0;1.0008894376182287;1.0;1.000217948222537;1.000248558368691;1.0;1.0022176946976418;0.9999809207676312;1.0;0.9999296745102513;1.0002404539006324;1.0026932902835184;1.002970539395846;0.9999927896274424;0.9999485214204601;1.0011700207166527;1.00080891740302;1.0;0.9998017151002887;0.9997866290490853;0.9999673407269207;0.9994498553303017;0.9993836184694566;1.0;0.9997845427130285;0.9996710180731361;1.0028661775882828;0.9999738118837703;1.0;0.999976878732391;0.9999949517780845;1.024999976158142;
2016-07-04 07:30:00;1.0003708340260893;0.999966319080285;0.9999930776712816;1.0006759263386742;0.9999999999999999;1.0009091825960583;1.0027467085013189;1.0005585224105231;0.9999904777040989;1.0017828196438567;1.0;1.0;1.0;1.000877512497219;1.0;1.00021259580864;1.0002426813402379;1.0;1.0021256986303095;0.9999933654975326;1.0;0.999980684433917;1.000234724827352;1.0025588967284824;1.0028225298060804;0.999996365060494;0.9999853707084129;1.0011374990445803;1.0007585452621524;1.0;0.9998026834729342;0.9997905801658142;0.9999918646398728;0.9994659848828701;0.9993958368072005;1.0;0.9997545718740041;0.9996319597225983;1.0027273819315834;0.9999936116167868;1.0;0.9999924578486891;0.9999989931867983;1.024999976158142;
2016-07-04 07:45:00;1.0003796461207455;0.9999683149490117;0.9999930103177801;1.000691906129087;1.0;1.0009316442695746;1.002819667473363;1.0005700410512455;0.9999904788598069;1.0018297798727156;1.0;1.0;1.0;1.0008986267898905;0.9999999999999999;1.000213827240349;1.0002445106164157;1.0;1.002182286430908;0.999993035701959;0.9999999999999999;0.9999825391256406;1.0002364244187494;1.0026265764648892;1.0028976620012662;0.9999955689434226;0.999987140151911;1.0011662445428346;1.0007835710466568;1.0;0.9997945171517825;0.9997774754837369;0.9999919061809965;0.9994255682630262;0.9993579687532262;1.0;0.999711047290407;0.9995723226485036;1.002799819354336;0.9999936483825228;1.0;0.9999923274808672;0.999999002713466;1.024999976158142;
2016-07-04 08:00:00;1.0003942046342444;0.9999652173749195;0.9999926450102293;1.000718582664581;0.9999999999999999;1.0009664205994444;1.0029186171663795;1.0005946629488556;0.9999898256964203;1.0018947847563027;1.0;1.0;1.0;1.0009331527626784;1.0;1.0002275634638857;1.0002596415075893;0.9999999999999999;1.0022592247880062;0.9999929886580612;0.9999999999999999;0.9999805268603846;1.0002511793494013;1.002719059942243;1.0029990906820845;0.9999962867566875;0.9999855465121457;1.0012090724520037;1.0007899633652435;1.0;0.9997597251198463;0.9997414186926225;0.999991323424697;0.9993361158798961;0.9992674279818328;1.0;0.999669564774564;0.9994701304523339;1.002898084855704;0.9999931896431524;1.0;0.9999919817508988;0.9999989298150148;1.024999976158142;
2016-07-04 08:15:00;1.0004056092018998;0.9999642378234831;0.9999927692281658;1.0007396576687488;1.0;1.0009949376850578;1.003003041742723;1.0006128631323352;0.9999905186390595;1.0019497677871736;1.0;0.9999999999999999;0.9999999999999999;1.0009606151692207;1.0;1.0002346466867456;1.000267723562606;1.0;1.0023248428799392;0.999993353902046;1.0;0.9999811360661726;1.000259010815408;1.0027976944681591;1.0030858170148178;0.9999963258783909;0.999986175203021;1.0012444727414689;1.0008057353527748;1.0;0.9997667072817621;0.9997606282974727;0.9999912134807282;0.9994075916893044;0.99927505345291;1.0;0.9996721670933378;0.9995028319787582;1.002981881776815;0.9999930522216408;1.0;0.9999924392769775;0.9999988159731812;1.024999976158142;
2016-07-04 08:30:00;1.0004033839695643;0.9999674989978651;0.9999934264210033;1.0007352285784894;1.0;1.0009880784098282;1.0029746375434978;1.0006111426589384;0.9999912296931011;1.0019332213865266;1.0;1.0;1.0;1.0009550397057818;1.0;1.0002368854000605;1.0002699219397375;1.0;1.002304133427995;0.9999940471444788;1.0;0.9999826620899821;1.0002612210731436;1.0027714835303372;1.00305642516288;0.9999970547595687;0.9999872931765935;1.0012352714829824;1.000808314710189;1.0;0.9997914759809292;0.999792112241938;0.9999919958502869;0.9994994822305405;0.9994142709734328;1.0;0.9996036144909768;0.9993436658618443;1.0029538508412172;0.9999936787618253;0.9999999999999999;0.9999930940356833;0.9999989350837051;1.024999976158142;
2016-07-04 08:45:00;1.000422544411796;0.9999702055766114;0.9999936900845473;1.0007692571922804;1.0;1.0010329543023044;1.0031065036886992;1.000639493075896;0.9999908103590943;1.0020199032814012;1.0;0.9999999999999999;0.9999999999999999;1.0009992836248456;0.9999999999999999;1.000249084544479;1.0002836382438003;1.0;1.0024065138904272;0.9999939612337042;1.0;0.9999820429895879;1.0002745066414258;1.002894371965429;1.0031919388253698;0.9999973139836851;0.9999863443539858;1.0012912280435733;1.0008509530976426;1.0;0.9997640904733412;0.999749076367894;0.999992688854469;0.9993648842003663;0.9992072264839541;1.0;0.9996354149405137;0.9993881039340555;1.0030850468480792;0.9999942982204937;1.0;0.9999929048741343;0.9999991667381487;1.024999976158142;
2016-07-04 09:00:00;1.000425099130746;0.9999726182202985;0.9999933852809777;1.0007733977177433;1.0;1.0010383664641938;1.003124174422215;1.000642145535848;0.9999896562655861;1.0020318887906576;0.9999999999999999;1.0;1.0;1.0010048519443495;1.0;1.0002500027382093;1.000284704712031;1.0;1.002420642836053;0.9999932596911865;0.9999999999999999;0.9999822872887344;1.0002755398209313;1.0029108438446999;1.0032100816435814;0.9999970485778025;0.9999866102611338;1.0012984406522478;1.0008500948454078;1.0;0.9997563785279563;0.9997416234718434;0.9999927428016859;0.9993470748124916;0.9991954866693801;0.9999999999999999;0.999619018642915;0.9993742148299913;1.0031027001292447;0.9999944155803568;0.9999999999999999;0.9999920888278648;0.9999993139761567;1.024999976158142;
2016-07-04 09:15:00;1.0004143144253606;0.9999787037470417;0.9999942774217598;1.0007533096666505;1.0;1.0010118150120968;1.0030439065098515;1.0006247151738312;0.9999909175588176;1.001980652776821;1.0;1.0;1.0;1.000979197274626;0.9999999999999999;1.0002413319647032;1.0002750815001806;1.0;1.0023593865360174;0.9999938574351583;0.9999999999999999;0.9999860621825223;1.0002661875653585;1.002835971289516;1.003127658900006;0.9999968501335954;0.9999896502843896;1.0012654387225253;1.0008344198761203;1.0;0.9997776046641057;0.9997676600742352;0.9999939302730062;0.9994193301165755;0.9992956005259174;1.0;0.9996354548295104;0.9994503569306907;1.0030231114369879;0.9999953565209707;1.0;0.9999929776198413;0.9999994716174665;1.024999976158142;
2016-07-04 09:30:00;1.0004270788463034;0.9999811880247679;0.9999945452628278;1.0007760175344838;1.0;1.0010417102624767;1.0031304497605367;1.0006441565870532;0.9999908349847996;1.0020379470559508;1.0;1.0;1.0;1.0010088390125857;1.0;1.000250206622161;1.0002850199875626;1.0;1.0024269929419838;0.999993943751078;1.0;0.9999864501329639;1.0002758370759857;1.0029166649353158;1.0032165321042232;0.9999971185247112;0.9999897830179594;1.001302619308132;1.0008534161238738;1.0;0.9997581108453525;0.9997436966488028;0.9999944495882924;0.9993536036862245;0.9992013324292357;0.9999999999999999;0.9995858955081407;0.9993276152036834;1.0031092236705867;0.9999958065638829;1.0;0.9999930051758825;0.999999616950938;1.024999976158142;
2016-07-04 09:45:00;1.0004521301893625;0.9999763001560757;0.9999931922596198;1.000822079250633;1.0;1.0011048301306307;1.0033311111706578;1.000679844330482;0.9999890541173666;1.0021661543625817;1.0;1.0;1.0;1.001068633011799;1.0;1.0002603590181938;1.0002970514032277;1.0;1.0025811382261167;0.9999924692081572;1.0;0.9999841637548122;1.0002873858481673;1.0031031599708744;1.0034230027135356;0.9999958921069614;0.9999883188570663;1.0013825396641431;1.0009117296802617;1.0;0.9997182232888683;0.9996859087427098;0.9999929517848353;0.9991797075165871;0.9989620528434906;1.0;0.999574845692323;0.9992995580637053;1.0033083297551793;0.9999946323884431;1.0;0.999991493724347;0.9999994371891552;1.024999976158142;
2016-07-04 10:00:00;1.0004462257194713;0.9999775945439935;0.9999946932312785;1.000811795502033;1.0;1.0010913371209267;1.0032843117731538;1.000673020293506;0.9999925188761319;1.0021363842973687;1.0;0.9999999999999999;0.9999999999999999;1.0010553895264451;1.0;1.0002574370536372;1.0002937639646263;1.0;1.0025453838864802;0.999994513646746;1.0;0.9999872653783426;1.0002842016078601;1.0030595390696768;1.0033749184500118;0.9999964618623949;0.9999906620267986;1.0013647185348993;1.0009032812124148;1.0;0.9997247757869855;0.9996913634524193;0.9999940397179576;0.9991903204237617;0.9989813225838927;1.0;0.9995947400696299;0.9993380246650484;1.0032618405035387;0.999995351364987;0.9999999999999999;0.9999939815611291;0.9999993133717537;1.024999976158142;
2016-07-04 10:15:00;1.000443586326705;0.9999744010940926;0.9999945528462352;1.0008072321280137;1.0;1.0010842385634526;1.0032583272403766;1.000671216038233;0.9999923033417457;1.002119603485723;0.9999999999999999;1.0;1.0;1.0010490861064212;1.0;1.000260291097797;1.0002965574319282;0.9999999999999999;1.0025249813890602;0.9999947262293781;1.0;0.9999850828842332;1.0002869896954505;1.0030356594884184;1.0033480096199654;0.9999972507449685;0.9999887553975897;1.0013551728123;1.000897617522718;1.0;0.9997188007947571;0.9996793980221838;0.9999936725138212;0.999148266046861;0.9989249459977132;1.0;0.9995973440147442;0.9993306004101944;1.0032359677418918;0.9999950495838218;1.0;0.999993954479189;0.9999992441821516;1.024999976158142;
2016-07-04 10:30:00;1.0004572648584567;0.9998940226929157;0.9999807816146093;1.0008411124228256;1.0;1.0011374336074923;1.003504788099984;1.0006851710742855;0.9999764767251618;1.0022525863080807;1.0;1.0;1.0;1.001088076384357;1.0;1.0002487345482491;1.0002853881063476;1.0;1.0026968027746779;0.9999834081152612;1.0;0.999945453848325;1.0002756586477832;1.0032639288737066;1.0036025224690017;0.9999908936728127;0.999959301059523;1.0014270636843299;1.0009706083271719;1.0;0.9996900865549503;0.9996405320762688;0.9999756643515624;0.9990345072637631;0.9988146857740787;0.9999999999999999;0.9995680878082085;0.9992849179743444;1.003477376566561;0.9999805855894645;0.9999999999999999;0.9999810564708338;0.9999964149657855;1.024999976158142;
2016-07-04 10:45:00;1.0004491410813576;0.9999021333150843;0.9999815891490019;1.0008249479197477;1.0;1.00111961460809;1.0034787245572268;1.000659801911545;0.9999773426597846;1.0022311714589602;1.0;1.0;1.0;1.0010671722347526;0.9999999999999999;1.0002207144428095;1.0002556175653323;1.0;1.0026731368373811;0.9999825254623269;1.0;0.9999475700533145;1.000246297503802;1.0032382643703905;1.0035770541732334;0.9999876179522907;0.9999600168696124;1.0014076980767805;1.0009712563156803;1.0;0.9996992240700096;0.999648126553584;0.999977654050194;0.9990476844077778;0.9988105334065092;1.0;0.9996415548466223;0.9994551058423374;1.003451570501676;0.9999822391191047;1.0;0.9999811851979821;0.9999968329939247;1.024999976158142;
2016-07-04 11:00:00;1.0004323827962611;0.9999548562471698;0.9999916207885423;1.0007879652468603;1.0;1.0010632548470364;1.0032433504095282;1.0006401040545139;0.9999887719100857;1.0020968674516009;1.0;1.0;0.9999999999999999;1.00102182778195;1.0;1.000227687491021;1.0002617332211627;0.9999999999999999;1.0025027793246808;0.9999910648243403;1.0;0.9999710318467122;1.000252596687087;1.0030203331309628;1.0033342441165296;0.9999930765128126;0.9999762301354803;1.0013325708071243;1.000893424652183;1.0;0.9997307790360737;0.9996981839386777;0.9999906146783853;0.9992050195445102;0.9990175409012;1.0;0.9996508634148339;0.9994664347012262;1.0032201553287305;0.9999926467330064;1.0;0.9999906514066381;0.9999988653071384;1.024999976158142;
2016-07-04 11:15:00;1.0004413642939738;0.9999500087487623;0.9999894749728114;1.0008047157306543;0.9999999999999999;1.001089641722935;1.0033545730234852;1.0006442245952032;0.9999858102165009;1.0021631092420449;1.0;1.0;1.0;1.0010433832398349;1.0;1.000215247828771;1.0002492827447942;1.0;1.0025851798215646;0.9999880132721963;1.0;0.9999683519704654;1.0002401603996771;1.0031227517174588;1.003449476492478;0.9999895820984659;0.9999744812201199;1.0013687130725448;1.0009320000514301;0.9999999999999999;0.999721926847528;0.9996830955980407;0.999988697259747;0.9991570740369786;0.9989458677623934;1.0;0.9996603459952781;0.9994985607978998;1.0033302268919526;0.9999911855522676;1.0;0.9999879182090359;0.9999987127040246;1.024999976158142;
2016-07-04 11:30:00;1.0004409091299935;0.9999534072516576;0.9999900458682336;1.0008039737677246;1.0;1.0010877680936316;1.0033380822123001;1.0006473622837957;0.9999868187661654;1.0021552593690009;1.0;0.9999999999999999;1.0;1.0010429363024789;1.0;1.0002210964635654;1.0002554420388394;1.0;1.0025749849132481;0.9999889297667037;1.0;0.9999719669651043;1.0002462893400559;1.0031076544515674;1.0034321448421621;0.9999904978035519;0.9999778943395223;1.001365499842064;1.0009273815812338;1.0;0.9997026583151556;0.9996517135677498;0.9999890960777991;0.9990559496277803;0.9988404063169987;1.0;0.999670726196025;0.9995057971586602;1.003314009114432;0.9999914651274137;1.0;0.9999887828394013;0.9999986994950455;1.024999976158142;
2016-07-04 11:45:00;1.0004438109417664;0.9999551765687893;0.9999928887528733;1.0008083805090087;1.0;1.0010886066301592;1.003304142722607;1.0006611299937562;0.9999905908717446;1.0021385584737266;0.9999999999999999;1.0;1.0;1.0010479865219808;1.0;1.0002418614360171;1.0002770831874086;1.0;1.0025504980572095;0.9999927790249508;0.9999999999999999;0.9999699775164285;1.0002675802173357;1.0030775362656599;1.0033964013120231;0.9999948622800721;0.9999745665754854;1.0013624650848252;1.0009181470440085;1.0;0.9997053447226157;0.9996545228625434;0.9999918012067185;0.9990630130549133;0.9988631174892604;1.0;0.999683109790702;0.9995311755019648;1.0032807239240955;0.9999935510142576;1.0;0.9999922565023381;0.9999989588253071;1.024999976158142;
2016-07-04 12:00:00;1.0004557475068423;0.9999394416780107;0.999989249918048;1.0008319634276996;1.0;1.0011206473328744;1.0034118153059475;1.0006810434561773;0.9999854942520795;1.0022051335797624;1.0;1.0;1.0;1.0010780508542167;0.9999999999999999;1.0002519849761233;1.000288372707915;1.0;1.002632091413089;0.9999897478184286;0.9999999999999999;0.9999626229907979;1.000278603666546;1.003177960174316;1.003506811826837;0.9999941617886878;0.9999699181749676;1.0014033674569298;1.0009346843564375;0.9999999999999999;0.999695982346257;0.9996533311977002;0.9999872635127822;0.9990783584791656;0.9988616861930322;1.0;0.9996360747609943;0.9994497969016892;1.0033870374392795;0.9999899745859062;1.0;0.9999884353223705;0.9999983734942812;1.024999976158142;
2016-07-04 12:15:00;1.0004468196757654;0.9999409487063087;0.999988886350006;1.000815444933179;1.0;1.0010953766633848;1.0033182501491615;1.0006739567567822;0.999983773381099;1.002148428688082;0.9999999999999999;1.0;1.0;1.00105686868201;1.0;1.0002612337138153;1.000297481602616;1.0;1.0025626456374905;0.9999897228208294;1.0;0.9999625395914401;1.0002877773272856;1.0030917151678225;1.0034098154995639;0.9999961950734021;0.9999703023734662;1.001370455833067;1.0009145131495354;1.0;0.9997072929191791;0.9996631281255431;0.9999869072029125;0.9990982090706715;0.9988742683638158;1.0;0.9996976713153006;0.9995586674743914;1.0032943376028316;0.9999897751117759;1.0;0.9999876330639639;0.99999848677954;1.024999976158142;
2016-07-04 12:30:00;1.0004392584876909;0.9999106574857712;0.9999823850518774;1.0008053616377497;1.0;1.001085015360556;1.0033241322165822;1.0006601112772746;0.9999754467596071;1.0021421285141257;1.0;0.9999999999999999;1.0;1.001042267132577;1.0;1.0002502725865539;1.0002857252494741;1.0;1.0025609979907077;0.9999839945336854;1.0;0.9999485061313556;1.0002762747139986;1.0030966882887133;1.0034161530361527;0.9999932739311396;0.9999609146902596;1.001360373006173;1.0009215386623902;1.0;0.9997231724272854;0.9996847486426672;0.9999788131772414;0.9991618338875243;0.9989395296672836;1.0;0.9996912843273615;0.9995506943202311;1.0032988248353731;0.9999833495875131;1.0;0.9999810229225595;0.9999973595541922;1.024999976158142;
2016-07-04 12:45:00;1.0004502918665634;0.9999159544923822;0.9999839670550614;1.0008254501118932;1.0;1.0011120839917595;1.0033960732234746;1.0006790681691675;0.9999786677459807;1.0021913523500843;1.0;1.0;1.0;1.0010689362234932;1.0;1.000258204755815;1.000294737070765;1.0;1.0026188983329767;0.9999858965435222;1.0;0.9999539449052236;1.0002850405821408;1.0031636413973224;1.0034899966640778;0.9999937921333949;0.9999654269243393;1.0013932944868387;1.0009438642991888;0.9999999999999999;0.9996858297445997;0.9996265601960038;0.9999802301579287;0.9989792879322746;0.9987473961162935;1.0;0.9996527852481253;0.999462693916602;1.003370479445713;0.9999843643492551;0.9999999999999999;0.9999833492228121;0.9999973466345391;1.024999976158142;
2016-07-04 13:00:00;1.000454243333556;0.9999133372841643;0.9999815578700739;1.0008323464374345;0.9999999999999999;1.0011211407530827;1.0034323113145531;1.0006827991071674;0.9999736218726191;1.0022141347657303;1.0;1.0;1.0;1.0010778608012507;1.0;1.0002602761657662;1.0002970421621775;1.0;1.0026467533224177;0.9999828637731593;1.0;0.9999502421242795;1.0002873020729044;1.0031974024811416;1.0035271683144351;0.9999928809249885;0.9999630461035172;1.0014060330102528;1.000961283375343;1.0;0.9996857288858071;0.999622889217973;0.9999782331732884;0.9989643481594084;0.9987420738861028;1.0;0.9996504832896146;0.9994583156685105;1.0034064384936006;0.9999829632607629;1.0;0.9999796727965521;0.999997419945771;1.024999976158142;
2016-07-04 13:15:00;1.0004499657413168;0.9999613347874352;0.9999888085747757;1.0008185162811347;1.0;1.001098013468974;1.003318552898407;1.0006769615277311;0.9999804990209554;1.0021554887430681;1.0;1.0;1.0;1.0010627459751853;1.0;1.0002663222551724;1.0003029307757214;0.9999999999999999;1.002569117511645;0.9999879774691535;1.0;0.9999712202223571;1.000293242420805;1.0030920761284723;1.0034097039669259;0.999995929414616;0.999978299685588;1.0013749248565682;1.000931639263513;1.0;0.9996824732202925;0.9996116323822432;0.9999885401804133;0.9989200319218687;0.9986925557281664;1.0;0.9996633140027755;0.9994661626570319;1.0032955349348942;0.9999913778285421;1.0;0.9999854910383078;0.99999929996974;1.024999976158142;
2016-07-04 13:30:00;1.0004467536042814;0.999954894713644;0.9999896124730366;1.0008138520416068;1.0;1.0010936647315902;1.0033126358069901;1.0006709267176137;0.999983731038009;1.0021480524716595;0.9999999999999999;0.9999999999999999;1.0;1.0010560325101654;1.0;1.0002576468329671;1.000293770779074;0.9999999999999999;1.002561571081272;0.9999894096836869;1.0;0.9999699832627972;1.000284169691888;1.003086135982007;1.0034041108388283;0.9999954089414156;0.9999767738324428;1.0013692830026302;1.0009238788411885;1.0;0.9996998984600666;0.999643533955618;0.9999886190461904;0.9990264081051538;0.9988033100591267;0.9999999999999999;0.9996654654118614;0.9994747886976411;1.0032892761666474;0.9999912458618563;1.0;0.9999875575973175;0.9999989392072023;1.024999976158142;
2016-07-04 13:45:00;1.000440430074171;0.9999604450655317;0.9999907363477463;1.0008020643962476;1.0;1.0010791588882793;1.0032726330280077;1.0006589180468652;0.9999858334937007;1.0021219307056382;1.0;1.0;1.0;1.001041138763295;1.0;1.0002478677572937;1.0002832698962376;0.9999999999999999;1.0025307494478544;0.9999902379561344;1.0;0.9999740887168019;1.0002738735660868;1.0030484562591162;1.0033633186160171;0.999994719053639;0.9999799631821698;1.0013515787160967;1.0009061546522984;1.0;0.999724081474003;0.9996851040765883;0.9999899554613606;0.9991619326307469;0.9989409754690679;1.0;0.9996655845326184;0.9994845476968728;1.0032496300299136;0.9999922619260003;1.0;0.9999889364840571;0.9999990386375112;1.024999976158142;
2016-07-04 14:00:00;1.0004436846359037;0.9999629506024652;0.9999930049413505;1.0008075484722432;1.0;1.0010850143360182;1.0032751665544812;1.0006668158162393;0.9999896039266891;1.0021254302319893;0.9999999999999999;1.0;1.0;1.0010479708826718;1.0;1.0002545384833306;1.0002903497294544;1.0;1.0025329504000735;0.9999929585934989;0.9999999999999999;0.9999747152996661;1.0002807759671577;1.0030511975692598;1.0033658048460705;0.9999964542552098;0.9999793082211926;1.0013569883771338;1.0009081609785677;1.0;0.9997167561537984;0.9996725325390023;0.9999921612816438;0.9991209744782416;0.9988911147451689;1.0;0.9996773048098663;0.9994898222563049;1.003252363070167;0.9999939202094486;1.0;0.9999919010954925;0.9999991707353372;1.024999976158142;
2016-07-04 14:15:00;1.000447912821989;0.9999329504941791;0.9999878177932042;1.0008190027535657;0.9999999999999999;1.0011015814472968;1.0033437530020348;1.000676635253879;0.9999836309316688;1.0021627641620787;1.0;1.0;0.9999999999999999;1.0010613059376086;1.0;1.0002602331697932;1.0002966410537386;1.0;1.002581468735034;0.9999893096721937;1.0;0.9999614785641856;1.0002869384619704;1.0031152839596356;1.0034360655398793;0.999995533288217;0.9999702315100661;1.001378493535038;1.000895645692865;0.9999999999999999;0.999706571966844;0.9996816233596619;0.9999849976494827;0.9991816426704697;0.9989698022327189;1.0;0.999640316957469;0.9994625603262725;1.0033192366987806;0.9999881467433765;1.0;0.9999872844171663;0.9999980021076958;1.024999976158142;
2016-07-04 14:30:00;1.0004435726693914;0.9999418333187543;0.9999895991801141;1.0008098240217373;1.0;1.0010884819490784;1.0032967294387705;1.0006692390203227;0.9999856315897689;1.0021344921069153;1.0;1.0;1.0;1.00104965284241;1.0;1.000257610946207;1.0002935868887717;1.0;1.0025462046922966;0.9999906501205329;1.0;0.9999646527463288;1.0002839668066061;1.0030714610233267;1.0033878207566929;0.9999961248790283;0.9999720229542167;1.0013616143696837;1.0008732452696905;1.0;0.9996889424012673;0.9996582417120446;0.9999874213893272;0.999111861852685;0.99889722220259;1.0;0.9996865453023868;0.9995051204030031;1.0032729680173489;0.999990101178866;1.0;0.9999888796425446;0.9999984044592287;1.024999976158142;
2016-07-04 14:45:00;1.0004359661324258;0.9999673370785113;0.9999926178042516;1.0007937542140846;1.0;1.0010692080213033;1.0032408721560555;1.0006511185906757;0.9999895726301967;1.002102266069488;1.0;1.0;1.0;1.0010308452054681;0.9999999999999999;1.0002404515819923;1.0002753818549495;1.0;1.002507183769501;0.9999920832958071;1.0;0.9999800407594017;1.0002661327167548;1.0030183948224605;1.003330979216654;0.9999944370282665;0.9999846098514937;1.001338956861036;1.0008620293469725;1.0;0.9996975114964932;0.999666715846325;0.9999918972854358;0.9991316918891083;0.9989189491436026;1.0;0.9997060757981816;0.9995280036782145;1.003218286613792;0.9999936956769236;1.0;0.9999915034290118;0.9999991080204879;1.024999976158142;
2016-07-04 15:00:00;1.000426012303807;0.9999691984045896;0.9999927038700009;1.0007753571968936;1.0;1.001048390123829;1.0032046631855738;1.0006257901329565;0.9999901818070563;1.0020736649157476;1.0;1.0;1.0;1.0010068010748596;1.0;1.000214653995012;1.0002479020037733;1.0;1.0024755451726968;0.9999911477987274;1.0;0.9999806744287094;1.0002390678711548;1.0029833568376725;1.0032949251571146;0.999991449560011;0.9999846319315046;1.0013154417648824;1.0008550510899494;1.0;0.9997048276363463;0.9996746320816795;0.9999925004545245;0.999150470440211;0.9989285723856051;1.0;0.9997254617731505;0.9995356601175549;1.0031821841006956;0.9999941755329603;1.0;0.9999914150019116;0.9999991969074534;1.024999976158142;
2016-07-04 15:15:00;1.0004203914767378;0.9999650958077496;0.9999919444374085;1.000765555990438;0.9999999999999999;1.0010355345433153;1.0031708106129047;1.0006168360672976;0.9999891654779951;1.0020501522584546;1.0;0.9999999999999999;0.9999999999999999;1.000993760056207;1.0;1.0002104927914823;1.0002432370116103;1.0;1.0024482195776372;0.99999048047117;0.9999999999999999;0.999978378146925;1.000234529007462;1.0029517659235268;1.003260201049465;0.9999911596433289;0.9999828799688654;1.0012996953936069;1.000843091576124;1.0;0.9997098216450776;0.9996831396618168;0.9999915597086219;0.9991777049529882;0.998966299478341;1.0;0.9997648199497157;0.9996080090669867;1.0031483891730917;0.9999934316080356;1.0;0.9999906274279535;0.9999990727601523;1.024999976158142;
2016-07-04 15:30:00;1.0004207665740978;0.9999698610172632;0.9999927948181673;1.0007658268731372;1.0;1.0010355351370521;1.0031652568833098;1.000618191506088;0.9999903147238068;1.0020482826489403;0.9999999999999999;1.0;0.9999999999999999;1.000994485664596;1.0;1.0002121022612642;1.0002449550894845;1.0;1.0024452710658398;0.9999912608894639;1.0;0.9999812661375803;1.0002362325907603;1.0029466402179534;1.003254405363897;0.9999915428416158;0.9999851799847208;1.0012993257284464;1.0008371603600794;1.0;0.9996984034999504;0.9996679389132833;0.999992580752957;0.9991331652529079;0.9989225038268126;0.9999999999999999;0.999762134922765;0.9995938026014226;1.0031430665665415;0.9999942366203669;0.9999999999999999;0.9999915312622082;0.9999992047742278;1.024999976158142;
2016-07-04 15:45:00;1.0004176661847572;0.999964388140758;0.9999912882382628;1.0007602389303318;1.0;1.0010279465013643;1.0031502574233182;1.0006116646444134;0.999987400798576;1.0020364696597075;0.9999999999999999;1.0;1.0;1.0009866752545722;1.0;1.0002091640428197;1.000241618162964;1.0;1.002431838761976;0.9999895271071014;1.0;0.9999761551602521;1.0002329671923171;1.0029326774877896;1.0032390795970616;0.999991064206731;0.9999809765210497;1.0012905830162964;1.0008367536762015;1.0;0.9997102123873414;0.9996834303417927;0.999991166361971;0.999177988840752;0.9989660488221885;1.0;0.9997720067827102;0.9996007097346764;1.003128012530927;0.999993204210474;1.0;0.9999894081064973;0.9999991814108017;1.024999976158142;
2016-07-04 16:00:00;1.0004152504810973;0.9999828027753581;0.9999961635270926;1.0007542459800576;1.0;1.0010158406721283;1.003070884747679;1.000617670529299;0.9999944474506363;1.001994653802878;1.0;1.0;1.0;1.000980050595471;0.9999999999999999;1.0002248760947923;1.0002579009500614;1.0;1.0023769007224246;0.9999949883752707;1.0;0.9999870536398019;1.0002491093037054;1.002859847307689;1.003156583127106;0.9999951001634075;0.9999889651145086;1.001271542073963;1.0008097126128406;1.0;0.9997028547858197;0.9996718651070099;0.9999963539657256;0.9991405493630974;0.9989226804683529;1.0;0.9997853632663223;0.999632932911555;1.003050055615423;0.9999972164758857;1.0;0.9999951761429228;0.9999997010448581;1.024999976158142;
2016-07-04 16:15:00;1.0004129844382295;0.9999490765323241;0.9999902261057204;1.0007540272618356;1.0;1.0010165332811878;1.0030944364222145;1.0006172562658613;0.9999871211625915;1.0020017154441783;1.0;1.0;0.9999999999999999;1.0009778194117962;1.0;1.0002270086742213;1.000260057916533;1.0;1.0023895868449317;0.9999905965949126;0.9999999999999999;0.9999707404782121;1.0002512652436504;1.0028819716776671;1.003180613929784;0.9999941180920516;0.9999773167353685;1.0012733983965898;1.0008159725837276;1.0;0.9997164130781159;0.9996946541806118;0.9999884038962997;0.9992146140796522;0.9990195843653062;0.9999999999999999;0.999784475622081;0.999626720610146;1.0030721426897553;0.9999908517717866;1.0;0.9999895879325258;0.9999984929998609;1.024999976158142;
2016-07-04 16:30:00;1.0004216264174608;0.9998755988226619;0.999976678455667;1.0007782372351648;1.0;1.001055981202862;1.0032930005131404;1.000625372338139;0.9999709545626316;1.0021064552375605;1.0;1.0;1.0;1.001005075832425;1.0;1.0002166982463945;1.0002499491406616;0.9999999999999999;1.0025270142489309;0.9999792784340297;1.0;0.9999353349141782;1.0002411023944946;1.0030657801717506;1.0033855899181836;0.9999881656330839;0.9999518324252479;1.0013280195945637;1.0008850734015922;1.0;0.9997088358990179;0.9996804293831176;0.9999709503749943;0.9991676092420667;0.9989619701481639;0.9999999999999999;0.9998291411517143;0.9997276692808151;1.003266236632909;0.9999768834837255;1.0;0.9999765601834825;0.9999958500930455;1.024999976158142;
2016-07-04 16:45:00;1.0004055945954662;0.9999426647055528;0.9999869011238571;1.0007409720462261;1.0;1.0010064935250205;1.003125370787256;1.0005867419143748;0.9999824597669549;1.0020101473753322;1.0;1.0;1.0;1.0009603850097761;1.0;1.0001869372808017;1.000217836299509;0.9999999999999999;1.0024059881886642;0.9999853402989776;0.9999999999999999;0.9999663538574249;1.0002096055667913;1.0029084125303067;1.0032143582646613;0.9999875193326183;0.9999741054750505;1.0012669045391398;1.0008381517739666;1.0;0.9997133830873239;0.9996813298907473;0.9999857575254913;0.9991602254252282;0.9989436884943441;1.0;0.9998898858198819;0.999837598653836;1.0031022195351333;0.999988871473916;1.0;0.999985116943364;0.9999983562930131;1.024999976158142;
2016-07-04 17:00:00;1.0004108501570508;0.9998763579154701;0.999977499178969;1.000758508067068;1.0;1.0010294844670584;1.003212587184669;1.000608695037851;0.9999723609680512;1.0020537204872109;1.0;1.0;1.0;1.0009792423384;1.0;1.0002093399381975;1.0002416364385158;1.0;1.0024639585163433;0.9999801427663543;1.0;0.9999353766291037;1.0002330093496248;1.0029908656177249;1.00330306554871;0.9999884323930744;0.9999513674016155;1.0012946037740202;1.0008650484159538;0.9999999999999999;0.9996924778926887;0.9996488908532178;0.9999717833039189;0.999057570054756;0.9987976981479871;0.9999999999999999;0.9998992122410683;0.9998705540280224;1.0031863685838145;0.9999775126669871;1.0;0.9999776118651048;0.9999959060349443;1.024999976158142;
2016-07-04 17:15:00;1.0003919643907744;0.9998780754551558;0.9999780403146326;1.000724050507665;0.9999999999999999;1.00098104961068;1.0030521935260397;1.0005851294764405;0.999972768933712;1.0019523245843398;1.0;1.0;1.0;1.0009345144245432;1.0;1.0002083662361434;1.000239538709295;1.0;1.0023416210871094;0.9999811235930829;1.0;0.9999361526091542;1.0002312136746205;1.002842172438499;1.003137657438803;0.999990218000936;0.9999520293415404;1.0012326811411274;1.0008147693315224;1.0;0.9997192968634694;0.9996895903746067;0.9999722162538062;0.9991834146671682;0.9989813241144252;1.0;0.9999139796770106;0.9998881697956521;1.003027198064636;0.9999778578686286;1.0;0.9999782364546203;0.9999959697455297;1.024999976158142;
2016-07-04 17:30:00;1.0003971798015978;0.9999590702450022;0.9999912784935648;1.0007238019087348;0.9999999999999999;1.0009791015166256;1.003004250652994;1.0005819867287498;0.999988172252273;1.001939859535967;0.9999999999999999;1.0;0.9999999999999999;1.000938744003026;1.0;1.0001980494175224;1.0002288805945205;0.9999999999999999;1.0023172540914858;0.9999900701154625;1.0;0.9999740876839753;1.0002206360248884;1.0027966959374766;1.0030890698096733;0.9999914483443544;0.9999791680526979;1.0012290913292314;1.0007986794543606;0.9999999999999999;0.9996758400543048;0.999621030818323;0.9999906494508528;0.9989662873435876;0.9987521104914522;0.9999999999999999;0.9999396934175618;0.9999146224217553;1.0029827557028423;0.9999927128412338;1.0;0.9999899595204785;0.9999989577753985;1.024999976158142;
2016-07-04 17:45:00;1.0003998860196346;0.9999499035618905;0.9999888935568058;1.0007295480701057;1.0;1.0009905866588478;1.0030708548183633;1.0005772885409134;0.9999851592766906;1.0019761419255455;1.0;1.0;1.0;1.0009455909947884;1.0;1.0001827470064109;1.000213070737154;1.0;1.0023640945467456;0.9999870635426289;1.0;0.9999688949020091;1.0002049447305077;1.0028576379459395;1.0031584622762393;0.9999881636317948;0.9999751966457965;1.001246354681316;1.0008256793293033;1.0;0.9996900158056603;0.9996400101238503;0.9999882279011377;0.9990222036235047;0.9987935186534745;1.0;0.999937847271885;0.9999139513277789;1.003048386829508;0.9999908224746525;1.0;0.9999871942337197;0.9999986818504794;1.024999976158142;
2016-07-04 18:00:00;1.0003888357248705;0.9999545602043204;0.999992253315425;1.0007092694305355;1.0;1.0009534654662624;1.0028830978479288;1.0005858047567189;0.9999895484722251;1.0018682789495181;1.0;0.9999999999999999;1.0;1.0009195654239917;1.0;1.000223736965922;1.000255187453093;1.0;1.002227798001517;0.9999929862874443;1.0;0.999972106403561;1.0002467685690553;1.0026858913492591;1.0029629289663358;0.9999966845874955;0.9999775626680903;1.0011924003777712;1.0007759536170215;1.0;0.9997312075391652;0.9996960571622425;0.9999905990849265;0.9991883033327048;0.9989696617144257;0.9999999999999999;0.9999539349424333;0.9999432079291993;1.002862621845337;0.9999925844885134;0.9999999999999999;0.9999918100905328;0.9999987823528977;1.024999976158142;
2016-07-04 18:15:00;1.0003913434245792;0.9999574264050892;0.9999920517435432;1.0007135609252453;0.9999999999999999;1.0009590716679815;1.002898602368503;1.000589733601735;0.9999888459639554;1.0018796304919035;1.0;1.0;1.0;1.0009255255641056;1.0;1.0002261586120833;1.000257876086755;1.0;1.0022411359993397;0.9999925829987476;1.0;0.9999738161629634;1.0002494200910137;1.0027003554532028;1.0029787446399716;0.99999658571912;0.9999793162787062;1.0011996218141324;1.000807280089638;0.9999999999999999;0.999738743465953;0.9996893175123562;0.9999905884721343;0.99914410668579;0.998917840240588;1.0;0.9999469926847081;0.9999370596727608;1.0028781432251919;0.9999926186658497;1.0;0.9999913183841871;0.9999988618727631;1.024999976158142;
2016-07-04 18:30:00;1.0003880615239003;0.9999585504731388;0.9999907451315995;1.0007071580483755;1.0;1.000950755342672;1.0028812244517318;1.0005820748433571;0.999985864777872;1.0018679904281564;1.0;0.9999999999999999;1.0;1.000917373131922;1.0;1.000221833898817;1.0002531397040841;1.0;1.0022278219147032;0.9999906436131042;1.0;0.9999730595661473;1.000244814521488;1.0026839959131257;1.0029609526364751;0.9999956696011024;0.9999791292962308;1.0011904659036026;1.0008095469489844;1.0;0.9997380430187214;0.9996822252398888;0.9999897374721314;0.9991133336468693;0.9988669192538553;1.0;0.9999600457413612;0.9999501125997509;1.002860939080104;0.9999920724633684;1.0;0.9999891033011455;0.9999989906197231;1.024999976158142;
2016-07-04 18:45:00;1.000386201273448;0.9999570955565684;0.999990394006985;1.000703284585619;1.0;1.0009449484854445;1.0028667491450578;1.0005777068615793;0.9999844931367425;1.0018574134558935;1.0;1.0;1.0;1.0009119061659122;1.0;1.0002204297942632;1.000251437586523;1.0;1.0022150203869746;0.9999899800747605;1.0;0.9999694394502475;1.0002431338029545;1.0026706484954617;1.0029461420751553;0.9999957441515619;0.9999756240848258;1.001183435226197;1.0007959770274202;0.9999999999999999;0.9997369943253408;0.9996867850322939;0.9999896955701206;0.9991353221759979;0.9988897235256157;1.0;0.999958768334658;0.9999492480181247;1.0028465359937044;0.9999921223435253;1.0;0.9999882117800477;0.9999991433761475;1.024999976158142;
2016-07-04 19:00:00;1.0003771191801367;0.9999666020494136;0.9999918246062806;1.0006864248346015;1.0;1.0009219059167926;1.002785396381845;1.0005668753789991;0.9999868071967882;1.0018086778634183;1.0;1.0;0.9999999999999999;1.0008910187605458;1.0;1.0002189890191517;1.0002495518451011;1.0;1.0021558610374643;0.9999914942092155;1.0;0.9999771391140515;1.0002414440202294;1.0025949785340185;1.0028622244440932;0.999996425048357;0.999982412300316;1.0011539207849154;1.0007725659760072;1.0;0.9997523487212017;0.9997087545796971;0.9999912232121206;0.9992018275011344;0.998984980743093;0.9999999999999999;0.9999594465905666;0.9999499262675756;1.0027660741133702;0.9999932890012211;0.9999999999999999;0.9999899742618947;0.9999992679670113;1.024999976158142;
2016-07-04 19:15:00;1.0003713668665613;0.99995931515703;0.9999907182681231;1.0006767586645295;1.0;1.000910933361607;1.0027691751922239;1.000554211478257;0.9999858608160079;1.0017936472855766;1.0;1.0;1.0;1.0008778605480722;1.0;1.0002070916661872;1.0002368192156206;0.9999999999999999;1.0021400065607569;0.9999903377472487;1.0;0.9999733927965114;1.000228907202345;1.0025793327843102;1.0028460718117553;0.9999949311383716;0.9999793401809061;1.0011414438412818;1.0007890769327301;1.0;0.9997682228617027;0.9997183658926332;0.9999898528112487;0.9992128347788052;0.9989925704394385;1.0;0.9999647734508863;0.9999556342053866;1.0027495713187482;0.9999921723888254;1.0;0.9999889843599807;0.9999990227441973;1.024999976158142;
2016-07-04 19:30:00;1.000367826599788;0.9999545014181431;0.9999896819266082;1.0006709661642088;1.0;1.000902482542591;1.0027417557070855;1.0005515923148582;0.9999843282429548;1.0017758302310196;1.0;1.0;1.0;1.0008701976445966;1.0;1.000210102635343;1.0002397831076353;1.0;1.002118986897219;0.9999897057500642;1.0;0.9999713268587995;1.0002319039786915;1.002554093034776;1.0028175856236137;0.9999953800140893;0.9999781791773931;1.0011306284286101;1.0008078636308355;1.0;0.9997740128307255;0.9997076097964896;0.999988430340201;0.999154072670977;0.9989195685266542;1.0;0.9999642183381768;0.9999554919110394;1.0027221776256858;0.9999910481514563;1.0;0.9999879520421661;0.9999988344082154;1.024999976158142;
2016-07-04 19:45:00;1.0003548190528313;0.999962519749308;0.9999918885914713;1.0006466926767952;1.0;1.000869988956828;1.002637160079147;1.0005317715882167;0.9999880053601754;1.0017096043739069;0.9999999999999999;1.0;1.0;1.0008389833144724;1.0;1.0002008901504018;1.0002294642727283;1.0;1.0020390796803782;0.9999918462252972;1.0;0.9999763798648571;1.0002218695918108;1.0024565900283646;1.0027102029955526;0.9999958345391935;0.9999817114524495;1.0010893409325345;1.000823560360704;0.9999999999999999;0.9998261037805434;0.9997543729624369;0.9999908806629504;0.9992582597758183;0.9990421803951127;1.0;0.9999632960945543;0.9999537757349134;1.0026185511191934;0.9999929209577526;1.0;0.9999906448378252;0.999999037200787;1.024999976158142;
2016-07-04 20:00:00;1.0003582764139827;0.9999627089843227;0.9999927146752053;1.0006530755280019;1.0;1.0008788130636406;1.00266245334186;1.0005370472639716;0.9999898053996975;1.0017256938741979;0.9999999999999999;1.0;0.9999999999999999;1.000847141337658;1.0;1.000201696682851;1.0002305114494092;1.0;1.0020581561526825;0.9999928551034458;1.0;0.9999770025302555;1.0002228344708604;1.0024800779617506;1.0027363090205812;0.9999960003717371;0.9999818582476196;1.0010999665715388;1.000830190752886;1.0;0.9998171899509088;0.999741648978522;0.9999915795686938;0.9992200040953855;0.9990021042185873;1.0;0.9999639008008027;0.9999547615632787;1.0026436490691737;0.9999934088532674;1.0;0.9999919185720509;0.9999990067875514;1.024999976158142;
2016-07-04 20:15:00;1.0003565728643058;0.999964998685062;0.999992695146175;1.0006498610834915;1.0;1.0008754781484943;1.0026583610370934;1.0005322686047315;0.9999897962202492;1.0017224231817747;1.0;1.0;0.9999999999999999;1.000843208134052;1.0;1.000196359921311;1.0002248792394246;0.9999999999999999;1.002054890183987;0.9999925262695377;1.0;0.9999787150291992;1.000217301113583;1.002475944466839;1.002732305756631;0.9999952155126925;0.9999834250931191;1.0010965187595584;1.000803450884693;1.0;0.9998014447363248;0.9997347685445376;0.9999917302052832;0.9992200452511792;0.9990068326420405;1.0;0.9999644437375005;0.9999553044950142;1.002639582131773;0.9999935389941363;0.9999999999999999;0.9999917874240318;0.9999990478656631;1.024999976158142;
2016-07-04 20:30:00;1.0003517924044036;0.9999565546978015;0.999990988166508;1.0006421954965314;1.0;1.000865025594938;1.002629984553671;1.000527055503546;0.9999874350118285;1.0017025966166166;1.0;1.0;0.9999999999999999;1.0008329415607835;1.0;1.0001969715287367;1.000225275107328;1.0;1.0020321592142316;0.999991266116408;1.0;0.9999747548464034;1.000217769939896;1.0024497038565292;1.002702941382553;0.9999952259677507;0.9999808335563881;1.0010835969828544;1.0007984462514956;1.0;0.9998055204619423;0.999737865394956;0.9999894728103887;0.9992250971019017;0.9990074355010978;1.0;0.9999652928732297;0.9999569475666565;1.002611089566164;0.9999917507382657;1.0;0.999990079283041;0.9999987410272552;1.024999976158142;
2016-07-04 20:45:00;1.0003439734496604;0.9999472963927807;0.9999896292282805;1.0006293105504385;1.0;1.0008472714450767;1.0025752207245617;1.000519047383401;0.9999860634924786;1.001666122613178;1.0;1.0;1.0;1.0008157818091092;1.0;1.0001981022691395;1.0002260712834257;1.0;1.0019893578678363;0.9999907171982239;1.0;0.9999712782110796;1.0002186744900645;1.0023990234896447;1.0026463379212396;0.9999957407437896;0.9999786561287811;1.0010609467991451;1.0007997387895482;0.9999999999999999;0.9998327158752198;0.9997670309960288;0.9999873148989964;0.9993004573649629;0.9990988664958151;1.0;0.9999656343226206;0.9999569078831263;1.0025563627734515;0.9999899855433002;1.0;0.9999891077869755;0.9999983414208073;1.024999976158142;
2016-07-04 21:00:00;1.0003442323768534;0.9999449520169746;0.9999886497143179;1.0006296094874918;1.0;1.0008489953873088;1.0025955650633727;1.0005142780943075;0.9999842277748684;1.0016761350396781;0.9999999999999999;1.0;1.0;1.000815787725389;1.0;1.000190162353416;1.0002177297029504;0.9999999999999999;1.0020025985859182;0.9999891491112736;1.0;0.9999682824450726;1.0002104075906377;1.0024175303392273;1.0026677043432894;0.9999943038124852;0.9999760115719625;1.0010645596856007;1.000808354543199;1.0;0.9998274330976049;0.9997573733225161;0.9999866560694491;0.9992681625129891;0.9990582968468521;1.0;0.9999659513992213;0.9999568121429557;1.0025764067003062;0.9999895336489109;1.0;0.9999875779748689;0.999998385459903;1.024999976158142;
2016-07-04 21:15:00;1.0003515599598642;0.9999450858007647;0.9999856992939198;1.0006418939608435;0.9999999999999999;1.0008636426887279;1.0026421518346316;1.0005244349768039;0.9999770129847132;1.001707965996043;1.0;1.0;1.0;1.0008319322972608;0.9999999999999999;1.0001999534408732;1.0002282020231914;1.0;1.002040124218442;0.9999852705862307;1.0;0.9999640770493831;1.0002207254874802;1.002461341511438;1.0027151457526344;0.9999940211007053;0.9999733780198944;1.0010841480991612;1.000823369763192;1.0;0.9998122092203645;0.9997333069973475;0.999984540917587;0.9991916433156881;0.9989624883507161;1.0;0.9999672206342223;0.9999580813663564;1.0026228832450528;0.9999881644620308;1.0;0.9999825579594814;0.9999986824455329;1.024999976158142;
2016-07-04 21:30:00;1.0003544440206067;0.9999404185801373;0.9999851196423918;1.0006472892271057;1.0;1.0008705093684722;1.002664954556278;1.0005286552019896;0.9999759640362003;1.0017213750333611;1.0;1.0;1.0;1.0008384167343118;1.0;1.00020232220575;1.0002307616660322;0.9999999999999999;1.0020562279766483;0.9999847745224849;0.9999999999999999;0.9999601305108891;1.0002231919659401;1.0024827153241982;1.0027385960012827;0.999994152721196;0.9999698591113654;1.0010926936986977;1.000829539929468;1.0;0.9998102767419093;0.9997312372828471;0.9999838723601993;0.9991864402846535;0.9989523263260907;1.0;0.9999671473814998;0.999957626985192;1.0026453916988118;0.9999876553593938;1.0;0.9999818468800136;0.9999986307465041;1.024999976158142;
2016-07-04 21:45:00;1.000354908965148;0.9998898626602897;0.9999766356358276;1.0006538624243118;1.0;1.00088178063384;1.0027382683419692;1.0005310924272315;0.9999658049971099;1.0017546081741298;1.0;0.9999999999999999;1.0;1.0008439246963334;1.0;1.0002021559873397;1.000230673205631;1.0;1.0021027746412998;0.9999783621371615;0.9999999999999999;0.999935007235217;1.000223053223706;1.0025509783616509;1.0028140466082336;0.9999920566794994;0.9999513160730382;1.0011087368620124;1.0008543704164918;1.0;0.9998071396199519;0.9997257059897684;0.9999725053831287;0.9991680816921406;0.9989351242004805;1.0;0.9999656199802829;0.9999553056553305;1.0027161551429697;0.9999785362730903;1.0;0.9999739555846587;0.9999968680601268;1.024999976158142;
2016-07-04 22:00:00;1.000361443568071;0.9998895481192709;0.99997650200664;1.0006656744218727;1.0;1.0008980539193701;1.0027904988612764;1.0005396549293695;0.9999655878662623;1.0017879417852;1.0;1.0;1.0;1.0008592436855088;1.0;1.0002036550299733;1.0002325951983593;0.9999999999999999;1.0021427518855657;0.99997807743345;1.0;0.999934549698395;1.0002248568192282;1.0025994709440966;1.0028678634350618;0.9999916520694625;0.9999508729824679;1.0011294036690033;1.0008718055280943;1.0;0.9998111944323813;0.9997321991220351;0.9999724466574946;0.9991895079751862;0.9989520367568833;1.0;0.9999671234696119;0.9999583970171222;1.0027680231408527;0.9999784998974266;1.0;0.9999737338311495;0.999996879504132;1.024999976158142;
2016-07-04 22:15:00;1.000356121162758;0.9998970683435539;0.9999788866424538;1.0006556077547437;1.0;1.0008838432676341;1.0027332839013912;1.0005344947338175;0.9999697388947769;1.0017539687761339;1.0;1.0;1.0;1.0008466056758678;1.0;1.0002039156564488;1.000232627130851;1.0;1.0021006933981265;0.999980780015975;1.0;0.9999401903144511;1.0002249581110323;1.0025463610105203;1.0028088960968968;0.9999928715763325;0.999955076313364;1.0011101949825896;1.000851176178374;1.0;0.9998064678967804;0.9997257132960929;0.999974824879027;0.9991693601850866;0.998930683104142;1.0;0.9999678736267368;0.9999583532235147;1.0027114959363415;0.9999802821995151;1.0;0.9999768674796758;0.9999970086686143;1.024999976158142;
2016-07-04 22:30:00;1.0003476388765573;0.9999094922946591;0.9999804252809356;1.0006387112768598;1.0;1.0008596241331182;1.002647575582976;1.0005229688477875;0.9999707920316333;1.0017027591999028;0.9999999999999999;1.0;1.0;1.0008255319709407;1.0;1.000203584337384;1.000231774692765;1.0;1.0020376532677426;0.9999818221023609;1.0;0.9999459000602496;1.0002242680159739;1.0024668366807301;1.0027204950590298;0.9999938647329432;0.9999595845175057;1.0010793380156184;1.0008244319530835;1.0;0.9998189301565844;0.9997443333992723;0.9999770943025507;0.9992269396793528;0.9990053806984169;0.9999999999999999;0.9999688860054294;0.9999597467223428;1.0026268940447196;0.9999821649963222;0.9999999999999999;0.9999779198245663;0.9999974791037264;1.024999976158142;
2016-07-04 22:45:00;1.0003509500919083;0.9999178026192895;0.9999827457164383;1.0006444930915368;0.9999999999999999;1.0008688075910606;1.0026721260329001;1.0005268996755432;0.9999754585967711;1.00172008159048;1.0;1.0;0.9999999999999999;1.000833667272413;1.0;1.0001999703617868;1.0002283166517054;1.0;1.0020580434674162;0.9999841320984878;0.9999999999999999;0.9999531989140701;1.0002207978943296;1.0024892188679833;1.00274603401789;0.9999935530812557;0.9999652917890671;1.001090496883833;1.0008296290427643;1.0;0.9998148854072122;0.999740186199654;0.9999794756530027;0.9992168752196646;0.9990012054772366;1.0;0.9999692035462123;0.9999604770755702;1.0026514990667705;0.9999839184556217;1.0;0.9999811100390235;0.9999975489930734;1.024999976158142;
2016-07-04 23:00:00;1.0003533685544879;0.9997597050752628;0.9999546933615403;1.000667101251822;1.0;1.0009069204499483;1.0029124867944261;1.0005367357040633;0.9999411810316877;1.0018319215447165;1.0;0.9999999999999999;1.0;1.0008540555153849;0.9999999999999999;1.000201928288682;1.0002307468455025;0.9999999999999999;1.0022136340728742;0.9999624038926751;1.0;0.9998755628815726;1.000223080193617;1.0027130252236778;1.0029931662065625;0.9999864441766935;0.9999090738575476;1.0011449487873252;1.000917082778167;1.0;0.9998233895337809;0.9997471252715495;0.9999425195498008;0.9992302838081771;0.9990103717571642;1.0;0.9999683191554167;0.9999599738235873;1.0028837865538682;0.9999543422556677;1.0;0.9999544453514464;0.9999919566000558;1.024999976158142;
2016-07-04 23:15:00;1.0003476661389905;0.9998146977779143;0.9999640635671939;1.0006502263634587;1.0;1.0008811172759877;1.0027905852399237;1.000526061108783;0.9999520515976436;1.001768499433576;1.0;1.0;1.0;1.0008352152635582;1.0;1.0001998271890473;1.0002281148814975;1.0;1.002130124055916;0.9999694778580948;1.0;0.999901809798033;1.0002205970057205;1.0025996329591298;1.002867750470536;0.9999890301353297;0.9999280984928135;1.001110422312303;1.0008858926140936;0.9999999999999999;0.9998319360279664;0.9997543548782886;0.999955100078914;0.999245465515242;0.9990359302176274;1.0;0.9999687097348849;0.9999595704534092;1.0027649906438283;0.9999644591805718;1.0;0.9999630280174664;0.9999939526605571;1.024999976158142;
2016-07-04 23:30:00;1.0003486347573463;0.9997599680703105;0.9999553679626884;1.00065867529421;1.0;1.0008938537085992;1.002858407353778;1.0005348730904002;0.9999422988372959;1.001799432727674;1.0;1.0;1.0;1.0008431853392972;1.0;1.0002084168948708;1.0002372722921973;1.0;1.002173571503424;0.9999637062102377;0.9999999999999999;0.9998764772478264;1.0002296051708615;1.0026632411174758;1.0029370837491507;0.9999881063936766;0.9999098778610004;1.0011270981599354;1.00090777757112;1.0;0.9998404673509306;0.9997680690016281;0.9999428541782235;0.9992895028457783;0.9990879112904104;1.0;0.9999690398487612;0.9999599005642682;1.002830173550835;0.999954560514686;1.0;0.9999555295973555;0.999991912591689;1.024999976158142;
2016-07-04 23:45:00;1.00033851322861;0.9998013901732049;0.9999637096837721;1.0006354712918817;1.0;1.0008613801243553;1.0027310397206874;1.00051608110982;0.9999532998156084;1.0017266821752941;1.0;1.0;1.0;1.0008150361115902;1.0;1.0001978091414514;1.0002255434200655;1.0;1.0020812347157517;0.9999704116953235;0.9999999999999999;0.9998965945181187;1.000218131511168;1.002544420140934;1.0028064853591894;0.9999898192236805;0.9999237215089031;1.001084655196078;1.000868240053563;1.0;0.9998471206669431;0.9997768760629016;0.9999535130036669;0.999314976409495;0.9991330336336226;1.0;0.9999696744176743;0.999960535127382;1.0027052846818367;0.9999630218043465;1.0;0.9999639124273279;0.999993393532354;1.024999976158142;
2016-07-05 00:00:00;1.0003425647915392;0.999841765479;0.9999686201972;1.0006375615663772;1.0;1.0008625372625;1.0027152780540516;1.000516385207743;0.9999570157992603;1.0017266470279096;1.0;1.0;1.0;1.0008201633351907;1.0;1.0001964785893434;1.0002242324564583;1.0;1.0020764176077817;0.9999727412071081;1.0;0.9999137804630577;1.00021684019288;1.0025295553684572;1.0027903583202942;0.9999902171849848;0.9999364755735074;1.0010862755763388;1.0008625483431939;0.9999999999999999;0.9998434405654815;0.9997717590998183;0.9999613687223349;0.9993000485600242;0.9991075633939812;1.0;0.9999697590599486;0.9999606197688825;1.002691288850476;0.999969528095555;1.0;0.9999670089263474;0.9999950004509092;1.024999976158142;
2016-07-05 00:15:00;1.0003346902866452;0.9998361226372945;0.9999687125618969;1.0006246362772406;0.9999999999999999;1.0008452984100944;1.0026581467187772;1.000508828012684;0.9999587021501208;1.0016894559753229;1.0;1.0;1.0;1.0008032431337803;1.0;1.0001960265926684;1.0002234534043923;0.9999999999999999;1.0020324998137216;0.9999738465742907;1.0;0.9999141364239864;1.0002161794735196;1.0024765015365409;1.0027314253553572;0.9999908826857308;0.9999372435109801;1.001063747866035;1.0008442788255887;1.0;0.9998658834501617;0.9998066159339724;0.9999605382995914;0.9994096466208636;0.9992389683410136;1.0;0.9999702357847228;0.9999607153590113;1.002634294723829;0.9999687127277841;1.0;0.9999681764003802;0.9999945872189879;1.024999976158142;
2016-07-05 00:30:00;1.000328843729983;0.9999086077431592;0.9999811748929115;1.0006051570350727;0.9999999999999999;1.000815412251962;1.0025150717706255;1.00049499102177;0.9999730720534153;1.0016158513755329;1.0;1.0;1.0;1.000781817435684;0.9999999999999999;1.0001905765915107;1.0002172234967623;1.0;1.0019345729052085;0.9999829808747388;1.0;0.9999474706607586;1.0002101292088301;1.0023432647514297;1.002584455855823;0.9999938625460724;0.9999608179950722;1.0010237790172647;1.0007989965149406;1.0;0.9998630528278508;0.9998010122059288;0.999977471233555;0.9993903348712488;0.9992312393655463;1.0;0.9999714811181326;0.9999627546276147;1.002495155870394;0.9999823466887504;0.9999999999999999;0.9999794368844575;0.9999973073837197;1.024999976158142;
2016-07-05 00:45:00;1.0003256675257355;0.9999392799900031;0.9999865433551332;1.0005960777470624;1.0;1.000802207568448;1.0024527026418806;1.0004887786872672;0.9999799442461451;1.0015836788662904;0.9999999999999999;1.0;0.9999999999999999;1.0007718428710708;1.0;1.0001873601881623;1.0002136815560587;0.9999999999999999;1.0018922753194082;0.9999871602900341;1.0;0.9999633996351979;1.000206694125261;1.0022850663980094;1.0025203895786905;0.999994955863933;0.9999726118278955;1.0010061168545377;1.000779594398187;0.9999999999999999;0.9998725407432665;0.9998152373887286;0.9999845012419607;0.9994345079335817;0.999286581809231;1.0;0.9999724145304089;0.9999644819821683;1.0024344177268558;0.9999879486232564;1.0;0.9999846747420241;0.9999983253777026;1.024999976158142;
2016-07-05 01:00:00;1.0003152428295894;0.9999512744054403;0.9999877089240464;1.0005756901814447;1.0;1.0007742719073591;1.0023630136651969;1.0004718475208576;0.9999805534175578;1.0015286106041896;0.9999999999999999;1.0;1.0;1.000746157227016;1.0;1.000181254534919;1.0002067002692006;1.0;1.0018253907189008;0.9999875921649437;1.0;0.9999688908512747;1.0001999705614704;1.002201529210339;1.002428144705027;0.9999951018092603;0.999976996878377;1.0009713478367879;1.0007480346307802;1.0;0.9998994845059388;0.9998592562774421;0.999986507281281;0.9995761042680834;0.9994805451565398;1.0;0.9999719207152102;0.9999635753533238;1.0023458031958081;0.9999896310557689;1.0;0.9999852379715974;0.9999987759145256;1.024999976158142;
2016-07-05 01:15:00;1.0003082162248185;0.9999529185841769;0.9999895841465208;1.0005632456019184;1.0;1.0007568688117918;1.0022976224601001;1.0004653730462074;0.9999844064984649;1.0014878745462723;1.0;1.0;1.0;1.00073004867628;1.0;1.000181868866529;1.0002070128904597;0.9999999999999999;1.0017757685895892;0.9999902029680157;1.0;0.9999717644672207;1.0002003568056455;1.0021408971592916;1.0023607425132355;0.9999965011578512;0.9999789735627882;1.0009479237869054;1.000727572863783;1.0;0.9999136400144717;0.9998807302729767;0.9999879251692595;0.9996430507027126;0.9995698128251229;1.0;0.9999720123944245;0.9999636670317729;1.0022809176331722;0.9999906090493882;1.0;0.9999881671890837;0.9999986915933139;1.024999976158142;
2016-07-05 01:30:00;1.0003151026847776;0.9999686615911475;0.9999910328109333;1.0005734745667563;1.0;1.0007708650672322;1.002341172757209;1.000470226528171;0.9999848802683883;1.0015185839897547;1.0;1.0;1.0;1.000744267855121;0.9999999999999999;1.0001791633470831;1.0002044875880505;1.0;1.001811215766659;0.999990185650489;1.0;0.9999775386840059;1.0001977827254904;1.0021810690108992;1.0024058178423014;0.999995679115441;0.9999831046110541;1.0009664447554045;1.000742344986112;1.0;0.9998949381076201;0.9998511485507524;0.9999907950346062;0.9995492518492862;0.9994528209073161;0.9999999999999999;0.9999715779519165;0.9999624386442266;1.002324774550725;0.9999930417142688;1.0;0.9999885332901125;0.9999993853301633;1.024999976158142;
2016-07-05 01:45:00;1.0003039138140437;0.9999720466976549;0.9999926043947599;1.00055305219362;1.0;1.000743028770147;1.0022489509324872;1.000455245185883;0.9999877747607888;1.0014600360163421;1.0;1.0;1.0;1.0007178174104268;1.0;1.0001746530664133;1.0001991815234015;1.0;1.0017405841103728;0.9999920752359708;1.0;0.9999803451604367;1.0001926789027007;1.00209530628028;1.0023109661636735;0.9999965539060439;0.9999850126473615;1.0009306348843907;1.0007114069051504;0.9999999999999999;0.999922404685167;0.9998948167599067;0.9999922583265025;0.9996881598250614;0.9996315708917919;1.0;0.9999713894390645;0.9999626629493465;1.0022332916555894;0.9999941173249289;0.9999999999999999;0.9999907132191574;0.9999994248167536;1.024999976158142;
2016-07-05 02:00:00;1.00030074665041;0.999974953159573;0.9999946004550615;1.0005473853540596;1.0;1.0007350080970736;1.0022134971968928;1.0004532740185552;0.9999917390146669;1.0014386543735114;1.0;1.0;1.0;1.0007105125415958;1.0;1.000175372230461;1.0001998061389383;1.0;1.0017140378602367;0.9999946132200112;1.0;0.9999835383700814;1.0001933163411836;1.0020624320177012;1.0022744507015526;0.999997654561091;0.9999871188522168;1.0009191660112349;1.0007023507191743;0.9999999999999999;0.9999317444396941;0.9999075702612438;0.999993973792304;0.9997260721123327;0.9996771110027608;1.0;0.999970156346786;0.9999602231047414;1.0021981961917559;0.9999953424397885;1.0;0.9999936628293911;0.9999994027339472;1.024999976158142;
2016-07-05 02:15:00;1.0002999188141448;0.9999702231124684;0.9999938050651944;1.0005465972093446;1.0;1.000733815568034;1.0022099389518049;1.0004539287148813;0.9999908794364232;1.0014358229946925;0.9999999999999999;1.0;1.0;1.0007093446114836;0.9999999999999999;1.0001776487315406;1.0002021733821256;1.0;1.0017111197040496;0.9999942138626575;1.0;0.9999819167212477;1.0001956766984588;1.0020592545045728;1.0022706290159316;0.9999978252160002;0.9999862212723308;1.0009175324838093;1.00069993825014;1.0;0.9999259110326885;0.999899197693401;0.9999927590895229;0.9997004708652866;0.9996521854496879;1.0;0.9999707670585368;0.9999616277582583;1.0021944775130223;0.9999943544361042;0.9999999999999999;0.9999930448075395;0.9999991885060279;1.024999976158142;
2016-07-05 02:30:00;1.0003019261417763;0.9999728944382881;0.9999938766798744;1.0005500561417386;0.9999999999999999;1.0007396609552466;1.0022341636679855;1.0004541688725657;0.9999910532580142;1.0014509259806876;1.0;1.0;1.0;1.0007141148010028;0.9999999999999999;1.000173260237044;1.0001977398485942;1.0;1.001729752340969;0.9999939054053486;1.0;0.999983793529416;1.0001912726446127;1.0020814132192168;1.0022958028898556;0.9999968628992515;0.9999878501281413;1.0009256514422564;1.000707010513042;1.0;0.9999276331101205;0.9999027245526453;0.9999930496335374;0.9997128355502003;0.9996631257752406;0.9999999999999999;0.9999715980180418;0.9999632526588484;1.00221856626761;0.9999945929883342;0.9999999999999999;0.9999930101565432;0.9999992439891207;1.024999976158142;
2016-07-05 02:45:00;1.0002979516672488;0.999981101454869;0.999995315521942;1.0005419863105325;0.9999999999999999;1.0007281718389915;1.0021909417746355;1.0004488500545194;0.9999928484786946;1.0014255949743989;1.0;1.0;1.0;1.0007041431042127;1.0;1.0001726210256865;1.0001968510254002;1.0;1.0016982889476878;0.999995129298785;1.0;0.999988170536328;1.0001904607201366;1.0020412529989122;1.0022512731024178;0.9999974655110717;0.9999911769117753;1.0009107440400569;1.0006931155603749;0.9999999999999999;0.9999297717478483;0.9999057053026269;0.9999948807619758;0.9997215842500484;0.9996732978146757;1.0;0.9999729279493642;0.9999653765299731;1.0021759750969237;0.9999960520820641;1.0;0.9999944335615264;0.9999995091444832;1.024999976158142;
2016-07-05 03:00:00;1.000300106582804;0.9999793808188432;0.9999959666545419;1.0005460937445732;0.9999999999999999;1.0007336866770216;1.0022059378230186;1.0004525440739724;0.999994349007739;1.0014346694752427;1.0;1.0;1.0;1.0007091636383132;1.0;1.0001736115217832;1.0001979929788183;1.0;1.0017089528410188;0.9999960514354248;1.0;0.9999873179625497;1.0001915282519174;1.0020552473363036;1.002266766922887;0.999997800788722;0.9999900159548317;1.0009171077955437;1.0006994951473536;1.0;0.999928860963935;0.9999034161370989;0.9999953297887968;0.9997134739721787;0.9996681100361323;1.0;0.9999709549985574;0.9999614345659983;1.0021908001915838;0.9999963447147006;1.0;0.9999955258447665;0.9999994498975731;1.024999976158142;
2016-07-05 03:15:00;1.0002983439841797;0.9999717037026756;0.9999941822123896;1.0005435133527913;1.0;1.0007294585083868;1.0021950875255468;1.0004515996157417;0.9999913225490019;1.001426543498833;1.0;1.0;1.0;1.000705375054828;1.0;1.0001770571516113;1.0002014513795263;1.0;1.0016997409793047;0.9999945393304218;1.0;0.9999823871929295;1.0001949804932442;1.0020454624443949;1.0022553597335582;0.999998019000488;0.9999864252557183;1.000911925409959;1.0006955463050586;1.0;0.9999367106108307;0.9999159817638178;0.9999932298920516;0.99975355012434;0.9997122908313782;1.0;0.9999713894390646;0.9999626629493468;1.0021797875978686;0.9999947313013615;1.0;0.9999934129536944;0.9999992599582689;1.024999976158142;
2016-07-05 03:30:00;1.0002979265136354;0.9999715469118854;0.9999942799361449;1.0005428574859296;1.0;1.000729910911161;1.0022042996218465;1.0004481884782561;0.9999918978742308;1.001430846405345;0.9999999999999999;1.0;0.9999999999999999;1.0007044600922896;1.0;1.0001706809575557;1.0001947960484407;1.0;1.0017057228762754;0.9999944552559764;1.0;0.999982736205127;1.000188393521894;1.0020536389963504;1.0022651775256348;0.9999971189310185;0.9999865963001162;1.0009131450793969;1.0006979621330903;1.0;0.9999321523238474;0.9999091936337311;0.9999933557873667;0.9997324013287876;0.9996922825018015;1.0;0.9999717799059629;0.9999638473627565;1.0021888480080425;0.9999948037368954;0.9999999999999999;0.9999936423060622;0.9999992250181388;1.024999976158142;
2016-07-05 03:45:00;1.0002950878683023;0.999965403432488;0.9999934140176386;1.0005386796459632;1.0;1.000724592303596;1.0021906963196432;1.0004454777856717;0.9999912613975823;1.0014207208793313;1.0;1.0;1.0;1.0006987883729088;1.0;1.0001704405575464;1.0001944436966514;1.0;1.0016945172273037;0.9999940772988121;1.0;0.9999808575656673;1.0001880882212897;1.002041008235387;1.0022511130511862;0.9999970867488794;0.9999855240268276;1.0009064594850319;1.000694733276247;0.9999999999999999;0.9999341019747657;0.9999112947713488;0.9999919347650645;0.9997377689054313;0.9996918048355423;1.0;0.9999712481679547;0.9999621088632789;1.0021750628086858;0.999993625172747;1.0;0.999993121450508;0.9999989310335405;1.024999976158142;
2016-07-05 04:00:00;1.0002991302643967;0.999976955183398;0.9999942692494567;1.0005443643677017;1.0;1.0007315638571521;1.0022073211984202;1.0004495961558109;0.9999910568840802;1.0014345960083824;1.0;1.0;1.0;1.000706938890997;0.9999999999999999;1.0001722474566264;1.0001964920578785;1.0;1.0017097005898326;0.9999940092076086;1.0;0.999985109849856;1.0001900858804118;1.0020564775835856;1.0022681673475442;0.9999970453613534;0.9999887849822218;1.0009155208827367;1.0007009463408056;1.0;0.9999356122809816;0.9999133620864901;0.9999937827844856;0.9997442032629108;0.9996974895588716;0.9999999999999999;0.999970552863528;0.9999606196175447;1.0021920761449876;0.9999952219184866;1.0;0.9999931004949157;0.999999435470584;1.024999976158142;
2016-07-05 04:15:00;1.0002968704837605;0.9999791054537506;0.9999952546663872;1.0005400382060468;0.9999999999999999;1.0007248089426088;1.0021778499188927;1.000448329565269;0.999992609361523;1.0014170970239893;1.0;0.9999999999999999;1.0;1.0007013148927038;1.0;1.0001747010162376;1.0001989123464596;1.0;1.0016877709517689;0.9999952303936073;1.0;0.9999862456921648;1.000192500832509;1.0020292832540703;1.0022377092002688;0.9999980046461272;0.9999893791235509;1.0009061099071732;1.0006904327159574;1.0;0.9999254571996857;0.9998976554587358;0.9999947523268964;0.9996944096593612;0.9996466201713801;1.0;0.9999826135362618;0.9999738869485943;1.0021629534261227;0.999995956280933;1.0;0.9999943605653903;0.9999995031206795;1.024999976158142;
2016-07-05 04:30:00;1.0002982861677345;0.9999797701625655;0.9999957516291927;1.0005430303862655;1.0;1.00072989026539;1.0021949600894153;1.000450274525367;0.9999942292069387;1.0014278642865315;1.0;1.0;1.0;1.0007054249906968;1.0;1.000172684618531;1.0001969837551563;1.0;1.0017011578883441;0.9999959027773329;1.0;0.9999887182566686;1.0001905760249232;1.002044940046833;1.0022554406183943;0.9999976165426785;0.9999915827898268;1.0009125139931363;1.000693677341541;1.0;0.999931056416629;0.9999084229988989;0.9999950060525065;0.9997312075409919;0.999678050942754;1.0;0.9999848221806925;0.9999776834954646;1.0021798842062875;0.9999960742919276;1.0;0.9999953906447858;0.9999993793314994;1.024999976158142;
2016-07-05 04:45:00;1.00029777482073;0.9999734929625383;0.9999946142710042;1.0005424009069908;0.9999999999999999;1.0007284277585156;1.0021929537803151;1.0004499599847079;0.9999921814470598;1.0014251313509246;1.0;1.0;1.0;1.0007040514573946;1.0;1.0001746338692223;1.0001989129856605;1.0;1.0016981485424097;0.9999948987478421;1.0;0.9999838150942078;1.0001924766714536;1.0020433017919415;1.0022532905840318;0.9999977999294994;0.9999875203713376;1.0009107324511637;1.000692967622712;1.0;0.99992639389812;0.99990099545875;0.9999937147964411;0.9997074381420139;0.9996540878641589;1.0;0.9999848841314787;0.999976157523996;1.00217770766353;0.9999950940251969;1.0;0.9999939768165075;0.9999992851498956;1.024999976158142;
2016-07-05 05:00:00;1.0003028637813158;0.9999758161176976;0.999995544498608;1.0005513317865047;1.0;1.0007407418789755;1.0022294726954466;1.0004564373967484;0.9999937954280163;1.001448864001023;1.0;1.0;1.0;1.0007156262988304;1.0;1.0001748638801378;1.0001994236924412;1.0;1.001726122658008;0.9999957217407875;0.9999999999999999;0.999984835346213;1.0001928881225777;1.002077171721397;1.0022910152094628;0.9999977311068462;0.9999878510130428;1.0009259718557255;1.0007050381117673;0.9999999999999999;0.9999292906723922;0.9999057202933538;0.9999947894659773;0.9997228810722864;0.9996709087373356;0.9999999999999999;0.9999832099130566;0.999973689363822;1.0022140703458238;0.9999959149331078;0.9999999999999999;0.999995105851018;0.9999993732215888;1.024999976158142;
2016-07-05 05:15:00;1.0002975442411148;0.9999707058674765;0.9999943411368811;1.0005423521580994;1.0;1.0007293541898128;1.0022027850108692;1.0004479059756088;0.9999922301857104;1.0014295733833702;1.0;1.0;1.0;1.0007037548915507;1.0;1.0001704128975815;1.0001945098442426;1.0;1.0017043423491399;0.999994638011525;1.0;0.9999826905444984;1.0001881121950238;1.002052198844672;1.0022636384726706;0.9999971508798728;0.9999865651959016;1.0009123589113065;1.0006963683602854;1.0;0.9999256935965765;0.9998998425383636;0.9999932950397987;0.9997037674168261;0.9996576405038734;0.9999999999999999;0.9999839674023504;0.999975240802868;1.0021872974666932;0.9999947312677621;1.0;0.9999938676741185;0.9999991704273239;1.024999976158142;
2016-07-05 05:30:00;1.0003051820427737;0.9999738257926706;0.9999945777201492;1.0005558068365743;0.9999999999999999;1.0007464769421202;1.0022471781017603;1.000461020640915;0.9999920873804811;1.0014605785593997;1.0;1.0;1.0;1.0007215546184423;1.0;1.0001787493761263;1.00020362787815;1.0;1.0017403447853763;0.9999948107657247;1.0;0.9999840041330736;1.0001970374077962;1.0020938048886097;1.002309010897982;0.9999977055185484;0.9999877107081309;1.0009333438832926;1.0007107151903556;1.0;0.9999279244510568;0.9999037876180776;0.9999937111902154;0.999717269457827;0.9996722063385226;1.0;0.9999692496342425;0.9999613171111084;1.002231584232362;0.999995097007367;1.0;0.9999938972505125;0.9999992956088384;1.024999976158142;
2016-07-05 05:45:00;1.000313902729615;0.9999783351692894;0.9999956886322685;1.0005712734169079;1.0;1.000766871731712;1.0023016652325096;1.000475206479277;0.999993819728484;1.0014977643732292;0.9999999999999999;1.0;1.0;1.0007419676534135;1.0;1.0001852038307937;1.000210871018631;1.0;1.0017837773654885;0.9999959354163923;1.0;0.999986850968672;1.0002040773615433;1.0021447119764446;1.0023648928411029;0.99999818639057;0.9999898246331501;1.0009582353009772;1.0007286337826657;1.0;0.9999307924274733;0.9999085522200013;0.999994936975319;0.9997331423761592;0.9996844067552508;1.0;0.9999129956635613;0.9999046507934395;1.0022858586343522;0.999996040831756;0.9999999999999999;0.9999952212765679;0.9999994083536011;1.024999976158142;
2016-07-05 06:00:00;1.0003168238706648;0.9999791951575961;0.9999953965545993;1.0005762777346763;1.0;1.0007733875723823;1.0023222081587744;1.0004789404357184;0.9999928855555298;1.0015112932153427;1.0;0.9999999999999999;1.0;1.0007485242950658;1.0;1.000186903659614;1.0002127747983323;1.0;1.0017997924046382;0.9999954058356596;0.9999999999999999;0.9999864106475229;1.0002059254757611;1.0021638632665948;1.0023859917668407;0.9999980681045127;0.9999894756711348;1.0009666411251235;1.000733863025531;1.0;0.999923285887631;0.9998979249836905;0.9999948604702864;0.9997011303170963;0.9996512875489332;1.0;0.9999129872946348;0.9999030546204812;1.0023063198120519;0.9999960330858407;1.0;0.9999945716809758;0.9999994988820354;1.024999976158142;
2016-07-05 06:15:00;1.0003215016143165;0.9999753234076948;0.9999945839719155;1.0005854740929765;0.9999999999999999;1.0007872599565364;1.002374058686575;1.0004841643241478;0.999992320215509;1.00154270678214;1.0;1.0;1.0;1.000760404691223;1.0;1.0001846493913842;1.000210751022133;1.0;1.0018387068773924;0.999994627267521;1.0;0.9999856464499551;1.0002038609949035;1.0022118147183194;1.0024395144569693;0.9999969806096851;0.9999892407297716;1.0009848226261655;1.0007510373467645;0.9999999999999999;0.999910998852505;0.9998785718354287;0.9999937783121832;0.9996398962105907;0.9995913600716378;0.9999999999999999;0.9998875522385605;0.9998792075807793;1.0023575517240135;0.9999951402327758;1.0;0.999993930954959;0.9999992820860797;1.024999976158142;
2016-07-05 06:30:00;1.0003236395832715;0.9999727775738694;0.9999948674665136;1.0005894945866483;0.9999999999999999;1.0007921266815778;1.0023853220702783;1.0004885084147048;0.999992957093093;1.001549786723421;1.0;0.9999999999999999;0.9999999999999999;1.0007652491680425;1.0;1.00018775943214;1.0002140776450532;1.0;1.0018467418619794;0.9999951897712137;0.9999999999999999;0.9999837487148787;1.000207093283547;1.002222478317272;1.0024510560911037;0.9999975383393688;0.9999872838106952;1.000990286249732;1.0007559582914252;1.0;0.9998960955557806;0.999854092197079;0.9999938916847994;0.9995608770459141;0.9995191019630718;1.0;0.9998962647098362;0.9998883327656746;1.002368701392053;0.9999951972264268;1.0;0.9999944601203636;0.999999235340465;1.024999976158142;
2016-07-05 06:45:00;1.000330068014917;0.999965668411111;0.9999933865515289;1.000601984379596;1.0;1.0008091715778036;1.0024418643448878;1.0004986222512005;0.9999909928720794;1.001584874191642;1.0;1.0;1.0;1.0007811129984094;1.0;1.0001920226979761;1.0002189040417964;1.0;1.001889535416012;0.9999939742812107;1.0;0.9999803231183166;1.0002117805280464;1.0022751575038993;1.0025091194213338;0.9999971737207795;0.9999849610146886;1.0010119442337906;1.0007731846152972;1.0;0.9998935105924497;0.9998511669772752;0.999992021020388;0.9995534527272728;0.9994927685071364;0.9999999999999999;0.9998927963611685;0.9998804822397285;1.0024245923092228;0.9999937139818809;1.0;0.9999929549436177;0.9999989783668936;1.024999976158142;
2016-07-05 07:00:00;1.0003506275705636;0.9999786985970779;0.9999954676527765;1.0006377338638321;1.0;1.0008560971253004;1.0025703013595268;1.0005299642317838;0.9999932030960241;1.0016727183965015;0.9999999999999999;1.0;1.0;1.0008284689193947;1.0;1.0002059753688008;1.0002345884251782;0.9999999999999999;1.0019920304566754;0.9999954939087133;0.9999999999999999;0.9999863463632314;1.00022701376568;1.0023949287778982;1.0026409731587589;0.9999978927711095;0.9999893596011389;1.0010699126323381;1.0007458273189624;1.0;0.9998524743824512;0.9998365438139891;0.9999948878621394;0.9995702495589517;0.9995030160266356;1.0;0.9998746504544598;0.999863924291751;1.0025527344485694;0.9999960364823833;1.0;0.9999947528654276;0.9999994647209801;1.024999976158142;
2016-07-05 07:15:00;1.0003596021430123;0.9999809204977235;0.9999948890533319;1.0006534749047933;1.0;1.0008812185583993;1.0026758078258837;1.0005319250670819;0.99999227953033;1.0017360793886163;1.0;1.0;1.0;1.000848921296964;1.0;1.000190126680473;1.000218529355454;0.9999999999999999;1.0020701607164284;0.9999935558807497;1.0;0.9999863278748424;1.0002109890210609;1.0024918543553543;1.002750565127992;0.9999944130197349;0.9999890129554221;1.001104384652185;1.0007484972188088;1.0;0.9998346981582039;0.9998318773397497;0.9999950656605133;0.9995852655166639;0.9995261365302403;1.0;0.9998008623450327;0.9996955567125559;1.0026573969798076;0.9999962459233859;1.0;0.9999935272879249;0.9999996197755008;1.024999976158142;
2016-07-05 07:30:00;1.00036588069403;0.9999756772112657;0.9999946573864814;1.000665788902819;1.0;1.0008959613281134;1.0027063861528074;1.0005482440377362;0.9999924287952855;1.0017577783627867;1.0;1.0;1.0;1.0008647959777117;1.0;1.0002051633279734;1.0002346221318246;0.9999999999999999;1.002095185119342;0.9999943197235333;1.0;0.9999849875343728;1.000226821804273;1.002521016110067;1.0027813673960604;0.9999961045710413;0.9999883295932015;1.0011211973207383;1.0007408616388611;0.9999999999999999;0.9998228093594008;0.9998257495899211;0.9999940956932477;0.9995820996649714;0.999514909937059;1.0;0.9997719655959585;0.9996439072567198;1.0026876668111337;0.9999954052615716;1.0;0.9999938650040459;0.9999993497487099;1.024999976158142;
2016-07-05 07:45:00;1.0003775719120973;0.9999583431422893;0.9999922523215916;1.0006891304982553;1.0;1.000928221380767;1.002813950215474;1.0005672040365967;0.9999901742137522;1.0018231791050944;1.0;1.0;1.0;1.0008940852797608;1.0;1.0002119775534097;1.0002424376116081;1.0;1.00217526448089;0.9999928278325682;1.0;0.9999771179513385;1.0002343612555538;1.0026211543356283;1.0028919694673397;0.9999955549348764;0.9999824669047597;1.0011617741169072;1.000745440733315;1.0;0.9997901039847727;0.999796093569535;0.9999905557998133;0.9995157958268068;0.9994443244897342;1.0;0.9997546274531477;0.9996004513320824;1.0027938362047906;0.9999925087190571;1.0;0.9999920211892545;0.9999986928065205;1.024999976158142;
2016-07-05 08:00:00;1.0004060909889294;0.9998056257775597;0.9999668505573366;1.0007584306813273;1.0;1.001027234943862;1.0032162254344892;1.0006201975364093;0.9999601182915341;1.0020443801549297;1.0;0.9999999999999999;1.0;1.0009751283652049;0.9999999999999999;1.0002353362283845;1.000268635938965;1.0;1.0024584855892515;0.9999742028007464;1.0;0.9999023470627926;1.000259747300361;1.0029962062616045;1.0033052458757392;0.9999903555946746;0.9999276463865785;1.0012901041338294;1.0008818741736196;1.0;0.9997547088005082;0.9997378168044113;0.9999561963238078;0.9993302994466767;0.9992418642797836;1.0;0.9997354328348129;0.9995805434476904;1.0031873734151504;0.9999649011133378;1.0;0.9999687298827863;0.9999932795620136;1.024999976158142;
2016-07-05 08:15:00;1.000412439530507;0.9999482730466378;0.9999928243551734;1.0007515235748683;1.0;1.0010099581096097;1.003058786820341;1.0006171170653833;0.9999901588617887;1.001978683299839;1.0;1.0;1.0;1.0009729448545126;0.9999999999999999;1.000231711599283;1.0002645703791295;1.0000000000000002;1.0023588865845212;0.9999933101598433;1.0;0.9999636508142724;1.0002555994950997;1.0028497030800438;1.0031439539891287;0.9999966735345126;0.9999686041211792;1.0012627690679872;1.0008170582397142;1.0;0.999761575226811;0.9997578688252157;0.99999145048555;0.999405614942598;0.9992907418647621;1.0;0.9997334204247604;0.9995703719749008;1.0030369392845115;0.9999932765636707;1.0;0.9999922657412911;0.9999989251797263;1.024999976158142;
2016-07-05 08:30:00;1.0004072377577813;0.9999653903569978;0.9999931058264527;1.0007420575655293;1.0;1.0009974321633344;1.0030080306576832;1.000614857128495;0.9999904806641241;1.0019533521306352;1.0;1.0;1.0;1.000963506551561;1.0;1.0002363744376355;1.0002695278604028;1.0;1.0023283916394885;0.9999935076748517;0.9999999999999999;0.9999799020895169;1.0002607539287378;1.0028024367937045;1.003090967580397;0.9999966970326825;0.9999846378273787;1.0012473444547545;1.000775683648456;1.0;0.9997571249815792;0.9997685112550821;0.9999918288903725;0.9994622562137188;0.9993615535671104;1.0;0.9997241761749082;0.9995874914900644;1.0029869736270345;0.9999935814714481;1.0;0.9999925192955734;0.9999989828913814;1.024999976158142;
2016-07-05 08:45:00;1.0004197364281309;0.9999519239738043;0.9999897860822186;1.0007661408389006;1.0;1.0010311398845981;1.0031278430933142;1.000631659322457;0.9999857064776307;1.0020266658008465;1.0;0.9999999999999999;0.9999999999999999;1.000994161620296;1.0;1.0002400515802572;1.0002740802453332;1.0;1.0024183482371634;0.999990282122182;1.0;0.9999727222711596;1.0002650902795696;1.0029137507700971;1.0032142675880344;0.9999951057096964;0.9999796965398674;1.0012910852927617;1.0008467882245276;1.0;0.9997504425460694;0.999736052520059;0.999987995899719;0.999334648340931;0.9992245027053376;1.0;0.9997158257832514;0.9995728769921505;1.003105422537227;0.9999905899710927;1.0;0.9999887944143334;0.999998546949271;1.024999976158142;
2016-07-05 09:00:00;1.000421941194971;0.9998652202898061;0.9999758959140435;1.000780173534288;1.0;1.001052905997888;1.0032483327022994;1.0006422264634156;0.9999696029868531;1.0020825675107252;1.0;1.0;1.0;1.0010072189660202;1.0;1.000247600066202;1.0002822135794485;1.0;1.0024957735419484;0.9999805136914045;1.0;0.999930674149866;1.0002730289472874;1.0030262667427683;1.0033379373532814;0.9999927987745626;0.9999488051074121;1.0013203265408834;1.0008856283295204;1.0;0.999735201574027;0.9997126672832694;0.9999688287230597;0.9992620079005065;0.9991470175377694;0.9999999999999999;0.9997537338371048;0.9996165587433817;1.003221707390761;0.9999751516853812;1.0;0.9999763824435937;0.9999954600650303;1.024999976158142;
2016-07-05 09:15:00;1.0004259224682737;0.9998973973537668;0.9999806858738942;1.0007837123258803;0.9999999999999999;1.001056811103951;1.0032412695258144;1.0006450610076298;0.9999749819354206;1.0020863426483837;1.0;1.0;1.0;1.001013810881276;1.0;1.0002468073277282;1.0002815748038816;1.0;1.0024964576775104;0.9999836848417184;1.0;0.9999464432410573;1.0002723787002132;1.0030195833239952;1.0033307193915828;0.9999933361560461;0.9999606063643425;1.0013247306954147;1.0008822829627246;1.0;0.9997389175180434;0.9997191259589288;0.9999756213777505;0.9992825741469379;0.9991672363403219;0.9999999999999999;0.9997195491776426;0.9996021183083806;1.0032159292621006;0.9999806406655661;0.9999999999999999;0.9999805048765064;0.9999965827058258;1.024999976158142;
2016-07-05 09:30:00;1.0004301953839572;0.999922679352613;0.9999867143849261;1.000788136789522;1.0;1.0010608391738287;1.003227771193423;1.0006504388251432;0.9999830154558671;1.0020843270887412;1.0;0.9999999999999999;1.0;1.0010203994385303;1.0;1.0002490412617562;1.0002839971110828;1.0;1.002489375085258;0.9999888375814138;1.0;0.9999570574344976;1.0002746614007305;1.00300717555899;1.0033169860178026;0.9999952994311574;0.9999668151050969;1.001327638442272;1.0008759961607059;0.9999999999999999;0.9997473988349841;0.9997336459101162;0.9999831594414809;0.9993299808232404;0.999188916733225;1.0;0.9996952538479081;0.9995439062256796;1.003203628248978;0.9999866075681204;1.0000000000000002;0.999986705670365;0.9999975990736943;1.024999976158142;
2016-07-05 09:45:00;1.0004323730449403;0.999906030315846;0.9999797007656138;1.0007917752129933;1.0;1.0010646868454212;1.0032678918405367;1.0006473597601555;0.9999687260384476;1.0021048989178873;1.0;1.0;1.0;1.001023804434397;1.0;1.0002498660749923;1.000284630401569;1.0;1.0025161327851622;0.9999804739580265;1.0;0.9999395423785286;1.0002752931271621;1.003044810910045;1.0033581504820877;0.9999932525613088;0.9999533955953668;1.001335948727507;1.0008920845470093;1.0;0.99974647736059;0.9997300010223383;0.9999769219794034;0.9993151445452145;0.9991710116003463;1.0;0.9996885615182527;0.9995368847786348;1.0032430386846662;0.999982142814652;0.9999999999999999;0.9999763848491957;0.9999976602197022;1.024999976158142;
2016-07-05 10:00:00;1.00044847929203;0.9998752127361296;0.9999694813808495;1.0008237445982382;1.0;1.001109241986663;1.0034453406364428;1.000667806379211;0.9999518037493161;1.0022113330816211;1.0;1.0;1.0;1.0010642563551462;1.0;1.0002576195097748;1.0002935931215713;1.0;1.002648896639331;0.9999699207121716;1.0;0.9999210078915455;1.0002840293478805;1.0032098037661752;1.0035404086706454;0.9999895459319056;0.9999415122248203;1.0013963257456606;1.0009454938619637;0.9999999999999999;0.9997195037151972;0.9996911440532208;0.9999659933426955;0.9991994344918804;0.9990194138419478;1.0;0.9996259291136167;0.9993753196026173;1.0034181289003963;0.999973818039456;1.0;0.9999636968065286;0.9999968123719043;1.024999976158142;
2016-07-05 10:15:00;1.0004543235816445;0.999864029311876;0.9999708054059488;1.0008370918682674;1.0;1.0011282506793595;1.0034945708438636;1.0006834025652513;0.9999575433042027;1.0022417176147347;1.0;1.0;1.0;1.0010810774532073;1.0;1.000264211658424;1.0003010535275108;0.9999999999999999;1.0026859915985005;0.9999732868049245;0.9999999999999999;0.9999216702992979;1.000291274488018;1.0032556758574418;1.0035909436882817;0.9999906089974653;0.9999421945779904;1.0014179272923462;1.0009412564896398;1.0;0.9996991949524505;0.9996732951216738;0.9999654360744523;0.9991606616104842;0.9989712539267677;1.0;0.9996290900441812;0.999386593455456;1.0034664830417674;0.9999729842142643;1.0;0.9999676776432634;0.9999959868660308;1.024999976158142;
2016-07-05 10:30:00;1.0004540253611867;0.9998964792801038;0.9999815038060598;1.0008350887676158;1.0;1.0011246359393906;1.003432327023987;1.0006919940040977;0.9999767840697783;1.0022125797028105;1.0;1.0;1.0;1.0010806190610149;1.0;1.0002699444175165;1.0003073326681582;0.9999999999999999;1.0026457244470242;0.9999851473586375;0.9999999999999999;0.9999470426274233;1.0002974437871879;1.0031978368835575;1.003526770930599;0.9999945979387679;0.9999609795889954;1.0014080013512692;1.0009420643045477;1.0;0.9996860993936462;0.9996375219161997;0.9999760335293488;0.999029548255762;0.9988392692644418;1.0;0.9996048493957173;0.9993319331779772;1.0034057984386329;0.9999808828177297;1.0;0.9999819524844558;0.9999964795824288;1.024999976158142;
2016-07-05 10:45:00;1.000470338824316;0.9999443710642333;0.9999895252624105;1.0008591414704187;1.0;1.00115407142463;1.003482162559655;1.0007156995185917;0.9999860142451643;1.0022586766999753;1.0;1.0;1.0;1.0011148629373727;1.0;1.0002818940223313;1.0003206273474607;0.9999999999999999;1.0026937603727337;0.999991156457681;1.0;0.9999699383289875;1.0003103975158119;1.0032444600327923;1.0035777759734312;0.9999968795544573;0.9999776499553967;1.0014427826360672;1.0009395980273434;1.0;0.9996426884843639;0.9995814389776896;0.9999868662924555;0.9988685713694979;0.9986355335315209;1.0;0.9996200320696805;0.9994012869257621;1.0034572229309286;0.9999896023324707;1.0;0.9999892420758165;0.9999982118491866;1.024999976158142;
2016-07-05 11:00:00;1.0004637015014186;0.9999805157355235;0.9999954333187692;1.0008428817132824;1.0;1.0011317122860024;1.0033969637868583;1.0007008583708057;0.9999930403154745;1.0022114316860355;1.0;1.0;1.0;1.0010958255806761;1.0;1.0002717673321462;1.0003096252521597;1.0;1.00263341690969;0.9999951933928869;1.0;0.9999872946029398;1.000299629139649;1.0031647306442661;1.003490523592663;0.9999973735243816;0.999990189698532;1.001414385150217;1.0009235239932066;0.9999999999999999;0.9996634693227292;0.9996060670518582;0.999995043565897;0.99893641624939;0.998707500552094;1.0;0.9996014718217765;0.9993450302239815;1.0033739709318827;0.99999617939054;0.9999999999999999;0.9999945571020731;0.9999995144563869;1.024999976158142;
2016-07-05 11:15:00;1.0004547630806222;0.9999437648224959;0.9999892488223456;1.0008311861425878;1.0;1.0011177846831514;1.0033803131830863;1.0006903514014978;0.9999860488562382;1.0021911299426443;0.9999999999999999;1.0;1.0;1.0010785587420112;0.9999999999999999;1.0002682679034043;1.0003055900827091;1.0;1.0026143141894044;0.9999908171835237;0.9999999999999999;0.9999707753217953;1.0002957539984627;1.0031492815502916;1.0034733212391171;0.9999960582070969;0.9999786108889908;1.001398124103352;1.0009272366384094;1.0;0.9996984592136235;0.9996552124054227;0.9999864961732882;0.9990838650850894;0.9988654882189006;1.0;0.9995866042913697;0.9993166046695263;1.003355933037045;0.9999892821368703;1.0;0.9999890960726568;0.9999981106025475;1.024999976158142;
2016-07-05 11:30:00;1.0004579359532848;0.9999057981673424;0.9999829297538612;1.0008415766148748;1.0;1.0011333285629427;1.0034518494858213;1.0006986503567155;0.999978840141324;1.0022279984428653;1.0;1.0;1.0;1.001089974806387;1.0;1.0002728175246673;1.0003106260137893;1.0;1.0026632907681963;0.9999863662384201;0.9999999999999999;0.9999534026853801;1.000300674121156;1.00321602392076;1.0035467094993014;0.9999948459389137;0.999966306064744;1.0014185873751649;1.0009522385883798;0.9999999999999999;0.9996652125671185;0.9996015280199322;0.9999777556494883;0.9989119603224009;0.9987031543103538;1.0;0.9996291777370215;0.9994239152066868;1.0034254517931185;0.9999822336190243;0.9999999999999999;0.9999834976699091;0.9999966827699986;1.024999976158142;
2016-07-05 11:45:00;1.000483824656461;0.9998729881340109;0.9999775532386921;1.000892395284061;0.9999999999999999;1.0012023208153646;1.0036769516046524;1.0007414748194472;0.9999725100566927;1.0023667315964697;1.0;0.9999999999999999;1.0;1.0011541635852554;1.0;1.0002922107941534;1.000332374428044;1.0;1.0028323487205875;0.9999825988362034;1.0;0.9999375679331013;1.0003217947997791;1.0034258248081758;1.003777894522594;0.9999941170716471;0.9999547823923842;1.0015053449402915;1.0010179763818363;1.0;0.9995880557944391;0.9994854768634268;0.9999703696355969;0.9985550021108598;0.9983253642430321;1.0;0.999654755315059;0.9994716037077956;1.0036478337077304;0.9999762905036161;1.0;0.9999786522120521;0.9999955043586807;1.024999976158142;
2016-07-05 12:00:00;1.0004860727943101;0.999962637712041;0.9999919229817077;1.0008857760763328;1.0;1.0011901838170387;1.00358614405642;1.0007363975872476;0.99998867106613;1.002329979981683;1.0;1.0;1.0;1.0011508682919477;1.0;1.00028644063807;1.0003262713356975;1.0;1.0027773151602186;0.999992466769;1.0;0.9999793897693829;1.000315786909584;1.0033409347551256;1.0036848247173304;0.999996510841694;0.9999849854935213;1.0014882649145467;1.0009906848776973;1.0;0.9995986687676094;0.999500364005152;0.9999904142983401;0.9986014021965182;0.9983602629221698;1.0;0.9996352679097846;0.9994446464993993;1.0035611319664437;0.999992480440149;1.0;0.999991191345766;0.9999988207657363;1.024999976158142;
2016-07-05 12:15:00;1.000469586256774;0.999970759800748;0.9999941314994966;1.0008547918746185;1.0;1.0011484115609226;1.0034546388262515;1.0007101648375558;0.9999919066468079;1.0022459398043881;1.0;1.0;0.9999999999999999;1.001110725422864;0.9999999999999999;1.0002744235239347;1.000312758679546;1.0;1.0026759335824393;0.9999943891260837;1.0;0.999982960062847;1.0003026293511552;1.0032184160732343;1.0035498535844642;0.9999969700374732;0.9999869496001206;1.0014354944782542;1.0009490983254472;1.0;0.9996198034427732;0.9995322204834569;0.999993090210586;0.9986963498503241;0.9984697063347974;1.0;0.9996753974778905;0.9995326506448848;1.0034308190118293;0.9999945752381432;1.0;0.9999936037019431;0.9999991375801635;1.024999976158142;
2016-07-05 12:30:00;1.0004665040111749;0.9999647041796503;0.9999931286320084;1.000849916533586;1.0;1.0011420358305405;1.0034387783811707;1.0007061715682923;0.9999907512443481;1.002234243658441;1.0;0.9999999999999999;1.0;1.001104015423968;1.0;1.0002733346834642;1.0003114636989472;0.9999999999999999;1.0026627279970046;0.999993701456645;0.9999999999999999;0.9999801550879373;1.0003013899769087;1.003203687181563;1.0035335177887872;0.9999968379961922;0.9999849542073195;1.0014276400567748;1.0009477982300585;1.0;0.9996172179215808;0.9995250307272902;0.9999917012227546;0.9986684001965065;0.9984343994706875;1.0;0.999685613360952;0.999560606918556;1.0034148365994533;0.9999934551745595;1.0;0.9999927157439903;0.9999989112537556;1.024999976158142;
2016-07-05 12:45:00;1.0004796172861607;0.9999367736651839;0.9999881933316042;1.0008771301490536;1.0;1.0011787224203126;1.003560902284217;1.000730995247735;0.9999846903003535;1.002308154711986;1.0;1.0;1.0;1.0011379789915353;1.0;1.0002881972093824;1.0003277903371983;1.0;1.002753876091753;0.9999902930872562;0.9999999999999999;0.9999673245907419;1.0003173569954618;1.003317808227905;1.003658619444174;0.9999965673148901;0.9999761271893578;1.0014737785350067;1.0009812783856231;1.0;0.999586458682015;0.9994808373897668;0.9999849391510972;0.998535287938603;0.9982787946743025;1.0;0.9996411025346477;0.9994652155576323;1.0035350936608973;0.9999880309754458;1.0;0.9999881789787292;0.999997861327024;1.024999976158142;
2016-07-05 13:00:00;1.0004668817361806;0.999950214240089;0.9999908527877482;1.0008526300995677;1.0;1.0011456811474313;1.0034524719704858;1.0007108330414156;0.9999884303744213;1.0022409236568153;1.0;1.0;1.0;1.001106892962573;1.0;1.0002789122214149;1.0003173935978116;1.0;1.00267217000786;0.9999924879650112;0.9999999999999999;0.9999746234653759;1.0003072561321467;1.0032166674281957;1.0035473008086384;0.9999970092884837;0.9999814330872486;1.001431956908795;1.0009512199712898;1.0;0.9996139933804107;0.9995203738457417;0.9999882659224406;0.9986539909651081;0.998404143532473;1.0;0.9996736804142606;0.9995081057530927;1.0034279082475603;0.9999906523774134;1.0;0.9999909714115507;0.999998290818712;1.024999976158142;
2016-07-05 13:15:00;1.0004723290946036;0.9997868572840816;0.9999632259046342;1.0008818784276148;1.0;1.001193233116367;1.003716184748821;1.0007279078943923;0.9999563738184253;1.0023681627620435;1.0;1.0;1.0;1.0011355381886102;1.0;1.0002837335083001;1.0003231094878318;0.9999999999999999;1.0028463931004117;0.9999721119429227;1.0;0.9998975995261934;1.0003127384696904;1.0034621545495477;1.003818400023419;0.9999902607826303;0.9999260569669629;1.001497271022703;1.0010388453034813;1.0;0.9996038856840693;0.9995044708961841;0.9999507785791513;0.9986043071336969;0.9983596791201867;1.0;0.9996616664237828;0.9994940522796307;1.003683262201401;0.9999604895890808;1.0;0.999965884069125;0.999992304507934;1.024999976158142;
2016-07-05 13:30:00;1.0004592158473606;0.9996155306194687;0.9999337045813214;1.000878381390461;1.0;1.0011974637452639;1.0038628470951627;1.0007166799154408;0.9999214926697787;1.0024154183044134;1.0;1.0;0.9999999999999999;1.001121495774457;1.0;1.00027713868474;1.0003158768959894;1.0;1.0029272185540787;0.9999499098043252;1.0;0.999816208755713;1.000305680787829;1.0035986039382627;1.0039692227766104;0.9999828653395272;0.9998676283989709;1.001509458380136;1.0010949536499176;1.0;0.9996054647732182;0.9995017416633748;0.9999110578551202;0.9985881571815914;0.9983543059706033;0.9999999999999999;0.9996569944550043;0.9994906834129306;1.0038218328216277;0.9999285931342823;1.0;0.9999386464807373;0.9999860879767393;1.024999976158142;
2016-07-05 13:45:00;1.0004596871442726;0.9998441606363817;0.9999711752644094;1.0008512460070618;0.9999999999999999;1.001148338953349;1.003544380882863;1.0007030562711905;0.9999631435764275;1.0022718715587475;1.0;1.0;1.0;1.0010987793652357;0.9999999999999999;1.0002761082412683;1.0003141583902226;1.0;1.0027236646578925;0.9999767436638276;0.9999999999999999;0.9999209466513829;1.000304121837766;1.0033023679680153;1.003641720136782;0.9999921799945186;0.9999426266850355;1.001440200279911;1.0009901022900276;1.0;0.9996432838827269;0.9995612567569122;0.999962876779073;0.9987757596507907;0.9985574335713966;1.0;0.9996629362379762;0.9994933418751183;1.0035150227401115;0.9999704434306097;1.0;0.9999715312226846;0.9999946548893656;1.024999976158142;
2016-07-05 14:00:00;1.0004521976949465;0.999871033455643;0.9999762187249033;1.0008345494530786;1.0;1.001124571294784;1.0034510463099948;1.0006907713567723;0.9999695000303088;1.0022185443002554;0.9999999999999999;1.0;1.0;1.0010785374302713;1.0;1.000271537759996;1.0003089163127077;1.0;1.0026562467175433;0.9999807649524877;0.9999999999999999;0.9999340203392962;1.0002990470884348;1.0032154116073873;1.0035458371774155;0.9999935287520101;0.9999518837176501;1.001409189625462;1.0009553916283083;1.0;0.9996414295794157;0.9995604201916332;0.9999694265994871;0.9987736287997941;0.9985355471132383;1.0;0.9997153050725969;0.9995712788982177;1.0034234261214081;0.999975666651446;1.0;0.9999764517275905;0.9999956158057667;1.024999976158142;
2016-07-05 14:15:00;1.000434432123196;0.9998706809784923;0.9999758742946828;1.0008022983420133;1.0;1.0010820126279127;1.0033302630930896;1.0006618670768825;0.9999689089859808;1.0021385863355265;1.0;1.0;0.9999999999999999;1.0010365667707444;1.0;1.0002575488352614;1.0002933175162427;1.0;1.0025617529818693;0.9999802035673576;1.0;0.9999336711475697;1.0002838736323516;1.0031026628695887;1.0034219127716806;0.999992909581491;0.9999516648960555;1.0013567129176593;1.0009212913042271;1.0;0.9996688389623427;0.9995995516400237;0.9999691619869174;0.9988904373723069;0.998658989128235;1.0;0.9997581367212386;0.9996307659431175;1.0033033733268029;0.9999754775254325;1.0;0.9999759440129575;0.9999956227151878;1.024999976158142;
2016-07-05 14:30:00;1.00044339482955;0.999890817816769;0.9999800453432365;1.0008165478538946;0.9999999999999999;1.0011010889529046;1.0033735428450348;1.0006739297075187;0.9999749852169162;1.002171644208981;1.0;1.0;1.0;1.0010562581588405;0.9999999999999999;1.0002593463803304;1.0002957168972182;0.9999999999999999;1.0025986597884236;0.9999836951002673;1.0;0.9999447744192631;1.000286114775071;1.0031427493801979;1.0034665807408982;0.9999934643266457;0.9999596509683198;1.0013796485731599;1.0009268390971737;1.0;0.9996908911833862;0.9996410533727589;0.9999743134479583;0.9990322602986782;0.9987940084667184;1.0;0.9997186652020161;0.9995630676381105;1.0033471155255451;0.9999795180578832;1.0;0.9999804336765842;0.99999624368058;1.024999976158142;
2016-07-05 14:45:00;1.00043734190251;0.9999148650918973;0.9999846734550983;1.0008030237133347;1.0;1.0010815279780256;1.0032922944380698;1.0006654958089314;0.9999810814155896;1.002125927602887;1.0;1.0;1.0;1.001040110371976;1.0;1.0002578052047597;1.0002937618181762;1.0;1.0025406513292268;0.9999876308968652;1.0;0.9999574077664847;1.0002842791259927;1.0030671435045937;1.003382978986599;0.9999949840819004;0.9999689060029295;1.0013537116912692;1.0008965012586868;0.9999999999999999;0.9996748672682039;0.9996180541154861;0.9999801120838487;0.9989615815835025;0.9987351451577716;0.9999999999999999;0.9997533632321927;0.9996041277092879;1.0032673825764933;0.9999841140008624;1.0;0.999985160549571;0.9999970397339836;1.024999976158142;
2016-07-05 15:00:00;1.0004267190731455;0.9999214566009631;0.9999857547274886;1.0007830965484448;1.0;1.0010539637169944;1.0032011194976043;1.0006508829469283;0.999982306311157;1.0020691521074956;1.0;1.0;1.0;1.001014708876238;0.9999999999999999;1.0002546918477484;1.0002899236880063;1.0;1.0024719100898754;0.9999886093432094;1.0;0.9999610399290315;1.0002806492766032;1.0029823857497526;1.0032890915980004;0.9999957048099909;0.9999717991972448;1.0013187226100546;1.0008700196401992;1.0;0.9996639763546208;0.9995979202893449;0.9999814575990578;0.9988922591482148;0.9986744027327916;1.0;0.9997627298761576;0.9996017236802818;1.0031770900506312;0.9999851932365411;0.9999999999999999;0.9999862065030184;0.9999972498258007;1.024999976158142;
2016-07-05 15:15:00;1.0004172275365526;0.999971150734963;0.9999935222468224;1.0007597928303604;0.9999999999999999;1.0010208209873626;1.0030724724782927;1.0006312301964395;0.9999907437338106;1.0019977532861117;1.0;1.0;0.9999999999999999;1.0009872595689684;1.0;1.0002447900707958;1.0002789187823955;0.9999999999999999;1.002380633423329;0.9999937678445225;1.0;0.9999837114954642;1.0002699343896453;1.0028623653318958;1.003157055193519;0.9999969449594787;0.9999881058746415;1.0012764164705328;1.0008333242477716;1.0;0.9996739356011201;0.9996092646755872;0.999992467197778;0.9989212629218824;0.998693280215227;1.0;0.9998004301370962;0.9996726403652842;1.0030512752818697;0.9999941125647025;0.9999999999999999;0.9999927846613396;0.999999124763564;1.024999976158142;
2016-07-05 15:30:00;1.000424621410002;0.9999734870636858;0.999993826247846;1.0007727449939559;1.0;1.0010379155590767;1.0031227347557996;1.000641796522328;0.9999907722569031;1.0020309167317323;1.0;1.0;1.0;1.0010041873630695;1.0;1.0002489857356627;1.0002836703339657;1.0;1.002419698230705;0.9999938325932128;1.0;0.9999839538809847;1.0002745249424172;1.002909186730886;1.0032087342484493;0.9999970199002376;0.9999880454495197;1.0012977781260062;1.0008482856328638;1.0;0.9996719781041207;0.9996074002824774;0.9999930388058929;0.9989182190682668;0.9986775709795512;0.9999999999999999;0.999797087278666;0.9996625683422306;1.0031013192255478;0.9999946015368298;1.0;0.9999928587580882;0.9999992716121809;1.024999976158142;
2016-07-05 15:45:00;1.000426654959565;0.9999771266211629;0.9999942879834601;1.0007757947988487;1.0;1.0010418779974002;1.0031337578983368;1.0006435278702381;0.9999910174879286;1.0020388041168435;1.0;1.0;1.0;1.0010082504917288;1.0;1.0002488074731644;1.0002835544800683;1.0;1.0024285830681166;0.9999939491697413;0.9999999999999999;0.9999848455417507;1.0002743785022254;1.0029193812593566;1.0032201549465618;0.9999969522519845;0.9999884622306269;1.0013028299052313;1.0008500269990876;1.0;0.9996649858136933;0.9995977457759851;0.999993878628967;0.9988893996197309;0.9986550327395792;1.0;0.9998036007509848;0.9996650391585452;1.0031124577953685;0.9999953057268288;1.0;0.9999930576716497;0.9999994606559722;1.024999976158142;
2016-07-05 16:00:00;1.0004246100891834;0.9999838844417619;0.9999962073737242;1.0007715856842794;1.0;1.0010351618410307;1.0030994015465298;1.0006434348342133;0.9999940574618363;1.0020196868119597;1.0;1.0;0.9999999999999999;1.001003205223646;1.0;1.00025224638479;1.0002870559318184;1.0;1.002404162658635;0.9999960928964571;1.0;0.999989291208904;1.0002778690742555;1.0028876851083153;1.0031845928158;0.9999982156539196;0.9999917482289392;1.0012931036705253;1.0008407030989366;1.0;0.9996935844203002;0.9996417467026835;0.9999958695882866;0.9990278239212149;0.998797960544121;0.9999999999999999;0.9997999359579584;0.9996673334954708;1.003078622394083;0.9999968250652805;0.9999999999999999;0.9999954400154338;0.9999996204207292;1.024999976158142;
2016-07-05 16:15:00;1.000422668062886;0.9999803908764245;0.9999951403474701;1.0007682622204015;1.0;1.0010315992197885;1.0030994070384356;1.000637783007506;0.9999923280067167;1.002017290488765;1.0;1.0;1.0;1.0009986169873963;1.0;1.0002467162510684;1.0002811513706122;1.0;1.0024024621091725;0.9999947784835316;1.0;0.9999867374493466;1.00027205459627;1.002887434444722;1.0031848365371248;0.9999972592952463;0.9999897787829569;1.0012896517859022;1.0008438031376188;1.0;0.9996908732102162;0.9996349722584518;0.9999948375119933;0.9990026454063744;0.9987517951777783;1.0;0.9997919353510804;0.9996483348902157;1.0030784342377597;0.999996047194529;1.0;0.9999940541295277;0.9999995558931647;1.024999976158142;
2016-07-05 16:30:00;1.0003998765665043;0.9999668131205638;0.9999933317535692;1.0007287703392809;1.0;1.000979469922256;1.0029515021397797;1.0006049310338225;0.9999909182301567;1.0019173479712022;1.0;1.0;1.0;1.0009464876532095;1.0;1.0002337077610437;1.0002663729915113;1.0;1.002285407101992;0.9999938452817774;1.0;0.9999815456842414;1.0002577514794002;1.0027496934325573;1.0030328241469133;0.9999969428440522;0.9999862010634504;1.0012247082628198;1.0008000784137192;1.0;0.9997134091719038;0.9996667765518998;0.9999919724830288;0.9990955927006197;0.9988615504224327;1.0;0.9998504157594853;0.9997801785166844;1.0029309054250748;0.9999936790760824;1.0;0.9999928746559351;0.9999989786574214;1.024999976158142;
2016-07-05 16:45:00;1.0003981687143264;0.9999758369312212;0.9999952021668317;1.000724793033708;1.0;1.000973410297304;1.0029217332302665;1.0006035026659659;0.9999935728352692;1.0019013485418256;1.0;1.0;1.0;1.0009418540978579;0.9999999999999999;1.0002347053235998;1.00026733000365;1.0;1.0022647412779442;0.9999955929007188;1.0;0.9999866625413955;1.0002587268912881;1.0027220622560964;1.003002124987989;0.9999977292617029;0.999990003848799;1.001216277309516;1.0007938577945221;1.0;0.9997026841400045;0.999646859845466;0.9999942080823351;0.9990274767310934;0.9987788825983903;1.0;0.9998851052368003;0.9998462651877988;1.0029017475883508;0.9999954300969814;0.9999999999999999;0.9999949226232361;0.999999245147257;1.024999976158142;
2016-07-05 17:00:00;1.00039378133585;0.9999801216231905;0.9999951039754892;1.0007160874984116;1.0;1.000961774228051;1.0028896383701693;1.0005946634021474;0.9999925883226966;1.0018809146439478;1.0;1.0;0.9999999999999999;1.000930793486984;1.0;1.000230012745069;1.0002621435231722;0.9999999999999999;1.0022402868494387;0.9999949178033958;1.0;0.999987695881954;1.0002536759658422;1.0026920330233646;1.002969230050295;0.9999972926193814;0.9999908372520605;1.0012023964294277;1.0007660430037337;1.0;0.999696552333281;0.9996493971231815;0.9999946279064723;0.9990502339118379;0.9988083433873062;1.0;0.999896373665019;0.9998539993940071;1.002870034695064;0.9999958510689233;1.0;0.999994216065044;0.9999994716410209;1.024999976158142;
2016-07-05 17:15:00;1.0003858740389378;0.999984648692819;0.9999954311629878;1.0007011278638307;0.9999999999999999;1.00094162393124;1.0028287180795186;1.0005816201074944;0.9999925640529248;1.001842216083044;1.0;1.0;1.0;1.0009116284586175;1.0;1.00022443372706;1.0002558597624347;0.9999999999999999;1.0021938538420845;0.9999948787545855;1.0;0.9999895494368872;1.0002475859938622;1.0026351631555794;1.0029066807638707;0.9999971803954946;0.9999923048509416;1.001177468158488;1.0007360762452226;1.0;0.9996922228747663;0.9996494425756492;0.9999953283203984;0.9990580927272916;0.9988152570024684;1.0;0.9999502218575326;0.9999263256177058;1.002809722969985;0.999996453202746;1.0;0.9999942270261996;0.9999996585409535;1.024999976158142;
2016-07-05 17:30:00;1.0003864305820305;0.999976359247835;0.9999938004452977;1.0007026484278103;1.0;1.000943650377733;1.002842443024922;1.0005816497569509;0.9999899065042055;1.0018485324690034;1.0;1.0;1.0;1.0009129120319817;1.0;1.000224516272659;1.0002559064195942;0.9999999999999999;1.00220227173837;0.9999933220911634;1.0;0.9999836458748264;1.0002476088852528;1.0026480129656248;1.0029208306354407;0.9999968346456726;0.9999875330390403;1.0011805095825796;1.0007423600693173;1.0;0.9996881494338665;0.9996418058022525;0.9999934921251278;0.9990324231471918;0.9987993666246946;1.0;0.999960962428349;0.9999510292776326;1.0028230668333724;0.9999950434387689;1.0;0.9999922726240382;0.999999494457427;1.024999976158142;
2016-07-05 17:45:00;1.000393012170285;0.9999806510625567;0.999994927882014;1.0007142498074042;1.0;1.000958767603763;1.002880443224838;1.0005928440137333;0.9999916758981551;1.001875074609882;1.0;1.0;1.0;1.0009282822847794;1.0;1.0002301505161815;1.0002621713050233;1.0;1.0022329659330584;0.9999945006794069;1.0;0.9999863471830209;1.0002537099882425;1.0026835025438054;1.002959792463618;0.9999974017072966;0.9999895082649687;1.0011987340578896;1.0007624106371356;1.0;0.9996715242023821;0.9996099760706079;0.9999947151429515;0.998924755042294;0.9986746447632372;0.9999999999999999;0.9999563789999236;0.999946445894737;1.002861004806102;0.9999959824693897;0.9999999999999999;0.9999936340347524;0.9999996037250547;1.024999976158142;
2016-07-05 18:00:00;1.0003906101966502;0.9999734526617704;0.9999925956604243;1.0007104064797552;1.0;1.0009532188985308;1.0028695732619781;1.0005896174486881;0.9999875571369361;1.0018667362122682;0.9999999999999999;1.0;1.0;1.0009229684407304;1.0;1.0002314601733229;1.0002633690134903;1.0;1.0022238888713515;0.999992188767954;1.0;0.9999815344030355;1.0002549519544834;1.002673544960641;1.002948431294106;0.9999970849943832;0.9999862813765745;1.001192500876064;1.0007964798501279;1.0;0.9996937983292105;0.9996186253167958;0.99999221776454;0.9989197909045541;0.9986737080620478;1.0;0.9999666146255224;0.9999574753631951;1.0028499916057392;0.9999940960688392;1.0;0.9999906622700955;0.9999994398852302;1.024999976158142;
2016-07-05 18:15:00;1.0003938238910293;0.9999748464144301;0.9999925243236611;1.0007159404870423;0.9999999999999999;1.0009622517419887;1.0029084512619708;1.0005895918420795;0.9999874427245813;1.001889964060837;1.0;0.9999999999999999;1.0;1.0009301128972674;1.0;1.0002244935895455;1.0002562628192029;0.9999999999999999;1.0022525368125446;0.999991551527164;0.9999999999999999;0.9999816972962853;1.0002478690645993;1.0027092098755706;1.0029888768318642;0.9999957044615478;0.9999861859050779;1.0012049783864525;1.0008031825845571;0.9999999999999999;0.9996770410594278;0.9995962684591737;0.9999924907245736;0.9988535154217083;0.9985917432744695;0.9999999999999999;0.9999596993530506;0.9999501790276533;1.0028885750513958;0.9999943362293451;0.9999999999999999;0.999990352474599;0.9999995225430744;1.024999976158142;
2016-07-05 18:30:00;1.0003834905073041;0.9999701872606277;0.9999899728865073;1.0006971370256417;1.0;1.0009360081331902;1.0028342671720243;1.0005739992712233;0.999982170831693;1.0018413588967012;1.0;1.0;0.9999999999999999;1.0009054850593504;1.0;1.0002224801462247;1.0002534970621901;1.0;1.0021950516363358;0.9999886978182082;1.0;0.9999769669377905;1.0002453180797979;1.002640422055919;1.0029123388885346;0.9999954940654915;0.9999830523300942;1.0011730815994409;1.0008019254474039;1.0;0.9997043485069466;0.999622999305862;0.9999901249056736;0.9989173279349831;0.9986662289118219;1.0;0.9999672881999426;0.9999577678022941;1.00281480349476;0.9999926338786548;1.0;0.9999866374812979;0.999999528826301;1.024999976158142;
2016-07-05 18:45:00;1.0003892515499737;0.999976126038796;0.9999932148080095;1.0007078649000778;1.0;1.000949839431856;1.002856005879634;1.0005882114470863;0.9999887178376632;1.0018589520780816;1.0;1.0;1.0;1.000919911808059;1.0;1.0002310422408522;1.0002628963928486;1.0;1.0022143060437048;0.9999928687463331;0.9999999999999999;0.9999838458342801;1.000254510050688;1.0026608829744708;1.0029344583754516;0.9999972582568736;0.999988202493329;1.0011880056768256;1.000799628273407;1.0;0.999677497420458;0.9995870829557317;0.9999928385470582;0.9988115919198554;0.9985532332515326;1.0;0.9999658776973251;0.9999559444977829;1.0028366140045026;0.9999945563338664;1.0;0.9999914993962568;0.9999994642367941;1.024999976158142;
2016-07-05 19:00:00;1.0003721965965318;0.9999675217956427;0.9999915486521415;1.0006776250984863;0.9999999999999999;1.0009097942637195;1.0027461881348387;1.0005610410372072;0.9999863317609914;1.0017843116479597;1.0;1.0;1.0;1.0008798798225598;1.0;1.0002189741836036;1.0002493080168275;0.9999999999999999;1.0021267746141544;0.999991324769813;1.0;0.9999785646301675;1.0002413010123823;1.002558548906115;1.0028217260448096;0.9999966322673833;0.9999840807538167;1.0011387068199946;1.0007763196605581;1.0;0.999711839262403;0.9996324565818768;0.9999908737604377;0.9989435009588735;0.9987255582899451;1.0;0.9999710844762496;0.99996194517307;1.0027271685263748;0.9999930187862597;1.0;0.9999896610679808;0.9999992333206895;1.024999976158142;
2016-07-05 19:15:00;1.0003743303843566;0.9999620307628295;0.9999899756186447;1.0006819942506138;0.9999999999999999;1.0009182257600444;1.0027937706964205;1.000558145133658;0.9999842581722826;1.0018104546530535;1.0;1.0;1.0;1.0008851939781227;1.0;1.00020862588781;1.000238632689139;1.0;1.00216040670313;0.9999892729504127;1.0;0.9999753868312574;1.0002307046209684;1.002602112893569;1.002871265696314;0.9999943866146933;0.9999816828356858;1.0011512829761156;1.000814533256628;1.0;0.9997247968291861;0.9996371985901753;0.9999893206382772;0.9989398732789986;0.998711911038618;0.9999999999999999;0.9999717304850975;0.9999622100451553;1.0027740747555065;0.9999918154676091;0.9999999999999999;0.9999877796898918;0.9999990737848212;1.024999976158142;
2016-07-05 19:30:00;1.000375807352909;0.9999547878543421;0.999988622841673;1.0006856890842755;1.0;1.000923850561069;1.0028172159496833;1.0005607632233757;0.9999827869804354;1.0018236669618954;1.0;1.0;1.0;1.0008896976258324;1.0;1.0002090579741663;1.000239216491894;1.0;1.0021774254325662;0.9999882634018951;1.0;0.9999726242621418;1.0002312660490353;1.0026238679222081;1.0028953710060207;0.9999938994615659;0.9999799730516578;1.0011587202104546;1.0008344319713458;1.0;0.9997206065505249;0.9996218573600936;0.9999874633309482;0.998880519248166;0.9986408929030477;1.0;0.9999723533891512;0.9999632140743743;1.0027970413563911;0.9999903139964695;0.9999999999999999;0.9999865931537594;0.9999987638309521;1.024999976158142;
2016-07-05 19:45:00;1.000363353235098;0.99985860052898;0.9999727796565351;1.0006743524029833;1.0;1.0009137621464177;1.002860632668498;1.0005459012134332;0.9999646598683177;1.0018247076509375;1.0;1.0;1.0;1.0008692228112765;1.0;1.0002003721023829;1.0002296355924638;1.0;1.0021920802851927;0.9999766291945108;1.0;0.999926497821665;1.0002218853425158;1.0026641847316322;1.0029402129400988;0.9999898746190816;0.9999462383352243;1.0011496405926779;1.0009041119019009;1.0;0.9997842640706672;0.9996830724975253;0.9999659256150767;0.9990253762537767;0.9988084315926767;1.0;0.9999722617612938;0.9999631224473543;1.0028362329897194;0.9999729629000147;1.0;0.9999723277189071;0.9999952853724557;1.024999976158142;
2016-07-05 20:00:00;1.0003570001627713;0.9997255650417955;0.999950686076626;1.0006790182663354;1.0;1.000925880874463;1.0029896288514446;1.0005477901004778;0.9999393094148121;1.0018730317018092;1.0;1.0;0.9999999999999999;1.0008681323710007;1.0;1.0002047038835882;1.0002341607872336;1.0;1.0022678800256997;0.9999609055151197;1.0;0.9998649239570543;1.0002263836854783;1.0027846089762096;1.0030724681283436;0.9999854942347491;0.9999023303363487;1.001168827327772;1.0009480173928484;1.0;0.9997690863196887;0.9996579957761945;0.9999354489166103;0.998944697139364;0.9987294617169332;1.0;0.9999725497284753;0.9999642043613394;1.0029588484311769;0.9999484046620746;1.0;0.9999526355571706;0.9999903542783599;1.024999976158142;
2016-07-05 20:15:00;1.000354929322721;0.9998095677451782;0.9999646666420023;1.000665141105727;1.0;1.0009018624671833;1.0028467217150692;1.000541930495431;0.9999551959869147;1.001805105439364;1.0;1.0;1.0;1.000854667265957;1.0;1.0002071555282315;1.0002363832944245;1.0;1.0021743282913107;0.9999713172039162;1.0;0.9999041943085558;1.0002286706907968;1.0026518974268632;1.0029252861384317;0.9999895890971295;0.9999306437412719;1.001135146840359;1.0009011181926848;0.9999999999999999;0.9997879333912405;0.9996874014737155;0.9999545262564226;0.9990366880276157;0.9988402850258026;1.0;0.9999724328264796;0.9999637063276566;1.0028204823131877;0.9999637732647928;1.0;0.9999651995915882;0.9999934330436175;1.024999976158142;
2016-07-05 20:30:00;1.0003504854337526;0.9998222834358803;0.9999662900666461;1.0006554993675834;1.0;1.0008897003801074;1.0028127079874074;1.0005306674326986;0.9999567904467687;1.0017843320961095;0.9999999999999999;1.0;1.0;1.0008429086488353;1.0;1.0001975127697142;1.0002260451915432;1.0;1.0021490236942048;0.9999719242679205;0.9999999999999999;0.9999099823362368;1.0002185211088557;1.0026197696289405;1.0028906856961783;0.9999888541029822;0.9999348970761837;1.0011207365706452;1.0008898285572605;1.0;0.9997785476867822;0.9996725884745374;0.9999571017216923;0.9989893764044241;0.9987798808152978;1.0;0.9999739952476179;0.9999656498684182;1.0027871017254009;0.9999658859936921;1.0;0.9999663302081275;0.999993921076222;1.024999976158142;
2016-07-05 20:45:00;1.0003505633064829;0.9998704997617408;0.99997403644906;1.0006497200445053;0.9999999999999999;1.000879062660323;1.002743521874533;1.0005281764188987;0.9999652354368392;1.0017531478633515;1.0;1.0;1.0;1.0008380788819695;1.0;1.0001982996407197;1.0002267297065373;1.0;1.002104889333322;0.9999774249031735;1.0;0.9999320425539581;1.0002192339012375;1.0025554641446377;1.0028194735623426;0.9999908888663297;0.9999507861012873;1.0011057398972167;1.0008680997107926;0.9999999999999999;0.9997864096241664;0.9996842153774325;0.9999678816028658;0.9990251070303865;0.9988120832735963;1.0;0.9999733845307881;0.9999642452065868;1.0027204164874282;0.9999746057951835;1.0;0.9999730367359437;0.9999957291967136;1.024999976158142;
2016-07-05 21:00:00;1.0003389275019463;0.9998759478809681;0.9999762574164577;1.0006282041548518;1.0;1.0008481498817576;1.002630487687612;1.0005159765689455;0.9999687215244728;1.0016834117255498;1.0;1.0;0.9999999999999999;1.0008103600636968;1.0;1.0002005820994166;1.0002284644831372;1.0;1.0020195966021497;0.9999802102540966;1.0;0.9999356186616908;1.0002211033948298;1.0024508006400004;1.0027028442051216;0.999993072683006;0.9999532119772933;1.0010650134574974;1.000831387791439;1.0;0.9997981499553934;0.9997023468137051;0.9999699651968322;0.999081899077534;0.9988986071815271;1.0;0.9999729880130194;0.999963848692442;1.0026084163537186;0.9999761793533394;0.9999999999999999;0.999975912759028;0.9999958653567478;1.024999976158142;
2016-07-05 21:15:00;1.0003494833582116;0.9999342052968374;0.9999857717234739;1.0006403817956029;1.0;1.0008625936369953;1.002638264704629;1.0005259012904102;0.9999796444114817;1.0017030964357223;0.9999999999999999;1.0;1.0;1.000829544573506;1.0;1.0002009061283879;1.0002292637878725;1.0;1.0020356687871503;0.999986791761751;0.9999999999999999;0.9999629576454154;1.0002217783460048;1.0024577122290148;1.0027110967152106;0.9999944888997526;0.9999728858982166;1.001081767498942;1.0008030070739449;1.0;0.9997683326555991;0.9996774773072995;0.9999831421366059;0.9990308365323306;0.9988234276841013;1.0;0.999972461888621;0.9999625286236742;1.002618472004786;0.999986804854945;1.0;0.999984336693573;0.9999980125578559;1.024999976158142;
2016-07-05 21:30:00;1.00034540048478;0.9999515386726329;0.9999891041790505;1.0006309839328489;1.0;1.0008504508318528;1.0025956505271614;1.0005158703795753;0.9999842707710651;1.0016784727405563;1.0;1.0;1.0;1.0008181187963046;1.0;1.0001916832277673;1.0002193842759053;1.0;1.002004612340549;0.9999892243363686;1.0;0.9999715410113479;1.0002120539858885;1.0024176214923741;1.00266769542964;0.9999943783078943;0.9999787823236118;1.0010664356907484;1.0007977296749773;1.0;0.9997877453660032;0.9997020088993473;0.999987556531549;0.9991008912899589;0.9989103593412626;1.0;0.9999736226374718;0.9999644833110944;1.0025767853180252;0.9999903014845066;0.9999999999999999;0.9999876713856447;0.9999986118377456;1.024999976158142;
2016-07-05 21:45:00;1.000345856109223;0.9999462286378644;0.9999882805792265;1.000632482069535;1.0;1.0008522014188603;1.0026007232552545;1.0005183572457066;0.9999833110141702;1.0016811525464315;0.9999999999999999;1.0;1.0;1.000819801797819;1.0;1.0001947954298904;1.0002226745236558;1.0;1.0020081598991284;0.9999887927845041;1.0;0.9999691928032126;1.0002153022517257;1.0024225160795233;1.0026727533562438;0.9999946006422104;0.9999771698626461;1.001068425777044;1.0008095406293436;1.0;0.9997809144906608;0.999683753208728;0.9999863333740314;0.9990333638994676;0.9988205640659218;1.0;0.9999730913596667;0.999963570906768;1.0025816434517278;0.9999893117272741;1.0;0.9999869920386012;0.9999984059246734;1.024999976158142;
2016-07-05 22:00:00;1.0003445892253173;0.9999208489128264;0.9999829389046392;1.0006329327361094;1.0;1.0008538643313625;1.0026286607077493;1.0005169369006044;0.9999758533639872;1.001692215987764;1.0;1.0;1.0;1.0008190884971426;1.0;1.0001948073128557;1.0002226368209646;1.0;1.002025152689182;0.999984214035326;0.9999999999999999;0.9999560294904618;1.0002152924200114;1.0024485603418263;1.0027013965895566;0.9999932224307466;0.9999679368104355;1.0010721412435493;1.0007985196751916;1.0;0.9997818140120767;0.9996995403379957;0.9999797134877497;0.999101212926883;0.998885551266934;1.0;0.9999735258051783;0.9999647992968167;1.0026083582330694;0.9999840983997367;1.0;0.9999813492648169;0.9999975650225131;1.024999976158142;
2016-07-05 22:15:00;1.000337677508683;0.9999389982032069;0.9999868484693386;1.0006186976123248;1.0;1.0008333971161822;1.002544494087906;1.0005088750168916;0.9999815460204894;1.0016438906502056;1.0;1.0;1.0;1.0008016381475169;1.0;1.0001945809267196;1.0002220442772543;1.0;1.001964492000213;0.9999879344093622;1.0;0.9999665849827329;1.0002148124700834;1.0023703922271316;1.0026146771660613;0.9999948490720337;0.9999757874959866;1.001044798609055;1.0007868162453453;1.0;0.999803907705604;0.9997228859388541;0.9999843027060599;0.9991606022677577;0.998946787370808;1.0;0.9999726582283529;0.9999635189107897;1.0025255130872648;0.9999876788745002;1.0;0.9999857208709947;0.9999980837279685;1.024999976158142;
2016-07-05 22:30:00;1.0003345415468905;0.9999199057038464;0.9999831404100155;1.0006150240912954;1.0;1.000830488857776;1.002561036884602;1.0005013734237675;0.9999767279457886;1.0016473425942782;1.0;1.0;0.9999999999999999;1.0007957411880888;1.0;1.00018684224943;1.0002138009765982;1.0;1.0019722041557635;0.9999845655051243;1.0;0.99995653292758;1.0002066898311703;1.0023854307885158;1.0026320204526316;0.9999930021250516;0.9999683669675131;1.0010430016087677;1.0007917866317966;0.9999999999999999;0.9998063448424598;0.999727153107658;0.9999797260813199;0.9991746858946406;0.998962437456289;1.0;0.9999717982048821;0.9999630717115973;1.0025410788141813;0.9999840557158836;1.0;0.9999818882828395;0.9999974662678288;1.024999976158142;
2016-07-05 22:45:00;1.000331435062427;0.9999212630388401;0.9999827762204214;1.0006090246493387;1.0;1.0008214849697148;1.002530119343731;1.0004976159870531;0.9999754625925046;1.001628587153916;1.0;1.0;1.0;1.000788033981136;0.9999999999999999;1.0001885625364269;1.000215382895745;1.0;1.0019492656326094;0.9999840726294995;1.0;0.9999562966190704;1.0002083158568515;1.0023568872730595;1.0026000174683838;0.9999933901792769;0.9999683194576456;1.001031650352759;1.0007802097188219;1.0;0.9998171694976797;0.9997452137336581;0.9999795727731771;0.99923314754593;0.999042289836395;1.0;0.9999739401818417;0.9999652136698644;1.002510493852365;0.9999840008899916;1.0;0.9999810948240176;0.9999975725440807;1.024999976158142;
2016-07-05 23:00:00;1.0003340139410992;0.9999359533796693;0.9999839649035819;1.0006114961775354;1.0;1.0008245198764167;1.0025378101969982;1.0004971002285066;0.9999754352206757;1.0016365250733217;1.0;0.9999999999999999;0.9999999999999999;1.0007920507076489;0.9999999999999999;1.0001858968505533;1.0002126444722528;1.0;1.001957307370463;0.9999839254382625;1.0;0.9999612997772043;1.0002055950602928;1.0023638424564203;1.0026080955073027;0.9999929088489178;0.9999718941447455;1.0010362151586947;1.0007989101400059;0.9999999999999999;0.999827113688884;0.9997493892957527;0.9999821324073096;0.999232164913298;0.9990261644893675;1.0;0.9999737200499819;0.99996340564148;1.002518749262061;0.9999861954764581;1.0;0.9999811535746452;0.9999982387432013;1.024999976158142;
2016-07-05 23:15:00;1.0003335432517346;0.9999162028640965;0.9999798387808887;1.0006122972927158;1.0;1.000825136810133;1.002552374873649;1.000497543731375;0.9999689951087969;1.0016413021417356;1.0;1.0;1.0;1.0007918094471284;1.0;1.0001897321196653;1.00021653608447;1.0;1.0019649977210037;0.9999803254119397;1.0;0.9999489925504004;1.0002094443485832;1.0023777652972043;1.0026228508183168;0.9999925378604447;0.9999626066643353;1.0010377960236037;1.0008033641780127;1.0;0.9998298887412621;0.9997539029294515;0.9999772377974159;0.9992465967164155;0.9990438891003997;1.0;0.9999744774595313;0.9999653381253412;1.0025325282663227;0.9999823970593077;1.0;0.9999764578007064;0.9999977244300153;1.024999976158142;
2016-07-05 23:30:00;1.0003301388529369;0.9999156487698375;0.9999813439846099;1.0006068216178237;0.9999999999999999;1.000818883925743;1.002532340597413;1.0004932419597627;0.9999728876360942;1.0016274313587734;0.9999999999999999;1.0;1.0;1.0007846567886314;1.0;1.0001850117540552;1.0002115260813973;1.0;1.0019488284828972;0.999982405694476;1.0;0.9999514789816928;1.000204507713492;1.0023588586802494;1.002602476985128;0.9999926647308524;0.999964350858977;1.0010292975283397;1.0007974018894825;1.0;0.9998298161183469;0.9997534074630454;0.9999781971768525;0.9992445437342604;0.9990397851737165;1.0;0.9999759371697197;0.9999667978221884;1.002512491674693;0.9999829812650709;1.0;0.9999791518474365;0.9999975194544539;1.024999976158142;
2016-07-05 23:45:00;1.0003242676754514;0.999929356198192;0.9999839417788544;1.0005949256522684;0.9999999999999999;1.00080143472666;1.002460898370023;1.0004873728432055;0.9999763736631877;1.0015864546886317;1.0;1.0;1.0;1.0007701407370007;1.0;1.0001871719944895;1.0002134836408105;1.0;1.0018975714343834;0.9999849004855706;1.0;0.9999595483375001;1.0002065503400468;1.0022926329530286;1.002528706555299;0.9999941277147162;0.9999706582760368;1.0010061016415623;1.0007750533626443;0.9999999999999999;0.9998463161253092;0.99977865162673;0.9999812728948492;0.999323719104713;0.9991357840020477;1.0;0.9999762669061862;0.9999671275556414;1.0024421070362028;0.9999854022168135;1.0;0.9999819466083465;0.9999979076226552;1.024999976158142;
2016-07-06 00:00:00;1.0003238922535882;0.9999303244838804;0.99998473541227;1.0005943717244914;1.0;1.000800581882068;1.0024536575425105;1.0004882321785724;0.9999780329426552;1.001582433974141;1.0;1.0;1.0;1.0007695113139392;1.0;1.0001882060055869;1.000214577588987;1.0;1.001892409816793;0.9999859604238919;1.0;0.9999610233208736;1.000207629284659;1.0022859405090052;1.0025212200766338;0.9999945741642852;0.9999717310932372;1.001004436182428;1.0007750183965893;1.0;0.9998411993231104;0.9997688592594579;0.9999818902751723;0.9992904241986841;0.9991030187216624;1.0;0.9999772682124716;0.9999681288527751;1.0024349476638053;0.9999858294152311;1.0;0.9999831824373641;0.9999978734768148;1.024999976158142;
2016-07-06 00:15:00;1.0003195411096193;0.9999352160935231;0.999984721083681;1.0005854885235308;1.0;1.0007890795212813;1.0024253322829186;1.0004775551548422;0.9999770824071076;1.0015637729652687;1.0;1.0;0.9999999999999999;1.0007580798795745;0.9999999999999999;1.0001805130518184;1.0002062287783027;1.0;1.0018702003901228;0.9999851410044968;0.9999999999999999;0.9999616477380393;1.0001994394921605;1.0022593011166894;1.0024923700754125;0.9999937606669703;0.9999719675670738;1.0009910434083138;1.0007637726210983;1.0;0.9998604119908497;0.9998006254882037;0.9999825908780107;0.9993930526823472;0.9992321720589233;1.0;0.9999785333550856;0.9999709818933646;1.0024069862756337;0.9999864873831696;1.0;0.9999824333737373;0.9999981651322937;1.024999976158142;
2016-07-06 00:30:00;1.0003124253473843;0.999940266365006;0.9999870429628446;1.0005727029563611;1.0;1.000771676310717;1.002359981284295;1.0004702768625098;0.9999817320713162;1.0015237087782702;1.0;1.0;1.0;1.0007418435903064;1.0;1.0001792710095305;1.000204640730354;1.0;1.001821381715932;0.9999880597033378;0.9999999999999999;0.999967132133306;1.0001979593917631;1.0021985392718162;1.0024250787335554;0.9999948985169481;0.9999761810464421;1.000967775441859;1.0007434591281812;1.0;0.9998742411097794;0.9998215658269025;0.9999845806324535;0.9994583727789238;0.999321138646004;1.0;0.9999771103661602;0.9999675898749978;1.0023422363611743;0.9999879063507724;1.0;0.9999858733478615;0.9999981355135635;1.024999976158142;
2016-07-06 00:45:00;1.0003086125421725;0.999945262779111;0.9999884576005255;1.0005651464854646;0.9999999999999999;1.00076092808439;1.0023205982274161;1.0004650228161573;0.999983718641312;1.0014996522190762;1.0;1.0;1.0;1.0007321736261305;1.0;1.0001781112507353;1.0002031868314976;1.0;1.0017916037952048;0.9999894079176811;1.0;0.9999693122206629;1.0001965609052785;1.0021619710452139;1.0023845830122426;0.9999955643558384;0.9999774020643631;1.000953666137407;1.0007323391887093;1.0;0.9998827068641469;0.9998336038621062;0.9999862308317224;0.9994949464958892;0.999376002987314;1.0;0.9999765728998865;0.999966639594103;1.002303339347912;0.9999891991949941;1.0;0.9999874322065467;0.9999983323273789;1.024999976158142;
2016-07-06 01:00:00;1.0003032887258616;0.9999524050476636;0.9999909986817631;1.0005547934479309;1.0;1.0007459462778903;1.0022608095795869;1.0004593528885928;0.9999877895297963;1.001463637937757;0.9999999999999999;1.0;0.9999999999999999;1.0007189285253435;0.9999999999999999;1.000178408519116;1.0002031884171367;1.0;1.001746786204446;0.9999921660922595;1.0;0.9999733471978869;1.000196611964271;1.0021065418990363;1.0023230180462341;0.9999969818779053;0.9999798568593146;1.000933377688697;1.0007100096377426;0.9999999999999999;0.9998961282035136;0.9998566380650562;0.9999888996431465;0.9995703437104759;0.9994787847557542;1.0;0.9999776856265395;0.9999685462630281;1.002244277554863;0.9999912359045043;1.0;0.9999905789567461;0.9999985473376125;1.024999976158142;
2016-07-06 01:15:00;1.0003027508795324;0.9999483424641546;0.9999892252059842;1.000554417435244;1.0;1.0007467024077457;1.002275074003521;1.0004565167570647;0.999985170455963;1.001470900848745;1.0;1.0;1.0;1.0007184580457362;1.0;1.0001743273339243;1.0001989521783061;0.9999999999999999;1.0017571175571094;0.9999902253341841;1.0;0.9999719571484162;1.000192460122772;1.0021195098390503;1.0023378074211433;0.999995691471544;0.9999795476136788;1.0009356427556875;1.000716563981769;1.0;0.999898960654433;0.9998597939276279;0.9999870022563038;0.999578781473854;0.9994863692825088;1.0;0.9999770809036729;0.9999675604127907;1.0022582071546244;0.9999897704548015;0.9999999999999999;0.9999884731397841;0.9999983611724341;1.024999976158142;
2016-07-06 01:30:00;1.000300885350296;0.9999724340867716;0.9999936161761116;1.000548094929734;0.9999999999999999;1.0007380807096187;1.0022384187003428;1.0004493999896518;0.9999906670857907;1.001451805968146;1.0;1.0;1.0;1.0007114123950862;1.0;1.000166934718507;1.0001910616802367;1.0;1.0017316355085244;0.9999933206320053;1.0;0.9999830429653509;1.0001846737750568;1.0020850316071854;1.0023005006808434;0.9999959514808767;0.9999870976526226;1.0009245074761326;1.0007081447661939;1.0;0.9998973614950581;0.999854796242179;0.9999929508588868;0.9995598106654665;0.9994615571967903;1.0;0.9999773685933437;0.9999686420514474;1.0022227034471918;0.9999945317254363;1.0;0.9999925851803769;0.9999992630116558;1.024999976158142;
2016-07-06 01:45:00;1.0002928775800417;0.9999651822135324;0.9999918617041159;1.0005344876400144;1.0;1.000719524067677;1.0021849549542472;1.0004395004513578;0.9999881024204714;1.0014161187716402;0.9999999999999999;1.0;1.0;1.0006935118448563;1.0;1.0001663213976728;1.00019000459621;1.0;1.0016899496547391;0.9999919716124029;1.0;0.9999798377471357;1.0001837631281816;1.002035452766055;1.0022452914587185;0.9999960067226674;0.9999852634882037;1.000901487753911;1.000689836444457;1.0;0.999916283598935;0.9998849995895496;0.9999907137346906;0.999656092765172;0.9995948900441591;1.0;0.9999784726203857;0.9999701272038198;1.002169327307492;0.9999927719865168;1.0;0.9999907418331323;0.9999989826632336;1.024999976158142;
2016-07-06 02:00:00;1.000288767707946;0.9999734240765954;0.9999940916138478;1.0005263147361732;1.0;1.000706957976276;1.002129008372942;1.0004371472199698;0.9999914183801972;1.0013839138483462;1.0;1.0;1.0;1.000683387332193;1.0;1.0001705264330896;1.0001941764570264;1.0;1.0016494073033169;0.9999944403675777;1.0;0.9999848292375509;1.0001879472376407;1.00198375458957;1.0021874484863529;0.9999976745840388;0.9999889098192514;1.0008841236335206;1.000671327755236;0.9999999999999999;0.9999337634405003;0.9999126365803582;0.9999930804477295;0.9997439511979178;0.9996948083604562;0.9999999999999999;0.9999774896147116;0.9999675562998217;1.0021141516686896;0.9999945968889801;1.0;0.9999934088101059;0.9999992090969664;1.024999976158142;
2016-07-06 02:15:00;1.000294644742087;0.9999826542939315;0.9999955019524097;1.0005355908681952;1.0;1.0007194511926556;1.0021653705406606;1.0004428532444845;0.9999927642301525;1.0014089280569136;1.0;1.0;1.0;1.0006957966489878;1.0;1.000169808728046;1.000193685299743;1.0;1.0016782187210447;0.9999950909775246;1.0;0.9999879890443459;1.0001873704082993;1.0020174212374628;1.0022250588282995;0.9999974454738391;0.9999907691626756;1.0008999642822098;1.0006829376686777;1.0;0.9999229565084853;0.9998960493831154;0.9999953038728551;0.9996920214778491;0.9996392847368526;0.9999999999999999;0.9999788762415106;0.9999701496864576;1.0021506426386124;0.9999964200398683;1.0;0.9999944038084474;0.9999996292342291;1.024999976158142;
2016-07-06 02:30:00;1.000296918789555;0.9999822274739539;0.9999951105968667;1.0005397767167734;1.0;1.0007256266712388;1.0021884479470182;1.0004449967792763;0.9999921638019588;1.001423236438813;0.9999999999999999;1.0;1.0;1.0007012682833518;1.0;1.0001687847967908;1.0001927552139547;1.0;1.001695777943345;0.9999945482368686;1.0;0.9999878515531346;1.0001864246758125;1.002038748258399;1.0022488848594235;0.9999969098841314;0.9999908131036789;1.0009081847339993;1.0006901440869644;0.9999999999999999;0.9999204572669242;0.9998924807868425;0.9999949554895298;0.9996812589599833;0.9996290019258329;1.0;0.9999772571750435;0.9999677366824833;1.0021735175391728;0.9999961585358526;1.0;0.9999938857523799;0.9999996094796612;1.024999976158142;
2016-07-06 02:45:00;1.0002963252536714;0.9999852641429487;0.9999961222370612;1.0005384666508563;1.0;1.000724286119654;1.0021834230568987;1.000443305881083;0.9999940064521149;1.0014202265235608;1.0;0.9999999999999999;1.0;1.000699688281575;1.0;1.0001660086530992;1.0001898399981406;1.0;1.0016919582464578;0.9999954992773871;0.9999999999999999;0.9999898772451697;1.0001835369060763;1.002033902415468;1.0022438849022106;0.999996860361708;0.9999921255260366;1.0009063518512993;1.00068834993363;1.0;0.9999257807570845;0.9999009895282019;0.9999960589630901;0.9997083939975957;0.9996579492472745;1.0;0.9999800717350951;0.9999701383945556;1.0021686202016358;0.999996991081863;1.0;0.9999951762053496;0.999999680171624;1.024999976158142;
2016-07-06 03:00:00;1.0002944031934224;0.9999771132984865;0.9999948745245828;1.000535914206584;1.0;1.0007197989485406;1.0021663307156963;1.0004442642758942;0.9999923316103235;1.0014087422610165;1.0;1.0;1.0;1.0006959149790133;1.0;1.000171926102354;1.0001959096773652;1.0;1.001678420150048;0.9999949281414823;1.0;0.9999858458208079;1.000189569223182;1.0020184333321995;1.0022259372744013;0.9999976609822556;0.9999892683768419;1.0009001262579116;1.0006845909002955;0.9999999999999999;0.9999279799114125;0.9999030104201105;0.9999942056432867;0.9997129671555557;0.9996641851948448;1.0;0.9999853719581309;0.9999766453463911;1.002151398438846;0.9999955056343385;1.0;0.9999940789054999;0.9999993953078085;1.024999976158142;
2016-07-06 03:15:00;1.000292300092854;0.9999764483474647;0.999993741805541;1.0005319341056373;1.0;1.0007146540815204;1.0021573317318926;1.0004393219641325;0.9999899434874052;1.0014021447881225;1.0;0.9999999999999999;1.0;1.0006907734123214;1.0;1.0001692206650254;1.0001929364153272;1.0;1.0016711279688475;0.9999934108510975;1.0;0.9999844566320233;1.0001866778817363;1.002009969522185;1.0022167232742571;0.9999970154327608;0.9999884512647228;1.000894596287493;1.0006806780160278;1.0;0.9999343529303197;0.9999137458875026;0.9999933159452671;0.9997479062932497;0.9997084747472484;1.0;0.9999834722122446;0.9999731577031522;1.0021424217839492;0.9999948897358903;1.0;0.9999923149143582;0.9999994438908509;1.024999976158142;
2016-07-06 03:30:00;1.0002920591412177;0.9999806836200568;0.9999948371776443;1.0005312291471748;1.0;1.0007137570235412;1.002150413548228;1.0004392941771905;0.9999918212458343;1.0013988251037451;1.0;0.9999999999999999;0.9999999999999999;1.000690144598053;1.0;1.0001687896900417;1.000192504752653;1.0;1.0016666569079427;0.9999945063091972;0.9999999999999999;0.9999874642118619;1.0001862534894428;1.0020034764657892;1.0022096329750882;0.9999972556410003;0.9999907267611928;1.000893094103622;1.0006798209297323;0.9999999999999999;0.9999295218849026;0.9999051286427213;0.9999944932242506;0.9997193014058087;0.999676709276855;1.0;0.9999852127713311;0.9999772801215651;1.0021356937962813;0.9999957834718529;1.0;0.9999936885031606;0.9999995297666037;1.024999976158142;
2016-07-06 03:45:00;1.0002906442394939;0.9999879264345719;0.9999962581928314;1.0005280365092193;1.0;1.000710912825589;1.0021461336465511;1.0004335259862216;0.9999942426438508;1.0013959739391787;1.0;1.0;1.0;1.000686397796958;1.0;1.0001601523433847;1.0001834468689752;1.0;1.001663413436505;0.9999954371514154;1.0;0.9999919617284349;1.0001773096278421;1.001998959030722;1.0022056656342753;0.9999964062894671;0.9999940160295456;1.0008900660242894;1.0006796286509858;1.0;0.9999342734769924;0.9999118280669661;0.9999963198487523;0.9997395548708963;0.9996902477909763;1.0;0.9999841027311988;0.9999753761305354;1.002131612008292;0.9999972002754643;1.0;0.9999952725539185;0.9999997204617452;1.024999976158142;
2016-07-06 04:00:00;1.0002928509989317;0.9999805101181091;0.9999948403842491;1.0005327974097178;1.0;1.0007163490623907;1.0021605617048612;1.000439875731029;0.9999920601827621;1.0014049463970929;1.0;1.0;1.0;1.0006922104974516;1.0;1.0001674999973902;1.0001912272033544;1.0;1.0016742937426042;0.9999945026434066;1.0;0.9999878694135441;1.0001849790915545;1.002012792874445;1.002220154375963;0.9999969615111891;0.9999911185900532;1.0008965264093617;1.0006841359834653;1.0;0.9999254585215729;0.9998980443574683;0.9999944480435057;0.9996959689787451;0.9996418391409779;1.0;0.9999838697735719;0.9999747303535401;1.0021457308886357;0.9999957301942681;1.0;0.9999937918985935;0.9999994902721822;1.024999976158142;
2016-07-06 04:15:00;1.0002930990022885;0.9999774158647711;0.9999946050979014;1.0005332485594185;1.0;1.0007165359240635;1.0021617141919856;1.0004401144455426;0.9999915367708915;1.001404785771532;1.0;1.0;1.0;1.000692353744587;1.0;1.0001682619136503;1.000191965246053;0.9999999999999999;1.001673996085347;0.9999943189875323;1.0;0.9999848471853283;1.000185681722277;1.0020139967933364;1.0022213581377355;0.9999971789127362;0.9999882848137829;1.0008966184633519;1.0006809038881153;1.0;0.9999300606573891;0.999907866071459;0.9999941915572893;0.9997303137099607;0.9996807534187415;1.0;0.9999852689911586;0.999976923517873;1.002146804170084;0.9999955424808851;0.9999999999999999;0.9999934641799926;0.9999994849416839;1.024999976158142;
2016-07-06 04:30:00;1.000294659708842;0.9999757057910057;0.9999935570578515;1.000536143846311;1.0;1.0007202107653304;1.0021750842444221;1.0004424880364662;0.9999894781060847;1.0014133597219113;1.0;1.0;1.0;1.0006961430350456;1.0;1.000170429685683;1.0001943022437731;1.0;1.0016844966115146;0.9999931536023204;1.0;0.9999834264296024;1.0001879903375568;1.0020265228321765;1.0022349869948806;0.9999969720076184;0.9999875180345482;1.0009016340569443;1.0006857289239022;0.9999999999999999;0.9999237132556232;0.9998975223743045;0.9999931832575261;0.9996970685273581;0.9996445264702851;1.0;0.9999839913112726;0.9999744707545984;1.0021600415118417;0.9999948052431178;1.0;0.9999919937490945;0.9999994651935691;1.024999976158142;
2016-07-06 04:45:00;1.000293784605023;0.9999783338871522;0.999994029588989;1.0005343921185872;1.0;1.0007186419538936;1.0021732789151478;1.0004395092633116;0.9999903899971292;1.0014119451969359;1.0;1.0;0.9999999999999999;1.0006940460805929;1.0;1.0001661876766166;1.0001898530886042;1.0;1.0016830652510509;0.9999934320365877;0.9999999999999999;0.9999853320441473;1.0001836027465911;1.002024574823544;1.0022333312300875;0.9999964891998917;0.9999890009334904;1.0009000006580366;1.0006872077093174;1.0;0.9999290489218475;0.9999045080897243;0.9999937882612666;0.9997174783578612;0.9996589710519358;1.0;0.9999847373698002;0.9999760107635984;1.0021582902471102;0.9999952676888277;1.0;0.9999925536922449;0.9999995153377611;1.024999976158142;
2016-07-06 05:00:00;1.0002954194318743;0.9999825204069638;0.9999950398993185;1.0005369517646892;1.0;1.0007216753395505;1.002176191611443;1.0004427258934825;0.9999918877513462;1.0014154584738733;0.9999999999999999;1.0;1.0;1.0006976080243635;1.0;1.0001683319418848;1.0001921863139658;1.0;1.0016864064504467;0.99999442411855;1.0;0.9999877113559194;1.000185885534351;1.002027359730373;1.0022362665495996;0.9999969521241441;0.9999907003446239;1.0009032688149315;1.0006873572593273;1.0;0.9999255921439416;0.9998996672090847;0.9999949461736948;0.9997029370464076;0.9996579775938811;1.0;0.9999834722122445;0.9999731577031522;1.0021613745058582;0.9999961677544494;1.0;0.9999937072808812;0.9999996399230288;1.024999976158142;
2016-07-06 05:15:00;1.000295327969071;0.9999836395257697;0.9999955328026318;1.0005368320982073;0.9999999999999999;1.0007209723251498;1.0021677538045812;1.0004446529274835;0.9999927972570638;1.0014112618907567;1.0;1.0;1.0;1.000697598616199;1.0;1.0001714715163654;1.0001954831849458;1.0;1.0016808353535083;0.9999951578017053;0.9999999999999999;0.9999889751264426;1.0001891503931297;1.002019676333132;1.002227420700174;0.9999975638715688;0.99999175735821;1.0009017615823503;1.0006842627374677;1.0;0.9999347959763194;0.9999144767326924;0.9999953194861247;0.9997504105188352;0.9997057637001041;1.0;0.9999839853119592;0.9999740519325442;1.002153064484377;0.999996431706062;1.0;0.999994446576162;0.9999996300533922;1.024999976158142;
2016-07-06 05:30:00;1.0002943883298467;0.999977245042503;0.9999947106282544;1.0005361003652657;1.0;1.0007206781467373;1.0021721083180295;1.0004437424267634;0.9999923225087646;1.001412090276523;0.9999999999999999;1.0;1.0;1.000696331024128;1.0;1.0001701998153043;1.0001941556749807;1.0;1.001682941407815;0.9999947452244499;0.9999999999999999;0.9999868456048093;1.0001878460464406;1.0020236448536746;1.002231942082955;0.999997247563964;0.999990360104598;1.0009015647392923;1.0006794064821871;1.0;0.9999239860026694;0.9999019209668585;0.9999939716522868;0.9997160835553993;0.999669265519326;0.9999999999999999;0.9999856104006316;0.9999768837868113;1.0021570794079386;0.9999953059055635;0.9999999999999999;0.9999939891741266;0.9999993360716439;1.024999976158142;
2016-07-06 05:45:00;1.00029693505609;0.9999836234539292;0.9999962325158451;1.0005400019705208;1.0;1.000725801292964;1.002182342005493;1.0004470110482016;0.9999945578046733;1.0014202628117521;1.0;1.0;1.0;1.0007016689883603;1.0;1.0001704760351628;1.0001945747961092;1.0;1.0016917271677073;0.9999960563371337;1.0;0.9999900429411254;1.000188213413521;1.0020331183307731;1.0022425500779377;0.9999975248727889;0.9999924352262552;1.0009075504158103;1.0006542188603258;1.0;0.9999083257415771;0.9998975882632798;0.9999958277383483;0.9997274256668439;0.9996796933173787;1.0;0.999985432694723;0.9999775000432123;1.0021675026367338;0.9999967586614659;0.9999999999999999;0.9999956492918499;0.9999995548305071;1.024999976158142;
2016-07-06 06:00:00;1.0003100807093344;0.9999842390349403;0.9999955830508733;1.0005634233489178;1.0;1.0007567709926264;1.0022762963242289;1.0004660532793637;0.9999927377125322;1.0014817479839437;1.0;1.0;1.0;1.0007321555204536;0.9999999999999999;1.0001788255567927;1.0002039653066728;1.0;1.0017647286086133;0.9999950501335374;1.0;0.9999887783948304;1.0001973251648446;1.0021208191698587;1.0023389949599413;0.9999973685242682;0.9999914457061383;1.0009466182387166;1.0006920897846967;1.0;0.9999047490321138;0.9998871576833671;0.9999955030216963;0.9996888320755104;0.9996437840065654;1.0;0.9999150266568413;0.9999055067567598;1.0022608709063567;0.9999965922848839;0.9999999999999999;0.9999943847212097;0.9999996820690291;1.024999976158142;
2016-07-06 06:15:00;1.0003216508260881;0.9999838542348936;0.9999958297317121;1.0005847411394262;1.0;1.0007862790610098;1.002367845752159;1.000482836202473;0.9999937374975073;1.00154054659742;1.0;1.0;1.0;1.000759927709127;1.0;1.0001826298289476;1.0002086393638765;1.0;1.0018352814315534;0.9999953784847596;0.9999999999999999;0.9999897676961036;1.000201779024904;1.0022059218769515;1.0024332116864922;0.9999969320100615;0.9999922916528174;1.0009836288374254;1.0007503212066646;1.0;0.9998836549094476;0.9998341033125615;0.9999955910001453;0.999496460284814;0.9994486638293325;1.0;0.9998701884751439;0.9998622567378388;1.0023516983401934;0.9999966063214142;1.0;0.9999949779034134;0.9999995847762428;1.024999976158142;
2016-07-06 06:30:00;1.000335385861403;0.9999817612259858;0.9999958222635064;1.000609780333895;1.0;1.00081944755884;1.0024649421206568;1.0005045334040843;0.9999937730740265;1.0016036928950816;1.0;1.0;1.0;1.0007922769503266;1.0;1.0001924416117496;1.000219623079787;1.0;1.001910185556302;0.9999955372092326;1.0;0.9999881798580831;1.0002124319355752;1.0022965942135669;1.0025328946429508;0.9999972711490905;0.9999907906243886;1.0010246804805905;1.0007708474192873;0.9999999999999999;0.9998830639496565;0.9998416381960766;0.9999954719067469;0.9995315890626927;0.9994820080812062;0.9999999999999999;0.9998163399990511;0.999802439479296;1.00244808638582;0.999996501725933;1.0;0.9999950565133908;0.9999995435324818;1.024999976158142;
2016-07-06 06:45:00;1.0003365480411672;0.9999834720382011;0.9999960074266945;1.0006117783085366;0.9999999999999999;1.000821275364271;1.0024636513101879;1.0005084992899018;0.9999938295858924;1.0016045889049303;1.0;1.0;1.0;1.0007951171561718;1.0;1.0001974854373359;1.000224963022835;1.0;1.0019105575565919;0.9999958459278703;1.0;0.9999893128607211;1.0002177110960104;1.002295604161063;1.002531322803818;0.9999979172077869;0.999991876079743;1.0010264508077058;1.0007344303486563;1.0;0.9998655783924176;0.9998396133761125;0.9999956514930727;0.9995566298353982;0.9994916587936706;1.0;0.9998431494492428;0.9998336302334834;1.0024469328672405;0.999996652312623;1.0;0.999995224125781;0.9999995864519083;1.024999976158142;
2016-07-06 07:00:00;1.0003471527240069;0.9999823439990311;0.9999959930202631;1.000631423579233;1.0;1.0008479057860926;1.0025432125174647;1.0005254447975882;0.9999942487242551;1.0016562937173275;1.0;1.0;1.0;1.0008207601648849;1.0;1.0002041085213558;1.000232522481464;1.0;1.0019723831003913;0.9999960468787797;1.0;0.999989847995009;1.0002250406880155;1.0023696501924946;1.002613066177687;0.9999978975803973;0.9999925195930598;1.001059596248141;1.0006904161283776;1.0;0.9998192691387503;0.9998166030630856;0.999995400142861;0.9995456750678279;0.9994722990179029;1.0;0.9998539769379348;0.999841663294573;1.002525901148253;0.9999964113881817;1.0;0.9999954879042793;0.999999473633033;1.024999976158142;
2016-07-06 07:15:00;1.000361407688795;0.999979023908679;0.9999947947293578;1.000657540217605;1.0;1.0008858993512117;1.0026804454159683;1.0005396834868112;0.9999927451570626;1.0017409247002267;1.0;0.9999999999999999;1.0;1.000854488732552;1.0;1.0001985545474683;1.0002275325562926;1.0;1.0020756045740824;0.9999941737180428;1.0;0.9999877572997085;1.0002198926190795;1.0024965614195918;1.0027548655947833;0.999995356048783;0.9999908593250972;1.0011092706053806;1.000712032846447;1.0;0.9997929935392131;0.9997924203493054;0.9999943935458374;0.9994915666000611;0.9994188993744868;0.9999999999999999;0.9997953280104784;0.9997155772162287;1.0026619393217495;0.9999956415185104;1.0;0.9999939616440757;0.9999993890789919;1.024999976158142;
2016-07-06 07:30:00;1.000356908477188;0.99998100498093;0.9999953079276418;1.0006492121037829;1.0;1.0008731933136865;1.0026303765605122;1.0005366096635258;0.999993275547759;1.0017109254541148;1.0;1.0;1.0;1.0008438392499681;1.0;1.0002031781918073;1.000232103803804;1.0;1.002038611626414;0.9999949885345278;1.0;0.999988942137528;1.0002244875092048;1.0024503935885174;1.0027029999592951;0.9999966098521214;0.9999918680489993;1.0010923288586535;1.000716708612163;1.0;0.9998132107473111;0.9998092239428312;0.9999948441072506;0.9995261133957616;0.9994515106023026;0.9999999999999999;0.9997955264189521;0.9997213027301651;1.0026123675968874;0.9999959946046711;0.9999999999999999;0.9999945707467336;0.9999994429918728;1.024999976158142;
2016-07-06 07:45:00;1.000373249060578;0.9998962518895415;0.999981519623415;1.0006887446383788;1.0;1.000930084605152;1.0028608695172245;1.0005662551994574;0.999977444188182;1.001837950659511;1.0;1.0;1.0;1.0008901556474241;1.0;1.0002145048177404;1.0002449896453887;1.0;1.0022011252379708;0.9999850437522623;1.0;0.9999481140455617;1.0002369280974628;1.002665173670358;1.0029398974798684;0.999993555324355;0.9999619424960106;1.0011659935070887;1.0007880565569234;1.0;0.9998033420619417;0.9997972466117631;0.999975984859559;0.9994940139853328;0.9994205807247211;0.9999999999999999;0.9997539889249484;0.9996567529837743;1.0028379126899567;0.9999807995509435;1.0;0.9999822060273919;0.999996389944415;1.024999976158142;
2016-07-06 08:00:00;1.0003720805560683;0.9998825201339023;0.9999770641151849;1.0006881378235704;0.9999999999999999;1.0009377713661862;1.002952723337106;1.000545257330688;0.9999719958590138;1.0018834911029952;1.0;1.0;1.0;1.0008885642562177;0.9999999999999999;1.0001763636684942;1.0002051994392314;1.0;1.0022632180779563;0.9999790615898153;1.0;0.99994138869738;1.0001975835142052;1.0027481866440542;1.0030363350133238;0.999986346496149;0.9999572939945084;1.001182033822635;1.0008115489701286;1.0;0.9998035957528754;0.9998028376409188;0.99997165234514;0.9995181805069897;0.9994376575221751;1.0;0.9997636965444151;0.9996442387064266;1.0029281259301217;0.9999774207231574;1.0;0.9999769711228166;0.9999959057490954;1.024999976158142;
2016-07-06 08:15:00;1.0003858195467397;0.9999427713765262;0.9999879864522467;1.0007059175430297;1.0;1.000955695518845;1.0029405348963905;1.0005699339974394;0.9999846460551592;1.0018958098532227;0.9999999999999999;1.0;0.9999999999999999;1.0009151770099711;0.9999999999999999;1.0001975031979786;1.0002278688609623;1.0;1.002267300871252;0.9999880271730767;1.0;0.9999697118042845;1.0002198443594614;1.0027378779781173;1.0030229979977978;0.9999912008694061;0.9999775670089286;1.001200107126665;1.0007955049742054;0.9999999999999999;0.9997912996990135;0.999792470129649;0.9999858820444983;0.999498481108663;0.999416639679462;0.9999999999999999;0.9997081209456725;0.9995827340860353;1.0029186048050138;0.999988842999342;1.0;0.9999872503218561;0.9999981185254658;1.024999976158142;
2016-07-06 08:30:00;1.0003997219525727;0.9999686494468654;0.9999932187312365;1.0007282221413374;1.0;1.0009823165136567;1.0029838345556719;1.000595391088474;0.9999911812854262;1.0019340845499762;0.9999999999999999;1.0;0.9999999999999999;1.000945732846068;1.0;1.0002155367784982;1.0002474172311637;1.0;1.0023075628545135;0.9999927822417478;1.0;0.9999824396153211;1.0002389893512886;1.0027788776562219;1.003066952509445;0.999994099258842;0.9999866415863241;1.00123060709969;1.0008063636557027;1.0;0.9997822660848927;0.9997806925985485;0.9999923389688726;0.9994654675247321;0.9993587551191945;0.9999999999999999;0.9996830397590599;0.9995493080028957;1.0029628067463303;0.9999939758976125;1.0;0.999992556469769;0.9999990287582766;1.024999976158142;
2016-07-06 08:45:00;1.0004388686214412;0.9999734597778189;0.9999943729411592;1.0007989956008456;1.0;1.0010738412400473;1.0032301246781017;1.0006637133741105;0.9999924200905136;1.0021006624431306;1.0;1.0;1.0;1.0010384402525252;1.0;1.0002557778264978;1.0002916312737362;1.0;1.0025029788448983;0.9999946176042869;1.0;0.9999855865559432;1.0002821898506944;1.0030092796735581;1.0033190877238178;0.9999968735898833;0.9999893983530104;1.0013424429473048;1.0008874069187352;1.0;0.9997023312987247;0.9996540703793936;0.9999933408218022;0.9990674712669407;0.9988807612383953;1.0;0.9996654488172497;0.999521023405429;1.0032078536302065;0.9999947578922647;1.0;0.999993944395981;0.9999991410540495;1.024999976158142;
2016-07-06 09:00:00;1.0004235282056642;0.9999732618640602;0.9999943271164177;1.000771143652147;0.9999999999999999;1.0010358192817053;1.003112495911003;1.0006418812496278;0.9999921962836291;1.0020247732735796;1.0;1.0;1.0;1.001002174082555;1.0;1.0002497510482313;1.0002844705304443;1.0;1.002412261897391;0.9999947076967108;1.0;0.9999853895208437;1.0002753307997738;1.0028999557208407;1.0031980200426758;0.9999973637862852;0.9999893128040291;1.001294615358811;1.0008389650149314;1.0;0.9997371858167122;0.9997164470535662;0.9999932401789619;0.9992732506406575;0.9991382136876137;1.0;0.9996541696457832;0.9994990182213384;1.0030910182161665;0.9999946857449223;1.0;0.9999938757844624;0.9999991417095455;1.024999976158142;
2016-07-06 09:15:00;1.000434470108991;0.9998779578587599;0.9999767903827362;1.0008014476706555;0.9999999999999999;1.0010801865697343;1.0033186395646587;1.0006619430213872;0.9999695944748832;1.0021333336208695;1.0;1.0;1.0;1.0010359235507003;1.0;1.0002589195300935;1.0002947242712332;1.0;1.0025543749290853;0.9999807591869043;1.0;0.9999368278350469;1.0002852780986258;1.0030921892680016;1.0034097531477235;0.9999932947039096;0.999954049363509;1.0013541994170985;1.0008870931656724;1.0;0.9997236929140626;0.9997087734426972;0.9999705665660527;0.9992652867937202;0.9991023888460261;0.9999999999999999;0.9996426280456823;0.9995180426192887;1.0032920365909794;0.9999766387298965;1.0;0.9999765633380439;0.9999958894647423;1.024999976158142;
2016-07-06 09:30:00;1.0004287062933916;0.9998823597756781;0.9999782686851939;1.000790792576937;1.0;1.0010666345623973;1.0032766982278964;1.000652428683018;0.9999724267743056;1.0021064077452901;1.0;1.0;1.0;1.001022348855782;0.9999999999999999;1.000252138575935;1.00028737475398;1.0;1.002522129436501;0.9999822245488083;1.0;0.9999403668137073;1.0002780779839635;1.0030528461004506;1.0033668773380482;0.9999932159916742;0.999956593081505;1.0013370497321608;1.0008817914815569;1.0;0.9997313937826305;0.9997149508453046;0.9999720830253133;0.9992771257938582;0.9991154732587993;0.9999999999999999;0.9996553737894889;0.9995276129666989;1.003250486961816;0.9999777655423592;1.0;0.9999785464831362;0.999995956283916;1.024999976158142;
2016-07-06 09:45:00;1.000424161156567;0.9999481054590136;0.9999894918086071;1.0007748796769464;1.0;1.001043771553464;1.003170275147505;1.000638229687952;0.9999860378816479;1.0020527450184855;1.0;1.0;0.9999999999999999;1.0010054153109378;1.0;1.0002404967741554;1.0002748526092198;1.0;1.0024502896611989;0.999990254093276;1.0;0.9999720137960033;1.0002657837318212;1.0029531480828116;1.0032579774534116;0.9999946783873401;0.999979299243425;1.0013070485995084;1.000848048389393;1.0;0.9997253933396896;0.9997044732571527;0.9999873215230847;0.9992426129107799;0.9990765312172016;1.0;0.9996802068914644;0.9995448887634415;1.003147336697441;0.9999899923049188;0.9999999999999999;0.9999888995127615;0.9999983293815343;1.024999976158142;
2016-07-06 10:00:00;1.0004404281632036;0.9999658480763243;0.9999929163152248;1.0008024004932388;1.0;1.0010783506145267;1.0032491985967038;1.000665968686969;0.9999901736836495;1.002111036863045;1.0;0.9999999999999999;1.0;1.001042283631236;1.0;1.0002572711554107;1.0002932334068304;1.0;1.002516105665543;0.9999933270087027;1.0;0.9999806500265789;1.0002837427400124;1.003027103902371;1.0033386906089874;0.9999966562400194;0.9999855210863624;1.001348405844636;1.000883327299752;1.0;0.9997161117809311;0.9996832728947064;0.9999916139802454;0.9991699553829334;0.9989690169212248;1.0;0.9996758400069702;0.999519510800285;1.0032265529701383;0.9999934165984276;1.0;0.9999922918980017;0.999998959053257;1.024999976158142;
2016-07-06 10:15:00;1.000450019940314;0.9999598052102171;0.9999918505675709;1.000820617220798;1.0;1.0011026818298883;1.0033229740827387;1.0006822482447497;0.9999889295360611;1.0021582739812718;1.0;1.0;1.0;1.0010657030229186;0.9999999999999999;1.0002655542037127;1.000302445497868;1.0;1.0025729002517347;0.9999926737487469;0.9999999999999999;0.9999781442976929;1.000292722584124;1.003096032084317;1.003414317241938;0.9999967282332457;0.9999839093237757;1.0013787038498725;1.0009018886082566;0.9999999999999999;0.9996910244978421;0.9996475117113744;0.9999901062605879;0.9990616198052212;0.9988550145937583;1.0;0.9996410578441821;0.9994934620210386;1.003299594039805;0.9999921993738564;1.0;0.9999913679973536;0.9999987035626917;1.024999976158142;
2016-07-06 10:30:00;1.0004594987896356;0.9999476798500566;0.9999894815452581;1.0008392208729893;1.0;1.0011278967437005;1.0034060160821916;1.0006979179289999;0.9999858124961394;1.0022096384004162;1.0;0.9999999999999999;1.0;1.0010892881307571;1.0;1.0002730897386167;1.000310865975867;1.0;1.0026355784657648;0.9999908255705645;0.9999999999999999;0.999972232003334;1.0003009203790154;1.0031734557696799;1.003499547014633;0.9999963431295347;0.9999798150833047;1.0014106196457053;1.0009274017726844;1.0;0.9996678902052905;0.9996124076493701;0.9999870413785243;0.9989535438948791;0.9987479933729961;0.9999999999999999;0.9996368652200708;0.9994848903588841;1.0033816353926026;0.9999897635857641;1.0;0.9999890121205985;0.9999982715929847;1.024999976158142;
2016-07-06 10:45:00;1.0004538377311043;0.999841317997004;0.9999722690545024;1.000841697049167;1.0;1.00113611946874;1.0035027319520968;1.0006970769120893;0.9999665702259092;1.0022445513296443;0.9999999999999999;1.0;1.0;1.0010862334805384;1.0;1.0002734165942133;1.0003111477772755;1.0;1.002691325632666;0.9999787215380046;1.0;0.9999227237749656;1.000301204246835;1.0032635384772695;1.0035989295865018;0.9999926994599095;0.9999440493952219;1.0014238669404936;1.0009689905137331;1.0;0.9996792097092312;0.9996235840529331;0.9999631940363931;0.9989798937692476;0.9987775410347207;1.0;0.999681505754249;0.9995277773977007;1.0034734849017086;0.9999705020925999;1.0;0.9999739290904346;0.9999943311017706;1.024999976158142;
2016-07-06 11:00:00;1.000440965108863;0.9998071918304773;0.9999660749966387;1.0008223691159286;1.0;1.0011122019905787;1.003460434920254;1.0006785959501485;0.9999590173762161;1.002207093928748;1.0;1.0;1.0;1.0010592444162072;1.0;1.000265038689846;1.0003017632210374;1.0;1.0026519297765373;0.9999738813929813;1.0;0.9999065167790893;1.0002920964413329;1.0032240107490926;1.003555530644719;0.9999909566938529;0.9999325830188981;1.00139572094757;1.0009563380222315;1.0;0.9996966133726097;0.9996501829945551;0.9999550098400202;0.999061924281261;0.9988730780985453;1.0;0.999700178878439;0.9995448381158765;1.0034300401280267;0.999963952803934;1.0;0.9999680454040766;0.9999930963285827;1.024999976158142;
2016-07-06 11:15:00;1.0004449250731247;0.9998442602104312;0.9999726081497246;1.0008249396802853;1.0;1.0011139112351657;1.003439706002475;1.0006812764969228;0.9999666175495877;1.0022030960453883;1.0;1.0;1.0;1.001064529449975;1.0;1.0002649425223513;1.0003017572987716;1.0;1.002641952046491;0.9999786370620901;1.0;0.9999231439023938;1.0002920369928592;1.0032046093490576;1.0035343801202359;0.9999923572539752;0.9999440709948741;1.001396584926532;1.000954691334166;1.0;0.9996899667335861;0.9996358279797765;0.9999638944763259;0.9990122181891476;0.9987985267300415;1.0;0.9996817164831372;0.9994821028233392;1.0034109823264643;0.9999711023500117;1.0;0.999973964958033;0.9999945182025548;1.024999976158142;
2016-07-06 11:30:00;1.0004529754284592;0.9998517874290048;0.9999739352145638;1.0008387689007314;1.0;1.0011327521060767;1.0034934514449179;1.000692006550559;0.9999684841595583;1.0022396257488646;1.0;1.0;0.9999999999999999;1.0010829667831003;1.0;1.0002669091745;1.0003042699640659;1.0;1.002684766509629;0.999979582627202;1.0;0.999927200957014;1.0002944096494786;1.003254439702329;1.0035897729970036;0.9999922265543607;0.999947045161525;1.00142009406527;1.0009682694383295;1.0;0.9996394513643938;0.9995586508471792;0.9999656600949249;0.9987707945892673;0.9985540137077732;1.0;0.9996794111778591;0.9994699384157831;1.0034646653052786;0.9999724999298522;1.0;0.9999752951658081;0.9999947566288888;1.024999976158142;
2016-07-06 11:45:00;1.0004444350497446;0.9998689297986538;0.9999773862239009;1.0008214557249966;1.0;1.0011078123797035;1.0033977527176487;1.0006813454232386;0.9999729584475644;1.0021832874141137;1.0;1.0;1.0;1.0010615024452685;1.0;1.0002667010901518;1.000303563193683;1.0;1.0026146397386526;0.9999827162405092;1.0;0.9999361834788715;1.0002938416989502;1.0031657138697998;1.0034911091639842;0.9999938999029166;0.9999536283916702;1.0013873905629422;1.0009411529969234;1.0;0.9996915853543356;0.9996378006535185;0.9999698615979219;0.9990168893043895;0.9987899002360953;1.0;0.9996797509468672;0.999509158438864;1.0033702784304552;0.9999758274214148;1.0;0.9999788724826584;0.9999953220198566;1.024999976158142;
2016-07-06 12:00:00;1.0004427295528904;0.9998985893767919;0.999982059567347;1.0008146922453274;1.0;1.00109887715773;1.0033621684146625;1.0006723390264898;0.9999782685106585;1.0021656396377416;0.9999999999999999;1.0;1.0;1.0010543023898757;1.0;1.0002566668740172;1.0002929107289524;1.0;1.0025907196257307;0.9999855488632867;1.0;0.999949588485038;1.0002833383582945;1.0031320246814526;1.003455024537694;0.9999936982260704;0.9999630574162434;1.0013764423742852;1.0009295276539274;0.9999999999999999;0.9996811928447513;0.9996214060037483;0.9999765921562165;0.9989650238779807;0.998747955744852;1.0;0.9996799510014468;0.9994933138111238;1.0033360391260335;0.9999812708841472;1.0;0.9999828282260343;0.9999964517770955;1.024999976158142;
2016-07-06 12:15:00;1.0004465429726337;0.9999633636406359;0.9999922837440701;1.0008139797564075;1.0;1.0010946177392754;1.0033025914904674;1.0006747963206057;0.9999895816606269;1.002144859764558;1.0;0.9999999999999999;1.0;1.0010573646356413;1.0;1.0002591597634374;1.0002955968919744;1.0;1.002557176941878;0.9999927681323131;1.0;0.9999802595119806;1.0002860020165998;1.0030766401546511;1.0033936443154985;0.9999961107150239;0.9999855668393188;1.0013691531035227;1.0009082416725266;1.0;0.9996911084453365;0.9996381293814599;0.999990787393285;0.9990197547205646;0.9987920275636603;1.0;0.9996954079524578;0.9995608812943824;1.0032794683945512;0.9999927438185493;1.0;0.9999917415653604;0.9999988128961664;1.024999976158142;
2016-07-06 12:30:00;1.0004500094278612;0.9999797401219332;0.9999950632576514;1.0008183732331286;1.0;1.0010993484993027;1.0033027913294588;1.0006801323576975;0.9999927558398144;1.0021497179672127;0.9999999999999999;1.0;0.9999999999999999;1.0010640801512698;1.0;1.000262891732467;1.0002996501164823;1.0;1.0025605424894495;0.999994899423314;1.0;0.9999880394980109;1.000289974279041;1.0030769642695232;1.003393727145486;0.9999970553226176;0.9999912188190968;1.001374269843435;1.0009073379833144;1.0;0.9996601617032645;0.9995898295205211;0.999994513361221;0.9988679742153123;0.9986454515768737;1.0;0.9996901784357104;0.9995600325134312;1.0032803100221486;0.9999957434231147;1.0;0.9999942765362101;0.999999409941428;1.024999976158142;
2016-07-06 12:45:00;1.0004548513174085;0.9999201947936628;0.9999853018823494;1.0008343135401592;1.0;1.0011243291446426;1.0034230619136117;1.0006898766888936;0.999981923096319;1.0022115283605868;1.0;1.0;1.0;1.0010813276158075;1.0;1.0002638978419423;1.0003011321351953;1.0;1.0026425948347377;0.9999878210716401;1.0;0.9999604999246007;1.0002913283487798;1.0031886833880101;1.0035175451349587;0.9999943370895223;0.9999713648074346;1.0014076719247391;1.0009491999819995;1.0;0.9996216588417767;0.9995269470506523;0.9999810910696713;0.9986652512882014;0.9984230756992944;1.0;0.999672560444582;0.9994789117640628;1.0033974102779772;0.9999849022861852;1.0;0.9999856786248219;0.9999971916293249;1.024999976158142;
2016-07-06 13:00:00;1.0004466928417373;0.9999234603839909;0.9999842450951637;1.0008188576326544;1.0;1.0011107994716895;1.0034351609966576;1.0006578729697226;0.9999806160454582;1.00221010208204;1.0;1.0;1.0;1.001061214282081;1.0;1.0002224340593528;1.0002574100541868;1.0;1.002645865307323;0.9999845874683048;1.0;0.9999613103856657;1.0002481859915349;1.0031976192726644;1.003531967697752;0.9999882797467502;0.9999717231986062;1.0013961282563248;1.0009604803750982;0.9999999999999999;0.9996414537773528;0.9995537764700961;0.999981154441534;0.9987441792444693;0.9985166510906908;1.0;0.999676176518274;0.9994985493053791;1.003409110052358;0.9999850380118785;1.0;0.9999837206090744;0.999997362281302;1.024999976158142;
2016-07-06 13:15:00;1.0004433316193666;0.9999639697690508;0.9999925759787462;1.0008080658322225;0.9999999999999999;1.00108761401179;1.003286959503863;1.0006675420344802;0.9999902681234547;1.0021335297825948;1.0;1.0;1.0;1.001049592172213;1.0;1.000252317318395;1.0002882754995688;1.0;1.0025441615834707;0.9999928673823444;1.0;0.9999805772067221;1.0002787930345411;1.0030616358141171;1.003377937636786;0.9999954896825097;0.9999855809800824;1.0013608452420821;1.0009023066542388;1.0;0.9996301513929492;0.9995415646564269;0.9999911753154516;0.998711555968784;0.9984736643566314;1.0;0.9997283612614316;0.999555130453107;1.0032639709005111;0.9999930342259442;1.0;0.9999921142980716;0.9999988410643134;1.024999976158142;
2016-07-06 13:30:00;1.0004333816691175;0.9999734062872485;0.9999946255952137;1.0007888001675205;1.0;1.0010601115374842;1.003189190542161;1.0006544398862316;0.9999927172370153;1.002073753025149;1.0;1.0;1.0;1.0010249332478647;1.0;1.0002512533121075;1.0002865544217763;1.0;1.0024707268550253;0.9999947810454923;0.9999999999999999;0.9999846650457107;1.00027722836285;1.0029709457518532;1.003277215852546;0.9999968843836807;0.9999882625669718;1.001325248247633;1.0008780854229944;0.9999999999999999;0.9996349912303498;0.9995431923123484;0.9999937051504495;0.9987070518558115;0.9984764500156929;1.0;0.999743315688553;0.9995767342474603;1.0031673115467021;0.9999950515805802;1.0;0.9999941630251263;0.9999992113129095;1.024999976158142;
2016-07-06 13:45:00;1.0004334673237105;0.9999618710541294;0.9999912053800036;1.0007899474125486;1.0;1.0010624016493435;1.0032129859581214;1.0006526148006711;0.9999871672026158;1.0020853268386773;1.0;0.9999999999999999;1.0;1.0010258318667933;1.0;1.0002494720789619;1.0002846739763427;1.0;1.0024867662212023;0.9999912751159152;1.0;0.999977610405261;1.000275390337864;1.0029929962935926;1.0033017106488735;0.999995553312779;0.9999834470870388;1.001329759749202;1.0008845534048718;1.0;0.9996511920017146;0.9995701903962593;0.9999900018520997;0.9987956547017413;0.9985713202241355;1.0;0.9997566832901557;0.9996098639688786;1.0031904672833107;0.9999922193195521;1.0;0.999989978545286;0.9999989010991658;1.024999976158142;
2016-07-06 14:00:00;1.0004504169463893;0.9999592793824267;0.9999909075765354;1.0008212183210743;0.9999999999999999;1.001104228916518;1.003336756997045;1.0006800885414648;0.9999870634099495;1.0021658756170648;0.9999999999999999;1.0;1.0;1.0010665186723935;1.0;1.0002618744603349;1.0002986086671646;1.0;1.0025828287937728;0.9999912964404369;1.0;0.9999771149875432;1.0002889356598144;1.0031084876313585;1.0034287185621018;0.9999957707251937;0.9999833051201673;1.001381725612538;1.000918390565915;1.0;0.9996440196734485;0.9995643222203205;0.9999893982206749;0.9987870228672162;0.9985637835596836;1.0;0.999688056697543;0.9995309323720334;1.003313266257254;0.9999917084950212;1.0;0.9999899073299573;0.999998749577938;1.024999976158142;
2016-07-06 14:15:00;1.0004562318942554;0.999967546328616;0.9999912692055526;1.0008303140549444;1.0;1.0011149951883989;1.0033623053897869;1.0006884583714832;0.9999859406144075;1.0021855481483923;1.0;1.0;1.0;1.001078847192758;1.0;1.0002683229341716;1.0003055646655628;1.0;1.002604703507776;0.9999909466877152;1.0;0.999978951422533;1.000295756682427;1.0031324324755198;1.0034548083633035;0.9999962193886146;0.9999846021418484;1.0013951927969371;1.0009193949764539;1.0;0.9996012189134573;0.9995013133239631;0.9999906012480997;0.9985928324347305;0.9983545381226508;1.0;0.9997304089584528;0.9995768327862122;1.0033391215013265;0.9999928095924067;1.0;0.9999893166483315;0.9999992006749526;1.024999976158142;
2016-07-06 14:30:00;1.0004470621889539;0.999964250297494;0.9999919588831335;1.0008146139242764;1.0;1.0010941601207521;1.003295544055013;1.0006774596697814;0.9999883224868228;1.0021417672947717;0.9999999999999999;1.0;1.0;1.00105827377041;1.0;1.0002648117230364;1.0003014793096767;1.0;1.0025527470953257;0.9999924166142752;1.0;0.9999797011987679;1.0002918287456837;1.0030703486197812;1.0033861216309676;0.9999968062562143;0.9999852435466948;1.0013682417596517;1.00090638015698;1.0;0.9996343104454875;0.9995473534636894;0.9999906021408256;0.9987302141363266;0.9984873550015654;1.0;0.9997303359523843;0.9995846950039425;1.003272608712584;0.999992662853608;1.0;0.9999910192980884;0.9999989187481715;1.024999976158142;
2016-07-06 14:45:00;1.000438410580112;0.9999658422116552;0.9999938808156061;1.000797874381947;1.0;1.0010716579724142;1.0032287426504716;1.0006604365147114;0.9999911254025008;1.0020966546103736;1.0;0.9999999999999999;1.0;1.001035608165629;1.0;1.0002535745897319;1.0002890800057376;1.0;1.0024980610149263;0.9999940051214888;0.9999999999999999;0.9999771017612309;1.0002795975952903;1.0030080064630624;1.0033180036495404;0.9999970219357515;0.9999811980503924;1.0013396813845994;1.0008806925913263;1.0;0.9996840148300814;0.9996286279496954;0.9999929850508404;0.9989896249094772;0.9987454702098959;1.0;0.9997449351094104;0.9996036917085817;1.0032063845609547;0.9999945328093696;1.0;0.9999930814788474;0.9999992103028149;1.024999976158142;
2016-07-06 15:00:00;1.0004485700078007;0.9999302866897974;0.9999929957888416;1.0008160095082874;1.0;1.0010951389312468;1.0033275394447936;1.0006635498818284;0.9999893503260325;1.0021447229878835;1.0;1.0;1.0;1.0010531220003318;1.0;1.0002441347690583;1.0002789331169206;1.0;1.0025557911965253;0.9999930588411554;1.0;0.9999417648398441;1.0002690457299606;1.0031001734969278;1.0034211984368462;0.9999970434051246;0.9999464270600438;1.0013687190914018;1.000911867753734;1.0;0.9996914435274715;0.9996418869289191;0.9999921213127414;0.999032365572431;0.9988058071035768;0.9999999999999999;0.9997641982178866;0.9996098715543011;1.0033035813655309;0.9999939026267628;1.0;0.99999183688169;0.9999992003124122;1.024999976158142;
2016-07-06 15:15:00;1.0004277827807528;0.9999491779543351;0.9999914726334945;1.0007795203766021;1.0;1.0010476232318788;1.003174771939179;1.0006408679525638;0.9999875640682508;1.002054920515085;0.9999999999999999;1.0;0.9999999999999999;1.001009991472923;1.0;1.000242560614449;1.000276818004643;0.9999999999999999;1.0024502869314966;0.9999917365308789;1.0;0.9999649185684888;1.0002675530905292;1.0029575704322555;1.0032629854099815;0.9999961624606629;0.9999706832695031;1.001310617263081;1.0008312254818652;1.0;0.9996740382801639;0.9996352359616039;0.9999901819609761;0.9990365884860533;0.9988095673249132;1.0;0.9997765552702839;0.9996091010500985;1.0031521913734718;0.9999923498401025;1.0;0.9999903632818147;0.9999989056742701;1.024999976158142;
2016-07-06 15:30:00;1.0004333216263102;0.9999562690160799;0.9999914736076089;1.0007901995522828;1.0;1.001061627454466;1.0032035363701364;1.0006556322771574;0.9999880433240884;1.0020789239149694;1.0;1.0;1.0;1.0010255384968478;1.0;1.000254665217168;1.0002900449922447;1.0;1.0024785466091066;0.9999922183202632;1.0;0.9999743221395787;1.0002806664228572;1.0029845357394862;1.003291835481291;0.9999967363263222;0.9999803198531995;1.0013275677358786;1.000837417520273;1.0;0.9996741621266749;0.9996377905074368;0.99998978427456;0.9990494013741155;0.9988186173575666;1.0;0.9997411640474119;0.9995294832664364;1.0031809783384136;0.9999919792010888;1.0;0.9999907642229567;0.9999987452265554;1.024999976158142;
2016-07-06 15:45:00;1.0004230211603442;0.9998851174183783;0.9999796602771975;1.0007801373163037;1.0;1.0010513558725278;1.0032204675114091;1.0006457988787991;0.9999746743500995;1.0020716279649542;0.9999999999999999;1.0;1.0;1.0010084071490486;1.0;1.0002521154087511;1.0002870053044102;1.0;1.002479418695845;0.9999838626314556;1.0;0.9999416774935357;1.0002777718419982;1.0030003770556315;1.0033091206848768;0.999994295579777;0.999957096834735;1.0013168121774547;1.000872727108952;1.0;0.999700485604723;0.9996584238006161;0.9999734825232377;0.9990874027297164;0.9988642188605277;1.0;0.9997615499984922;0.9995514712775191;1.0031949627576269;0.9999788257833775;1.0;0.9999803194017799;0.9999960739342639;1.024999976158142;
2016-07-06 16:00:00;1.0004167532680883;0.9999433161980077;0.9999882659576542;1.0007613333843992;1.0;1.0010238755491023;1.0031071350999792;1.0006286500517871;0.9999832351223366;1.0020118796944733;1.0;1.0;1.0;1.000987215277721;1.0;1.000242253311916;1.00027614649258;1.0;1.0024010472553095;0.9999891057897206;1.0;0.9999669307635697;1.0002671644192174;1.0028945607743214;1.0031929027235342;0.9999954428881688;0.9999750919875452;1.001281889720742;1.0008409570266208;1.0;0.9997042629535335;0.9996602213537912;0.9999861260473052;0.9990870405738037;0.9988587361529768;1.0;0.9997830392707655;0.9995882685025806;1.0030847154565041;0.9999891387356727;1.0;0.9999870827266909;0.9999983594216326;1.024999976158142;
2016-07-06 16:15:00;1.0004189950647113;0.9999710985007393;0.999995607344424;1.0007615480814183;1.0;1.0010221864590818;1.0030748335221216;1.0006297549483225;0.9999932869307995;1.0019973529674642;1.0;1.0;1.0;1.0009881302864243;0.9999999999999999;1.0002410868236886;1.0002748416766634;1.0;1.0023784398582047;0.9999954515064944;1.0;0.9999777326620224;1.000265750244365;1.0028646023556889;1.0031600509728509;0.9999976832513594;0.9999805546489454;1.0012772584218257;1.0008237012384933;1.0;0.9997040869779773;0.999664713791585;0.9999951929674166;0.9991070987208904;0.9988854076406466;1.0;0.9998174925317507;0.9996648214348083;1.0030538273216072;0.9999962921879334;1.0;0.9999947855801093;0.9999995365137546;1.024999976158142;
2016-07-06 16:30:00;1.000407314067451;0.9999777955426857;0.999996334594173;1.0007403683849834;1.0;1.0009939362579134;1.0029838111587008;1.0006142706940062;0.9999947041411249;1.0019408637802638;1.0;1.0;1.0;1.0009615471556903;1.0;1.000236442941672;1.0002694873100646;1.0;1.0023109103208439;0.9999962810137941;1.0;0.9999842859017669;1.0002606712251758;1.0027798006531958;1.0030662730221518;0.999997879725451;0.999986669843439;1.001241740237474;1.0007908169177766;1.0;0.9996709792771986;0.9996135614141833;0.9999958736485315;0.9989433026571746;0.9987135618238822;0.9999999999999999;0.999902514246533;0.999859186087326;1.0029635808493138;0.9999967885293272;1.0;0.9999958129058538;0.9999995472166747;1.024999976158142;
2016-07-06 16:45:00;1.0004013449039868;0.9999640108053768;0.9999930580286069;1.0007317305851569;1.0;1.0009828097347306;1.0029575701397415;1.000609064575064;0.9999906163406463;1.00192170128182;1.0;1.0;1.0;1.0009501236516711;1.0;1.000238055115101;1.0002709873008542;1.0;1.0022903236034724;0.9999938849660385;1.0;0.9999801139144636;1.0002622911857149;1.002755510593628;1.0030389100187265;0.9999974480148269;0.9999851014539366;1.0012283954581689;1.0007910587426114;1.0;0.9996523795827472;0.999577823047401;0.9999914686881382;0.9988215554972094;0.9986172619862513;1.0;0.9999169838519486;0.9998939683239266;1.002936925247007;0.9999932648557611;0.9999999999999999;0.9999927211972556;0.9999988831269805;1.024999976158142;
2016-07-06 17:00:00;1.0004056692125962;0.9999778077829063;0.9999954336910758;1.0007382109582876;1.0;1.000991522954869;1.0029756857573497;1.0006144519258853;0.9999938436158099;1.0019369275936931;1.0;1.0;1.0;1.0009594813083085;0.9999999999999999;1.0002384163281113;1.000271631077681;1.0;1.0023069849295676;0.9999956950989946;1.0;0.9999877679902633;1.0002628790438486;1.0027721781834957;1.0030576296338907;0.9999976228887857;0.999990897566279;1.0012389749422013;1.0007906079686868;1.0;0.9996597964816274;0.9995936794724696;0.9999945625075047;0.9988768874947898;0.9986242544032836;1.0;0.9999235522056309;0.999901330417565;1.0029554448024618;0.999995717880747;0.9999999999999999;0.9999951044470993;0.9999993081125265;1.024999976158142;
2016-07-06 17:15:00;1.0003955398763802;0.9999819988369952;0.9999963606750072;1.0007186118260805;1.0;1.0009656825747686;1.0029044597980894;1.0005938367353768;0.9999945282048458;1.0018892537224837;1.0;1.0;1.0;1.0009336589422428;1.0;1.0002249050129448;1.0002568149951887;1.0;1.0022498975213745;0.9999958373185419;1.0;0.9999868275169375;1.0002483263245212;1.0027054780550886;1.002984960617441;0.9999970219491849;0.999988958962087;1.0012073080079238;1.0007876459093854;1.0;0.9996621463711661;0.9995826740082833;0.9999962365415245;0.9988222293701631;0.9985583647058152;1.0;0.9999579990315517;0.9999361575936547;1.0028848860055593;0.9999971107086769;1.0;0.9999955621060798;0.9999996640088944;1.024999976158142;
2016-07-06 17:30:00;1.0003783477774235;0.9999900167041333;0.9999972241947085;1.0006871193241695;0.9999999999999999;1.0009233489113833;1.0027704039421634;1.0005695859188433;0.9999958557046649;1.0018050805846028;1.0;1.0;0.9999999999999999;1.0008936372006731;1.0;1.0002170386755673;1.0002477562224272;1.0;1.00214911508482;0.9999966629629152;1.0;0.999993400401384;1.0002396602619803;1.002580623232847;1.0028469646105753;0.9999973003196038;0.999994940262765;1.0011541944869775;1.0007494677769542;1.0;0.9996863651330649;0.9996169172106958;0.9999972220065744;0.9989251127327222;0.9986898693851072;1.0;0.999967855755307;0.9999472208368377;1.0027519710312902;0.999997873733941;1.0;0.9999965631946912;0.9999997644367584;1.024999976158142;
2016-07-06 17:45:00;1.0003871087816956;0.9999884323669965;0.9999967119265311;1.0007029845219844;1.0;1.0009435533337665;1.0028268942451117;1.0005846442091122;0.9999945773125056;1.0018425803950428;1.0;1.0;1.0;1.000914181177291;1.0;1.0002268741209743;1.0002584688761387;1.0;1.0021932719214628;0.9999962408498939;1.0;0.9999915987372429;1.0002501359118292;1.0026335659384555;1.0029047574056866;0.9999978768757943;0.9999935440576851;1.0011790971694694;1.00076608675773;0.9999999999999999;0.999679037432438;0.9996069429224539;0.9999967006321577;0.9988966933372163;0.9986719215222588;1.0;0.9999681460976865;0.9999526555929603;1.0028081024583917;0.9999975054353678;1.0;0.9999957841975915;0.9999997787985792;1.024999976158142;
2016-07-06 18:00:00;1.0003844463293554;0.9999772943033429;0.999992808465402;1.0006994752075562;1.0;1.0009515426122948;1.0029442035683842;1.0005514560013213;0.9999908611587668;1.0019000926893025;1.0;0.9999999999999999;0.9999999999999999;1.0009088066430365;1.0;1.0001672654743903;1.0001962392908823;1.0;1.002271990699541;0.9999899239001732;0.9999999999999999;0.9999869657629846;1.0001885912431847;1.002738976350636;1.003028506981189;0.9999876713523296;0.9999901419632086;1.0011978025627062;1.0008168596648004;0.9999999999999999;0.9996645634824146;0.9995758385665603;0.9999932902108172;0.9987868327861962;0.9985492710301659;1.0;0.9999739482675125;0.9999648089381588;1.0029234643057592;0.9999948114572846;1.0;0.9999912503145512;0.9999993298514629;1.024999976158142;
2016-07-06 18:15:00;1.0003887066609856;0.9999802271494628;0.999994477093572;1.0007069806224946;1.0;1.0009562925153348;1.0029180217548521;1.000571131796224;0.9999928270026056;1.0018908414051395;1.0;1.0;1.0;1.000918845238732;1.0;1.0001950477259334;1.0002254424899886;0.9999999999999999;1.0022567370003073;0.9999928491481964;1.0;0.9999885974303627;1.0002174230209115;1.0027162418071487;1.0030002260022106;0.9999921206627546;0.9999913513186666;1.0011998122077288;1.0008075399323344;1.0;0.9996568990957038;0.9995639139898127;0.9999945254802426;0.998749610351937;0.9985147643274219;1.0;0.9999730315570142;0.999963892236039;1.0028978864541152;0.9999957489670819;1.0;0.9999934434967962;0.9999994194741231;1.024999976158142;
2016-07-06 18:30:00;1.000383114018359;0.9999796253651503;0.999993120738337;1.00069629452404;1.0;1.0009398229256818;1.0028628547949572;1.0005647745604924;0.9999891565029791;1.00185677757946;1.0;1.0;1.0;1.000904935939247;0.9999999999999999;1.0001998664235596;1.0002300487284126;1.0;1.0022152154758923;0.9999912877989591;1.0;0.9999856834465757;1.0002220877765031;1.0026654582150656;1.002943031941039;0.999992929485254;0.9999892978982706;1.001179141042882;1.0008063278726036;1.0;0.9996812058168252;0.9995902548583593;0.9999934795681635;0.9988179321494604;0.9985876911920263;1.0;0.9999787349620706;0.9999700084082505;1.002843221934416;0.9999950790145311;0.9999999999999999;0.9999910756317417;0.9999995798557779;1.024999976158142;
2016-07-06 18:45:00;1.0003753130403354;0.9999858592279476;0.9999954248377393;1.0006814580318493;1.0;1.0009143758376091;1.0027440800057135;1.0005657283780016;0.9999918810494116;1.0017879016727183;1.0;1.0;1.0;1.0008859593900725;1.0;1.0002202404438185;1.0002508195416167;1.0;1.002128513707392;0.9999947003356588;1.0;0.9999886650903512;1.000242749324758;1.0025565116695376;1.0028196084578527;0.9999975726953643;0.9999913659502003;1.0011432897322818;1.0007576779942502;0.9999999999999999;0.9996805684316104;0.9995956447356109;0.9999955772332837;0.9988421067400713;0.9986250542387484;1.0;0.9999789821075241;0.9999702555515472;1.002725779835949;0.9999967091296632;1.0;0.9999938531676129;0.9999998047486455;1.024999976158142;
2016-07-06 19:00:00;1.0003871895242964;0.9999807415268905;0.9999948247439532;1.000703632637638;0.9999999999999999;1.0009449197222662;1.0028420482827491;1.0005828404714296;0.9999915127601426;1.0018495514545274;1.0;1.0;1.0;1.0009144499314322;1.0;1.0002246055571096;1.0002560552654711;1.0;1.0022028660540343;0.9999942675221506;1.0;0.9999862935891527;1.0002477433606007;1.0026475684752338;1.0029204686284336;0.9999970528382506;0.9999894577957676;1.0011817673893741;1.000785432459448;1.0;0.9996462572842681;0.9995443390370553;0.9999946803365876;0.9986833610578119;0.9984350582876724;1.0;0.9999782668850233;0.9999699214701744;1.002822867490879;0.9999959629671707;1.0;0.9999934579028082;0.999999614817299;1.024999976158142;
2016-07-06 19:15:00;1.0003740362332891;0.9999760225782611;0.9999936374180894;1.0006802088308477;1.0;1.000913995112865;1.002756600253189;1.0005618956898095;0.9999897659776441;1.0017921236366498;0.9999999999999999;1.0;1.0;1.0008836876011984;1.0;1.00021521378034;1.0002455126140315;1.0;1.00213547137468;0.9999930945631995;1.0;0.9999836703239485;1.000237506868056;1.0025678959287616;1.0028327306867366;0.9999964856593965;0.999987627132105;1.00114378359742;1.000791497983786;1.0;0.9996975070233718;0.9996016026863813;0.9999933323758455;0.9988358853786178;0.9986257792362226;1.0;0.9999840221391262;0.999975676676246;1.0027377772956036;0.9999949151272226;1.0;0.9999920991033239;0.9999994697449183;1.024999976158142;
2016-07-06 19:30:00;1.0003715806537459;0.9999745829453858;0.9999934341131461;1.0006762781141696;1.0;1.0009101905211375;1.0027526335042092;1.0005566122811107;0.9999902020695204;1.0017879852555063;1.0;1.0;1.0;1.0008786511349563;1.0;1.0002089090905961;1.0002388749082898;1.0;1.002131699371699;0.9999929292280598;1.0;0.9999845437095956;1.000230980172573;1.0025638092032314;1.0028289084555493;0.9999955955205977;0.9999886261707227;1.00113964737691;1.000802718057477;1.0;0.9997138464646176;0.9996186040674261;0.9999929152569513;0.998879017389172;0.9986620739409232;1.0;0.9999839614537871;0.9999748220329173;1.0027336764842492;0.9999945307942495;0.9999999999999999;0.9999922032661696;0.9999993102251491;1.024999976158142;
2016-07-06 19:45:00;1.000363157715967;0.999966231853304;0.9999903752230088;1.0006619663708891;1.0;1.000899467833424;1.0027845228499905;1.000524354418994;0.9999869142099186;1.0017958536283282;1.0;1.0;0.9999999999999999;1.0008594814423974;1.0;1.0001654763384997;1.0001931602009329;1.0;1.002148151631846;0.9999882377142099;1.0;0.999980888281238;1.0001858705301396;1.0025909703573137;1.0028637739919928;0.9999886701006844;0.9999860752583409;1.0011322894601469;1.0008644893611973;1.0;0.9997418099774752;0.9996269022590941;0.9999901766613774;0.9988608078485629;0.9986563392324556;1.0;0.9999841376767702;0.9999749982542899;1.002764517869708;0.9999923852164763;1.0;0.999988588054284;0.9999989834911689;1.024999976158142;
2016-07-06 20:00:00;1.0003566569554831;0.9998180404191697;0.9999664214533115;1.0006678944526002;1.0;1.000910951365769;1.0029012889060056;1.0005331679976508;0.9999591955908844;1.0018360052913569;1.0;1.0;1.0;1.0008588747277793;1.0;1.0001830069735054;1.0002114119284402;0.9999999999999999;1.0022138658277873;0.9999719826614073;1.0;0.9999110945014144;1.0002039291497515;1.0027009359545034;1.0029827798755726;0.9999860857693914;0.9999358194685204;1.0011490879822214;1.000920057441587;1.0;0.999748308774673;0.9996245004526874;0.9999567759906631;0.9988371093925051;0.9986231549946099;1.0;0.9999840829411129;0.9999745623835666;1.002874622820775;0.9999654613518094;1.0;0.9999674279847056;0.9999935591013023;1.024999976158142;
2016-07-06 20:15:00;1.0003558519491982;0.9999500530111067;0.9999882783554547;1.0006501384421025;1.0;1.0008807341935988;1.002718496931702;1.0005208923814586;0.9999837430393369;1.0017521755186831;0.9999999999999999;1.0;1.0;1.0008429189204395;1.0;1.0001763015837961;1.0002039609185607;1.0;1.0020957170967193;0.9999874059963696;1.0;0.9999710703214685;1.0001966337108592;1.0025305797866049;1.0027951513520963;0.9999907450895337;0.9999783178193316;1.0011072960310428;1.0008607133458065;1.0;0.9997570954605245;0.9996379196224753;0.9999870514483029;0.9988788703750766;0.9986735605292967;0.9999999999999999;0.9999837653891327;0.9999738320119022;1.002698503571515;0.9999899023552052;1.0;0.9999866427641205;0.9999985451921679;1.024999976158142;
2016-07-06 20:30:00;1.0003570005030693;0.9998487109943138;0.9999726834609761;1.0006648853861746;1.0;1.0009016062434537;1.0028213763743181;1.0005412376010903;0.9999667242627255;1.0017976372929867;1.0;1.0;1.0;1.000856511221524;1.0;1.000200350788001;1.0002294258500923;1.0;1.0021608912710647;0.9999779170476137;0.9999999999999999;0.99992556936972;1.0002217532838147;1.0026277156312444;1.00289970673426;0.9999905049076754;0.9999460161940044;1.0011333469729253;1.0008909611728682;1.0;0.9997593795241208;0.9996435732729437;0.999964478658057;0.9988989795480219;0.9986773180891225;0.9999999999999999;0.9999844607620592;0.999975321336626;1.002796770700444;0.9999715955861767;1.0;0.9999737327202198;0.9999946672076373;1.024999976158142;
2016-07-06 20:45:00;1.00035606104165;0.999936361477837;0.9999864660337711;1.0006528151707503;1.0;1.0008878964420789;1.002762221233766;1.0005182921155487;0.9999833702842449;1.0017743600369045;1.0;1.0;1.0;1.0008457262773611;1.0;1.0001657879047259;1.0001931695809465;1.0;1.0021257975008604;0.9999862015034389;1.0;0.9999675605609839;1.000185940898556;1.0025704790723537;1.0028406911697156;0.9999885767529844;0.9999761965478832;1.0011176468079572;1.0008773168537883;1.0;0.9997534906104549;0.9996306431668753;0.9999841668725805;0.9988534893554014;0.998653290748917;1.0;0.9999846806851899;0.9999755412577467;1.002741189652744;0.9999874495038439;1.0;0.9999857982837479;0.9999978331532061;1.024999976158142;
2016-07-06 21:00:00;1.0003464121111485;0.9999318895138632;0.9999865717675404;1.0006359942460046;1.0;1.0008618468295052;1.0026598766298738;1.00051382169044;0.9999835894933556;1.0017115368372853;1.0;0.9999999999999999;1.0;1.0008236803702562;1.0;1.0001786420358967;1.0002060496110368;1.0;1.0020489463150817;0.999987567832757;0.9999999999999999;0.999965981104421;1.0001988239499962;1.002476364928934;1.0027344971197367;0.9999915729888182;0.9999752170080923;1.0010825044835958;1.00084405832764;0.9999999999999999;0.999788247865631;0.9996849638252195;0.9999834988115113;0.9990248565477285;0.9988210586918727;1.0;0.9999847783134028;0.9999760517068439;1.0026395390367038;0.9999868639377801;1.0;0.9999864445772814;0.999997634896246;1.024999976158142;
2016-07-06 21:15:00;1.0003477236596219;0.9998542226063605;0.9999739169470531;1.0006475642860637;1.0;1.0008769225492902;1.0027337489978037;1.0005305446339325;0.9999683316471257;1.0017438718712544;1.0;1.0;1.0;1.0008343743457517;1.0;1.0002012408166072;1.0002298417213158;1.0;1.0020952912905807;0.9999793377130638;1.0;0.9999288412998586;1.0002223073407692;1.0025465111058633;1.0028092855351216;0.9999918158151455;0.9999485839083466;1.0011013557244868;1.0008680715452796;1.0;0.9997918863449456;0.9996906345300427;0.9999658024563841;0.9990428515555394;0.9988377001859526;1.0;0.9999842844888062;0.9999751450649841;1.0027099971207396;0.9999726312794943;1.0;0.9999751315302905;0.9999948221945635;1.024999976158142;
2016-07-06 21:30:00;1.0003568955180921;0.9997768621482376;0.9999595145625767;1.0006728676312744;1.0;1.000912653735538;1.0028922023433975;1.0005510820866501;0.9999495751377585;1.0018278701487056;1.0;1.0;1.0;1.0008630021147666;1.0;1.00021597915275;1.0002458146176045;1.0;1.0022050696691454;0.9999681319637704;0.9999999999999999;0.9998897603914271;1.0002379592220654;1.0026946435775779;1.0029716427460027;0.999989432480157;0.9999205307399477;1.001148672837483;1.0009186439326467;1.0;0.9997702453719437;0.999657316945229;0.9999471122236147;0.9989382087917879;0.9987334239177121;1.0;0.9999837653891328;0.9999738320119022;1.0028644003789393;0.9999577618793729;0.9999999999999999;0.999960911079689;0.9999921628793449;1.024999976158142;
2016-07-06 21:45:00;1.0003650091393874;0.9996860951718759;0.999940483818778;1.0006967512046985;1.0;1.0009489486184193;1.0030906488019955;1.0005606196469883;0.9999227484016312;1.0019293747117965;0.9999999999999999;1.0;1.0000000000000002;1.0008888574705488;1.0;1.0002168485219896;1.0002471020097077;0.9999999999999999;1.0023395695614272;0.9999511689494203;1.0;0.9998393585809606;1.0002390951939615;1.0028793159344054;1.0031758204162944;0.9999836912570084;0.999883620396226;1.0012004347493237;1.0009827770382236;1.0;0.9997723930388608;0.999661342510144;0.9999241997175974;0.9989517372218303;0.9987360801963919;1.0;0.9999846567768328;0.9999763113086563;1.0030578550779834;0.9999397698152772;1.0;0.9999403687612389;0.999989356032721;1.024999976158142;
2016-07-06 22:00:00;1.000358930728308;0.999718935730315;0.9999374344870321;1.000678634267461;0.9999999999999999;1.000921832898592;1.0030254573180055;1.0005353027535295;0.999908602637523;1.001892944879667;1.0;0.9999999999999999;1.0;1.0008672680080977;1.0;1.0002066641738514;1.0002355593706789;0.9999999999999999;1.0022936030221539;0.9999428734004088;0.9999999999999999;0.9998412879776709;1.000227924998914;1.0028185424109282;1.0031088229063967;0.9999810471030379;0.9998852514011856;1.0011719591781625;1.0009651017193208;0.9999999999999999;0.9997979217684491;0.999698994675136;0.9999260264483201;0.9990678670020209;0.9988688052376961;0.9999999999999999;0.9999835891663463;0.9999736557908664;1.0029946289903573;0.9999422119206008;0.9999999999999999;0.9999305780008602;0.9999915032838083;1.024999976158142;
2016-07-06 22:15:00;1.0003487669409614;0.9997570034632772;0.9999561354786413;1.0006604922107525;1.0;1.0008981465521491;1.0028718837896322;1.000537300329861;0.9999457858438168;1.0018073341700229;1.0;1.0;1.0;1.0008457894937577;0.9999999999999999;1.0002062216366443;1.0002352266000463;1.0;1.0021842526012728;0.9999653958952694;1.0;0.9998803802716888;1.0002275830272827;1.002675390411028;1.002951062870504;0.9999878424906542;0.9999136802859536;1.0011320005505018;1.000903246357737;0.9999999999999999;0.9997948657140893;0.9997024366713012;0.9999426128331809;0.9990889367649244;0.9988931218520632;1.0;0.9999833677612603;0.9999742283458167;1.0028432846128428;0.999954139938843;1.0;0.9999578170678038;0.9999914419764362;1.024999976158142;
2016-07-06 22:30:00;1.0003418649837852;0.9998296764415283;0.9999696050694551;1.0006392212833066;1.0;1.0008649949241926;1.0027090251954236;1.0005247854880754;0.9999621352173721;1.0017223116990737;1.0;0.9999999999999999;0.9999999999999999;1.0008219001695207;1.0;1.0002044297485333;1.0002327660474095;1.0;1.0020717616805765;0.9999760362918448;1.0;0.9999144822433104;1.0002252595420147;1.002524023868663;1.0027835642677165;0.9999919085603599;0.9999375960862418;1.0010867487395274;1.0008294206631192;0.9999999999999999;0.999790740255473;0.9997103661437629;0.9999602868414852;0.999131545196666;0.9989701668008584;1.0;0.9999839067181585;0.9999743861622898;1.0026845674485323;0.9999682854105016;0.9999999999999999;0.9999706425570352;0.9999941179605681;1.024999976158142;
2016-07-06 22:45:00;1.0003458994167211;0.9998518254174777;0.9999731037758003;1.0006442669696014;1.0;1.0008711395886534;1.002711417984345;1.0005301118961554;0.9999665000619746;1.001730298830104;1.0;1.0;1.0;1.0008299382624481;1.0;1.0002062115716683;1.0002348778343197;0.9999999999999999;1.0020785757421438;0.9999786674436177;1.0;0.9999265143674391;1.0002273248577531;1.002526145815822;1.0027859855140144;0.9999925223488847;0.9999468881009645;1.0010937601977676;1.0008318664166362;0.9999999999999999;0.9997799605529486;0.9996922660645704;0.9999649520258495;0.9990729580478264;0.9989131755473389;1.0;0.9999844129474462;0.9999768614413246;1.0026878268403532;0.999972014504791;0.9999999999999999;0.999973969953707;0.9999948152832021;1.024999976158142;
2016-07-06 23:00:00;1.000335597871356;0.9998956404482297;0.9999797043133581;1.0006201125647622;1.0;1.0008369142495173;1.002583200939909;1.000509718983576;0.9999732994620242;1.0016578896192045;1.0;1.0;1.0;1.0008010213807743;1.0;1.0001967892344503;1.0002243313895824;1.0;1.001986818512789;0.9999829013627359;0.9999999999999999;0.9999462029370366;1.0002170788836988;1.0024065946069194;1.002654323508687;0.9999936080787151;0.9999611275697662;1.0010503232616281;1.000819918529455;1.0;0.9998069974813445;0.9997133843692874;0.9999744558060224;0.9991130573442765;0.998942184595807;1.0;0.9999850107574182;0.9999758713269582;1.002562219694197;0.9999797450167679;1.0;0.9999793453082279;0.9999964914410754;1.024999976158142;
2016-07-06 23:15:00;1.0003325740780058;0.9999351775360811;0.9999858006362552;1.000609644457666;1.0;1.0008213792676603;1.002514070684448;1.0005003068390153;0.9999797171207352;1.0016226761102003;1.0;1.0;1.0;1.0007896261799025;1.0;1.0001909319949625;1.000217918882177;1.0;1.0019398681539595;0.9999868132608223;1.0;0.9999637808565162;1.0002108059004353;1.0023420262243163;1.002583452152964;0.999994479838508;0.999973668510232;1.0010303187024752;1.000799394463697;1.0;0.9998141776725955;0.9997232629584113;0.9999832099311894;0.9991426136382923;0.9989801533204425;1.0;0.9999844607620593;0.999975321336626;1.0024951500045687;0.9999868568554411;1.0;0.9999843644969305;0.9999980186646468;1.024999976158142;
2016-07-06 23:30:00;1.0003372262551027;0.9999477933785895;0.9999883278929702;1.00061663724152;1.0;1.0008292926505118;1.002521374354968;1.0005089670282872;0.9999828584851076;1.001632037243889;0.9999999999999999;1.0;1.0;1.0007994161007268;1.0;1.000197576393627;1.0002250834333226;0.9999999999999999;1.0019485539795991;0.9999890598227961;1.0;0.9999698927528985;1.000217828723233;1.002349098081422;1.0025907462234693;0.9999957708119728;0.9999779862898659;1.001038977223501;1.000800614617679;1.0;0.9997912046122202;0.999687805045839;0.9999863613046788;0.9990311288927819;0.998859958554073;1.0;0.9999837653891326;0.9999738320119022;1.002502972869752;0.9999893645672443;0.9999999999999999;0.9999869037810122;0.9999984684133162;1.024999976158142;
2016-07-06 23:45:00;1.0003277284216938;0.9999256245537804;0.9999844029237598;1.000601763942315;1.0;1.0008099366500585;1.0024791135107662;1.0004956944966572;0.9999777950144072;1.0015986012250389;1.0;1.0;1.0;1.0007786666378096;1.0;1.000193355851979;1.0002201426308925;0.9999999999999999;1.0019115331808846;0.999986015410125;1.0;0.99995826931133;1.0002130610917679;1.0023098681551852;1.0025472676186535;0.9999950657120709;0.9999693691905435;1.0010155956615587;1.0007877172768551;1.0;0.999837036921859;0.9997593729202504;0.9999812590008734;0.999257118135362;0.999112361631942;1.0;0.9999847783134028;0.9999760517068438;1.0024601281480878;0.9999853009067168;1.0;0.9999830510522205;0.9999977336261497;1.024999976158142;
2016-07-07 00:00:00;1.0003306381976143;0.9999437779247214;0.9999876212553509;1.000605013220747;0.9999999999999999;1.0008136611476164;1.0024771125844705;1.000499056306728;0.9999818359143336;1.001602149341271;1.0;1.0;1.0;1.0007839631980988;1.0;1.0001940668481637;1.0002210305948291;1.0;1.001913359683794;0.9999884822828089;1.0;0.9999673918894862;1.0002139073474556;1.0023079361504688;1.0025452502977628;0.9999957082042003;0.9999760071793518;1.0010195705467992;1.000776412170868;1.0;0.9998237886320753;0.9997461633525258;0.9999854921576671;0.9992247747256696;0.9990817599349816;1.0;0.9999840699551922;0.9999741365749364;1.0024588626276223;0.9999886813571078;1.0;0.9999861495960544;0.9999983604439712;1.024999976158142;
2016-07-07 00:15:00;1.0003196159831316;0.9999561507827686;0.9999890838008068;1.0005836626016311;1.0;1.0007887589361995;1.002423302911809;1.0004715063525533;0.9999840226338522;1.0015648009559603;1.0;1.0;1.0;1.000756873415903;1.0;1.0001670249876542;1.0001922171313846;1.0;1.001870346179528;0.9999884511799866;1.0;0.9999739119940555;1.0001855647903015;1.0022564758862273;1.0024910573577512;0.9999928202280371;0.9999807767928239;1.0009909035912778;1.0007551651508046;0.9999999999999999;0.9998644158412552;0.9998129749869853;0.999988039405439;0.9994399960968848;0.9993065096996189;1.0;0.9999855243249594;0.9999775916727218;1.0024056193020463;0.9999907304600554;1.0;0.9999872571262383;0.999998766161534;1.024999976158142;
2016-07-07 00:30:00;1.000317132014666;0.9999561278920844;0.9999895644155757;1.0005793295906453;1.0;1.000781734945183;1.0023914738578208;1.0004716237444544;0.9999849234686554;1.0015460188649488;0.9999999999999999;0.9999999999999999;1.0;1.000751293056183;1.0;1.0001721501976797;1.0001974470900536;1.0;1.001847020814412;0.9999894117490422;1.0;0.9999746115915547;1.0001907749282775;1.0022272379564265;1.0024579897647492;0.999993990928069;0.9999814024340112;1.0009810087480284;1.0007463743499427;1.0;0.9998689136173124;0.9998187668423341;0.9999882548067127;0.9994567208770381;0.9993341562856776;0.9999999999999999;0.9999837528695108;0.9999742323151071;1.0023740731845068;0.9999908594547012;1.0;0.9999880789210411;0.9999987160144777;1.024999976158142;
2016-07-07 00:45:00;1.0003118985091384;0.9999500311745196;0.9999879771993139;1.0005702669577954;1.0;1.0007678195531933;1.0023449173383254;1.0004675002370982;0.9999818770178812;1.001516225187166;1.0;1.0;0.9999999999999999;1.0007392148257594;1.0;1.0001780355321344;1.0002032481352594;1.0;1.001811265792605;0.9999882035351919;1.0;0.9999703954314644;1.0001966045508701;1.002184488046524;1.0024096215070346;0.9999949351746796;0.9999784720360803;1.0009631892120883;1.0007330420545124;0.9999999999999999;0.9998810439924056;0.9998364004955986;0.9999863777331742;0.9995108045785371;0.9993948416384698;0.9999999999999999;0.9999837415317668;0.9999746021129071;1.002327694586773;0.9999894389437431;1.0;0.9999860974219619;0.9999985876634868;1.024999976158142;
2016-07-07 01:00:00;1.0003039453129625;0.9999592088363974;0.9999901796568416;1.0005549527709683;1.0;1.000745831373655;1.0022624262447983;1.0004584563402672;0.9999849902555573;1.0014666085157398;1.0;0.9999999999999999;1.0;1.0007198444686822;1.0;1.00017875108145;1.0002035529766338;1.0;1.001750070750308;0.9999904868940505;1.0;0.9999755994632455;1.000197020907621;1.002108000547579;1.002324558601384;0.9999963984220868;0.9999822712396962;1.0009342978650424;1.0007093209826472;1.0;0.999902460345538;0.9998676710536771;0.9999888445317658;0.9996068944076411;0.9995155743116848;1.0;0.9999848897356672;0.9999769570884639;1.0022461731025916;0.9999913619122731;0.9999999999999999;0.9999886008813287;0.999998863460559;1.024999976158142;
2016-07-07 01:15:00;1.0003034146444574;0.9999435562726268;0.9999872910489551;1.000555400609595;1.0;1.0007480436163978;1.002290724708661;1.0004543099991339;0.9999811126051169;1.0014785948544747;1.0;1.0;0.9999999999999999;1.0007192773570237;1.0;1.0001722661343115;1.0001967110997458;1.0;1.0017671390369896;0.9999877463325091;1.0;0.9999663062811973;1.0001902326077394;1.0021340376670134;1.0023540289526545;0.9999948373139868;0.9999749491581907;1.0009385928889616;1.0007259208881194;1.0;0.999897436599562;0.9998544328968786;0.9999853981775523;0.9995581305522131;0.9994544379045459;1.0;0.9999839614537871;0.9999748220329174;1.0022735981592341;0.9999886467108948;1.0;0.9999855129262717;0.9999984235830754;1.024999976158142;
2016-07-07 01:30:00;1.0002995915466615;0.9999556004249911;0.9999887618470622;1.0005470800641936;1.0;1.0007365173173235;1.0022499436917867;1.0004473349057021;0.9999824626905695;1.0014552501349332;0.9999999999999999;1.0;0.9999999999999999;1.0007092602628513;1.0;1.0001692553064425;1.0001933445795748;1.0;1.0017380418086546;0.9999885560632346;1.0;0.9999722068441315;1.0001869828063372;1.0020959895502326;1.0023121054269;0.9999949634608661;0.9999795605481627;1.000924192945081;1.0007124862100474;1.0;0.9999020332589726;0.9998616000387534;0.9999876419840149;0.9995806272596672;0.9994768292725829;1.0;0.9999836682764573;0.999974147722859;1.0022335601999262;0.9999904865843262;1.0;0.9999865855557858;0.9999988474748616;1.024999976158142;
2016-07-07 01:45:00;1.000293669934226;0.9999518415208589;0.9999889155735955;1.0005371248900123;1.0;1.0007226172097;1.0022012646256047;1.0004421766447655;0.9999835266786585;1.001424118923828;1.0;1.0;1.0;1.0006961518717703;1.0;1.0001707911040978;1.0001946759828408;1.0;1.0017007629272359;0.9999894495014963;1.0;0.9999719156200653;1.0001883784726555;1.0020509277863923;1.0022618225359985;0.9999958355335414;0.999979517741349;1.0009058296673459;1.0006966465587122;1.0;0.9999265034975776;0.9998999759760226;0.9999872002879329;0.9997022519344791;0.9996411825762688;1.0;0.9999837528695108;0.999974232315107;1.0021850892316113;0.9999900418737577;1.0;0.9999874105874199;0.9999986066339556;1.024999976158142;
2016-07-07 02:00:00;1.0002911368546372;0.9999642601749917;0.9999911571779195;1.0005308415513436;1.0;1.0007130836886178;1.002161519793234;1.0004378155629383;0.9999859449927139;1.0014018184607822;1.0;1.0;1.0;1.0006885384314368;1.0;1.0001701894072046;1.0001938319702832;1.0;1.0016720808202677;0.9999911151045267;1.0;0.9999768920221626;1.0001875762388481;1.0020140344344515;1.0022209428168845;0.9999966392125935;0.9999827500177481;1.0008932490504108;1.0006840938189554;0.9999999999999999;0.9999305089899078;0.9999058761946271;0.9999902749852165;0.9997204113196444;0.9996697122502277;1.0;0.9999855298584369;0.9999771843829739;1.0021461568084218;0.9999925289353947;1.0;0.9999893709923501;0.9999991224988033;1.024999976158142;
2016-07-07 02:15:00;1.0002901861187177;0.999953330099353;0.9999905571184272;1.0005311737913354;1.0;1.0007144836735946;1.0021675296472676;1.000439905070351;0.9999871091273379;1.0014033753097613;1.0;0.9999999999999999;1.0;1.000688519642049;1.0;1.0001711764100276;1.0001949632987166;1.0;1.0016754011869138;0.9999917105007015;1.0;0.9999749220848558;1.0001886938085678;1.0020196069819063;1.002227067276263;0.9999967597199169;0.9999817159364867;1.0008943954285994;1.0006850865044352;0.9999999999999999;0.9999269345907034;0.9999009335356096;0.9999884183459662;0.9997055710288446;0.9996508417158064;0.9999999999999999;0.9999844607620592;0.9999753213366258;1.002151611458696;0.9999908650431923;1.0;0.9999900525091385;0.9999985017940753;1.024999976158142;
2016-07-07 02:30:00;1.000288560854016;0.9999683308647094;0.9999931914634326;1.0005266112932827;1.0;1.0007088476279662;1.0021462154222085;1.0004344179994076;0.9999906720022843;1.0013921932900893;1.0;1.0;1.0;1.0006834537521025;1.0;1.0001647865154752;1.0001882065860026;1.0;1.0016608174191448;0.9999935557849551;0.9999999999999999;0.9999827706307522;1.0001820378448558;1.0019993910038498;1.002205451611209;0.99999657280867;0.9999874291494794;1.0008873737620376;1.0006807028479128;1.0;0.9999298803666485;0.9999038416926838;0.9999919351281593;0.9997126841675947;0.9996574447646659;1.0;0.9999859826904139;0.9999780500345405;1.0021309613499028;0.9999936608750223;1.0;0.9999926299850798;0.9999989987049522;1.024999976158142;
2016-07-07 02:45:00;1.0002868305459636;0.9999455062549533;0.9999890832666574;1.0005259763235648;1.0;1.0007087805668233;1.0021631819620809;1.000432902388441;0.9999853876463204;1.0013970218588295;1.0;1.0;1.0;1.0006812822225284;1.0;1.0001648874992748;1.0001882278858383;1.0;1.0016696063294965;0.9999903426150244;1.0;0.9999710735487326;1.0001820716158834;1.0020152783785374;1.002222845647342;0.9999957284757636;0.999978881532266;1.0008882141518483;1.0006863699454316;1.0;0.999937564384146;0.9999157671696208;0.9999865828455605;0.9997502943089921;0.9997048088948864;0.9999999999999999;0.9999837528695107;0.9999742323151071;1.0021469031151888;0.9999893980146431;1.0;0.9999886013001787;0.9999982275523542;1.024999976158142;
2016-07-07 03:00:00;1.0002854203802687;0.9999624677730341;0.9999923727706779;1.0005214204088853;0.9999999999999999;1.0007010355229926;1.0021207780179135;1.0004318874642157;0.9999894247686697;1.0013750878783008;1.0;1.0;0.9999999999999999;1.0006762727397722;0.9999999999999999;1.0001674548654438;1.000190782524427;0.9999999999999999;1.0016404426857606;0.9999931349319472;1.0;0.9999791469369398;1.0001846210954075;1.0019760335912187;1.0021790874961494;0.9999971577253702;0.9999845539913924;1.000877195205742;1.0006717715052358;1.0;0.9999384923887081;0.9999176954555179;0.9999907742299918;0.9997569697578657;0.9997206416842191;0.9999999999999999;0.9999861405909768;0.9999785890718088;1.0021055273744606;0.9999927423004931;1.0;0.9999918321515212;0.999998842942331;1.024999976158142;
2016-07-07 03:15:00;1.0002870460546944;0.9999596901546425;0.9999921824616785;1.0005245566234693;1.0;1.0007054810130696;1.0021372024079873;1.0004336048112026;0.9999893186986518;1.0013845048205205;1.0;1.0;1.0;1.0006800161158569;1.0;1.0001669395152826;1.0001903103269787;1.0;1.0016519845987524;0.9999930017330213;1.0;0.9999772355673636;1.0001841128440776;1.001991281926412;1.0021960826843939;0.9999969983523403;0.9999827880017291;1.0008828389958664;1.0006767695856893;0.9999999999999999;0.9999369077167382;0.9999155100954543;0.9999904948456904;0.9997504248780767;0.9997069035623697;1.0;0.99998385003231;0.999973916654239;1.002121730109021;0.9999925089994757;1.0;0.9999917084028137;0.9999987821453716;1.024999976158142;
2016-07-07 03:30:00;1.0002882617889743;0.9999628525671683;0.9999920930500439;1.0005263860294673;1.0;1.0007079986764913;1.0021453312700506;1.0004346237463961;0.9999887442947316;1.001390590157674;1.0;1.0;1.0;1.0006827176142679;1.0;1.0001669671398623;1.0001904113402666;1.0;1.0016591395388152;0.9999925995735165;1.0;0.9999787357400577;1.000184215620251;1.001998782301754;1.002204429629397;0.9999967244014552;0.9999842003574289;1.0008863543969322;1.0006802646492925;1.0;0.9999332652101088;0.999909165265852;0.9999906766658828;0.9997295251638934;0.9996802800078133;1.0;0.9999852067724051;0.9999768612996387;1.002129927228074;0.9999927002226575;0.9999999999999999;0.9999912920452321;0.9999988968452963;1.024999976158142;
2016-07-07 03:45:00;1.000287556647155;0.9999576867276435;0.9999918242662608;1.0005259779643396;1.0;1.0007077899753893;1.0021455001404855;1.0004350453127953;0.9999892034710158;1.0013895576204508;1.0;1.0;1.0;1.00068192878242;1.0;1.0001673025403892;1.0001907760554563;1.0;1.001658504209786;0.9999928506958204;0.9999999999999999;0.9999774015426062;1.0001845755341872;1.0019989485453509;1.0022045872948488;0.999996818899548;0.999983286683496;1.0008858055410088;1.0006807811356273;1.0;0.9999342019220903;0.9999103048767017;0.9999898671131751;0.999732729422878;0.9996837542102185;1.0;0.9999834128931677;0.9999734795194388;1.0021298664326614;0.9999919784036815;1.0;0.9999915612244535;0.9999986332544275;1.024999976158142;
2016-07-07 04:00:00;1.000288163033714;0.9999664405761328;0.9999933724587229;1.0005260678836996;1.0;1.0007076328861708;1.0021391639819484;1.0004352143969724;0.9999911337486302;1.0013876523040792;1.0;1.0;1.0;1.000682525217682;1.0;1.0001668337713812;1.0001903060550186;1.0;1.0016551019884818;0.9999940097576305;1.0;0.9999816757005368;1.0001841052066278;1.0019930017828014;1.0021981147812542;0.9999970904056641;0.9999863507131282;1.000885322762604;1.0006797251187818;1.0;0.9999265818537693;0.9998975913363147;0.9999919328753704;0.9996914803425009;0.9996353894393695;1.0;0.9999833566744819;0.9999738361238502;1.0021239181468704;0.9999936305614097;1.0;0.9999930291481385;0.9999989439966344;1.024999976158142;
2016-07-07 04:15:00;1.0002887018609616;0.9999572396687996;0.9999918781342841;1.000528276962306;1.0;1.0007106471781138;1.0021509138048728;1.0004382292954426;0.9999895126462887;1.0013936781863668;1.0;1.0;1.0;1.0006849657524681;1.0;1.0001700311687447;1.000193718014488;1.0;1.0016632624452675;0.9999931278606609;1.0;0.9999778917233781;1.0001874741869294;1.002004091550376;1.0022100282447575;0.9999971166079872;0.9999838416763458;1.0008890381546995;1.00068114335546;1.0;0.9999317934611585;0.9999074996743559;0.9999897556614583;0.9997250501729853;0.9996754901426991;0.9999999999999999;0.9999835030901381;0.9999743636734576;1.0021352406596724;0.9999918629913862;1.0;0.9999918065631114;0.9999985663578113;1.024999976158142;
2016-07-07 04:30:00;1.000287964318187;0.9999583709962179;0.9999917001403634;1.0005267213762843;1.0;1.000708636947444;1.0021466090294835;1.0004362576841563;0.9999889411970998;1.0013909138191968;1.0;1.0;1.0;1.0006830399211204;1.0;1.000168729932789;1.0001923064570901;1.0;1.0016600330495662;0.9999927379398359;1.0;0.9999780849861738;1.0001860965793887;1.002000027036128;1.002205634111369;0.9999968854723773;0.9999840589639016;1.000886842973854;1.0006784499685952;1.0;0.9999298993120175;0.9999054077308367;0.9999897477838239;0.9997194878214958;0.9996678609546964;1.0;0.9999853481012431;0.9999774154504033;1.0021310042639346;0.9999918919750734;0.9999999999999999;0.9999913831503555;0.9999986324771793;1.024999976158142;
2016-07-07 04:45:00;1.0002876220274717;0.9999658983046389;0.9999932870629752;1.0005250133742638;1.0;1.0007057103154697;1.0021311452284167;1.00043508670761;0.9999907985240769;1.001382784411796;1.0;1.0;1.0;1.000681066589482;1.0;1.0001683969174004;1.0001918799332012;1.0;1.0016489881590138;0.9999939654970369;1.0;0.9999808440535034;1.0001856669105005;1.001985682663065;1.0021897796064296;0.9999973959009244;0.9999856045020914;1.0008827082844225;1.0006738503446082;1.0;0.9999359639417703;0.9999146600298999;0.9999918577679235;0.9997484920639955;0.9997010593641535;1.0;0.9999849743290307;0.9999770416811561;1.00211597750796;0.9999935867606865;0.9999999999999999;0.9999928560218037;0.9999989637462224;1.024999976158142;
2016-07-07 05:00:00;1.0002884852320455;0.9999679281113107;0.9999937654331017;1.0005265602319042;1.0;1.000707743330741;1.002133993214445;1.000437241117541;0.9999916974166031;1.001385555934272;0.9999999999999999;1.0;1.0;1.0006833073290562;1.0;1.000169741513381;1.0001933682333426;1.0;1.0016520185422386;0.9999945247633003;1.0;0.9999827292476934;1.0001871330062464;1.0019883466535429;1.002192648744469;0.999997596589409;0.9999872070951774;1.0008849751417896;1.0006773000392442;1.0;0.9999372350590395;0.9999149558268158;0.9999923029693848;0.9997473990572361;0.999701270131094;1.0;0.9999838261248386;0.9999746867052057;1.0021188768144276;0.9999939128968665;1.0;0.9999935248810581;0.9999989736154519;1.024999976158142;
2016-07-07 05:15:00;1.0002906465858967;0.9999853589487752;0.9999969079645976;1.0005284937181105;1.0;1.0007099460970557;1.0021294081985568;1.0004387922288116;0.9999957181556236;1.0013868782685729;1.0;1.0;1.0;1.0006867829868247;1.0;1.000168692239559;1.0001923704932694;1.0;1.001651389919215;0.9999968869387607;1.0;0.999991343587142;1.0001861189199592;1.0019839362629512;1.0021880593102261;0.99999804631251;0.9999933587986491;1.0008871886415482;1.000674045488809;1.0;0.9999330068653636;0.999909674752603;0.9999964671765191;0.9997324032977388;0.9996844616459689;1.0;0.9999849982366625;0.9999762716281844;1.002115010977489;0.9999972347526512;0.9999999999999999;0.9999965567084798;0.9999995836705068;1.024999976158142;
2016-07-07 05:30:00;1.0002999296701518;0.9999745750707167;0.9999947390377528;1.000546145326959;1.0;1.0007335568024431;1.0022088203632165;1.0004526145618733;0.9999922765955013;1.0014355441493468;1.0;0.9999999999999999;1.0;1.0007089788601322;1.0;1.0001749624809235;1.0001993698325038;1.0;1.0017104878879892;0.9999949027142628;1.0;0.9999841738675214;1.0001928970165344;1.002058024450581;1.002269649448692;0.9999976781940225;0.9999877342049515;1.0009172441051457;1.0007003316352063;0.9999999999999999;0.9999043051950769;0.9998644938816768;0.9999939495040447;0.9995893111540254;0.9995363123708827;1.0;0.9999837653891327;0.9999738320119024;1.0021935135666737;0.9999952891116896;1.0;0.99999403444529;0.9999993345104213;1.024999976158142;
2016-07-07 05:45:00;1.0002994166636976;0.9999778406482661;0.9999948564376481;1.0005450183177431;1.0;1.0007320538282558;1.0022029085453767;1.0004520379219906;0.9999922687263374;1.0014327923572026;1.0;1.0;1.0;1.0007079037743476;0.9999999999999999;1.0001751074204235;1.000199527641773;1.0;1.0017070835945023;0.9999948851315407;1.0;0.9999865002808707;1.0001930838796995;1.0020524900963608;1.0022634977648348;0.9999976218638671;0.9999899211748259;1.0009154799998674;1.000700269480693;1.0;0.9998982220908262;0.9998536077569385;0.9999941961594908;0.9995532160658771;0.999503695375171;1.0;0.9999842112341678;0.9999746906754001;1.00218774362974;0.9999955012033535;1.0;0.9999940410947508;0.9999993998611018;1.024999976158142;
2016-07-07 06:00:00;1.0003107664897695;0.9999803344899205;0.9999944653735977;1.0005651377625027;1.0;1.0007588871546587;1.0022844633904278;1.0004681710155297;0.9999909639157051;1.0014865639934225;0.9999999999999999;0.9999999999999999;1.0;1.000734313612923;1.0;1.0001815236262683;1.000206833227216;1.0;1.0017709527597007;0.9999940915568315;1.0;0.9999868986422272;1.0002001676565653;1.002128541077839;1.0023472308105763;0.9999973293718252;0.9999903982517893;1.0009494596172968;1.0007255494335383;1.0;0.9999046189122711;0.999865090860575;0.9999941630327949;0.9995919720767041;0.9995430037595088;0.9999999999999999;0.9999198435190192;0.9999119113878122;1.0022688371972295;0.9999955534025003;0.9999999999999999;0.999993111295818;0.999999543140315;1.024999976158142;
2016-07-07 06:15:00;1.0003247603916938;0.9999843982437093;0.9999952161462026;1.00059007788586;1.0;1.0007927650685504;1.0023862901695468;1.000487809369071;0.9999920549511968;1.0015532797056317;1.0;1.0;0.9999999999999999;1.0007669725206942;1.0;1.0001868034632595;1.0002131284129592;0.9999999999999999;1.0018501426829267;0.9999945551078683;0.9999999999999999;0.9999889376043222;1.0002061909434712;1.0022233227073016;1.0024519825341969;0.9999970406342187;0.999991786507241;1.0009919050401996;1.0007584207807638;1.0;0.9999214102512294;0.999892548779852;0.9999951940956835;0.9996812646727188;0.9996365179194263;1.0;0.9998406178341368;0.9998310986424802;1.0023700748687883;0.9999963695889592;1.0;0.9999938526089281;0.9999996760486469;1.024999976158142;
2016-07-07 06:30:00;1.0003322107059514;0.9999757669420116;0.9999924465661755;1.0006039678155059;0.9999999999999999;1.0008115368636163;1.002455214646914;1.000496920897468;0.9999870432710123;1.0015953088294471;1.0;1.0;1.0;1.0007844715206353;1.0;1.0001900701082502;1.0002168691428919;1.0;1.0019015329574066;0.9999915014109845;1.0;0.9999821134855873;1.000209794884533;1.002287544028178;1.0025228351477224;0.9999960714379823;0.9999866859604103;1.0010166868996575;1.000769792276684;1.0;0.9999070629674741;0.9998780749456438;0.9999924457776332;0.999645662351718;0.9996100876018132;1.0;0.9998238165900528;0.9998150913881648;1.0024382416455646;0.9999943229699748;1.0;0.9999901483034203;0.9999995497349232;1.024999976158142;
2016-07-07 06:45:00;1.0003383403085682;0.999961636434047;0.9999857399919587;1.000614951033702;1.0;1.0008262827556778;1.0025303512448966;1.000499120367394;0.9999737356993825;1.0016388627665933;1.0;1.0;1.0;1.0007978657874097;1.0;1.0001901901974481;1.0002170822945882;1.0;1.0019561559234835;0.9999834086541177;1.0;0.9999677655718753;1.0002099721834983;1.0023574352116502;1.002600133633775;0.9999934570530059;0.9999761857573817;1.001038953809547;1.0007916541528343;1.0;0.9998884433994952;0.9998506115530862;0.9999864794916414;0.9995607940592147;0.9994998393480892;0.9999999999999999;0.9998490441577202;0.9998367305751079;1.0025124734337174;0.9999900292504739;1.0;0.9999803891077013;0.9999995672485601;1.024999976158142;
2016-07-07 07:00:00;1.000352289106334;0.9999699037223634;0.9999921395322857;1.0006414150091396;1.0;1.0008623066186888;1.0026084101947619;1.0005288068604992;0.9999876228865726;1.0016938216031332;1.0;0.9999999999999999;1.0;1.0008329112706253;1.0;1.0002021999674011;1.000230722802493;1.0;1.002019505906129;0.9999917558244555;1.0;0.9999806580968067;1.0002231981086314;1.0024301588117606;1.0026802941539315;0.9999960380033827;0.9999856833752399;1.001079797338698;1.0007627961066314;1.0;0.9998411557303717;0.9998152870164104;0.9999915354289699;0.9994980888740791;0.9994349349061351;1.0;0.9998376784944706;0.9998265716487544;1.002590189533621;0.999993506554205;1.0;0.9999904667866086;0.9999992459613218;1.024999976158142;
2016-07-07 07:15:00;1.0003619625543247;0.9999505590705965;0.9999890731868223;1.00066159442314;1.0;1.0008930295854446;1.0027296155958034;1.0005396321756503;0.9999850808549285;1.0017643693209917;0.9999999999999999;1.0;1.0;1.0008580688592033;1.0;1.0001966756193883;1.00022561788194;1.0;1.0021079407983573;0.9999892608848544;1.0;0.9999729455302095;1.0002179872577783;1.0025422355355322;1.0028055042503194;0.9999934993825925;0.9999802041185853;1.001120105931648;1.0007487066323628;1.0;0.9998129004930068;0.9998094562480048;0.9999872885187762;0.9995281991573542;0.9994621215297501;1.0;0.9997946392639658;0.9997309922188533;1.002709618732725;0.9999900214439377;1.0;0.9999880408367534;0.9999984381678931;1.024999976158142;
2016-07-07 07:30:00;1.0003705894440413;0.9999102848704146;0.9999818751805141;1.000681811788827;1.0;1.0009212046128242;1.0028403046112329;1.0005561504818254;0.999975965842315;1.0018263817445465;1.0;1.0;1.0;1.0008820637770102;1.0;1.0002061109229121;1.0002359974619561;1.0;1.0021868448726026;0.9999838192060794;0.9999999999999999;0.9999528991107888;1.0002281165368068;1.002645621881269;1.002919026801362;0.9999923166813032;0.999965753295971;1.0011565515201852;1.000779181463179;1.0;0.9998179238745903;0.9998219256600982;0.9999777771163066;0.9995744580866012;0.9995047063517105;1.0;0.9997426840305453;0.9996352858597034;1.0028179890408548;0.999982427864558;1.0;0.9999811181150039;0.9999970306667295;1.024999976158142;
2016-07-07 07:45:00;1.000376347579023;0.9999006065280464;0.9999811951811346;1.000693882175237;1.0;1.0009384322750279;1.0028960098119488;1.0005666163618325;0.9999765803176678;1.0018601832142426;1.0;1.0;1.0;1.0008972792744353;1.0;1.0002089883691534;1.0002394289308898;1.0;1.002228451125229;0.9999839890385886;1.0;0.9999503733610396;1.0002314094522902;1.002697361077579;1.0029763562738039;0.9999921034542226;0.9999640488891512;1.001177833281828;1.0008026372417163;0.9999999999999999;0.9998201371048512;0.9998221401794262;0.9999761514736759;0.9995720660943267;0.9995021642144258;1.0;0.9997061688867784;0.9995341370476656;1.0028729093531823;0.999980995773081;0.9999999999999999;0.9999813736777994;0.9999965357895735;1.024999976158142;
2016-07-07 08:00:00;1.0003748911585948;0.9999738908230822;0.9999938508868816;1.0006826507974007;0.9999999999999999;1.0009189402176897;1.0027770599614543;1.0005626999203119;0.9999914362578324;1.0018037986762145;0.9999999999999999;1.0;1.0;1.000886934244881;1.0;1.000211228951476;1.000241528921132;1.0;1.002150581042669;0.9999936462061676;0.9999999999999999;0.999985366901054;1.000233551272921;1.0025868344456985;1.0028538778979845;0.9999957834613928;0.9999892965335349;1.001150189445526;1.000750771802853;1.0;0.9998113047768901;0.9998173053094352;0.999993068431694;0.999568219811229;0.9994980786365395;1.0;0.9997236979742653;0.9995599593266361;1.0027577626475488;0.9999945850314799;1.0;0.9999930755185356;0.9999991952783475;1.024999976158142;
2016-07-07 08:15:00;1.000386879086221;0.9999699481777342;0.9999937594169283;1.0007046849240817;1.0;1.000947795225391;1.0028603256932234;1.0005825129448789;0.9999914180228544;1.0018576493544114;1.0;1.0;1.0;1.0009151936389724;1.0;1.000221401293461;1.0002527777141483;1.0;1.0022143911502666;0.999993884517772;0.9999999999999999;0.9999826544912334;1.000244483708206;1.0026646804779995;1.0029393131632105;0.9999963903522272;0.9999868182429763;1.0011856241775592;1.0007742463942872;1.0;0.9997931844122132;0.9997917548737476;0.9999927345700523;0.999492191741481;0.9994206774980138;1.0;0.9996909307459781;0.999507463541555;1.0028403684456897;0.9999943005281897;1.0;0.9999931516787189;0.999999109097522;1.024999976158142;
2016-07-07 08:30:00;1.000388366684864;0.9999614601783854;0.9999923926042391;1.0007085657477177;1.0;1.0009540638760281;1.0028876336833;1.000584608654515;0.9999902073272966;1.001872759004168;1.0;1.0;1.0;1.0009198356759919;1.0;1.0002202487339373;1.0002517169072174;1.0;1.0022339270774503;0.9999929091717153;1.0;0.9999794405049082;1.0002434094422705;1.0026899177397999;1.0029675006854175;0.9999956854548243;0.9999846749714953;1.0011939590962187;1.0007815542142702;1.0;0.9998029916333224;0.9998086312609655;0.9999907827471961;0.999547803959428;0.9994803606078686;0.9999999999999999;0.9996882734517878;0.9994946717655534;1.0028671288105542;0.9999927014369592;1.0;0.9999920857199014;0.9999987435057538;1.024999976158142;
2016-07-07 08:45:00;1.000423343589213;0.9999788452560703;0.9999943551353002;1.0007697821756483;1.0;1.001039579992375;1.0031626875541093;1.0006251953485763;0.9999923464360715;1.0020508153012433;1.0;1.0;1.0;1.001000392325619;1.0;1.0002193465569233;1.0002526981698734;1.0;1.0024465342305862;0.9999928392800004;1.0;0.9999868518466497;1.0002438793202622;1.0029446451584143;1.0032513631198188;0.9999926972258029;0.9999897487804067;1.0013033139702883;1.00086292566087;1.0;0.9997211677731757;0.9996852190877243;0.9999944020940572;0.9991653959942385;0.9989627769712398;1.0;0.9997071468305535;0.9995226307005806;1.003140870137719;0.9999956719258675;1.0;0.999993209977577;0.9999994341418763;1.024999976158142;
2016-07-07 09:00:00;1.0004135209237506;0.9999830749055217;0.9999944698356542;1.0007514730732083;1.0;1.001016099776291;1.003099514687819;1.000606899892906;0.999992249499415;1.002009167692563;1.0;1.0;1.0;1.0009769033312443;1.0;1.0002076416437704;1.000239940909151;1.0;1.0023974796833175;0.999992392279215;1.0;0.9999889874786291;1.000231414350638;1.0028853923204506;1.0031867385190254;0.9999917136411135;0.9999915315089526;1.0012749610752334;1.0008430027606332;1.0;0.9997439289601775;0.9997213897893233;0.999994917011138;0.9992810323798337;0.9991320044914722;1.0;0.9997164389173159;0.9995275184752308;1.0030781999253406;0.9999961200427004;1.0;0.9999930096198344;0.9999995821464123;1.024999976158142;
2016-07-07 09:15:00;1.0004159663120646;0.9999784125378628;0.9999946846287363;1.0007565654194717;1.0;1.001016220651862;1.0030545405925642;1.0006283281255717;0.9999920023337906;1.0019878199844514;0.9999999999999999;1.0;1.0;1.0009834427486328;1.0;1.00024311700555;1.0002770735250346;1.0;1.0023678452727003;0.9999945232449302;1.0;0.9999868548529923;1.00026812946229;1.002845805437541;1.0031385953657885;0.9999971043011454;0.9999902884740977;1.0012705455331257;1.000827989304471;1.0;0.9997526948452747;0.9997349450267874;0.9999941327268189;0.999323641439638;0.999171357962487;1.0;0.999720414370037;0.999594530120826;1.0030336889939901;0.9999954630296221;1.0;0.9999937561087678;0.9999994024958561;1.024999976158142;
2016-07-07 09:30:00;1.000411605627105;0.9999697185744596;0.999993291257747;1.0007497348369503;1.0;1.0010085845252934;1.0030445677544695;1.0006198326572224;0.9999907318502711;1.0019776149347324;1.0;1.0;1.0;1.000974005128004;1.0;1.0002355322917966;1.0002689499402682;1.0;1.00235759478918;0.9999933540579423;1.0;0.9999830747455707;1.0002601440496077;1.0028361834030801;1.0031286392077967;0.9999960048474122;0.9999875134695277;1.0012618814389602;1.0008187736283256;0.9999999999999999;0.9997511706449728;0.9997367014174592;0.9999922505944084;0.9993335409593891;0.9991918777170395;0.9999999999999999;0.9996666849866691;0.9994697276696263;1.003023363682495;0.9999939277244025;1.0;0.9999925868803727;0.9999990618908328;1.024999976158142;
2016-07-07 09:45:00;1.0004262132151698;0.9999772142267467;0.9999946327377369;1.0007754468892263;0.9999999999999999;1.0010433246187052;1.0031466286713517;1.0006404968732172;0.9999925284528424;1.0020453105745684;1.0;1.0;1.0;1.0010079326000358;1.0;1.0002414934051855;1.000275990679399;1.0;1.0024375607449794;0.9999942835486801;1.0;0.999986885685614;1.0002668995182327;1.0029310507392344;1.0032336722270925;0.9999959010671914;0.9999902324106652;1.0013052732833687;1.0008538664172262;1.0;0.9997144805048833;0.9996769451399531;0.9999940447560189;0.9991423490233535;0.9989260664251829;1.0;0.9996531250353432;0.9994473979123625;1.0031249995601743;0.9999953554119266;0.9999999999999999;0.9999938918084295;0.9999993173341212;1.024999976158142;
2016-07-07 10:00:00;1.000422484863358;0.9999837609454387;0.9999959137171283;1.0007678251805059;0.9999999999999999;1.0010319395534721;1.0031020030781195;1.000636164837586;0.9999939423277876;1.002019071308735;1.0;1.0;1.0;1.0009983292747973;1.0;1.000242718717511;1.000277024538295;1.0;1.0024047577535757;0.9999954339297604;1.0;0.9999896744060972;1.0002679764997386;1.0028897356654372;1.0031876294162627;0.999996808116014;0.9999921242010497;1.0012902617341097;1.0008299694985696;1.0;0.9997181688646727;0.999689701934735;0.9999956836934277;0.9991914816519107;0.9990165872969501;1.0;0.9996623910915745;0.9994606289830423;1.0030810062222315;0.9999966731436788;1.0;0.9999950997839301;0.9999995780131135;1.024999976158142;
2016-07-07 10:15:00;1.0004262480917805;0.999978736072899;0.9999938230303598;1.0007745273957225;1.0;1.001040399361743;1.003134700180212;1.0006403107124862;0.9999895972087038;1.0020389101682912;1.0;1.0;1.0;1.0010066279252843;1.0;1.0002456701149245;1.0002802016060948;1.0;1.0024288969239838;0.9999929633219414;1.0;0.9999842146066613;1.000271075208474;1.0029203264761368;1.0032211699068372;0.9999963430881342;0.9999878961518663;1.0013017597376344;1.0008532826629717;1.0;0.9997010395003882;0.9996535168817741;0.9999938315888737;0.9990653918349305;0.9988778977019352;1.0;0.9996584365641177;0.9994555746959682;1.0031133711742526;0.9999953530737561;1.0;0.9999919961575572;0.9999996068673419;1.024999976158142;
2016-07-07 10:30:00;1.000443416159697;0.9999747246125761;0.9999938046278786;1.0008067887426018;1.0;1.0010849484374615;1.0032716886827706;1.0006671643631304;0.9999909348948771;1.002126657900582;0.9999999999999999;1.0;1.0;1.0010486143592516;1.0;1.0002537676292347;1.0002897419988763;1.0;1.0025344693008733;0.999993459160994;1.0;0.9999849021119477;1.0002802629836027;1.0030476876520746;1.0033620538222978;0.9999959362799136;0.999988814160088;1.0013573627608139;1.00089222386012;1.0;0.999670914577669;0.9996100666543793;0.9999931890344295;0.9989344994808507;0.9987061073622421;1.0;0.9996290390758829;0.9994227763059568;1.0032491767167981;0.9999947201856829;1.0;0.9999927784606579;0.9999992796708803;1.024999976158142;
2016-07-07 10:45:00;1.0004585348478534;0.9999640480318921;0.9999912567868089;1.0008350920904887;1.0;1.0011225096764262;1.0033911317434587;1.000690879041289;0.9999867382066092;1.002202113230029;1.0;1.0;1.0;1.0010848129262748;1.0;1.0002658012931607;1.0003031004675182;1.0;1.0026253893527224;0.9999911309407727;1.0;0.9999780563081184;1.0002932667557427;1.0031591828259707;1.0034846094061416;0.9999957008612388;0.9999837899208986;1.0014048134600197;1.0009312731822246;1.0;0.9996506571238444;0.9995778676465049;0.9999902716704459;0.9988338454599054;0.9985656070620136;0.9999999999999999;0.9996052278160398;0.9993921690490039;1.0033674571491735;0.9999924784109991;1.0;0.9999897448530798;0.9999990123705619;1.024999976158142;
2016-07-07 11:00:00;1.0004454180499676;0.9999724624068412;0.9999933372355093;1.000810825519473;1.0;1.0010924241324426;1.0033073559719148;1.0006662864753622;0.9999908742626992;1.0021470884225032;1.0;1.0;1.0;1.0010537539558655;1.0;1.0002462668192547;1.0002820724555366;1.0;1.0025603878126728;0.9999927739078827;0.9999999999999999;0.9999845180047756;1.0002726415082361;1.0030802519308375;1.0033992162020855;0.9999944330726508;0.9999885957598927;1.0013678696789856;1.0009067817431332;1.0;0.9996593814117655;0.9995896767435162;0.9999926613982328;0.9988670732502962;0.9986231984531337;1.0;0.9996489563883484;0.99943989717879;1.0032844336790727;0.9999942712940695;1.0;0.9999924280215511;0.9999991518755873;1.024999976158142;
2016-07-07 11:15:00;1.000422902286076;0.9999834174934319;0.9999954935079948;1.0007687510319219;1.0;1.0010342701854085;1.0031163570577506;1.0006347343048219;0.9999934954837036;1.0020272063935245;1.0;1.0;1.0;1.0009996156574403;1.0;1.0002386362275104;1.0002728224790338;1.0;1.0024153533392295;0.9999948237898251;1.0;0.9999900517364436;1.0002638229867682;1.0029027156525328;1.003202623484714;0.9999959306853069;0.9999926661300749;1.0012939438151378;1.000845565699591;1.0;0.9996833494315396;0.9996262307154019;0.9999952879547493;0.9989786466955822;0.9987658920163943;0.9999999999999999;0.999723562361999;0.9995703705671656;1.0030952047694046;0.9999963607587593;1.0;0.9999946198043348;0.9999995297551035;1.024999976158142;
2016-07-07 11:30:00;1.0004383613560803;0.9999828806495198;0.9999956795094596;1.000796764067346;1.0;1.0010704314945693;1.0032155982556805;1.0006612579982068;0.9999935273818736;1.002093355096395;1.0;1.0;0.9999999999999999;1.001035995876979;1.0;1.0002541455072964;1.0002898438298908;1.0;1.0024930950319035;0.9999952964210684;1.0;0.9999892263971509;1.0002804345834468;1.002995630819544;1.0033042543873554;0.9999970053670938;0.9999918802078682;1.001338174900748;1.0008780600956757;0.9999999999999999;0.9996613178266623;0.999591572329539;0.9999953796432053;0.9988707672859019;0.9986462682997302;1.0;0.9996999652487455;0.9995548942443492;1.0031938417933774;0.9999964376102597;1.0;0.9999948380565099;0.9999995466800734;1.024999976158142;
2016-07-07 11:45:00;1.0004427763684038;0.9999873713229497;0.9999967294262964;1.0008042050889518;1.0;1.0010788950338791;1.0032289367045932;1.0006707000400417;0.9999946579224166;1.0021047416706965;1.0;1.0;1.0;1.0010459303599568;1.0;1.0002626435269844;1.000298928454561;1.0;1.00250508816061;0.999996429440703;1.0;0.9999910435019383;1.0002893572017268;1.0030084690383998;1.0033176424340509;0.9999982298766714;0.9999930647168505;1.0013476920209237;1.0008819060744432;0.9999999999999999;0.9996535021947871;0.9995792670375925;0.9999966026526415;0.9988319990148117;0.9985899166005511;1.0;0.999686532243191;0.9995304201129344;1.0032073377808748;0.9999974164810016;1.0;0.9999958968767392;0.9999997313094944;1.024999976158142;
2016-07-07 12:00:00;1.0004413780957109;0.9999756221426934;0.9999948259976432;1.000803233291961;1.0;1.0010799034875477;1.003250190312285;1.0006659251246826;0.9999930561665534;1.0021134872037523;1.0;0.9999999999999999;1.0;1.001043981938619;1.0;1.0002544304287293;1.0002903502760223;1.0;1.0025182387305247;0.9999948447056303;1.0;0.9999863765786363;1.000280879250272;1.0030277609875595;1.0033398977825967;0.9999965981957135;0.9999897743229655;1.00135021229146;1.000886752304003;1.0;0.99964900917565;0.9995741097824387;0.9999939944147349;0.9988180644789992;0.9985991338593051;1.0;0.9996558635450005;0.9994727118932242;1.0032278631246985;0.9999952792648019;0.9999999999999999;0.9999943620600055;0.9999992396861164;1.024999976158142;
2016-07-07 12:15:00;1.000445372085849;0.9999654708307534;0.9999926220308982;1.0008113597442718;1.0;1.001090666126016;1.0032893399011544;1.0006724785117693;0.9999896289778663;1.0021365981713264;0.9999999999999999;1.0;1.0;1.001053925439296;0.9999999999999999;1.000258670497213;1.0002949649679578;1.0;1.0025468493001366;0.999992897384558;1.0;0.9999801998815735;1.0002853869525792;1.0030644379316391;1.00337999962117;0.9999963120482143;0.9999851973170556;1.001364138504342;1.000899007009318;1.0;0.9996590843609627;0.9995906123840587;0.9999913863442459;0.9988715476389645;0.9986496389564117;1.0;0.9996742372895144;0.9995562008020568;1.0032663775736856;0.999993254884745;1.0;0.9999918538546287;0.9999989600335623;1.024999976158142;
2016-07-07 12:30:00;1.0004546499881728;0.999959183539943;0.9999921412166021;1.0008293005633742;1.0;1.001114663497907;1.0033588131111892;1.0006896418411717;0.9999898442823117;1.0021813179732433;1.0;1.0;1.0;1.0010770025666447;1.0;1.0002677126878243;1.0003049938210486;0.9999999999999999;1.002600520033941;0.9999931464838105;1.0;0.9999786791058303;1.0002951705564431;1.0031292321894132;1.0034512432455336;0.9999967288888681;0.9999843280243067;1.0013935048864002;1.00092614240549;1.0;0.9996227048659091;0.9995293511142245;0.9999902130140068;0.9986729112776319;0.9984075201998445;1.0;0.9997105256866508;0.9996039437119372;1.0033351823361107;0.999992234518918;1.0;0.9999919887836325;0.9999986310483979;1.024999976158142;
2016-07-07 12:45:00;1.000447018381975;0.9999327309771701;0.9999870956699591;1.0008183705873095;0.9999999999999999;1.0011005207047672;1.003333924085111;1.0006803591950804;0.9999831148469253;1.0021587289391336;1.0;1.0;1.0;1.0010613022539498;1.0;1.0002667300863088;1.0003035645570084;1.0;1.0025769724882065;0.9999891894988807;1.0;0.9999653064751876;1.0002938665929884;1.0031061776286057;1.0034255070010618;0.9999959463270367;0.9999748338779869;1.0013768137110173;1.0009193127499518;1.0;0.9996248951964259;0.9995318902411997;0.9999836888299586;0.9986793788914758;0.9984236582642376;1.0;0.999703797213656;0.9995263364860099;1.0033094779273395;0.999987056714168;1.0;0.9999869350686179;0.999997731411561;1.024999976158142;
2016-07-07 13:00:00;1.0004347750151734;0.9999296372405314;0.9999863342200321;1.0007965227148725;1.0;1.001073119472332;1.0032661493503527;1.0006577218404296;0.9999824077144659;1.0021114997485439;1.0;1.0;1.0;1.0010326605347082;1.0;1.0002511013479358;1.0002865905545852;1.0;1.0025224100269352;0.9999881730418867;1.0;0.9999640186785177;1.0002772456008058;1.0030424784972116;1.0033563345610972;0.999994451720344;0.9999738957021107;1.001343873735729;1.0008979218355527;1.0;0.9996517702723585;0.9995739071974253;0.9999828880573668;0.9988106240211784;0.9985699267245405;1.0;0.9997550331607604;0.9996191694965663;1.0032419364856777;0.9999864137021687;1.0;0.9999861452016455;0.9999976081964288;1.024999976158142;
2016-07-07 13:15:00;1.0004513784701716;0.9999415816028886;0.999987985086306;1.0008252377883904;1.0;1.001112602111666;1.0033863002025618;1.0006783673304862;0.9999843714633995;1.0021911468836022;1.0;0.9999999999999999;1.0;1.0010707028775707;1.0;1.0002533311309025;1.0002898362167119;1.0;1.002616651886663;0.9999888857055627;1.0;0.999969673383814;1.000280224926843;1.0031538736545567;1.0034802131333884;0.9999936064123615;0.9999779747822215;1.0013938474264308;1.0009271606513017;1.0;0.9996303260652831;0.9995474113706455;0.9999854464904324;0.9987379273416839;0.9984728362413546;1.0;0.9996809283603169;0.9994601625640114;1.0033617125413397;0.9999884847405076;1.0;0.9999874591162636;0.9999980395860489;1.024999976158142;
2016-07-07 13:30:00;1.0004538909322176;0.9999398458197103;0.9999874907656165;1.0008294359826793;1.0;1.0011167891608963;1.0033956603564858;1.0006831991255134;0.9999826953817376;1.0021974776371427;1.0;1.0;1.0;1.0010758588522641;1.0;1.0002593722982467;1.0002961686193232;1.0;1.0026234978339548;0.9999883228371512;0.9999999999999999;0.9999663530116063;1.0002864439646948;1.0031630218525143;1.0034895943250095;0.999994309668499;0.9999750048778394;1.0013987826751014;1.0009226486159644;1.0;0.9996336119854803;0.999557901206139;0.9999851146615929;0.9987784213709898;0.9985039638286356;1.0;0.9997006560334577;0.9995226655737575;1.003371019796447;0.9999883056891338;1.0;0.999986454403151;0.9999981532540756;1.024999976158142;
2016-07-07 13:45:00;1.000452251359463;0.9999331569366655;0.9999857966750907;1.0008270510093977;1.0;1.0011132693130624;1.003388724159457;1.0006816063250419;0.9999799242783375;1.0021917959995992;1.0;1.0;1.0;1.001072415470908;1.0;1.0002609956477508;1.0002977527778099;1.0;1.0026174041889497;0.9999868088953131;1.0;0.9999623379894264;1.0002880447626064;1.0031567243786226;1.0034823076229966;0.9999942136847499;0.9999722174017807;1.0013947083188837;1.0009091961553955;1.0;0.9996320305409595;0.9995633511780069;0.9999831496875083;0.9988052809673853;0.9985440194400691;1.0;0.9997089038215374;0.9995320898148137;1.0033639155071907;0.9999867923070693;1.0;0.9999844595660119;0.9999979693481718;1.024999976158142;
2016-07-07 14:00:00;1.000430007192373;0.9999671846721416;0.9999910152249427;1.00078267807169;1.0;1.0010512036294332;1.003173587206962;1.0006480230137411;0.9999854107486881;1.002062206656836;0.9999999999999999;1.0;1.0;1.0010168077847812;0.9999999999999999;1.0002519470109097;1.0002869904770588;1.0;1.002458093588966;0.9999906100973519;1.0;0.9999785177121371;1.0002777611510465;1.0029565663395028;1.0032609409361761;0.9999960613422945;0.9999843003885392;1.0013157902006964;1.0008469486813227;1.0;0.9996563578161868;0.9995954587652213;0.9999903810356896;0.9988964693172668;0.9986528630541711;1.0;0.9997755038506957;0.9996164405995384;1.003151649992565;0.9999926536460282;0.9999999999999999;0.9999889348649217;0.9999992106112721;1.024999976158142;
2016-07-07 14:15:00;1.0004288401239385;0.9999669621783916;0.9999913093461592;1.0007805825479237;1.0;1.0010485605398622;1.0031659281768495;1.0006459213980567;0.9999860730824558;1.0020568879093268;1.0;1.0;1.0;1.0010139636405142;0.9999999999999999;1.0002502198772845;1.0002851187062904;1.0;1.0024517700654063;0.9999909509706174;1.0;0.9999784399001117;1.0002759147338092;1.002949346808159;1.0032531673085239;0.9999960579554028;0.9999840437146531;1.001312393166063;1.0008281695142034;1.0;0.9996406949489137;0.9995816555620118;0.9999906423980754;0.9988648667931722;0.9986032588129377;1.0;0.9998165548056691;0.9996900690096377;1.0031440422585682;0.9999928368776139;1.0;0.9999893861440485;0.9999992018335694;1.024999976158142;
2016-07-07 14:30:00;1.0004173231292375;0.9999626537425441;0.9999906308429569;1.0007602940969216;1.0;1.0010216437750319;1.0030882944014252;1.0006289875525467;0.9999854484371204;1.0020051885661367;0.9999999999999999;1.0;1.0;1.0009873571216799;1.0;1.000243565714014;1.0002775571999;1.0;1.002390899251388;0.9999905413498076;1.0;0.9999768778386443;1.000268600404203;1.0028770602624875;1.0031733624980568;0.9999959124210336;0.9999830563087846;1.001278897159967;1.0008290383427707;1.0;0.999680824689202;0.9996268435550224;0.9999896294636799;0.9989853591267545;0.9987446668362262;1.0;0.9998104618400637;0.999681416749023;1.0030667179777935;0.9999920070603666;1.0;0.9999888770890915;0.999999011598075;1.024999976158142;
2016-07-07 14:45:00;1.0004241675132892;0.9999470024309618;0.9999819641726513;1.0007723319213084;1.0;1.001038211381955;1.0031799307386593;1.0006291334695083;0.9999680990217368;1.0020582097188964;1.0;0.9999999999999999;1.0;1.0010021118347723;1.0;1.000241270212362;1.0002752380650575;1.0;1.0024577881586967;0.999979847398645;1.0;0.9999600689372646;1.0002662959836084;1.0029621510786053;1.00326769334295;0.9999921350785709;0.9999711008100057;1.0013049600450104;1.0008467294146557;0.9999999999999999;0.9996680322027399;0.9996153996898793;0.9999820831621866;0.9989601222351309;0.9987093297659719;1.0;0.9998122657056756;0.9996718628066511;1.0031572776835438;0.9999866081015014;1.0;0.9999761146727325;0.9999990912487949;1.024999976158142;
2016-07-07 15:00:00;1.0004272554172688;0.9999442684890625;0.9999792953464469;1.0007770848141377;1.0;1.00104337235231;1.0032027559192858;1.0006311519146072;0.9999617796130068;1.002072550330871;1.0;0.9999999999999999;1.0;1.001007948641738;1.0;1.0002447208761138;1.0002788199663715;1.0;1.0024749168518203;0.9999763104440746;0.9999999999999999;0.9999538652721878;1.0002698220827013;1.0029836570403732;1.0032910032657711;0.9999915817511831;0.9999663019143491;1.0013127591154931;1.0008544200118592;1.0;0.9996653518735606;0.9996108493381788;0.9999801439470317;0.9989448735925973;0.9986850113002899;0.9999999999999999;0.9998272839501461;0.9997043329871753;1.0031800120732968;0.9999853353963134;1.0;0.9999716478867922;0.9999993306691929;1.024999976158142;
2016-07-07 15:15:00;1.0004158510524366;0.9999740398395446;0.999993499262533;1.0007565003605252;1.0;1.0010156172365265;1.0030550597821926;1.0006282648363494;0.9999897302650652;1.0019873806650488;1.0;0.9999999999999999;1.0;1.0009829903028418;1.0;1.000244906898838;1.000278875140785;1.0;1.0023675567214283;0.9999933314445367;1.0;0.9999832037358926;1.0002699136932438;1.0028462286589228;1.0031391305229973;0.9999971119871476;0.99998743609873;1.0012700256897773;1.000794638424227;1.0;0.9996776132987479;0.9996383085021394;0.9999929114802688;0.9990416717918238;0.9988138869248621;1.0;0.9998509039672425;0.9997532995804997;1.003034192851732;0.9999945559200495;1.0;0.9999921645757777;0.999999361306871;1.024999976158142;
2016-07-07 15:30:00;1.000407538326646;0.9999738149882913;0.9999941171933817;1.0007417469989865;1.0;1.0009962039148;1.002995563448907;1.0006163814770033;0.9999913755448097;1.0019484819821953;1.0;1.0;1.0;1.0009637980763348;1.0;1.0002394311173677;1.00027274563107;1.0;1.0023213496949248;0.9999942398267875;1.0;0.999984424761096;1.0002639597328706;1.002790750872693;1.0030780384559908;0.9999972477536669;0.9999883722038058;1.0012454258281227;1.000799091725729;0.9999999999999999;0.9996920980577892;0.9996441065281111;0.99999327216456;0.99903816932376;0.998803004981646;0.9999999999999999;0.9998556500861737;0.9997600453729191;1.0029750348352753;0.9999947637688622;1.0;0.9999933093221791;0.9999992619624216;1.024999976158142;
2016-07-07 15:45:00;1.0004166471068474;0.9999717772975577;0.9999931575817349;1.000758162016186;1.0;1.001018810170395;1.0030716128125532;1.000627372021644;0.9999895137744684;1.0019964874065395;1.0;1.0;1.0;1.0009849551734133;1.0;1.00024097549985;1.0002748206593743;1.0;1.0023791827699342;0.9999928939628905;1.0;0.9999820250496062;1.0002658809658591;1.0028613375480335;1.0031564174630199;0.9999963721824966;0.999986419875342;1.0012745845380302;1.0008180723567186;1.0;0.9996844256546917;0.9996363716358306;0.9999925249715593;0.9990199995171605;0.9987746268226971;1.0;0.9998538158292335;0.9997452211199228;1.0030505337609859;0.9999942378333591;1.0;0.9999918576563226;0.999999286654645;1.024999976158142;
2016-07-07 16:00:00;1.0004156239111848;0.9999569300863435;0.9999901355633495;1.0007580726428063;1.0;1.0010184665200905;1.0030766686387085;1.000628883477156;0.9999853835646646;1.0019971461526986;0.9999999999999999;1.0;1.0;1.0009841424607038;1.0;1.0002456881698572;1.0002797172140503;1.0;1.0023816060652428;0.9999906413021685;1.0;0.9999749806302966;1.0002707547380982;1.0028663465678247;1.00316128673919;0.9999963075510473;0.9999817580443451;1.00127442068421;1.0008063942964394;1.0;0.9996570975715809;0.9996019515078695;0.9999885787471827;0.9989201805369285;0.9986577816840716;1.0;0.9998660826551168;0.9997741800729378;1.003055003174818;0.9999911089343277;1.0;0.999988829820596;0.9999987448604545;1.024999976158142;
2016-07-07 16:15:00;1.0004037852388186;0.999932532227996;0.9999871136283554;1.0007399022499768;1.0;1.0009954704867758;1.003020777571389;1.0006141532163704;0.9999832492781127;1.0019544590971452;1.0;1.0;1.0;1.0009590779875466;1.0;1.0002398165942517;1.0002730479172708;1.0;1.002333962979851;0.9999892145513356;0.9999999999999999;0.9999653233188881;1.0002642966106923;1.002814310828124;1.0031038439406537;0.9999958526841933;0.9999748340615119;1.0012457489340776;1.0008184410248118;1.0;0.9997016248248868;0.9996512403596008;0.9999836911445152;0.9990502187254531;0.9988133734152145;1.0;0.9998618895653901;0.9997622896772449;1.0029984523092235;0.9999870500013415;1.0;0.9999870012959002;0.9999977237285311;1.024999976158142;
2016-07-07 16:30:00;1.0004131616486782;0.9999343609840227;0.9999873600706927;1.0007566890546686;1.0;1.001017762650705;1.0030856286441192;1.000628536793818;0.9999834225042367;1.0019973419866957;1.0;1.0;1.0;1.0009810639053718;1.0;1.0002460174002057;1.0002800384273867;1.0;1.002384691337588;0.9999893721087914;1.0;0.9999660691284705;1.0002710802265162;1.0028747415129244;1.0031704517138094;0.9999959848609529;0.9999753824186984;1.0012734916134522;1.0008400619055868;1.0;0.9996769540058668;0.9996119360622785;0.9999840587642342;0.9989260979554307;0.9986734582821898;1.0;0.9998633552040713;0.9997700219663668;1.0030629581275405;0.9999873548807615;0.9999999999999999;0.9999871683702363;0.9999977995740033;1.024999976158142;
2016-07-07 16:45:00;1.0004071726861836;0.9999596525499239;0.9999908768671627;1.0007425072702276;0.9999999999999999;1.000998220709813;1.003018065840622;1.000614599264607;0.9999866947003138;1.0019586522103405;1.0;1.0;1.0;1.0009640418814654;1.0;1.0002372513593274;1.0002704505545972;1.0;1.0023358713519235;0.9999912201420207;0.9999999999999999;0.9999766953991384;1.000261700698952;1.0028115566088904;1.0031012634372882;0.9999960185381419;0.9999829029834824;1.0012493007924348;1.0008158917437946;0.9999999999999999;0.9996817332119946;0.9996208812484391;0.999989444517799;0.998955494475178;0.9987134906812565;1.0;0.9998732384552016;0.9997912532520848;1.0029968225311798;0.999991771777357;1.0;0.999989720023986;0.9999988186470459;1.024999976158142;
2016-07-07 17:00:00;1.0004111505906854;0.999958493959047;0.9999910834877381;1.0007498546193934;1.0;1.0010079826041625;1.0030460680859197;1.0006211108495737;0.9999872264545602;1.0019766849049163;1.0;1.0;1.0;1.0009734450789745;0.9999999999999999;1.0002400549824462;1.0002735946010177;1.0;1.0023572415039115;0.9999915811385608;1.0;0.9999761154440787;1.0002647409407228;1.0028376833234853;1.003130043866108;0.9999962226544585;0.9999822595637105;1.0012612082303227;1.000828620237052;0.9999999999999999;0.999680643774359;0.9996166235302436;0.999989531793274;0.99893930435546;0.9986823652729852;1.0;0.9998702650263496;0.9997882800670409;1.0030246058783001;0.9999918139763003;1.0;0.9999901184058758;0.999998779033203;1.024999976158142;
2016-07-07 17:15:00;1.0003919820361533;0.9999638868724036;0.9999925882847941;1.000714750374711;1.0;1.0009598786442246;1.0028890984359558;1.0005951626859442;0.9999896666257668;1.0018774260846695;1.0;1.0;1.0;1.0009281297739594;0.9999999999999999;1.0002335758419854;1.0002657930195402;0.9999999999999999;1.0022376904032713;0.9999933711443917;1.0;0.999980061141352;1.000257302529054;1.0026917650742941;1.0029684642435384;0.9999974057052219;0.9999853424492552;1.0011999345603517;1.000791109288493;1.0;0.9997291555846279;0.9996835944748835;0.9999910187595993;0.99913865657232;0.9989263490443564;1.0;0.9999197981052644;0.9998783959127915;1.0028689232007122;0.9999929373047983;1.0;0.9999920553055123;0.9999988777390438;1.024999976158142;
2016-07-07 17:30:00;1.000391555598905;0.9999091918181181;0.9999836444647615;1.0007204694467622;1.0;1.0009710391087594;1.0029670293573234;1.0005958221987237;0.9999796937146072;1.0019122301436405;1.0;1.0;1.0;1.0009322962982818;1.0;1.0002301980520456;1.000262370789609;1.0;1.0022871094726755;0.9999867898140173;0.9999999999999999;0.9999543381267573;1.000253877971238;1.0027640759516787;1.0030488139742364;0.9999947558647047;0.9999666181812445;1.001216099423455;1.0008101418119013;1.0;0.9997033978948586;0.999647080212244;0.9999787940010865;0.9990265734399192;0.9987882643839396;1.0;0.9999405826345897;0.9999187415771078;1.0029440832886056;0.9999830705667646;0.9999999999999999;0.999984113017211;0.9999968682145374;1.024999976158142;
2016-07-07 17:45:00;1.0003925269607217;0.999903426454915;0.9999824286532295;1.0007226560774345;0.9999999999999999;1.0009737520951727;1.0029790342065779;1.0005975712550566;0.9999776818647007;1.0019185874682837;1.0;1.0;0.9999999999999999;1.0009347636165493;1.0;1.00023211338721;1.0002643870992396;1.0;1.002295225567968;0.9999856922679742;0.9999999999999999;0.9999504530812641;1.0002558545161728;1.0027753747995627;1.0030610897950816;0.9999946801325366;0.9999636147091842;1.0012197388339337;1.0008178743894995;0.9999999999999999;0.999699463316948;0.9996380521787459;0.9999773851300463;0.998994462674386;0.998744602213361;1.0;0.9999417195259089;0.9999198784435945;1.0029558078524576;0.9999819875747218;1.0;0.9999826708533345;0.9999967399081637;1.024999976158142;
2016-07-07 18:00:00;1.0003917958785529;0.999925337214985;0.9999862072179136;1.0007191373374922;1.0;1.0009688699619774;1.0029510536762154;1.0005949419433435;0.9999827332092013;1.0019058774283478;1.0;1.0;1.0;1.000931637283553;1.0;1.0002290018371274;1.0002611310170715;0.9999999999999999;1.0022777001281398;0.9999886040506097;1.0;0.9999625383313405;1.0002526660833;1.0027490873347;1.0030324346263693;0.9999951124302234;0.9999727765580466;1.0012130830003765;1.0008303176382427;1.0;0.9997118013116948;0.999642469016055;0.9999822869751882;0.9989906102578029;0.9987488232515033;1.0;0.9999415656533205;0.9999213120907654;1.0029288211441292;0.9999858788139928;1.0;0.9999864447418223;0.9999974214251866;1.024999976158142;
2016-07-07 18:15:00;1.0004018669711414;0.9999501492822939;0.9999904016495197;1.0007344501686488;1.0;1.0009876696340163;1.0029854898360233;1.0006098999933375;0.9999875163956747;1.0019358122639255;1.0;1.0;1.0;1.0009529678217761;1.0;1.0002369030673006;1.0002698776722851;1.0;1.0023095087079987;0.9999917761857127;0.9999999999999999;0.9999741253796984;1.0002611903061762;1.0027813009520938;1.0030676942974857;0.9999964520026885;0.9999811088685087;1.0012353532285043;1.0008551239527508;1.0;0.9996639261819925;0.9995567547807064;0.9999879679069353;0.9987061455740907;0.9984436193159528;0.9999999999999999;0.9999492983533671;0.9999358087895539;1.0029640910764797;0.9999904534704012;1.0;0.999990241273529;0.9999983354749052;1.024999976158142;
2016-07-07 18:30:00;1.0003981825083852;0.9999136352827184;0.9999840279375624;1.000731739886577;1.0;1.000985596089465;1.003007437982123;1.0006052712120277;0.9999795618839377;1.0019399747412918;1.0;1.0;1.0;1.0009471630080884;1.0;1.000234688125266;1.0002673783409601;1.0;1.0023193467352989;0.9999868087896318;1.0;0.9999554554449434;1.0002587424750355;1.002801758028764;1.003090308832271;0.9999949157185084;0.9999673112657061;1.0012342632219067;1.0008398163179577;1.0;0.9996773747698966;0.9995942171007396;0.9999796164633726;0.9988445692151027;0.9986074582763109;1.0;0.9999568373401164;0.9999469042303768;1.0029844653671682;0.9999837829604972;1.0;0.9999840996440698;0.9999970963233021;1.024999976158142;
2016-07-07 18:45:00;1.0003957654813425;0.9999199420430775;0.9999850904261877;1.0007268944550476;1.0;1.0009793483945746;1.0029856728235271;1.0006012677100908;0.9999811970025835;1.0019273212742579;1.0;1.0;1.0;1.0009413798883313;1.0;1.0002320020559277;1.0002644838388035;0.9999999999999999;1.0023038356292238;0.9999876792793839;1.0;0.9999596676930618;1.0002559268463158;1.0027813515154798;1.0030679817416608;0.9999949034836838;0.999970721987454;1.0012263800353127;1.000807380601711;1.0;0.9996620329447313;0.9995874939049479;0.999980914937365;0.9988437618547955;0.9985935802175833;0.9999999999999999;0.9999566849860116;0.9999459579432768;1.002963046399287;0.9999847955886392;1.0;0.9999852749953613;0.9999972422405695;1.024999976158142;
2016-07-07 19:00:00;1.0003952542445804;0.9999389620073218;0.9999887192071808;1.0007234124760018;1.0;1.0009725471707593;1.0029448292641676;1.000600952248377;0.9999851928417561;1.001906717404811;1.0;1.0;0.9999999999999999;1.000937738753518;1.0;1.000235302202645;1.000267785671253;1.0;1.0022757129384883;0.9999905648126011;1.0;0.9999673464052335;1.0002591927370825;1.002743650864523;1.0030258356091843;0.9999965483921452;0.9999756835770927;1.001216482241353;1.0007938908140004;1.0;0.9996776213028962;0.9996121848040622;0.9999857440572834;0.9989224534646767;0.9986645892595674;1.0;0.9999590743209177;0.9999487600634817;1.0029233248579548;0.9999886905043901;1.0;0.9999885636624638;0.9999980310479945;1.024999976158142;
2016-07-07 19:15:00;1.0003892142088395;0.9999634596193093;0.9999921921218775;1.0007095623455677;0.9999999999999999;1.00095394299324;1.002880988277688;1.0005874637399936;0.9999889118577682;1.0018702377175321;1.0;1.0;1.0;1.000921256625534;1.0;1.0002260510688041;1.0002577541308433;1.0;1.0022299640537444;0.9999925640952241;1.0;0.9999789849139962;1.0002493834750927;1.0026838239299156;1.0029604819392453;0.9999964196889635;0.99998432518388;1.0011934833051488;1.00082856128938;1.0;0.9996848731075035;0.9995843646425511;0.9999908513166399;0.9987859450912611;0.9985383680830555;1.0;0.9999637125046476;0.9999537793266133;1.002860808400678;0.9999928409110496;1.0;0.9999913650788171;0.9999989247180924;1.024999976158142;
2016-07-07 19:30:00;1.0003882987550898;0.999947412646628;0.999989403856408;1.0007098811228832;1.0;1.000955474507981;1.0028992356486295;1.000586606161186;0.999985735313561;1.0018774721832022;1.0;0.9999999999999999;1.0;1.0009208126187115;1.0;1.000224771267866;1.0002564220104875;1.0;1.0022410725999715;0.9999904706024263;1.0;0.9999717558363849;1.0002480743646653;1.002700726645322;1.0029792813184193;0.9999955672195823;0.9999792719294301;1.0011961589550078;1.0008113028513093;1.0;0.9996535878205297;0.9995510949472768;0.9999870703235406;0.998699531513485;0.9984422923453381;0.9999999999999999;0.9999642681480819;0.9999547477791864;1.0028782537237912;0.9999897960989984;1.0;0.9999888433860428;0.9999983162127508;1.024999976158142;
2016-07-07 19:45:00;1.0003774080877097;0.9999366405982094;0.999988483253347;1.000690955965664;1.0;1.0009302235513873;1.002829880790154;1.0005697393868316;0.9999848997804708;1.0018287722038153;1.0;1.0;1.0;1.000895080203074;0.9999999999999999;1.0002173428298247;1.0002479836280385;1.0;1.0021839343798473;0.9999899937409011;1.0;0.9999648837425552;1.0002398308426614;1.0026362193425564;1.002908167132643;0.9999955519626973;0.9999732098135138;1.0011645490771297;1.0007973802892551;0.9999999999999999;0.9996764323911614;0.9995808037229881;0.9999856522992658;0.998784563152359;0.9985271519285451;1.0;0.9999647815617814;0.9999556423162076;1.002808963801937;0.9999886311404746;1.0;0.9999881894390338;0.9999980441662131;1.024999976158142;
2016-07-07 20:00:00;1.0003877928454452;0.9998751668159721;0.9999775209216817;1.0007169581496071;1.0;1.00096800972841;1.0029893219655954;1.0005885235029097;0.9999715871093412;1.001916159904257;1.0;1.0;1.0;1.000925376533737;1.0;1.000224726910996;1.0002563937101148;1.0;1.0022965030856568;0.9999816060159172;1.0;0.9999352633887526;1.0002479780863107;1.002784713124327;1.00307199200377;0.9999928797952784;0.9999520139413558;1.0012142199720284;1.0008482649135617;1.0;0.9996867831258182;0.9995985476885678;0.9999711396340593;0.9988435954411867;0.9985843910665334;1.0;0.9999644205078292;0.9999556940789274;1.0029649047117695;0.9999770063462298;1.0;0.9999778414337935;0.999995827630806;1.024999976158142;
2016-07-07 20:15:00;1.0003709266247556;0.999796357860317;0.9999640815799202;1.000696251760635;1.0;1.000945060271142;1.0029821032380872;1.0005678255177815;0.9999565900413051;1.0018894301533323;1.0;1.0;0.9999999999999999;1.0008942837471577;1.0;1.000214611064691;1.0002451735513964;0.9999999999999999;1.002276454821703;0.9999718436893534;1.0;0.9999001555795737;1.0002370922045767;1.0027777965663824;1.003064618293388;0.9999892991112629;0.9999274563726636;1.001188674502442;1.0008888760855146;1.0;0.9997198688783391;0.9996200079988534;0.9999527121592487;0.9988720676275812;0.9986375686154394;1.0;0.9999656303709509;0.9999572850615611;1.0029543878526959;0.9999621303380636;1.0;0.9999659525675348;0.9999927936692814;1.024999976158142;
2016-07-07 20:30:00;1.0003728374742638;0.9997899438809619;0.9999624368774981;1.0007005475785575;1.0;1.0009537391235506;1.003031520789164;1.0005649378650252;0.9999547976487883;1.0019163945611271;1.0;1.0;1.0;1.0008995312454738;1.0;1.0002037863283233;1.0002340300826862;1.0;1.002311432216131;0.9999698691808243;0.9999999999999999;0.9998974256541695;1.0002260397739136;1.002823006589924;1.0031160522726426;0.9999869390132551;0.999925606904006;1.001201576408632;1.0008851685000733;1.0;0.999695490336181;0.9995957631489405;0.9999509201982846;0.9988126937804105;0.9985726106937115;0.9999999999999999;0.9999643232118498;0.9999551839704651;1.0030030325486574;0.9999607045882847;1.0;0.9999642093672934;0.9999925383550406;1.024999976158142;
2016-07-07 20:45:00;1.0003574469612286;0.9998477131649178;0.9999725102145745;1.0006655428226277;1.0;1.0009012499173067;1.0028144766410727;1.000543811434256;0.9999659984601516;1.0017941215393131;1.0;1.0;1.0;1.0008572144588552;1.0;1.0002054654011339;1.0002347324733307;1.0;1.0021559330328655;0.9999778621571316;1.0;0.9999239208597817;1.0002269925428406;1.0026217038002774;1.0028923422295966;0.9999912745786448;0.999944563467041;1.001132359534819;1.0008464073253962;1.0;0.999747683031896;0.9996549955699369;0.9999643226361065;0.9989716864943172;0.9987612847605076;1.0;0.9999629609927388;0.9999526466952133;1.00278995766235;0.9999715065554481;1.0;0.9999733693101809;0.9999947115061634;1.024999976158142;
2016-07-07 21:00:00;1.000355202310538;0.9998681411317285;0.9999720747146453;1.0006578307164469;1.0;1.0008913712707554;1.0027993574035683;1.0005290741190245;0.9999613629376706;1.001786323280975;1.0;1.0;1.0;1.0008484511308136;0.9999999999999999;1.0001925074061533;1.000220869898352;1.0;1.0021460475689772;0.9999745574078588;1.0;0.9999285313308041;1.0002133847865304;1.0026069861538565;1.002877275782241;0.9999889244088843;0.9999481483617254;1.001123282639438;1.000873707573342;1.0;0.9997608476666862;0.999652824817591;0.9999664388623831;0.998936247625209;0.9987123907392363;1.0;0.9999635716986978;0.9999540513364331;1.0027757321772663;0.9999736094088516;0.9999999999999999;0.9999699855454839;0.9999958125816528;1.024999976158142;
2016-07-07 21:15:00;1.0003580567007515;0.9997891655295313;0.9999541061152467;1.0006709207903763;1.0;1.0009137960144927;1.0029561178352722;1.0005276149727926;0.9999353983672365;1.0018631500716293;1.0;1.0;0.9999999999999999;1.0008611372417628;1.0;1.0001857668734582;1.0002139521617945;1.0;1.00225066986694;0.9999578724197747;1.0;0.9998846585401288;1.0002065221979122;1.002752475813551;1.0030387622975514;0.9999825430654072;0.9999167268187708;1.0011584289780773;1.000928241212413;1.0;0.9997820288066795;0.9996841532441717;0.9999453302940015;0.9990331749066967;0.9988151626176889;1.0;0.9999637125046474;0.9999537793266131;1.002928196853318;0.9999571120451834;1.0;0.9999500501348384;0.9999933742859649;1.024999976158142;
2016-07-07 21:30:00;1.0003474360978708;0.9999193537529598;0.9999802003999113;1.0006377074915227;1.0;1.0008639047389403;1.0026938812264365;1.0005094345469114;0.9999708533004213;1.0017290424498662;1.0;1.0;1.0;1.0008252022051018;1.0;1.0001774850477863;1.000204668817577;1.0;1.0020723152737216;0.9999799101079196;1.0;0.9999530844286003;1.0001975056459473;1.002508118624581;1.0027693738692938;0.9999892831492414;0.9999659988580145;1.0010886369399146;1.0008408723035747;1.0;0.9997862723790201;0.9996918926255935;0.9999778304307798;0.9990588580300591;0.9988515324480584;1.0;0.9999644205078293;0.9999556940789277;1.0026729064107696;0.9999827909163386;1.0;0.9999771436273178;0.9999976603736414;1.024999976158142;
2016-07-07 21:45:00;1.0003442759062242;0.9998513487131535;0.9999701509647752;1.0006407460873654;1.0;1.0008718830169987;1.0027632659264816;1.000510864102248;0.9999611340950437;1.0017556415337374;1.0;1.0;1.0;1.0008253531129438;1.0;1.000176991163788;1.0002042399528341;1.0;1.0021134375350067;0.9999735593404959;1.0;0.9999237270828958;1.0001970646843474;1.002572676459519;1.0028407229753293;0.9999870744747916;0.9999449616433339;1.0011000674368926;1.0008576886322067;1.0;0.9998040607738865;0.9997241141105646;0.9999631396182377;0.9991660519685094;0.9989574907669265;1.0;0.9999638098015929;0.9999542894370612;1.0027389553362558;0.9999707926946354;1.0;0.9999692896296314;0.9999949766734021;1.024999976158142;
2016-07-07 22:00:00;1.0003492530454827;0.999800091351912;0.9999625087771408;1.0006556791100438;1.0;1.0008907420190158;1.0028320087072324;1.0005297302972356;0.9999521308188637;1.001790753611215;1.0;1.0;0.9999999999999999;1.0008417501644022;1.0;1.0001973569055966;1.0002258170261678;1.0;1.002159505611232;0.9999690241286764;0.9999999999999999;0.9998984751849125;1.0002182899498455;1.0026378411867807;1.0029105222426993;0.9999880485119353;0.9999262716914735;1.0011228092812239;1.000870138498359;1.0;0.9997943518502833;0.9997158063414909;0.9999521394600748;0.9991484372327093;0.9989441491125002;1.0;0.9999646407514693;0.9999559143206455;1.0028053899186318;0.9999619165908411;0.9999999999999999;0.9999627218965289;0.9999931736820488;1.024999976158142;
2016-07-07 22:15:00;1.0003428061439643;0.9998008159240255;0.999963514167141;1.0006441943971003;1.0;1.0008741372600152;1.0027693254954648;1.000524346142505;0.9999541108079354;1.001752133304568;1.0;1.0;1.0;1.0008268775269815;1.0;1.0002002850863543;1.0002285479895303;1.0;1.0021123777583858;0.9999706409668516;1.0;0.9999000652174104;1.0002210776953195;1.0025798777390322;1.0028457519059693;0.9999894337331731;0.9999274935418195;1.0011006372127158;1.0008694939054015;0.9999999999999999;0.9998191259915721;0.9997405503953235;0.9999528038614476;0.9992090626046689;0.9990115901581853;1.0;0.9999647815617811;0.9999556423162073;1.0027432086161112;0.9999623633495532;1.0;0.999964332135419;0.9999931121159957;1.024999976158142;
2016-07-07 22:30:00;1.0003389629920008;0.9998047714981586;0.9999636620121133;1.0006367116918244;1.0;1.0008645316166798;1.002743744342731;1.0005164733728193;0.9999539198364672;1.0017356622647222;1.0;0.9999999999999999;1.0;1.000817441185508;1.0;1.00019501099245;1.0002228221796772;1.0;1.0020928539282135;0.9999703497378035;1.0;0.9999017827855424;1.0002154819369784;1.0025558542033437;1.0028195954482655;0.9999889239153664;0.9999289075275367;1.0010892200091122;1.0008697982494061;1.0;0.9998339384162774;0.9997577762789251;0.9999533150320346;0.9992561500054535;0.9990609453715524;1.0;0.9999645613150759;0.999955422071515;1.0027179072497812;0.99996281399124;1.0;0.9999641545943777;0.9999932686669856;1.024999976158142;
2016-07-07 22:45:00;1.000336887898779;0.9998318253727673;0.9999679409335249;1.000629751811704;1.0;1.0008545750847353;1.002699063698381;1.0005100268792855;0.9999588310533911;1.0017131835039523;1.0;1.0;0.9999999999999999;1.000809938252541;1.0;1.0001900607266856;1.0002174914742954;1.0;1.0020629052943246;0.9999732410004322;1.0;0.9999147504178084;1.0002102611323218;1.0025140179128322;1.0027738343593524;0.9999893774813462;0.999938391066015;1.0010763851729527;1.0008555326149267;1.0;0.9998321168968127;0.9997546259721871;0.9999592886030303;0.9992457081181062;0.9990528714396075;1.0;0.9999634922613849;0.9999535590855384;1.0026745877749188;0.9999676326265395;1.0;0.9999679140838909;0.9999942449701772;1.024999976158142;
2016-07-07 23:00:00;1.0003398693789414;0.9998595501807718;0.9999707462875251;1.0006311013225395;1.0;1.0008538230413335;1.0026789243516214;1.0005117646258128;0.9999595437512581;1.001708340715184;1.0;1.0;1.0;1.0008132829488108;1.0;1.0001942099495893;1.0002218014087074;1.0;1.002053035344316;0.9999741365594088;1.0;0.9999246318037432;1.0002145338271209;1.002495521335176;1.002752900961162;0.9999902642748405;0.9999455783031163;1.0010753545784987;1.000851490423647;1.0;0.9998343124763799;0.9997564463032808;0.999964361568211;0.9992498327355945;0.999060948105821;1.0;0.9999643232118499;0.9999551839704652;1.0026558419755525;0.9999719388783801;1.0;0.9999688835655565;0.9999954827141067;1.024999976158142;
2016-07-07 23:15:00;1.0003382739965776;0.9999098140827783;0.999980025284493;1.0006226101716014;1.0;1.0008412489435383;1.0026075679379671;1.0005052402501498;0.999971618798983;1.0016744728765878;1.0;0.9999999999999999;0.9999999999999999;1.0008050781079156;1.0;1.000187557171581;1.0002147254283282;1.0;1.0020063590520931;0.9999813336090666;1.0;0.9999501194049479;1.0002075712448868;1.002428702606362;1.0026798614725518;0.9999917969985603;0.9999639445321259;1.00105790206815;1.0008267525059906;1.0;0.9998339468165061;0.9997570045383123;0.9999764273397354;0.9992531395618124;0.9990605242361618;1.0;0.9999645613150756;0.9999554220715148;1.0025869150445348;0.9999815404110064;1.0;0.9999780274406715;0.9999972045208165;1.024999976158142;
2016-07-07 23:30:00;1.0003345688421068;0.9999227239706263;0.9999822658693767;1.0006140150174325;1.0;1.0008284100741;1.002557611034739;1.00049884884688;0.9999738089383483;1.0016456446841762;1.0;1.0;1.0;1.0007944112437677;1.0;1.0001864437296506;1.0002132553955583;1.0;1.0019697371698049;0.9999829100715217;1.0;0.9999547914083807;1.000206165187064;1.0023823467598145;1.0026284752306127;0.999992658887187;0.9999668336653432;1.0010412044327097;1.0008106859034411;1.0;0.999848796005288;0.9997802066803526;0.9999796093723773;0.9993264134454212;0.9991504094109525;1.0;0.9999644205078291;0.9999556940789274;1.0025378707890267;0.9999841331469201;1.0;0.9999798509752889;0.9999977743142638;1.024999976158142;
2016-07-07 23:45:00;1.000334551010052;0.9999248790416443;0.999981275726743;1.000613258647423;1.0;1.0008268430419933;1.0025552901959416;1.000497272310974;0.9999710067274069;1.0016448196022794;1.0;0.9999999999999999;0.9999999999999999;1.0007935930870526;1.0;1.0001869128540966;1.0002136674248923;0.9999999999999999;1.0019685529566327;0.9999813155031719;1.0;0.9999538383099786;1.000206599960525;1.0023802594933005;1.0026260043921145;0.9999923243416565;0.9999662705829478;1.0010400033127715;1.0008113750061038;0.9999999999999999;0.9998515637721859;0.99978347454649;0.9999791665364157;0.999335386650658;0.9991597625436096;1.0;0.9999641824046649;0.9999554559778411;1.0025357150400225;0.9999839261744375;1.0;0.9999778803332283;0.9999979885368467;1.024999976158142;
2016-07-08 00:00:00;1.0003421192786572;0.9998749851232441;0.9999620439852897;1.000628869231762;1.0;1.0008481081451128;1.0027023794720997;1.0004951945122322;0.999935208090411;1.0017240823602225;1.0;1.0;1.0;1.0008112232562874;1.0;1.0001876676928598;1.0002143530064516;1.0;1.0020718303184788;0.999959646667263;1.0;0.9999128307276957;1.0002073171858;1.0025173572583377;1.0027770193246712;0.9999857820544337;0.9999369881886687;1.0010762094618744;1.0008545686478016;1.0;0.9998435165555921;0.9997742697818379;0.9999605925034761;0.9993105037212432;0.9991328324203986;1.0;0.999964182404665;0.9999554559778411;1.0026800965447653;0.9999702119687861;1.0;0.9999515451150444;0.9999973731253452;1.024999976158142;
2016-07-08 00:15:00;1.0003313453262705;0.9999262426156009;0.9999777026232335;1.0006056154154581;1.0;1.0008161237377866;1.0025430271753113;1.000484527723713;0.9999619320302888;1.0016351238020242;1.0;0.9999999999999999;1.0;1.0007836172879796;1.0;1.0001803082244025;1.000206322776344;1.0;1.0019577640435664;0.9999758006052805;1.0;0.99994740174;1.0001994316093354;1.0023687356037443;1.0026135407717955;0.9999904071935248;0.9999613519331971;1.0010297329756084;1.0007939850742666;1.0;0.9998586798046775;0.999804225827064;0.9999771375833534;0.999412873440669;0.9992541921183544;1.0;0.9999644205078291;0.9999556940789273;1.0025236711781365;0.9999827485521803;1.0;0.9999713402228253;0.999998532628696;1.024999976158142;
2016-07-08 00:30:00;1.0003235492112577;0.9999382262984784;0.9999840253351455;1.0005919870593456;1.0;1.0007980935518306;1.0024595777238652;1.000480157469021;0.9999749384789918;1.0015857211928836;0.9999999999999999;1.0;1.0;1.0007667315008038;1.0;1.0001792101050988;1.000205028269058;0.9999999999999999;1.0018965996730451;0.9999836711575084;0.9999999999999999;0.9999613390310513;1.0001982141951906;1.00229102104004;1.002527706621965;0.9999928834271947;0.9999717795727834;1.001003457423957;1.0007662290609518;1.0;0.9998623352042678;0.9998102663520025;0.9999825087464143;0.9994323389918807;0.9992890409921862;1.0;0.9999651720233073;0.9999568267177426;1.002441104754542;0.9999865512942642;1.0;0.999980837183318;0.9999983997504008;1.024999976158142;
2016-07-08 00:45:00;1.0003215880791647;0.9999484453650103;0.9999873419595008;1.000587912429434;1.0;1.0007913003958013;1.0024165014068767;1.0004822697318494;0.9999806483510673;1.0015626536973279;0.9999999999999999;1.0;1.0;1.00076212055609;1.0;1.0001847080449278;1.0002107399769895;1.0;1.0018666851759386;0.9999875229396205;0.9999999999999999;0.9999691015302274;1.000203884506815;1.0022512568995365;1.0024831008537256;0.9999948552058602;0.9999775975619558;1.0009927078968022;1.0007537655093415;1.0;0.99986510441611;0.9998134059038645;0.9999857469328802;0.9994407968903632;0.999303445426461;0.9999999999999999;0.9999637125046473;0.999953779326613;1.0023987518072717;0.9999889750472221;1.0;0.9999852195865622;0.9999985699281809;1.024999976158142;
2016-07-08 01:00:00;1.000314901566434;0.9999294692333897;0.9999838014343313;1.0005778153752531;1.0;1.000778232807348;1.0023912708363574;1.0004732539866237;0.9999759019702867;1.0015411789562496;0.9999999999999999;0.9999999999999999;1.0;1.0007478893193447;1.0;1.0001823893706987;1.0002079472785288;1.0;1.0018435793480933;0.9999847021434614;0.9999999999999999;0.99995915621943;1.0002012100063455;1.0022278812740666;1.0024570957181391;0.9999942205731193;0.9999703422171526;1.0009771660880271;1.000749367013134;1.0;0.9998809494253114;0.9998355090611719;0.9999811946421548;0.9995072724269674;0.9994018282570564;0.9999999999999999;0.9999638098015929;0.9999542894370612;1.0023729376935004;0.999985364543692;1.0;0.9999816536043376;0.9999979430800687;1.024999976158142;
2016-07-08 01:15:00;1.0003104065666109;0.9999382198627484;0.9999847098943407;1.0005683061422557;0.9999999999999999;1.000765711605566;1.0023556627576216;1.000462670882539;0.999976343202324;1.0015189700385334;1.0;1.0;1.0;1.0007358955806755;0.9999999999999999;1.000174915897204;1.00019982790251;0.9999999999999999;1.0018165398140277;0.9999847509374674;1.0;0.9999620559217853;1.0001932484195153;1.0021944648776075;1.0024207504315183;0.9999937050132461;0.9999722373286889;1.0009621584752502;1.0007457923236411;1.0;0.9999015442531979;0.9998622767974118;0.9999829528857926;0.9995852379861007;0.9994970949450085;1.0;0.9999638648653141;0.9999547256281186;1.0023378948520372;0.9999868455991363;1.0;0.9999819528721;0.9999983503701005;1.024999976158142;
2016-07-08 01:30:00;1.0003168181469173;0.9999334380370304;0.999982509741955;1.000579864055973;1.0;1.000779677441228;1.0023975209865652;1.000473573727865;0.9999716518975421;1.001546515532529;1.0;1.0;1.0;1.0007506497273342;1.0;1.0001848262998423;1.0002104270608663;1.0;1.001849178270681;0.9999823950121999;1.0;0.9999569797451661;1.0002036657191944;1.0022339166005068;1.0024633788458364;0.9999939616637616;0.9999685743061518;1.0009799457134247;1.0007616154249253;1.0;0.9998892228711495;0.9998411867831951;0.9999809017256914;0.9995161547064043;0.9994008537235685;1.0;0.9999644205078289;0.9999556940789271;1.0023794410266953;0.9999853747173828;1.0;0.9999787256557553;0.9999983654217742;1.024999976158142;
2016-07-08 01:45:00;1.0003046128726314;0.9999600834672623;0.9999878609556114;1.0005547727010036;1.0;1.0007454092148096;1.0022762811027377;1.0004530267004383;0.9999789277232478;1.0014739582189205;1.0;1.0;1.0;1.0007194206463461;1.0;1.000174275836651;1.0001987034454798;1.0;1.0017593364918067;0.9999867382103849;0.9999999999999999;0.9999705475331866;1.0001922364757716;1.0021208098895666;1.0023389899554727;0.9999949492243154;0.9999781102334719;1.0009359878212876;1.000723095245015;1.0;0.999915080174439;0.9998810337696217;0.9999876758837867;0.999641378095814;0.9995740482214319;1.0;0.9999654895642298;0.9999575570709235;1.002260019888386;0.999990734063343;1.0;0.9999842156642005;0.9999992726401731;1.024999976158142;
2016-07-08 02:00:00;1.0003010745171779;0.9999607448703697;0.9999911088786209;1.000549688176306;1.0;1.0007395530476408;1.0022454638789444;1.0004526546469652;0.9999869380092029;1.0014548640823344;1.0;1.0;1.0;1.0007129406403257;1.0;1.0001730142975929;1.0001974204040132;1.0;1.0017362241066894;0.9999913978537263;1.0;0.9999769182080696;1.0001909746787705;1.0020919889122168;1.0023073751353127;0.9999961395752032;0.9999829390349687;1.0009264299450182;1.0007134225165568;0.9999999999999999;0.9999219152993213;0.9998915143984485;0.9999897831206301;0.9996742784562043;0.9996185009590047;1.0;0.9999644205078292;0.9999556940789274;1.0022293095430002;0.9999920461003227;0.9999999999999999;0.9999899125589726;0.9999988775479456;1.024999976158142;
2016-07-08 02:15:00;1.000299373873841;0.9999704931547209;0.9999928090372414;1.0005456898087655;1.0;1.000734192589352;1.0022235585768726;1.0004495371396955;0.9999892806938105;1.0014430240911776;1.0;1.0;1.0;1.000708428892375;1.0;1.000170804037236;1.0001950446256136;1.0;1.0017211299469675;0.9999927397129249;1.0;0.9999825487289145;1.0001886601486056;1.0020714680685248;1.002284908090356;0.9999963183163014;0.9999872695483355;1.000919485240143;1.000702629850673;1.0;0.9999222226368056;0.9998946264447703;0.9999919402310963;0.9996873987247833;0.9996306759341325;1.0;0.999963864865314;0.9999547256281184;1.002207896350037;0.9999937514041086;1.0;0.9999916613230605;0.999999164020317;1.024999976158142;
2016-07-08 02:30:00;1.0002993431086948;0.9999729105668091;0.9999931446216155;1.0005451607262976;1.0;1.0007322126513847;1.0022098484417594;1.0004512335979483;0.9999891921589211;1.0014359673620536;1.0;1.0;1.0;1.0007078402057898;1.0;1.0001754111523704;1.0001998045535831;1.0;1.0017116334157274;0.9999930583784878;1.0;0.9999828713143603;1.0001933727861991;1.0020590342152662;1.0022705618544931;0.9999971446817598;0.9999873892649516;1.000916416786411;1.0006986275309997;1.0;0.9999222309084861;0.9998942489035634;0.999992458206295;0.9996857256619576;0.999631056149441;1.0;0.9999635716986974;0.9999540513364327;1.0021944564551475;0.9999942013030653;1.0;0.9999917829803621;0.9999993099182648;1.024999976158142;
2016-07-08 02:45:00;1.0002996894872267;0.9999820965939412;0.9999955927141855;1.0005451069928089;1.0;1.0007318860624312;1.0021977735980068;1.0004528809110511;0.9999932421488426;1.0014309734609979;1.0;1.0;1.0;1.000708322177833;1.0;1.0001761175824972;1.0002006069465228;1.0;1.001704265381522;0.9999955250945849;1.0;0.9999889501312498;1.0001941548851183;1.0020477805315628;1.0022581440277616;0.999997902957618;0.9999918397351185;1.0009149850482257;1.0006958265854413;1.0;0.9999186024996515;0.999887745284778;0.9999951173716509;0.9996641420246781;0.9996093538975943;1.0;0.9999644755727592;0.9999561302730069;1.0021828077918937;0.9999962310303454;1.0;0.9999947953876049;0.9999995249070522;1.024999976158142;
2016-07-08 03:00:00;1.0002981548157321;0.9999801432997724;0.999994356912408;1.0005420669289813;1.0;1.0007284185093197;1.0021985621648373;1.0004469022046367;0.9999906504415145;1.0014294217563096;1.0;1.0;1.0;1.0007041429341716;1.0;1.000170635912452;1.000194726518002;1.0;1.0017033069052896;0.999993736298897;1.0;0.9999859855809966;1.0001883622264518;1.0020482896167195;1.0022591943757733;0.9999968589916487;0.999989436962974;1.000911902562641;1.0006972894766277;1.0;0.9999246914565936;0.9998964621983312;0.9999942141253927;0.9996906610963217;0.9996393481510151;1.0;0.9999639621582034;0.9999552357333016;1.0021834959742382;0.9999956169350568;1.0;0.9999928268286995;0.9999995955913263;1.024999976158142;
2016-07-08 03:15:00;1.0002980646154322;0.9999737879648821;0.9999932890005484;1.0005426013087573;1.0;1.000729440883148;1.0022067838162918;1.0004468620218812;0.9999893500002404;1.0014329001424878;1.0;1.0;1.0;1.0007044288992941;1.0;1.0001703956200338;1.0001944733825994;1.0;1.0017083269127658;0.9999929160319203;1.0;0.9999827368925469;1.000188106775632;1.0020559431179306;1.0022676647563304;0.9999965870645636;0.999987010159997;1.0009134407770526;1.0006996005583553;1.0;0.9999282573830207;0.9999023844731383;0.9999927985470448;0.9997098720781216;0.9996620345300654;1.0;0.9999638648653139;0.9999547256281183;1.0021914034009969;0.9999944832944104;1.0;0.9999918177991546;0.9999993798083054;1.024999976158142;
2016-07-08 03:30:00;1.0002987041412523;0.9999740004322142;0.9999935644462371;1.0005438618950335;1.0;1.0007313728682612;1.0022123786759725;1.000447840910992;0.9999900638600716;1.0014364855389317;1.0;1.0;1.0;1.0007060736558904;0.9999999999999999;1.0001700408982543;1.000194160358604;1.0;1.0017126518448896;0.9999932717297695;0.9999999999999999;0.999983381903357;1.0001877842967033;1.0020610909340129;1.0022734618938427;0.9999965604024387;0.9999874979273524;1.00091576020913;1.0007007211610455;0.9999999999999999;0.9999272876194034;0.9999013874910857;0.9999930052575339;0.9997073797669296;0.9996593027870886;1.0;0.9999641029683385;0.9999549637289665;1.0021969527480834;0.9999946159592562;1.0;0.9999922952863349;0.9999993486171508;1.024999976158142;
2016-07-08 03:45:00;1.000298561194487;0.999979747747803;0.9999952324072856;1.0005432839044919;0.9999999999999999;1.0007295145458603;1.0021924452732525;1.0004511343273566;0.9999927926605762;1.0014267939442212;1.0;1.0;1.0;1.000705759754331;0.9999999999999999;1.00017533809195;1.0001997236795424;1.0;1.0016995668363393;0.9999952498187332;1.0;0.9999876113736506;1.0001932924581178;1.0020428241662311;1.0022526839550745;0.9999978269834201;0.9999907747329037;1.0009120951503574;1.0006965972852904;1.0;0.9999246582569559;0.9998954468434231;0.9999946437030456;0.9996862628390017;0.9996331670065352;1.0;0.9999652514605948;0.9999573189691772;1.0021774249187507;0.9999958521001008;1.0;0.9999944515869285;0.9999994534673879;1.024999976158142;
2016-07-08 04:00:00;1.0002972402355264;0.9999795905654348;0.9999947230319809;1.0005408083407583;1.0;1.0007274532141341;1.0021969707705556;1.0004455170572788;0.999991946216337;1.0014278221798416;1.0;0.9999999999999999;1.0;1.000702511576031;0.9999999999999999;1.0001681869093484;1.0001921810980383;1.0;1.0017018357413958;0.9999943184355138;1.0;0.999987166588473;1.000185852797272;1.0020466339056913;1.002257670964806;0.9999966671051822;0.9999904548204966;1.0009106285742548;1.000697252996057;1.0;0.9999261489879743;0.999898461712717;0.9999943385896396;0.9996966669592504;0.9996422082222717;0.9999999999999999;0.9999644205078291;0.9999556940789274;1.0021818290193605;0.9999956433108687;1.0;0.9999936598161944;0.9999994747671941;1.024999976158142;
2016-07-08 04:15:00;1.0002970876046176;0.9999837037852413;0.9999957520361266;1.0005401986771898;1.0;1.0007256516780116;1.0021810328638214;1.0004477942836207;0.9999934367072522;1.0014199605370464;1.0;1.0;1.0;1.0007020276768788;1.0;1.0001725351608455;1.0001967235931448;1.0;1.0016912617341498;0.9999955080665797;0.9999999999999999;0.9999897627812002;1.0001903528097522;1.0020320535420253;1.0022410466454366;0.9999976129254774;0.9999924583008483;1.0009074595297294;1.0006898622998486;1.0;0.9999307937044845;0.9999072933723832;0.9999954172256192;0.9997265462799432;0.9996723842390743;1.0;0.9999641824046649;0.999955455977841;1.0021662163014646;0.9999964762829426;1.0;0.9999948877876563;0.9999995803885593;1.024999976158142;
2016-07-08 04:30:00;1.000301095466157;0.999980325383653;0.9999958145210763;1.0005479844929326;1.0;1.0007360708443818;1.0022107889793066;1.0004552332901813;0.9999940972271771;1.0014387905671134;1.0;1.0;1.0;1.000711919171768;1.0;1.0001761390701562;1.0002007295373085;1.0;1.0017137847682436;0.9999959636110135;1.0;0.9999886247645879;1.0001942417699714;1.002059843913797;1.0022715956102342;0.9999979077393965;0.9999914611485861;1.0009200283850024;1.0006982925219863;0.9999999999999999;0.9999162433189059;0.9998853269257153;0.9999951203906342;0.9996580660357607;0.9995944674343924;1.0;0.9999644755727592;0.999956130273007;1.0021956504935963;0.9999961810291865;1.0;0.9999953658579251;0.9999994253981372;1.024999976158142;
2016-07-08 04:45:00;1.0002973679618758;0.9999723846143841;0.9999945163650613;1.0005419712702301;1.0;1.0007289181435777;1.002200393954921;1.0004478146029903;0.9999925222653094;1.0014286086974717;0.9999999999999999;1.0;1.0;1.0007034614212174;1.0;1.000170360679716;1.000194471408299;1.0;1.001703110934245;0.9999947847851136;1.0;0.9999840799806826;1.000188086362306;1.002049975399726;1.0022611423951353;0.9999971309382457;0.9999878214301401;1.0009118096544658;1.0006975926308899;1.0;0.9999216617812389;0.999891834191658;0.9999935039094888;0.9996760600936079;0.9996210012249424;1.0;0.9999640300449847;0.9999545096783562;1.002184963746169;0.9999948922015373;1.0;0.9999940724016427;0.9999991898726555;1.024999976158142;
2016-07-08 05:00:00;1.0002949499722125;0.9999788310836076;0.9999955321231965;1.0005370048163758;1.0;1.0007218806306868;1.002172869227135;1.0004447885194085;0.9999938328492639;1.001412947478587;1.0;1.0;0.9999999999999999;1.0006974946647893;0.9999999999999999;1.000170172688984;1.0001941616873031;1.0;1.0016835848210928;0.9999956469754705;1.0;0.9999879247428718;1.0001878298048101;1.002024381768797;1.002232757561076;0.9999975009732947;0.9999909218842513;1.000902666175538;1.0006893489507989;0.9999999999999999;0.9999339389356846;0.9999106405007079;0.9999947889804103;0.9997350982390806;0.9996854014630713;0.9999999999999999;0.9999641824046649;0.9999554559778411;1.0021578799836877;0.9999959130323339;1.0;0.9999950950578613;0.9999993699344225;1.024999976158142;
2016-07-08 05:15:00;1.0002966448991457;0.9999780776286319;0.9999947221367231;1.000539661647746;1.0;1.0007251255966296;1.0021867382798408;1.000445670533356;0.99999171762568;1.0014213023716918;1.0;1.0;1.0;1.0007007730674704;1.0;1.0001705606572533;1.0001945718206404;1.0;1.0016935931535802;0.999994435647899;1.0;0.999985364268145;1.0001882115472318;1.0020373445959543;1.002247040757878;0.9999972170574875;0.999988723056551;1.0009072932234742;1.0006903424282456;1.0;0.9999262968655456;0.9999011492603092;0.9999943117747697;0.9997081474949421;0.9996577779033067;1.0;0.999963113349791;0.9999535929918901;1.0021716641744294;0.9999956343296603;1.0;0.9999936090974253;0.9999994944995808;1.024999976158142;
2016-07-08 05:30:00;1.000299960736351;0.9999845089482793;0.9999963211092201;1.0005452701248336;1.0;1.0007317356547303;1.002193176791668;1.0004536215018045;0.9999942733760215;1.0014288637813848;1.0;1.0;1.0;1.0007085747867592;1.0;1.0001769917425072;1.0002015150561727;1.0;1.001701106732581;0.9999962339487266;1.0;0.9999899157187983;1.0001950398855006;1.0020435719674643;1.0022534034991155;0.999998277788046;0.9999923096881796;1.0009143927081687;1.0006900757834183;1.0;0.9999159637018696;0.9998865138984625;0.9999959673249805;0.9996637338681514;0.9996055444366299;1.0;0.999963809801593;0.9999542894370615;1.0021783660507395;0.9999968955275733;1.0;0.9999956048924864;0.9999996236454923;1.024999976158142;
2016-07-08 05:45:00;1.0002931190184514;0.9999835589386037;0.9999958915108431;1.0005330565728396;1.0;1.0007170287823852;1.0021610175255662;1.0004396981139025;0.9999939633236008;1.0014055637387989;1.0;0.9999999999999999;1.0;1.0006926556447617;0.9999999999999999;1.0001656170446613;1.0001892913046042;1.0;1.0016747377842141;0.999995520259997;1.0;0.9999899064175145;1.0001830472342295;1.0020131210890957;1.0022207472343467;0.9999969914553599;0.9999924271959242;1.0008971410946264;1.0006844270236193;1.0;0.9999366601235682;0.9999156370381697;0.9999955782399249;0.99975176670937;0.9997057714987819;1.0;0.999963644618982;0.9999545053837994;1.0021462596431832;0.9999965815968412;1.0;0.9999951415002175;0.9999995598575904;1.024999976158142;
2016-07-08 06:00:00;1.000304106198557;0.9999762437910694;0.9999942294353505;1.0005537026050404;0.9999999999999999;1.0007442513272518;1.0022447074837169;1.000457968008449;0.9999913288920096;1.0014590180433172;1.0;1.0;1.0;1.0007191665627573;1.0;1.000175786221634;1.0002005085694041;1.0;1.0017389477228167;0.9999941483820279;1.0;0.9999856988054926;1.0001939938645739;1.0020913927022017;1.0023064950075482;0.9999970621537677;0.9999894790932929;1.0009312589264756;1.0007104623716245;0.9999999999999999;0.9999290322014617;0.9999048507709022;0.9999935596719869;0.9997194438922063;0.9996669315445921;1.0;0.999913608949939;0.9999056768681892;1.0022291248975221;0.9999950136775763;1.0;0.9999932687079218;0.9999993429118867;1.024999976158142;
2016-07-08 06:15:00;1.0003202416969217;0.9999803259639488;0.9999953607895145;1.0005826605304196;1.0;1.0007823885257014;1.002349632553576;1.00048431515026;0.9999930825851707;1.00152952714664;1.0;1.0;0.9999999999999999;1.0007571094389345;1.0;1.0001883693847593;1.0002145599664183;1.0;1.0018217708439718;0.9999953972562935;1.0;0.9999882613474604;1.00020766061228;1.0021894046459248;1.0024141139591152;0.9999978170137573;0.9999913443210953;1.000978035155226;1.0007443684198716;1.0;0.9999191736388949;0.9998901009757343;0.9999947554911204;0.9996743213101565;0.9996185743014139;1.0;0.9998521543022579;0.9998430160860485;1.0023335215393663;0.9999959299062905;1.0;0.9999946510237403;0.9999994413171241;1.024999976158142;
2016-07-08 06:30:00;1.0003325381440162;0.9999821040997073;0.9999963991678305;1.0006048949179704;1.0;1.000812252123429;1.002435162442618;1.000503376564063;0.9999950726493773;1.00158577592946;1.0;1.0;1.0;1.0007860606092647;0.9999999999999999;1.0001952758727954;1.000222471545278;1.0;1.0018882589484503;0.9999965658248042;1.0;0.9999896792553474;1.0002152929901733;1.0022690785057384;1.0025020523389938;0.9999981140779303;0.9999921276877213;1.0010147931405755;1.0007733866333366;1.0;0.9998889845841424;0.9998421520958322;0.9999957527850926;0.9995222734574081;0.9994705206305717;1.0;0.9998296908696278;0.9998201717820036;1.002418547840078;0.9999966623944008;1.0;0.9999960922748939;0.999999465040202;1.024999976158142;
2016-07-08 06:45:00;1.0003324951133732;0.9999823447883559;0.9999960742477623;1.0006044231863551;0.9999999999999999;1.0008137991078354;1.0024580954960995;1.0004961324242883;0.9999944598964942;1.0015970507023428;1.0;1.0;1.0;1.0007851951013917;1.0;1.000182669319777;1.0002092581988733;1.0;1.0019031951303106;0.9999954361133438;1.0;0.9999883302494409;1.0002022025840283;1.0022896717955405;1.0025263554491255;0.9999961735278147;0.9999905773732093;1.0010184845394172;1.0007803906925608;1.0;0.9998782441191482;0.9998255995998111;0.9999958983644716;0.999470069733625;0.9993985875498923;0.9999999999999999;0.9998476048843309;0.9998376728596561;1.002441226222434;0.9999968250979755;1.0;0.9999953461838726;0.9999995771091635;1.024999976158142;
2016-07-08 07:00:00;1.0003349024028318;0.9999826612538941;0.999994907198017;1.0006089092093156;1.0;1.0008211775921145;1.0024911855715006;1.000496886561631;0.9999925237958129;1.0016174252696552;1.0;1.0;1.0;1.0007913432645712;1.0;1.0001789977748567;1.0002056150228469;0.9999999999999999;1.0019287964214558;0.9999938337867745;1.0;0.9999891516445564;1.0001986012737198;1.002320060406594;1.0025605583368098;0.9999947886532226;0.9999919489078699;1.0010291050634201;1.0007448356457387;0.9999999999999999;0.9998629500543249;0.9998346392730035;0.9999948871788913;0.9995397624242014;0.9994619222088543;1.0;0.9998551852955886;0.9998444593416924;1.0024740181221294;0.9999960774212692;1.0;0.9999937432315296;0.9999995423562805;1.024999976158142;
2016-07-08 07:15:00;1.000356805104198;0.9999056684545049;0.9999833000229689;1.000657985502077;0.9999999999999999;1.0008869544743109;1.0027134797799564;1.0005451614261496;0.9999796147762361;1.0017468004274321;0.9999999999999999;1.0;1.0;1.0008508037462662;1.0;1.0002124475493042;1.000241926335628;1.0;1.0020903594460626;0.9999868956486918;1.0;0.9999534119972837;1.00023415259232;1.0025283831635041;1.0027879725350142;0.9999951711806333;0.9999661221641502;1.0011107266555908;1.0007654976584457;1.0;0.9998365619648664;0.999830492907206;0.999978062895188;0.9995739779526297;0.9994993715866478;1.0;0.9998096103911954;0.9997776834475426;1.0026919512739074;0.9999824470552278;1.0;0.999984073916491;0.9999966746891159;1.024999976158142;
2016-07-08 07:30:00;1.0003582111533986;0.9999248679812507;0.9999857841346207;1.00065801944768;1.0;1.0008864946247742;1.0027048204459519;1.0005438208081903;0.9999817118363707;1.0017454675368078;0.9999999999999999;0.9999999999999999;1.0;1.0008519677464638;1.0;1.0002099867979655;1.0002393613113139;1.0;1.002086655361132;0.9999880995318262;1.0;0.9999614872714466;1.0002316171221133;1.0025201332595584;1.0027792128995172;0.9999952012166847;0.99997196441451;1.0011103444967977;1.0007587718686763;1.0;0.9998253643744576;0.9998157099374719;0.9999819750654096;0.999530882883659;0.9994545419045738;1.0;0.9998000523200135;0.9997468252786258;1.0026841151826023;0.9999856729922884;1.0;0.9999857410248666;0.9999974491297783;1.024999976158142;
2016-07-08 07:45:00;1.0003653321163455;0.9999230769227226;0.9999853824292944;1.0006712442222345;1.0;1.0009057627667923;1.002772836409536;1.0005516895202522;0.9999815330264189;1.0017875723782075;1.0;1.0;1.0;1.000869110091538;0.9999999999999999;1.0002078014726028;1.0002375129061667;0.9999999999999999;1.0021380156178283;0.9999875146570326;0.9999999999999999;0.9999610715855695;1.0002296829455621;1.0025829888561666;1.0028494859426138;0.999994062105442;0.9999717096582799;1.0011353174164668;1.0007822463338563;1.0;0.999782697652368;0.9997477195143091;0.999981531090964;0.9993147219663063;0.9992342764332254;1.0;0.9998240459474966;0.9997735479639565;1.0027515390795956;0.9999853043611516;1.0;0.9999853905653753;0.9999973590119244;1.024999976158142;
2016-07-08 08:00:00;1.0003781301589765;0.9999739219787533;0.9999941487150646;1.0006883450727135;1.0;1.0009255431583433;1.002790353065305;1.0005693467950867;0.9999916406900269;1.0018135086887192;1.0;1.0;1.0;1.0008942315924303;1.0;1.0002170586048533;1.000247751521017;1.0;1.0021612908674398;0.999994086728279;0.9999999999999999;0.9999846037637761;1.0002396500192798;1.0025995202651405;1.0028673490068365;0.9999965605387349;0.9999884227089929;1.001157766150223;1.000768570108326;0.9999999999999999;0.999780729272908;0.9997589203684981;0.9999933726360103;0.9993695213998458;0.9992779389015953;1.0;0.9997886037161353;0.9997094122216319;1.002771050323606;0.9999948334024811;1.0;0.9999933687024392;0.9999992504186233;1.024999976158142;
2016-07-08 08:15:00;1.0004139948135469;0.9999712003262848;0.9999941046386427;1.000753896118741;1.0;1.0010126453091006;1.0030447378787388;1.0006270072599377;0.9999918303193557;1.0019798839000076;1.0;0.9999999999999999;1.0;1.0009794643005918;1.0;1.000243674151615;1.0002775607991465;1.0;1.0023589430799218;0.9999945066557552;1.0;0.9999836899228398;1.0002686201739877;1.0028368616088994;1.0031284409809547;0.9999973458295583;0.9999877756106573;1.0012657231103759;1.0008370783691432;0.9999999999999999;0.9997103293409381;0.9996581769820766;0.9999929790464995;0.9990649822509362;0.9988922614082268;1.0;0.9997387040658118;0.9996710889200429;1.0030236491687428;0.9999944847515778;1.0;0.9999936139617658;0.9999991186464954;1.024999976158142;
2016-07-08 08:30:00;1.0003922205057323;0.9999681739394112;0.9999936886125231;1.0007146950088828;1.0;1.0009600458832115;1.0028885845248148;1.0005943533471169;0.999991363043147;1.001877443248376;1.0;1.0;1.0;1.0009282158854442;1.0;1.0002312831289035;1.0002634044122944;1.0;1.0022373014037478;0.9999942702816587;1.0;0.9999821822734365;1.0002549244177843;1.0026914168468462;1.0029679766165618;0.9999973923845046;0.9999866350885056;1.0012000371069023;1.0007817233797878;0.9999999999999999;0.9997615289093805;0.9997424931806169;0.9999923647414062;0.999336215829175;0.9992346709374641;1.0;0.9997781306512062;0.9997141196908431;1.0028684358354214;0.999993987327201;1.0;0.9999932708022682;0.9999990196712917;1.024999976158142;
2016-07-08 08:45:00;1.0004037977973688;0.9999566367748524;0.999990949672565;1.0007366048163735;1.0;1.0009897247374344;1.0029897601926516;1.0006108512304983;0.9999869758622594;1.0019398395974703;1.0;1.0;1.0;1.0009559818715714;0.9999999999999999;1.0002376760506047;1.0002706715635352;0.9999999999999999;1.0023132004230437;0.9999916014745658;1.0;0.9999746907924206;1.0002619462416342;1.002785634983298;1.0030719892053594;0.9999965889028467;0.9999810018793357;1.001238124193589;1.0007970009816551;1.0;0.9997430040422634;0.999725859747395;0.9999893019894238;0.9992997577807018;0.9991603430936833;0.9999999999999999;0.9997794258372714;0.9997051480791695;1.0029685306083278;0.9999916319505635;0.9999999999999999;0.9999900022771586;0.9999987397520926;1.024999976158142;
2016-07-08 09:00:00;1.0004139696360552;0.9999654082173063;0.9999927854705905;1.000754650561537;0.9999999999999999;1.001014254181581;1.003055898055393;1.000627015887232;0.9999901936498777;1.0019854972977296;1.0;1.0;1.0;1.0009802449050451;1.0;1.0002430966013722;1.0002769982303439;1.0;1.002366779309933;0.9999933977476817;1.0;0.9999814384548079;1.0002680749511077;1.0028470999339136;1.0031399459249177;0.9999968182320252;0.999986493080707;1.0012682452082953;1.0008150673020344;1.0;0.9997335003667304;0.9997137202498548;0.999991296375188;0.9992664676025568;0.9991173052953977;1.0;0.9997703377378442;0.9997096302080942;1.003034504617017;0.9999931430417592;1.0;0.9999923145980694;0.9999988777065731;1.024999976158142;
2016-07-08 09:15:00;1.0004153130359412;0.9999708624650482;0.9999924361038401;1.0007559145221496;0.9999999999999999;1.0010155057908317;1.003061910248275;1.0006264031682084;0.9999881573900238;1.0019903697484192;1.0;1.0;1.0;1.000982200604651;1.0;1.0002426233190653;1.0002764838048575;0.9999999999999999;1.0023720860810463;0.9999922029696079;1.0;0.9999817624210772;1.0002675677945545;1.0028527322145362;1.0031461256767404;0.9999964169198282;0.9999866699294555;1.0012706165609788;1.0008126997915436;1.0;0.9997354142939268;0.9997197659401748;0.9999917397797504;0.99928910819545;0.9991354520278922;1.0;0.9997490202238046;0.9996937447842649;1.0030407145852875;0.9999936491235357;1.0;0.999990919142816;0.9999992301137914;1.024999976158142;
2016-07-08 09:30:00;1.000421540605377;0.999975599935315;0.9999924103435919;1.0007664227363255;1.0;1.0010318051125;1.0031266413734485;1.0006284265376169;0.9999877450518107;1.0020304645193427;1.0;1.0;1.0;1.000996061939722;1.0;1.000233548217463;1.00026733601703;1.0;1.0024209531833732;0.9999911341600536;0.9999999999999999;0.9999831741598295;1.0002584313234555;1.0029122178517447;1.0032133331909219;0.9999943534078318;0.9999875611313445;1.001292845363202;1.0008351829233522;1.0;0.9997312529760486;0.9997125158951125;0.9999924359925251;0.9992657053737622;0.999099096438029;1.0;0.9997355638304789;0.9996682334535253;1.0031051012077408;0.9999942709021026;1.0;0.9999903111374618;0.9999994581527084;1.024999976158142;
2016-07-08 09:45:00;1.0004173319939558;0.9999800916101577;0.9999942907410588;1.0007585735355407;1.0;1.0010212867871473;1.003088146243003;1.0006229454741369;0.9999912303735558;1.0020065894621932;1.0;1.0;1.0;1.0009860121517247;1.0;1.0002307993789177;1.0002642655056841;1.0;1.0023917314448665;0.9999932202605053;1.0;0.9999866540360938;1.0002554334606553;1.0028762623371612;1.003173868099648;0.9999949503295256;0.9999898752725763;1.0012788221477678;1.0008310320242735;0.9999999999999999;0.9997170976016325;0.9996836344790232;0.9999942822715195;0.999165283854628;0.9989676362457582;0.9999999999999999;0.9997741518511104;0.9997054527341139;1.0030670355443387;0.9999956385392726;1.0;0.9999928628654846;0.9999995331180374;1.024999976158142;
2016-07-08 10:00:00;1.000435938726826;0.9999749004289478;0.9999940105837725;1.000792678294709;1.0;1.0010709290819941;1.003264107501712;1.0006415287424821;0.9999918943574053;1.0021144706987022;1.0;1.0;1.0;1.00102960253779;1.0;1.0002221567523237;1.0002562665431136;1.0;1.002522880628141;0.9999923361581815;1.0;0.9999832683679245;1.000247193668927;1.0030389106186515;1.0033559132141734;0.999992083972798;0.9999863053708926;1.0013429290470421;1.0008862326688097;0.9999999999999999;0.9996841879312748;0.9996333525339977;0.9999941011123986;0.9990088235934854;0.9987547857228234;1.0;0.9997853321026761;0.9997187060565738;1.0032414825689517;0.9999954417650044;1.0;0.9999927741724973;0.9999994076789908;1.024999976158142;
2016-07-08 10:15:00;1.0004342019796384;0.9999685544033358;0.9999925570243066;1.0007897712296332;0.9999999999999999;1.0010668195937091;1.0032584153145463;1.0006379670060297;0.999989243746333;1.0021086250800366;1.0;1.0;1.0;1.0010252434355726;1.0;1.0002212004752384;1.0002550878386873;1.0;1.002516575434254;0.999990829588602;1.0;0.9999780787909696;1.000246041744877;1.0030337238136007;1.0033500730098648;0.9999918208656584;0.9999820709619939;1.0013383068020647;1.000848133449687;1.0;0.9996604412885481;0.9996213751514067;0.9999925941622739;0.9990016167998248;0.9987669842613252;1.0;0.9997762916132863;0.9997108952187609;1.0032356001674958;0.9999943135591983;1.0;0.9999908659895311;0.9999993271564795;1.024999976158142;
2016-07-08 10:30:00;1.0004377614417683;0.9999779890603695;0.9999945090963072;1.000795365715031;1.0;1.0010736410653667;1.0032676972522991;1.000644622185456;0.9999920169955562;1.002117923165029;0.9999999999999999;1.0;1.0;1.0010331589579577;0.9999999999999999;1.0002253781676769;1.0002596666376258;1.0;1.0025261129963126;0.9999926500586434;1.0;0.9999835396421871;1.0002505265631239;1.0030423983960854;1.0033595206429895;0.9999926195328949;0.9999861808057021;1.0013459878033049;1.0008165448227822;1.0;0.9996222501993473;0.9995852839475668;0.9999949070069082;0.9989173160645872;0.9986874198627388;1.0;0.9998006543578908;0.9997277061742231;1.0032452296331626;0.9999961255259244;1.0;0.9999930062781314;0.9999996062146548;1.024999976158142;
2016-07-08 10:45:00;1.000463115051323;0.9999775783756751;0.9999931473452535;1.0008409930379438;1.0;1.001139743910922;1.0035035210079708;1.0006691579542588;0.999989951433843;1.002264696527545;0.9999999999999999;1.0;0.9999999999999999;1.0010923812968464;0.9999999999999999;1.0002151528115855;1.0002503914882352;1.0;1.002704325548446;0.9999897148063772;1.0;0.999981756583565;1.000240974825063;1.003260447201392;1.003603257930101;0.999988232007841;0.9999844730533491;1.0014324211960117;1.000951337965732;1.0;0.9996118759033759;0.9995285446034969;0.9999943379150557;0.9986902576933766;0.9983944507417941;1.0;0.9997542040583227;0.9996617046857093;1.0034792564007908;0.9999957654538628;1.0;0.999990795710438;0.9999996980799307;1.024999976158142;
2016-07-08 11:00:00;1.0004528093661087;0.9999632579719868;0.9999952697386392;1.0008228998307878;1.0;1.0011044538068925;1.0033286928438803;1.0006781853768636;0.999992654104913;1.0021589170889396;1.0;1.0;0.9999999999999999;1.0010667326219949;1.0;1.0002574209558526;1.000293605468116;0.9999999999999999;1.0025710300273551;0.999995040514914;1.0;0.9999699649697822;1.0002837494734043;1.003101242169682;1.0034212093331591;0.9999975060337377;0.999972977502866;1.001380072942438;1.0009043659319716;1.0;0.9996360353064512;0.9995588360277363;0.999994887231796;0.998775207646174;0.998502445448825;0.9999999999999999;0.9997715761620812;0.9997042854114517;1.0033056887997356;0.9999960693160282;0.9999999999999999;0.9999943082397758;0.9999995221252548;1.024999976158142;
2016-07-08 11:15:00;1.0004403086271187;0.9999614057201132;0.9999937772334736;1.000800996364704;1.0;1.0010757141807873;1.0032460650850348;1.0006604596707471;0.9999906609295949;1.0021054794677706;1.0;0.9999999999999999;1.0;1.0010386904158388;0.9999999999999999;1.000251265933971;1.0002866159488368;1.0;1.002508535660129;0.9999937087977144;1.0;0.99997158047756;1.0002770750013061;1.0030241269727391;1.0033361187273726;0.9999968924605285;0.9999756531781724;1.0013448579637687;1.0008805088719657;1.0;0.9996554983623235;0.9995874419724406;0.9999930621029952;0.9988624633220334;0.9986143941332546;0.9999999999999999;0.9998053114705334;0.9997377972361012;1.003223505281627;0.9999946273013964;1.0;0.9999927461169112;0.9999992851454206;1.024999976158142;
2016-07-08 11:30:00;1.000452150102561;0.9999582648595423;0.9999922262551219;1.0008233778833069;1.0;1.001106409985567;1.0033433892527226;1.0006796350631564;0.9999885494657165;1.0021683237931296;1.0;1.0;1.0;1.0010682532505737;1.0;1.0002594785115624;1.0002959709429442;1.0;1.0025846632801774;0.9999923218884982;1.0;0.9999720554749262;1.0002862084863973;1.0031146604697394;1.0034359688898624;0.9999962714728909;0.9999772435982702;1.0013839093952837;1.0008779661666793;1.0;0.9996090896439435;0.9995374359803779;0.9999911481042856;0.9987331487542291;0.998421195606933;1.0;0.9997937230934588;0.9997185767983673;1.0033199652891263;0.9999931177254134;1.0;0.9999911153032405;0.9999990369166671;1.024999976158142;
2016-07-08 11:45:00;1.0004367325218433;0.999966833669997;0.9999936470655505;1.000794803640814;0.9999999999999999;1.0010684669003236;1.003225240321259;1.0006558215831138;0.9999908201508005;1.0020936158489826;1.0;1.0;0.9999999999999999;1.0010317602549876;1.0;1.0002485428808228;1.0002837620370901;1.0;1.0024951119786378;0.9999935137431744;0.9999999999999999;0.9999780211800471;1.000274372421272;1.003004486471715;1.0033145800672814;0.9999962371644731;0.9999821365859485;1.0013364052612843;1.0008651140217177;1.0;0.9996516955233077;0.9995871609237524;0.9999928664483136;0.9988680208143375;0.9986098591122162;1.0;0.99978659872704;0.9997194667750918;1.0032028656088607;0.9999944501072737;1.0;0.9999927293454013;0.9999992139182178;1.024999976158142;
2016-07-08 12:00:00;1.0004492560642504;0.9999701143751217;0.9999951309745496;1.0008169397782105;1.0;1.0010983635384718;1.0033141817253595;1.0006729470412679;0.9999931513218591;1.0021511363078037;0.9999999999999999;1.0;1.0;1.001060414499361;1.0;1.000252354903334;1.000288382319442;1.0;1.0025630183655456;0.9999947926093228;1.0;0.9999786283713253;1.0002787218474765;1.0030872041816896;1.0034062602842015;0.9999963221862063;0.9999816497568933;1.0013734496831932;1.000903741125513;1.0;0.9996391304892421;0.9995610728960845;0.9999946328338226;0.9987798898258721;0.998522004178693;1.0;0.9997697290437154;0.9997044928868453;1.0032913204447227;0.9999958207034901;1.0;0.9999944177184031;0.9999993970827671;1.024999976158142;
2016-07-08 12:15:00;1.0004434593270375;0.9999626809264811;0.9999924444928994;1.0008070747708089;1.0;1.0010848600020663;1.0032806273588863;1.0006647692003565;0.9999884796730776;1.0021280336755494;1.0;1.0;1.0;1.0010473875547767;1.0;1.0002519357332371;1.0002876113152854;1.0;1.0025366352981213;0.9999921287395789;1.0;0.9999741594483794;1.0002780793409658;1.0030561029660945;1.0033715383602295;0.9999958615561235;0.9999790053101764;1.0013574765845088;1.0008956218370724;1.0;0.9996612916356717;0.9995938749932849;0.9999917318437134;0.9988806528923181;0.9986094922529954;1.0;0.9997690264751086;0.9996891746388978;1.0032577375522278;0.9999936226155501;1.0;0.9999910309877064;0.9999991948229068;1.024999976158142;
2016-07-08 12:30:00;1.0004453329081984;0.9999642896857004;0.9999923769514198;1.000810312169463;1.0;1.0010923207348374;1.0033228215401424;1.0006599429326137;0.9999888308259319;1.0021520196710085;1.0;1.0;1.0;1.0010516552802955;1.0;1.0002377869272467;1.0002729813443971;1.0;1.002567111218114;0.999991285986184;1.0;0.9999752630602213;1.0002635715493997;1.0030944051479274;1.0034157416187865;0.999993432543283;0.9999797292624661;1.001368771205884;1.00091452474727;1.0;0.9996632534006835;0.9995936503524759;0.9999920258877457;0.9988756863764359;0.9986034474756169;1.0;0.9997669236989148;0.9996947749955102;1.0032995503791629;0.999993853320869;1.0;0.9999908450717068;0.9999992295672796;1.024999976158142;
2016-07-08 12:45:00;1.0004649961895646;0.999913640498631;0.999982527800113;1.0008511661531765;1.0;1.0011490696888463;1.0035357210254012;1.0006897060107514;0.9999753785234478;1.0022764478843733;1.0;1.0;1.0;1.001101663764479;1.0;1.0002492127320144;1.000285980026023;1.0;1.002722180481904;0.9999829582218881;1.0;0.9999478040914674;1.0002761268267777;1.0032926895927177;1.0036345946780065;0.9999908713516718;0.9999595062943192;1.001442393332824;1.0009806161409638;1.0;0.9996053265699876;0.9995048347306589;0.9999797619927184;0.9985992349609863;0.9983084418401476;1.0;0.9997712408596842;0.9997041099389598;1.0035091018019198;0.9999841673356469;1.0;0.9999805951963882;0.9999976182220841;1.024999976158142;
2016-07-08 13:00:00;1.0004695875462406;0.9998213441538217;0.9999654077144956;1.000870788269653;1.0;1.0011892617003886;1.0037865747645691;1.000680893886481;0.9999565468084416;1.0024031944702718;1.0;1.0;1.0;1.001122040647395;1.0;1.000210824633735;1.0002465285036584;1.0;1.002892545725972;0.9999679589880177;1.0;0.9999060071046108;1.000236977837196;1.0035233617326043;1.0038947471604172;0.9999798528301777;0.9999298025433333;1.001501983365722;1.001009573504288;1.0;0.999559918190914;0.9994716240369117;0.999957795522201;0.9985406705383708;0.9982621371839062;1.0;0.9997765765489833;0.999715001205343;1.003753994255495;0.9999664953636183;1.0;0.9999645477571998;0.9999941169695145;1.024999976158142;
2016-07-08 13:15:00;1.0004586332601704;0.9998918629261763;0.9999788803691251;1.0008420346631444;1.0;1.0011375634703057;1.003516943602272;1.0006812855811877;0.9999708987613348;1.0022582017551604;1.0;1.0;1.0;1.0010884401560338;1.0;1.0002464951533574;1.0002827999155124;1.0;1.002703312147675;0.9999802369967972;1.0;0.9999367960449359;1.000273054366314;1.0032751610545716;1.0036153291707859;0.9999901922330706;0.9999513676541566;1.00142874026278;1.0008795634212961;1.0;0.99956105244002;0.9995014527443039;0.9999748725832649;0.9986691260201339;0.9983966790418637;1.0;0.9998211817683993;0.9997522581587432;1.0034896151459132;0.9999802531973193;1.0;0.9999771629180436;0.9999968817855948;1.024999976158142;
2016-07-08 13:30:00;1.0004476523876933;0.9999383233943437;0.9999840051111509;1.0008153262274302;1.0;1.0010946881189204;1.0033392097854097;1.0006667869569994;0.9999724538186877;1.0021599223516633;0.9999999999999999;1.0;1.0;1.0010563621135928;1.0;1.0002572541106087;1.0002930769659495;1.0;1.0025774833279641;0.9999828473316555;1.0;0.9999533405217397;1.0002834704597257;1.0031109729074306;1.0034315383201955;0.9999939048380749;0.999963464532591;1.001373152175205;1.0009126447541685;1.0;0.9996309637148828;0.9995469046626004;0.9999835336134509;0.9987315908557431;0.9984390066206005;1.0;0.9998484513931066;0.9998036628368088;1.0033153178821894;0.9999875826222596;1.0;0.9999794138659095;0.9999989532771761;1.024999976158142;
2016-07-08 13:45:00;1.0004332790686354;0.9999152286489086;0.9999746354394221;1.0007896229145659;0.9999999999999999;1.0010611972168655;1.0032880631924497;1.000634240734037;0.9999546417907866;1.0021169393916651;1.0;1.0;1.0;1.001021401377628;1.0;1.0002404693112992;1.000274429412585;1.0;1.002531116600734;0.9999717595513046;1.0;0.9999324865313074;1.0002652875814162;1.0030630825685007;1.0033792775077626;0.9999898584135768;0.999948067303535;1.0013369022416903;1.0009025686238588;0.9999999999999999;0.9996632238546942;0.9995934004764077;0.999974874121767;0.9988715992678322;0.998609196602078;1.0;0.9998604832019792;0.9998337210814605;1.0032636675922613;0.9999812585246866;1.0;0.9999662180179602;0.9999987988927151;1.024999976158142;
2016-07-08 14:00:00;1.0004289487647402;0.9999398776646576;0.9999843689820805;1.0007815192782434;0.9999999999999999;1.0010508677687087;1.0032148118764797;1.0006360295776882;0.9999736188156034;1.0020777469161628;1.0;1.0;1.0;1.0010125672725412;1.0;1.0002399757683034;1.0002740621116901;1.0;1.0024805291630106;0.9999830744843997;1.0;0.9999555454995873;1.0002649299652733;1.0029946616478205;1.003304032267594;0.9999930086015641;0.9999653311542407;1.001319060623054;1.0008685384824556;1.0;0.9996505927426996;0.999580391003165;0.9999838883516109;0.9988385879624913;0.9985891003084235;1.0;0.9998742013990983;0.9998468048542328;1.0031916852929048;0.9999878149055703;1.0;0.9999800539567695;0.9999989094615915;1.024999976158142;
2016-07-08 14:15:00;1.0004167919623308;0.9999601050996567;0.9999908389182762;1.0007584331771118;1.0;1.0010186470321623;1.0030838084009865;1.000624251488249;0.9999849398598933;1.0020000434192258;1.0;1.0;1.0;1.0009838829628377;1.0;1.0002392293688984;1.0002727692526792;1.0;1.0023842214278516;0.9999902798634613;1.0;0.999970787619974;1.0002638008660951;1.0028729233901614;1.0031691225414276;0.9999958798067294;0.9999766123630802;1.0012752778300493;1.000839959350219;1.0;0.999659422682142;0.9995837369247137;0.9999903400261638;0.9988349949653231;0.9985810483215831;1.0;0.9998804734412963;0.9998439639738218;1.0030622899996953;0.9999926474668429;1.0;0.9999885684526761;0.9999992562204825;1.024999976158142;
2016-07-08 14:30:00;1.0004027288695718;0.999966568309908;0.9999915816364023;1.0007324521680567;1.0;1.000983176074678;1.0029698775492604;1.0006046315984387;0.9999857513763251;1.0019285697796696;1.0;1.0;1.0;1.0009507209961035;1.0;1.0002341500998284;1.0002667235586526;1.0;1.002298273215523;0.9999909517401719;1.0;0.9999750816949399;1.0002580525719973;1.00276694311207;1.0030518028994233;0.9999964141574936;0.9999803865211859;1.001230593869467;1.000804716922851;1.0;0.999680066409875;0.999614678170328;0.9999912831911683;0.9989297712467172;0.9986901415030283;1.0;0.9999037763981209;0.999879173428668;1.0029493611183347;0.9999934055148793;1.0;0.9999892725465411;0.9999994059649348;1.024999976158142;
2016-07-08 14:45:00;1.0004077600303434;0.9999594939312745;0.9999905936750182;1.0007427545927572;1.0;1.0009974968782085;1.0030157591698863;1.0006139558838534;0.9999851394511584;1.0019570062656133;1.0;1.0;1.0;1.0009638834947552;1.0;1.0002382529394584;1.0002713664374252;0.9999999999999999;1.0023331703183078;0.9999905267342963;1.0;0.999973138407948;1.000262576775263;1.0028096214861373;1.0030989052958335;0.9999962633308462;0.9999793579088175;1.0012484669311765;1.0008153653780627;1.0;0.9996700725446697;0.9996019752959346;0.9999896419687095;0.9988940123095629;0.9986403180081037;1.0;0.9999215550938301;0.9998973327870557;1.0029946499609173;0.999992036325101;1.0;0.9999887269252562;0.9999990520133583;1.024999976158142;
2016-07-08 15:00:00;1.0004048286147955;0.9999573175482599;0.999989945416379;1.0007377927800363;1.0;1.0009934691334068;1.003021646114926;1.0006039579139039;0.9999847921039724;1.001957192044898;1.0;1.0;0.9999999999999999;1.000957283488439;1.0;1.0002249064426854;1.000257317675368;1.0;1.0023354458260771;0.999989478080309;0.9999999999999999;0.999972695454986;1.0002487167920522;1.0028143232491662;1.0031055920237333;0.999994254370856;0.9999791038926905;1.0012450816982859;1.0008084555289172;1.0;0.9996821269280055;0.99962758838886;0.9999890227906898;0.9989831675350231;0.9987401998580913;1.0;0.9999210305318071;0.9998952204684515;1.0030002617725293;0.9999915266013387;1.0;0.9999880900141728;0.9999989312175198;1.024999976158142;
2016-07-08 15:15:00;1.000405108596897;0.9999553922887476;0.9999897082499114;1.0007389100827129;1.0;1.0009971358082852;1.0030447596203762;1.0006013521223254;0.999985372566464;1.0019696038186705;1.0;1.0;0.9999999999999999;1.0009587748764026;1.0;1.000217043555114;1.0002492159623388;1.0;1.0023518960123716;0.9999891804208821;1.0;0.9999734462838469;1.000240697145343;1.0028352614659486;1.0031297776382908;0.9999928742456266;0.9999799484979526;1.0012506589532333;1.0008055653029317;1.0;0.9996806171864675;0.999632818097286;0.9999885762260851;0.9990094147456836;0.998770917908554;1.0;0.9999137770279247;0.9998883799344718;1.0030229856371546;0.9999911087147543;1.0;0.999988204053906;0.9999987478021677;1.024999976158142;
2016-07-08 15:30:00;1.0004091119745466;0.9999610767325519;0.9999909801687161;1.0007452188835966;1.0;1.001000973835421;1.0030252128283073;1.0006162985802378;0.9999858928433165;1.0019634892692892;1.0;1.0;0.9999999999999999;1.0009673000925552;1.0;1.0002388579895158;1.0002721061712956;1.0;1.0023408565730307;0.9999909417730521;0.9999999999999999;0.9999746500656985;1.0002632924900585;1.0028183720769284;1.003108627199897;0.9999962918919296;0.9999806255506483;1.0012527204599309;1.000797971546124;1.0;0.9996659772847241;0.9996098252877418;0.9999900032950008;0.9989364957701544;0.9986667110710731;1.0;0.9999173669412856;0.9998867940071839;1.003004065128203;0.9999923000404535;1.0;0.9999892717307518;0.9999990581649716;1.024999976158142;
2016-07-08 15:45:00;1.000395177405643;0.9999627262658736;0.9999906623395773;1.0007196760410795;1.0;1.0009679291420162;1.0029357684278988;1.0005914820451383;0.9999852576077932;1.001903911339716;1.0;1.0;1.0;1.000934161658945;1.0;1.0002242055379331;1.0002560330635892;1.0;1.002270790055971;0.9999901350644479;1.0;0.9999752869205539;1.0002476015411672;1.00273467839323;1.0030170224759007;0.9999951603719557;0.9999812197263676;1.0012125571966008;1.0007813588237489;1.0;0.9996966253736438;0.9996496740451962;0.999989984137359;0.9990516538091698;0.9988228202262952;1.0;0.999914989321667;0.999885210333514;1.0029151869656434;0.9999923224731261;1.0;0.9999886384288605;0.9999991271405002;1.024999976158142;
2016-07-08 16:00:00;1.000400014421559;0.9999641927328394;0.9999909181940753;1.0007283166636745;1.0;1.0009800373892839;1.002974372222229;1.0005975002071892;0.9999857167426217;1.0019287820792295;1.0;1.0;1.0;1.0009454844522276;1.0;1.0002243695644324;1.0002564841361379;1.0;1.0023005682801887;0.9999902270667272;1.0;0.9999761764824985;1.0002479768184993;1.0027704486096511;1.003056844174183;0.999994794183663;0.999981854339805;1.0012279333422067;1.0007861767082178;1.0;0.9996820225995413;0.999632095189609;0.9999903464925423;0.9990027859919712;0.9987652479986288;1.0;0.9999153785049235;0.999888774710027;1.002953564281549;0.9999926052091175;1.0;0.9999889069725861;0.9999991681011522;1.024999976158142;
2016-07-08 16:15:00;1.0004002381062072;0.9999669237008677;0.9999932652816539;1.0007292845957887;1.0;1.0009799443560163;1.002951739386263;1.0006053702021909;0.9999906592766817;1.001917907653893;1.0;1.0;1.0;1.000947078285966;1.0;1.000234268590753;1.0002669572991056;1.0;1.002285831764019;0.9999937283128538;1.0;0.9999811461303215;1.0002583230663693;1.002749870628272;1.003033091188341;0.9999969929605047;0.9999858098191767;1.001225257941498;1.000774671615345;1.0;0.9996692708424715;0.9996142742434069;0.9999919863887458;0.9989483411801184;0.9986870838950694;1.0;0.9999269012104086;0.9999042665593552;1.0029312416818408;0.9999937053680054;0.9999999999999999;0.9999927011277518;0.9999990119161364;1.024999976158142;
2016-07-08 16:30:00;1.0004019241277344;0.9999712406782576;0.9999937897297855;1.0007314815604496;0.9999999999999999;1.0009835315926754;1.0029680061737436;1.0006039025432947;0.9999909352788583;1.0019279051873333;1.0;1.0;0.9999999999999999;1.000949970168276;1.0;1.0002291991314876;1.000261693211739;1.0;1.002297699466325;0.999993591494682;0.9999999999999999;0.9999817786330328;1.000253079117517;1.0027646968933963;1.003050167596909;0.9999962691208988;0.9999857731755831;1.0012304396097707;1.0007915174296351;0.9999999999999999;0.9996671812197754;0.9996031698634731;0.9999930922130037;0.9989040881154146;0.9986602270358647;1.0;0.9999275426094395;0.999903954251754;1.00294755277855;0.9999946368023379;0.9999999999999999;0.9999928218462005;0.9999992680518333;1.024999976158142;
2016-07-08 16:45:00;1.0004058847379542;0.9999725510107099;0.9999927603918748;1.0007381303976117;1.0;1.0009922559589122;1.0029983850533384;1.0006080789012213;0.9999882940338286;1.0019478343908488;0.9999999999999999;0.9999999999999999;1.0;1.00095876580104;1.0;1.0002309138501104;1.000263647056973;0.9999999999999999;1.0023215336936948;0.9999920041489507;1.0;0.9999807765425205;1.0002549798629292;1.002792966224744;1.0030813700835979;0.9999957466354468;0.999985207169247;1.0012421948270258;1.0008102107715426;1.0;0.9996465310905296;0.9995641359432534;0.9999925121368884;0.9987722407519156;0.9985164212739996;0.9999999999999999;0.9999291377391473;0.9999061219313742;1.0029778223376906;0.999994302677087;0.9999999999999999;0.9999909285765343;0.9999994284335928;1.024999976158142;
2016-07-08 17:00:00;1.0004095794653558;0.9999721305674522;0.9999934679810091;1.0007448113934763;1.0;1.0010012816266112;1.0030248215281719;1.0006133651020808;0.9999896673302061;1.0019643939427838;1.0;1.0;1.0;1.0009671978123456;0.9999999999999999;1.0002319100118873;1.0002648667608292;1.0;1.0023410664513204;0.999992812623;1.0;0.9999802105696636;1.0002561033986241;1.0028175562253585;1.0031086730445256;0.9999959450848136;0.999984208136316;1.0012531133381062;1.000809144628775;0.9999999999999999;0.9996178880795231;0.9995259166105022;0.9999931712932284;0.9986601290351432;0.9984279718826261;1.0;0.9999416578893334;0.9999313438115426;1.0030040608455297;0.9999947826333104;1.0;0.9999919318873628;0.9999994376295835;1.024999976158142;
2016-07-08 17:15:00;1.0004117024227162;0.9999771362798244;0.9999948522599441;1.000748562038717;1.0;1.0010059565042133;1.0030291360094916;1.00061903330025;0.9999922080902944;1.0019696196777121;0.9999999999999999;1.0;0.9999999999999999;1.0009725562581446;1.0;1.00023600173951;1.0002693311125896;1.0;1.0023463927958935;0.9999944553397925;1.0;0.9999846393484245;1.000260498020356;1.002821663170285;1.003112940962894;0.9999966776752792;0.999987840946583;1.001258054294969;1.0008188265528066;0.9999999999999999;0.99958742884631;0.999471576583136;0.9999944758273459;0.9984797137899204;0.9982418663289553;1.0;0.9999456176843058;0.9999356846860171;1.0030085393185837;0.9999957446107969;1.0;0.9999938362362116;0.9999994788191501;1.024999976158142;
2016-07-08 17:30:00;1.0004022861365836;0.999984538145412;0.9999963445085472;1.0007306873913664;1.0;1.000982188762941;1.0029549450093769;1.0006034479204813;0.9999943572472528;1.0019226565536556;1.0;1.0;1.0;1.0009497030766583;0.9999999999999999;1.0002278196967076;1.0002602648657888;1.0;1.0022897602618877;0.9999956167449912;1.0;0.9999885725789175;1.000251660837288;1.0027524173621738;1.0030368425578513;0.9999966955547069;0.9999906155471656;1.0012282498413159;1.0007989585955899;1.0;0.9996188328253165;0.9995180729694246;0.999996370953439;0.9986225005394701;0.9983850669765957;1.0;0.9999446277751538;0.9999343136667295;1.0029350940774353;0.9999972366910103;0.9999999999999999;0.9999953999990482;0.9999997188733492;1.024999976158142;
2016-07-08 17:45:00;1.0004079480089678;0.9999788441946994;0.9999947685863648;1.0007411888913766;1.0;1.0009958106832284;1.0029999169676256;1.00061189951221;0.9999914046799967;1.0019507035085877;1.0;1.0;1.0;1.0009629401429752;1.0;1.0002328651834838;1.0002657803033248;1.0;1.0023235836233173;0.9999940031620765;0.9999999999999999;0.9999839616057666;1.000257036904479;1.002794464241001;1.0030829660495644;0.9999965511768513;0.9999870489204224;1.001245676670749;1.0008253072271682;1.0;0.9996371077335261;0.9995388112598816;0.9999947455674516;0.998679197676959;0.9984193433560062;1.0;0.9999464482824932;0.9999373092044778;1.002979616259925;0.9999960250862886;1.0;0.9999933049497027;0.9999996428950064;1.024999976158142;
2016-07-08 18:00:00;1.000401181617669;0.9999693646146077;0.9999946961944554;1.0007304783794337;1.0;1.0009819604222008;1.00295829645688;1.0006044957948133;0.9999930575000585;1.0019214642708933;1.0;1.0;1.0;1.0009483604941392;1.0;1.0002301859562017;1.0002626900083933;1.0;1.0022896429918349;0.999994980685096;1.0;0.9999814193330901;1.0002540427747404;1.0027557450040656;1.0030401980777446;0.9999969474024558;0.9999850315891831;1.0012275527406138;1.0007869264182863;1.0;0.9996284331124107;0.999542431828923;0.9999936485348933;0.9987108519483596;0.9984559300117215;1.0;0.9999521134745147;0.9999425932213403;1.002937861478749;0.9999949824769956;1.0;0.9999944003450507;0.9999991629304529;1.024999976158142;
2016-07-08 18:15:00;1.0003999280980311;0.9999565641809015;0.9999924346533866;1.0007289787415514;1.0;1.0009803779659932;1.002967881771315;1.000600215125627;0.9999895395943182;1.0019228962927271;1.0;1.0;1.0;1.000945237617601;1.0;1.000226563553526;1.000258724404969;1.0;1.0022929403504874;0.9999927803191273;1.0;0.9999722314382026;1.0002501012410965;1.0027646323344428;1.0030502837858057;0.9999961701725788;0.9999773753947715;1.00122649401744;1.0007794879161784;0.9999999999999999;0.9996345675377047;0.9995599061894208;0.9999910946752931;0.9987759443365773;0.9985403912093691;0.9999999999999999;0.9999544780863534;0.9999453389349491;1.0029469060634812;0.9999930098811817;1.0;0.9999917484223755;0.9999989122439509;1.024999976158142;
2016-07-08 18:30:00;1.000408598109111;0.9999604298360694;0.9999923010632785;1.0007446461721026;1.0;1.001002099103737;1.0030347784306226;1.0006126654952348;0.9999893366833601;1.001967421212584;1.0;1.0;1.0;1.0009662036475222;1.0;1.0002299386122575;1.0002628167111054;1.0;1.0023463173464793;0.9999924122919299;1.0;0.9999757351615718;1.0002540648029996;1.0028266864738578;1.0031190437449826;0.9999955548437788;0.9999808428619984;1.0012541764074798;1.0008083416691063;1.0;0.9996223038346105;0.9995353523672849;0.9999910983996775;0.998692271709377;0.9984199157331223;1.0;0.9999538673902661;0.9999439343100287;1.0030134591953506;0.9999930253159863;1.0;0.9999914939888089;0.9999989365283608;1.024999976158142;
2016-07-08 18:45:00;1.000413267273104;0.9999503786484265;0.9999902130698691;1.0007542924981951;1.0;1.0010154176080004;1.0030823718734698;1.0006204281968403;0.9999865436444333;1.0019959428809446;0.9999999999999999;0.9999999999999999;1.0;1.000978255509673;0.9999999999999999;1.0002336089493;1.0002669332631247;1.0;1.0023817146398055;0.9999907060870054;1.0;0.999970885274135;1.0002580767130553;1.0028710342353975;1.0031678910340032;0.9999950790294042;0.9999775552457406;1.0012713290933057;1.000781676442218;1.0;0.9995911699673798;0.9995160863804768;0.9999884491000112;0.9986682436806096;0.9984022141965557;1.0;0.9999535742294631;0.9999432600287589;1.0030603455848022;0.9999909257675509;1.0;0.9999893708951487;0.9999985748320163;1.024999976158142;
2016-07-08 19:00:00;1.0004080134600286;0.999961588057639;0.9999922748829282;1.0007431998890373;1.0;1.0010003319131202;1.0030326716685876;1.0006099579953156;0.9999889061319219;1.001965587919824;0.9999999999999999;1.0;1.0;1.0009643021134687;1.0;1.000227253030824;1.0002599358611437;0.9999999999999999;1.0023441645688056;0.9999920602221246;1.0;0.9999752317245041;1.000251217794847;1.0028246199653381;1.0031170190398426;0.9999952209339272;0.9999802035256594;1.001252371561392;1.00077349336216;1.0;0.9996051027991246;0.9995325770816124;0.9999913460061668;0.9987134309763515;0.9984691210914639;1.0;0.9999534090525901;0.9999434759769055;1.0030114116836626;0.9999932643746827;0.9999999999999999;0.9999911674614681;0.9999990520153818;1.024999976158142;
2016-07-08 19:15:00;1.0004146570833155;0.9999387514209906;0.9999880613935705;1.0007579280676409;1.0;1.0010203217763924;1.0031045557174698;1.0006232702349125;0.9999834894792254;1.0020074814493256;1.0;1.0;1.0;1.000982262812427;1.0;1.000236037111028;1.0002695216876303;1.0;1.002396726534048;0.9999889561095664;1.0;0.9999642450789604;1.0002606082887806;1.0028918269064406;1.0031906221791673;0.9999948143343759;0.9999725462703442;1.0012778457487652;1.0008509309655498;1.0;0.999606859906177;0.9994971532208524;0.9999857413440766;0.9985548459866823;0.9982933773233028;1.0;0.9999531706234348;0.9999432375501186;1.0030819592597602;0.9999887932502319;1.0;0.9999871116569332;0.9999982306641217;1.024999976158142;
2016-07-08 19:30:00;1.0003963313994064;0.9999369921686411;0.9999876063170712;1.000724787058503;0.9999999999999999;1.0009761477221484;1.0029764597585495;1.0005945796896192;0.9999827752685925;1.001922992303446;0.9999999999999999;0.9999999999999999;1.0;1.0009389799335622;1.0;1.0002237736438855;1.0002556823214679;1.0;1.0022966267965185;0.9999884544872408;1.0;0.9999630635787448;1.0002471798463544;1.002772487142716;1.003059046337146;0.9999945230920348;0.9999716420723519;1.0012230414343664;1.000843674664319;1.0;0.9996548037956561;0.9995483332778538;0.9999852641205308;0.9986855186027729;0.9984353626185517;1.0;0.9999537265868792;0.9999442063183468;1.0029545982080839;0.9999884280984278;1.0;0.9999865524957264;0.9999981903990466;1.024999976158142;
2016-07-08 19:45:00;1.0003926536914702;0.9999579208765497;0.9999903620954489;1.000715611220621;1.0;1.000963409311488;1.0029289085340523;1.0005861271500254;0.9999854540032446;1.0018971374024994;1.0;1.0;0.9999999999999999;1.0009283955245196;1.0;1.0002187413790953;1.000250190021309;0.9999999999999999;1.0022636095394752;0.999989982738781;1.0;0.9999729391406696;1.0002418323465483;1.0027280140499364;1.0030102639662164;0.9999946129577052;0.9999791226861444;1.001207207931537;1.000884248735623;0.9999999999999999;0.9996800410197544;0.9995483137313231;0.9999894198749872;0.9986362354280139;0.9983615777865379;1.0;0.9999537813187352;0.9999446421736989;1.0029081794559984;0.9999918268298328;1.0;0.999988627339696;0.9999989586150244;1.024999976158142;
2016-07-08 20:00:00;1.0003944234670625;0.9999511771361738;0.9999895757472713;1.0007199534868771;0.9999999999999999;1.0009688707696818;1.0029420671678109;1.0005925629917365;0.9999850250881033;1.0019054507994294;1.0;1.0;1.0;1.0009338312160154;0.9999999999999999;1.000224955882741;1.0002568453604934;1.0;1.0022738921020862;0.999989951198989;1.0;0.9999711091377704;1.0002483951948606;1.0027405275544088;1.0030234984315662;0.9999951621455176;0.9999781773209074;1.001213423617804;1.000892937703531;1.0;0.9996492864565405;0.999496306661513;0.9999879186283274;0.9984665344294936;0.9981926854303884;0.9999999999999999;0.9999542396567264;0.999945100507501;1.0029210085440912;0.9999905661105885;0.9999999999999999;0.9999883378292204;0.9999986182403025;1.024999976158142;
2016-07-08 20:15:00;1.000383388325773;0.999950714994311;0.9999887461379258;1.000699502567838;1.0;1.000942173893483;1.0028732379776097;1.0005716613414979;0.9999830758193728;1.0018585932000252;1.0;1.0;1.0;1.0009070317576763;1.0;1.0002127453796017;1.0002434058122964;1.0;1.0022188958561726;0.9999885017113465;0.9999999999999999;0.9999689135465996;1.0002352560352672;1.0026761540472802;1.0029530701368838;0.9999941050814977;0.9999762374449741;1.0011813124279292;1.0008805038155881;0.9999999999999999;0.9996991248709134;0.9995682042460826;0.9999874982435479;0.9986860254541917;0.9984341781951127;1.0;0.9999543372817312;0.999945610940823;1.0028525726915996;0.9999903263743596;1.0;0.9999868332729887;0.9999987390538816;1.024999976158142;
2016-07-08 20:30:00;1.00037343669584;0.999955952302511;0.9999898791363995;1.0006810163888626;1.0;1.0009188658089418;1.0028091492729492;1.0005530215539813;0.9999851509706632;1.0018161625947983;1.0;1.0;1.0;1.0008832578683664;1.0;1.0001990768843634;1.0002286133436198;1.0;1.0021687638625096;0.9999892314040014;1.0;0.999972271125231;1.0002207566629;1.0026159555956218;1.002887647608489;0.9999932254587446;0.9999786134274099;1.0011527872015904;1.000860838751537;1.0;0.9996998604407684;0.9995683157746038;0.9999889365417722;0.9986840166124431;0.9984535005660582;1.0;0.9999531706234348;0.9999432375501186;1.002788993277868;0.9999914310004676;1.0;0.9999881537070829;0.9999988681755583;1.024999976158142;
2016-07-08 20:45:00;1.0003744699028323;0.9999415174161413;0.9999876815555283;1.0006848713844632;1.0;1.00092318822156;1.0028199461006306;1.0005604628191105;0.9999827459981411;1.0018218104166614;1.0;1.0;0.9999999999999999;1.0008875994083002;1.0;1.000208869742762;1.000238961394507;1.0;1.0021764498124908;0.9999882468685294;1.0;0.9999665068110982;1.0002309861016787;1.0026265357193052;1.0028982239696367;0.9999940390419277;0.999974901106317;1.001157457184634;1.0008671255931807;1.0;0.9996989220184078;0.9995646716867103;0.9999855409639711;0.9986698473768849;0.9984180512479208;1.0;0.9999544048364656;0.9999448845614758;1.0027992034857143;0.9999886679752629;1.0;0.9999864691440631;0.9999982672120308;1.024999976158142;
2016-07-08 21:00:00;1.0003666100803597;0.9999492874787649;0.9999912795530259;1.000670364430079;1.0;1.0009027579849195;1.0027380102070895;1.0005532479798667;0.9999893796225866;1.0017721141980285;0.9999999999999999;1.0;1.0;1.0008690956057709;1.0;1.0002091764196195;1.000238916771324;1.0;1.0021151104556196;0.9999925653610715;1.0;0.9999730502682678;1.0002310203991593;1.002550517510387;1.0028138291468827;0.9999959982205625;0.9999793949030792;1.001129532576108;1.0008655522522723;1.0;0.9997296418611402;0.9995951690848496;0.9999888715037343;0.9987441326260796;0.998494351362549;1.0;0.9999546432661652;0.9999451229889055;1.0027181186266032;0.9999911144601272;1.0;0.9999914687495227;0.9999983538841523;1.024999976158142;
2016-07-08 21:15:00;1.0003733329048337;0.9999513244448734;0.9999898220357457;1.0006820072380174;1.0;1.0009178349347034;1.0027859042965104;1.0005625333582668;0.9999857824045401;1.0018043188345793;0.9999999999999999;0.9999999999999999;1.0;1.0008846289703581;1.0;1.0002148150491328;1.000245137819702;1.0;1.0021534799784093;0.999990515362506;1.0;0.9999726320050186;1.0002371264409833;1.0025952058233212;1.0028628544316562;0.9999955642746611;0.9999796979420114;1.0011492958621193;1.0008544332089298;1.0;0.999692172831635;0.9995548625678706;0.9999878984631575;0.9986395070467772;0.9983839912801086;1.0;0.9999544048364657;0.9999448845614759;1.0027658251859235;0.9999905030389082;1.0;0.9999889256748693;0.9999985256408808;1.024999976158142;
2016-07-08 21:30:00;1.0003682488318295;0.9999545492236398;0.9999898156679717;1.0006720583032158;1.0;1.0009046015561602;1.002749579706277;1.0005522294969593;0.9999850536517526;1.0017806639185658;1.0;1.0;1.0;1.0008717523069774;0.9999999999999999;1.0002088566493168;1.000238570769802;1.0;1.0021251752198221;0.9999899633120598;1.0;0.9999727461158338;1.0002307047197527;1.0025612502868289;1.002825678823175;0.9999951127392993;0.9999795469879622;1.0011333579719985;1.0008571222253628;0.9999999999999999;0.9997256061576291;0.9995974017551412;0.9999883923134482;0.9987616647508032;0.9985111587954135;1.0;0.9999544780863532;0.9999453389349485;1.0027298788696515;0.9999909701507604;1.0;0.9999883872913938;0.9999987375054242;1.024999976158142;
2016-07-08 21:45:00;1.0003671004538082;0.9999435334810484;0.9999880029200298;1.0006714450995522;1.0;1.0009046384097917;1.0027580648894867;1.0005511485881873;0.9999832634464418;1.0017832424124584;1.0;1.0;0.9999999999999999;1.0008703660071792;1.0;1.0002076680695362;1.0002373251272751;1.0;1.0021299422174186;0.9999887212965418;1.0;0.9999683030864192;1.000229486777352;1.002569071886691;1.002834428486938;0.9999945389616143;0.9999765520156142;1.0011338148020263;1.0008755489875059;1.0;0.9997386663909418;0.9996069514020383;0.9999858302887349;0.9987782583002973;0.9985296927258591;1.0;0.9999562253741696;0.9999478801432702;1.002737851704136;0.9999888828929766;1.0;0.9999869052399335;0.9999982793054596;1.024999976158142;
2016-07-08 22:00:00;1.0003597960839046;0.9999644722752631;0.9999914961300276;1.0006558434476607;1.0;1.0008823426219664;1.0026729524662525;1.000540344091019;0.9999873439106035;1.0017341843503778;1.0;1.0;1.0;1.0008513995343056;0.9999999999999999;1.0002054423699338;1.0002345700849422;1.0;1.0020684852311212;0.9999914344684494;1.0;0.9999787673024481;1.0002268885095205;1.0024899356949373;1.0027468020653556;0.9999956891603191;0.9999843574351255;1.0011049782101473;1.0008478344874547;1.0;0.9997565952515836;0.9996351885383307;0.9999904671384302;0.9988677473389197;0.9986419304250718;0.9999999999999999;0.9999564638046715;0.9999481185717822;1.0026541527958346;0.9999926077457609;1.0;0.9999901475062558;0.9999990080401082;1.024999976158142;
2016-07-08 22:15:00;1.0003643984354496;0.99994426318418;0.9999873505627082;1.0006661529967034;1.0;1.000897036871712;1.0027364764602529;1.000546526350437;0.9999814263567111;1.0017694517451952;1.0;1.0;1.0;1.000863556998516;1.0;1.0002072038672303;1.0002366360132011;1.0;1.0021133977999905;0.9999877532041797;1.0;0.9999672991008671;1.0002288582971572;1.0025490756315063;1.002812148376725;0.9999944783257042;0.9999758537602222;1.0011247061871444;1.0008691359987925;1.0;0.9997409802180118;0.9996101325099224;0.9999854609170055;0.9987876667610794;0.9985499487633097;1.0;0.999955712298284;0.9999469859453763;1.0027164604841146;0.9999886799703911;1.0;0.9999856568460039;0.9999984001369885;1.024999976158142;
2016-07-08 22:30:00;1.0003695056486506;0.9999418180595242;0.9999867636294976;1.0006758133244122;1.0;1.0009105387291948;1.0027810936555541;1.0005538467849475;0.999980793948831;1.0017975633713552;1.0;1.0;1.0;1.0008760722959407;1.0;1.0002089010911481;1.0002387246365616;1.0;1.0021475511679223;0.9999872241089649;1.0;0.999966589317985;1.0002308574437195;1.0025905005381728;1.0028580599435137;0.9999940482745664;0.9999755558674228;1.001141930485951;1.0008815664884199;1.0;0.999714515597277;0.9995699770621199;0.9999847140221834;0.9986625401984428;0.9984304352050074;1.0;0.9999558531062718;0.9999467139423003;1.0027606584561004;0.9999880789835994;1.0;0.9999851040941616;0.9999982808754344;1.024999976158142;
2016-07-08 22:45:00;1.000358225363844;0.999946734905701;0.9999864753183719;1.0006543868057514;1.0;1.0008818614834771;1.0026996322727835;1.0005337054155437;0.999979224144031;1.001744898856473;1.0;1.0;1.0;1.0008484891005398;1.0;1.0001993212992486;1.0002280294388994;1.0;1.0020847574542784;0.9999861692461609;1.0;0.9999673884556802;1.0002204597118958;1.0025144959590113;1.0027744533725693;0.999993425022947;0.9999761969769114;1.0011070480428383;1.000855356088494;1.0;0.9997668134797586;0.9996522843162614;0.9999851002731591;0.9989231172365415;0.99870168680765;0.9999999999999999;0.9999563905503602;0.9999476641915338;1.0026799227248189;0.9999885076266448;1.0;0.9999839700071385;0.9999985673667235;1.024999976158142;
2016-07-08 23:00:00;1.000369106131313;0.9999512823300656;0.9999865065615628;1.0006733170493174;1.0;1.0009063718746807;1.0027690349468348;1.000550047835629;0.999978258762424;1.001791979779422;1.0;1.0;0.9999999999999999;1.0008733962027327;0.9999999999999999;1.0002078614958017;1.0002374962416685;1.0;1.002139918296063;0.9999857853187244;1.0;0.9999683201438709;1.0002296864162372;1.0025792889512917;1.0028456267934742;0.9999936556742574;0.9999769232223717;1.0011376958802172;1.000857296696552;1.0;0.9997530764586419;0.9996454891773605;0.999985622164542;0.9989205404579639;0.9986825655675207;0.9999999999999999;0.9999563114460186;0.9999471722778581;1.0027491255483252;0.9999890136872522;1.0;0.9999833962983392;0.9999988149803104;1.024999976158142;
2016-07-08 23:15:00;1.0003539641345935;0.9999414349343289;0.9999834658644768;1.000646481831413;1.0;1.000871586615024;1.0026856398388335;1.0005230522071944;0.9999731409085135;1.0017329175953158;1.0;1.0;0.9999999999999999;1.0008378793432355;0.9999999999999999;1.0001934952341212;1.0002215953942715;1.0;1.0020720010389481;0.9999823776445813;1.0;0.9999614379076713;1.000214184016676;1.0025013381371617;1.0027601848115804;0.9999919745500938;0.9999718931681231;1.0010962603051379;1.0008495731831117;1.0;0.9997954446565235;0.9996984647869162;0.9999825196052411;0.9990709622402262;0.9988484499929474;0.9999999999999999;0.9999568488935704;0.9999481225307442;1.0026658129239912;0.9999866706394063;1.0;0.9999794947468744;0.9999986121921537;1.024999976158142;
2016-07-08 23:30:00;1.0003480434370564;0.9999304143154174;0.9999821638419781;1.00063695449245;1.0;1.0008591334072598;1.0026542452819525;1.000514955627451;0.9999719761269221;1.0017094527214991;1.0;1.0;1.0;1.0008246930327345;1.0;1.0001904109970667;1.0002180448479976;1.0;1.002045241162683;0.999981669588859;1.0;0.9999559118021552;1.0002107307279793;1.002472160467541;1.0027279534559734;0.9999918682476555;0.9999675170817048;1.001080719499756;1.0008422772105872;1.0;0.9998019295531808;0.999706507970335;0.9999805335707898;0.9990934295343309;0.9988973298510694;1.0;0.9999566837142319;0.9999483384795074;1.0026341954055857;0.9999850408609178;1.0;0.9999785513773561;0.999998234660769;1.024999976158142;
2016-07-08 23:45:00;1.0003490464162907;0.9999253486157671;0.9999814704288605;1.0006393651716539;1.0;1.0008642897458975;1.0026842004607501;1.0005126963596547;0.9999716303734111;1.0017251967081269;1.0;1.0;1.0;1.0008274104986423;1.0;1.0001827005907793;1.0002100701032686;1.0;1.0020657306216967;0.999980876696833;1.0;0.999953518548409;1.0002028064997694;1.0024995315390095;1.0027592324263335;0.9999904779462435;0.9999654946402108;1.001088241438094;1.000835218644335;1.0;0.9997904585223885;0.9997003182644967;0.999979664851111;0.9990880820399936;0.9988789999067552;0.9999999999999999;0.9999566837142319;0.9999483384795073;1.0026636425548794;0.9999843169609957;1.0;0.9999780128707841;0.9999980484837748;1.024999976158142;
2016-07-09 00:00:00;1.0003449408509262;0.9999474151054264;0.9999856667366104;1.0006298450345765;1.0;1.0008491483406452;1.0026079914680202;1.000511039622623;0.9999772374635886;1.0016845553371707;1.0;1.0;1.0;1.0008165570401177;1.0;1.0001888806771637;1.0002163325408147;1.0;1.0020132811094316;0.9999848567356784;1.0;0.999966260013531;1.0002090917393789;1.0024290348150848;1.002680385011259;0.9999927641340914;0.9999753632156436;1.0010670995001199;1.000831088978438;1.0;0.999812386746081;0.9997199956388418;0.9999846797252541;0.9991320656749151;0.9989315413431622;1.0;0.999957239681015;0.9999493072531529;1.0025889113376734;0.9999882689307743;1.0;0.9999824908208287;0.9999986903884739;1.024999976158142;
2016-07-09 00:15:00;1.0003443312768998;0.9999459584818173;0.9999844843928455;1.00062866051068;1.0;1.0008473904514952;1.0026066717936735;1.000509335957584;0.9999748123484012;1.0016833446071065;1.0;1.0;0.9999999999999999;1.0008149731212799;1.0;1.0001889175581107;1.0002163031624909;1.0;1.002012199834145;0.9999834281212717;0.9999999999999999;0.9999645140476252;1.0002090918075608;1.0024278451182997;1.002678959071162;0.9999924064585181;0.9999742979485268;1.0010655295502175;1.0008270895278273;1.0;0.9998217809114034;0.9997373554272848;0.9999836585847176;0.9991902826067314;0.9989822422526733;1.0;0.9999563114460186;0.9999471722778581;1.0025875654233065;0.9999875430956946;1.0;0.9999807272451857;0.9999987101333893;1.024999976158142;
2016-07-09 00:30:00;1.0003400276775438;0.9999549002746139;0.9999887861251587;1.0006209362159186;1.0;1.0008379996662031;1.0025655257436694;1.0005048806550174;0.9999835266996314;1.0016585109383815;0.9999999999999999;1.0;1.0;1.0008054063090355;1.0;1.0001836806714208;1.0002107607386217;1.0;1.001981535509452;0.9999884104513316;1.0;0.9999736006445772;1.000203627571091;1.0023892407100075;1.002636919343187;0.9999933578973095;0.9999807994989147;1.0010519204469028;1.000817071422563;0.9999999999999999;0.9998216277574811;0.9997346425746407;0.9999875648156974;0.9991785154430918;0.9989659240670489;1.0;0.9999591406064231;0.9999504142235975;1.0025468926117256;0.9999903540616752;1.0;0.9999869882579486;0.9999987003341262;1.024999976158142;
2016-07-09 00:45:00;1.0003342375667448;0.9999434081853351;0.999986171837276;1.0006113807275219;0.9999999999999999;1.0008260849400654;1.0025458611933644;1.000493890101336;0.9999795469855531;1.0016413282731917;1.0;1.0;1.0;1.0007922442262684;0.9999999999999999;1.000177053015118;1.0002034784263973;1.0;1.0019631234787747;0.9999858061332659;0.9999999999999999;0.9999664475110704;1.000196501069483;1.00237076761262;1.0026168947864194;0.999992202835468;0.9999753960081272;1.001038357847226;1.0008101118794166;1.0;0.9998360120047878;0.9997577347729594;0.9999846129592145;0.9992521840059245;0.9990604568013377;1.0;0.99995912905292;0.9999491959204155;1.002526874925103;0.9999880702839187;1.0;0.9999839406642285;0.9999984033865361;1.024999976158142;
2016-07-09 01:00:00;1.000321589170796;0.9999387603601103;0.9999862657200551;1.0005889571879263;1.0;1.0007938174556466;1.0024347047786257;1.000480925160281;0.9999798739424695;1.0015706382297924;1.0;1.0;1.0;1.0007627154002818;1.0;1.0001808063082465;1.0002066660311606;1.0;1.0018777259475014;0.9999867814699378;1.0;0.9999641134187451;1.0001998211570626;1.0022680090867537;1.0025020864845222;0.9999941495323401;0.9999734603585073;1.0009963225396545;1.0007748520866317;1.0;0.9998681255640969;0.9998073601273129;0.9999841468791056;0.9994081864004983;0.999272337318975;1.0;0.9999590614986713;0.9999499223053765;1.0024164052613573;0.9999876510186706;1.0;0.9999844728832712;0.9999982446179713;1.024999976158142;
2016-07-09 01:15:00;1.0003178155956898;0.9999483305901472;0.9999877465027315;1.000581189362885;1.0;1.000782835372874;1.0023924376035707;1.0004758320223337;0.9999817319596218;1.0015464475329332;1.0;1.0;0.9999999999999999;1.0007532722364527;1.0;1.0001800433934358;1.0002056785859375;1.0;1.0018475737917465;0.9999879956441752;1.0;0.9999695588329732;1.0001989180997892;1.0022287004088493;1.002458528370781;0.9999946547144971;0.9999777783759962;1.0009821094172433;1.0007604695585535;1.0;0.9998833288962597;0.9998315643643299;0.9999860785735037;0.9994850864443389;0.9993617079164132;1.0;0.9999594465905663;0.9999499262675754;1.0023748187482233;0.9999891901492807;1.0;0.999985921585626;0.9999985240577564;1.024999976158142;
2016-07-09 01:30:00;1.0003194402719808;0.9999262226054585;0.9999844708532003;1.0005869185506;0.9999999999999999;1.0007918236103945;1.0024349420008463;1.0004798805381718;0.9999784840735172;1.0015679114812661;1.0;0.9999999999999999;0.9999999999999999;1.0007594420941126;0.9999999999999999;1.0001808972484771;1.000206733851855;1.0;1.0018762195663473;0.9999858643882719;1.0;0.999959733667527;1.0001999162350665;1.0022682446466507;1.0025022573160665;0.9999938713641693;0.9999706452385496;1.0009938877794697;1.0007763130817908;0.9999999999999999;0.9998814055643013;0.9998272152208002;0.9999813396867583;0.999469761932227;0.9993359010665444;1.0;0.9999600572918765;0.9999513309010515;1.0024161090759847;0.9999853272212043;1.0;0.9999833021515256;0.999997672322716;1.024999976158142;
2016-07-09 01:45:00;1.000310307582541;0.9999351633346434;0.99998734245422;1.000569673811178;1.0;1.0007691063468502;1.0023600386422322;1.0004655493681864;0.999983475304654;1.0015206143849236;1.0;1.0;0.9999999999999999;1.0007373968852329;1.0;1.000172342689031;1.0001973313505799;1.0;1.00181888795117;0.9999887050967726;1.0;0.9999656441233252;1.0001907196983992;1.0021982730523906;1.0024255127735653;0.9999943218322334;0.9999746276423314;1.0009646827251852;1.0007514433943783;0.9999999999999999;0.9998858637230424;0.9998343711441561;0.9999844099380815;0.999492396386518;0.9993735169879046;1.0;0.999959837377937;0.999951110989031;1.0023419643756766;0.9999876530396921;1.0;0.9999869288847132;0.9999978866958759;1.024999976158142;
2016-07-09 02:00:00;1.0003084633877375;0.9999466936518687;0.9999889699482349;1.0005650574216847;1.0;1.0007610727862724;1.0023190901096903;1.0004656366006608;0.9999849344483704;1.001499152029044;1.0;1.0;1.0;1.0007322903707758;1.0;1.0001781434908812;1.0002032739166447;1.0;1.0017910255888105;0.9999900860244183;0.9999999999999999;0.9999714690755089;1.0001966554825197;1.0021605432344267;1.0023829978611745;0.9999956611181785;0.9999793004374223;1.0009536132984849;1.0007375715463485;0.9999999999999999;0.9998832952923262;0.9998305321092426;0.9999865915869767;0.9994803904560449;0.9993573326634149;1.0;0.9999596850224886;0.9999501646972279;1.0023018323342312;0.9999894346307225;1.0;0.9999882920617182;0.9999982849177703;1.024999976158142;
2016-07-09 02:15:00;1.0003045845441958;0.9999552112713674;0.9999910214212369;1.000557144456315;1.0;1.000749198484579;1.002268561544284;1.0004620797563937;0.9999878374777859;1.0014699766094408;1.0;1.0;1.0;1.0007224409722844;1.0;1.0001801206296146;1.0002051137828474;1.0;1.001754300978735;0.9999921649536723;1.0;0.9999760808103056;1.0001985278864325;1.0021137650361316;1.0023308516047404;0.9999969192619367;0.9999825612783919;1.0009375043196642;1.0007165205431698;1.0;0.9999016827807704;0.9998626513552115;0.9999889403042487;0.9995862338228076;0.9994987837704886;1.0;0.9999594465905665;0.9999499262675756;1.002252049916149;0.9999912676230467;1.0;0.9999906003391442;0.9999985514832291;1.024999976158142;
2016-07-09 02:30:00;1.0002998820351046;0.9999485329722624;0.9999902395827251;1.0005494700337938;1.0;1.0007397771767992;1.0022478856455184;1.0004544393645776;0.9999873519906768;1.0014538577725782;1.0;1.0;0.9999999999999999;1.0007120432824637;1.0;1.0001749843608876;1.0001995161108992;1.0;1.001736339234108;0.9999916792774225;1.0;0.999973237298826;1.0001930429385226;1.0020943485810327;1.002309764205738;0.9999964284074712;0.9999803799554627;1.000926085581856;1.0007132888419503;1.0;0.999908331796955;0.9998705558452412;0.9999877058676669;0.9996080504667116;0.9995238656028466;0.9999999999999999;0.9999596850224882;0.9999501646972274;1.0022311835290154;0.9999902411282905;1.0;0.9999901177074045;0.9999982910337452;1.024999976158142;
2016-07-09 02:45:00;1.0002960583088996;0.9999489372783624;0.9999900222045707;1.0005422751043578;1.0;1.000730405499384;1.0022241607307298;1.0004468084185085;0.9999867017542632;1.0014376483032925;1.0;1.0;0.9999999999999999;1.000702618531488;0.9999999999999999;1.0001702545914875;1.000194329081936;1.0;1.0017172953768896;0.999991173835509;1.0;0.9999725586749434;1.000187964745287;1.002072131655895;1.002285519532558;0.9999960162532777;0.999979711519662;1.0009148696940262;1.0007071113812664;0.9999999999999999;0.9999186345881518;0.9998856735226083;0.9999877006626956;0.99965468568567;0.9995961068585385;1.0;0.9999594465905667;0.9999499262675761;1.0022076111297265;0.9999902772129504;1.0;0.9999896125593809;0.9999983670339981;1.024999976158142;
2016-07-09 03:00:00;1.0002979975797635;0.9999586107009308;0.9999909318092789;1.0005443871292257;0.9999999999999999;1.00073206033306;1.0022207507023302;1.0004494576629288;0.9999868118259977;1.0014388315061198;1.0;1.0;1.0;1.000705914350484;1.0;1.0001736398146939;1.0001979049173546;0.9999999999999999;1.0017170603920835;0.9999914774801235;1.0;0.9999760114546677;1.0001914955080278;1.0020691372920196;1.0022818483502327;0.9999965046678881;0.9999822749236554;1.0009167379149895;1.0007048010583959;1.0;0.9999232513247807;0.9998937807586163;0.9999893985915416;0.999681486372273;0.9996331263892767;1.0;0.999960906428287;0.9999529739713375;1.0022046954056465;0.999991723870944;1.0;0.9999898703809887;0.9999987915803905;1.024999976158142;
2016-07-09 03:15:00;1.0002946318333694;0.9999622090139701;0.9999921551380818;1.0005381560367974;0.9999999999999999;1.000724143314485;1.0021945377099608;1.0004442297138794;0.9999891757654319;1.0014223476043327;1.0;1.0;1.0;1.0006980240472845;1.0;1.0001698090767932;1.0001937630330875;1.0;1.0016971726164738;0.999992753786883;1.0;0.9999790319787285;1.000187438230662;1.0020445720147884;1.0022550296140258;0.9999965793163726;0.9999844916666353;1.000906522080929;1.000695524050382;1.0;0.999930195878013;0.9999051565234444;0.9999906224872888;0.9997180506625866;0.9996785313848502;1.0;0.999958768334658;0.9999492480181248;1.0021787474857122;0.9999926273133621;1.0;0.9999915435551947;0.999998831830552;1.024999976158142;
2016-07-09 03:30:00;1.0002942774772985;0.9999618060853803;0.9999925489527985;1.0005375062997768;1.0;1.000722714906972;1.0021861977106539;1.0004449279923726;0.9999898287805882;1.0014172660019809;1.0;1.0;1.0;1.0006970481779542;1.0;1.000171805494508;1.000195805453636;1.0;1.0016906475559448;0.9999933337705994;1.0;0.99997855728933;1.0001894497507722;1.0020369777811395;1.0022463719575485;0.9999971381009277;0.9999838526696788;1.0009041949550141;1.0006927099513179;0.9999999999999999;0.9999265081716064;0.9998993981567752;0.9999909374950804;0.9996998239468643;0.9996545357785892;1.0;0.9999598373779369;0.9999511109890309;1.002170475825079;0.9999928571947011;1.0;0.9999921010626821;0.9999988371591017;1.024999976158142;
2016-07-09 03:45:00;1.0002997737434107;0.9999626368690127;0.9999919111929645;1.0005474656025635;1.0;1.0007362588363944;1.0022286150611253;1.0004529321262299;0.9999885929954874;1.0014453397096759;1.0;1.0;0.9999999999999999;1.000710272738817;1.0;1.0001749510722588;1.0001994250588166;1.0;1.0017243451916318;0.9999925194099689;1.0;0.999979313759189;1.0001929792147095;1.0020764231857968;1.0022899054168681;0.9999967451713868;0.9999849427610348;1.00092158163729;1.0006944027292974;0.9999999999999999;0.9999123610488042;0.9998858942591431;0.9999903957612735;0.9996679081584465;0.9996162229308804;1.0;0.9999598921115582;0.9999515468500576;1.0022126441218675;0.99999246822949;0.9999999999999999;0.9999911689817842;0.999998840128284;1.024999976158142;
2016-07-09 04:00:00;1.00029879749802;0.9999577918589706;0.999991204969096;1.0005462937164016;1.0;1.0007348149335888;1.002226662449385;1.0004521790603311;0.999987862001541;1.0014429287176068;1.0;1.0;1.0;1.0007084894618443;1.0;1.000175118918329;1.0001995603911236;1.0;1.0017220415812913;0.9999920935531907;1.0;0.9999771444634153;1.000193123097232;1.0020746423785227;1.0022878675945175;0.9999966934779712;0.9999833824871609;1.0009198119578038;1.0006915147538662;0.9999999999999999;0.9999150408753685;0.999891682248962;0.9999893555346493;0.9996881703441224;0.9996341912681813;1.0;0.9999592814092876;0.9999501422139828;1.0022105124574896;0.9999916223463836;1.0;0.9999906024967595;0.9999986570964875;1.024999976158142;
2016-07-09 04:15:00;1.000298791343153;0.9999549914835246;0.9999903733424825;1.000546130055418;1.0;1.0007344520978887;1.002230647749923;1.0004506013015515;0.9999860390631069;1.0014441735052018;1.0;1.0;1.0;1.0007079103879026;1.0;1.0001740832879467;1.0001983954421627;0.9999999999999999;1.0017238072256702;0.9999910227447157;1.0;0.999973767069714;1.0001919608746317;1.0020783788391416;1.0022920385205552;0.9999964079255811;0.9999804581704705;1.0009198440923859;1.0006942821417062;1.0;0.9999163878918124;0.9998927584009625;0.9999886849661868;0.9996902966632943;0.9996380418185942;1.0;0.9999592266768752;0.9999497063559782;1.0022143913796997;0.9999911604185295;1.0;0.9999892941609505;0.9999986981569392;1.024999976158142;
2016-07-09 04:30:00;1.0002988394092265;0.9999618176560969;0.999992285957129;1.0005458644761858;1.0;1.0007341502644405;1.002221675537131;1.000451650041166;0.9999894420800172;1.001440416870755;1.0;1.0;0.9999999999999999;1.0007080197130138;1.0;1.0001740465453135;1.0001984224002378;1.0;1.0017184265926125;0.9999930300499138;1.0;0.9999789291033847;1.0001919838723123;1.002069961273039;1.0022828301112476;0.9999969053397627;0.9999843734625268;1.000918685741947;1.0006933429438598;1.0;0.9999173571867789;0.9998929150180789;0.9999906657129539;0.9996891235281606;0.9996342447728563;1.0;0.9999598373779368;0.9999511109890309;1.0022057129022532;0.9999926477163447;1.0;0.9999917844373706;0.9999988113158774;1.024999976158142;
2016-07-09 04:45:00;1.0002965167037676;0.9999534004890994;0.9999900415661267;1.0005422722568798;1.0;1.0007296844314884;1.0022195634565916;1.0004468113300358;0.9999857273188574;1.0014361499246782;1.0;1.0;1.0;1.0007028555789261;0.9999999999999999;1.000171641647426;1.000195740071968;1.0;1.001714761365925;0.9999907348770549;1.0;0.9999733325350141;1.0001893689057662;1.0020679630048253;1.0022807024549174;0.99999612645747;0.9999802596744195;1.0009141401955706;1.0006984987066307;1.0;0.9999220146248098;0.9998960365956135;0.9999882366916918;0.9996937876378486;0.9996387442260426;1.0;0.9999596850224884;0.9999501646972274;1.0022032790715123;0.9999907954470532;0.9999999999999999;0.9999890123667377;0.9999986184046041;1.024999976158142;
2016-07-09 05:00:00;1.0003050652801573;0.9999579155987628;0.9999907935898598;1.00055727318534;1.0;1.0007499428494986;1.0022786678396898;1.0004587778667455;0.9999867081491497;1.0014755905780839;1.0;1.0;1.0;1.000722628553765;1.0;1.000175018988245;1.0001997430956613;1.0;1.0017612786117278;0.9999912239970096;1.0;0.9999756073795749;1.000193207958157;1.002122899451108;1.0023415284591126;0.9999960300250261;0.9999819043155576;1.000939451176996;1.000703968307658;1.0;0.9999145964640719;0.9998947003276825;0.9999892763277118;0.999702815676869;0.9996570928182519;1.0;0.9999599049333583;0.9999503846060037;1.0022621705771189;0.999991626189242;1.0;0.999989715498165;0.9999987734024071;1.024999976158142;
2016-07-09 05:15:00;1.0003046334963424;0.9999553014106155;0.9999902422536445;1.000556968307739;1.0;1.000749014780853;1.0022726496438714;1.0004606114299537;0.9999860079559107;1.001472177026828;1.0;1.0;1.0;1.0007222443857406;0.9999999999999999;1.000178988662874;1.000203896526289;1.0;1.0017572265040002;0.9999910225054747;1.0;0.9999750153400551;1.0001973366003372;1.0021175205596555;1.0023350842936787;0.9999964560829724;0.999981851106824;1.0009379572795212;1.000719369002093;0.9999999999999999;0.9999113945426622;0.999877207586335;0.9999884202646286;0.9996319180601702;0.9995835913563061;1.0;0.999959739754947;0.999950600555453;1.0022561119201965;0.9999909349522139;1.0;0.9999892690868348;0.999998632027122;1.024999976158142;
2016-07-09 05:30:00;1.0003047727819236;0.9999498344613665;0.999990029784737;1.000558144401038;1.0;1.0007509764207136;1.0022794102374362;1.000462339801285;0.9999866348314961;1.0014752876944095;1.0;1.0;1.0;1.000723476836555;1.0;1.0001796777242284;1.0002046794162462;1.0;1.0017615573540606;0.9999913672554994;1.0;0.9999735964168991;1.0001980948232156;1.0021238191018118;1.002342030362007;0.9999965631704217;0.9999808305403445;1.000940075296068;1.000722343073958;1.0;0.9999078356620057;0.9998710893754119;0.9999876288271584;0.9996119376632809;0.999563447483419;1.0;0.9999602957240675;0.9999515693311616;1.002262580932653;0.9999902182281565;1.0;0.9999896578562251;0.9999983532472125;1.024999976158142;
2016-07-09 05:45:00;1.0003003553621486;0.9999680840540542;0.9999932776618752;1.0005478861682602;1.0;1.0007361648614355;1.0022205181517405;1.0004546341826783;0.9999904666968329;1.0014419823959788;0.9999999999999999;1.0;1.0;1.0007110868027782;1.0;1.0001769353682477;1.0002015114350276;1.0;1.0017191837937167;0.999993813772797;1.0;0.9999819468515796;1.0001950273477316;1.0020690033211497;1.0022815166186614;0.9999974234340606;0.9999866562800545;1.0009207809541798;1.0007030262014303;1.0;0.9999210936879159;0.9998918341364103;0.9999919967879093;0.9996773674903336;0.9996312417954889;1.0;0.9999604365302408;0.9999512973243788;1.002204844838071;0.9999937268403378;1.0;0.9999926521699413;0.999999039344428;1.024999976158142;
2016-07-09 06:00:00;1.0003010588806287;0.9999661856614747;0.9999929797740461;1.0005493319168803;1.0;1.0007393281422123;1.0022393426434797;1.0004528131525392;0.9999902995691661;1.0014520204530097;1.0;1.0;1.0;1.0007127702635248;1.0;1.0001715183025368;1.0001958967664966;1.0;1.0017321345381003;0.9999933259636092;1.0;0.9999808438207972;1.0001894505797537;1.0020861755581807;1.002301203784502;0.9999964887948262;0.9999856401082471;1.0009254991312984;1.0007078673177106;1.0;0.9999250177608326;0.9998990982403613;0.999991709979084;0.99970182689062;0.999653452152006;1.0;0.9999596850224884;0.9999501646972276;1.002223396226744;0.9999934913963879;0.9999999999999999;0.9999923572560119;0.999998984632158;1.024999976158142;
2016-07-09 06:15:00;1.0002995488605357;0.999979292285087;0.999995174886926;1.000545024891269;0.9999999999999999;1.000731760763076;1.0021996646706872;1.000452439649348;0.9999925973343652;1.001431257428709;1.0;0.9999999999999999;1.0;1.000707950564042;1.0;1.000175904993672;1.0002003506946837;1.0;1.0017048620562061;0.9999951586126222;1.0;0.9999869409449078;1.000193893780936;1.0020495754217633;1.0022601120225678;0.9999978449549857;0.9999901360401907;1.0009149216569444;1.0006940824138895;1.0;0.9999221137985694;0.9998950124736172;0.9999946144349655;0.9996894148795691;0.9996432134823324;1.0;0.9999612124144862;0.9999524860135807;1.0021845820349815;0.9999958397862323;0.9999999999999999;0.9999943262070354;0.9999994701562431;1.024999976158142;
2016-07-09 06:30:00;1.0003093779973373;0.9999711855956745;0.9999943230492812;1.000563666595445;1.0;1.0007573779311674;1.0022833200543249;1.0004666721774544;0.999991924060935;1.0014828729452772;1.0;1.0;1.0;1.0007315213741652;1.0;1.000179622044872;1.0002047641421585;1.0;1.0017673172820025;0.9999946128340355;1.0;0.9999824460467089;1.0001980882585026;1.002127404664797;1.00234625847463;0.9999974608860811;0.9999863349378585;1.0009471174110034;1.0007245825094446;1.0;0.9998921519591064;0.9998457985627964;0.9999933474997369;0.9995310271543968;0.9994866464222062;1.0;0.9999597397549471;0.999950600555453;1.0022673610762494;0.9999947945642051;1.0;0.9999937200381661;0.9999992186032239;1.024999976158142;
2016-07-09 06:45:00;1.0003102721502246;0.9999726731782217;0.9999934420939555;1.0005651938145994;0.9999999999999999;1.000759882563618;1.0022956330813249;1.00046684180905;0.9999901394502984;1.0014910439425901;1.0;1.0;1.0;1.000733900175599;1.0;1.0001787992108402;1.000203988251075;1.0;1.0017776206362226;0.9999933834033711;1.0;0.999983501998883;1.000197345793694;1.00213871276185;1.00235890196413;0.9999967490004206;0.9999878190424182;1.0009511149447758;1.0007267452355202;1.0;0.9998880355455009;0.999840688156739;0.9999926569377529;0.9995165613801494;0.9994587397969248;1.0;0.9999608948768789;0.9999517556668277;1.0022796133536631;0.9999943135087778;1.0;0.9999923625201159;0.9999992506083987;1.024999976158142;
2016-07-09 07:00:00;1.0003197999488012;0.9999846988845853;0.999995989523736;1.0005813478674563;1.0;1.0007808670408072;1.002345004272727;1.0004822902948085;0.999993837121855;1.0015271856708563;1.0;1.0;1.0;1.0007556473491528;1.0;1.000185899396543;1.0002119531818008;1.0;1.0018187215928875;0.99999572185654;0.9999999999999999;0.9999903950281069;1.0002050919463477;1.0021847592736153;1.0024095540763711;0.9999976164950164;0.9999929130457038;1.00097630471178;1.0006987844505424;1.0;0.9998503364916321;0.9998128359750866;0.9999956932605899;0.9994674018309149;0.999402241692857;1.0;0.9999618231197409;0.9999538906555195;1.002329155159442;0.9999966876040576;1.0;0.9999951734325878;0.9999996038243553;1.024999976158142;
2016-07-09 07:15:00;1.0003265594700737;0.9999783078858757;0.9999952251221376;1.0005943024919417;1.0;1.0007979425806228;1.0023964044186997;1.0004941778135283;0.999992991383961;1.0015595650422455;1.0;1.0;1.0;1.0007720854062279;1.0;1.0001925033550814;1.000219218778612;1.0;1.001857607285214;0.9999953754300596;0.9999999999999999;0.9999870404186291;1.0002121693926653;1.0022328176058697;1.0024622624087354;0.999997892554827;0.9999902756451223;1.0009973572406972;1.0006912047039473;1.0;0.9998567619569109;0.9998407822860709;0.999994504298066;0.99957882221555;0.9995155880082078;1.0;0.9999592814092877;0.9999501422139828;1.002379999705163;0.9999957209474098;1.0;0.9999945871314501;0.9999993948891415;1.024999976158142;
2016-07-09 07:30:00;1.000330700670795;0.999975954046028;0.9999945458760403;1.000602155676408;0.9999999999999999;1.0008093365214237;1.0024372537544426;1.000499018511283;0.9999921918971935;1.0015847855993145;1.0;1.0;1.0;1.0007822274351534;0.9999999999999999;1.0001918656649673;1.0002188111516916;1.0;1.0018885320481434;0.9999946348807884;1.0;0.9999862027213938;1.0002117119273235;1.002270634853056;1.0025043961666096;0.9999971652859065;0.9999898415342428;1.0010122197475324;1.0006916537616994;1.0;0.9998356461904333;0.999816690063927;0.9999937377525462;0.9995137388737442;0.9994480214786912;0.9999999999999999;0.9999594337717849;0.9999510885141094;1.0024204437518005;0.9999951125586629;1.0;0.9999938683452692;0.9999992884701501;1.024999976158142;
2016-07-09 07:45:00;1.000327687251072;0.9999615029760213;0.9999920762645051;1.000598172227139;0.9999999999999999;1.000804511204226;1.0024343363312263;1.0004946262894487;0.9999890065966384;1.001578643782323;1.0;1.0;1.0;1.0007760864445177;1.0;1.0001900228187959;1.0002167058976965;1.0;1.001883114880644;0.9999926830757915;1.0;0.9999784005405588;1.0002096565466918;1.0022679471246465;1.0025014332667315;0.9999966153432799;0.9999839269732709;1.001006787725416;1.0006895866005334;1.0;0.9998342748268055;0.9998151246176032;0.9999905283822945;0.9995091492134608;0.999435116024609;1.0;0.9999612124144863;0.9999524860135808;1.0024169690345892;0.9999925578993871;1.0;0.9999914364290611;0.9999988288849123;1.024999976158142;
2016-07-09 08:00:00;1.0003287798212057;0.999971485790495;0.999993217064098;1.000598692449812;1.0;1.0008045117489195;1.0024290970870495;1.0004947652930958;0.9999895636142561;1.0015778342786568;1.0;1.0;1.0;1.0007772975036227;0.9999999999999999;1.000190327318174;1.0002170163174;1.0;1.0018807775577825;0.9999931093192869;0.9999999999999999;0.9999819525868464;1.0002099602372447;1.002263094123676;1.0024960419194044;0.9999968127561164;0.9999864000582585;1.0010068119464743;1.0006864488941658;1.0;0.9998413658579972;0.9998274501460855;0.9999924917084791;0.9995498656985092;0.999482976457678;1.0;0.9999600457413612;0.9999501125997506;1.0024122005413514;0.9999942071123379;1.0;0.9999919756164739;0.9999992748874922;1.024999976158142;
2016-07-09 08:15:00;1.0003446938272522;0.9999362151537617;0.999987736419726;1.0006320679782383;1.0;1.000850637546685;1.002586638053503;1.000523490780605;0.9999838225628467;1.0016720263836063;1.0;1.0;1.0;1.0008188264092346;1.0;1.0002037276802878;1.0002320268849547;1.0;1.0019973654644285;0.9999896031576162;1.0;0.9999665513367432;1.0002245617512528;1.0024099709186602;1.0026577628357611;0.9999960121158553;0.9999755489197034;1.0010649337556912;1.0007412363749286;1.0;0.9998064035581601;0.9997700166081597;0.9999846054811482;0.9993651761349026;0.9992435943289386;0.9999999999999999;0.9999608948768787;0.9999517556668274;1.002567294437002;0.9999877991948363;1.0;0.9999874747612971;0.9999978966054481;1.024999976158142;
2016-07-09 08:30:00;1.0003476261636368;0.9998588157347724;0.9999744648828777;1.0006466185730742;1.0;1.0008742917478863;1.0027175080646922;1.0005318331581043;0.9999682775634086;1.0017356503328172;1.0;1.0;0.9999999999999999;1.000833436225475;0.9999999999999999;1.000205709207818;1.0002344455328958;1.0;1.0020841941167036;0.9999797040065368;1.0;0.9999300446810178;1.0002268719780723;1.0025317621134635;1.0027923115406183;0.9999926506779565;0.9999493933652571;1.0010975494164467;1.0007799307552492;1.0;0.9998024792530859;0.9997668277348066;0.9999666869261229;0.9993588654113607;0.9992205673983562;0.9999999999999999;0.9999612671482465;0.9999529218752704;1.0026941024252058;0.9999733952818896;1.0;0.9999753211809236;0.9999950625966513;1.024999976158142;
2016-07-09 08:45:00;1.0003499999096785;0.9999586961018663;0.9999916625599865;1.0006390152489497;0.9999999999999999;1.0008591971744845;1.0025974904239177;1.000529332349982;0.9999885717400413;1.0016847536789433;1.0;1.0;1.0;1.0008290790707843;0.9999999999999999;1.0002045467703238;1.0002331250109364;1.0;1.0020095377096951;0.9999924626943433;1.0;0.9999771072246856;1.000225576728649;1.0024199630514115;1.0026690368183149;0.9999966724574588;0.9999829865486562;1.0010749386503106;1.0007389555632296;1.0;0.9997995479389841;0.9997634595892739;0.9999899248024599;0.9993499391946659;0.9992148051272074;0.9999999999999999;0.9999609739818911;0.9999522475830662;1.0025789824086102;0.9999920657624304;1.0;0.99999110871611;0.9999987201285807;1.024999976158142;
2016-07-09 09:00:00;1.0003455388692875;0.999981279871047;0.9999942795894757;1.0006282306868515;1.0;1.0008465254280117;1.0025656418245072;1.0005139209350447;0.9999911978672639;1.0016663938780537;1.0;1.0;1.0;1.0008164717860761;0.9999999999999999;1.0001879921708714;1.0002155779943662;1.0;1.001986936866187;0.9999932121687086;1.0;0.9999878431856198;1.0002083139851439;1.0023893912601538;1.0026369922439302;0.9999949692857083;0.9999910776168416;1.0010607482508171;1.0007322532179284;1.0;0.9997989405875511;0.9997598124249581;0.9999942682493346;0.9993346560029168;0.99918912816367;1.0;0.9999585170843804;0.9999501718343554;1.0025480685512287;0.9999956288443519;1.0;0.9999928445138319;0.9999995437297001;1.024999976158142;
2016-07-09 09:15:00;1.0003618632353177;0.99997213923692;0.999992411686818;1.0006586620377513;1.0;1.0008860209276602;1.0026815874273265;1.0005421712085776;0.9999880986836868;1.0017414742085005;1.0;1.0;1.0;1.000855579944111;1.0;1.0002053114971219;1.000234533041935;1.0;1.002076442340985;0.9999918451377504;1.0;0.9999822440726913;1.0002268352790067;1.002497880948759;1.0027557251919594;0.9999956355181939;0.9999869925165615;1.0011097121586463;1.0007711465264741;1.0;0.9997591454189348;0.9996960731186775;0.9999919242715777;0.9991315565015711;0.9989290533621475;1.0;0.9999592138580989;0.9999508686022589;1.0026630180693006;0.9999938107899041;0.9999999999999999;0.9999907473391962;0.9999992991174071;1.024999976158142;
2016-07-09 09:30:00;1.0003610546431934;0.9999771278445186;0.9999945313593281;1.000656662635592;1.0;1.0008823863428442;1.0026584843240431;1.000542883084029;0.9999915481982674;1.0017285274942527;1.0;1.0;1.0;1.000853013009892;0.9999999999999999;1.0002076167567364;1.00023687020294;1.0;1.0020594119901363;0.9999941884327398;1.0;0.9999848467651157;1.0002291279342153;1.0024766127767948;1.0027318949622765;0.9999968617058124;0.9999882929294065;1.0011037831457057;1.0007642515955213;1.0;0.9997607270046702;0.9996979054325416;0.9999941187557421;0.9991361513504982;0.9989219517164135;1.0;0.9999532554276795;0.9999449102215661;1.0026403067914162;0.9999954788271139;1.0;0.9999934107026068;0.999999463036454;1.024999976158142;
2016-07-09 09:45:00;1.0003600445586192;0.9999748258758907;0.9999928917661188;1.0006548470830783;1.0;1.0008801028570538;1.002658818027907;1.0005399195797038;0.9999883674922996;1.001727901394078;1.0;1.0;1.0;1.0008506518424203;1.0;1.000206321528311;1.0002354369881117;1.0;1.002059425043934;0.9999922154275325;1.0;0.9999826894630338;1.0002277522796241;1.0024768709677083;1.00273221471697;0.9999961465685497;0.9999870781285056;1.0011019413773443;1.0007649433254646;0.9999999999999999;0.9997721451256529;0.9997156548551976;0.9999926409703466;0.9991923665049542;0.9989860793394222;1.0;0.9999540988521665;0.9999453725133391;1.0026405580952682;0.9999944083088387;1.0;0.9999910579574895;0.9999994531965483;1.024999976158142;
2016-07-09 10:00:00;1.0003596731381557;0.999938850809354;0.9999887985080533;1.0006576060257146;1.0;1.0008844027702921;1.002691939269698;1.0005406707523539;0.9999841339560226;1.0017389145348994;0.9999999999999999;1.0;1.0;1.0008512559385494;1.0;1.0002064892254596;1.0002354766476012;1.0;1.0020759406959479;0.9999897715254551;0.9999999999999999;0.9999621793501007;1.0002276827119247;1.002507969426564;1.0027664804226977;0.9999958974852283;0.9999700636390814;1.0011073352020199;1.0007720608692354;0.9999999999999999;0.9997677172036517;0.999711349990266;0.9999866117354131;0.9991817947243752;0.9989881213932192;1.0;0.9999606017118722;0.9999510813778838;1.0026721074606715;0.9999895007838913;0.9999999999999999;0.9999877980492671;0.9999983836724539;1.024999976158142;
2016-07-09 10:15:00;1.0003681353271847;0.9999603531458571;0.9999917285460431;1.0006717479268228;1.0;1.00090276082847;1.0027253146608586;1.000557463843888;0.9999884056410315;1.0017689521311341;1.0;1.0;1.0;1.0008718835586183;1.0;1.0002168873944923;1.0002470243372827;1.0;1.0021094306641425;0.9999924572074341;0.9999999999999999;0.9999779002870507;1.0002390766292977;1.0025390778339955;1.0028002942436056;0.9999968379880881;0.9999837219135247;1.0011292343883909;1.0007645739572901;1.0;0.9997323942130366;0.9996684188118449;0.999990082971041;0.9990617827332278;0.998835802281924;1.0;0.999960973981891;0.9999522475830661;1.0027060537735093;0.9999922128953551;1.0;0.9999910461766267;0.9999987832881642;1.024999976158142;
2016-07-09 10:30:00;1.0003712693484832;0.9999581418156871;0.9999902774629745;1.000677795628025;1.0;1.0009163112811887;1.0028044918782124;1.0005497222120547;0.999987030464423;1.001813259526193;0.9999999999999999;1.0;0.9999999999999999;1.0008796739125123;0.9999999999999999;1.0001939269488407;1.0002233098748452;1.0;1.0021663581203415;0.9999898559919473;1.0;0.9999774944269045;1.000215573412936;1.0026111424514328;1.0028830064145295;0.9999924384066053;0.9999836342013922;1.0011499277324392;1.0007806819642562;1.0;0.9997175860597292;0.9996524242130534;0.9999889792358755;0.9990203260086395;0.9988063323651052;1.0;0.9999606564444238;0.9999515172365517;1.0027843052568626;0.9999913510743191;1.0;0.99998925939153;0.9999986571331868;1.024999976158142;
2016-07-09 10:45:00;1.0003770962416898;0.9999510797837784;0.9999872739118844;1.0006891331843564;0.9999999999999999;1.0009418240967507;1.0029571125886652;1.0005342528253904;0.9999839724832186;1.001897540465452;1.0;1.0;1.0000000000000002;1.0008939498293534;1.0;1.0001496304889188;1.0001774962989791;1.0;1.0022748607302767;0.9999846734024239;1.0;0.999974267215542;1.0001701517808748;1.0027501148149343;1.003042484880154;0.9999840500860062;0.999981200711455;1.0011890278245525;1.000845221331109;1.0;0.9997049892336529;0.9996227282070295;0.9999865806380375;0.9989140091548563;0.998667026227437;1.0;0.9999601980979874;0.9999510588943045;1.0029350380051227;0.9999894853367776;1.0;0.9999855615267648;0.9999983966649884;1.024999976158142;
2016-07-09 11:00:00;1.0003720097229023;0.9999562588077656;0.9999894927377057;1.0006789795977016;0.9999999999999999;1.0009210405588922;1.0028446778992686;1.000541676005653;0.9999859259202596;1.0018339890381427;1.0;1.0;1.0;1.0008808567206995;1.0;1.0001776830329578;1.000206354128438;1.0;1.0021934528100398;0.999988141870887;1.0;0.999975109691424;1.0001987652231858;1.0026475556889867;1.002925262957762;0.9999897329795364;0.9999812912220695;1.0011582591372374;1.0008096091815148;0.9999999999999999;0.9997187862887421;0.9996433455638858;0.9999886170602652;0.9989781016414941;0.9987493545803989;1.0;0.9999610472338155;0.9999527019626747;1.0028239705811768;0.9999911103260886;1.0;0.9999880257817112;0.9999986959841008;1.024999976158142;
2016-07-09 11:15:00;1.0003708629312644;0.999971513921195;0.9999915262751516;1.000675118488933;1.0;1.0009145110452249;1.0028110437965958;1.0005404846379427;0.9999877746943556;1.0018172835933457;1.0;1.0;1.0;1.0008768454170744;1.0;1.0001801344299932;1.000208822403318;1.0;1.0021712499002156;0.9999895344864228;1.0;0.9999824138843247;1.0002012551459987;1.0026164258832615;1.0028904583746754;0.9999905943389843;0.9999869581650952;1.0011494911493757;1.0008011466537463;0.9999999999999999;0.9997210952387441;0.9996452103857947;0.9999915665572296;0.9989819509899192;0.9987660064644871;0.9999999999999999;0.9999605156351857;0.9999517892403608;1.0027912156131285;0.9999935242416044;0.9999999999999999;0.9999896023016929;0.9999992444755377;1.024999976158142;
2016-07-09 11:30:00;1.0003757914341764;0.9999793970549801;0.999992875571706;1.000683385521715;1.0;1.0009288599232478;1.0028697805367173;1.000539974861958;0.9999903789628177;1.0018534116046232;1.0;1.0;1.0;1.0008880430018414;1.0;1.0001664943537896;1.000194918974167;0.9999999999999999;1.002215539226903;0.999989961015109;1.0;0.9999874070953508;1.000187421013125;1.0026700046462822;1.0029517462156043;0.9999883288661722;0.9999905495632838;1.001169072500861;1.0007924601357878;0.9999999999999999;0.9997038132199959;0.9996379747096759;0.999993514359002;0.9989838035284186;0.9987674996044325;1.0;0.999960515635186;0.999951789240361;1.002849674235752;0.9999950335937341;0.9999999999999999;0.9999910587471752;0.9999994450575971;1.024999976158142;
2016-07-09 11:45:00;1.0003823631567046;0.999976498811142;0.9999937990247592;1.0006956257247632;1.0;1.000938845078636;1.0028549707862489;1.000566173809526;0.9999912310243387;1.0018514654923634;1.0;1.0;0.9999999999999999;1.000903808749221;1.0;1.0002015925194832;1.0002318587923222;1.0;1.002208778426082;0.999992631543093;0.9999999999999999;0.9999855924491968;1.0002238651208806;1.002658278726357;1.002934845629541;0.9999935963147996;0.9999890640352534;1.0011769638066874;1.0007822335224077;0.9999999999999999;0.9996963765420569;0.999629549115971;0.9999936115000141;0.9989616791228421;0.9987179678811866;1.0;0.9999601433654823;0.9999506230358578;1.0028352445261548;0.999995064180699;1.0;0.9999925832564994;0.9999993698541737;1.024999976158142;
2016-07-09 12:00:00;1.0003782890968402;0.9999723536300081;0.9999920271559889;1.00068878821228;1.0;1.0009327861396384;1.0028619395389495;1.0005532087044173;0.9999889257036169;1.0018511521036868;1.0;1.0;1.0;1.0008947899794212;1.0;1.0001859989032216;1.0002154069337998;1.0;1.0022113584848225;0.9999902719546934;1.0;0.9999839760987762;1.0002076638884867;1.0026638618758457;1.0029426838183948;0.9999909191937146;0.9999882961936845;1.001171865989154;1.0007848874112992;1.0;0.9996703383703809;0.9995881756454249;0.9999918952462042;0.9988294605406214;0.9986014707571687;1.0;0.9999603632795462;0.9999508429478279;1.0028417952896291;0.9999937349174511;1.0;0.9999904534703136;0.9999991943415449;1.024999976158142;
2016-07-09 12:15:00;1.0003869039722164;0.9999721814156705;0.9999923315749296;1.0007045355037487;1.0;1.000953345087977;1.0029181078762315;1.0005682052563127;0.9999895285957032;1.0018886234948403;1.0;1.0;1.0;1.0009152972312587;1.0;1.0001942403339081;1.0002245020465703;1.0;1.0022554827751946;0.9999908287538276;0.9999999999999999;0.999984237897842;1.0002165345343719;1.0027163550534883;1.003000247510878;0.9999914969793825;0.9999884844943274;1.0011969425365381;1.0008145706040734;1.0;0.9996622235213288;0.9995671896078707;0.9999920530983324;0.9987534095781713;0.9984907236359517;0.9999999999999999;0.9999596850224882;0.9999501646972273;1.0028976264696245;0.9999938331823328;1.0;0.9999909686722088;0.9999991647056554;1.024999976158142;
2016-07-09 12:30:00;1.0003786187940866;0.9999839405790055;0.9999947861056369;1.0006880325919578;1.0;1.0009303591189824;1.0028376998395703;1.0005554273523978;0.9999926693702001;1.0018397018680796;1.0;1.0;1.0;1.000894367100156;1.0;1.0001897584811155;1.0002193140069946;1.0;1.0021952035413435;0.9999928657866756;1.0;0.9999895655552595;1.0002115115414192;1.0026415579178278;1.0029176132383122;0.9999923058689661;0.9999919897748666;1.001167418351971;1.0008094654656516;1.0;0.9996891216516384;0.9995947863183021;0.9999951849493747;0.9988221629242193;0.9985928867958812;1.0;0.9999604365302405;0.9999512973243785;1.0028182625726703;0.999996324364263;0.9999999999999999;0.9999934148690793;0.9999996099287494;1.024999976158142;
2016-07-09 12:45:00;1.0003807208038595;0.9999808007864337;0.99999569198431;1.0006921836520628;1.0;1.0009326524656992;1.002820889070004;1.0005671608098161;0.9999941787792728;1.0018320431985992;1.0;1.0;1.0;1.0008993737140386;1.0;1.000206649345554;1.0002370176871875;1.0;1.0021837616065528;0.9999948853454417;1.0;0.999987798960693;1.000228968779566;1.00262698075645;1.0028995439400028;0.999995238737762;0.9999902019506633;1.0011675563417748;1.0008137386049705;1.0;0.9996779632528181;0.9995697452225687;0.9999955027972203;0.9987332883483289;0.9984829702035005;0.9999999999999999;0.9999606564444238;0.9999515172365518;1.0028016374928372;0.9999965036877255;1.0;0.9999949649820801;0.9999995149620268;1.024999976158142;
2016-07-09 13:00:00;1.0003838432327483;0.9999800549069887;0.9999957704964592;1.000697587391257;1.0;1.0009367785527308;1.0028150384554377;1.0005779461316517;0.9999934463712575;1.0018315678232532;1.0;1.0;1.0;1.0009062569218585;1.0;1.0002219302183268;1.0002530531041636;1.0;1.002181080770486;0.999995441212688;1.0;0.9999858236597718;1.0002447853385994;1.002622478119718;1.0028928081155528;0.9999974418078429;0.9999884580065781;1.0011709873768277;1.0008006368771325;1.0;0.9996858037626368;0.99959007927856;0.9999954974437676;0.998808133237324;0.9985644874581603;0.9999999999999999;0.999960754067579;0.9999520276706735;1.0027960088534535;0.9999965440312664;1.0;0.9999948675791607;0.99999959927609;1.024999976158142;
2016-07-09 13:15:00;1.0003980006080144;0.999967867551553;0.9999935775574085;1.0007244608419996;1.0;1.0009736402669693;1.0029382107222835;1.0005983332085024;0.9999905348337522;1.0019076743868536;1.0;1.0;1.0;1.000940410896369;1.0;1.0002281674481854;1.00026033731823;1.0;1.00227351487351;0.9999935181097873;1.0;0.9999789130105753;1.0002517717149317;1.002737066398987;1.0030195466591272;0.9999965952496063;0.9999831302983291;1.001217842235476;1.0008181492048056;1.0;0.9996298384701338;0.999517634566494;0.9999927777509925;0.9985983106858458;0.9983381631599496;1.0;0.999960754067579;0.9999520276706734;1.002917881245855;0.9999943925846756;1.0;0.9999925975834469;0.9999992353893101;1.024999976158142;
2016-07-09 13:30:00;1.000379901472441;0.9999761322062967;0.9999944816639592;1.0006909188306294;1.0;1.0009295778355258;1.0028085601557162;1.0005683788327775;0.9999917389452989;1.0018242219004019;1.0;1.0;1.0;1.0008974395048118;1.0;1.0002125715793597;1.000243093490448;1.0;1.002174182627743;0.9999938904878918;1.0;0.999984069324218;1.0002349974170917;1.0026159628949909;1.00288651040239;0.9999959235024724;0.9999874123266319;1.001163429070321;1.000814813455332;1.0;0.9996872009449232;0.9995806562353545;0.9999941485830945;0.9987635270324674;0.9985103443451935;1.0;0.9999600572918765;0.9999513309010517;1.002789297979348;0.999995493178171;0.9999999999999999;0.9999933729318834;0.9999994496012551;1.024999976158142;
2016-07-09 13:45:00;1.0003937725771905;0.9999768860440176;0.9999953003519648;1.0007159893750246;0.9999999999999999;1.0009629704935366;1.0029043247440015;1.0005899853755296;0.999993224787495;1.0018870745873047;1.0;1.0;0.9999999999999999;1.0009299563079266;1.0;1.000221259760369;1.0002529268111582;1.0;1.0022484374934935;0.999994840961669;1.0;0.9999843891107402;1.0002445046042225;1.0027051953174817;1.002984953368043;0.9999963255426828;0.9999872458682083;1.0012045537691872;1.000833271173885;1.0;0.99964893849313;0.999529182033945;0.9999949358997974;0.9986115889580186;0.9983378058061056;0.9999999999999999;0.9999591290529197;0.9999491959204153;1.0028845071552026;0.99999607627211;1.0;0.9999944862877527;0.9999994792229007;1.024999976158142;
2016-07-09 14:00:00;1.0003933229314967;0.9999747715354631;0.9999960195048501;1.0007141566553799;1.0;1.0009592099554632;1.002891892524053;1.0005869208855585;0.9999934300845937;1.0018775124479837;1.0;1.0;1.0;1.0009264069365515;1.0;1.0002200426062406;1.0002513704547975;1.0;1.0022358142391035;0.999995267160994;0.9999999999999999;0.9999781551811284;1.000242889237581;1.002693898037248;1.0029724035915906;0.9999970197063263;0.9999804160968332;1.0011993105550177;1.0007877550279467;1.0;0.9996647602108143;0.9995838440148754;0.999996123584731;0.9988212865891921;0.9985724154136839;1.0;0.9999591290529197;0.9999491959204152;1.002872234102473;0.99999708176669;1.0;0.9999948176101651;0.9999997641244134;1.024999976158142;
2016-07-09 14:15:00;1.0003878853397652;0.9999762463710892;0.9999944397283739;1.0007047279615326;1.0;1.0009483618823949;1.002871482803796;1.00057660050052;0.9999910375679434;1.001863594884721;1.0;1.0;1.0;1.000914964668828;1.0;1.0002122760294743;1.0002431076259743;1.0;1.0022211035153703;0.999993297792106;1.0;0.9999813637688619;1.000234866949694;1.0026743828577223;1.0029515126436879;0.9999953449274946;0.9999844659956734;1.0011875049428878;1.0008211908389797;1.0;0.9996783508771462;0.9995766100525718;0.9999945793096842;0.9987628145861955;0.9984724662665401;1.0;0.999958835889265;0.9999485216342886;1.0028518428213065;0.9999959052116757;1.0;0.999992828529642;0.9999996432888567;1.024999976158142;
2016-07-09 14:30:00;1.0003675367278149;0.9999751463325807;0.9999945966137705;1.0006680184988423;1.0;1.0008992951567066;1.0027248431106166;1.000546005382473;0.999991622831311;1.0017676268659172;1.0;1.0;1.0;1.0008671011208432;0.9999999999999999;1.0001998822998854;1.000229046265464;1.0;1.002107017486446;0.999993626676819;1.0;0.9999812755532164;1.0002212407447664;1.0025378117949293;1.0028008449188623;0.999995416239157;0.99998434988423;1.0011261047301372;1.0008111051414488;1.0;0.9997310021514271;0.9996331278353966;0.999994575270218;0.9989086546193653;0.9986728779669201;1.0;0.9999593674847017;0.9999494343498289;1.0027060959058245;0.9999958656615636;1.0;0.9999932307628205;0.9999995734042568;1.024999976158142;
2016-07-09 14:45:00;1.0003737364911527;0.9999634547408052;0.9999930662771361;1.0006809307703868;1.0;1.0009163516215138;1.0027753539743594;1.0005596057276707;0.9999903125753774;1.0017990721331247;1.0;1.0;1.0;1.0008833861218982;1.0;1.0002092143595873;1.0002392045922897;1.0;1.0021453548332155;0.9999930781258981;1.0;0.9999768834633197;1.00023119804535;1.0025851476669518;1.002852455456698;0.9999958742589689;0.9999814477202067;1.001146868632678;1.0008182512051107;0.9999999999999999;0.9997226092248207;0.9996264470249956;0.999992041746463;0.998895869019816;0.9986309612621872;1.0;0.9999594465905666;0.9999499262675756;1.0027558527270242;0.9999937747362191;1.0;0.9999922727747704;0.9999990689454445;1.024999976158142;
2016-07-09 15:00:00;1.0003612601372545;0.9999815721398266;0.9999950610020815;1.000656145403649;0.9999999999999999;1.0008831253077632;1.0026714733163062;1.0005371748327194;0.999991964893827;1.0017353360715133;1.0;1.0;1.0;1.0008523345667157;0.9999999999999999;1.0001976890374138;1.0002264554679978;1.0;1.0020679892059083;0.9999938741646186;1.0;0.9999855336275499;1.0002188044247888;1.002488124284569;1.0027458351576686;0.9999955383424416;0.9999882034464672;1.0011058890891202;1.000832693084603;0.9999999999999999;0.9997793579728154;0.9996817932030253;0.9999953071103893;0.9990290914548986;0.9987841951843393;1.0;0.9999601433654823;0.9999506230358579;1.002653325603844;0.9999964721454491;0.9999999999999999;0.9999935278255729;0.9999997238697821;1.024999976158142;
2016-07-09 15:15:00;1.00035645554212;0.9999684798493071;0.9999925520273215;1.0006487898161904;1.0;1.0008738204701657;1.0026549738378758;1.000529858457637;0.9999886017450281;1.0017208231441301;1.0;1.0;1.0;1.0008419475344759;1.0;1.000194606367482;1.0002229660570339;1.0;1.0020525634386008;0.999991783249151;1.0;0.9999785828846708;1.000215416162824;1.0024727634035713;1.0027288973936237;0.9999948786780265;0.9999831121793109;1.0010949899755028;1.0008390380217482;1.0;0.9997975548515026;0.999702223687399;0.9999921503151589;0.9990835579951357;0.9988550175277139;1.0;0.9999599049333582;0.9999503846060036;1.002636414146531;0.9999939728812524;1.0;0.999990955801018;0.999999297600282;1.024999976158142;
2016-07-09 15:30:00;1.0003579356182235;0.9999654887348948;0.9999937366200663;1.0006516310731914;0.9999999999999999;1.0008750429960072;1.002640078172693;1.0005382703031864;0.9999906061473834;1.00171307569933;1.0;1.0;1.0;1.0008451020671454;1.0;1.0002066811334227;1.0002355762032513;1.0;1.0020413215552937;0.9999938582710246;1.0;0.9999761687185413;1.000227821801608;1.002459727991589;1.0027130904407664;0.9999973151881512;0.9999803672590043;1.0010941740090864;1.0008333888070349;1.0;0.9997950142924588;0.9996986528881568;0.9999929027740061;0.9990728128398383;0.9988445867518579;0.9999999999999999;0.9999588358892649;0.9999485216342884;1.0026216661664806;0.9999944938061784;1.0;0.9999927755032646;0.9999992565350184;1.024999976158142;
2016-07-09 15:45:00;1.000365162806704;0.9999610537570812;0.999992273343867;1.000665046823911;1.0;1.0008942162903782;1.0027105137814336;1.000545922035029;0.9999882918291662;1.0017562322427203;1.0;0.9999999999999999;1.0;1.0008622620432568;1.0;1.0002055516564758;1.0002347864436063;0.9999999999999999;1.0020941504479712;0.999992089044301;1.0;0.9999731786758791;1.0002269410102775;1.002524987674439;1.0027857564698257;0.9999960316301686;0.9999781893351533;1.0011193949133839;1.0008505599437256;0.9999999999999999;0.9997729709285782;0.999667933203889;0.9999914706045258;0.9989802724828298;0.99871785490791;0.9999999999999999;0.9999586159758223;0.999948301723114;1.0026914184214444;0.9999934087336086;1.0;0.9999909050092273;0.999999156237883;1.024999976158142;
2016-07-09 16:00:00;1.0003611849232839;0.99995771854198;0.9999905510955752;1.000658035217448;1.0;1.0008849204871777;1.0026895861968417;1.0005390909517744;0.9999851096777674;1.0017415997856491;1.0;1.0;1.0;1.0008531275587498;0.9999999999999999;1.0002033090194384;1.0002322104562849;1.0;1.0020775884031285;0.99999015859885;0.9999999999999999;0.9999707851883125;1.0002244774899731;1.0025054883673832;1.002764181739589;0.999995422451964;0.9999768607716141;1.0011087019168932;1.0008254401346968;1.0;0.9997716913206395;0.9996790061381804;0.999989782290318;0.9990316467502811;0.9987930277773451;1.0;0.9999593674847017;0.9999494343498289;1.00267049262484;0.999992158570062;1.0;0.9999885651007057;0.9999990932363928;1.024999976158142;
2016-07-09 16:15:00;1.0003587056268328;0.9999589611416368;0.9999919192059861;1.0006540925340826;1.0;1.0008794594126322;1.002663105175244;1.0005391378398112;0.9999883405762289;1.0017259863169137;1.0;1.0;1.0;1.000848239405352;1.0;1.0002054828146827;1.0002344549574032;0.9999999999999999;1.0020584432699269;0.9999922319717605;1.0;0.9999743399519783;1.0002267293935083;1.0024809608346303;1.0027367796709774;0.9999963537509629;0.9999798291719677;1.0011006126401933;1.0008146497797323;1.0;0.9997723806973461;0.9996815312045725;0.9999906294619645;0.9990413451319131;0.9988089656564296;1.0;0.9999590743209178;0.9999487600634821;1.0026442061860725;0.9999926852834585;1.0;0.9999909491780344;0.999998932925634;1.024999976158142;
2016-07-09 16:30:00;1.0003647879435034;0.9999702059247534;0.9999936999855107;1.0006642999727011;1.0;1.0008932180769394;1.0026964674397192;1.0005486203176928;0.9999909430027039;1.0017510365063884;1.0;1.0;1.0;1.0008624957874213;1.0;1.000208759437586;1.0002382925821651;1.0;1.0020872170027337;0.9999937092869665;1.0;0.999981755733391;1.0002304668943294;1.0025118971229046;1.0027710255570914;0.9999965477497265;0.9999859131984123;1.0011174793537883;1.0008290716734096;1.0;0.9997530916144919;0.9996483980219603;0.9999928267997313;0.9989329932321661;0.99866089177276;1.0;0.9999593674847018;0.999949434349829;1.0026777470454222;0.9999944088266334;1.0;0.9999928661669714;0.999999198861556;1.024999976158142;
2016-07-09 16:45:00;1.0003563218924922;0.9999722744288616;0.9999935380227216;1.0006487456309345;1.0;1.0008718633657492;1.0026294688034385;1.0005367636933167;0.9999903092229143;1.001708709790716;1.0;1.0;1.0;1.0008425495415212;0.9999999999999999;1.0002062679580637;1.0002352282853408;1.0;1.002036497679213;0.9999934788446483;1.0;0.9999829570791833;1.0002275800641582;1.002449636036969;1.002701983774163;0.9999967696648068;0.9999872025544329;1.0010907787718486;1.0008240095862204;1.0;0.9997705529143627;0.9996640248224301;0.9999927706732552;0.9989676028825266;0.9987373638209934;1.0;0.9999592266768752;0.9999497063559781;1.0026112878246414;0.9999943998449252;0.9999999999999999;0.9999924810680031;0.9999992588693517;1.024999976158142;
2016-07-09 17:00:00;1.0003616775270716;0.9999688195287232;0.9999931370025797;1.000658730569028;1.0;1.000885072449771;1.0026695222197723;1.0005453050793855;0.9999897941815205;1.0017341077762798;1.0;1.0;1.0;1.0008552241461497;1.0;1.000210326056542;1.0002397408862655;1.0;1.0020668507969077;0.9999932420101282;1.0;0.9999807295571892;1.0002319554322538;1.0024870261106835;1.0027431241863014;0.9999968779811667;0.9999853196737948;1.0011071604708521;1.0008433937926169;0.9999999999999999;0.9997600563667711;0.9996429899968262;0.9999922101001836;0.9988955098247618;0.9986560050783855;1.0;0.9999597397549473;0.9999506005554535;1.0026509812391238;0.9999939506931078;1.0;0.999992114418017;0.999999173012615;1.024999976158142;
2016-07-09 17:15:00;1.0003577129807317;0.9999588518295129;0.9999919135280693;1.0006529166434948;1.0;1.0008786086013817;1.0026604363072733;1.000538889271802;0.9999891132577174;1.0017245876733376;0.9999999999999999;1.0;0.9999999999999999;1.0008470741461706;0.9999999999999999;1.000204824373818;1.0002338361782037;1.0;1.0020573305641076;0.9999925260890873;1.0;0.9999769049996415;1.0002261539223785;1.0024783284265255;1.0027339938828528;0.9999961383389289;0.9999825246304748;1.0010995482751501;1.0008431645150662;1.0;0.9997767363843056;0.9996674374936599;0.9999902686069246;0.9989706711974641;0.9987299241883494;1.0;0.9999599049333584;0.9999503846060038;1.0026414843491236;0.9999923283788241;1.0;0.9999914023553926;0.9999987483206253;1.024999976158142;
2016-07-09 17:30:00;1.0003670016941235;0.9999568995191849;0.9999917881603729;1.0006696224479794;1.0;1.0009002876028663;1.0027237848007775;1.0005532765473355;0.9999885700726558;1.0017655699437502;1.0;0.9999999999999999;1.0;1.0008684522387432;1.0;1.0002121355252322;1.000241909572448;1.0;1.002105711080028;0.9999924158272685;1.0;0.9999743019583872;1.0002339873462702;1.002537528949611;1.002799042020695;0.999996537952811;0.9999800263926057;1.0011263426424326;1.000862739311258;1.0;0.9997423881873446;0.9996140062233647;0.9999901954840986;0.9988024143455133;0.9985488794662067;1.0;0.9999590743209176;0.9999487600634818;1.0027044063280897;0.9999922991463563;1.0;0.9999911084831243;0.9999987931415818;1.024999976158142;
2016-07-09 17:45:00;1.0003665182680137;0.9999458535765705;0.9999895530572784;1.0006700939193165;1.0;1.00090116297193;1.0027335902011483;1.000554017885011;0.99998561540536;1.0017694235030903;0.9999999999999999;1.0;0.9999999999999999;1.000868577453702;1.0;1.0002140155117574;1.0002438792233803;1.0;1.0021118106569082;0.9999906862574673;1.0;0.9999691822806915;1.000235952014079;1.002546764084433;1.0028089772313324;0.9999962124163797;0.9999766384099149;1.0011278644162498;1.0008652236694762;1.0;0.9997460761705599;0.9996201973106706;0.9999872828545087;0.9988223941272769;0.9985484335954351;1.0;0.9999572956837048;0.9999473625694123;1.002713697943257;0.9999899847088358;1.0;0.9999888910616545;0.9999983835906171;1.024999976158142;
2016-07-09 18:00:00;1.0003604655543867;0.9999538944556775;0.9999898252754836;1.0006583553061938;1.0;1.000886197791127;1.002691823646424;1.000542251399298;0.9999854958891357;1.0017435596685331;1.0;1.0;1.0;1.0008540632849365;1.0;1.000206339645333;1.0002355721984642;1.0;1.0020810993805505;0.9999902899053285;1.0;0.999973898559252;1.0002278623063128;1.0025075251900732;1.0027661842148128;0.9999953641638795;0.9999808436466688;1.001110071530795;1.0008510392587227;1.0;0.9997692677958757;0.9996573137708515;0.9999881124191402;0.9989406972322437;0.9986856415390971;1.0;0.9999570025210437;0.9999466882849779;1.0026724539259466;0.9999907030604134;1.0;0.9999887123545144;0.9999986130111143;1.024999976158142;
2016-07-09 18:15:00;1.0003750466439056;0.999953370460287;0.9999904709964011;1.0006851797177765;1.0;1.000922139762371;1.0027947334224379;1.0005661635939345;0.9999871527544182;1.001811096362001;1.0;1.0;1.0;1.0008889607234197;0.9999999999999999;1.0002165044387803;1.000247047567764;1.0;1.0021612490792011;0.9999913276155119;1.0;0.9999748904331985;1.0002389944811347;1.0026034094077032;1.0028718896170286;0.9999957963818316;0.999981579162104;1.0011542731023737;1.0008820679360846;1.0;0.9997294709358362;0.9995965065285736;0.9999884575784989;0.998751243119241;0.998482824262412;1.0;0.9999595873954428;0.9999496542583853;1.0027746768684611;0.9999908961166406;1.0;0.9999899146513094;0.9999985066840349;1.024999976158142;
2016-07-09 18:30:00;1.0003764736023044;0.9999169183569064;0.9999859677563537;1.0006909571707117;1.0;1.0009303135809062;1.0028413749424423;1.000568615416582;0.9999818594380175;1.0018306088042568;1.0;1.0;1.0;1.0008933327204594;1.0;1.0002172132406844;1.0002476993662515;1.0;1.0021878519741334;0.9999882589855204;1.0;0.9999528875132404;1.0002395021551338;1.0026471349335524;1.0029200758248322;0.9999953859037514;0.9999632341267792;1.0011647772807784;1.000899553285451;0.9999999999999999;0.9997376651767725;0.999608047196524;0.9999822143808639;0.9987860295462009;0.9985252267245147;1.0;0.9999591290529197;0.9999491959204153;1.0028196726988923;0.9999858692708008;1.0;0.999985894671261;0.9999975036991234;1.024999976158142;
2016-07-09 18:45:00;1.0003663521816162;0.999887549515635;0.9999807546484281;1.000676030016653;1.0;1.0009119848499763;1.0028110669690184;1.0005540900524912;0.9999755912029353;1.0018024050126864;1.0;1.0;1.0;1.000872239886712;1.0;1.000210426873433;1.0002401111175263;1.0;1.0021586342570696;0.9999842318022945;1.0;0.999938834849427;1.000232127989781;1.0026188394738862;1.002888987445166;0.9999939333495567;0.9999531775678251;1.001143275166027;1.0008926420769348;1.0;0.9997724003097037;0.9996607346850306;0.9999753000644079;0.9989499662553866;0.9987113808201494;1.0;0.9999597397549473;0.9999506005554536;1.0027883403112425;0.9999803275587632;1.0;0.9999809938839329;0.9999964415019784;1.024999976158142;
2016-07-09 19:00:00;1.0003701491787866;0.9999439642427371;0.9999910532578252;1.0006758303791277;1.0;1.0009099400673116;1.0027706639788154;1.000552424820999;0.999988022962246;1.0017891778984604;1.0;1.0;1.0;1.0008747238204296;0.9999999999999999;1.0002040152759932;1.0002334260551426;1.0;1.0021353553049313;0.9999916657822905;1.0;0.9999639681476573;1.0002254446365133;1.00258084020307;1.002847984417055;0.9999955023956225;0.9999701439681604;1.001139105766254;1.0008799068062784;1.0;0.9997527126084755;0.9996292873259647;0.9999892550008632;0.9988497168281153;0.9986005270567458;1.0;0.9999592266768753;0.9999497063559784;1.0027504723965193;0.9999915265785575;1.0;0.9999904950097313;0.9999986130555416;1.024999976158142;
2016-07-09 19:15:00;1.0003709303424904;0.9999465989234733;0.9999902408138671;1.00067773543859;1.0;1.0009113648350512;1.002763451507967;1.0005594897392576;0.9999866438671466;1.0017886061687116;1.0;0.9999999999999999;1.0;1.0008782215805696;1.0;1.0002147190542834;1.0002448013664362;1.0;1.0021342164389135;0.999991267694113;1.0;0.9999684809587771;1.0002367715451932;1.0025745375894732;1.0028398327282786;0.9999962990117695;0.9999754192973422;1.0011403854438365;1.0008766098455588;0.9999999999999999;0.9997397529319866;0.9996093936528087;0.999988131196118;0.9987875400413866;0.9985455934831391;1.0;0.9999584507974096;0.9999485176716426;1.0027434379372713;0.999990647992318;1.0;0.9999896422986806;0.9999984823532455;1.024999976158142;
2016-07-09 19:30:00;1.000370935449352;0.9998597217641797;0.9999748432131557;1.0006887336593187;0.9999999999999999;1.00093094252708;1.0028869689956028;1.0005663102197762;0.9999689040080577;1.0018460444934025;0.9999999999999999;0.9999999999999999;1.0;1.0008881464507404;1.0;1.0002178999369347;1.0002484586868337;1.0;1.0022154194439192;0.9999799815106006;1.0;0.999930152385126;1.0002403875972457;1.0026894851546406;1.0029665830110976;0.999992533255758;0.9999491799508274;1.0011682394760408;1.0009159384713922;1.0;0.9997385371877537;0.9996081856771553;0.9999671785995621;0.9987844814920293;0.9985216677479428;1.0;0.9999593674847017;0.9999494343498286;1.0028625164583007;0.9999737767640265;1.0;0.999975741803204;0.9999951141288118;1.024999976158142;
2016-07-09 19:45:00;1.000376998366763;0.9997664870161735;0.9999596876850944;1.0007106467867903;0.9999999999999999;1.000964858131658;1.0030571502121766;1.0005804295527432;0.9999516052526884;1.001930739418213;1.0;1.0;0.9999999999999999;1.0009111148866663;1.0;1.0002221632134654;1.0002534113823054;1.0;1.0023289228660346;0.9999689721146584;1.0;0.9998851655914367;1.0002451133319914;1.0028479812122593;1.0031416099986687;0.9999889883463772;0.9999160982865436;1.001213649255119;1.0009715994731248;1.0;0.9997272761634737;0.9995907696584488;0.9999464944906208;0.998730003429925;0.9984856449331138;1.0;0.9999593674847014;0.9999494343498283;1.0030277664894287;0.9999571073956671;1.0;0.9999621604338137;0.9999917632205887;1.024999976158142;
2016-07-09 20:00:00;1.00037004561195;0.9997570446923122;0.9999577024097469;1.0006994449420266;1.0;1.0009503355973515;1.0030196507904356;1.000571691712949;0.9999493029667178;1.001904388702266;0.9999999999999999;1.0;1.0;1.000896277863139;1.0;1.0002199330007668;1.0002507774562626;1.0;1.0022990741315787;0.99996753580307;1.0;0.9998819343038268;1.0002426269216385;1.0028130981153032;1.0031029206237974;0.9999885955269062;0.999914428826595;1.0011958974996125;1.0009623145405415;1.0;0.9997566958059005;0.9996349880369587;0.999943797098224;0.9988671821727705;0.9986333018852267;0.9999999999999999;0.9999591290529197;0.9999491959204152;1.002990106072113;0.999954936358286;1.0;0.999960363713689;0.9999913316109986;1.024999976158142;
2016-07-09 20:15:00;1.0003705244373795;0.9998759264952438;0.9999777020155785;1.000685886906555;1.0;1.0009261241726086;1.0028602757560503;1.000564445306677;0.9999721043863096;1.0018329847261709;1.0;0.9999999999999999;1.0;1.0008852627851377;1.0;1.0002173430372452;1.0002477831212222;1.0;1.002197425937462;0.9999820552618384;1.0;0.9999371141756547;1.0002397254822153;1.0026646642186614;1.0029391720726741;0.9999932843501139;0.9999539065742368;1.0011615845474;1.0009094734090178;1.0;0.9997235379081254;0.9995830642819705;0.9999710921457767;0.9987032583913984;0.9984749525317106;1.0;0.9999591290529198;0.9999491959204154;1.002836681519757;0.9999769364218011;1.0;0.9999782720573008;0.9999957593149771;1.024999976158142;
2016-07-09 20:30:00;1.0003706209946952;0.999858799581939;0.9999757294312385;1.0006885438919817;0.9999999999999999;1.000930457634316;1.002879193572419;1.0005680478073782;0.9999710499245219;1.0018414934430149;0.9999999999999999;1.0;1.0;1.0008877527256672;1.0;1.000219828348802;1.0002504914674364;1.0;1.002209571383073;0.9999813780301423;1.0;0.9999308892128282;1.0002423829396287;1.002682369868095;1.0029585210866725;0.9999932229725058;0.9999495516231769;1.0011666843309222;1.000914399260998;0.9999999999999999;0.9997401376222486;0.9996100848468765;0.9999677051885753;0.9987898115117999;0.998547608632082;1.0;0.9999604365302408;0.9999512973243787;1.002854772006137;0.9999740946124132;1.0;0.9999773217506954;0.9999949962957342;1.024999976158142;
2016-07-09 20:45:00;1.0003630997497688;0.9999040807112548;0.9999828497160467;1.0006690093608681;1.0;1.0009019865810678;1.0027658054518735;1.000551523888946;0.9999783635508777;1.001779063786036;1.0;1.0;1.0;1.0008647252623932;1.0;1.0002122270224212;1.000241942423629;1.0;1.002129086038558;0.9999860127008113;1.0;0.9999501625850203;1.0002340548982294;1.0025767215332446;1.0028421256730076;0.9999946029841384;0.9999629685372894;1.0011301671428074;1.0008784020324935;1.0;0.9997660340186052;0.9996502867207504;0.9999779387173156;0.9989165275897762;0.9986997315955222;1.0;0.9999595198411367;0.9999503806436529;1.0027439932649;0.9999824180327824;1.0;0.9999831328713581;0.9999968000472176;1.024999976158142;
2016-07-09 21:00:00;1.0003646616994062;0.9999225535157233;0.9999851285533589;1.0006697265533162;1.0;1.0009030071305647;1.0027632386493903;1.0005506912394038;0.9999805811026359;1.001781510101823;1.0;1.0;1.0;1.0008669284678324;0.9999999999999999;1.0002090999642754;1.0002387580348433;1.0;1.0021303882285155;0.9999871454238071;1.0;0.9999592444792076;1.000230917277298;1.002574030310522;1.0028396360767045;0.9999943430646452;0.9999700025409624;1.0011317950356444;1.000875985157093;1.0;0.9997419155918402;0.9996131845063053;0.9999814436901234;0.9987997398690799;0.998575348800273;1.0;0.9999599781869984;0.9999508389853252;1.0027421340559022;0.9999852871054593;1.0;0.9999848044147058;0.9999974527802881;1.024999976158142;
2016-07-09 21:15:00;1.0003623151542618;0.9998588500792127;0.9999745056259887;1.0006733335622744;1.0;1.000910810207027;1.0028298875583346;1.0005527454690686;0.9999686176528344;1.0018083184918658;1.0;1.0;1.0;1.000868150278695;0.9999999999999999;1.000211314441108;1.000241136161943;0.9999999999999999;1.0021710321140385;0.9999796550946578;1.0;0.9999303619530425;1.0002332757392882;1.0026362027442957;1.0029079795756444;0.9999921511713362;0.9999495976652166;1.0011434249194804;1.0008990097722168;1.0;0.9997522955423809;0.9996284476550759;0.999966758335152;0.9988461348967888;0.9986006101971772;1.0;0.9999596850224882;0.9999501646972274;1.00280573731667;0.9999734331223208;1.0;0.9999754473586068;0.999995036552563;1.024999976158142;
2016-07-09 21:30:00;1.0003652910071108;0.999891311206274;0.9999762489358764;1.0006729895218163;1.0;1.0009064558481469;1.0028021055985938;1.0005510777499118;0.9999652051672795;1.0017993468726265;1.0;1.0;0.9999999999999999;1.0008693562740956;1.0;1.0002157857506935;1.000245574648836;1.0;1.002155412514429;0.999978319221407;1.0;0.9999376834466882;1.0002376952876917;1.0026107828512825;1.0028791292342254;0.9999927653557177;0.9999544282917012;1.0011389518853238;1.0008901887145447;1.0;0.9997516833943892;0.9996273685623811;0.9999719064404293;0.9988429034593643;0.9986103697212813;1.0;0.9999589091393576;0.9999489760090376;1.002779701462895;0.9999780594707691;1.0;0.9999736092428733;0.9999967818654243;1.024999976158142;
2016-07-09 21:45:00;1.000372167810264;0.9998308437464162;0.9999618306515364;1.0006911320402596;1.0;1.000934006305571;1.0029539015863123;1.0005563437640193;0.9999435122543414;1.0018792309233417;1.0;1.0;1.0;1.000889565403216;1.0;1.0002142540119698;1.0002442667346627;1.0;1.0022603732583386;0.9999645940390847;1.0;0.9999025724718219;1.0002363298601613;1.0027518600986076;1.0030353562411027;0.9999878081560857;0.9999291947823716;1.0011791530694325;1.0009414261614606;1.0;0.9997382524527135;0.9996051702928854;0.9999553334317611;0.998771281283104;0.9985323128001437;1.0;0.9999596850224886;0.9999501646972278;1.0029280843408372;0.9999651889036377;1.0;0.9999571109385196;0.999995023709934;1.024999976158142;
2016-07-09 22:00:00;1.0003603854563137;0.9998720452808855;0.9999709836532542;1.0006654067195764;1.0;1.00089858686033;1.0028150200656307;1.0005363937278435;0.9999567183861798;1.0017989783559267;1.0;1.0;0.9999999999999999;1.0008581850501155;1.0;1.0002025254295748;1.0002313516288097;1.0;1.0021591816049145;0.9999725271648009;1.0;0.9999244856490462;1.0002236949066607;1.002622260252038;1.0028929540328897;0.999989749459516;0.999944452511128;1.0011324742839665;1.0008954207372276;1.0;0.9997617958761699;0.999642661966403;0.9999664480024067;0.998890150078101;0.9986777397089724;0.9999999999999999;0.9999588358892652;0.9999485216342886;1.0027916871884583;0.9999739033551223;1.0;0.9999670320839039;0.9999963609363243;1.024999976158142;
2016-07-09 22:15:00;1.000353402023456;0.9998973917497783;0.9999794674783649;1.0006515300049161;1.0;1.0008791652396847;1.0027161085320486;1.0005327497617493;0.9999719313792238;1.0017434654905484;1.0;1.0;1.0;1.0008416822792725;1.0;1.0002028982103204;1.0002315793580572;1.0;1.0020886228247454;0.9999819335112107;1.0;0.9999441237049441;1.0002239786005356;1.0025302594086953;1.002791161195195;0.999992948963133;0.9999588597701204;1.0011038913641126;1.0008623078333376;0.9999999999999999;0.9997803908120032;0.9996725082679294;0.9999748542505201;0.9989854822228332;0.9987768081227368;1.0;0.9999601980979876;0.9999510588943047;1.0026943391270777;0.9999801708134572;1.0;0.9999783418246263;0.9999967552592299;1.024999976158142;
2016-07-09 22:30:00;1.0003598595416343;0.9998685281891307;0.9999741532855624;1.0006667953369794;1.0;1.00090060597139;1.0027985084025242;1.0005458519579125;0.9999654353331566;1.0017903520535147;1.0;1.0;1.0;1.0008601084021593;1.0;1.0002104986976708;1.0002399669390005;1.0;1.0021482755077031;0.9999780012540723;1.0;0.9999309357346239;1.000232188263223;1.0026071531619107;1.0028756216132844;0.9999920257454133;0.9999498335055788;1.0011315793951976;1.000888615918487;1.0;0.9997625202203853;0.9996446434856229;0.9999677390828531;0.998897422252484;0.9986663839929548;1.0;0.9999601980979874;0.9999510588943046;1.0027750562628788;0.9999744703280394;1.0;0.9999733615183427;0.9999956663948211;1.024999976158142;
2016-07-09 22:45:00;1.0003532906773822;0.9998542353457553;0.9999721747535522;1.0006568737924189;1.0;1.0008878061591455;1.0027660633187674;1.000538756796449;0.999963762011673;1.001766065086486;1.0;1.0;1.0;1.00084649354783;1.0;1.0002092354251824;1.0002383634764969;1.0;1.0021211188497008;0.9999770099084093;1.0;0.9999254575718051;1.0002306889714994;1.0025770484757615;1.0028421474757903;0.9999919317852228;0.9999461262771057;1.0011155391010038;1.0008792582381933;1.0;0.9997881437362842;0.9996842209692964;0.9999646364219994;0.9990218895131499;0.9988134335073537;1.0;0.9999597397549471;0.9999506005554532;1.0027422323073218;0.999971913610799;0.9999999999999999;0.9999720191640733;0.9999950562917225;1.024999976158142;
2016-07-09 23:00:00;1.00035584531598;0.9999051409408822;0.9999792213169766;1.0006545631719124;1.0;1.0008822837072393;1.0027234004736023;1.0005348274008563;0.999969784617455;1.0017506860395562;1.0;1.0;0.9999999999999999;1.0008461889448381;1.0;1.0002054747753253;1.0002343191393455;1.0;1.002096227210008;0.9999808071204881;0.9999999999999999;0.9999458074290204;1.0002266922096326;1.0025371554251379;1.0027985122608014;0.9999928450014424;0.9999603360839947;1.0011083978718618;1.0008679131620684;1.0;0.9997719466377115;0.9996567632341812;0.9999755003228236;0.9989324489431854;0.9987099535682237;1.0;0.9999599049333583;0.9999503846060038;1.002701973794274;0.9999808588478232;1.0;0.9999769244757056;0.9999971793166508;1.024999976158142;
2016-07-09 23:15:00;1.0003582211736062;0.9999174394263434;0.9999817675940122;1.0006572818017356;1.0;1.0008853791586443;1.0027239116042939;1.0005370421025903;0.9999729742734033;1.0017538270262283;1.0;1.0;1.0;1.0008502483843265;1.0;1.000205331982996;1.0002342423424542;1.0;1.0020981174306964;0.9999827800848171;1.0;0.9999510253627856;1.0002265670060946;1.0025375965629766;1.0027991593970687;0.9999933976391191;0.999963597572906;1.0011116843106873;1.0008677106329398;1.0;0.9997574778114217;0.9996343078423053;0.9999788285686403;0.9988618616800831;0.998650639799515;1.0;0.9999604365302407;0.9999512973243787;1.0027029801975973;0.9999835156474094;1.0;0.9999793884253986;0.9999976701479404;1.024999976158142;
2016-07-09 23:30:00;1.000362050906465;0.9999034966749468;0.9999722537022552;1.0006633329697607;1.0;1.0008927462999944;1.002785381046118;1.0005334222419096;0.9999531635561105;1.001788643560184;0.9999999999999999;1.0;0.9999999999999999;1.0008574753278123;0.9999999999999999;1.000205591372222;1.0002343632753425;1.0;1.002142771767972;0.9999709187127693;0.9999999999999999;0.9999335399908122;1.0002267484032443;1.0025949350021115;1.0028621727037492;0.9999899088337285;0.9999514021229412;1.0011264593859817;1.0008869064637884;1.0;0.9997556038070259;0.999631947948174;0.9999708003413024;0.9988550340074938;0.9986405637091617;1.0;0.9999594465905667;0.9999499262675758;1.0027636920179874;0.9999778553802497;1.0;0.9999649880328485;0.9999979139767399;1.024999976158142;
2016-07-09 23:45:00;1.000359533871307;0.999908378820587;0.9999738829249842;1.0006585926274032;1.0;1.0008861176200257;1.0027562192964496;1.0005314831053327;0.9999561712008034;1.001771744004861;1.0;1.0;1.0;1.0008516191193135;1.0;1.0002058309233688;1.0002345282764555;1.0;1.0021217055166405;0.999972801303229;1.0;0.999937626912588;1.0002269442790555;1.0025678416910493;1.0028321177465467;0.9999906348517708;0.9999545202510873;1.001117223889132;1.0008796182082063;0.9999999999999999;0.9997616325186701;0.999639719584523;0.9999723730963397;0.9988772551227759;0.9986584087758149;1.0;0.9999596850224883;0.9999501646972275;1.002734912436212;0.9999790179447928;1.0;0.9999672128863935;0.9999979686868121;1.024999976158142;
2016-07-10 00:00:00;1.0003559860517701;0.9999015344306029;0.9999722936077926;1.000652889576293;1.0;1.0008794675913024;1.0027474503768161;1.0005244714431833;0.9999540440828385;1.0017632304650037;0.9999999999999999;1.0;1.0;1.0008438447667103;1.0;1.0002005004766528;1.0002287779828538;1.0;1.0021130997024412;0.9999712407148817;1.0;0.9999341072131772;1.0002213086929364;1.002559459214842;1.0028232746187675;0.999989672441861;0.9999520567240687;1.0011098645361334;1.0008742552110534;0.9999999999999999;0.9997950914273162;0.9996945626438415;0.9999705261844455;0.999054061491197;0.9988537892180102;1.0;0.9999586707077778;0.9999487375798264;1.002725885674045;0.9999775660773473;1.0;0.9999654838262498;0.9999977392258184;1.024999976158142;
2016-07-10 00:15:00;1.000340921223231;0.9999098627706615;0.9999816792626903;1.0006275599700456;1.0;1.000846340041517;1.0026068551912293;1.0005140722344175;0.999974736419085;1.0016760661248791;0.9999999999999999;1.0;1.0;1.0008113118827693;1.0;1.0001964367151674;1.0002241380918757;1.0;1.0020066293644818;0.9999837438241244;1.0;0.9999507461342032;1.000216809010822;1.002428557180558;1.002678809313043;0.9999936317396888;0.9999638458453155;1.0010622709090358;1.0008299643036678;1.0;0.9998218378804512;0.9997353645750092;0.9999776843299836;0.9991813578385615;0.9989912587381555;0.9999999999999999;0.9999599781869983;0.9999508389853254;1.0025863017927101;0.9999824254777909;1.0;0.999980525424516;0.9999971641019213;1.024999976158142;
2016-07-10 00:30:00;1.0003352296709704;0.9999336084444761;0.9999861805352859;1.0006144757527384;1.0;1.0008266642606285;1.0025223231307188;1.000506734679699;0.9999802620303253;1.0016287772542243;1.0;1.0;1.0;1.000795588761213;1.0;1.0001972703369277;1.0002246328796383;0.9999999999999999;1.0019462416971314;0.9999875307205793;1.0;0.9999622068573915;1.0002173873807347;1.0023501416926763;1.0025916998215214;0.9999955043973694;0.9999720023420879;1.0010359556115038;1.0008020988150803;0.9999999999999999;0.9998290557238254;0.9997466561948395;0.9999834523890723;0.9992167048532632;0.9990324694413473;1.0;0.9999598373779368;0.9999511109890308;1.0025033499981661;0.999987029187557;1.0;0.9999849270185542;0.9999980134828089;1.024999976158142;
2016-07-10 00:45:00;1.0003357823623586;0.999966512907755;0.9999922600325262;1.0006118751194728;1.0;1.0008232084010318;1.0024946180907497;1.0005032561795255;0.9999884146394956;1.0016180337218308;0.9999999999999999;1.0;0.9999999999999999;1.0007940819569479;0.9999999999999999;1.0001902401471239;1.0002173146052962;1.0;1.0019297980725475;0.9999921113246251;1.0;0.999979144783383;1.0002101446342329;1.002323857330702;1.0025636262354298;0.9999959275708504;0.9999841815525328;1.0010309153666337;1.0007952825230793;1.0;0.9998471905076556;0.9997740096142258;0.9999913927659919;0.9993023951529444;0.9991212314919278;1.0;0.9999597397549471;0.9999506005554532;1.0024770636131914;0.9999933347669382;0.9999999999999999;0.9999909704415817;0.9999991220699285;1.024999976158142;
2016-07-10 01:00:00;1.0003280147984954;0.9999477892185167;0.9999877421064803;1.0005994925611645;1.0;1.0008077178928307;1.002471280229314;1.0004893554736805;0.9999815431055497;1.0015966288397884;1.0;1.0;1.0;1.0007768898524485;0.9999999999999999;1.0001831051499186;1.000209396979278;1.0;1.0019075188369184;0.9999877576397505;1.0;0.9999681534298034;1.00020243257937;1.0023019963222384;1.0025397525441053;0.9999942878730429;0.999976272490367;1.0010135222082301;1.0007862444668358;1.0;0.9998541938278259;0.9997858126054152;0.999986226393955;0.9993403019417908;0.9991765983575912;1.0;0.9999602957240675;0.9999515693311615;1.002453110734191;0.9999893298064201;1.0;0.9999857572605286;0.9999985872245701;1.024999976158142;
2016-07-10 01:15:00;1.0003209220422498;0.9999554121709714;0.9999897846650275;1.0005862545000308;1.0;1.0007880360551367;1.00239042292757;1.0004846354594648;0.9999847777441035;1.0015490484066283;0.9999999999999999;0.9999999999999999;1.0;1.000760336187076;1.0;1.0001888397722223;1.000215049699039;1.0;1.0018486174149932;0.9999903241770208;1.0;0.9999739701936273;1.0002081416167843;1.0022272561109395;1.0024560880960143;0.9999963113201655;0.9999810074413855;1.000986954458066;1.0007601509211503;1.0;0.9998768969149575;0.999821300367917;0.9999881714102159;0.9994526229700418;0.999314103065231;1.0;0.9999564766263903;0.9999469563316757;1.0023731602297583;0.9999907977716749;1.0;0.9999884043116797;0.9999987125091213;1.024999976158142;
2016-07-10 01:30:00;1.000320747069568;0.9999542007730984;0.9999897829894359;1.0005861145923254;1.0;1.000788246113448;1.0023934800253882;1.0004838103867846;0.9999850450633732;1.001550228933256;0.9999999999999999;1.0;1.0;1.000760035495676;0.9999999999999999;1.00018713441752;1.0002132678600768;0.9999999999999999;1.0018503570915445;0.9999903708613115;1.0;0.9999735541481105;1.000206373552187;1.0022300106152324;1.0024593294835786;0.9999961065954259;0.9999806078458499;1.0009873220884502;1.0007607023029692;1.0;0.9998821724764358;0.9998300610624458;0.9999880812040569;0.9994811295178676;0.9993527640644292;1.0;0.9999521134745146;0.9999425932213403;1.0023761179049087;0.9999907040571001;1.0;0.9999885386994914;0.9999986576754996;1.024999976158142;
2016-07-10 01:45:00;1.0003160746209832;0.9999590218173242;0.999991242905649;1.0005773058929122;1.0;1.0007767953448914;1.0023558158216215;1.0004762763632096;0.9999876722079638;1.0015265925836803;1.0;1.0;1.0;1.0007487977647298;0.9999999999999999;1.0001821991504318;1.0002078855996783;0.9999999999999999;1.0018217271561007;0.9999918030240117;1.0;0.999976928591787;1.0002011051729653;1.0021947722290403;1.0024207687768405;0.9999962189898225;0.9999829770548426;1.0009726485040444;1.0007472535620554;1.0;0.999892365712246;0.9998468467247259;0.9999896534595885;0.9995351344775496;0.9994293891779168;1.0;0.9999546432661651;0.9999451229889055;1.002338861118506;0.9999918892794125;1.0;0.999990409063739;0.9999987564844137;1.024999976158142;
2016-07-10 02:00:00;1.0003130418511974;0.9999639819046833;0.9999926720607674;1.0005710766193552;1.0;1.0007683413009945;1.002327516120258;1.0004704919890741;0.9999897063847952;1.0015087961004956;0.9999999999999999;0.9999999999999999;1.0;1.0007407488131699;0.9999999999999999;1.000178421876819;1.0002037273340822;1.0;1.0017997400391856;0.9999929969603555;0.9999999999999999;0.9999787109335723;1.0001970118381411;1.002168342674129;1.0023918515876467;0.9999964622105383;0.9999837010936155;1.0009617636519585;1.000740410166352;1.0;0.9998912235838479;0.9998431729583438;0.9999914212519003;0.9995208864648006;0.9994022432019187;1.0;0.9999599049333585;0.9999503846060039;1.0023109444352252;0.9999932800297573;1.0;0.9999919265891385;0.9999989785398504;1.024999976158142;
2016-07-10 02:15:00;1.0003134890175287;0.999978543959443;0.9999948413482748;1.0005700722086828;0.9999999999999999;1.0007655391594152;1.0023048344381296;1.0004716418370412;0.9999917557096263;1.0014989267121504;1.0;1.0;1.0;1.0007403298248234;1.0;1.0001817544329408;1.0002071803640162;1.0;1.0017855586030981;0.9999945438913953;1.0;0.9999851790082531;1.000200439623012;1.0021474351845856;1.0023683410189135;0.9999974297787975;0.9999884553860765;1.0009575311607855;1.0007186194097004;1.0;0.9998955084767994;0.9998603720327088;0.9999945011350261;0.9995887092063985;0.9995038939311264;1.0;0.9999605156351858;0.9999517892403609;1.0022890606018187;0.9999957939265899;1.0;0.9999936720642846;0.9999995384719976;1.024999976158142;
2016-07-10 02:30:00;1.0003064604199698;0.9999809809766984;0.9999952138240822;1.0005567881298199;1.0;1.000747513561334;1.0022508646677524;1.0004598417333082;0.9999918849115447;1.0014639166659949;1.0;1.0;0.9999999999999999;1.000723029739317;1.0;1.0001766045885911;1.0002013573065527;0.9999999999999999;1.0017435165806616;0.9999946451464407;1.0;0.9999853038432994;1.000194772400999;1.0020971697665952;1.0023129476505577;0.9999974643900676;0.9999882100912465;1.0009350909329826;1.0006999428251377;1.0;0.9998982360673453;0.9998651141997579;0.9999951747921012;0.9996039361130002;0.9995294614124378;1.0;0.9999595313955233;0.9999515989494815;1.0022355456999648;0.999996363615791;0.9999999999999999;0.9999938113912417;0.999999698742589;1.024999976158142;
2016-07-10 02:45:00;1.0003042940465443;0.9999786043428527;0.9999949360552193;1.0005535648585442;1.0;1.0007443740167727;1.0022466264793684;1.0004561799097988;0.999992318999017;1.0014599204045775;0.9999999999999999;1.0;1.0;1.0007188782278906;1.0;1.000172417642406;1.0001969582808512;1.0;1.0017398119735288;0.9999945872359345;1.0;0.9999860347866308;1.0001904588049193;1.002092945571845;1.0023087328306286;0.99999684891305;0.9999892053257788;1.0009315198191464;1.0006997667818198;1.0;0.99991608392552;0.9998925911231467;0.9999945449117426;0.9996905895938131;0.9996421540222233;1.0;0.9999579063836621;0.9999487672009244;1.0022311519920095;0.9999957968081234;0.9999999999999999;0.9999939461872969;0.9999994837128694;1.024999976158142;
2016-07-10 03:00:00;1.000301168704284;0.999977996880299;0.9999948982386;1.0005481130368676;1.0;1.0007371471966;1.0022246067896028;1.0004520490826767;0.9999924838965912;1.001445586292064;1.0;0.9999999999999999;0.9999999999999999;1.0007118191196789;1.0;1.000171064999668;1.000195399732521;1.0;1.0017228825275915;0.9999946849052507;1.0;0.9999863662994615;1.0001889656748133;1.0020724354935178;1.00228607084023;0.9999968891597318;0.9999896223645702;1.0009224163484876;1.000694879098732;1.0;0.9999164904839344;0.999891429469448;0.9999943694841522;0.9996845127209112;0.9996359129933221;1.0;0.9999610472338154;0.9999527019626746;1.0022092393881616;0.9999956360899984;1.0;0.9999940546217507;0.999999418439139;1.024999976158142;
2016-07-10 03:15:00;1.0002949012258255;0.9999770925667414;0.9999949247769926;1.0005368028990957;1.0;1.0007216738315665;1.002176785014154;1.0004432419724996;0.9999925405212249;1.0014144355832582;1.0;1.0;1.0;1.0006969925968736;0.9999999999999999;1.0001686836803882;1.0001925509841616;1.0;1.0016856622666968;0.9999948304569076;1.0;0.9999857521928678;1.0001862319718335;1.002027999868366;1.0022368670167108;0.999997166192747;0.9999890564401799;1.0009028621570155;1.000688957452598;1.0;0.9999362494418185;0.9999155119505367;0.9999943190694872;0.9997521479623245;0.9997199708539007;1.0;0.9999601980979876;0.9999510588943047;1.0021617095302524;0.9999955897944797;1.0;0.9999941404200484;0.9999993994671339;1.024999976158142;
2016-07-10 03:30:00;1.000295313349838;0.9999796018335447;0.9999953335861558;1.0005371368841895;1.0;1.0007212841796502;1.0021697125565474;1.000444925226576;0.9999927559059703;1.0014113487775897;1.0;1.0;1.0;1.0006975462344916;0.9999999999999999;1.0001717819154559;1.000195777539608;1.0;1.0016811268045673;0.9999951927434348;0.9999999999999999;0.9999864553537551;1.0001894197295431;1.0020216191420683;1.0022294426645884;0.9999977265536616;0.9999894822069905;1.0009019406953616;1.0006872976439882;1.0;0.9999365381501327;0.9999154136055808;0.9999948972010382;0.9997511079451716;0.9997192459865939;1.0;0.9999603632795462;0.999950842947828;1.0021548477201452;0.9999960722889744;0.9999999999999999;0.9999944198479708;0.999999524833121;1.024999976158142;
2016-07-10 03:45:00;1.0002994897912882;0.9999785869842044;0.9999948369782031;1.0005447318893428;1.0;1.0007319197451272;1.002206568231534;1.0004497981289133;0.9999918761837042;1.0014344102425794;1.0;1.0;1.0;1.0007073734201029;0.9999999999999999;1.000171976614307;1.0001962038719074;1.0;1.0017090728060145;0.9999945136096362;1.0;0.9999855114034392;1.0001897832398918;1.0020558071736214;1.0022674363926285;0.9999972098947573;0.999988772713038;1.000915753457324;1.0007008069830448;1.0;0.9999294025320736;0.9999032995809958;0.9999944790171369;0.9997117231060688;0.9996697162151208;1.0;0.9999598258274266;0.9999498926880007;1.0021914004654109;0.9999957676310897;1.0;0.9999937150747739;0.9999995187301086;1.024999976158142;
2016-07-10 04:00:00;1.0002946147472203;0.9999837878177484;0.9999955168967681;1.0005355348376501;0.9999999999999999;1.0007200148877298;1.0021702246965478;1.0004416545583967;0.9999929158476168;1.001411780395696;1.0;1.0;1.0;1.0006958686962724;1.0;1.0001672132135213;1.0001910046423763;1.0;1.0016819970957327;0.9999949724695171;1.0;0.9999891225742098;1.0001847268605781;1.0020217759052308;1.0022301535511464;0.9999969774704003;0.999991817461517;1.0009010451471585;1.0006884540510272;1.0;0.9999346196901677;0.9999116973645166;0.9999953724979854;0.9997384049898222;0.9996975362392647;1.0;0.9999612671482465;0.9999529218752704;1.0021554477615133;0.9999964695134725;1.0;0.9999944255477754;0.9999996289002742;1.024999976158142;
2016-07-10 04:15:00;1.0002970456516236;0.9999782978270451;0.9999946033860534;1.0005404106743232;1.0;1.00072558504221;1.0021843398508539;1.0004477848821727;0.9999913966325434;1.0014207199187863;1.0;1.0;1.0;1.0007018668273815;1.0;1.0001738246111873;1.0001980097123129;1.0;1.0016925664700178;0.9999944230002428;1.0;0.9999856571061987;1.0001916178821748;1.002035287943751;1.0022443867266355;0.999997588535335;0.9999891582305966;1.0009075984333404;1.0006911605545563;1.0;0.9999289985627289;0.9999042949071041;0.9999941477247086;0.99971686970902;0.9996748038405984;1.0;0.9999612671482468;0.9999529218752707;1.0021693243581844;0.9999955136891441;1.0;0.999993448131028;0.9999994898982516;1.024999976158142;
2016-07-10 04:30:00;1.0002992478469241;0.9999763251581881;0.9999939758787516;1.0005445442898326;1.0;1.000731461403215;1.0022063072721776;1.000450154690981;0.9999903843029079;1.0014341050535178;1.0;1.0;0.9999999999999999;1.0007071274560053;1.0;1.00017368359327;1.000197978315299;1.0;1.001709002587583;0.9999937093171334;1.0;0.9999843342851287;1.0001915576696643;1.0020556606072382;1.0022670331987753;0.9999971724651577;0.9999882067824784;1.0009153752601345;1.0006987651718464;0.9999999999999999;0.9999248846775025;0.9998975402689144;0.9999935160817677;0.9996951012839868;0.9996483593796652;1.0;0.9999609739818914;0.9999522475830666;1.0021910630467665;0.9999950344208535;1.0;0.9999926523500803;0.9999994442900269;1.024999976158142;
2016-07-10 04:45:00;1.000295809519253;0.9999741251739449;0.999993894336097;1.0005386802653709;0.9999999999999999;1.0007242735446304;1.0021886812416714;1.0004442774074511;0.9999907543805373;1.0014213491347557;1.0;1.0;0.9999999999999999;1.0006993377600355;1.0;1.0001693049866016;1.0001932407906835;1.0;1.0016944292307515;0.9999937489976836;0.9999999999999999;0.9999837959747417;1.0001869109771064;1.002039081972514;1.0022490670779909;0.9999968357728679;0.9999877634622745;1.0009065740057208;1.0006927450283498;1.0;0.9999345681742582;0.9999129286977472;0.999993241129834;0.9997440238961253;0.9997051331322947;1.0;0.9999612124144863;0.9999524860135808;1.0021734171052856;0.9999947756513752;1.0;0.9999928229432576;0.9999993287971627;1.024999976158142;
2016-07-10 05:00:00;1.0002949719166885;0.9999782751560272;0.9999951979269538;1.0005371313376177;1.0;1.000721831646759;1.0021718745412576;1.00044552567816;0.9999932141726261;1.0014126269184174;0.9999999999999999;1.0;0.9999999999999999;1.0006977217083284;0.9999999999999999;1.0001717080046195;1.0001957730866138;1.0;1.0016831921899128;0.9999953557548148;0.9999999999999999;0.9999877293026718;1.0001894332348038;1.0020235411802867;1.0022316297367224;0.9999975821394038;0.9999909718301658;1.0009026019481382;1.000687852034169;1.0;0.9999360111895167;0.9999147389986787;0.9999944122151594;0.9997492018739003;0.9997163201509904;0.9999999999999999;0.9999601980979875;0.9999510588943045;1.002156885393556;0.999995627870713;0.9999999999999999;0.999994675067736;0.9999993439876905;1.024999976158142;
2016-07-10 05:15:00;1.000299979614768;0.9999757083081512;0.9999950019600623;1.0005460329325613;0.9999999999999999;1.0007338745229186;1.0022128864034707;1.000451005514459;0.9999926773867023;1.0014375625641547;1.0;1.0;1.0;1.0007087928737028;1.0;1.0001719270907046;1.0001961899232352;1.0;1.0017130597367496;0.9999949699254923;1.0;0.9999844399299819;1.0001897423200612;1.0020616828731637;1.0022739911127003;0.999997325131489;0.9999877231027329;1.000917917573011;1.0007030019753314;1.0;0.9999352101854598;0.9999125163035291;0.9999943614759441;0.9997412088797227;0.9997032319811029;1.0;0.9999605888900557;0.99995224362274;1.0021975454639698;0.9999956175669311;1.0;0.9999942657578419;0.9999993941277442;1.024999976158142;
2016-07-10 05:30:00;1.0002937617278285;0.9999791591629129;0.9999950052053536;1.0005342461994107;1.0;1.0007173175248858;1.0021593854749102;1.0004422028635604;0.9999919844752363;1.0014043464248392;1.0;1.0;1.0;1.0006937628211057;1.0;1.0001708871313382;1.0001947344997575;1.0;1.0016728810130602;0.9999947573478976;0.9999999999999999;0.99998565130031;1.0001884123437847;1.0020120190171988;1.0022188249513737;0.9999976364048193;0.9999888512271823;1.0008971923216323;1.000685079785599;1.0;0.9999391911652649;0.9999187496153856;0.99999464432417;0.9997606189653644;0.9997259539047401;1.0;0.9999597525772098;0.999949438312778;1.0021445721813453;0.9999959031491006;1.0;0.9999938808701434;0.9999995499147825;1.024999976158142;
2016-07-10 05:45:00;1.000296722762165;0.999981230057186;0.9999951781426921;1.0005396230881334;1.0;1.0007249784755101;1.0021826145757131;1.0004464278157468;0.9999924256519229;1.0014199845689478;1.0;1.0;0.9999999999999999;1.0007010486415042;0.9999999999999999;1.0001714357157216;1.000195523930467;0.9999999999999999;1.0016916311829551;0.9999948712457318;1.0;0.9999877213213212;1.0001891653201798;1.0020335129926359;1.0022427300042804;0.9999973659274508;0.9999907653865682;1.0009069229397147;1.0006925816459866;1.0;0.999937789540627;0.9999167572784995;0.9999948433777708;0.9997547251771874;0.9997234175009557;1.0;0.9999598258274266;0.9999498926880008;1.0021677001919056;0.9999960462472305;1.0;0.9999941336793587;0.9999995491306203;1.024999976158142;
2016-07-10 06:00:00;1.000297400015209;0.9999807060931458;0.9999955755617552;1.0005412573667232;1.0;1.0007273385551034;1.0021869875818679;1.0004488746076285;0.9999936766900056;1.0014231083457041;1.0;1.0;1.0;1.0007032274112402;1.0;1.0001727102801337;1.0001969529980828;1.0;1.0016953809487499;0.99999560894705;1.0;0.9999889308497628;1.0001905679495589;1.0020375876119052;1.0022471793366403;0.9999975963120001;0.9999918599236477;1.0009094465562496;1.0006931206891736;1.0;0.999935294158861;0.9999134749199289;0.9999949476701497;0.9997451075539995;0.9997074452789662;1.0;0.9999601980979873;0.9999510588943042;1.0021720005996815;0.9999960580907185;1.0;0.9999950119540488;0.9999994283070912;1.024999976158142;
2016-07-10 06:15:00;1.0003004462458374;0.9999773211019214;0.9999950554564891;1.0005470059632262;1.0;1.0007349910697143;1.0022121463581775;1.0004533816322225;0.9999928803064891;1.0014384979170563;1.0;1.0;1.0;1.0007104033985743;0.9999999999999999;1.0001746447669488;1.0001991138642894;1.0;1.0017139724053719;0.9999951649597417;1.0;0.9999865579193149;1.0001926515642248;1.0020610670497838;1.0022730479343092;0.9999975502878075;0.9999898724618504;1.000919083321777;1.0006998868636732;1.0;0.9999160356010182;0.9998841260944956;0.9999943182092547;0.9996531516960795;0.9996115371563415;1.0;0.999961364772316;0.9999534323117304;1.0021968790550122;0.9999955676506977;1.0;0.9999944325738834;0.9999993584046784;1.024999976158142;
2016-07-10 06:30:00;1.0003047181565208;0.9999793002555271;0.9999949336607353;1.00055399873709;1.0;1.0007437357277347;1.0022387591661215;1.0004584457408392;0.9999916912956047;1.0014560642113775;1.0;1.0;1.0;1.0007194428977748;1.0;1.000177188412654;1.0002019053917957;1.0;1.001734356656794;0.9999945855968952;1.0;0.9999852136898071;1.000195346859616;1.002085953279369;1.0023004065063674;0.999997581612183;0.9999884140144427;1.000930252659698;1.0007097175075197;1.0;0.9998891246945117;0.9998409617974897;0.999994664961518;0.9995152689908264;0.9994836541114092;1.0;0.9999601980979875;0.9999510588943048;1.0022234475953464;0.9999959387341811;1.0;0.9999936784442464;0.9999995893963944;1.024999976158142;
2016-07-10 06:45:00;1.0003056668997559;0.999970250644552;0.9999932411751209;1.000557078586139;0.9999999999999999;1.0007491432395896;1.002265546880029;1.0004597243035689;0.9999900313732747;1.0014704963735896;0.9999999999999999;1.0;1.0;1.0007231134000933;1.0;1.0001755555991227;1.0002003370809267;0.9999999999999999;1.001753470390884;0.9999932955897592;1.0;0.9999821641662595;1.0001937898556101;1.0021106781484534;1.002328033342833;0.999996696570558;0.9999866680174535;1.0009377325514932;1.0007190541012723;1.0;0.9998935385142635;0.9998477654889546;0.9999923201829958;0.9995369752471451;0.9995040558594311;1.0;0.9999614323229696;0.9999527059201451;1.0022496158651821;0.9999940317027058;0.9999999999999999;0.9999922572536484;0.9999991761682555;1.024999976158142;
2016-07-10 07:00:00;1.0002983399963665;0.9999689176538338;0.9999932221181076;1.0005440537680945;1.0;1.0007321358357222;1.0022168499091655;1.0004482954860496;0.9999903863163397;1.0014380402639642;1.0;1.0;1.0;1.0007060737485183;0.9999999999999999;1.0001697437825543;1.0001938844753122;1.0;1.0017152324106413;0.9999933849482338;1.0;0.9999820588193613;1.0001875070247375;1.0020652160799906;1.002278079361003;0.9999964936089781;0.999986612614804;1.0009165799493158;1.0007036551660438;0.9999999999999999;0.9999156049067954;0.9998818619088435;0.9999921533392555;0.9996439734532248;0.9996098667718638;1.0;0.9999604365302406;0.9999512973243786;1.0022011549603629;0.9999938663945649;1.0;0.999992444486402;0.9999990902716361;1.024999976158142;
2016-07-10 07:15:00;1.0003033361967824;0.9998717411494029;0.9999775769728988;1.0005646700360367;1.0;1.0007632386874221;1.0023712761210164;1.00046495983489;0.9999725318286747;1.0015135571298381;1.0;1.0;1.0;1.000727266432018;1.0;1.0001805797674979;1.0002056728234452;1.0;1.001817492228234;0.9999825229673054;1.0;0.9999359581191721;1.0001990224632158;1.00220948880672;1.00243648424655;0.9999939240577544;0.9999530971507519;1.0009576734453671;1.00075358580832;0.9999999999999999;0.9999213652051073;0.9998912317681232;0.9999704737850812;0.9996741975022221;0.9996423379947718;1.0;0.9999592138580989;0.9999508686022589;1.0023506591148492;0.9999763778469245;1.0;0.9999786290570668;0.9999955441109366;1.024999976158142;
2016-07-10 07:30:00;1.0003047359496369;0.9999406091060697;0.9999891526439304;1.0005593444372782;1.0;1.000753038353863;1.002288909761621;1.000463781686524;0.9999863889408381;1.0014792529508545;1.0;0.9999999999999999;1.0;1.0007244341326933;1.0;1.0001802965542068;1.0002053682504246;1.0;1.0017672962675586;0.9999911752028191;1.0;0.9999700045084655;1.0001987574154794;1.0021326954943985;1.0023517962828994;0.9999965369886977;0.9999781227926201;1.0009424409886774;1.0007246897931705;1.0;0.9999099966645235;0.9998749066227505;0.9999860159195686;0.9996244228185238;0.9995864057599714;1.0;0.999957906383662;0.9999487672009243;1.002271646850212;0.9999888494659769;0.9999999999999999;0.9999893687219955;0.9999979603148791;1.024999976158142;
2016-07-10 07:45:00;1.0003088599950098;0.999881894762701;0.9999778697701794;1.0005734428527582;0.9999999999999999;1.0007765469486736;1.0024212920279285;1.0004672477675378;0.9999720673926391;1.0015463789426433;1.0;1.0;0.9999999999999999;1.0007394357667354;1.0;1.0001743298027503;1.0001994596200086;1.0;1.0018570231815145;0.9999816166193608;1.0;0.9999406211145114;1.0001928329152887;1.00225541818307;1.002488318482781;0.9999922521842519;0.9999569783976016;1.000975990059618;1.0007650281436005;1.0;0.9999013809890416;0.9998635747112534;0.9999717252462587;0.9995913340593572;0.9995309012302568;1.0;0.9999589206928561;0.9999501943119499;1.002400629910888;0.9999774796923503;1.0;0.9999781019853897;0.9999959247737104;1.024999976158142;
2016-07-10 08:00:00;1.0003198203267254;0.999922598033118;0.9999858675302923;1.0005886620661737;1.0;1.000793061320405;1.0024228550068552;1.0004871867097456;0.9999821059112388;1.0015615196385148;1.0;1.0;1.0;1.0007615107878525;1.0;1.0001895978963962;1.0002159271167619;1.0;1.001867641464661;0.9999885331197755;1.0;0.9999605901130576;1.000208975127968;1.0022574785618876;1.0024894449587813;0.9999957512669578;0.9999711847603948;1.0009932179289966;1.0007660315304532;0.9999999999999999;0.9998776512187904;0.999825859046615;0.9999817883773067;0.9994712500976001;0.999349775137363;1.0;0.9999595313955231;0.9999515989494815;1.0024039978388106;0.999985488626254;1.0;0.9999860989452214;0.9999973631002459;1.024999976158142;
2016-07-10 08:15:00;1.0003163152788686;0.9999543614759457;0.9999921130861467;1.0005784250055336;1.0;1.0007778617527405;1.002352925964284;1.000479487602137;0.9999900229463785;1.0015240850204146;0.9999999999999999;1.0;0.9999999999999999;1.000749735985389;0.9999999999999999;1.0001852912534281;1.0002111329370968;1.0;1.0018183907192821;0.9999934361549471;0.9999999999999999;0.9999752327151492;1.0002042680700276;1.0021923049174661;1.0024177448901601;0.9999972137058767;0.9999810667260587;1.0009727168060005;1.0007466130334708;1.0;0.9998736110672835;0.9998170991817399;0.9999899305583807;0.9994406567196223;0.9993634344421447;1.0;0.9999582239195154;0.9999494975446896;1.002335829060765;0.9999919822972557;1.0;0.9999921795237791;0.9999985529940696;1.024999976158142;
2016-07-10 08:30:00;1.0003250798314551;0.9999668123023088;0.9999923252392398;1.0005925276205971;1.0;1.0007969029763957;1.0024130288305615;1.0004883037344303;0.9999885307689964;1.0015654812931913;1.0;1.0;1.0;1.0007689872475414;0.9999999999999999;1.0001861048124636;1.0002124142209945;1.0;1.00186705475543;0.9999923187025244;1.0;0.9999797343841444;1.0002054580673616;1.0022479983126027;1.002479641173287;0.9999962733819886;0.9999848063668821;1.0009977981778317;1.0007669373822858;1.0;0.9998422775254082;0.9997673394505727;0.9999913693586077;0.9992824382024564;0.9991752496384078;1.0;0.9999594337717849;0.9999510885141094;1.0023960158138798;0.9999933079516569;0.9999999999999999;0.9999911120071797;0.9999991030800821;1.024999976158142;
2016-07-10 08:45:00;1.0003266729860805;0.999975736149116;0.9999947293084522;1.0005949597299506;1.0;1.0007999132301482;1.0024095220773162;1.0004928296484408;0.9999927226112323;1.0015664402288527;1.0;0.9999999999999999;1.0;1.0007728266168487;0.9999999999999999;1.0001887126615414;1.000215309153604;1.0;1.0018668212671933;0.9999948929469186;0.9999999999999999;0.9999864905862851;1.0002083009366947;1.0022447520020872;1.0024759477957395;0.9999971282309396;0.9999900366605201;1.0010004056043544;1.0007655763791554;1.0;0.9998508573553002;0.999781034809004;0.999993843484598;0.9993261303157955;0.9991904542021894;1.0;0.9999596722006935;0.9999513269410283;1.0023928623219485;0.9999951704623576;0.9999999999999999;0.9999942216690677;0.9999992535414114;1.024999976158142;
2016-07-10 09:00:00;1.0003246930719403;0.9999851221850378;0.9999956136396001;1.0005898924965388;0.9999999999999999;1.0007918258537347;1.0023774907572587;1.0004894371145538;0.9999926414009945;1.0015487203822568;1.0;1.0;1.0;1.000766761990728;1.0;1.0001899237526641;1.0002163771959462;1.0;1.001844072151848;0.9999951295189551;1.0;0.9999893730593413;1.0002094030309396;1.0022151306602565;1.0024428664533998;0.9999976683358568;0.9999920537628305;1.0009901379723682;1.0007539506170307;1.0;0.9998582889144899;0.9997935222817609;0.9999955367746446;0.9993666703579465;0.9992382139251514;1.0;0.9999588230700318;0.999949683878916;1.0023614955835727;0.9999966273839025;1.0;0.9999943776349458;0.9999997040821524;1.024999976158142;
2016-07-10 09:15:00;1.0003361801447763;0.999977216475294;0.9999930129458098;1.0006111942234674;1.0;1.0008207780968743;1.0024769498470465;1.0005047722372842;0.9999880685245457;1.0016107226493922;1.0;1.0;0.9999999999999999;1.0007940300287612;0.9999999999999999;1.0001951302447958;1.0002223991015777;0.9999999999999999;1.0019193495175074;0.9999922775520369;0.9999999999999999;0.9999835630280692;1.0002152097909633;1.0023076938480016;1.002545128026286;0.9999966272667724;0.9999878629358068;1.0010276325276528;1.000784835817046;1.0;0.999822141981554;0.9997379888522783;0.9999929098393759;0.999192904658854;0.9990605952129069;1.0;0.9999590614986712;0.9999499223053764;1.0024600034497702;0.9999946575261277;1.0;0.9999909692986629;0.9999995589702549;1.024999976158142;
2016-07-10 09:30:00;1.0003394641886398;0.9999761484089849;0.9999942524956571;1.000617695661882;1.0;1.000829913638415;1.0025006285178755;1.0005112107877279;0.9999911623472894;1.0016258007299506;1.0;1.0;1.0;1.000802341057588;1.0;1.0001966522196948;1.0002242347429071;1.0;1.0019372387732843;0.9999940641026436;1.0;0.9999848080269351;1.0002169481364755;1.0023296915518214;1.00256955222406;0.9999970553757879;0.9999885236776106;1.0010381828709474;1.0007941877253892;1.0;0.9998124688294993;0.9997213894759001;0.9999936954116018;0.999138345466219;0.9989525798426476;1.0;0.9999583099928296;0.9999487896806601;1.0024834357170571;0.9999951402043095;1.0;0.9999931654859219;0.9999993994266478;1.024999976158142;
2016-07-10 09:45:00;1.0003532987498576;0.9999698153936714;0.9999921224231598;1.0006428526271178;1.0;1.0008635914164843;1.0026114862529005;1.0005299402496972;0.9999870238074292;1.0016957538099067;1.0;1.0;1.0;1.0008345610391394;1.0;1.000203705767192;1.0002322672196988;1.0;1.0020213756356395;0.9999915745289707;0.9999999999999999;0.9999788363333002;1.000224697009379;1.002432952412653;1.0026835355796577;0.9999963062636488;0.9999838134055157;1.0010813214496033;1.0008294317889421;1.0;0.9997843803188128;0.9996778002288035;0.9999917261421292;0.999001273206593;0.9987691005999336;1.0;0.9999584623478908;0.9999497359709841;1.002593379672463;0.9999937073728568;1.0;0.9999901397788231;0.999999374332893;1.024999976158142;
2016-07-10 10:00:00;1.000349715380266;0.9999699610494918;0.9999937940984327;1.0006366364726513;1.0;1.000855209249806;1.0025793077972487;1.0005263962446822;0.9999906302199081;1.0016750805935826;0.9999999999999999;1.0;1.0;1.000826294174764;0.9999999999999999;1.0002023276997432;1.0002306622591228;1.0;1.0019961605262813;0.9999937965340034;1.0;0.9999802105070456;1.0002231214119124;1.0024030412618081;1.0026505152838845;0.9999971135661259;0.9999843221037389;1.0010696589669101;1.0008201511653136;1.0;0.9997995462318786;0.9997009049234439;0.9999930314684181;0.9990735195781685;0.9988529964241245;1.0;0.9999592138580989;0.9999508686022587;1.0025614090758945;0.999994603772602;0.9999999999999999;0.9999927765561338;0.9999992892463196;1.024999976158142;
2016-07-10 10:15:00;1.0003523395909923;0.9999789958975185;0.9999954158923707;1.00064082255038;1.0;1.0008607917004966;1.00258795268373;1.0005312551695411;0.9999931902741375;1.0016836378942657;1.0;1.0;0.9999999999999999;1.0008325292427198;1.0;1.0002044043165328;1.0002330527116885;0.9999999999999999;1.0020053982710229;0.9999953006685741;1.0;0.9999865727654669;1.000225470387109;1.0024110268625004;1.0026593255512362;0.999997454555727;0.999989548058531;1.0010761518725608;1.0008234621398864;1.0;0.9997737034812091;0.9996596774047414;0.9999949021776575;0.9989421501857771;0.9987179884529237;1.0;0.9999579063836623;0.9999487672009245;1.0025703163828947;0.9999960500000555;1.0;0.9999946626201619;0.9999994754000177;1.024999976158142;
2016-07-10 10:30:00;1.000365995410111;0.9999838937521917;0.9999956804283152;1.0006651935673918;1.0;1.0008931494635844;1.0026806698144712;1.000552613019155;0.9999931781571668;1.001746030697688;0.9999999999999999;1.0;1.0;1.000864779525041;1.0;1.0002142183237932;1.0002440898579;1.0;1.0020791364697;0.999995360663127;1.0;0.9999895187281823;1.0002362212709996;1.00249741759696;1.0027544556167316;0.9999975754923222;0.9999922265955336;1.0011165312298815;1.00085389215545;1.0;0.9997210185358713;0.9995766234971284;0.9999954152055173;0.998679651750589;0.9984589317438259;1.0;0.99995754566514;0.999948819296233;1.002662626109875;0.9999964903570225;1.0;0.9999947099321235;0.9999996098474624;1.024999976158142;
2016-07-10 10:45:00;1.0003592630702016;0.9999782103251832;0.9999939624123075;1.0006534516870758;1.0;1.0008785976140797;1.0026508994641894;1.0005393815775157;0.9999905531074106;1.0017236344306006;0.9999999999999999;1.0;1.0;1.000849160065173;1.0;1.0002052057061994;1.0002342975574428;1.0;1.0020541250556485;0.9999934240639847;1.0;0.9999860747815146;1.0002266375415645;1.0024693778018228;1.0027241152419464;0.9999962938046244;0.9999898056809485;1.0010996834832362;1.0008416698061446;1.0;0.9997458803322264;0.9996175434248608;0.9999936308391706;0.998810966068058;0.9985854094063081;1.0;0.9999582239195153;0.9999494975446896;1.0026327728257924;0.9999951223323369;1.0;0.9999926083192405;0.9999994540940194;1.024999976158142;
2016-07-10 11:00:00;1.000362643332847;0.9999513321320493;0.9999893943364372;1.0006625072536208;1.0;1.0008919613515304;1.0027120498977153;1.0005450574447525;0.9999849167403942;1.0017557903357084;1.0;1.0;1.0;1.0008592543690964;0.9999999999999999;1.0002067823704788;1.000236143903314;1.0;1.0020960246321404;0.9999898872131174;1.0;0.99997227598181;1.0002283902186524;1.0025263237799804;1.0027870306600422;0.9999951544604797;0.9999795201072724;1.001117463510786;1.0008603818695454;1.0;0.9997531718211092;0.9996299557152238;0.9999876007879162;0.9988514654091847;0.9985991003707924;1.0;0.9999576132202753;0.9999480929147396;1.0026924517638316;0.9999903003562158;1.0;0.9999882491262182;0.9999985484543367;1.024999976158142;
2016-07-10 11:15:00;1.0003744622801816;0.9999522455560436;0.9999901473438464;1.0006838118419412;1.0;1.0009187470643406;1.0027784604879115;1.000567141102432;0.9999858924672209;1.00180153424043;1.0;0.9999999999999999;1.0;1.0008869724753156;1.0;1.000221780898747;1.0002524334253087;1.0;1.002148939572505;0.9999910470521688;1.0;0.9999724669428018;1.0002443260848672;1.0025887105618856;1.0028548692016297;0.9999966720727136;0.9999794328798339;1.0011495078691246;1.0008849916680203;1.0;0.99972224805108;0.999579044408072;0.9999882346313319;0.9986880117135373;0.9984190588826831;1.0;0.9999561590904873;0.9999462259874853;1.0027585846554374;0.9999907835842006;1.0;0.9999892151840513;0.9999985985679481;1.024999976158142;
2016-07-10 11:30:00;1.0003754587039302;0.9999623093560263;0.9999905416864527;1.0006844270383193;1.0;1.0009211098863926;1.0027951582696057;1.0005628340558794;0.999985685397573;1.0018126618057388;1.0;1.0;1.0;1.0008885304228494;1.0;1.0002130504042839;1.0002433835534752;1.0;1.0021626222532722;0.9999903044841376;1.0;0.9999772542115568;1.000235392766216;1.002603620058533;1.0028724594364962;0.9999950761455493;0.9999833916011124;1.001154063021122;1.0008886087505828;1.0;0.9997062913368;0.9995551581013623;0.9999895430700811;0.9986137178795493;0.9983387855561743;1.0;0.9999553215138935;0.9999458012301763;1.0027754491506387;0.9999919176698974;0.9999999999999999;0.9999888775232209;0.9999989624239116;1.024999976158142;
2016-07-10 11:45:00;1.0003878256385714;0.9999722286503663;0.9999938255572686;1.000706091075897;1.0;1.0009492366950552;1.0028614878770106;1.0005843717249843;0.9999911439418331;1.0018596693159205;1.0;1.0;0.9999999999999999;1.0009172132218687;1.0;1.0002235423107193;1.0002550559417025;0.9999999999999999;1.0022163326108418;0.9999938300126651;1.0;0.999983560025846;1.000246735741771;1.00266557166233;1.002940523697353;0.9999965823952568;0.9999876260385903;1.0011873431146256;1.0009071984508993;1.0;0.9996832080505531;0.999520668085493;0.9999929743774141;0.9985072145050432;0.998187598198531;1.0;0.9999582239195155;0.9999494975446899;1.002841774759806;0.9999945223897103;1.0;0.9999930141233405;0.999999212456853;1.024999976158142;
2016-07-10 12:00:00;1.0003800406162868;0.9999237730898541;0.9999849266105614;1.0006975513704368;1.0;1.0009398584374587;1.0028701842867935;1.0005751691921705;0.9999799918630835;1.0018524316757766;1.0;0.9999999999999999;1.0;1.0009033645134957;1.0;1.0002208677454656;1.0002519159191627;1.0;1.002214482540482;0.9999869278348444;1.0;0.9999600301201479;1.0002437322123239;1.0026737521988989;1.0029493591555203;0.9999945519994927;0.9999709247964003;1.0011776976869946;1.000912108869044;1.0;0.9996915683750288;0.9995329208623169;0.999981292032244;0.9985449732143967;0.9982937066107244;1.0;0.9999584623478905;0.9999497359709841;1.0028484662632278;0.9999851933110779;1.0;0.9999844372919685;0.9999974823435898;1.024999976158142;
2016-07-10 12:15:00;1.0003865600815032;0.9997710229003636;0.9999598956940683;1.0007276264628893;1.0;1.0009873904027358;1.003121515144043;1.000595541527836;0.9999514537522372;1.0019744720880175;1.0;1.0;1.0;1.0009338072983118;0.9999999999999999;1.0002294529113878;1.000261594170197;1.0;1.0023806269314712;0.9999689845852834;1.0;0.9998881293669696;1.0002531048899779;1.0029079284634677;1.0032076041464961;0.9999890783729417;0.9999189206412277;1.0012418695576444;1.0009940443040064;1.0;0.9996542343459962;0.9994742273904818;0.9999468655409565;0.9983592520235474;0.9980780776625968;1.0;0.9999573933073294;0.9999478730038873;1.0030918812753604;0.9999574413313408;1.0;0.9999621387656139;0.9999918897911909;1.024999976158142;
2016-07-10 12:30:00;1.0003862801309902;0.999781279359675;0.9999616631687065;1.0007259756942541;1.0;1.0009855059924884;1.00311368269586;1.0005929078391915;0.9999537130217268;1.001971036341662;1.0;1.0;1.0;1.0009322984162226;1.0;1.0002255113747136;1.0002574620701568;1.0;1.0023757359695373;0.9999701751029966;1.0;0.9998933381350412;1.00024902579009;1.0029003773427336;1.0031997550841205;0.9999889385549091;0.999922712989547;1.0012396194853468;1.0009906703225446;1.0;0.9996480982438369;0.999465128448447;0.9999492422498899;0.9983314983615402;0.998040171371963;1.0;0.9999580040063212;0.9999492776334146;1.0030844420278884;0.9999593426709747;0.9999999999999999;0.9999638024815053;0.9999922479025831;1.024999976158142;
2016-07-10 12:45:00;1.0003841400191318;0.999950366267952;0.9999897851489845;1.0007020043335773;1.0;1.0009450601912755;1.0028673303856304;1.0005794464541535;0.9999862340552036;1.001857377142173;1.0;1.0;1.0;1.0009106900495874;1.0;1.0002208920793092;1.0002521419694934;1.0;1.002216911329452;0.9999906727938502;1.0;0.9999733305283225;1.0002439045661393;1.002670943649038;1.0029465484294966;0.9999954255581835;0.9999804810219663;1.001183230492016;1.0009126440674212;1.0;0.999668116470718;0.9994946064288726;0.9999876564240111;0.9984217718119236;0.9981506800445588;1.0;0.9999568373401163;0.9999469042303766;1.0028466782874952;0.9999902655510291;1.0;0.9999891732191497;0.9999984055177692;1.024999976158142;
2016-07-10 13:00:00;1.0003893760439229;0.9999650642414367;0.9999921917993164;1.000709401194117;0.9999999999999999;1.0009531107547547;1.0028758633354633;1.0005875965631987;0.9999883765724025;1.0018678252282442;1.0;1.0;1.0;1.000921026389893;1.0;1.0002274436122185;1.0002591658783324;1.0;1.0022265071402232;0.9999923787577718;0.9999999999999999;0.9999787087941173;1.0002507801723373;1.0026791972280997;1.0029551316284495;0.9999966354349131;0.9999839683114863;1.001192369133961;1.0009129792534328;1.0;0.9996618310906252;0.9994863760946023;0.9999911071852237;0.9983981515627044;0.9981161151678424;0.9999999999999999;0.9999565441777033;0.9999462299463651;1.002855849751535;0.9999930926429603;1.0;0.9999910440917613;0.9999990528969698;1.024999976158142;
2016-07-10 13:15:00;1.0003934031849107;0.9999254197973244;0.9999847505979094;1.0007211104546112;1.0;1.0009716500562826;1.0029709259045143;1.000592256804801;0.9999789532566735;1.0019172492936608;1.0;1.0;1.0;1.000933933216206;1.0;1.0002250597886364;1.000256951438597;1.0;1.0022916760433562;0.9999861606213616;1.0;0.9999587183987123;1.0002485135056356;1.0027674027069249;1.0030531162237524;0.9999939733520611;0.999969467647234;1.0012181060951435;1.0009456997776236;0.9999999999999999;0.9996422347188522;0.999454493787852;0.9999816131977164;0.9982961332479849;0.9980186414178619;0.9999999999999999;0.9999557683032655;0.9999450412703642;1.0029486276348443;0.9999855343929225;1.0;0.9999836596482499;0.9999976913530706;1.024999976158142;
2016-07-10 13:30:00;1.000388097890931;0.9999105577676497;0.999981053489126;1.0007129382400015;1.0;1.000960617893823;1.0029495048043757;1.0005852545233738;0.9999731652148479;1.0018998536774295;1.0;1.0;1.0;1.0009225677732645;1.0;1.0002251749527364;1.0002567575769123;0.9999999999999999;1.002272932586598;0.9999828338694483;1.0;0.9999502839037757;1.0002484179860582;1.0027476700609266;1.003030874501788;0.9999933883574932;0.9999636716159107;1.001205310270929;1.0009382844869636;1.0;0.9996488450988115;0.9994651094224404;0.999977279969039;0.9983295217624766;0.9980588887782113;0.9999999999999999;0.999957075770888;0.9999471426587798;1.002926786378056;0.9999821754072654;1.0;0.9999794202779916;0.9999972430137416;1.024999976158142;
2016-07-10 13:45:00;1.0003927292182706;0.999812791682734;0.9999652805657068;1.0007335410748888;0.9999999999999999;1.0009939095331517;1.0031211830584543;1.000599013996457;0.9999561287807259;1.0019846402539903;1.0;1.0;1.0;1.0009440361879778;1.0;1.0002285605519754;1.0002608820703838;1.0;1.0023879105123517;0.9999718091561068;1.0;0.9999065676532328;1.000252372982615;1.0029073557436685;1.0032073864846474;0.99998947208201;0.9999326196694159;1.0012500883671382;1.0009932757378326;1.0;0.9996353734287157;0.9994448340796426;0.9999551949091784;0.9982671541857875;0.9979626256636955;1.0;0.9999568373401164;0.9999469042303768;1.0030932392978185;0.9999642951007913;1.0;0.9999658945393679;0.9999935081918842;1.024999976158142;
2016-07-10 14:00:00;1.0003803335953487;0.9999437729012585;0.9999877656200048;1.0006953717193843;1.0;1.0009359337010963;1.0028477746665758;1.0005727800969924;0.999982492561075;1.0018426987160114;1.0;1.0;1.0;1.0009016151196868;1.0;1.0002192806339347;1.00025017325484;1.0;1.0022002720502237;0.9999885171564914;0.9999999999999999;0.9999680381615719;1.0002420178629794;1.002652842897207;1.0029263987287336;0.9999949841022715;0.9999764856868179;1.0011726356480424;1.0009018730983603;1.0;0.9996815949769369;0.9995190432872079;0.9999856173625935;0.9985030749143222;0.9982398344851325;1.0;0.9999562381958828;0.999946717903438;1.0028270289272745;0.9999887485504069;0.9999999999999999;0.9999864691224524;0.9999983158518745;1.024999976158142;
2016-07-10 14:15:00;1.0003919749366919;0.9999340358810603;0.9999860099901372;1.0007176114112983;0.9999999999999999;1.000965594600266;1.0029399163985042;1.000592374799144;0.9999801733488679;1.0019009548701372;1.0;1.0;0.9999999999999999;1.0009300430695405;1.0;1.0002294389491602;1.0002614411006945;1.0;1.0022705572788602;0.9999872714592173;1.0;0.9999632154953383;1.0002529980508303;1.0027388369662644;1.0030209163776345;0.9999950006437471;0.9999730815395612;1.0012097210984654;1.000933196786256;1.0;0.9996648724302999;0.9994915972089683;0.9999832610198589;0.9984153333471341;0.9981017359743334;1.0;0.9999566174304931;0.999946684322938;1.0029182214140666;0.999986871748162;1.0;0.9999847725484341;0.9999979762674921;1.024999976158142;
2016-07-10 14:30:00;1.0003805359080467;0.999884449364422;0.9999751221127283;1.0007015256784237;1.0;1.000947474164916;1.0029455462847068;1.0005691132003973;0.9999644044607363;1.0018876711946543;1.0;1.0;1.0;1.0009060592962356;1.0;1.000213553083987;1.0002441411545437;1.0;1.0022631090164942;0.9999770225455609;1.0;0.9999347284884472;1.0002360395571328;1.0027436067391327;1.003027196484667;0.9999907368506438;0.9999521106818424;1.001191795926685;1.0009360801098033;0.9999999999999999;0.9997010698905742;0.9995481648181842;0.9999705107222022;0.998593143635161;0.9982840574267378;1.0;0.9999566174304934;0.9999466843229382;1.0029217628894371;0.9999769143029538;1.0;0.999972638866386;0.9999965168026006;1.024999976158142;
2016-07-10 14:45:00;1.0003758267055916;0.999822883062572;0.9999671395547187;1.0007015109880806;1.0;1.0009495576236758;1.0029753069179084;1.0005741089666818;0.9999581863454998;1.0018933479973107;1.0;1.0;1.0;1.0009027323746307;1.0;1.0002214881687896;1.000252487769963;1.0;1.0022770869539148;0.9999733471576456;1.0;0.9999106485502562;1.0002443085271795;1.002771798115495;1.0030573052683471;0.9999905088211235;0.9999352741170553;1.0011937817384817;1.0009460682369533;1.0;0.9997412205320855;0.9996116808253239;0.9999577087202879;0.9987950797104957;0.9985112869731199;1.0;0.9999560858377594;0.9999457716111488;1.0029488102836854;0.9999663179303786;0.9999999999999999;0.999967588567502;0.9999939096544332;1.024999976158142;
2016-07-10 15:00:00;1.0003710628845817;0.9999452917883099;0.999987377870593;1.0006782894519324;1.0;1.0009132585682257;1.002783806293044;1.0005572928662751;0.9999814665890474;1.0018007933406499;1.0;1.0;1.0;1.0008795377076596;1.0;1.000212155993365;1.0002422064987386;1.0;1.0021506896770174;0.9999878101745634;0.9999999999999999;0.999968401483262;1.000234285948585;1.0025931694805994;1.0028607075528804;0.9999945510510281;0.9999769596344429;1.0011449123420482;1.000883861203296;1.0;0.9997331411146554;0.999598300428073;0.9999854610600698;0.9987516625096171;0.9984587080532229;1.0;0.9999557683032655;0.9999450412703643;1.0027634959513063;0.9999886781115489;1.0;0.999985705161183;0.9999983964101817;1.024999976158142;
2016-07-10 15:15:00;1.0003836991747437;0.9999542127309695;0.9999906237498082;1.0007008647267517;1.0;1.0009430534748962;1.0028555046232577;1.0005798492393092;0.9999873979285745;1.0018511956001284;0.9999999999999999;1.0;1.0;1.0009094881827776;1.0;1.000222513710264;1.000253817627883;1.0;1.0022088128441113;0.9999915122277632;0.9999999999999999;0.9999755889211182;1.0002455717010628;1.002660040265281;1.0029342869581481;0.9999959280388273;0.9999821955661673;1.0011802466897541;1.0009064791418043;1.0;0.999688683111743;0.9995285274457875;0.9999886075724318;0.9985311890431996;0.9982216408127332;1.0;0.9999558659284421;0.9999455517040997;1.0028350840874511;0.9999910098401177;1.0;0.9999901093357538;0.9999985172410427;1.024999976158142;
2016-07-10 15:30:00;1.0003791901847037;0.9999658609025442;0.9999929937823717;1.0006913819748602;1.0;1.000929915852636;1.0028069162115436;1.0005724383979033;0.9999906034049991;1.0018225628691153;1.0;1.0;0.9999999999999999;1.0008977663505734;1.0;1.0002190354568248;1.0002499188982876;0.9999999999999999;1.0021730792263313;0.9999934681358804;1.0;0.9999814565115275;1.0002417756799946;1.0026147581835663;1.0028844076778154;0.9999964711893656;0.9999862916695581;1.0011632272408144;1.0008912016596538;1.0;0.9996946898975049;0.9995377198888704;0.9999915960367133;0.998559932928849;0.9982783014986445;1.0;0.9999563242681999;0.9999460100391302;1.0027872746142865;0.9999933741763818;1.0;0.9999925449029278;0.9999989176431879;1.024999976158142;
2016-07-10 15:45:00;1.0003799579077601;0.9999536001180408;0.9999901182581877;1.0006936773316606;1.0;1.0009326492038124;1.0028243106321637;1.0005738054654894;0.9999858349308649;1.0018309070549853;1.0;1.0;1.0;1.0008999457546255;1.0;1.0002218705140515;1.0002528493829377;0.9999999999999999;1.0021843106254509;0.9999907826704556;0.9999999999999999;0.9999733154792693;1.000244664732458;1.002631179595676;1.0029021487590355;0.9999961047407877;0.9999801775798586;1.0011673704666282;1.000894990047563;1.0;0.9996968606235791;0.999542496861359;0.9999883431722416;0.9985768330150022;0.9982932358835077;1.0;0.9999563242681998;0.9999460100391301;1.002804138573371;0.999990880170672;1.0;0.9999890856680697;0.9999986335369262;1.024999976158142;
2016-07-10 16:00:00;1.0003798900136522;0.9999370933549114;0.9999859410498632;1.0006949766462439;1.0;1.0009352824191118;1.0028528334688578;1.0005716288151725;0.9999792872359506;1.001844097364717;1.0;1.0;1.0;1.0009006912885543;1.0;1.0002197420027383;1.0002505792198209;1.0;1.0022027965930334;0.9999866649957101;1.0;0.9999632399937506;1.0002424305460667;1.002657645556795;1.0029315457143804;0.9999946012412646;0.9999729103857625;1.001172483588724;1.000906382189332;1.0;0.999704378635162;0.9995528067425454;0.999983668924452;0.9986073562448404;0.9983002706510546;1.0;0.9999552424086322;0.9999453093147359;1.0028318167938877;0.9999872769743327;1.0;0.9999841424103403;0.9999981882622937;1.024999976158142;
2016-07-10 16:15:00;1.0003981706534164;0.9999330074051951;0.9999879366412381;1.0007276752447598;1.0;1.0009789455935973;1.0029833656506533;1.0005964949379582;0.9999828285756626;1.0019261115998443;0.9999999999999999;1.0;1.0;1.0009417560721383;0.9999999999999999;1.000225362457346;1.0002572563061103;1.0;1.0022994984676588;0.9999887719771469;1.0;0.999957344455882;1.000248643076563;1.0027791864661306;1.003066269596843;0.9999951933693735;0.9999657134838498;1.0012259486757096;1.00094927913019;1.0;0.9996539940685201;0.9994735347337717;0.9999857487542995;0.9983571916602518;0.9980692135522001;0.9999999999999999;0.9999584507974096;0.9999485176716426;1.0029614468653418;0.999988840292596;1.0;0.9999867324660726;0.9999983105883595;1.024999976158142;
2016-07-10 16:30:00;1.0003845701076888;0.9999344386080158;0.9999887594183869;1.0007024425251065;1.0;1.000944942932569;1.002881621183838;1.0005742522289653;0.9999838631938778;1.001859294921062;0.9999999999999999;0.9999999999999999;1.0;1.0009086155643356;1.0;1.0002151171369176;1.0002457142770533;1.0;1.002219473506547;0.9999893994587515;1.0;0.9999564633419623;1.0002373860136649;1.0026844301821407;1.0029618957376905;0.999995351803191;0.9999641934349945;1.0011833244773425;1.0009162892578396;1.0;0.9996937054624194;0.9995358636730224;0.9999868320587153;0.9985532142142657;0.99827632679703;1.0;0.9999592266768752;0.9999497063559781;1.002860437400448;0.9999897052788498;1.0;0.9999875250050407;0.9999984709306186;1.024999976158142;
2016-07-10 16:45:00;1.0003972400814598;0.9999071105343393;0.9999857102141994;1.0007257316087705;1.0;1.0009759153726474;1.0030020494022838;1.000585164838033;0.9999783123148867;1.0019260554424507;1.0;1.0;1.0;1.0009352132775309;1.0;1.0002135223279054;1.0002442276351111;1.0;1.0023006178029292;0.9999860897228906;1.0;0.999931233415662;1.000235544914016;1.0027967063525107;1.0030865554128008;0.9999944832008376;0.9999408852337776;1.0012231021837048;1.0009544451700136;1.0;0.9997156417443434;0.9995717518579522;0.9999837609433551;0.9986688198016139;0.998367878970186;0.9999999999999999;0.9999579192058813;0.99994760496036;1.0029792283725514;0.9999874161189809;1.0;0.9999834646361035;0.9999983289337105;1.024999976158142;
2016-07-10 17:00:00;1.0003735365137112;0.9999425513522789;0.9999881150977052;1.0006825129554473;1.0;1.000919712287924;1.0028098854367227;1.0005571504382027;0.9999829001148453;1.0018149276849933;1.0;1.0;1.0;1.0008842157018123;1.0;1.0002064310325343;1.000236256252929;1.0;1.002167687622298;0.9999883614114154;1.0;0.9999647938297815;1.000228292896323;1.0026171679482474;1.002888060132614;0.9999940819741343;0.9999727486814194;1.001153115662693;1.0008896326132983;0.9999999999999999;0.9997575651690886;0.9996391779188326;0.9999863399059762;0.9988843628740568;0.9986044064099563;1.0;0.9999580600085323;0.9999473329510467;1.002789326926754;0.9999893430585617;1.0;0.9999866260299317;0.9999984564952477;1.024999976158142;
2016-07-10 17:15:00;1.000373323751952;0.9999377271622241;0.9999873152171762;1.0006833550925813;1.0;1.0009205534872392;1.002807833553184;1.0005615192471569;0.9999824999652304;1.001814206008702;1.0;0.9999999999999999;1.0;1.0008854909198295;1.0;1.000212640710177;1.000242856606885;1.0;1.0021672913739852;0.9999883521256283;1.0;0.9999651732413054;1.0002348550946056;1.0026155222698587;1.002885537277512;0.9999946351066566;0.9999740440180496;1.0011535967740113;1.0008888447594186;1.0;0.9997398292626328;0.9996110528349118;0.9999847760893893;0.9987948882413098;0.9985088198854272;1.0;0.9999524191231648;0.9999421049343752;1.0027870673867403;0.9999880273473256;1.0;0.9999863633266857;0.9999980969810124;1.024999976158142;
2016-07-10 17:30:00;1.0003874625771656;0.999941582038029;0.9999885090235501;1.0007087424252672;1.0;1.0009553046060153;1.0029123457193345;1.000581543300078;0.9999846770002723;1.001882242554025;1.0;0.9999999999999999;1.0;1.0009186866861033;0.9999999999999999;1.0002172357890975;1.0002484668785652;0.9999999999999999;1.0022481928567673;0.9999894110114728;1.0;0.9999677287942396;1.0002401886618981;1.0027125887813098;1.0029931809117112;0.9999944116524078;0.9999757273644255;1.0011969431998333;1.0009234989722764;1.0;0.9996744654085032;0.9995075591322228;0.9999861084286226;0.9984670836894601;0.9981736397555172;1.0;0.9999513376022446;0.9999414045471369;1.0028909757087585;0.9999890356778363;1.0;0.9999878660041619;0.9999981881383647;1.024999976158142;
2016-07-10 17:45:00;1.000378532098545;0.9999472315079128;0.9999898439276269;1.0006919781037895;1.0;1.000931839251923;1.002831122308416;1.0005699592643509;0.9999865647929913;1.0018320663563074;0.9999999999999999;1.0;1.0;1.0008971713428167;1.0;1.0002155811986086;1.0002462389033995;1.0;1.0021870688136973;0.9999908145378839;1.0;0.999970919049711;1.000238114228553;1.0026371816318904;1.0029095101800578;0.9999953620642336;0.9999780661791168;1.0011667063056853;1.0008975900270909;1.0;0.9997076422330339;0.999559442597843;0.999987614357135;0.9986305108028619;0.9983513125849011;1.0;0.9999559206601195;0.9999459875594857;1.0028105671587897;0.9999902093226964;1.0;0.9999893819436783;0.9999983561242607;1.024999976158142;
2016-07-10 18:00:00;1.0003726591488693;0.999944967294428;0.999988443353659;1.0006818110777618;1.0;1.0009207903040793;1.0028170035640067;1.000556104617693;0.9999848130606797;1.0018196373499753;1.0;1.0;1.0;1.0008840966095938;1.0;1.0002019810828382;1.0002317948003496;1.0;1.0021746187893688;0.9999889595068482;1.0;0.9999708959424721;1.0002239344156727;1.0026232779642692;1.0028954970744992;0.9999931805054424;0.9999787197618569;1.0011549011068397;1.0008947780786364;1.0;0.9997275419269243;0.9995895380904646;0.9999862266188158;0.99872382011662;0.9984288962058391;1.0;0.9999591290529197;0.9999491959204153;1.002796289484636;0.9999891280570073;1.0;0.9999877374510842;0.999998202006146;1.024999976158142;
2016-07-10 18:15:00;1.0003847915686497;0.9999275054746116;0.9999849502797736;1.0007041186471095;1.0;1.0009549825314747;1.0029700565329838;1.0005586406914817;0.9999791723368721;1.0019063163562452;1.0;1.0;0.9999999999999999;1.0009109872341941;1.0;1.0001832455827473;1.0002126487751972;1.0;1.0022824137915263;0.9999841345024341;1.0;0.999955316714005;1.0002047236241938;1.0027644916718483;1.0030544037251858;0.9999888124056504;0.9999647788908715;1.0012017783630867;1.000944230782459;1.0;0.9997107878486373;0.9995642141828411;0.999983176346368;0.998645698479968;0.9983465028464024;1.0;0.9999586707077777;0.9999487375798262;1.002947506630674;0.9999868628027967;1.0;0.9999829922792826;0.9999980760031718;1.024999976158142;
2016-07-10 18:30:00;1.0003902483496567;0.9999298189701633;0.9999865373960519;1.0007133970811206;1.0;1.0009680720018284;1.0030116637422042;1.0005634644123955;0.9999818565904044;1.0019320824399827;1.0;1.0;0.9999999999999999;1.0009225978361196;0.9999999999999999;1.0001798504290929;1.0002093260226932;1.0;1.002312727994772;0.9999854542971198;1.0;0.9999550253822981;1.0002012996525909;1.0028029518104074;1.0030976517743049;0.999988586576965;0.9999632679805759;1.0012179917711035;1.0009593074229661;1.0;0.9996909147710058;0.9995316428861365;0.9999850799332032;0.998540347231455;0.9982244079999351;1.0;0.9999593674847017;0.999949434349829;1.0029889258953113;0.9999883278285269;0.9999999999999999;0.9999848530572489;0.9999982529557975;1.024999976158142;
2016-07-10 18:45:00;1.0003978580460482;0.999926358744146;0.9999869460291155;1.0007265499363662;1.0;1.000988843679439;1.0031009353721283;1.0005631509704516;0.9999827415687738;1.001982931924131;1.0;0.9999999999999999;1.0;1.0009384357113058;1.0;1.0001632417418755;1.0001922268102486;0.9999999999999999;1.002375090162249;0.9999848363750017;0.9999999999999999;0.999949105766829;1.0001841713097042;1.002885011433065;1.0031907702194771;0.9999860401298148;0.99995650608606;1.0012459035011732;1.0009890255729839;0.9999999999999999;0.999703061677372;0.9995510597064162;0.999986130667559;0.998602563214626;0.9982939078867986;1.0;0.9999589766951621;0.9999482496278429;1.003077371371692;0.9999891731113243;1.0;0.9999850327363294;0.9999984208033225;1.024999976158142;
2016-07-10 19:00:00;1.000381919913387;0.9999341340885017;0.999983319926394;1.0006978776589446;0.9999999999999999;1.0009573741801603;1.003054913437739;1.0005252678666148;0.9999770720771815;1.0019483672505594;0.9999999999999999;1.0;1.0;1.000903110249502;1.0;1.0001274533132574;1.000154298187443;1.0;1.002339840532195;0.9999791821446649;1.0;0.9999578221552063;1.0001470452950598;1.0028399855811794;1.0031445370711782;0.9999796909516664;0.9999665724924733;1.0012128282599215;1.0009749204520406;1.0;0.9997352847831681;0.9996015286892558;0.9999833178203901;0.9987618831786528;0.9984643719261772;1.0;0.9999580600085323;0.9999473329510468;1.0030313989607516;0.9999871121441032;1.0;0.999979936714862;0.9999983569858437;1.024999976158142;
2016-07-10 19:15:00;1.0003954074158092;0.999950511071305;0.9999859059108676;1.00072180632989;1.0;1.000988456404498;1.0031224609773177;1.0005521191599747;0.9999813616863482;1.0020007237350212;1.0;1.0;1.0;1.0009361593886934;1.0;1.0001442534948626;1.0001728309566977;1.0;1.0023998217743972;0.9999820596523483;1.0;0.9999715243600855;1.0001652660714098;1.0029031088955715;1.003213318353823;0.9999811230820042;0.9999787005091868;1.0012500040177885;1.0009959123285768;1.0;0.9996670006133016;0.9994943742001651;0.9999859702746405;0.9984232681933645;0.9981294952185022;1.0;0.9999586159758224;0.9999483017231141;1.0030991965574763;0.9999891208756027;1.0;0.9999832233613077;0.9999985408212235;1.024999976158142;
2016-07-10 19:30:00;1.000387166889679;0.9999566805432054;0.9999898154716893;1.0007066215923828;0.9999999999999999;1.0009577667889173;1.0029489075089721;1.00056642045916;0.9999866980665247;1.001903144829312;1.0;0.9999999999999999;0.9999999999999999;1.0009169024102875;1.0;1.0001891437032806;1.000219197780037;1.0;1.0022752941248294;0.9999887066532556;0.9999999999999999;0.999976103435674;1.000211255146;1.0027447337655822;1.003032245841211;0.999990149619905;0.9999821624753958;1.0012035662203138;1.0009378382390341;1.0;0.9996895673752977;0.999530176493292;0.9999888078381396;0.9985371199131831;0.9982486392449806;1.0;0.9999593674847018;0.999949434349829;1.0029275968005087;0.999991223883256;1.0;0.9999886090011898;0.999998650219828;1.024999976158142;
2016-07-10 19:45:00;1.00038399632785;0.9999439083562747;0.9999868941771181;1.0007024110815823;1.0;1.0009554478725722;1.002971603539729;1.00055577723072;0.9999832155500539;1.0019108358678976;0.9999999999999999;1.0;1.0;1.000910762358553;1.0;1.0001749414599699;1.0002042575633088;1.0;1.0022883574751607;0.9999856577610923;1.0;0.9999702716023623;1.0001965217854123;1.0027650239253783;1.0030562328696362;0.9999873822938768;0.9999781703503982;1.001203180473344;1.0009458212232678;0.9999999999999999;0.9996920105599634;0.9995336443776749;0.999985389331045;0.9985472506020948;0.9982439047147362;1.0;0.99995912905292;0.9999491959204155;1.0029494311328133;0.9999885093260946;0.9999999999999999;0.9999855673204835;0.9999981731846518;1.024999976158142;
2016-07-10 20:00:00;1.0003828635809684;0.9999384345325139;0.9999875803085552;1.0007012098593855;1.0;1.000948860620778;1.00291525571156;1.0005683908942415;0.999984488020515;1.0018798485401237;1.0;1.0;1.0;1.000908903837799;1.0;1.0002001416385302;1.0002304919966114;1.0;1.002248192457239;0.9999881527305305;0.9999999999999999;0.9999683359146913;1.000222480027908;1.0027142386375067;1.0029969423710563;0.9999917629747923;0.9999767117659338;1.0011909646838242;1.0009247376284705;0.9999999999999999;0.9997095206729498;0.9995629860337789;0.9999850210848776;0.9986427263933347;0.9983474062602171;1.0;0.9999583099928295;0.9999487896806599;1.002893546942819;0.9999881139506469;1.0;0.9999871790825124;0.999997925379579;1.024999976158142;
2016-07-10 20:15:00;1.0003907062889106;0.9999513572389542;0.99999008410588;1.0007137197156484;1.0;1.0009612475457734;1.0029186613746741;1.000587715571932;0.9999867125720765;1.0018902043745301;1.0;1.0;0.9999999999999999;1.0009258819897704;1.0;1.0002216509431698;1.0002532852940635;0.9999999999999999;1.0022561129237313;0.999990780406001;1.0;0.9999734535316163;1.0002449298381964;1.0027185664716152;1.0029994978202654;0.9999950721069464;0.9999803007282823;1.001203686720937;1.0009263225541387;1.0;0.9996678635359721;0.999496712877676;0.9999881029154387;0.9984324052359403;0.9981577037682069;1.0;0.9999563789999236;0.9999464458947369;1.002897692885894;0.9999906184859966;1.0;0.9999894589521762;0.9999984647418138;1.024999976158142;
2016-07-10 20:30:00;1.0003797357427504;0.9999573023958489;0.9999905182661213;1.0006928948289717;1.0;1.000933175063763;1.0028351510683688;1.000569214131163;0.9999865185980797;1.0018366734894524;1.0;1.0;0.9999999999999999;1.0008991383491066;1.0;1.000213507354064;1.0002441237704416;1.0;1.002191937999027;0.9999906443249946;1.0;0.9999753564254348;1.0002360359502693;1.0026407235013963;1.0029137387603593;0.9999948970835465;0.9999816694182769;1.0011690357197394;1.0008880271170681;0.9999999999999999;0.9996921609722479;0.9995427013648074;0.9999890950484401;0.9985869461069569;0.9983135787814357;1.0;0.9999596850224884;0.9999501646972276;1.0028149401268058;0.9999914827654433;1.0;0.9999893772364088;0.9999987490939988;1.024999976158142;
2016-07-10 20:45:00;1.0003741752816926;0.9999606122535326;0.9999911002310948;1.0006826534357613;1.0;1.000920375530736;1.0027997679870235;1.0005590385512286;0.9999877039722775;1.0018135076830161;1.0;1.0;1.0;1.0008860520959317;0.9999999999999999;1.0002060098060732;1.0002360312232221;1.0;1.0021646675591538;0.9999910370041089;1.0;0.9999780147573485;1.000228115326719;1.002607462595858;1.0028775895932562;0.9999943519521814;0.9999838263550093;1.0011534000113527;1.0008870815473703;0.9999999999999999;0.9997279529827101;0.9995920652774822;0.9999898037324471;0.9987352272136967;0.9984784795300687;1.0;0.9999589766951622;0.9999482496278428;1.0027798410029765;0.9999920167648372;1.0;0.9999901111486451;0.9999987931473442;1.024999976158142;
2016-07-10 21:00:00;1.0003719065139964;0.9999591989978304;0.9999900964081799;1.0006781055423088;0.9999999999999999;1.000912563162808;1.0027719406667532;1.0005569851025193;0.999984965525961;1.0017965088117267;1.0;0.9999999999999999;0.9999999999999999;1.000879939166716;1.0;1.000210626821973;1.0002406128406303;1.0;1.0021436037213263;0.9999898948024739;1.0;0.9999747927925792;1.0002326892573952;1.0025820275637907;1.00284864790468;0.9999950214904896;0.9999812401326683;1.0011434810977082;1.0008801163439618;1.0;0.9997481238216039;0.9996221897074677;0.9999890429609337;0.9988281587824696;0.9985655616722172;1.0;0.9999598258274266;0.9999498926880007;1.0027522924628818;0.9999915327943384;1.0;0.9999883481966285;0.9999989161685445;1.024999976158142;
2016-07-10 21:15:00;1.0003695300183113;0.9999367345696025;0.9999845520942283;1.000676068891585;1.0;1.0009112418090154;1.002794368171671;1.0005517454034634;0.9999767228282734;1.0018041895136212;0.9999999999999999;1.0;1.0;1.000876176068625;1.0;1.0002072036574907;1.0002369103230144;1.0;1.0021566631170047;0.9999846642565646;1.0;0.9999625166597516;1.0002290843949513;1.0026027647182625;1.0028717470073338;0.9999930591270908;0.9999727932553193;1.0011441162993564;1.0008872914361238;1.0;0.9997499388911539;0.9996250826566045;0.9999826016935555;0.9988369168126687;0.998574102935258;1.0;0.9999593674847017;0.999949434349829;1.0027736502229294;0.9999865190988323;1.0;0.9999820745856549;0.9999982103221632;1.024999976158142;
2016-07-10 21:30:00;1.0003727522323174;0.9999010422995505;0.9999781076789496;1.0006860338099868;0.9999999999999999;1.0009267626229117;1.0028721300796075;1.0005571154905049;0.9999688016669313;1.0018443188835453;0.9999999999999999;0.9999999999999999;1.0;1.0008871368979304;1.0;1.0002074905906075;1.000237456395977;1.0;1.0022098145676144;0.9999795554922922;1.0;0.9999451052689092;1.000229562365707;1.0026750415642272;1.002951777778853;0.9999911327049119;0.9999602700102674;1.0011653503003755;1.0009131277079888;1.0;0.9997404332057453;0.9996098732080376;0.9999741528943136;0.998788618554721;0.9985133654210246;1.0;0.9999588358892653;0.9999485216342889;1.0028494153521341;0.9999797644621428;1.0;0.9999758970602232;0.9999969445451495;1.024999976158142;
2016-07-10 21:45:00;1.0003689696042461;0.9999554160973909;0.9999889396444975;1.0006730046844972;1.0;1.0009058704212244;1.0027574878990497;1.0005517026400845;0.9999829692603375;1.00178581439715;0.9999999999999999;1.0;1.0;1.000873082928314;1.0;1.0002082940132395;1.0002379880125707;1.0;1.0021315273670892;0.9999886579192165;1.0;0.9999720943081817;1.00023013993091;1.002568550318288;1.0028338149903708;0.9999945971767963;0.9999792788906896;1.0011356940134042;1.0008763304209856;1.0;0.9997504538435158;0.9996251265503858;0.9999878516642835;0.9988361601939417;0.9985820465903408;0.9999999999999999;0.9999601980979874;0.9999510588943045;1.0027377948473215;0.9999906349388495;1.0;0.9999868571973133;0.999998841731913;1.024999976158142;
2016-07-10 22:00:00;1.000372714960091;0.9999318049433349;0.9999850398490169;1.000682438676227;1.0;1.0009188078717683;1.0028088661222436;1.0005601365870147;0.9999781362782864;1.0018136769491044;1.0;1.0;1.0;1.0008839461538706;1.0;1.000214318388972;1.0002445014461299;1.0;1.002167331931736;0.9999858925269008;1.0;0.9999601883042848;1.0002365112434812;1.00261665261617;1.002886445337791;0.9999942564921269;0.9999705010427652;1.001152235740441;1.0008928029420097;1.0;0.9997280173209983;0.9995896705435627;0.999982549302348;0.9987231782994084;0.9984515345122859;1.0;0.9999601980979874;0.9999510588943046;1.0027879364425965;0.9999863868933231;1.0;0.9999832318633798;0.9999980302718806;1.024999976158142;
2016-07-10 22:15:00;1.0003751413103148;0.9999412555003167;0.9999863513708868;1.0006859291094996;1.0;1.0009247638444596;1.002830334838675;1.0005599877061107;0.9999799960417456;1.001828380628607;1.0;1.0;1.0;1.0008891308644037;1.0;1.0002083902756542;1.000238483397615;0.9999999999999999;1.0021848017240171;0.999986510485124;1.0;0.9999655927517513;1.0002305352331642;1.002636122990884;1.0029088830399742;0.9999933390002882;0.9999746791192214;1.0011603817450576;1.000899384738721;1.0;0.9997362778063243;0.9996036312543157;0.9999844677649611;0.9987696973008043;0.9985252234666595;1.0;0.9999599781869983;0.9999508389853252;1.0028095332697682;0.9999879169653297;1.0;0.9999844328080814;0.9999983106139074;1.024999976158142;
2016-07-10 22:30:00;1.0003662461417255;0.9999414033157341;0.9999870498700326;1.0006703041346725;1.0;1.0009051344029973;1.0027747216811445;1.000545852907866;0.9999821990354556;1.0017911784552003;1.0;1.0;0.9999999999999999;1.0008688579740876;1.0;1.0001989501897977;1.0002282294215457;1.0;1.0021412595283223;0.9999874539575612;1.0;0.9999679791934886;1.000220513099648;1.0025839914017578;1.0028519645958267;0.9999928948755349;0.9999766779812047;1.0011359023775017;1.0008818143380238;1.0;0.9997471347344448;0.9996201051566735;0.9999848678506567;0.9988203203709959;0.9985726623117043;1.0;0.999959367484702;0.9999494343498292;1.0027541659622334;0.9999881233414795;1.0;0.9999858370474207;0.9999981540597445;1.024999976158142;
2016-07-10 22:45:00;1.0003685452155513;0.999949050256303;0.999988147990085;1.0006733729725539;1.0;1.0009060826664014;1.0027552856859752;1.000554782692793;0.9999825290825416;1.0017841441554662;1.0;1.0;1.0;1.0008734212672532;1.0;1.0002130502723303;1.0002430082689537;1.0;1.0021299924121534;0.9999886034708637;1.0;0.9999706421493909;1.0002351205341011;1.0025667404399303;1.0028312617035673;0.9999950940859921;0.9999787056556501;1.001135415916875;1.000873452907929;1.0;0.9997568842973589;0.9996366870892625;0.999986345417711;0.9988744822293304;0.9986027861640671;0.9999999999999999;0.9999592266768753;0.9999497063559781;1.0027353602431437;0.9999893706307765;1.0;0.9999865598160973;0.9999985013313945;1.024999976158142;
2016-07-10 23:00:00;1.0003618307245352;0.999919612367048;0.9999811801383534;1.0006638592043695;1.0;1.0008955175361447;1.0027617967534812;1.0005401823973878;0.9999721229802663;1.0017782171612684;1.0;1.0;0.9999999999999999;1.0008592746867555;1.0;1.000202751841958;1.0002318276004363;1.0;1.002128109414282;0.9999818215397013;0.9999999999999999;0.9999533421818844;1.0002241618814063;1.0025724599832588;1.0028382739463806;0.9999922100374843;0.9999661042740247;1.001125439718196;1.0008765253894525;1.0;0.9997896923163;0.9996879097660009;0.999978404464344;0.999035824389215;0.998783782902014;1.0;0.9999599049333586;0.9999503846060043;1.0027406282798919;0.999983204351409;0.9999999999999999;0.9999785642089047;0.9999976594876884;1.024999976158142;
2016-07-10 23:15:00;1.0003581113024256;0.9999100007758372;0.9999793170251976;1.0006576981869528;1.0;1.0008864367801151;1.0027386212156348;1.0005355467401509;0.9999688879462756;1.0017610034675049;0.9999999999999999;1.0;1.0;1.0008505242849393;0.9999999999999999;1.0002042015922104;1.000233043215589;1.0;1.0021081732299735;0.9999802025599922;1.0;0.9999464085599423;1.000225404333598;1.0025512135372296;1.0028142858796891;0.999992424584681;0.9999605677799985;1.0011142408127067;1.0008713657871424;1.0;0.9997988475752523;0.9997005557544296;0.9999762324915689;0.999073557152171;0.9988214615761702;1.0;0.9999595873954426;0.9999496542583851;1.0027172967508793;0.9999815436953198;1.0;0.9999763141769712;0.999997478797575;1.024999976158142;
2016-07-10 23:30:00;1.0003541691638635;0.9999384936914167;0.9999839425158112;1.000647169071394;1.0;1.0008729441566835;1.0026910856853728;1.000522926101009;0.9999745642083736;1.001735091341786;1.0;1.0;1.0;1.0008383572666555;1.0;1.0001914494302502;1.0002194634636392;0.9999999999999999;1.0020747888892456;0.999983104535664;0.9999999999999999;0.9999600168051189;1.0002120365995226;1.0025063062795565;1.0027659817882164;0.999991982857552;0.9999702671621991;1.001097674188028;1.0008564441321353;1.0;0.9998118018793722;0.9997207518645692;0.9999827620672785;0.9991373929634791;0.9989013956001495;1.0;0.9999592266768754;0.9999497063559785;1.0026711081147814;0.9999867916376202;1.0;0.9999804428644458;0.9999985097881847;1.024999976158142;
2016-07-10 23:45:00;1.0003414361626273;0.9999202561268397;0.9999801969971243;1.000626469029195;1.0;1.0008461304899883;1.0026254789006583;1.0005054551439974;0.9999698703833924;1.001687646689716;1.0;1.0;1.0;1.0008106497311426;1.0;1.000185662152383;1.0002128008716369;1.0;1.002021271539793;0.9999802037753901;1.0;0.9999523268997799;1.0002056493858398;1.0024452333190885;1.0026984072537013;0.9999911245013182;0.999965452288055;1.0010651411187481;1.000833209460822;1.0;0.9998261437113777;0.9997444287915523;0.9999778294874125;0.9992132599072396;0.9990025399104426;0.9999999999999999;0.9999599781869983;0.9999508389853254;1.0026051302784362;0.9999828516146425;1.0;0.9999768433433684;0.9999977773254669;1.024999976158142;
2016-07-11 00:00:00;1.0003477222813346;0.9999289720351615;0.9999807688091694;1.0006364802035301;1.0;1.0008579307121541;1.0026512588406666;1.0005155032128101;0.999969175971062;1.0017080523297395;1.0;1.0;1.0;1.0008242350915355;1.0;1.0001937382051345;1.0002214992459248;1.0;1.0020437798227666;0.9999801900367805;1.0;0.999954824855777;1.0002141884242846;1.0024695644674142;1.0027246156802174;0.9999918239695513;0.9999673170208669;1.0010796099504249;1.0008421940458336;1.0;0.9998282460972251;0.9997475752793412;0.9999791655298532;0.9992235972686925;0.9990166329297581;0.9999999999999999;0.999960754067579;0.9999520276706734;1.002631204307505;0.9999840386615738;0.9999999999999999;0.9999766047686862;0.9999982042362874;1.024999976158142;
2016-07-11 00:15:00;1.000347007819697;0.9999308366506717;0.9999827968947522;1.0006354352721822;1.0;1.0008565365648077;1.0026373933390134;1.000516738513847;0.9999735318784508;1.0017002072749155;1.0;1.0;1.0;1.0008228579081808;1.0;1.0001942806665;1.000222092579444;0.9999999999999999;1.002033611289081;0.9999828166656919;1.0;0.999957846231814;1.0002147535605657;1.0024566828693813;1.002710387745445;0.9999926983307248;0.9999692554012151;1.001076496868326;1.0008382246705214;1.0;0.9998351061052687;0.9997578612221647;0.9999808295283258;0.9992552653902704;0.9990456752036495;1.0;0.9999601980979874;0.9999510588943044;1.0026175109955666;0.9999851964180647;1.0;0.999979745373931;0.9999981244471763;1.024999976158142;
2016-07-11 00:30:00;1.000338065791701;0.9999203446871624;0.999980523551235;1.0006201461036528;1.0;1.0008366420481216;1.0025907874908087;1.000501921833793;0.9999701302382717;1.0016660497099508;1.0;1.0;1.0;1.0008022867405408;1.0;1.000187295301641;1.0002142695996126;1.0;1.0019947130094153;0.9999806641037334;1.0;0.9999515474854902;1.0002071386687852;1.0024132163962227;1.002662586448543;0.9999918868787433;0.9999645327630159;1.0010526383367848;1.0008245710444876;1.0;0.9998440023236822;0.9997706129492075;0.999978176802168;0.9992937722795509;0.9991028055513058;1.0;0.9999596850224886;0.9999501646972276;1.0025707546568998;0.9999831330212553;1.0;0.9999771690016429;0.9999978365629449;1.024999976158142;
2016-07-11 00:45:00;1.0003436108753903;0.999915686045048;0.9999826842031917;1.000631735568016;1.0;1.000851209684676;1.0026140397326093;1.0005188315986073;0.9999758372450347;1.0016829900946227;1.0;1.0;1.0;1.0008170797788667;1.0;1.000200023911648;1.000228015524648;1.0;1.002013742389595;0.9999845778587693;1.0;0.9999534637037598;1.0002206121550736;1.0024353826925048;1.0026860728562803;0.9999941877752255;0.9999658327321165;1.0010678668246373;1.0008291575364772;1.0;0.9998388540672686;0.9997648035042133;0.9999790104123619;0.9992786994556743;0.9990907141852328;1.0;0.9999594465905666;0.9999499262675755;1.0025937131315823;0.9999834950260919;1.0;0.9999814405098512;0.9999973806876186;1.024999976158142;
2016-07-11 01:00:00;1.000325674556046;0.9999554223914854;0.9999895106596782;1.0005944070344968;1.0;1.0007989768673466;1.002427250709663;1.0004894927239638;0.9999837937142181;1.0015722344319589;1.0;1.0;0.9999999999999999;1.0007706847734763;1.0;1.0001891550057536;1.0002155595126772;1.0;1.0018762156134255;0.9999896612794243;1.0;0.9999720279339895;1.0002085655659798;1.002261482390327;1.002494097410029;0.9999959485632542;0.9999790609645898;1.0010010800775995;1.000771340249025;1.0;0.9998733326482214;0.9998164591472511;0.9999882435045627;0.9994384745557792;0.9993000650459859;1.0;0.9999596850224883;0.9999501646972274;1.0024097849431246;0.9999909197871235;1.0;0.9999876734438254;0.9999988462658884;1.024999976158142;
2016-07-11 01:15:00;1.0003215670586545;0.9999604055017388;0.9999910153270375;1.0005869297880126;1.0;1.0007900623794554;1.0024000518298382;1.0004825674691713;0.9999869036186354;1.0015549136135509;1.0;1.0;1.0;1.0007614054693974;1.0;1.0001827030353772;1.0002086910263095;0.9999999999999999;1.0018556771101714;0.9999911917595496;1.0;0.9999767961482018;1.0002018272423676;1.002235802060097;1.0024663735353814;0.9999956880162452;0.9999828172186774;1.0009898205808732;1.0007618495385706;1.0;0.9998810647583166;0.9998292011134707;0.9999897104665553;0.9994796909269363;0.9993586994597754;1.0;0.9999593674847017;0.9999494343498289;1.0023828435687576;0.9999919861726487;1.0;0.9999898130224057;0.9999988630350084;1.024999976158142;
2016-07-11 01:30:00;1.0003163941751483;0.9999831881240898;0.9999948792145249;1.0005749031131317;1.0;1.00077181295388;1.0023214870793937;1.0004760955124883;0.9999912855852253;1.0015114254205144;1.0;1.0;1.0;1.0007471261422827;1.0;1.000184406238143;1.0002101319480865;1.0;1.0018000963853075;0.9999942927516404;1.0;0.9999877994901867;1.000203349017373;1.0021629514348973;1.0023853346130815;0.9999973721265086;0.9999909202260939;1.0009655710657042;1.000736586562183;1.0;0.9998991861455588;0.9998574790195629;0.9999948263731518;0.9995691772498452;0.9994791029300475;1.0;0.9999602957240677;0.9999515693311617;1.0023057826686645;0.9999961016969793;1.0;0.9999933773366992;0.999999678250352;1.024999976158142;
2016-07-11 01:45:00;1.0003045273997715;0.9999745929842269;0.9999943379575313;1.000554605291425;0.9999999999999999;1.0007449013525487;1.0022427341691185;1.000460090828288;0.9999916026424396;1.001458059926268;1.0;1.0;0.9999999999999999;1.0007201563751145;1.0;1.0001786570014635;1.0002035136793976;1.0;1.0017374334938554;0.9999945057458781;0.9999999999999999;0.9999846984344393;1.0001969493594223;1.002089672105993;1.0023043843958463;0.9999975843355213;0.9999885332836151;1.0009315508469703;1.0007101645951264;1.0;0.9999196387096787;0.9998898096960378;0.9999935107188394;0.9996714164108949;0.9996105274886335;1.0;0.9999591406064232;0.9999504142235979;1.0022271846788422;0.9999949548804975;1.0;0.9999935381519763;0.9999992999228753;1.024999976158142;
2016-07-11 02:00:00;1.000306302771606;0.9999795590010513;0.9999956764594419;1.0005576309186224;0.9999999999999999;1.0007493846623452;1.0022523949468862;1.000462838688942;0.9999941270275224;1.0014655245880877;1.0;1.0;1.0;1.0007244509338178;1.0;1.0001781400997913;1.0002031341364173;1.0;1.0017459257933505;0.9999958678177642;1.0;0.9999887229479776;1.0001965479992816;1.0020985098608381;1.002314400040991;0.9999976682273521;0.9999916542186258;1.0009367912708067;1.0007131125826676;0.9999999999999999;0.9999214658698108;0.9998930813313283;0.9999949013226899;0.9996825882109723;0.9996354874932902;0.9999999999999999;0.9999600572918766;0.9999513309010516;1.0022369311991062;0.9999959904124739;1.0;0.9999953216509476;0.9999993629421039;1.024999976158142;
2016-07-11 02:15:00;1.0003023242555988;0.9999705636505373;0.9999941874481638;1.0005512234362575;0.9999999999999999;1.0007416873773236;1.002241311335518;1.000455034258851;0.9999922154790293;1.0014545582542027;1.0;1.0;1.0;1.0007154435361494;1.0;1.0001723290954496;1.000196820001845;1.0;1.0017344239760078;0.9999945034020392;1.0;0.9999834172597131;1.0001903385489679;1.0020880128443062;1.002303240462488;0.9999968662261116;0.9999874009016947;1.0009279595986915;1.0007105731166697;0.9999999999999999;0.9999291111879355;0.9999043048368658;0.9999930590884931;0.9997170747155536;0.9996776752804064;1.0;0.9999600572918768;0.9999513309010517;1.0022255213742841;0.9999945305207942;0.9999999999999999;0.9999937909888507;0.9999991115596657;1.024999976158142;
2016-07-11 02:30:00;1.000301872058349;0.9999812776782732;0.9999954970328588;1.0005486342396008;1.0;1.0007369484370197;1.0022195532569764;1.0004529568522957;0.9999926894100551;1.0014433722540037;1.0;1.0;0.9999999999999999;1.0007124892011796;1.0;1.000172961130312;1.0001973343370754;1.0;1.0017192443108258;0.9999950311807295;1.0;0.999986323050253;1.0001908578160497;1.0020679118179816;1.0022808241461152;0.9999973918904898;0.9999890792785445;1.000921848365482;1.0007031545894112;1.0;0.9999295425385359;0.9999050928952009;0.9999953466267425;0.9997195779642479;0.9996761472453154;0.9999999999999999;0.9999599781869984;0.9999508389853254;1.0022044121799594;0.9999964612078294;1.0;0.999994347380868;0.9999996486315005;1.024999976158142;
2016-07-11 02:45:00;1.0003065354672571;0.9999796961727787;0.9999954798753222;1.0005573029092432;1.0;1.0007478050747376;1.0022462596398871;1.0004623801775376;0.9999927425160454;1.0014616672936312;1.0;1.0;1.0;1.0007236889944522;1.0;1.0001799146708321;1.0002048554871614;1.0;1.0017405331517701;0.999995329168454;0.9999999999999999;0.9999856816180104;1.0001982293923177;1.0020930535991137;1.0023080463399225;0.9999980505277035;0.9999886127166775;1.000934775402173;1.0007118800408112;1.0;0.9999276418020664;0.9999022332188426;0.9999951210889859;0.999710908792564;0.9996764850642027;1.0;0.9999599781869982;0.9999508389853252;1.0022309514844967;0.9999962647472209;1.0;0.9999944839610524;0.9999995840570551;1.024999976158142;
2016-07-11 03:00:00;1.0003016909412652;0.9999847610407421;0.9999959743223937;1.0005482957246905;1.0;1.0007369327958409;1.00221778448525;1.0004529432120708;0.9999937050125147;1.0014433350981553;1.0;1.0;1.0;1.000712490994785;1.0;1.0001721389884628;1.0001965431545936;1.0;1.0017191820427405;0.9999954997948666;1.0;0.9999897337965761;1.0001900978203042;1.002066125974718;1.0022790015508443;0.9999972415807626;0.9999921549935029;1.0009218319398097;1.0007016293269222;1.0;0.9999326446965741;0.999910660867806;0.99999582508219;0.9997381014737484;0.9997016233867407;1.0;0.9999594465905665;0.9999499262675756;1.0022027529200588;0.9999968085126802;1.0;0.9999950281966412;0.9999996531627363;1.024999976158142;
2016-07-11 03:15:00;1.0003024786459855;0.999974615448177;0.9999943056693785;1.0005510432741014;1.0;1.0007405769786328;1.002231802432127;1.0004566158031463;0.9999917840767684;1.0014506080987147;1.0;1.0;1.0;1.0007156030705608;1.0;1.0001760997643403;1.0002007621866484;1.0;1.00172891246998;0.9999944843355677;1.0;0.9999853707595182;1.0001942618422153;1.0020793681200955;1.0022932127431765;0.9999973210233333;0.9999892210323519;1.0009263386615876;1.0007078690026923;1.0;0.9999292479337435;0.9999041755150269;0.9999934194009299;0.9997162333946624;0.9996755299567814;1.0;0.9999595989459481;0.9999508725591228;1.0022162844223796;0.9999948651476722;1.0;0.999993605320411;0.9999992543261089;1.024999976158142;
2016-07-11 03:30:00;1.0003044155234984;0.9999768849607825;0.9999940537615508;1.0005540640932122;1.0;1.0007444613003065;1.0022448058716822;1.0004583483369238;0.9999907214848492;1.0014594705117015;1.0;0.9999999999999999;1.0;1.000719676550982;1.0;1.000176663388246;1.0002014192577815;1.0;1.0017393060794262;0.9999938507460037;1.0;0.999985471907476;1.000194895739181;1.0020914651151103;1.0023065815527474;0.9999970965557622;0.9999893158948397;1.0009315990235677;1.0007119882570665;0.9999999999999999;0.9999225057493087;0.9998936807182026;0.9999935147679551;0.9996831309169484;0.9996377237054349;1.0;0.9999603504577356;0.9999520051924098;1.002229308569993;0.999995012368199;1.0;0.9999928659146481;0.9999994039956344;1.024999976158142;
2016-07-11 03:45:00;1.0003015842947234;0.9999787313964463;0.9999950008416953;1.000548532728764;1.0;1.000736997000757;1.0022209546682965;1.0004531022471204;0.9999922107847501;1.0014438761486641;0.9999999999999999;1.0;1.0;1.000712296966818;1.0;1.000173269832897;1.0001976719346917;0.9999999999999999;1.0017202489913104;0.9999947163360041;1.0;0.9999856549361456;1.0001912018972938;1.0020692135154043;1.002282224842553;0.9999972823126146;0.9999888215761435;1.0009219790294468;1.0007048302542263;1.0;0.9999304186873045;0.9999055131173831;0.9999946297889033;0.9997196516901321;0.999678783706199;1.0;0.9999600572918764;0.9999513309010515;1.0022057024286795;0.9999958759148035;1.0;0.999993954684824;0.9999995179338594;1.024999976158142;
2016-07-11 04:00:00;1.000307037771998;0.9999830585327479;0.9999966108293791;1.0005579172180799;0.9999999999999999;1.00074837606074;1.0022427110839887;1.0004637463973038;0.9999946067560099;1.0014604170769346;1.0;1.0;1.0;1.0007246143601527;1.0;1.0001807394014322;1.0002057463031777;1.0;1.0017383333015057;0.9999965103086272;1.0;0.9999876698982473;1.0001990917683494;1.0020897908081037;1.0023043983655366;0.9999985096666427;0.9999898676717519;1.0009349206715958;1.000710457315511;1.0;0.9999279304597051;0.999902929979922;0.9999963292712284;0.9997134798286115;0.999674785209317;1.0;0.9999598373779369;0.999951110989031;1.0022275614543519;0.9999971851217515;1.0;0.9999958884221289;0.9999996782389892;1.024999976158142;
2016-07-11 04:15:00;1.000301657984889;0.9999779670374973;0.9999949665046902;1.0005488996677114;0.9999999999999999;1.0007381267733755;1.0022276963743424;1.0004525412770842;0.999992485929033;1.001447454856072;1.0;1.0;1.0;1.000712798428625;1.0;1.0001711654918166;1.0001955115899381;1.0;1.0017250174816215;0.9999947043458228;1.0;0.9999859050197322;1.0001890626227317;1.0020753249722307;1.0022892722675913;0.9999969191108052;0.9999891018058097;1.0009236340231775;1.0007055407870524;1.0;0.999926164783498;0.9998999631862537;0.999994487336926;0.9997035302121782;0.9996641618613723;1.0;0.999959598945948;0.9999508725591226;1.0022123161111725;0.9999957378031907;0.9999999999999999;0.9999940736980394;0.9999994503714755;1.024999976158142;
2016-07-11 04:30:00;1.0003018531802341;0.99998070951404;0.9999950395734666;1.0005491107295803;1.0;1.000737489071987;1.0022181534542096;1.0004553854679146;0.9999922729654864;1.0014435605760916;1.0;1.0;1.0;1.0007134814726362;1.0;1.00017638604231;1.0002010011363711;1.0;1.0017196479452006;0.9999948704019664;1.0;0.9999879250148939;1.0001945181732683;1.0020667068672418;1.0022791284933454;0.9999975600978755;0.9999911364773599;1.0009223764271606;1.00070034179378;0.9999999999999999;0.9999292801064876;0.999906394645538;0.9999945833188012;0.9997259362447083;0.9996855780655176;1.0;0.999958529906148;0.9999490095918847;1.0022029877786303;0.999995833299688;1.0;0.9999940540026923;0.99999950050547;1.024999976158142;
2016-07-11 04:45:00;1.0003032643768244;0.9999779382702536;0.9999947660974068;1.0005520352737671;1.0;1.0007412837796674;1.0022290825272517;1.0004585210649355;0.9999920920062128;1.0014502849775455;0.9999999999999999;1.0;1.0;1.000717113585767;1.0;1.0001786211260366;1.0002034210978699;1.0;1.0017278037245767;0.9999948383023969;1.0;0.9999867434398337;1.0001968873697045;1.0020769746509213;1.0022902925263968;0.9999977357079267;0.999990252559044;1.000926921450977;1.0007069922719782;1.0;0.9999276266694191;0.9999016637074428;0.9999940785048197;0.9997084007490419;0.999664296405319;1.0;0.9999582123690393;0.9999482792456407;1.0022137436892815;0.9999954116167478;0.9999999999999999;0.9999939327738006;0.9999993903402838;1.024999976158142;
2016-07-11 05:00:00;1.000304803116158;0.9999754770921423;0.9999948094525236;1.000555194615799;1.0;1.0007464941470814;1.002250335439751;1.0004593796571457;0.9999927699059992;1.0014623256682644;1.0;1.0;0.9999999999999999;1.0007209725271886;1.0;1.0001754912510632;1.0002002593394166;0.9999999999999999;1.001742885742933;0.9999949598117014;0.9999999999999999;0.9999859448227633;1.0001937190707528;1.002096518404185;1.0023123887702154;0.9999972136106863;0.9999894416787326;1.000933697461387;1.000707059905062;1.0;0.9999182341133189;0.9998917667015057;0.9999939434578611;0.999682964131868;0.9996310831851486;1.0;0.9999554623176959;0.9999455292216153;1.0022346974543337;0.999995254104317;1.0;0.9999942825975474;0.9999992755463218;1.024999976158142;
2016-07-11 05:15:00;1.0003127526422033;0.9999796754438199;0.999995561997793;1.0005689161260047;1.0;1.0007652714158293;1.002308310796474;1.0004687834175394;0.9999936254118149;1.0015001439343445;1.0;0.9999999999999999;0.9999999999999999;1.0007388613861523;1.0;1.0001760520925023;1.0002012446651116;1.0;1.001787603495171;0.9999952686278719;1.0;0.9999871050553694;1.0001945672225336;1.0021502996335336;1.0023722197126088;0.9999968413075556;0.9999898712599921;1.0009574187902968;1.0007190401763504;1.0;0.9999161130282218;0.9998938244473322;0.9999951354475881;0.9996966536832836;0.9996482487024443;1.0;0.9999588230700321;0.9999496838789164;1.0022924559221906;0.9999962221136118;1.0;0.9999948559146075;0.9999994829548838;1.024999976158142;
2016-07-11 05:30:00;1.0003058391527906;0.9999777776362032;0.9999947883482471;1.0005565600470845;1.0;1.0007479140647209;1.0022537877731679;1.0004602786263392;0.9999921163207113;1.001465241230304;1.0;1.0;1.0;1.0007228254889537;1.0;1.000176436288265;1.000201255987906;0.9999999999999999;1.0017459453720745;0.9999946451795649;0.9999999999999999;0.999986004098704;1.0001946958052856;1.0020997876390818;1.0023159082930013;0.9999972455324873;0.9999893839583145;1.0009356098672484;1.0007017643479916;1.0;0.999922491422553;0.9999031555423198;0.9999942427589692;0.999724995453706;0.9996776531291779;1.0;0.9999595198411367;0.9999503806436527;1.002238256828408;0.9999955507243827;1.0;0.9999938665219315;0.9999994298507586;1.024999976158142;
2016-07-11 05:45:00;1.0003123475108022;0.999983600529492;0.9999952226934848;1.0005674075711728;1.0;1.000761006110745;1.0022841079983447;1.0004712537491933;0.9999916738058234;1.0014878905418763;1.0;1.0;1.0;1.0007372932533845;0.9999999999999999;1.0001848150256067;1.000210302494148;1.0;1.0017714363566144;0.9999947572006648;1.0;0.9999875620252509;1.0002035681172423;1.0021283545815727;1.0023467872253158;0.99999798651559;0.9999905266132939;1.0009515429098044;1.0007105916793457;1.0;0.9999157175458425;0.999893485110198;0.999995175499329;0.9996959615954636;0.9996545402221875;0.9999999999999999;0.9999594465905665;0.9999499262675755;1.0022687159085242;0.9999963772861892;1.0;0.9999937613371889;0.9999997238527973;1.024999976158142;
2016-07-11 06:00:00;1.0003272335657927;0.9999870564268276;0.9999957214686468;1.0005942642935286;1.0;1.0007982704142364;1.0024001801210358;1.0004915064956623;0.9999927291949939;1.0015632334471873;1.0;1.0;1.0;1.000772592162774;1.0;1.000188229146129;1.0002147543899809;1.0;1.001861559153822;0.9999949623947583;0.9999999999999999;0.999990295427488;1.0002077642655132;1.0022361803006714;1.0024662928967316;0.9999971513703607;0.9999927631283029;1.0009986359122272;1.0007564906924058;1.0;0.9999042365298317;0.9998702259261877;0.9999958454681727;0.9996164969368075;0.9995768924276381;1.0;0.9998816539899019;0.9998725155040783;1.0023840313187975;0.9999968865686615;1.0;0.9999943594772581;0.9999997702676429;1.024999976158142;
2016-07-11 06:15:00;1.0003359297979237;0.9999848944362693;0.999996041270895;1.0006103920590246;1.0;1.0008195481559519;1.0024601353651375;1.0005064513545097;0.9999936492257908;1.0016022335382475;0.9999999999999999;1.0;1.0;1.0007933526196728;1.0;1.0001956641711724;1.0002230087262156;1.0;1.0019077611734566;0.9999956657697178;1.0;0.9999895778630843;1.0002157883409086;1.0022922401984093;1.0025277895210043;0.9999976979588103;0.9999920122809589;1.0010245491487133;1.000781522500019;1.0;0.9998903307747231;0.9998447876324057;0.9999958765115575;0.9995320795947737;0.9994914896759824;1.0;0.9998478790785194;0.9998383598177305;1.0024434921175833;0.9999968559446616;1.0;0.9999950757861373;0.9999996661774979;1.024999976158142;
2016-07-11 06:30:00;1.000339148787154;0.9999830541809585;0.9999966031397352;1.0006165482595177;1.0;1.0008276001290015;1.002480561618912;1.0005127909950013;0.9999950629029288;1.0016154099021413;1.0;1.0;1.0;1.0008011239434402;1.0;1.0001989906380302;1.0002266692936828;1.0;1.0019231969625229;0.999996613429818;1.0;0.9999891105593339;1.0002193405370325;1.0023114098052617;1.002548736942271;0.9999982139632184;0.9999913512661702;1.0010339146092908;1.0007880032242318;1.0;0.999907118586393;0.9998716595030535;0.9999961511675317;0.9996183123938993;0.9995740475783876;1.0;0.9998244258441635;0.999814906806666;1.0024637080841208;0.9999970041508602;1.0;0.999996127921969;0.9999995689015497;1.024999976158142;
2016-07-11 06:45:00;1.0003416351168815;0.9999755317226499;0.9999947220034258;1.000621992570734;1.0;1.000836906658534;1.0025262202067262;1.0005131064178514;0.9999927270949642;1.0016410772096977;1.0;1.0;1.0;1.0008078677391683;0.9999999999999999;1.0001932402540281;1.0002208507003691;1.0;1.0019561211995829;0.9999946328776512;1.0;0.9999857812373016;1.0002135553723601;1.002353424243245;1.00259603190455;0.9999964975961013;0.9999892015570064;1.0010471073119669;1.0008017540475944;1.0;0.9998831205941543;0.9998346661740762;0.9999939805583725;0.9995018946645773;0.9994442688391129;0.9999999999999999;0.9998244046711777;0.9998081225708457;1.0025086497108158;0.9999952879973576;1.0;0.9999941219552332;0.9999992803936585;1.024999976158142;
2016-07-11 07:00:00;1.0003561199656585;0.9999852555919161;0.9999953372564203;1.0006469675000431;1.0;1.0008728734859396;1.0026497758401116;1.0005264372116527;0.9999930378117365;1.0017202524487554;1.0;1.0;1.0;1.0008409247541639;1.0;1.0001870443590826;1.000215177785931;1.0;1.0020512644960646;0.9999938706549161;1.0;0.99998979579902;1.000207746387836;1.002467524175375;1.0027237915452087;0.9999942095508894;0.9999921111601277;1.0010940989880073;1.0007817570883866;1.0;0.9998414661941938;0.9998126130579743;0.9999956394943311;0.9994867594114826;0.9994236061593987;1.0;0.9998371757880663;0.999817718164565;1.0026316361457817;0.9999966910779228;1.0;0.9999940270801654;0.9999996769157096;1.024999976158142;
2016-07-11 07:15:00;1.0003581328751026;0.9999867699273521;0.9999962832493692;1.0006504728627175;1.0;1.0008743684213068;1.002630106327274;1.0005373378973912;0.9999941053359255;1.0017121019396396;1.0;1.0;1.0;1.000845621097459;1.0;1.0002033504771135;1.0002322844359857;1.0;1.0020390046614802;0.9999955589383313;1.0;0.9999905149965181;1.0002246411163576;1.0024501692420376;1.0027027722218154;0.999996862273333;0.9999926063421142;1.0010936291456745;1.0007360164187018;1.0;0.9998368259101685;0.9998330722283375;0.999996333692563;0.9995859173551467;0.9995276572690023;1.0;0.9998119069712499;0.9997419340202783;1.0026123708819477;0.9999972201964782;1.0;0.9999952615810522;0.9999997328887498;1.024999976158142;
2016-07-11 07:30:00;1.000374534091949;0.9999857493810455;0.9999964042783988;1.0006802318200658;1.0;1.0009145994474977;1.0027534916989331;1.0005610348718856;0.9999943895212573;1.0017913784439014;1.0;1.0;1.0;1.0008841140869356;1.0;1.0002108561834329;1.000241010303097;1.0;1.0021335795595305;0.9999956191649658;1.0;0.999989421554078;1.0002330192980238;1.0025650643505326;1.002829692324674;0.9999966480980271;0.9999913945905337;1.001143974547314;1.0007719704264098;1.0;0.9998295731583681;0.999825658164865;0.9999964811424922;0.9995694723404814;0.9995040968494241;0.9999999999999999;0.9997404028077708;0.9996359264183723;1.002734847076766;0.9999973288772843;1.0;0.9999954257150361;0.9999997326061206;1.024999976158142;
2016-07-11 07:45:00;1.0003971465581902;0.9998497976986475;0.9999735789096753;1.0007375603703053;1.0;1.0009959969419246;1.0030801635947595;1.0006094006616206;0.9999677222270422;1.001970801483473;1.0;0.9999999999999999;1.0;1.0009510896953162;1.0;1.0002383634677476;1.0002713162775783;1.0;1.002364413652625;0.9999794898717614;1.0;0.9999257866758875;1.0002626134572605;1.0028700114854276;1.0031647400884474;0.999992969076688;0.9999460040574876;1.0012489030976834;1.0008708281818428;1.0;0.9997797716817507;0.9997534077666791;0.9999651587736057;0.9993497547359343;0.9992866993662751;1.0;0.9997348710159671;0.9996278772104863;1.0030540044490652;0.9999721161337358;1.0;0.9999748850958391;0.9999947109991073;1.024999976158142;
2016-07-11 08:00:00;1.0004011939316018;0.9999333726390586;0.9999872556904877;1.0007349811127004;1.0;1.000988810337627;1.0030011365627924;1.0006096497132042;0.9999832903041677;1.0019415922976924;0.9999999999999999;1.0;1.0;1.0009526495172736;1.0;1.0002376837133198;1.000270651633845;1.0;1.0023184996135606;0.9999892389264513;0.9999999999999999;0.999965223986307;1.000261958306897;1.0027962762699585;1.0030835853621882;0.9999958407168468;0.9999745840241662;1.0012374743124846;1.0008280595891907;1.0;0.9997766569827217;0.9997608425100214;0.9999839591244978;0.9993900625825038;0.9993260604032854;1.0;0.9997305252505635;0.9996284724898955;1.002978868221978;0.9999872770375746;1.0;0.9999870459995838;0.9999977775110817;1.024999976158142;
2016-07-11 08:15:00;1.000427604298677;0.9999187066186148;0.9999757493870051;1.0007809441697209;1.0;1.0010500919267722;1.0032400549779645;1.0006336095129253;0.9999585308563952;1.0020896475732461;1.0;1.0;1.0;1.0010114576885782;1.0;1.0002445810073994;1.0002787803880053;1.0;1.0024987291552179;0.9999741393083142;1.0;0.9999426093392114;1.000269744139517;1.003018599610075;1.0033293061967024;0.9999907401674007;0.9999580155038087;1.0013216423823856;1.0009021486362626;0.9999999999999999;0.9997472119195149;0.9997172720343891;0.9999748654248201;0.9992570417141711;0.9991058292608157;0.9999999999999999;0.999702361190367;0.9995746677801417;1.0032158900972963;0.9999810096368262;1.0;0.9999689892172843;0.9999983270153593;1.024999976158142;
2016-07-11 08:30:00;1.0004270234163601;0.9998473929624356;0.999962654357556;1.000788019350497;1.0;1.001063378928541;1.0033399789823565;1.0006343819660333;0.9999421594039288;1.0021343678611756;0.9999999999999999;1.0;1.0;1.0010166198193335;1.0;1.000243016037133;1.0002772285139068;1.0;1.0025624172628746;0.9999637101682827;0.9999999999999999;0.9999074951599695;1.0002681923137045;1.003111540070538;1.00343209211547;0.999987123526729;0.9999328137808545;1.001341797072683;1.0009208195403856;1.0;0.9997578685875845;0.9997446840591293;0.9999578216694238;0.999357693566363;0.9992295223170654;1.0;0.9996850220937411;0.9995387154932941;1.00331222904283;0.9999674079423757;1.0;0.9999562752669943;0.9999958193272144;1.024999976158142;
2016-07-11 08:45:00;1.000423785781395;0.9999243786687685;0.9999776914849112;1.0007735064951744;1.0;1.001038902026866;1.0031925574093998;1.0006307156735934;0.9999615720075795;1.0020615327462468;0.9999999999999999;1.0;1.0;1.0010020141245655;1.0;1.0002470279938949;1.0002811183506324;1.0;1.0024635575905185;0.9999763391348481;1.0;0.9999459709050059;1.0002720979488902;1.0029747106403488;1.003280259003058;0.9999921194573153;0.9999602308717489;1.001306240610306;1.0008782069807909;1.0;0.9997535232567841;0.9997330264310567;0.9999768588374377;0.9993137593308928;0.9991664218895595;1.0;0.9996983476662091;0.9995682998567372;1.0031689646709883;0.9999825316399803;1.0;0.9999713989117552;0.9999984876815202;1.024999976158142;
2016-07-11 09:00:00;1.0004282206708777;0.9998546329346797;0.9999602662729956;1.000788177529318;1.0;1.001062306832554;1.0033432694448552;1.0006316814233314;0.9999351286181578;1.0021384638110327;1.0;1.0;1.0;1.0010173436804393;1.0;1.0002440699905792;1.0002782022000127;1.0;1.0025667589999352;0.9999596440494322;1.0;0.9999059861315424;1.0002692120230974;1.0031146926127632;1.003435306556112;0.9999861344739872;0.9999321230176728;1.0013425076768665;1.0009284370113043;1.0;0.9997398023425776;0.9997111957937411;0.9999569581218553;0.999244563733465;0.9991153154871829;1.0;0.9997129927315691;0.9995812278923569;1.0033159426826792;0.9999670993944008;0.9999999999999999;0.9999513172003012;0.9999964209551927;1.024999976158142;
2016-07-11 09:15:00;1.0004343442858694;0.9998902500325154;0.9999768687230136;1.0007993303201452;1.0;1.0010787500582128;1.003326982795667;1.0006537391533883;0.9999680066644321;1.0021391008304366;1.0;1.0;1.0;1.001033991872411;1.0;1.0002477608353952;1.000283002551345;0.9999999999999999;1.002561508110926;0.9999791598124536;1.0;0.9999408834575317;1.00027372207123;1.0030990677270786;1.0034189338701596;0.999991325545443;0.9999572453443136;1.0013546145261099;1.000902160745367;1.0;0.9997167430671966;0.9996895587206119;0.9999720396090743;0.9991958606160622;0.9990319774190727;1.0;0.9997377576003406;0.9996188370960447;1.0033008109869448;0.9999779998642853;0.9999999999999999;0.9999752513850774;0.9999964737675626;1.024999976158142;
2016-07-11 09:30:00;1.0004575595204641;0.9999504899871983;0.9999889842657645;1.0008349668149015;1.0;1.0011233711408656;1.0034053708223614;1.0006895269356257;0.9999842309088217;1.0022074335704116;1.0;1.0;1.0;1.0010838788304741;1.0;1.000263910996987;1.0003011152125862;1.0;1.0026338027133648;0.9999894288450331;1.0;0.9999718678244839;1.0002913080043638;1.0031722211061498;1.003499380563953;0.9999949191559699;0.9999793626619726;1.0014065364527125;1.000908704602535;1.0;0.9996207979901472;0.99955003239043;0.9999871755113907;0.9987691745099527;0.9985287430293405;1.0;0.9997201106073332;0.9995906517658483;1.0033810897453757;0.9999899782552621;1.0;0.9999877284536828;0.9999985075134755;1.024999976158142;
2016-07-11 09:45:00;1.0004425197380116;0.9999325665861258;0.9999871114894475;1.0008097796574364;1.0;1.0010904661363356;1.0033172662702436;1.000667906349534;0.9999829911037673;1.002144795986501;0.9999999999999999;0.9999999999999999;0.9999999999999999;1.0010497756528354;1.0;1.0002544309663284;1.000290400838914;1.0;1.0025613435481633;0.9999885943856655;1.0;0.9999634871942717;1.0002808790761704;1.0030901821997928;1.0034089597545106;0.9999946528704017;0.9999727155744337;1.0013654334212634;1.0008810096900453;1.0;0.999662525336715;0.9996156867470197;0.9999840803934423;0.9989760751327894;0.9987722202655148;1.0;0.9997171706551107;0.9995788779228101;1.0032928251232385;0.999987402766589;1.0;0.9999866539658558;0.9999978517187182;1.024999976158142;
2016-07-11 10:00:00;1.0004546671275567;0.9999665129559693;0.999992760475312;1.0008278416798826;0.9999999999999999;1.0011119840672136;1.0033494856901812;1.0006870344110521;0.9999893429926775;1.0021765850432702;1.0;1.0;1.0;1.001075316059656;1.0;1.0002663528022768;1.0003034466150431;1.0;1.0025937678084587;0.9999929385711221;1.0;0.9999795059494504;1.0002936379971352;1.0031205604223727;1.003441744439743;0.9999967361433162;0.9999843750042253;1.0013904777838314;1.0008883584939818;0.9999999999999999;0.9996764517224356;0.9996398455457769;0.9999917168171573;0.9990568372429215;0.9988194671526924;1.0;0.999686696413883;0.999534659631837;1.0033262717661444;0.9999935552402689;1.0;0.999991758494706;0.9999990835074561;1.024999976158142;
2016-07-11 10:15:00;1.0004528100118317;0.9999648505481212;0.9999926213048081;1.0008249910990747;1.0;1.0011093223923269;1.0033468678930633;1.000683318359923;0.9999898473856469;1.0021736672355108;1.0;1.0;0.9999999999999999;1.0010716484967086;1.0;1.0002617308183912;1.0002985909466677;1.0;1.0025912247021327;0.9999929122028551;0.9999999999999999;0.9999801582842254;1.0002888635657252;1.0031177261055142;1.003439284339215;0.9999960929143217;0.9999851572126008;1.001387549982432;1.000883475854321;1.0;0.9996680851506565;0.9996294302963222;0.9999913318616983;0.9990276094042495;0.9987856215364026;1.0;0.9997319230196375;0.9995859007655862;1.0033235680015278;0.9999931948986593;1.0;0.9999919517037098;0.9999989307218777;1.024999976158142;
2016-07-11 10:30:00;1.0004504723240997;0.9999715948508326;0.9999914789504679;1.0008198500792012;1.0;1.0011122324103827;1.0034237024622403;1.0006539221981765;0.9999886347921828;1.002212372983274;1.0;1.0;1.0;1.0010652799415833;1.0;1.000211429201884;1.0002460243448728;1.0;1.002643789575573;0.9999888486812558;1.0;0.9999834322802552;1.0002368997853222;1.0031860016126055;1.00352091689279;0.9999879348138886;0.9999876243262468;1.0013982943451096;1.000912134623012;1.0;0.9996755599483661;0.9996396636974408;0.9999917043792859;0.9990583459831034;0.9988131281230677;1.0;0.9997037900664805;0.9994914475885168;1.0033996135079608;0.9999935885237733;1.0;0.9999897026755257;0.9999991715579335;1.024999976158142;
2016-07-11 10:45:00;1.0004627658393062;0.9999619755191069;0.9999897700281248;1.000842821697049;1.0;1.001146897040853;1.0035597143366244;1.0006627724281647;0.9999868231685752;1.0022931317871666;1.0;1.0;1.0;1.001094198185826;1.0;1.0001998228697297;1.0002345597808857;1.0;1.0027433109506947;0.9999865136553368;1.0;0.9999771376843847;1.0002253348454062;1.0033116442861572;1.003661774308058;0.9999847383052316;0.9999820965591573;1.0014442385891098;1.0009557056876435;0.9999999999999999;0.9996749039490656;0.9996400238953118;0.9999900006860026;0.9990618912119902;0.9988126287612664;1.0;0.9996718405354917;0.9995002987813149;1.0035341584673925;0.9999922399834674;1.0;0.9999878024460024;0.9999989357565305;1.024999976158142;
2016-07-11 11:00:00;1.0004551550922116;0.9999236179966539;0.9999860707150435;1.000833498878765;0.9999999999999999;1.0011239360465423;1.0034330496925472;1.0006835383040078;0.9999820834133596;1.0022153985176678;1.0;1.0;1.0;1.0010798743421478;0.9999999999999999;1.0002544211890698;1.0002910689029785;1.0;1.0026472108286322;0.999987575433747;0.9999999999999999;0.9999580821947606;1.000281316199604;1.003197541015701;1.0035284726176856;0.9999934189318367;0.9999679928434494;1.0014081982858312;1.0009167365570417;1.0;0.9996481954881177;0.9995949872968377;0.9999827301771237;0.9989154756554631;0.9986863448330622;1.0;0.999709657029556;0.9995458642648272;1.0034074411153981;0.9999863023275567;1.0;0.9999857513365328;0.9999976108317602;1.024999976158142;
2016-07-11 11:15:00;1.000463937262928;0.9999466338728017;0.9999896718153297;1.0008464118046114;1.0;1.0011393405083888;1.0034596498757955;1.000695859852747;0.9999856258449157;1.0022396297602176;0.9999999999999999;1.0;1.0;1.0010978441699405;1.0;1.000261473923382;1.0002988101336268;1.0;1.0026723504418769;0.9999900416726297;1.0;0.9999676511112986;1.0002888613197134;1.0032225407532138;1.0035556719439895;0.9999946297364828;0.9999746371326201;1.0014264754482685;1.000927860624712;1.0;0.9996599773321438;0.9996122138609452;0.999987903284984;0.9989700207672093;0.9987346945957098;1.0;0.9996885516379056;0.9995133015767022;1.0034348748242106;0.9999905164078987;1.0;0.9999886616300631;0.999998533964783;1.024999976158142;
2016-07-11 11:30:00;1.0004568482540834;0.9999423140495921;0.999990675680187;1.0008336680149812;0.9999999999999999;1.0011214204334857;1.003400270222547;1.0006863245730668;0.9999876717857503;1.0022000657739152;1.0;1.0;1.0;1.0010803606464642;1.0;1.000258994603014;1.000295729667805;1.0;1.0026244277738394;0.9999915412834297;1.0;0.9999640504757529;1.0002858471564684;1.0031675369177704;1.0034946979637682;0.9999956708121229;0.9999705946971414;1.0014028615873645;1.0009068715984952;1.0;0.9996696645985426;0.9996278293161799;0.9999886338515058;0.9990166253582315;0.9987639182178306;1.0;0.9996949529536664;0.9995266409117335;1.0033758085058555;0.9999910150972818;1.0;0.999990251131529;0.9999984805091794;1.024999976158142;
2016-07-11 11:45:00;1.0004789795392386;0.999943707536047;0.9999911392119365;1.0008735564172233;1.0;1.001175080595623;1.0035611679853034;1.0007187791841416;0.999988352086308;1.0023047947800163;0.9999999999999999;1.0;1.0;1.0011321823113246;1.0;1.0002702319237329;1.0003086750885775;1.0;1.0027489047436737;0.9999918525635699;0.9999999999999999;0.9999642892332231;1.0002983235439127;1.0033173652625225;1.0036601421923435;0.9999955501980434;0.9999704514086398;1.0014698507527027;1.000959375519057;0.9999999999999999;0.9996580891993907;0.9996108252412481;0.9999892499539783;0.9989690412010944;0.9987181296639627;1.0;0.9996490072046585;0.9994802939460347;1.0035356822405346;0.9999915018218503;1.0;0.9999907204496543;0.9999985556214777;1.024999976158142;
2016-07-11 12:00:00;1.0004780059156144;0.9999414925099216;0.9999943518994807;1.000869082297814;1.0;1.0011681827272298;1.0035473018508065;1.000706388516349;0.999991954874891;1.002289945849162;1.0;1.0;1.0;1.001123488986632;1.0;1.0002555276639622;1.00029266127847;1.0;1.002728970166605;0.9999939888659528;0.9999999999999999;0.9999511636232998;1.0002822542359213;1.0033042680109692;1.0036472362861348;0.9999959725625046;0.9999546807409365;1.0014605641202199;1.000972287559324;1.0;0.9996511932870061;0.9995874253809931;0.9999937815410038;0.9988761156255349;0.9986286552647516;1.0;0.9997245163905373;0.9995858580659888;1.0035221448031775;0.9999951650568258;1.0;0.9999934911334684;0.9999993197738792;1.024999976158142;
2016-07-11 12:15:00;1.0004670572850072;0.999959100332187;0.9999930111396341;1.0008504039871042;1.0;1.0011427630657532;1.0034496920231781;1.0007023950132952;0.9999901119759287;1.0022377861365974;1.0;1.0;1.0;1.00110338509661;1.0;1.0002676306863578;1.0003053213585746;1.0;1.0026670212719546;0.9999932126727574;1.0;0.9999727456860217;1.0002952254761865;1.0032136006272119;1.0035453046971592;0.9999964493376071;0.999977449130261;1.0014289050450504;1.0009385495967216;1.0;0.9996221664478786;0.9995417353367525;0.9999918927925211;0.998731822644194;0.9984761191188518;0.9999999999999999;0.9997605818436498;0.999647194501669;1.003425626977787;0.999993659329177;1.0;0.9999922311570334;0.9999990458011649;1.024999976158142;
2016-07-11 12:30:00;1.0004709583833185;0.9999410700221596;0.9999901607859577;1.000859758296572;1.0;1.001155144302844;1.0034917034081399;1.000712542864956;0.9999868731285805;1.002261834818464;1.0;1.0;0.9999999999999999;1.001114578331148;1.0;1.0002760284054544;1.0003143612830874;1.0;1.0026974347640512;0.9999915254412651;1.0;0.9999647591362528;1.0003041097328471;1.0032531414054606;1.003588118880587;0.9999966547412628;0.999971913915775;1.001444175269308;1.0009558708587758;1.0;0.999636215817921;0.9995614184690447;0.9999877545912207;0.9987918096702205;0.9985168117570691;1.0;0.9997316845540364;0.9996194012950587;1.0034666485750297;0.999990311128919;1.0;0.9999898379103236;0.9999983461580534;1.024999976158142;
2016-07-11 12:45:00;1.0004774485256531;0.9999470610895691;0.9999912889955038;1.0008711618441681;1.0;1.0011696860055075;1.0035250176802246;1.0007247713540866;0.9999885221503928;1.0022863991220876;1.0;1.0;0.9999999999999999;1.00112997895032;1.0;1.0002838100333837;1.000322890253102;1.0;1.0027255427111077;0.9999927350477784;1.0;0.9999688687979081;1.0003124701309207;1.00328440101807;1.0036220890444671;0.9999974428275745;0.9999753122432758;1.0014615564235758;1.0009617965164874;1.0;0.9996228742144881;0.9995435792520545;0.9999889988052241;0.9987397049614491;0.9984498277741258;1.0;0.9996939612589487;0.9995615076726306;1.003499977259506;0.9999912750397921;1.0;0.9999911544856169;0.9999984705940178;1.024999976158142;
2016-07-11 13:00:00;1.0004654124264418;0.9999001031474544;0.9999836838688049;1.0008545188561435;1.0;1.0011520548088604;1.0035239551260415;1.0007018224464597;0.9999800946820008;1.0022690476470901;1.0;1.0;1.0;1.0011051803602773;1.0;1.000263563313319;1.000301136468249;1.0;1.0027127581432538;0.999986566145366;1.0;0.999945468006597;1.0002910553306605;1.0032825823094;1.0036218584680905;0.9999937520089694;0.999957572703793;1.001442654258235;1.0009679746417548;1.0;0.9996567852544127;0.9995930158988695;0.9999789185649683;0.9988896701979671;0.9986048853747183;0.9999999999999999;0.9996953858539436;0.9995473684050401;1.0034969188943894;0.9999831534348597;0.9999999999999999;0.9999842048239125;0.999996842769918;1.024999976158142;
2016-07-11 13:15:00;1.0004675034738457;0.9999463788590391;0.9999916755012251;1.0008514895575937;1.0;1.0011432341541975;1.0034574618905567;1.0007018848095608;0.9999876555794519;1.0022386808341162;1.0;1.0;1.0;1.001103135321184;1.0;1.0002685230324524;1.0003060466314129;1.0;1.0026683467921635;0.9999920603941541;1.0;0.9999615416308992;1.0002958590560969;1.0032212551471336;1.003553388723971;0.9999968008610659;0.9999672438904622;1.001429366550118;1.0009497995457493;1.0;0.9996745562732087;0.9996187845804443;0.9999903770069852;0.9989697264211832;0.9986949633881761;1.0;0.9997039716603335;0.9995560299785979;1.0034329469508179;0.9999925115084461;0.9999999999999999;0.9999905571068511;0.9999989375040904;1.024999976158142;
2016-07-11 13:30:00;1.0004532625445528;0.9999488105710452;0.9999910931688909;1.0008260706891694;1.0;1.0011089169835015;1.0033495165278619;1.0006836483047967;0.9999868441416984;1.002170893035379;1.0;1.0;1.0;1.0010709053437155;1.0;1.0002652364659161;1.0003019645957674;1.0;1.002587744968121;0.9999917131225842;1.0;0.9999657094057156;1.0002920925405487;1.0031208485493543;1.003442031223164;0.9999969980306364;0.9999719254807402;1.0013864737696327;1.0009090473404494;1.0;0.9996782500238798;0.9996280566495799;0.9999895502337255;0.9990011581951389;0.9987485469127468;1.0;0.9997164695196249;0.9995669072191447;1.003325774714207;0.999991853420159;1.0;0.9999900080112373;0.9999988204795373;1.024999976158142;
2016-07-11 13:45:00;1.0004554519594016;0.9999566525783976;0.9999922957558386;1.000829589657961;1.0;1.0011150927349277;1.0033713266992224;1.000684312147961;0.9999889872082401;1.0021856471251693;1.0;1.0;1.0;1.0010761984634067;0.9999999999999999;1.0002600970718851;1.0002968071767868;1.0;1.0026055632445576;0.9999924892556933;1.0;0.9999713832366929;1.0002869751467;1.0031406384461314;1.0034647647149255;0.9999961459588244;0.9999765645931008;1.0013947613253034;1.0008975653195418;1.0;0.9996610106675987;0.999613642697849;0.9999910967679397;0.9989710781957918;0.9987010473925615;0.9999999999999999;0.9996738863513112;0.9994807642227133;1.0033476167161388;0.9999930468672804;0.9999999999999999;0.9999913775879163;0.9999989700236068;1.024999976158142;
2016-07-11 14:00:00;1.0004375757496569;0.9999623046373087;0.9999934264079854;1.0007970068025782;1.0;1.0010706201246746;1.0032257299876528;1.0006606448203403;0.9999909318786718;1.0020942715849406;0.9999999999999999;1.0;1.0;1.0010344099819843;1.0;1.000254592452581;1.000290145712322;1.0;1.0024956606919617;0.9999939113957469;1.0;0.9999763832005215;1.000280667813775;1.0030051496791972;1.003314860299499;0.9999970917514391;0.9999809517539159;1.0013382488086169;1.0008521695997663;1.0;0.9996688426612179;0.9996235903256294;0.9999921484534791;0.9989963179380253;0.9987264890596954;1.0;0.9997443073312978;0.9995507906954328;1.0032032817753744;0.9999938277391384;1.0;0.9999929086715121;0.9999990195159304;1.024999976158142;
2016-07-11 14:15:00;1.000445515207866;0.9999710365779655;0.9999931594482263;1.0008103670345334;0.9999999999999999;1.0010940729568156;1.003332949667723;1.0006573857270125;0.9999904072616478;1.0021590338298352;0.9999999999999999;1.0;1.0;1.0010524072511593;1.0;1.000231025131754;1.0002660361126374;1.0;1.0025760230846907;0.999991657941732;1.0;0.9999807056311076;1.000256722833273;1.0031030394402203;1.0034265730033363;0.9999923436392618;0.9999844077146642;1.0013717397522053;1.0009025325489804;1.0;0.9996676713168484;0.9996120034264071;0.9999930824921108;0.9989502474632603;0.9986838759102226;0.9999999999999999;0.9997537321985012;0.9995434981377671;1.0033098477274034;0.999994660436401;1.0;0.9999917638459066;0.9999993249462868;1.024999976158142;
2016-07-11 14:30:00;1.0004376085695836;0.9999483081177959;0.9999896481050151;1.0007985461936533;1.0;1.0010789652000558;1.0033021785199776;1.000646907827329;0.9999863665733454;1.0021329774164085;1.0;1.0;1.0;1.0010355485067541;0.9999999999999999;1.0002274409972838;1.0002618688546328;1.0;1.0025477614009974;0.999989204179584;1.0;0.9999693965450895;1.0002526873052147;1.0030744944308043;1.003394935913934;0.9999917606056264;0.9999759315099731;1.0013533758491482;1.0008926045885969;1.0;0.9996531405248968;0.999588280172383;0.9999882181794372;0.9988712485225056;0.9985976363580589;1.0;0.9997963576691088;0.9996433269442914;1.0032783869399167;0.9999907401910182;1.0;0.9999886449322938;0.9999985362196273;1.024999976158142;
2016-07-11 14:45:00;1.0004278386549994;0.999963578099982;0.9999934868766821;1.0007785010093972;0.9999999999999999;1.0010473605823549;1.003171498374198;1.000638493213128;0.9999905412973232;1.0020557278225248;0.9999999999999999;1.0;1.0;1.0010098585440963;1.0;1.00023700999581;1.0002711285429242;1.0;1.0024506494395118;0.9999930723333729;1.0;0.9999743341418953;1.0002619608431313;1.0029540036863764;1.003259855066004;0.9999955326263108;0.9999784162484843;1.001310662650611;1.0008619072248206;1.0;0.9996934610155729;0.9996435007400323;0.9999928568745613;0.9990356368361374;0.9987855767441877;1.0;0.9998166619700293;0.9996873380649295;1.0031494100528824;0.9999944599021119;1.0;0.999992417766517;0.9999992529162961;1.024999976158142;
2016-07-11 15:00:00;1.0004341373648766;0.9999637298278803;0.9999940288506697;1.0007896313228168;1.0;1.0010610974724738;1.0032044435186147;1.0006497572361857;0.9999911213438561;1.0020784891592114;1.0;1.0;1.0;1.001024128519189;1.0;1.0002447015813898;1.0002794457793729;1.0;1.0024765843955106;0.9999937646619812;1.0;0.9999732550052737;1.000270076718943;1.0029849928753867;1.003293559005206;0.9999964433080134;0.999977056552326;1.0013269518577816;1.0008707245387032;1.0;0.9996885967856395;0.9996371326284142;0.999993443941565;0.9990170723346345;0.9987591864924177;1.0;0.999821823100298;0.9996895091130464;1.0031822882185932;0.9999949264790844;0.9999999999999999;0.9999929973848967;0.9999993360953301;1.024999976158142;
2016-07-11 15:15:00;1.0004209258756878;0.9999672005031668;0.9999926670837539;1.0007653028515555;0.9999999999999999;1.001028326561389;1.0031095094439486;1.0006292293183099;0.9999879731209776;1.002017914453442;1.0;1.0;1.0;1.0009931357440223;1.0;1.0002382263145069;1.0002719733288363;1.0;1.0024048369578349;0.9999918960986486;1.0;0.9999750631521239;1.0002629416661912;1.0028965777014358;1.003195773169826;0.9999958898115887;0.9999795479249294;1.0012870633531548;1.0008435672120741;1.0;0.9996926446580982;0.9996402241243093;0.9999924612430108;0.9990210034490463;0.9987610965272766;1.0;0.999830043343476;0.999699050396495;1.0030880781323501;0.9999942782407488;1.0;0.9999907352131864;0.9999994512049505;1.024999976158142;
2016-07-11 15:30:00;1.0004362149575055;0.9999630056913712;0.9999907980046191;1.0007937295515053;1.0;1.0010670411961773;1.0032325151010495;1.000652400776126;0.9999850925315237;1.0020971193067159;0.9999999999999999;1.0;1.0;1.0010302716822823;1.0;1.0002473647340238;1.0002824313461527;1.0;1.0025003716132137;0.999990022579032;1.0;0.99997375683653;1.0002731073125954;1.0030110227522275;1.003322095214855;0.9999950851568754;0.9999794725628144;1.0013363222544156;1.000876961169489;1.0;0.9996658338490636;0.9996034480473539;0.9999903871095815;0.9989142106247758;0.9986752719243851;1.0;0.999816185091544;0.9996773950575123;1.0032100815410427;0.9999926770140595;1.0;0.9999885305310894;0.9999992486192079;1.024999976158142;
2016-07-11 15:45:00;1.0004217845071666;0.9999519539795929;0.9999903710203509;1.0007692060166484;1.0;1.001034987672443;1.0031412161263271;1.0006324452473274;0.9999861213961859;1.0020342182241202;1.0;0.9999999999999999;1.0;1.0009976589340472;0.9999999999999999;1.0002385981598825;1.0002725445115168;1.0;1.0024268796008178;0.999990558643039;1.0;0.9999700102601025;1.0002634954884166;1.0029259891923872;1.0032283529636745;0.9999951811014436;0.9999764683390531;1.001295858945298;1.0008476965822193;1.0;0.9996635679694987;0.9995987602526913;0.9999889170045316;0.9988954557229035;0.9986484551533283;1.0;0.9998100627516835;0.9996679868944701;1.0031188395690744;0.9999913555864749;1.0;0.9999891581323969;0.9999987494041277;1.024999976158142;
2016-07-11 16:00:00;1.0004264843722208;0.9999648953815021;0.9999918631059217;1.0007761349552695;1.0;1.0010447604316295;1.0031698844809476;1.0006356471101063;0.9999875151598849;1.0020551983342432;1.0;1.0;1.0;1.0010074316433404;1.0;1.000235717272557;1.0002697775295026;1.0;1.0024509481893153;0.9999910679287345;1.0;0.9999759373504921;1.000260709855405;1.0029523144200445;1.0032580846893964;0.9999945567019713;0.9999809100128951;1.001308658079324;1.0008605067698255;1.0;0.9996766078994425;0.9996174142170138;0.9999914083921039;0.9989532518364402;0.9987157424549745;0.9999999999999999;0.999814707189587;0.9996774784237706;1.0031478171396047;0.9999934037549761;1.0;0.999990120375707;0.9999992302741251;1.024999976158142;
2016-07-11 16:15:00;1.0004173303000896;0.9999640904374483;0.9999918484705635;1.0007596997244907;1.0;1.0010231541852581;1.0031077394678485;1.0006212851146075;0.9999877427840712;1.0020140095688026;1.0;1.0;1.0;1.0009860273139775;1.0;1.0002287464204496;1.0002620072359405;1.0;1.0024022916576583;0.9999910904531533;0.9999999999999999;0.9999759295019649;1.0002531512802992;1.0028943355263626;1.003194307932232;0.999994332792521;0.9999809282562048;1.0012818386049;1.000845429511116;1.0;0.9997029670727547;0.9996552038706291;0.999991301631237;0.9990673176022523;0.9988298228151125;1.0;0.9998027131496773;0.9996481031840639;1.003086005395041;0.9999932989348511;0.9999999999999999;0.9999902318825307;0.9999991772228528;1.024999976158142;
2016-07-11 16:30:00;1.0004046007659182;0.9999767402988116;0.999994069109232;1.0007352908478164;1.0;1.0009877686393498;1.0029774514150909;1.000607062478859;0.9999901979023873;1.0019357042917676;1.0;1.0;1.0;1.0009551758990216;1.0;1.000231869448422;1.000264546712606;1.0;1.002305995093762;0.9999933313998022;1.0;0.9999826519957331;1.000255873159416;1.0027736834548096;1.003059770669948;0.9999964817358795;0.999986222720488;1.0012358267517953;1.0008057319825543;1.0;0.999727758392425;0.9996920231982439;0.9999939876858492;0.9991797682527974;0.9989660157234567;1.0;0.9998311567612802;0.9997144329945041;1.0029571932125347;0.9999954496489352;1.0;0.9999924292684272;0.9999995859223516;1.024999976158142;
2016-07-11 16:45:00;1.0004044448477167;0.9999655182634258;0.9999929616642181;1.0007364176363307;1.0;1.0009910927995944;1.0030016290285244;1.0006049662591694;0.9999898649178623;1.0019465185827614;0.9999999999999999;0.9999999999999999;1.0;1.0009558184356986;1.0;1.0002257072812129;1.0002581426863424;1.0;1.0023210143003602;0.999992671647961;0.9999999999999999;0.9999777184615749;1.0002495032115528;1.0027958327561246;1.003085019303773;0.9999954403944447;0.9999822065233959;1.0012406294195517;1.0008091813653621;1.0;0.999721397164292;0.9996851708357396;0.9999921660358286;0.9991618368001023;0.9989424131701944;1.0;0.9998332146554701;0.9997292147188431;1.0029806550070204;0.9999939089680886;1.0;0.9999919081637745;0.9999991516526596;1.024999976158142;
2016-07-11 17:00:00;1.0004060206500671;0.999959364706719;0.9999911873823397;1.0007392293604394;0.9999999999999999;1.0009933836935707;1.0030085589956765;1.0006081141138516;0.999986107079421;1.0019505909582807;1.0;1.0;0.9999999999999999;1.000958835445082;1.0;1.0002316100136663;1.0002642580548917;1.0;1.0023256354678585;0.9999908575380797;1.0;0.9999715616596434;1.0002555284764825;1.0028026825777279;1.0030918961914757;0.9999958312569633;0.9999772371716922;1.001243573770018;1.0008100686077372;1.0;0.9997063011154977;0.9996617357326517;0.9999904622309319;0.9990868465956795;0.9988443628997953;1.0;0.9999010418706015;0.9998537992148019;1.002987485857319;0.9999926789785674;1.0;0.9999893438017385;0.9999991498745361;1.024999976158142;
2016-07-11 17:15:00;1.0004030932234738;0.9999487517838018;0.9999880305152008;1.0007342556042873;1.0;1.0009871738066798;1.0030083464210304;1.0005997630118986;0.9999803450124958;1.0019460359515804;1.0;1.0;0.9999999999999999;1.0009515234965154;1.0;1.0002262155293675;1.0002583312245956;1.0;1.0023220447635084;0.9999872527490099;1.0;0.9999626863185885;1.000249704878314;1.0028022912845678;1.0030919169136157;0.9999944794034304;0.9999702717900043;1.0012376118965947;1.0007994572448253;1.0;0.9996911097222617;0.999644812155103;0.9999873953814435;0.999040897625417;0.9987791683970056;1.0;0.9999539572489634;0.9999253838005254;1.0029869171428534;0.9999904066658521;0.9999999999999999;0.9999850592667386;0.999999034199651;1.024999976158142;
2016-07-11 17:30:00;1.0004034647119202;0.999961257428524;0.9999926184447676;1.0007347690533384;1.0;1.0009880044221349;1.0029896566497;1.0006046648527454;0.9999892116443397;1.001938384060219;1.0;0.9999999999999999;0.9999999999999999;1.0009531462145629;1.0;1.0002281961513027;1.0002606142012813;1.0;1.0023109582758893;0.9999925639630618;1.0;0.9999741794385767;1.0002519387730395;1.0027848428823607;1.0030726582043206;0.9999960179156978;0.9999790196846436;1.0012362913534538;1.0007990391973658;0.9999999999999999;0.999716386666147;0.9996814040896435;0.9999916771198882;0.9991544999875405;0.9989265725379421;1.0;0.9999474922108236;0.9999167585574572;1.0029687521184483;0.9999935297576864;1.0;0.9999915382411231;0.9999991032102029;1.024999976158142;
2016-07-11 17:45:00;1.0003903323907257;0.9999569306471563;0.9999915694000299;1.000711375147965;0.9999999999999999;1.0009559544329867;1.0028926278035837;1.0005866891913988;0.9999874803708827;1.0018750857734013;1.0;1.0;1.0;1.0009225130595616;1.0;1.000224584727779;1.0002561022186873;1.0;1.0022357527111214;0.9999917874527647;0.9999999999999999;0.9999718019189501;1.0002476743175193;1.0026947550162937;1.0029726913361396;0.9999963636693893;0.9999774797856242;1.0011961489170231;1.0007929050213127;1.0;0.9997258648100553;0.9996776230577665;0.9999903731742142;0.9991173801416667;0.9988813566054376;1.0;0.9999539572489634;0.9999253838005252;1.0028722351656847;0.9999925180106786;1.0;0.9999903589924902;0.9999989665077732;1.024999976158142;
2016-07-11 18:00:00;1.0003904878398249;0.9999564448875319;0.9999909805163496;1.000712073496254;1.0;1.0009572474740605;1.0028975590230027;1.0005877214446994;0.9999868256569155;1.0018786195167941;1.0;1.0;1.0;1.000923681380369;1.0;1.0002253545262216;1.0002569936897858;1.0;1.0022404885831029;0.9999913142955054;1.0;0.9999731222437246;1.00024858503552;1.0026993043779753;1.002977643819151;0.9999960938214661;0.9999792407111701;1.0011980138352534;1.0008056332342483;0.9999999999999999;0.9997279901171903;0.9996731102900227;0.9999895961744687;0.9990935363658034;0.9988567839039477;1.0;0.9999482242225;0.9999208256494097;1.0028770696473104;0.9999918921448836;1.0;0.9999898183413198;0.9999988410057454;1.024999976158142;
2016-07-11 18:15:00;1.0003899295512106;0.9999607583082603;0.9999915455714592;1.0007103495620278;1.0;1.0009556401877397;1.0028979177525374;1.0005834810351721;0.9999872876991495;1.0018783089762149;1.0;1.0;0.9999999999999999;1.0009216166014534;0.9999999999999999;1.0002195424154923;1.0002508571043374;1.0;1.0022401880300404;0.9999913058539529;1.0;0.9999743333802932;1.000242514760878;1.0026993012579974;1.0029783399582697;0.9999954272522347;0.9999798107611713;1.0011966586293781;1.0008138010467842;1.0;0.9997178269524674;0.9996509365723336;0.9999906356982078;0.9990149375402675;0.9987390959727209;1.0;0.9999570002122369;0.9999288074885831;1.002877551695789;0.999992756729084;1.0;0.9999900884030674;0.999999060889117;1.024999976158142;
2016-07-11 18:30:00;1.0003841353231464;0.9999624215209205;0.9999899495324898;1.0006989404521553;1.0;1.0009408844397867;1.0028669459631017;1.0005693233517228;0.9999833370170237;1.0018568124137128;1.0;1.0;1.0;1.0009068125404568;0.9999999999999999;1.0002103525841346;1.000240834250239;1.0;1.0022153607439794;0.9999886414921134;1.0;0.9999722375207062;1.0002327090202783;1.0026701506552151;1.002946768257008;0.9999939729172018;0.9999782727789529;1.0011801141741599;1.0008095514386928;1.0;0.9997264330530858;0.9996604019456088;0.9999898461691807;0.9990393063763445;0.9987778640187871;1.0;0.9999639726637152;0.9999361925450595;1.0028468547321998;0.9999923233554359;1.0;0.9999871271742563;0.9999993200363811;1.024999976158142;
2016-07-11 18:45:00;1.0003840586026018;0.999963688969924;0.9999920492058366;1.0006984920812356;1.0;1.00093850228903;1.0028437484779869;1.0005728859625;0.9999868309522743;1.0018435466500248;1.0;1.0;0.9999999999999999;1.0009058239194832;1.0;1.0002164894791434;1.000247163084002;1.0;1.0021975481227343;0.9999913047283421;1.0;0.99997213116075;1.0002389151529818;1.0026490736859126;1.002922716220422;0.999995914023124;0.9999770531134888;1.0011750808835744;1.000804898193634;0.9999999999999999;0.9997353036236912;0.9996723670958944;0.999991791653193;0.9990748255772116;0.998821908952065;1.0;0.9999743427981616;0.9999588521974426;1.002823976009215;0.9999937752224219;1.0;0.9999899360209366;0.9999994142213129;1.024999976158142;
2016-07-11 19:00:00;1.0003770376336822;0.99995681524909;0.999990947206012;1.0006864014909773;1.0;1.0009236838002145;1.0028129325914754;1.0005592529715048;0.9999856307900364;1.001819663812418;1.0;0.9999999999999999;1.0;1.0008895159451878;1.0;1.0002062381590495;1.000236057568428;1.0;1.002170765975451;0.9999901844252778;1.0;0.9999682193376952;1.0002280089017141;1.0026200223339;1.002891421225305;0.9999948030797083;0.9999738380869826;1.001157545311264;1.0007944851991994;1.0;0.9997374038706269;0.9996757536650795;0.99999045966672;0.9990846974228117;0.9988293070852231;1.0;0.9999808006804667;0.9999700733790303;1.0027930120970368;0.9999927070040667;1.0;0.9999888534971102;0.9999992083465736;1.024999976158142;
2016-07-11 19:15:00;1.0003738803242694;0.9999041498321825;0.9999815679403804;1.0006873575990824;1.0;1.0009291287688311;1.0028762180108315;1.0005557690955464;0.9999750962361673;1.0018454854325876;1.0;1.0;1.0;1.0008880708512564;1.0;1.0002004416517836;1.0002300526593868;0.9999999999999999;1.0022100746204494;0.9999830626013944;1.0;0.999945250256025;1.0002221081707177;1.0026785205883728;1.0029566738713787;0.9999915988874652;0.9999580981819466;1.0011671299338198;1.0008300189922021;1.0;0.9997603527494767;0.9997018792073131;0.9999777891806082;0.999155434397187;0.9989243448658934;1.0;0.9999830984919037;0.9999727839866661;1.0028536251207611;0.9999824933656865;1.0;0.9999804034822674;0.9999971502039021;1.024999976158142;
2016-07-11 19:30:00;1.0003717739599076;0.9999447266146434;0.9999860537539984;1.0006783000511938;0.9999999999999999;1.0009212603279627;1.0028728661009316;1.0005326171785345;0.9999792806284037;1.0018458346740038;1.0;1.0;1.0;1.0008785858449198;1.0;1.0001669851128485;1.0001949203114306;0.9999999999999999;1.0022096978251607;0.9999836662613335;1.0;0.999962992802815;1.0001874213592064;1.0026733579430598;1.0029549039192522;0.9999874410852546;0.9999709360834935;1.0011611877097004;1.0008650309632596;1.0;0.9997828010204678;0.9997119736947532;0.9999857570701152;0.9991558536830585;0.9989218584237264;0.9999999999999999;0.9999833184137285;0.9999730039062227;1.0028516182786502;0.9999890662050517;1.0;0.9999829602220359;0.9999987304267436;1.024999976158142;
2016-07-11 19:45:00;1.0003498852333697;0.9999500035840082;0.9999887725578509;1.0006383366181506;1.0;1.0008607223357349;1.0026371663820393;1.0005173660764763;0.9999829139582413;1.001702741230618;1.0;1.0;1.0;1.0008270241543897;1.0;1.0001874706980782;1.0002150636933085;1.0;1.0020337944916686;0.9999881784499465;1.0;0.9999668306959192;1.000207671672488;1.0024560309067472;1.002710837824825;0.9999935326441001;0.9999739670609152;1.0010802153794671;1.0008342656766094;1.0;0.9998214722890041;0.9997392578000018;0.9999877911522435;0.999199914064859;0.9989774508429607;1.0;0.9999837032202114;0.9999737698435984;1.0026180117986117;0.9999905880924623;1.0;0.9999866310592886;0.9999988361732728;1.024999976158142;
2016-07-11 20:00:00;1.0003486223363325;0.9999599806126445;0.9999873722314614;1.0006344311535647;1.0;1.0008632698656876;1.0027038788403901;1.000492043147623;0.9999800186516953;1.0017374184540908;1.0;1.0;1.0;1.0008224817675604;1.0;1.0001455166632605;1.0001711910663913;1.0;1.0020802370366926;0.999983687420893;1.0;0.9999700115508049;1.0001643171403245;1.0025154939227352;1.0027815643571771;0.9999864125331501;0.9999764692563714;1.001090018356942;1.0008566272281345;1.0;0.9998091266899428;0.9997196194521577;0.9999882849641375;0.9991368498674966;0.998905881446478;1.0;0.9999830138489174;0.9999726993445531;1.002684190836294;0.999991189045496;1.0;0.9999834375642497;0.9999993033329823;1.024999976158142;
2016-07-11 20:15:00;1.0003472325165526;0.9999689770886656;0.9999910736898302;1.0006320819882344;1.0;1.000855977448895;1.002635189445478;1.0005048483318224;0.999986615680366;1.001702349116693;1.0;1.0;0.9999999999999999;1.0008204385099373;1.0;1.0001681841685195;1.000194938347529;1.0;1.002034140086143;0.9999890843642851;1.0;0.9999793703355807;1.00018784558123;1.0024528549518317;1.0027096716880493;0.9999909717164831;0.9999842315103195;1.0010762738422438;1.000834595778522;1.0;0.999806633709718;0.9997150601469399;0.9999911756480677;0.9991216353002994;0.9988877957137248;1.0;0.9999826046692853;0.9999718773484968;1.0026165049000613;0.9999932603156252;1.0;0.999988861227245;0.9999992790316169;1.024999976158142;
2016-07-11 20:30:00;1.000334922991326;0.9999662868457179;0.9999911016876946;1.0006101652976036;1.0;1.000822236585047;1.0025050485328584;1.0004976953896538;0.9999862295107105;1.0016228622475218;1.0;1.0;1.0;1.000791924333803;1.0;1.0001830802447673;1.000209783954844;1.0;1.0019368529669577;0.9999903398357008;1.0;0.9999783423692002;1.0002027270572347;1.002333085196667;1.0025746811830718;0.9999944420954031;0.999983851102291;1.0010312705576248;1.0007925224085827;1.0;0.9998149377790283;0.9997271104938206;0.9999905591808103;0.9991577094705051;0.998921228577368;1.0;0.9999818232732073;0.999971095960801;1.002487355218091;0.999992755764245;1.0;0.9999891864554196;0.999999164327933;1.024999976158142;
2016-07-11 20:45:00;1.0003349456868176;0.999958424574232;0.9999891644070662;1.0006110881111345;1.0;1.000824147267236;1.002520729620229;1.0004971192694219;0.999983452024466;1.0016305105368102;1.0;1.0;1.0;1.0007927826539764;1.0;1.0001819776291143;1.000208651994948;0.9999999999999999;1.0019474812766733;0.9999885310442714;1.0;0.9999743829100273;1.0002016176455746;1.002347591453112;1.0025908310534557;0.999993669235527;0.9999812379729424;1.0010345125129032;1.0007991923697523;1.0;0.999823175054957;0.9997392297913127;0.9999882646183506;0.9991954463552458;0.9989767277175998;1.0;0.9999826046692855;0.9999718773484969;1.0025025865030195;0.9999909601823923;1.0;0.9999870517211691;0.9999988946328516;1.024999976158142;
2016-07-11 21:00:00;1.00033560114904;0.9999373225412053;0.9999861958597315;1.0006145954587946;1.0;1.0008271402751834;1.0025268528920623;1.0005052957505696;0.9999797302371021;1.001632005005482;1.0;1.0;0.9999999999999999;1.0007960646303102;1.0;1.00019489958839;1.0002221647226606;1.0;1.00195012085413;0.999987064715017;1.0;0.9999635435721145;1.000214955142448;1.0023541353386813;1.0025964879145242;0.9999950004997669;0.9999731269689099;1.0010371657341948;1.0008016667405113;1.0;0.9998339404739992;0.9997557894303952;0.9999838518992714;0.9992475263929698;0.9990280005089949;1.0;0.9999832337706863;0.9999729192640535;1.0025079932004421;0.9999874073059171;1.0;0.9999845191331046;0.9999981858534529;1.024999976158142;
2016-07-11 21:15:00;1.0003353682067355;0.9999314895395867;0.9999854076027798;1.0006151233124747;1.0;1.0008295800166531;1.002545540002456;1.000502939515556;0.9999795647009637;1.0016410524480721;1.0;1.0;1.0;1.0007963797950554;1.0;1.0001889126729102;1.0002159675133255;1.0;1.0019626223055835;0.9999864700494062;1.0;0.9999618950607936;1.0002088190542249;1.002371122103373;1.0026160225178944;0.9999938997290122;0.9999720331773544;1.0010409642296152;1.0008067967210306;0.9999999999999999;0.9998404301242129;0.9997669802955877;0.9999826566199478;0.9992845024884658;0.9990891417340372;1.0;0.9999834353177578;0.9999735019438062;1.002526215648065;0.999986390174786;1.0;0.9999841184828226;0.999997889385985;1.024999976158142;
2016-07-11 21:30:00;1.0003385911646818;0.9999454751218418;0.9999867840797497;1.0006188176635942;1.0;1.0008348377899097;1.0025636386171084;1.0005021410678074;0.9999800418327509;1.0016546475525552;1.0;1.0;1.0;1.0008019087665545;1.0;1.0001837352864265;1.0002106419523231;0.9999999999999999;1.0019777668007626;0.9999864560465115;1.0;0.9999664900140013;1.0002035152713484;1.0023875955016444;1.0026349878009466;0.999993089556897;0.9999750658794756;1.001048524349078;1.0008133659092036;1.0;0.9998249300095254;0.9997420259678893;0.9999853740317723;0.9992045179713227;0.9989992888931752;1.0;0.999983448354556;0.9999739278030515;1.0025447409804857;0.9999886918120753;1.0;0.9999844809520477;0.9999985428354178;1.024999976158142;
2016-07-11 21:45:00;1.0003372531356116;0.9999482819660245;0.9999874222448737;1.0006163424433596;1.0;1.0008308496360925;1.0025433757304254;1.000502605090517;0.9999811241078073;1.0016435237349037;0.9999999999999999;1.0;0.9999999999999999;1.000798988948104;1.0;1.0001869266901697;1.00021394011829;1.0;1.001963758520478;0.9999873239401369;1.0;0.9999690058506691;1.0002068101760684;1.0023689284262718;1.0026139198165185;0.9999938031685619;0.9999772683833321;1.0010428282037374;1.0008026996561332;1.0;0.9998258610175218;0.9997462728115538;0.9999859393123097;0.9992213388821953;0.9990161674605853;1.0;0.9999841376767704;0.99997499825429;1.0025247485970252;0.9999891088933609;1.0;0.999985360356819;0.999998561029366;1.024999976158142;
2016-07-11 22:00:00;1.0003340581239002;0.9999443026283422;0.9999865260619016;1.0006110925262768;1.0;1.000823865534934;1.002524907214139;1.0004986193682004;0.9999799275921158;1.0016306833097561;1.0;1.0;1.0;1.000792042029323;1.0;1.0001863578691557;1.0002131917627757;0.9999999999999999;1.001949078320459;0.9999866417946683;1.0;0.9999674131394288;1.0002061254606265;1.0023517829558106;1.0025948454843658;0.9999937145543729;0.9999763831700558;1.0010342712814504;1.000798106508508;1.0;0.9998371861001305;0.9997631777944072;0.9999847650809344;0.9992739295614494;0.9990734349375193;1.0;0.9999838008500858;0.9999742802952252;1.0025062265649445;0.9999881767579955;1.0;0.9999844687153345;0.9999983977240374;1.024999976158142;
2016-07-11 22:15:00;1.0003299760202486;0.9999381136265512;0.9999844853397098;1.0006041639501289;1.0;1.0008165090703196;1.0025230300697237;1.0004873247622437;0.9999768307522424;1.0016251988186144;1.0;1.0;0.9999999999999999;1.0007826115253944;0.9999999999999999;1.0001751915610415;1.0002012950923318;1.0;1.0019448341119976;0.999984163555767;1.0;0.9999634608979124;1.0001944208466051;1.0023494889531745;1.0025933719554756;0.9999917586123884;0.9999735404682268;1.0010270250093083;1.0007974965899415;0.9999999999999999;0.9998451993134768;0.9997758627299947;0.999982764772798;0.9993140870002171;0.9991362895629754;1.0;0.9999843438070951;0.9999748232470652;1.00250401277938;0.999986651777833;1.0;0.999981906543298;0.9999982396313931;1.024999976158142;
2016-07-11 22:30:00;1.0003352381991417;0.9999238940109334;0.9999821155347826;1.0006150962879163;1.0;1.0008301155109467;1.002564582780316;1.0004990725048035;0.9999734108243272;1.001650270521997;1.0;0.9999999999999999;1.0;1.0007959972852514;1.0;1.0001856440739485;1.0002124660398979;1.0;1.001975387686705;0.9999825755380763;1.0;0.9999553845635462;1.0002053845259287;1.0023886975773955;1.002635705117218;0.9999923458947928;0.9999674406401203;1.0010436752431293;1.0008102298483004;1.0;0.9998374392316518;0.999764202884889;0.9999795839834256;0.999277917880921;0.9990938663472282;1.0;0.9999837032202115;0.9999737698435985;1.0025448515253694;0.9999841363849216;1.0;0.9999795305763345;0.999997815736545;1.024999976158142;
2016-07-11 22:45:00;1.0003305737668857;0.9999185803926688;0.9999811324175839;1.0006070089704304;1.0;1.000820224978733;1.002546204919378;1.0004893359449505;0.9999720604625995;1.001635206406613;0.9999999999999999;1.0;0.9999999999999999;1.0007849840498473;0.9999999999999999;1.00017815820783;1.0002043575403685;1.0;1.0019587084717752;0.9999814821392042;1.0;0.999951805881875;1.0001974135223852;1.002371335977879;1.0026171065762215;0.9999914663275461;0.9999644515647959;1.0010321752585456;1.0008070736012171;1.0;0.9998486976468307;0.9997799212995017;0.999978511925084;0.9993251331898206;0.9991462564116141;1.0;0.9999833916686177;0.9999734582950998;1.0025263246019043;0.9999833009413313;1.0;0.9999784039360087;0.9999976964796695;1.024999976158142;
2016-07-11 23:00:00;1.0003287901663396;0.9999247112955948;0.9999811452635203;1.000603049769421;1.0;1.000815119536508;1.0025326594949728;1.00048487343242;0.9999713234967705;1.0016275890429467;1.0;1.0;1.0;1.0007804167200913;0.9999999999999999;1.0001752780369242;1.000201257514235;1.0;1.0019495383220955;0.9999809125932796;1.0;0.9999547627419044;1.0001944072854003;1.0023585584360175;1.002603209087418;0.9999909646095141;0.9999671481500865;1.0010264938332156;1.0008051482078573;1.0;0.9998433544193117;0.9997696930638651;0.9999790286045731;0.9992904460448327;0.9991049112373614;0.9999999999999999;0.9999831532270718;0.9999732198559222;1.0025130746451716;0.9999837914198748;1.0;0.9999778589979901;0.999997921483236;1.024999976158142;
2016-07-11 23:15:00;1.0003297525783683;0.9999161655283286;0.9999792892453128;1.0006054161075228;1.0;1.0008169642698563;1.002537193703047;1.0004891211893419;0.9999680427245569;1.0016298519068765;1.0;1.0;1.0;1.000782977104405;1.0;1.000182729387956;1.0002090275762174;1.0;1.0019523672898663;0.9999794306162116;1.0;0.9999489636293686;1.000202082252957;1.0023632780628604;1.0026074902676039;0.9999915683663035;0.9999627985096305;1.0010285947336264;1.0008061392662901;1.0;0.9998393247412259;0.9997635621244899;0.9999768138767191;0.9992712047613589;0.9990787222220454;1.0;0.9999838261248389;0.9999746867052061;1.0025173532921532;0.9999820955520169;1.0;0.9999756404035275;0.9999977323431595;1.024999976158142;
2016-07-11 23:30:00;1.0003297752040745;0.9999225979425457;0.9999802317635136;1.0006046837368492;1.0;1.000815632747732;1.0025280493417241;1.0004887233169475;0.9999690838556723;1.001625907670707;1.0;1.0;1.0;1.0007823452025584;0.9999999999999999;1.0001826975887225;1.0002089804381598;1.0;1.001946730651548;0.9999800737577731;1.0;0.9999519919878379;1.0002020425884388;1.0023547702178532;1.0025980776945003;0.9999917738775644;0.999965031043157;1.001026720524641;1.0008015688530603;1.0;0.9998568860473587;0.9997923945991625;0.9999781818259791;0.9993640780988821;0.9991833069463941;1.0;0.9999841376767701;0.9999749982542897;1.0025085606408781;0.99998320113321;1.0;0.9999764388625554;0.9999979600713264;1.024999976158142;
2016-07-11 23:45:00;1.0003258315775525;0.9999012265716845;0.9999764842130613;1.0005996694423773;1.0;1.0008104418681507;1.0025360235590073;1.0004809496866813;0.9999642041277379;1.0016234606311387;1.0;0.9999999999999999;1.0;1.0007744563982865;0.9999999999999999;1.0001764136423659;1.0002021768549842;1.0;1.0019472220749406;0.9999768463252808;1.0;0.9999401668585459;1.0001953397621681;1.0023619985552739;1.0026065473960735;0.9999903367629798;0.9999559576773626;1.0010217222267135;1.000806467492679;0.9999999999999999;0.9998535518383702;0.999785549977578;0.9999734425689738;0.9993403953355458;0.9991647063505604;1.0;0.9999838261248388;0.9999746867052058;1.002515554590259;0.9999794423297222;1.0;0.9999726366533819;0.9999973076740482;1.024999976158142;
2016-07-12 00:00:00;1.0003261046284186;0.9999254387308327;0.9999818634513719;1.0005982191859104;1.0;1.0008070366005781;1.002495021552636;1.0004852809629685;0.9999724525564114;1.001605498818244;1.0;1.0;1.0;1.0007741880568204;0.9999999999999999;1.0001816492404596;1.000207760118946;1.0;1.0019219071522365;0.9999821367161162;1.0;0.9999555595917743;1.0002008754330864;1.0023240192588208;1.0025641058833004;0.9999924488118254;0.9999677230255681;1.0010150127302695;1.0007927097753149;1.0;0.9998512289325321;0.9997820903962694;0.9999795182483232;0.9993296888684906;0.9991547369277827;1.0;0.9999832099130569;0.9999736893638225;1.0024758034582613;0.9999841404325542;1.0;0.9999789186201358;0.9999979138151714;1.024999976158142;
2016-07-12 00:15:00;1.0003282694817575;0.9999381179812047;0.9999843784891883;1.000600738799748;1.0;1.000807942006258;1.00247359628335;1.0004928564046693;0.9999754744888485;1.0015979059006344;1.0;0.9999999999999999;1.0;1.0007782258208875;1.0;1.0001920324167322;1.0002186939103903;1.0;1.001909671645839;0.9999846284185482;1.0;0.9999619482452053;1.000211672916682;1.002304655334007;1.002541572015222;0.9999944987352011;0.9999724524951451;1.0010142639796658;1.0007839591789185;1.0;0.9998591014830153;0.999795631022767;0.9999825550205413;0.9993740376060148;0.9991935958100486;1.0;0.9999832099130566;0.999973689363822;1.002455180469632;0.999986555931305;1.0;0.9999814860888157;0.9999983452460991;1.024999976158142;
2016-07-12 00:30:00;1.0003231175061391;0.9999462682214488;0.9999862791671535;1.0005906438475773;1.0;1.0007946989082803;1.0024296472920677;1.0004840221716893;0.9999784808284684;1.00157079966368;1.0;1.0;1.0;1.000765525254323;1.0;1.0001862440880243;1.0002123836003523;1.0;1.0018766026141521;0.9999862846130444;1.0;0.9999667753709739;1.0002054976992871;1.0022635369887378;1.0024965716398488;0.9999946218201792;0.9999758903787661;1.0009973998457757;1.0007704762000245;1.0;0.9998626884080284;0.9998006754924985;0.9999848008001555;0.9993893206928759;0.9992357853094561;1.0;0.9999835329475537;0.9999740123952437;1.002411790809227;0.9999882960882074;0.9999999999999999;0.999983664232849;0.9999985762339627;1.024999976158142;
2016-07-12 00:45:00;1.0003217077439233;0.999944083199232;0.9999865744169159;1.0005882545942562;1.0;1.0007914489791025;1.0024195316394087;1.0004821390491239;0.9999792300673987;1.0015634455865403;1.0;1.0;0.9999999999999999;1.000762125352237;1.0;1.0001853144471644;1.0002113132830508;1.0;1.0018678056018935;0.9999867732190503;1.0;0.9999653891129063;1.000204433854379;1.0022541533887337;1.0024862389747051;0.9999948536709442;0.9999744101708645;1.0009930175073314;1.000766259663486;1.0;0.9998692507587721;0.9998116699030732;0.9999849312752234;0.9994249506662635;0.9992766643007384;1.0;0.999983941662025;0.9999740082830435;1.002401664742548;0.9999883630743306;1.0;0.9999842212649117;0.9999985246503071;1.024999976158142;
2016-07-12 01:00:00;1.000307266904029;0.9998724496330863;0.9999756795183439;1.0005707961615282;1.0;1.000772166022258;1.0024156394914956;1.0004642938818367;0.9999677986005733;1.0015400412715452;1.0;1.0;1.0;1.0007352179871178;1.0;1.000175639917401;1.0002005939186582;0.9999999999999999;1.0018501125997097;0.9999793505743472;1.0;0.999932416320797;1.0001939626028666;1.0022503927064041;1.002482444772527;0.9999921827220983;0.9999502725236001;1.0009711112794786;1.0007665880644097;1.0;0.9998891038985434;0.9998416449876135;0.9999694760776352;0.9995182445077755;0.9994058174041653;1.0;0.9999838500323097;0.9999739166542384;1.0023947462219587;0.9999758195787647;1.0;0.9999751086454126;0.999995852027;1.024999976158142;
2016-07-12 01:15:00;1.0003100234626396;0.9998549958482447;0.9999723478607045;1.0005781886921654;0.9999999999999999;1.000782316526722;1.0024525785012635;1.0004724122960225;0.9999638875131783;1.0015611633498218;1.0;1.0;1.0;1.0007440980414377;1.0;1.0001825687911077;1.0002080804875435;1.0;1.0018773460505854;0.9999770928506961;0.9999999999999999;0.9999254253224664;1.000201346930167;1.0022850381646575;1.00252007211314;0.9999919507415067;0.9999459466250161;1.0009839818204755;1.0007665730095934;1.0;0.9998991171642725;0.9998659758018488;0.9999649064810229;0.9996061133206853;0.9995325161096118;1.0;0.9999843761187269;0.9999752366940675;1.0024307827564922;0.9999721381951907;1.0;0.9999721270859135;0.9999951139799267;1.024999976158142;
2016-07-12 01:30:00;1.0003047057489765;0.999961533629633;0.9999907034014965;1.000556017501633;1.0;1.0007473328373802;1.0022664515561608;1.0004588595329331;0.9999856979904586;1.0014694760241647;0.9999999999999999;1.0;1.0;1.000721300081846;1.0;1.0001779350077364;1.0002027306543104;0.9999999999999999;1.0017532403994105;0.9999908623634498;1.0;0.9999765528370578;1.0001961908742676;1.0021116868684985;1.0023287758439574;0.9999963788762531;0.9999828088904259;1.0009361533955;1.0007052905081462;1.0;0.9999007315129687;0.9998688716156248;0.9999895312458503;0.9996156565643726;0.9995404851081571;1.0;0.999983679312879;0.999974539894588;1.0022502539335814;0.9999919075731224;1.0;0.9999891189671487;0.9999989599802259;1.024999976158142;
2016-07-12 01:45:00;1.0002993484016127;0.9999788330419677;0.9999943046341896;1.0005445405463267;1.0;1.0007326901581508;1.0022165646460075;1.0004473206727742;0.99999109025619;1.0014398477879611;1.0;1.0;0.9999999999999999;1.0007072441675364;1.0;1.0001676371444652;1.0001916969070321;1.0;1.0017164522546629;0.9999937077397222;1.0;0.9999860459106679;1.0001853428805743;1.0020647607052195;1.0022779194396703;0.9999962857376342;0.9999895143799955;1.0009175946810642;1.0006890145066245;1.0;0.9999113380612162;0.9998856053168368;0.9999940460753872;0.9996687770296128;0.999609701475081;1.0;0.9999845523919422;0.9999754129656715;1.0022012790124153;0.9999954447674839;1.0;0.9999929944802075;0.9999994985927502;1.024999976158142;
2016-07-12 02:00:00;1.000296960321152;0.9999753394050347;0.9999940392516652;1.0005407041673764;1.0;1.0007269375823793;1.002195302486942;1.000446328049868;0.9999909527099037;1.0014261999550143;1.0;1.0;1.0;1.0007021202959323;1.0;1.0001704473717754;1.0001945124818679;1.0;1.0017000729068557;0.9999938810279349;1.0;0.9999847232579491;1.0001881591945967;1.0020452134647053;1.0022558510499975;0.9999968952554107;0.9999885970923318;1.0009098443756619;1.000680356879742;1.0;0.9999101527613261;0.9998848100969777;0.9999934095528051;0.9996674931580356;0.9996169165690487;1.0;0.9999841675843706;0.9999746470260186;1.0021800587276584;0.999994908652296;0.9999999999999999;0.9999929777249111;0.9999993512717831;1.024999976158142;
2016-07-12 02:15:00;1.0002922874274385;0.9999795127492903;0.9999946120624724;1.0005318302811497;1.0;1.0007146707481032;1.002154277291857;1.000439805111332;0.9999915731764404;1.0014009813758202;0.9999999999999999;0.9999999999999999;1.0;1.0006909020049468;1.0;1.0001689926040667;1.0001927410285982;1.0;1.0016694629413956;0.9999943457487358;1.0;0.9999870896211548;1.0001864859350904;1.0020070672863395;1.0022135946369937;0.999997189448207;0.9999905356150834;1.0008943024417436;1.0006780267480428;0.9999999999999999;0.999924872824487;0.99990003806115;0.9999941704597223;0.9997059479459572;0.9996600299922573;1.0;0.9999837528695106;0.9999742323151068;1.0021394683063873;0.9999955225200106;1.0;0.9999934967411518;0.9999994758418452;1.024999976158142;
2016-07-12 02:30:00;1.000293942724066;0.9999821960937607;0.9999957492969503;1.0005347120651455;1.0;1.0007182134531676;1.002158069723225;1.0004437097501682;0.9999936370001999;1.0014047484910085;1.0;0.9999999999999999;1.0;1.0006947706635578;1.0;1.0001714772244252;1.0001954482012723;1.0;1.0016731977938813;0.9999956827617399;1.0;0.9999891934314571;1.0001891296479504;1.002010686580332;1.0022174350220723;0.9999977872952294;0.9999919705140959;1.0008979681514976;1.0006795401481445;1.0;0.9999253018611943;0.9999005522135908;0.999995257097756;0.9997074267893203;0.9996589014844084;1.0;0.9999828006817322;0.9999728673140849;1.0021433577168852;0.9999963261764326;1.0;0.9999950490966203;0.9999995145523433;1.024999976158142;
2016-07-12 02:45:00;1.0002919211264731;0.9999796550293232;0.9999946091822421;1.0005310179981417;1.0;1.0007146026105525;1.0021618746686478;1.000436100805479;0.9999916245864904;1.0014042837929489;0.9999999999999999;1.0;0.9999999999999999;1.0006897123571385;1.0;1.000162989239604;1.00018643553471;1.0;1.0016740467769232;0.9999940238384325;1.0;0.999986653195564;1.000180241410843;1.002013805338423;1.002221740201769;0.9999963537855457;0.9999899290747591;1.0008949235930846;1.000684782085192;0.9999999999999999;0.99992870780521;0.9999030704234078;0.9999943470038937;0.9997118416682963;0.9996698347723663;1.0;0.9999825075054575;0.999972193006316;1.0021469626885249;0.9999956704921374;1.0;0.9999933941171893;0.9999995153312806;1.024999976158142;
2016-07-12 03:00:00;1.0002921299062064;0.9999748421768239;0.9999940835446758;1.0005317959174032;1.0;1.0007145359441283;1.00215650567344;1.0004392320431443;0.999990825709187;1.0014010172808376;1.0;1.0;1.0;1.0006903488300225;1.0;1.000168687246551;1.0001923620900024;0.9999999999999999;1.0016697631475018;0.9999939361694526;1.0;0.999983645582717;1.0001860907813405;1.0020092045505877;1.0022159444070184;0.9999971768749978;0.9999874952953215;1.0008941496927;1.000682749077761;1.0;0.9999372159707844;0.9999165581224854;0.9999935040216528;0.999754730083213;0.999723856997718;0.9999999999999999;0.9999828923616536;0.9999729589930955;1.002141541914697;0.9999949966361567;1.0;0.99999294731166;0.9999993892043231;1.024999976158142;
2016-07-12 03:15:00;1.0002931778408088;0.9999763937056867;0.9999946092424535;1.0005335764630297;1.0;1.0007167239256958;1.002160001478749;1.0004413610549254;0.9999916950018634;1.0014039101266272;1.0;1.0;1.0;1.0006927289491878;1.0;1.0001700298645022;1.000193824853518;1.0;1.0016728313098608;0.999994514499292;0.9999999999999999;0.9999846184268345;1.0001875186255877;1.002012507516973;1.0022195072421343;0.9999974599486189;0.9999881423862887;1.0008965585877092;1.000684410544225;1.0;0.9999380850009535;0.999917653192099;0.9999940507733813;0.9997579315109681;0.9997158028697656;1.0;0.9999832099130568;0.9999736893638225;1.0021450790462882;0.9999954115040018;1.0;0.999993610776511;0.9999994286970392;1.024999976158142;
2016-07-12 03:30:00;1.0002945678646158;0.9999768656708085;0.999994629896171;1.0005362910440414;1.0;1.0007199573287215;1.0021648487556947;1.0004455736208204;0.9999918503910886;1.0014083235171827;1.0;0.9999999999999999;0.9999999999999999;1.0006964828004556;1.0;1.0001741821635133;1.0001982829918108;1.0;1.001677805310246;0.99999476222136;0.9999999999999999;0.9999858857894421;1.0001919252427611;1.0020171741670194;1.0022242729936366;0.9999978677889071;0.9999895114882409;1.0009002075471989;1.000685450276186;1.0;0.9999264891189708;0.9998996945490547;0.9999939099720802;0.999701279112832;0.9996494723583992;1.0;0.9999837415317666;0.9999746021129071;1.0021499318988158;0.9999952813257927;1.0;0.9999937773035914;0.9999993739996953;1.024999976158142;
2016-07-12 03:45:00;1.0002939676774358;0.99998185437282;0.9999952656402528;1.00053455291839;0.9999999999999999;1.0007191837155252;1.002171965393871;1.00043965965573;0.999992720798901;1.001411713869352;0.9999999999999999;1.0;1.0;1.0006944158936357;0.9999999999999999;1.0001646733804614;1.0001883151544653;0.9999999999999999;1.0016824278613083;0.9999947135108528;1.0;0.9999880563100045;1.0001820675948767;1.0020232292037832;1.0022320940454843;0.9999966220486711;0.9999909059756237;1.0009002960563065;1.000687306418559;1.0;0.999927763707876;0.9999021787024451;0.9999950535985456;0.9997097861083769;0.9996622354419469;1.0;0.9999835329475538;0.9999740123952437;1.0021570875736052;0.9999962081485279;1.0;0.9999942113164355;0.9999995692532908;1.024999976158142;
2016-07-12 04:00:00;1.0002916442516254;0.9999817416479654;0.9999952314309106;1.0005303432457704;1.0;1.0007126283164889;1.0021464068484058;1.0004383708735594;0.9999924667347418;1.001396301576355;1.0;0.9999999999999999;1.0;1.0006890066735672;1.0;1.0001678156014697;1.000191459363977;1.0;1.0016634892486143;0.9999948659209779;1.0;0.9999879444286917;1.000185217612668;1.0019997097639355;1.0022055732841644;0.999997290600032;0.9999909258602083;1.000891591142032;1.0006806137940993;1.0;0.9999308524164833;0.99990566585942;0.999994939292794;0.9997190193996036;0.9996696854455068;1.0;0.9999841376767703;0.99997499825429;1.0021317534520349;0.9999961261565344;0.9999999999999999;0.9999941595990673;0.999999570033761;1.024999976158142;
2016-07-12 04:15:00;1.0002871577500603;0.9999816856439911;0.9999947361167164;1.0005220770276182;1.0;1.000700609383463;1.002106929464127;1.0004330499046798;0.9999911603917154;1.0013715871526876;1.0;1.0;1.0;1.0006783062093578;1.0;1.0001692923718446;1.0001927233369603;1.0;1.0016336640605423;0.9999943771374665;0.9999999999999999;0.999987310607561;1.000186548794917;1.001963217546503;1.0021647425577722;0.9999977420860031;0.9999906485768085;1.000876421390479;1.000667590970082;1.0;0.9999325407034375;0.9999082022674622;0.9999945020747937;0.9997267758112752;0.999683419982689;1.0;0.9999832508568365;0.999973730307212;1.0020925835340455;0.9999958320811926;1.0;0.9999933404245216;0.9999996102976906;1.024999976158142;
2016-07-12 04:30:00;1.0002891321136225;0.9999797576318659;0.9999946705121325;1.000526115422744;1.0;1.0007070676260599;1.0021311780521942;1.0004350300854454;0.9999917368353852;1.0013860756406385;1.0;1.0;1.0;1.000683484225881;1.0;1.0001669502542043;1.000190440623853;1.0;1.001651699160587;0.99999442034756;1.0;0.9999874036825118;1.00018425618159;1.0019855349649418;1.0021898656342565;0.999997171484503;0.9999908057179804;1.000884789092111;1.0006737362556544;1.0;0.9999293873585275;0.9999045281626787;0.9999942231267437;0.9997167048771852;0.9996718813413851;1.0;0.999983307025557;0.9999733736528797;1.00211653820651;0.9999955564779942;1.0;0.9999936008414921;0.9999994681915892;1.024999976158142;
2016-07-12 04:45:00;1.0002889012966654;0.9999775233455406;0.9999948847670747;1.0005260147316197;1.0;1.0007070732412748;1.0021309238585672;1.0004351240195961;0.9999925466395881;1.0013852668433243;1.0;1.0;1.0;1.000683116687879;1.0;1.0001666040101798;1.0001900745228123;1.0;1.0016508456845794;0.9999948888236196;1.0;0.9999866155208207;1.0001838796137432;1.0019852966191507;1.0021896546831257;0.9999973067403027;0.9999899903972412;1.0008845053532314;1.000675256679018;1.0;0.9999310276356257;0.9999059118490569;0.9999942055252389;0.9997195686162869;0.999675059707439;1.0;0.9999832153959303;0.9999732820241632;1.0021161967243444;0.9999954915919124;0.9999999999999999;0.9999941604700613;0.9999993686643551;1.024999976158142;
2016-07-12 05:00:00;1.0002915003455992;0.9999766720431976;0.9999953840770619;1.0005308502772503;1.0;1.000713367042172;1.0021471324522828;1.0004398633676175;0.9999936275521764;1.0013957296005511;1.0;1.0;1.0;1.0006892178452347;1.0;1.000168931081483;1.0001926424000604;1.0;1.0016630469368581;0.9999956133848819;0.9999999999999999;0.9999862699763267;1.0001863637577717;1.0020004699990253;1.0022063090981541;0.999997692316825;0.9999894186968618;1.0008918715930715;1.0006801613749585;1.0;0.9999289741559239;0.999903153285566;0.9999945602285197;0.9997115652331988;0.999666427168578;1.0;0.9999838444992852;0.9999743239440091;1.002132272235432;0.9999957289758225;1.0;0.9999949717635727;0.9999993337324586;1.024999976158142;
2016-07-12 05:15:00;1.0002933479027256;0.9999842013092474;0.9999963936547837;1.0005329828763312;0.9999999999999999;1.0007160107542652;1.0021536006899918;1.000440258693391;0.9999942886849608;1.0014012118910314;1.0;1.0;1.0;1.00069228469255;1.0;1.0001675111339152;1.0001911893220838;1.0;1.001668655701892;0.9999959636325271;1.0;0.9999884512977547;1.0001848961891835;1.0020064018620887;1.002213102719392;0.9999976045122972;0.9999906202198938;1.0008953669312315;1.0006802529497207;1.0;0.9999318154684468;0.9999091706784566;0.9999962815367919;0.9997326112946343;0.9996852240051365;1.0;0.9999835030901381;0.9999743636734577;1.002139016852862;0.9999971638649608;1.0;0.9999955109200405;0.9999997037150953;1.024999976158142;
2016-07-12 05:30:00;1.0002933252640536;0.9999838703357673;0.9999956427750518;1.0005331696711486;1.0;1.0007155622232786;1.0021480742634736;1.0004427788018435;0.9999928757590079;1.0013991163248614;1.0;0.9999999999999999;1.0;1.0006928479280246;1.0;1.000172597485738;1.0001965409393614;0.9999999999999999;1.0016660105002362;0.9999953714744144;0.9999999999999999;0.9999890612917304;1.0001902266091194;1.0020015023551332;1.0022070685442317;0.9999979625815602;0.9999918277867113;1.0008946718241323;1.0006780176921137;1.0;0.9999243770166096;0.9998976795708537;0.999995393327833;0.999696428176666;0.9996517253522339;1.0;0.9999834483545562;0.9999739278030517;1.0021335498197124;0.9999964901135222;1.0;0.9999945812767136;0.9999996399198701;1.024999976158142;
2016-07-12 05:45:00;1.0002961253775025;0.9999846562720881;0.9999960878792751;1.0005382709998583;1.0;1.000722571825311;1.0021680300298301;1.000447090446536;0.9999938154968724;1.0014122366997877;1.0;1.0;1.0;1.0006995162794299;1.0;1.0001736495308982;1.0001978128816889;1.0;1.0016815437559157;0.9999958820572962;1.0;0.9999899189828688;1.000191438697358;1.002020039014205;1.0022276223827087;0.9999980107988482;0.9999924123901078;1.0009032514632825;1.0006857582635889;1.0;0.9999115297036428;0.9998766322000687;0.9999957991574162;0.9996286687601997;0.9995870857815974;0.9999999999999999;0.9999834483545561;0.9999739278030516;1.0021533922784098;0.9999967798895754;0.9999999999999999;0.9999952400435959;0.9999996346052148;1.024999976158142;
2016-07-12 06:00:00;1.0003131240888674;0.9999740878579553;0.9999938210062762;1.0005703718558874;1.0;1.0007675349700238;1.0023207767346656;1.0004699919548397;0.9999910584440284;1.0015070976019913;1.0;0.9999999999999999;1.0;1.0007407056951478;1.0;1.0001774180942515;1.0002027374372076;1.0;1.001796995354589;0.9999936948177425;1.0;0.9999849126162327;1.0001960657814137;1.0021619858409485;1.002384875057958;0.9999963607286042;0.9999889136118689;1.0009608578507272;1.0007344881756068;1.0;0.9998921373488011;0.9998475429689846;0.999993069537045;0.9995388515586964;0.9994983811487924;1.0;0.9999141702678873;0.9999050314848789;1.0023045681093443;0.9999946089110278;1.0;0.9999929220200242;0.9999992449842399;1.024999976158142;
2016-07-12 06:15:00;1.0003129301292752;0.9999705726627273;0.9999931285759521;1.0005700105185713;1.0;1.000765830377367;1.002312755511493;1.0004712235327784;0.9999894465359052;1.0015019095455933;1.0;1.0;1.0;1.000739879002463;1.0;1.0001819251835502;1.000207349871044;1.0;1.001790376233845;0.9999931208660323;1.0;0.99998139909569;1.0002006229971323;1.0021549283265674;1.0023763858510866;0.9999970001803251;0.9999859510577639;1.000958394368246;1.0007346690961632;0.9999999999999999;0.9999117340816162;0.9998764459544429;0.9999923412663351;0.999628251319327;0.9995886463444525;1.0;0.9998990910708448;0.99988915853473;1.0022965450740822;0.9999940846979912;1.0;0.9999919138873926;0.9999992453893242;1.024999976158142;
2016-07-12 06:30:00;1.0003173118339728;0.9999816299931216;0.9999952678213947;1.0005769803402795;0.9999999999999999;1.0007745613716725;1.0023264794602933;1.0004790797528411;0.9999925113598291;1.00151474725554;1.0;1.0;0.9999999999999999;1.0007497266724503;1.0;1.0001863582058772;1.000212258601315;1.0;1.001803964502001;0.9999950756776278;1.0;0.9999880477443028;1.0002054292056113;1.0021678091714656;1.0023903493385249;0.9999977528436026;0.9999910903231148;1.0009684439905975;1.000738562343454;1.0;0.9999157535333708;0.9998833475230307;0.9999949003162172;0.9996510541750611;0.9996105040759127;1.0;0.9998772604662199;0.9998645657416094;1.0023106234977512;0.9999960892657286;1.0;0.999994254292357;0.9999995485849268;1.024999976158142;
2016-07-12 06:45:00;1.0003226355032784;0.9999827424322788;0.9999959391065774;1.0005867335397718;1.0;1.0007883194640856;1.0023687605565248;1.0004865064406645;0.999994041976159;1.0015418948486505;0.9999999999999999;1.0;1.0;1.000762488168576;1.0;1.0001868501464473;1.0002131084387877;1.0;1.0018364725981426;0.9999957913107528;1.0;0.9999895230380443;1.0002061834425677;1.0022069949088017;1.0024339639842452;0.999997544407202;0.999992127603695;1.0009855846485862;1.0007490004428334;0.9999999999999999;0.9998979520399651;0.9998579018225404;0.9999954981894298;0.9995737871711023;0.9995138650268948;1.0;0.9998734815421367;0.9998584052748428;1.0023526080725706;0.9999965079482088;1.0;0.9999952864529414;0.9999995249633151;1.024999976158142;
2016-07-12 07:00:00;1.0003357347700814;0.999960929140704;0.9999922611878528;1.0006128718087963;1.0;1.0008250710011732;1.0025007257367025;1.000505111309859;0.9999896333416981;1.001620585676778;1.0;1.0;1.0;1.0007951127750272;1.0;1.0001908084584823;1.0002179853849673;1.0;1.0019335459983618;0.9999927906223813;1.0;0.9999782613398862;1.0002107927707626;1.0023296746381738;1.002569840115728;0.9999960962050843;0.9999836142327653;1.0010327770711358;1.0007423418523183;1.0;0.9998664246647729;0.9998442526655985;0.9999906977484594;0.9995757661760396;0.999513281352139;0.9999999999999999;0.999874912991875;0.9998582489800939;1.0024827854564509;0.9999926648805155;0.9999999999999999;0.9999917768036191;0.9999987958493083;1.024999976158142;
2016-07-12 07:15:00;1.0003635621226445;0.9998196062776853;0.9999683634211597;1.0006801080291154;0.9999999999999999;1.0009225247112938;1.002898743710133;1.0005546223140513;0.9999618748195521;1.0018408708511464;1.0;1.0;1.0;1.000874490576721;1.0;1.0002081697656753;1.0002379782888466;1.0;1.0022155018787224;0.9999750995776105;1.0;0.9999111259479381;1.0002300810897107;1.0027003039921272;1.002978967869183;0.999990170864363;0.999935124129599;1.0011596871283017;1.0008325235547082;1.0;0.9998390025884917;0.999830485908224;0.9999583761543226;0.9995702306745089;0.9995105929564517;1.0;0.9997487484078031;0.999593037128635;1.0028724055173441;0.9999666612668471;1.0;0.9999700230129569;0.9999936398885523;1.024999976158142;
2016-07-12 07:30:00;1.0003739815737989;0.9999444592315645;0.999989119829525;1.0006844182762964;1.0;1.0009218906017927;1.002801455882609;1.0005648223142933;0.9999859036162715;1.0018127640366044;0.9999999999999999;1.0;1.0;1.0008874616971475;1.0;1.0002148997272162;1.000245354699451;1.0;1.002164638924776;0.9999904248684425;1.0;0.9999711798265086;1.0002373277096581;1.0026097795531543;1.00287877703708;0.9999953117925021;0.9999789562214019;1.0011543002679288;1.0007831134174003;1.0;0.9998251286187294;0.9998219831124067;0.9999865063306331;0.9995621963589026;0.9995044167854564;1.0;0.9996472415985483;0.9993555041744887;1.0027808860851004;0.9999892993917328;1.0;0.9999888620996477;0.999998138552958;1.024999976158142;
2016-07-12 07:45:00;1.0003867687972026;0.9999673266691707;0.9999922540928711;1.0007047439143457;1.0;1.00094940304079;1.002879402444579;1.0005786549580526;0.9999890259911444;1.0018676891383331;1.0;1.0;1.0;1.000915267031085;1.0;1.0002149655817463;1.0002460754577678;0.9999999999999999;1.0022279992728014;0.9999919594136836;1.0;0.9999812614628032;1.0002378762722943;1.002681928274563;1.0029592449922857;0.9999948262458332;0.999986207520569;1.001189204021239;1.0008054302149014;1.0;0.9998087746476657;0.9997992728749506;0.9999913252689303;0.9994961643599236;0.9994331443971086;1.0;0.9996289552611181;0.9993263990483214;1.0028591623237255;0.9999932399437907;1.0;0.9999911819948992;0.9999990275913648;1.024999976158142;
2016-07-12 08:00:00;1.000394893538446;0.9999610699615727;0.9999898782277262;1.000719680403711;1.0;1.0009681264692056;1.002937511914089;1.000592346919922;0.9999842364825104;1.0019051015260798;1.0;1.0;1.0;1.000934418232109;1.0;1.0002257109558137;1.0002576610893268;1.0;1.002272768190574;0.999989523063941;1.0;0.9999757989475699;1.0002492446057565;1.0027365032071311;1.0030185762887176;0.9999949979635543;0.9999823364466541;1.001213019502366;1.0008139536922709;1.0;0.9997869402032751;0.9997723864654775;0.9999889459632055;0.999421177894867;0.9993531885698828;0.9999999999999999;0.9996154895353049;0.9993151380304662;1.0029167339632958;0.9999914956094893;1.0;0.99998787519494;0.9999989707482969;1.024999976158142;
2016-07-12 08:15:00;1.0003985073100743;0.9999630058583627;0.9999910652596868;1.000726059220558;0.9999999999999999;1.0009759674607515;1.0029525625188744;1.0005995986589722;0.9999862879914081;1.0019162283999763;1.0;1.0;0.9999999999999999;1.0009426545694178;1.0;1.0002305041154653;1.000262855408217;1.0;1.0022850059835087;0.9999909666066983;1.0;0.9999769388676504;1.0002543115124491;1.0027507357591363;1.003033936501283;0.9999958713198699;0.9999828093342132;1.0012218179052186;1.0008090337863358;1.0;0.9997990865363907;0.999798759534066;0.9999900847508023;0.9995143333283185;0.999445872730006;1.0;0.9996288678233357;0.9993526914173427;1.0029318043896691;0.9999923448182846;1.0;0.9999894616908653;0.9999990238265009;1.024999976158142;
2016-07-12 08:30:00;1.0004459200990485;0.9999021277836602;0.9999820198839505;1.0008200734790345;1.0;1.0011051480295632;1.0033746578277636;1.0006787512526667;0.9999775678322318;1.0021760349805813;1.0;0.9999999999999999;1.0;1.001061687042602;1.0;1.0002627656616725;1.0002994528553197;1.0;1.0026023012848189;0.9999853936627235;1.0;0.9999512457024088;1.0002897922674139;1.0031439447830846;1.0034675495822756;0.9999941730982858;0.9999646984483912;1.001384039938273;1.00094588789703;1.0;0.9997138528194377;0.9996653979860589;0.9999767727041955;0.9990974371621657;0.998917883069255;0.9999999999999999;0.9996053082289077;0.9993507337215141;1.0033486252198276;0.9999814679571736;1.0;0.999982451452419;0.999996576335493;1.024999976158142;
2016-07-12 08:45:00;1.0004279368745181;0.9999649245700502;0.9999921358310184;1.0007796331982737;1.0;1.0010479636634173;1.003163164753397;1.0006456580526353;0.999988554182155;1.002054239163861;1.0;1.0;1.0;1.0010125970734138;1.0;1.0002485804414438;1.0002834330884878;1.0;1.0024489358939774;0.9999922997601549;1.0;0.9999793651318652;1.000274237080745;1.0029468618221777;1.0032503478811736;0.9999962203860168;0.9999846428732525;1.0013110808794745;1.000877253964669;1.0;0.9997468826626371;0.9997171321661558;0.9999909772678781;0.999259893574679;0.9991216260983675;1.0;0.9996034613272405;0.9993125069648248;1.003141061804998;0.9999929707440925;0.9999999999999999;0.999991097366424;0.9999989884319316;1.024999976158142;
2016-07-12 09:00:00;1.0004479105864228;0.9999585463608727;0.9999913750523611;1.000816733967061;1.0;1.0010976839286008;1.0033124714605706;1.000677711690342;0.9999879578873534;1.0021504529839769;1.0;1.0;1.0;1.0010605094646803;0.9999999999999999;1.0002626295534276;1.0002992417089818;1.0;1.0025639680492517;0.9999920189334257;1.0;0.9999766698602065;1.0002895809109025;1.0030860312246785;1.00340368443823;0.9999963704585606;0.9999826702434851;1.0013729079703813;1.0009220133576677;1.0;0.9997183669499621;0.9996755535053162;0.999989724950466;0.9991355046734264;0.9989745486561156;1.0;0.9996112279048754;0.99934211772091;1.0032891581912533;0.9999919328533656;0.9999999999999999;0.9999906385126596;0.9999987295011278;1.024999976158142;
2016-07-12 09:15:00;1.0004261298564163;0.9999349287074071;0.9999871452414514;1.0007796076144417;1.0;1.0010487801662311;1.0031856375394856;1.000644808197548;0.9999823617433533;1.0020609641069165;0.9999999999999999;1.0;0.9999999999999999;1.0010107075235437;1.0;1.000249488072156;1.000284288208847;1.0;1.0024606147256951;0.9999885850052301;1.0;0.9999639695322788;1.0002750813134054;1.0029679911176066;1.0032733715344322;0.9999953720374993;0.9999731782421054;1.0013129720142528;1.0008772648149633;1.0;0.9997417889703414;0.9997138186104633;0.9999842946081454;0.999253635463029;0.9991025014658168;1.0;0.9996660115201575;0.9994825964680727;1.0031622044138702;0.9999876249246681;0.9999999999999999;0.9999863797071826;0.999997978141703;1.024999976158142;
2016-07-12 09:30:00;1.0004419752083373;0.9999128480556977;0.9999830391715893;1.0008112534623146;1.0;1.001092536457948;1.0033324437159221;1.00067073604484;0.9999776514384242;1.0021512122594265;1.0;0.9999999999999999;1.0;1.0010507833426776;1.0;1.0002598508965244;1.0002961005553828;1.0;1.0025713369943414;0.9999855492857208;1.0;0.9999546687415952;1.0002865485513321;1.0031045714589346;1.003424203376143;0.9999942962524998;0.9999670584112799;1.001368494477026;1.000907431862314;1.0;0.9997144806223659;0.999683622563175;0.999978752608739;0.9991761161844411;0.9989973135696886;1.0;0.9996175768735958;0.9993262249350833;1.0033071944375913;0.9999831606176692;1.0;0.9999826638858373;0.9999970877553929;1.024999976158142;
2016-07-12 09:45:00;1.0004606035654329;0.9999679764619919;0.9999929114747352;1.0008387322777368;0.9999999999999999;1.0011264968647495;1.0033900610065836;1.0006973634738132;0.9999897078418457;1.0022039533996712;1.0;0.9999999999999999;1.0;1.0010897897731783;1.0;1.0002716557737887;1.0003093653905673;1.0;1.002626240000971;0.9999932057638331;1.0;0.9999813317288553;1.0002994246073977;1.0031583964811033;1.0034833085381496;0.9999969229722122;0.9999861594447724;1.0014084089704336;1.0009320242564261;0.9999999999999999;0.9996912671394979;0.9996422604082403;0.9999917864939202;0.9990411122837499;0.9987961599949023;1.0;0.9995574602486146;0.999244428571603;1.0033666107876824;0.9999935927412529;0.9999999999999999;0.9999920379113413;0.9999990585248448;1.024999976158142;
2016-07-12 10:00:00;1.0004601486028126;0.9999649631187278;0.9999929720540872;1.0008385423969821;0.9999999999999999;1.0011277936144092;1.0034012031977757;1.0006949755643988;0.9999908374389932;1.0022091092300824;0.9999999999999999;1.0;1.0;1.0010893594526993;1.0;1.000265761881709;1.0003032531736098;1.0;1.0026334841228661;0.9999934321370808;1.0;0.9999812083178722;1.0002933676909445;1.0031683933692408;1.0034950915889966;0.999996114554633;0.9999860366457604;1.0014104176228955;1.0009174524658777;1.0;0.9996891386521091;0.9996524125597768;0.9999915285256518;0.9990901979483598;0.9988849506947899;1.0;0.9995500601011518;0.9992387766313637;1.0033774730605196;0.9999933016050628;1.0;0.9999926276966099;0.9999988562541926;1.024999976158142;
2016-07-12 10:15:00;1.000455390792204;0.9999627101898259;0.9999930133740631;1.0008295107631353;1.0;1.00111455283415;1.003359243183252;1.0006876871823416;0.9999903238515504;1.0021812821388623;1.0;1.0;1.0;1.001076953876969;1.0;1.0002649463551894;1.0003019971976987;1.0;1.002599644267982;0.9999934475019367;1.0;0.9999773648536783;1.0002921580792947;1.003129580064127;1.0034519528576042;0.9999967594960845;0.9999821732526935;1.0013934367618285;1.0009226801726339;1.0;0.9997078514307922;0.999668933100032;0.9999917181063805;0.9991268516265466;0.9989377703584761;1.0;0.9995731545017943;0.9992685895595309;1.0033358125818774;0.9999934955878482;1.0;0.9999924142035416;0.9999989686360825;1.024999976158142;
2016-07-12 10:30:00;1.0004540141350458;0.999955741525097;0.9999927689119401;1.0008277075456817;1.0;1.0011121069399864;1.0033529715363798;1.0006864625017797;0.9999906150584656;1.0021753576864678;1.0;1.0;1.0;1.0010739130448394;1.0;1.0002646970562947;1.0003016361610289;1.0;1.002592944574774;0.9999936908923861;1.0;0.9999735762298303;1.0002917839795271;1.0031237683508487;1.0034455880541406;0.999997036365388;0.9999787763315929;1.00138994884424;1.0009192962566182;1.0;0.9996835122655634;0.9996306262181225;0.9999910045204369;0.9990039827991454;0.9987904878533705;1.0;0.9996356635193102;0.9993694591949854;1.003329365072556;0.999992866017125;0.9999999999999999;0.9999926088024127;0.9999987529336137;1.024999976158142;
2016-07-12 10:45:00;1.0004685637488755;0.9999445128239345;0.9999908257357062;1.0008550324566967;1.0;1.001149010357043;1.0034730402537029;1.0007079875434117;0.9999878052095944;1.0022500792459366;1.0;1.0;0.9999999999999999;1.0011086463093382;0.9999999999999999;1.0002728472949598;1.0003109047364203;1.0;1.0026831956941094;0.9999919898925231;1.0;0.9999664683299312;1.0003007218701274;1.003235616516456;1.0035690579998557;0.999996566749781;0.9999730839237274;1.0014365693563594;1.0009256789374954;1.0;0.9996407911183685;0.9995864036992841;0.9999886386307381;0.9988939537881872;0.998678890504406;1.0;0.9996069105200762;0.9993126214958715;1.003448230308135;0.9999910118292467;1.0;0.9999904998608268;0.9999984686769222;1.024999976158142;
2016-07-12 11:00:00;1.0004651880068895;0.9998405163409774;0.9999731138747489;1.0008614381290748;1.0;1.001162320725845;1.0035842554791248;1.0007107588397273;0.9999673248822514;1.0022956814056245;0.9999999999999999;1.0;0.9999999999999999;1.0011110679507909;1.0;1.0002757677761407;1.0003140430685904;1.0;1.0027515799129507;0.9999791683168692;1.0;0.9999183849751492;1.00030383299288;1.003339385486811;1.003683127495619;0.9999927544977351;0.9999389740873037;1.0014564947960323;1.0009810446734717;1.0;0.9996578895947019;0.9996005323815206;0.9999644791867774;0.9989213855261144;0.9987114144336965;1.0;0.9996557930504952;0.9994512922139824;1.0035545342029661;0.9999715586599606;0.9999999999999999;0.9999745340000866;0.9999945818568543;1.024999976158142;
2016-07-12 11:15:00;1.0004974697517952;0.9998751695368303;0.9999789278461017;1.00091605431724;0.9999999999999999;1.00123387362607;1.0037719586732563;1.0007584172926092;0.9999741462403706;1.0024276953047484;1.0;1.0;1.0;1.0011842737865926;0.9999999999999999;1.00029521959602;1.0003361033795644;1.0;1.0029039412915683;0.9999834934543949;1.0;0.9999351957356268;1.0003252194213579;1.0035141656630207;1.0038759773985766;0.9999941560467552;0.9999512558485444;1.0015445389160784;1.0010193876886193;1.0;0.9995588263186976;0.999459860101901;0.9999723186474262;0.9984991803157682;0.9982496689505239;1.0;0.9996318995335041;0.9994088782577012;1.0037424224096345;0.9999778598964141;1.0;0.9999798634657232;0.9999958194334605;1.024999976158142;
2016-07-12 11:30:00;1.0004771028176989;0.999960462204251;0.999992059930946;1.0008691135315106;1.0;1.0011670730736566;1.003515819821131;1.0007220886723476;0.9999884624984269;1.002283526608922;1.0;1.0;0.9999999999999999;1.0011285594586656;1.0;1.0002815109031704;1.0003204985642582;1.0;1.0027214236499795;0.9999925443801987;1.0;0.9999758436199866;1.0003101668057108;1.003275600606859;1.003612628915551;0.9999969277756511;0.9999813426598082;1.0014590839022013;1.0009552821623333;1.0;0.9995899098678235;0.9994944344590178;0.9999906866815084;0.9985885278985037;0.9983539478113381;1.0;0.999633497435905;0.99941612890655;1.0034913032187223;0.9999927277652926;1.0;0.9999911469644813;0.9999989211025614;1.024999976158142;
2016-07-12 11:45:00;1.000487674995333;0.9999493452872006;0.9999878921175744;1.0008877548571806;1.0;1.0011923753907597;1.0036178039640702;1.0007299818451982;0.999979836614422;1.002344266011545;0.9999999999999999;1.0;0.9999999999999999;1.0011515250653715;1.0;1.0002803931397883;1.0003196282291806;0.9999999999999999;1.0027955846793972;0.999987141517274;1.0;0.9999628464559186;1.0003091403135858;1.0033704171839588;1.0037178515445924;0.9999948292392881;0.9999705519060686;1.0014934946030571;1.0009923441803241;1.0;0.9995930343204698;0.9994975274554398;0.9999872810080156;0.9985977004768416;0.9983660779180812;1.0;0.9996245875865073;0.9994198348809317;1.0035922944288584;0.9999903401590855;1.0;0.9999847823323795;0.9999990475959513;1.024999976158142;
2016-07-12 12:00:00;1.0004973872582068;0.9999296561981167;0.9999814333544106;1.000905065292198;1.0;1.0012143588082356;1.0037113638300503;1.0007378058541077;0.9999667046101258;1.0023985161235311;1.0;1.0;1.0;1.0011720126447001;1.0;1.000284665202658;1.000324204554517;0.9999999999999999;1.002862112494527;0.999979512009575;1.0;0.9999425075285862;1.0003135162575159;1.003457849917747;1.0038141068860027;0.9999931116346895;0.9999540177863172;1.0015239213827491;1.0010218919131726;0.9999999999999999;0.9995777974673443;0.9994743666140807;0.999981508489259;0.9985258535611783;0.998284534960143;0.9999999999999999;0.9996201117680575;0.9994100877024369;1.0036847506012185;0.9999862021304557;1.0;0.9999753063446919;0.9999990932900947;1.024999976158142;
2016-07-12 12:15:00;1.0004772751743185;0.9999333560019674;0.9999850119307185;1.0008712411983582;1.0;1.0011705893199838;1.003558036374907;1.0007182884697503;0.9999767816269026;1.0023027451048614;1.0;1.0;1.0;1.0011294007849278;1.0;1.0002792069048885;1.0003179332205048;0.9999999999999999;1.002748208861644;0.9999853900320573;1.0;0.9999573316967146;1.0003076349589808;1.0033148259714328;1.0036561592890052;0.9999946898367951;0.9999674699119727;1.0014663667450217;1.0009651463072882;1.0;0.999561680170221;0.9994522648383558;0.9999831082248335;0.9984562848061345;0.998215881593288;1.0;0.9997024149317056;0.9995258294103806;1.003532338635668;0.9999869498556648;1.0;0.9999824282458827;0.9999983261918716;1.024999976158142;
2016-07-12 12:30:00;1.0004774799262302;0.9998851792402809;0.9999806847651179;1.0008790256070235;1.0;1.0011852116558304;1.0036258717043298;1.0007259909814556;0.9999769616882211;1.0023339174410195;1.0;1.0;1.0;1.0011368741329238;0.9999999999999999;1.0002782030807407;1.0003172898786055;0.9999999999999999;1.0027920226171596;0.9999848252375202;1.0;0.9999418119345239;1.000306908425077;1.0033776746307335;1.0037261158758533;0.999993731330613;0.9999564893358702;1.0014840143368626;1.0009664297430754;0.9999999999999999;0.999585332998305;0.9995049648352323;0.99997449902719;0.9986432093097911;0.9984024632891709;1.0;0.9997002038738013;0.9995297134074109;1.0035975791552654;0.9999795562255365;1.0;0.9999818168241454;0.9999960605920764;1.024999976158142;
2016-07-12 12:45:00;1.0004753186194213;0.9998887442193227;0.9999802471465613;1.0008745246968986;1.0;1.0011772213457988;1.0035913523946127;1.0007258135487667;0.999975098489305;1.0023148306842355;1.0;1.0;1.0;1.001131417963222;0.9999999999999999;1.0002853754286385;1.0003246200892761;1.0;1.0027679715926416;0.9999842863087061;1.0;0.999942772514238;1.0003142315794422;1.0033461356843965;1.0036900598028196;0.9999947220034238;0.9999577261654363;1.0014735535038781;1.0009863590447003;1.0;0.9996073025454637;0.9995173654568074;0.9999743448516272;0.9986543792697462;0.9983907650344068;1.0;0.9996414079892045;0.999429877253375;1.003563525373838;0.9999795378504331;0.9999999999999999;0.9999807392967996;0.9999962341167162;1.024999976158142;
2016-07-12 13:00:00;1.0004584931638125;0.9998928381125842;0.9999808914771291;1.0008429948466684;1.0;1.0011351882039505;1.003470587083837;1.0006965225176652;0.9999753229829546;1.0022352928304006;1.0;1.0;1.0;1.001090357706616;1.0;1.0002703363096788;1.0003078767998912;0.9999999999999999;1.0026730925594074;0.9999842718540135;1.0;0.9999426127845016;1.000297889098843;1.0032334827367735;1.003566264454629;0.9999943013682618;0.9999568629152906;1.0014216448536493;1.0009629427348659;1.0;0.9996190804542107;0.9995243121941837;0.9999755884439488;0.9986593300608663;0.9984150334103942;0.9999999999999999;0.9996465370423989;0.9994351311862746;1.0034436670059037;0.9999805938038772;1.0;0.9999809120363604;0.9999965388219894;1.024999976158142;
2016-07-12 13:15:00;1.0004879141460041;0.999828928884827;0.9999696159139487;1.0009037833353815;1.0;1.0012196201468346;1.0037694521590268;1.000744472721921;0.9999617240980928;1.002413276628167;1.0;1.0;1.0;1.0011656903258588;0.9999999999999999;1.000289368276257;1.0003295093149343;1.0;1.002893565205072;0.9999756849163429;1.0;0.9999117074700742;1.00031883693525;1.0035118973961425;1.003873344609759;0.9999915871082613;0.9999346185816306;1.0015294534052153;1.001058580850338;1.0;0.9995663801329235;0.9994435363957191;0.9999606336864104;0.9984095828087175;0.9981606806268352;0.9999999999999999;0.9996225427751727;0.9994324867613251;1.003738055227179;0.9999686065047906;1.0;0.9999703220095524;0.9999942318129671;1.024999976158142;
2016-07-12 13:30:00;1.0004746869001506;0.9999421085256912;0.9999880205181745;1.000866360071277;1.0;1.0011648902606702;1.0035324481084547;1.0007152050384276;0.9999826481876907;1.0022880333774522;1.0;1.0;1.0;1.0011237016473717;1.0;1.000274972502656;1.0003134980168127;1.0;1.0027298909728186;0.999988654852759;1.0;0.9999650725964194;1.0003032689127997;1.0032907698055844;1.0036300237167473;0.9999951069830445;0.9999732962068467;1.001458228866184;1.0009785290113762;1.0;0.9995786959105981;0.9994637370892513;0.9999860329353578;0.9984734889063545;0.9982151871700908;1.0;0.9996339029677119;0.9993938487739389;1.0035071284900299;0.9999890950652519;1.0;0.9999866154482184;0.999998393595042;1.024999976158142;
2016-07-12 13:45:00;1.000466754773697;0.9999467667059245;0.9999885080770661;1.0008517508560404;1.0;1.0011438250934361;1.0034566159762472;1.000707463203642;0.9999830196929845;1.0022421618326196;1.0;1.0;1.0;1.0011053360933957;1.0;1.000278397658487;1.0003166767231504;1.0;1.0026740603637867;0.9999893679199079;1.0;0.9999685775801328;1.0003065634214456;1.0032205768746467;1.0035515786776688;0.9999962973054138;0.9999766252466089;1.0014310143916516;1.000957934460885;1.0;0.9995948149605919;0.9994862822449649;0.9999865114301901;0.9985413452762193;0.9983021229687749;1.0;0.9996512626886443;0.9994215801128858;1.0034320178796772;0.999989483529823;0.9999999999999999;0.9999871137594648;0.9999984778075813;1.024999976158142;
2016-07-12 14:00:00;1.0004514514493195;0.9999661387202817;0.9999916034830381;1.0008216097684846;1.0;1.0011026907793212;1.0033218372098813;1.0006821194949116;0.9999864742935186;1.002159208209689;1.0;1.0;1.0;1.0010671845706325;1.0;1.0002673933843755;1.00030427872063;1.0;1.0025728455971412;0.9999914706271986;1.0;0.9999774694502007;1.0002945298408197;1.0030949027109766;1.003413184062657;0.9999967961726375;0.9999829884831972;1.001379257620735;1.0008909573118339;1.0;0.9996138883689092;0.9995318112951986;0.9999908601759532;0.9987013796007193;0.9984614874682826;1.0;0.9997388248429206;0.9995708530692506;1.0032989328092068;0.9999929978083284;1.0;0.999989793984749;0.9999992056426082;1.024999976158142;
2016-07-12 14:15:00;1.0004380606716485;0.9999554122727254;0.9999908728088659;1.0007968899234534;1.0;1.0010714936192147;1.0032558751449168;1.0006510301468454;0.9999851121300122;1.0021075936190302;1.0;1.0;1.0;1.0010329498727233;1.0;1.0002423415978108;1.000277077328289;1.0;1.002513209475812;0.9999899436008326;1.0;0.9999655886885411;1.0002676881425763;1.0030327643767805;1.0033466091234775;0.9999948442451846;0.9999711888372003;1.0013420422718866;1.0008810174419407;1.0;0.9996464025532943;0.9995751829329348;0.9999905520686544;0.9988268209009159;0.9985903457396933;1.0;0.9997614215760247;0.9995903737239126;1.0032329844796661;0.9999928185862118;1.0;0.9999885310562714;0.9999992899969317;1.024999976158142;
2016-07-12 14:30:00;1.0004518752649456;0.9999302486366144;0.9999916897325438;1.0008220887112547;1.0;1.0011038846004137;1.0033611496948618;1.0006672205598293;0.9999869040014341;1.0021660841739641;0.9999999999999999;1.0;1.0;1.001061386161642;1.0;1.0002445438853127;1.000279578613523;1.0;1.0025821641662906;0.9999914109028479;1.0;0.9999419443616064;1.0002696771230486;1.0031312596939153;1.0034557512371003;0.9999961670787918;0.999947316835279;1.0013807357550881;1.0009077428089215;1.0;0.999648645759637;0.9995848017748863;0.9999909575750023;0.9988647046997776;0.998640329532185;1.0;0.9997309693135291;0.9995203320211641;1.003336915784545;0.9999930562052961;1.0;0.9999899784041177;0.9999991867157568;1.024999976158142;
2016-07-12 14:45:00;1.0004417875439489;0.999946329498244;0.9999884932826978;1.0008045450588927;1.0;1.0010807479038548;1.0032835212803262;1.000659767975111;0.9999812171412248;1.0021252651467798;1.0;1.0;1.0;1.0010425618908576;1.0;1.0002515334150148;1.0002868738846158;1.0;1.0025347438330732;0.9999879866170599;1.0;0.9999605539545322;1.00027735114193;1.00305890563542;1.0033746002622714;0.999995146946264;0.9999679707461226;1.0013536478973735;1.0008847363667872;1.0;0.9996270378655027;0.9995481317277326;0.9999877137321947;0.9987450529683262;0.9985106476800275;1.0;0.9997355109754437;0.9995176736195673;1.0032602233917924;0.9999906261570322;1.0;0.9999857780102098;0.999999011943922;1.024999976158142;
2016-07-12 15:00:00;1.0004273581803385;0.9999477835707324;0.9999898221956436;1.0007785873066546;1.0;1.0010462628729242;1.003176264490952;1.0006389198918033;0.9999841363750626;1.0020556566536332;1.0;1.0;1.0;1.0010088278646188;1.0;1.0002423806121814;1.0002765699318434;1.0;1.0024516503054586;0.9999896782230939;1.0;0.9999629455208214;1.0002673457989988;1.002958970181168;1.0032644421673993;0.9999955368891634;0.99996962630206;1.0013098839928258;1.0008652639955262;1.0;0.9996621523218564;0.9995925085260715;0.9999887837117054;0.9988706236492884;0.9986460552390296;1.0;0.9997739077560553;0.9996036042464979;1.0031536656179492;0.9999913624914377;1.0;0.9999878719570762;0.9999989451318598;1.024999976158142;
2016-07-12 15:15:00;1.0004480972145422;0.9999584353622922;0.9999932770618006;1.000816125280886;0.9999999999999999;1.0010965670488476;1.0033088669060493;1.0006745111002866;0.9999907705101081;1.0021462164429402;1.0;1.0;1.0;1.0010586221969715;1.0;1.0002575048349203;1.00029369254613;1.0;1.0025578407533284;0.9999936974900974;1.0;0.9999727279769651;1.0002839862595496;1.0030824381037426;1.003400580499384;0.999996797721562;0.9999773479565324;1.001370834115459;1.0008879497039656;1.0;0.9996318652569974;0.999559532273083;0.9999920153441316;0.9987878804799881;0.9985387948780976;0.9999999999999999;0.9997992615308333;0.9996622069939132;1.0032857536371445;0.9999937225462867;1.0;0.9999927365726557;0.9999990027635137;1.024999976158142;
2016-07-12 15:30:00;1.0004475154837449;0.9998550839740818;0.9999763895127062;1.0008274285497183;1.0;1.0011164928582377;1.003438900115113;1.0006809473704097;0.9999717581703762;1.0022037064671283;1.0;1.0;1.0;1.0010672183143352;1.0;1.0002606220922614;1.000297160676118;1.0;1.002640067570692;0.999981723622878;1.0;0.9999244947694137;1.0002873548114326;1.0032036349091498;1.0035341592341487;0.9999931658581306;0.9999425383286463;1.001398698602705;1.000949258529999;0.9999999999999999;0.9996500671135129;0.9995758377957611;0.9999687302217748;0.9988239560732669;0.9985972084684336;1.0;0.9997890051664575;0.9996347555660369;1.0034108012739964;0.999974927630357;1.0;0.99997783309104;0.9999951728109332;1.024999976158142;
2016-07-12 15:45:00;1.0004374637421878;0.9998040618788983;0.9999667535180473;1.0008151747672798;0.9999999999999999;1.0011024471396561;1.0034376180867364;1.0006684510343098;0.9999595915342014;1.0021889882699866;1.0;1.0;1.0;1.0010486035020774;1.0;1.000256537340501;1.0002924471989223;1.0;1.0026299787197757;0.9999741274210766;1.0;0.9998999856985002;1.000282835390457;1.0032024782895168;1.003532729719516;0.9999908285401832;0.9999253644560042;1.001383590678713;1.0009504823504014;1.0;0.9996698030819008;0.9996054278416141;0.9999561660341576;0.9989140601014355;0.9986647483008316;1.0;0.9997906500861241;0.999636442293058;1.0034074267713957;0.9999649066169137;0.9999999999999999;0.9999684589720761;0.9999933363403378;1.024999976158142;
2016-07-12 16:00:00;1.0004346247118032;0.999831782685382;0.9999716500963277;1.000807414493142;1.0;1.0010905659142988;1.0033748007686054;1.0006661742076133;0.9999661204345562;1.0021572702754318;1.0;1.0;1.0;1.0010405073458215;0.9999999999999999;1.0002586253816408;1.000294535530307;1.0;1.0025883058381837;0.9999783541876137;1.0;0.9999160063174964;1.000284984440582;1.0031441070510432;1.00346788169601;0.9999924579381557;0.9999378501786305;1.0013671132678987;1.0009333011881327;1.0;0.999678806136963;0.9996171203153145;0.99996224013615;0.9989479241435277;0.9987037210810846;0.9999999999999999;0.9997723844436212;0.9995947389745689;1.0033461327330433;0.9999697122440242;0.9999999999999999;0.9999735202715871;0.9999941494779344;1.024999976158142;
2016-07-12 16:15:00;1.0004410378631952;0.9998591664115953;0.9999737107932218;1.0008150811258416;1.0;1.0010990979886285;1.0033900373948514;1.0006712908076885;0.999965562729443;1.0021743509807506;1.0;1.0;1.0;1.0010522333801704;1.0;1.0002616825662276;1.0002979193747807;1.0;1.002605425534829;0.9999782355912642;1.0;0.9999258369414111;1.0002883093284034;1.003158306529396;1.003483437075775;0.9999925157078345;0.9999453479549381;1.001378560799218;1.0008998297169285;1.0;0.9996456094769438;0.9995919099851228;0.9999666622525952;0.9989027175454811;0.9986641125138733;1.0;0.9997441271824735;0.9995300338399823;1.0033624408312567;0.9999735393465778;1.0;0.9999734579404251;0.9999953683942613;1.024999976158142;
2016-07-12 16:30:00;1.0004196476023006;0.9998619766044688;0.9999755041621233;1.0007763950319433;0.9999999999999999;1.0010479991523362;1.003234521272442;1.000638957015385;0.9999693644246335;1.002073011000539;1.0;1.0;1.0;1.0010020153119474;1.0;1.0002460816685594;1.0002805075707024;1.0;1.0024846658180073;0.999980319168421;1.0;0.9999292281481419;1.0002713662683416;1.0030132914365233;1.0033238168926193;0.9999927077712872;0.9999476696226799;1.00131415194551;1.000896908799294;1.0;0.9997003929374197;0.9996441609959773;0.999968232320028;0.9990234132353354;0.9987898248152292;1.0;0.9998402754854602;0.9997503002298653;1.0032079477970166;0.9999746518374195;1.0;0.9999761502153656;0.9999953313356991;1.024999976158142;
2016-07-12 16:45:00;1.0004177588733554;0.999877639407767;0.9999783324213538;1.0007707126693222;1.0;1.0010388526100564;1.003193172118462;1.0006351175270813;0.9999722626466506;1.0020505161709794;0.9999999999999999;0.9999999999999999;1.0;1.0009952423341268;1.0;1.0002460166448466;1.0002802156061332;0.9999999999999999;1.0024551024054267;0.9999823601145096;1.0;0.9999349949271371;1.0002710962198043;1.0029749649798103;1.0032812876241917;0.9999937538550324;0.9999512202299973;1.0013018904202085;1.000877903476811;1.0;0.9997021910750111;0.999650790960123;0.9999721794647408;0.9990487895355217;0.9988203461249228;1.0;0.9998798254658194;0.9998365040433844;1.0031675761132541;0.9999778579389423;1.0;0.9999785303497267;0.9999960193574665;1.024999976158142;
2016-07-12 17:00:00;1.0004027107679894;0.9999450595054936;0.9999906627554956;1.0007356316700622;1.0;1.0009889137320889;1.0029933525357115;1.0006085918187468;0.9999876660095363;1.0019381124687363;1.0;0.9999999999999999;1.0;1.0009533871581668;1.0;1.0002343517107724;1.000267074250302;1.0;1.002312014023226;0.9999919289288285;1.0;0.9999678121422925;1.0002583283994668;1.0027887054289804;1.0030760980486229;0.9999966084471427;0.9999745929611099;1.0012367359246075;1.0008162983236395;1.0;0.9996983711664388;0.9996412844912628;0.9999883657810071;0.9990124968994915;0.9987814684789614;1.0;0.9999293781846931;0.9999010264433954;1.00297177475055;0.9999907872597265;1.0;0.9999903960490801;0.9999984249698565;1.024999976158142;
2016-07-12 17:15:00;1.0003967830472191;0.9999647292086066;0.9999935055692099;1.0007224479331371;1.0;1.0009708166019873;1.0029303321512328;1.0005965537935362;0.9999906092423982;1.00190159198463;1.0;1.0;1.0;1.0009373758119686;1.0;1.0002275200213153;1.0002595578679114;1.0;1.002266335153477;0.9999936156611237;1.0;0.999976712964695;1.0002509958133734;1.002729762927643;1.0030115070215888;0.9999967560086878;0.9999810545607389;1.001214108692658;1.00079342463445;1.0;0.99969666383407;0.9996396307500945;0.9999925604900186;0.9990072073824473;0.9987471786660962;1.0;0.9999597293568313;0.9999331243819338;1.0029099674248618;0.9999942012663489;1.0;0.9999926587073945;0.9999991695450808;1.024999976158142;
2016-07-12 17:30:00;1.0004014565439208;0.9999567953031913;0.9999924661437853;1.0007308959445917;1.0;1.000982254687125;1.002974563166189;1.0006002065169857;0.9999886422595062;1.001926764724894;1.0;1.0;1.0;1.000947219582761;1.0;1.000226190987384;1.000258262409888;0.9999999999999999;1.0022968892534756;0.9999923616491869;0.9999999999999999;0.999968995394915;1.0002495919214598;1.0027709173881743;1.003057300782064;0.9999962418899754;0.9999739265021566;1.001228955521176;1.000801257003784;1.0;0.9996945098214621;0.9996413880904811;0.9999916118302378;0.9990194480203632;0.9987897230727323;1.0;0.9999498146068108;0.999916477882103;1.0029536788695808;0.999993509293887;1.0;0.9999911907650819;0.999999154316781;1.024999976158142;
2016-07-12 17:45:00;1.0004014392620189;0.9999616536621392;0.999991458292416;1.0007311206234075;1.0;1.0009820697753329;1.0029676445204323;1.0006040681444903;0.9999867408578977;1.001925996065618;1.0;1.0;1.0;1.0009487526945378;1.0;1.0002331849638781;1.000265730762363;1.0;1.0022959727481555;0.999991415746905;1.0;0.9999746474704472;1.0002570809073406;1.0027646671940054;1.0030495854389212;0.9999963772362089;0.9999802935251954;1.0012289239127292;1.000804455975257;0.9999999999999999;0.9996795140382607;0.999613436937887;0.9999905394520933;0.9989256082720516;0.9986781633618538;1.0;0.999950116556238;0.999924718539787;1.00294695275106;0.9999927068157448;0.9999999999999999;0.9999898687287503;0.9999990979515063;1.024999976158142;
2016-07-12 18:00:00;1.0003921490659657;0.9999483566136123;0.999990818991754;1.0007158012299349;1.0;1.0009612890835016;1.00290541070685;1.0005930496027207;0.9999871118704753;1.001882534364693;1.0;1.0;1.0;1.0009277002440469;1.0;1.0002309403826957;1.0002628614695541;1.0;1.0022449019271797;0.9999918601297046;1.0;0.9999682133383754;1.0002543203365737;1.0027069901638066;1.0029855734574926;0.9999970978209597;0.9999747863955946;1.00120201763383;1.0008022518138802;1.0;0.999703635951403;0.9996383231836287;0.9999888795682033;0.9989867753248519;0.9987240416695702;1.0;0.9999538186450568;0.9999284205345755;1.0028846459048701;0.9999912599753648;0.9999999999999999;0.999990135011049;0.9999986208629035;1.024999976158142;
2016-07-12 18:15:00;1.0004011115354785;0.9999459047508269;0.9999886473388456;1.0007321054134573;1.0;1.000985432387249;1.0030001117516867;1.0006000262330872;0.9999833198765855;1.0019406335697054;1.0;1.0;1.0;1.0009489287184952;1.0;1.0002255585438715;1.0002577437528826;1.0;1.0023163984179324;0.999988813566591;1.0;0.999966049915495;1.000249157925713;1.0027944550052659;1.003083414796848;0.9999946048585038;0.9999736215568548;1.0012347108563255;1.000827949296825;1.0;0.9996871227323016;0.9996165186384405;0.9999870860080657;0.998924296450892;0.9986752828056372;0.9999999999999999;0.9999443843466778;0.9999033305549722;1.0029785173233845;0.9999899562081455;1.0;0.999987038492428;0.9999986003195818;1.024999976158142;
2016-07-12 18:30:00;1.0003929514296686;0.9999479629319274;0.9999897355077584;1.0007172499842476;1.0;1.0009634193158543;1.00291618108464;1.0005934545158848;0.9999849832838574;1.0018894256665145;1.0;1.0;1.0;1.000929775740329;0.9999999999999999;1.0002310475170781;1.000263026544748;1.0;1.0022536263631965;0.9999905166489991;0.9999999999999999;0.9999678213966566;1.000254501653825;1.0027169419785613;1.0029966032624422;0.9999965509988962;0.9999750027740223;1.0012054187305197;1.0008250582374985;0.9999999999999999;0.9996866908364438;0.9995981240040592;0.9999879175075321;0.9988432283818589;0.9986123612143964;1.0;0.9999634357948707;0.999937157484942;1.0028953311809838;0.9999905672222161;1.0;0.9999885600550985;0.9999986225228238;1.024999976158142;
2016-07-12 18:45:00;1.0003882213454678;0.9999498789738648;0.9999906345124716;1.000707963096916;0.9999999999999999;1.0009507580466812;1.002878691088457;1.000584236966796;0.9999859833529637;1.001864382235097;1.0;1.0;1.0;1.000917371001773;1.0;1.000225662082749;1.0002570334142558;1.0;1.0022232387482408;0.9999911222693527;1.0;0.9999667026083153;1.000248602124386;1.0026820058563775;1.0029583000859044;0.9999966851290062;0.9999731503385301;1.0011894878469103;1.00082452450922;0.9999999999999999;0.9996979429450336;0.999607293635925;0.999989177615825;0.9988608585857942;0.9986056619598497;1.0;0.999972508322734;0.9999578116895359;1.0028581796987541;0.9999915859818314;1.0;0.9999893375431933;0.9999988330040536;1.024999976158142;
2016-07-12 19:00:00;1.0003844362615057;0.9999502002940039;0.9999885023467587;1.0007010541871515;1.0;1.0009425232908675;1.00286664988729;1.0005754464979366;0.9999819163039105;1.0018557427236197;0.9999999999999999;1.0;1.0;1.0009088325688973;1.0;1.0002197222829101;1.0002506580861097;0.9999999999999999;1.0022144225672895;0.9999883255783386;1.0;0.9999668792532906;1.0002424139484396;1.0026704598266325;1.0029459795423257;0.9999951128599077;0.9999744272255471;1.0011810920596877;1.0008173874495847;1.0;0.9997094178722552;0.9996280983191778;0.9999873753518179;0.9989307377221192;0.9987141919962779;1.0;0.9999762204081465;0.9999662871058643;1.0028461570926464;0.9999902918967022;1.0;0.9999862212956871;0.9999988428751245;1.024999976158142;
2016-07-12 19:15:00;1.0003827358014918;0.9999554828393917;0.9999908355475192;1.0006980835976558;1.0;1.0009386565546574;1.0028440514004942;1.0005755457370336;0.9999866333203054;1.001843133858619;1.0;1.0;1.0;1.000905404703294;1.0;1.0002199530893991;1.0002509167691036;1.0;1.0021985016253319;0.9999911617704244;1.0;0.9999725241406113;1.000242681420986;1.0026493900756368;1.0029227243705081;0.9999959650965098;0.999978742448934;1.0011749489883766;1.00081853555188;1.0;0.9997065082692735;0.9996169690924076;0.999989414937902;0.9988865227133009;0.9986363274090031;1.0;0.9999827515500446;0.999973231005174;1.0028238695365328;0.9999917495611702;1.0;0.9999896647887601;0.9999988186242408;1.024999976158142;
2016-07-12 19:30:00;1.0003806762714247;0.9999480447355845;0.9999902266078503;1.0006949642288112;1.0;1.0009351763140737;1.0028415420575456;1.000570921131352;0.9999862738274747;1.0018383410595655;1.0;1.0;1.0;1.0009005869905414;1.0;1.0002153072506201;1.0002459131083445;1.0;1.0021937648555412;0.9999907610900697;1.0;0.9999679775618295;1.00023772232537;1.0026469136322307;1.002920415278262;0.9999955247223941;0.9999746880900278;1.0011708676649358;1.0008230089264731;1.0;0.9997003271251957;0.9996036408911982;0.9999884840660506;0.9988396896563759;0.998616216195364;0.9999999999999999;0.999983307025557;0.9999733736528799;1.0028210728341012;0.9999909740858663;1.0;0.9999892800619071;0.9999986196143918;1.024999976158142;
2016-07-12 19:45:00;1.0003692709590288;0.9999525628899824;0.9999903204939137;1.0006735074919968;1.0;1.0009091202762548;1.0027840138865667;1.0005448427144796;0.9999861955533242;1.0017974705651254;1.0;1.0;1.0;1.0008727098259504;1.0;1.0001930024159247;1.0002219613825905;1.0;1.0021467428893136;0.999989748733659;1.0;0.9999692410531844;1.0002141853876172;1.0025923951160183;1.0028621416949548;0.9999931714307339;0.9999753077293198;1.0011404812400126;1.0008773451355253;1.0;0.9997521404249992;0.9996337877695136;0.9999893114031548;0.998871654654446;0.9986368410296743;0.9999999999999999;0.9999838261248388;0.999974686705206;1.0027638969267183;0.9999916872151315;1.0;0.9999888606699938;0.9999988421553275;1.024999976158142;
2016-07-12 20:00:00;1.000366568836621;0.999946952638205;0.9999889962499721;1.000669123744992;1.0;1.00090264666922;1.0027650446298138;1.0005424596031154;0.9999840278526889;1.0017846196187834;1.0;0.9999999999999999;1.0;1.000866762497034;0.9999999999999999;1.000195290993554;1.0002241849373525;1.0;1.0021317493688309;0.9999886803721776;0.9999999999999999;0.999965943922279;1.0002164320630527;1.0025749813210125;1.0028424201967299;0.9999933838343412;0.9999730316629701;1.001132410596139;1.000860571570182;0.9999999999999999;0.999750034785912;0.9996378750093027;0.9999877156851429;0.9988933301073272;0.9986818482901622;1.0;0.9999845721835501;0.9999762267160797;1.0027448903718041;0.9999904531868208;0.9999999999999999;0.9999873394357729;0.9999986826160241;1.024999976158142;
2016-07-12 20:15:00;1.000357594140014;0.9999576760634309;0.9999914342145072;1.0006525330316574;1.0;1.0008785902498323;1.0026672191077688;1.0005361227317402;0.9999881247159037;1.0017275315164247;1.0;1.0;1.0;1.0008463150079465;1.0;1.0002010189271446;1.0002298065151245;1.0;1.002061342759474;0.999991737418075;1.0;0.9999750761867676;1.0002221606586557;1.0024844157073607;1.0027412051449822;0.9999954998632297;0.9999808520389346;1.0011001904790278;1.0008300984933167;1.0;0.9997736551251373;0.9996736722213645;0.9999899918984669;0.9990044100837513;0.9987928156508159;1.0;0.9999833861356426;0.9999738655847303;1.002648185546777;0.9999921511523058;1.0;0.9999906016788778;0.9999987912158725;1.024999976158142;
2016-07-12 20:30:00;1.0003580924509425;0.9999534371004706;0.999987022730558;1.000652807845624;0.9999999999999999;1.0008788935521715;1.0026883320016207;1.0005315699204467;0.9999787329318817;1.001739022711357;1.0;1.0;1.0;1.000846599691613;1.0;1.0001989622050178;1.0002275304028243;1.0;1.0020766561473267;0.9999860183017037;1.0;0.9999682371426001;1.0002199699458;1.0025040012185937;1.0027628762233707;0.9999935782155734;0.9999763719623498;1.001103513628202;1.000840323944116;1.0;0.9997470059720834;0.999628962366054;0.999986434437226;0.998858736633328;0.9986358236454559;1.0;0.9999831421410794;0.9999728276353919;1.0026690434926273;0.9999896817298353;1.0;0.9999837511901759;0.9999989728410577;1.024999976158142;
2016-07-12 20:45:00;1.000345817379748;0.9999668530309135;0.9999909946564944;1.0006297190327484;1.0;1.000847785330095;1.0025783780371966;1.0005150231629916;0.9999856360323867;1.0016714494593049;0.9999999999999999;1.0;1.0;1.0008174052460863;1.0;1.0001920587204751;1.0002197344560768;1.0;1.0019942087820493;0.9999901827930988;1.0;0.9999778958580531;1.0002124177892968;1.0024015553896821;1.0026498981135263;0.9999947789889311;0.9999834636283437;1.0010629815336098;1.0008059440423425;0.9999999999999999;0.9997850945302164;0.9996879826751581;0.9999905589236039;0.9990444227611985;0.9988515221281455;1.0;0.9999835329475539;0.9999740123952437;1.0025602800987887;0.9999927918224686;1.0;0.9999888583034172;0.9999992334452322;1.024999976158142;
2016-07-12 21:00:00;1.0003445067272352;0.9999558768149365;0.9999893410112398;1.0006284461763626;1.0;1.0008461027908335;1.0025794959666987;1.0005139849137776;0.9999835350581726;1.001669260491841;1.0;1.0;1.0;1.0008149768863381;1.0;1.0001927619414748;1.000220374149561;1.0;1.0019927428334447;0.9999890190220792;1.0;0.9999718351100725;1.0002130513965732;1.0024027388247247;1.0026510011827463;0.9999947062381292;0.9999787437043253;1.0010610103808442;1.0008189854888876;1.0;0.9997806359186328;0.9996717892378126;0.9999883020735455;0.9989815513618648;0.9987758308940299;1.0;0.9999826598701621;0.9999731393261646;1.0025609632531043;0.9999909871637571;1.0;0.9999873074349639;0.9999988946267655;1.024999976158142;
2016-07-12 21:15:00;1.0003529489083163;0.9999526038472593;0.9999878473532519;1.0006440856128973;1.0;1.0008671560723148;1.0026473275280874;1.0005266828618695;0.999980914417312;1.0017127998353725;1.0;0.9999999999999999;1.0;1.0008353401478598;1.0;1.0001985421700552;1.0002268875971503;1.0;1.0020452869960186;0.9999874426271687;1.0;0.9999699344219091;1.0002193989234505;1.0024659192490402;1.002720613722541;0.9999942431187061;0.9999778019042522;1.0010879590431;1.0008420284652118;1.0;0.999748091015657;0.9996197513619056;0.9999867502947016;0.9988157279454615;0.9985861360936449;1.0;0.9999830391230262;0.9999731057530101;1.002628228268506;0.9999898182779581;0.9999999999999999;0.9999853809614443;0.9999987988855872;1.024999976158142;
2016-07-12 21:30:00;1.0003485892354247;0.9998796126136001;0.9999757448090132;1.000645122795492;1.0;1.0008727269693436;1.0027184216951688;1.0005243137286084;0.99996751359839;1.0017390862547673;1.0;1.0;1.0;1.0008325760321954;1.0;1.0001957977162772;1.0002239994312982;1.0;1.0020869866930697;0.9999787576587429;1.0;0.9999366734157569;1.000216562053055;1.0025319927452845;1.002793758047159;0.9999911376272469;0.9999540912649189;1.0010975014730374;1.0008643847734713;1.0;0.9997854752225624;0.9996794533435577;0.9999701023606841;0.9990056559622262;0.9988013664620861;1.0;0.9999836682764571;0.9999741477228588;1.0026958510985946;0.9999763681197129;1.0;0.9999747447347698;0.9999960369906628;1.024999976158142;
2016-07-12 21:45:00;1.00034693061611;0.9999273667600417;0.9999845477668287;1.0006366601284362;1.0;1.0008589088883866;1.0026374139866998;1.0005205075069998;0.9999785387296978;1.0016997982174156;1.0;1.0;1.0;1.0008242779654197;1.0;1.00019525569853;1.000223265189966;1.0;1.0020332893942423;0.9999857520187192;1.0;0.9999602297342002;1.0002158762677407;1.0024566106038248;1.0027104611580442;0.9999935140409629;0.9999710020599539;1.0010779061848374;1.0008382159887923;0.9999999999999999;0.9997864177673784;0.999680734159775;0.9999815393697915;0.9990096598840051;0.9988008610667622;0.9999999999999999;0.9999840023978496;0.9999748629766055;1.002617320696167;0.9999854959114416;1.0;0.9999832956514751;0.9999977199858819;1.024999976158142;
2016-07-12 22:00:00;1.0003389781258067;0.9999332608272199;0.9999852265785086;1.0006214586922932;0.9999999999999999;1.0008386868134513;1.002577156478997;1.0005065781652904;0.9999790842333187;1.0016613858323786;1.0;1.0;1.0;1.0008048394465623;1.0;1.0001879867439405;1.0002152118738858;1.0;1.0019871775776021;0.9999859608493915;1.0;0.9999627271993076;1.0002080306930705;1.0024003462059354;1.0026486580829896;0.9999932659333645;0.9999728222225622;1.0010529613349424;1.0008188809198264;1.0;0.9998081292955153;0.9997146241915597;0.9999826894767281;0.9991163638241608;0.998917771130083;1.0;0.9999833383703869;0.99997540573549;1.0025576638047335;0.9999864481483346;1.0;0.9999836929906641;0.9999979547231382;1.024999976158142;
2016-07-12 22:15:00;1.0003412478598108;0.9999024632156166;0.9999785388685015;1.0006283114676462;0.9999999999999999;1.0008493106343788;1.0026428486393026;1.0005072370352868;0.9999690986036173;1.0016941385494207;1.0;1.0;1.0;1.0008117703756356;1.0;1.0001861665408514;1.000213350010219;1.0;1.0020308672723293;0.9999796976518339;1.0;0.9999442142275227;1.0002061450877244;1.0024614278124588;1.0027163540283697;0.9999910787799845;0.999958957195801;1.0010688104288217;1.0008359935423936;1.0;0.9998087482610357;0.9997189392035827;0.9999749021046922;0.9991345289173124;0.9989356379186531;0.9999999999999999;0.9999838261248389;0.9999746867052062;1.002621691945616;0.9999803885595703;1.0;0.9999761219504527;0.9999971053784146;1.024999976158142;
2016-07-12 22:30:00;1.000361161828735;0.9997779659658635;0.9999594113326531;1.0006795467016834;1.0;1.0009236582060275;1.0029465936028659;1.0005478727545085;0.9999486722860351;1.001858694783096;1.0;1.0;1.0;1.000871157042201;0.9999999999999999;1.0002031807390435;1.0002325295904197;1.0;1.0022429989122947;0.9999667953134004;1.0;0.9998863868364268;1.000224707714439;1.0027445165035132;1.0030284748009026;0.9999873196825706;0.9999166089885732;1.0011644427512012;1.0009339593777806;1.0;0.9997858416346305;0.9996841827467705;0.9999478957997558;0.9990266744819029;0.9988184151765764;1.0;0.9999828486623696;0.9999729152942456;1.0029183787275733;0.9999584902677331;1.0;0.999959985335762;0.9999924751757516;1.024999976158142;
2016-07-12 22:45:00;1.0003497102746235;0.999776669578358;0.9999593411856312;1.0006584959350648;0.9999999999999999;1.0008972646782062;1.0028846922112136;1.0005241350091805;0.9999485873199576;1.0018141301822052;1.0;1.0;1.0;1.0008432908909668;1.0;1.0001851045867927;1.000212943068309;1.0;1.0021913553988446;0.9999661225784434;1.0;0.9998839372308925;1.0002054583661428;1.0026862700847692;1.0029655474606416;0.9999858143685917;0.9999138980719117;1.0011328675619657;1.000916443343891;1.0;0.9998081129528724;0.9997171708267555;0.9999481670006536;0.9991279698558058;0.9989105992966335;1.0;0.9999841675843706;0.9999746470260183;1.0028566788364661;0.9999587291274623;1.0;0.9999596776532161;0.9999925580807933;1.024999976158142;
2016-07-12 23:00:00;1.0003364372320371;0.9997922160878591;0.999961579137217;1.0006325427539264;1.0;1.0008629481879996;1.0027806258643277;1.0004998046967457;0.9999510819040262;1.0017487193359367;1.0;1.0;1.0;1.000810404491079;1.0;1.000170859068804;1.0001973024113684;1.0;1.0021123847130387;0.9999673191168755;0.9999999999999999;0.9998912502898637;1.0001901892484737;1.0025889688587677;1.0028589145420814;0.999985370511992;0.999919232805958;1.0010904834175067;1.0008850205736426;0.9999999999999999;0.9998342918981852;0.9997563847563475;0.999951490300759;0.9992493294849474;0.9990633817370943;1.0;0.9999835269474451;0.9999735935725833;1.0027538233804176;0.999961425128617;1.0;0.9999614899694266;0.9999931302256763;1.024999976158142;
2016-07-12 23:15:00;1.000334927637531;0.9998334918877817;0.9999681775172984;1.0006246850972589;1.0;1.0008486021468184;1.0026970284346508;1.0004984252956441;0.999957873438934;1.0017080561656344;1.0;1.0;1.0;1.0008026060636002;1.0;1.0001771200918577;1.0002036220479829;1.0;1.0020570794906796;0.999972242583372;1.0;0.9999099902634684;1.0001965048304469;1.0025116300557395;1.0027725380567558;0.9999880833872222;0.999932891996148;1.0010703782102661;1.0008598200576295;1.0;0.999843538927697;0.9997693554485214;0.9999605679586144;0.9992885118863516;0.999105090075378;1.0;0.999984046046915;0.9999749066252721;1.002672626917674;0.9999687901544883;1.0;0.9999671367413079;0.9999946946205382;1.024999976158142;
2016-07-12 23:30:00;1.0003396770702284;0.9998239455020308;0.9999669240421102;1.0006347288520376;1.0;1.0008601673946107;1.0027190658388485;1.0005134548874695;0.9999565644946958;1.0017238158703605;1.0;1.0;1.0;1.000815343700496;1.0;1.00019317896546;1.0002207100131426;1.0;1.0020754249106592;0.9999721983108903;1.0;0.9999066540466273;1.00021335325105;1.0025329369854672;1.0027944397165125;0.9999897363596671;0.9999309839400744;1.0010833069216551;1.000865331492928;1.0;0.9998385084796538;0.9997625224012995;0.9999583192435044;0.9992682807811808;0.9990749027264727;1.0;0.9999831068952875;0.999973967482228;1.0026942923658704;0.9999669418425782;1.0;0.9999664018331401;0.9999942614797717;1.024999976158142;
2016-07-12 23:45:00;1.0003350066491492;0.9998745606538958;0.9999766425085409;1.0006204171446391;1.0;1.0008388258098653;1.0026154091413484;1.0005036368687152;0.9999690824172578;1.0016698200732734;0.9999999999999999;1.0;0.9999999999999999;1.0007993999544134;1.0;1.0001879385348909;1.0002148861285238;0.9999999999999999;1.0020039466006425;0.9999799619715689;0.9999999999999999;0.9999314820384054;1.000207659752178;1.0024363066878106;1.0026880612416158;0.9999920290562199;0.9999484777589507;1.0010542488178094;1.0008295143545733;1.0;0.999842594320288;0.9997702843560327;0.9999708548859326;0.9992943795654512;0.9990918600177092;1.0;0.9999843522612811;0.9999760067956459;1.0025933649815468;0.999976918527254;1.0;0.9999760076152168;0.9999960523300002;1.024999976158142;
2016-07-13 00:00:00;1.0003306728633312;0.9999370395831346;0.9999859900585284;1.0006051192458274;1.0;1.0008156016727532;1.00250509186929;1.0004921708707202;0.9999790586469167;1.0016149656072648;0.9999999999999999;1.0;0.9999999999999999;1.000783265188372;1.0;1.0001830897176613;1.0002094603766067;0.9999999999999999;1.001930632524159;0.9999862017312453;1.0;0.9999610888269125;1.0002024292626872;1.002333436003551;1.0025746630928647;0.9999937785788237;0.9999704631529756;1.0010239231728915;1.0007968035896755;1.0;0.999846170167727;0.9997735313869712;0.999984121024363;0.9993017270475261;0.9991132557910575;1.0;0.9999843522612811;0.9999760067956461;1.0024863143716085;0.9999876780819031;1.0;0.9999838558897007;0.9999983323924508;1.024999976158142;
2016-07-13 00:15:00;1.0003287283414222;0.9999428366261804;0.999988494391488;1.0006010777351586;0.9999999999999999;1.0008082488611685;1.0024620032794953;1.0004940495057115;0.9999831154818144;1.0015908628853711;1.0;1.0;0.9999999999999999;1.0007781623844898;0.9999999999999999;1.0001898372775366;1.000216384271743;1.0;1.0018994585969485;0.9999892317825598;1.0;0.9999645713623502;1.0002092799147793;1.002293850015465;1.0025300168529614;0.9999958837760884;0.9999725426867113;1.0010125232929845;1.0007829581151928;1.0;0.9998609965110061;0.9997966001541481;0.9999865703398241;0.9993744420291032;0.9991966673403259;1.0;0.999983411410049;0.9999742719942063;1.0024438622205638;0.9999895266619167;1.0;0.9999870918067433;0.9999984903577173;1.024999976158142;
2016-07-13 00:30:00;1.0003246878521608;0.9999424574272359;0.9999884090870736;1.0005937363345994;1.0;1.0007986078088076;1.0024357062973281;1.0004872219805983;0.9999829425080256;1.0015730760124397;1.0;1.0;1.0;1.0007685783779048;1.0;1.000186266182753;1.000212420524927;1.0;1.0018785248985336;0.9999890726043752;1.0;0.9999641226843937;1.0002054133958984;1.0022692938487059;1.0025030649636382;0.9999957077357716;0.999972124862873;1.0010006969073069;1.0007744515162569;1.0;0.9998593567972548;0.9997939008347437;0.9999865137588043;0.9993656630500634;0.999191336824551;1.0;0.9999827160888435;0.9999727827220363;1.0024176912181688;0.9999894899134482;1.0;0.9999869484548027;0.9999984980255819;1.024999976158142;
2016-07-13 00:45:00;1.0003141908635078;0.999940003234542;0.9999873499227215;1.0005749159478612;1.0;1.0007754448744004;1.002383907932439;1.0004661987895263;0.9999814875158353;1.0015358167146458;0.9999999999999999;1.0;1.0;1.0007439361522434;1.0;1.0001704825796494;1.0001953701822868;1.0;1.001836104810686;0.9999875414887428;1.0;0.9999627522800444;1.0001886999990537;1.0022204344834733;1.002450340311103;0.9999939016145146;0.9999712003047561;1.000973464155096;1.0007573584107652;1.0;0.9998840973797349;0.9998330786345361;0.9999855666525173;0.9994901986627794;0.9993702363309473;1.0;0.9999846936699899;0.9999759670641696;1.00236598980378;0.9999887676727224;1.0;0.999985601600195;0.999998422808828;1.024999976158142;
2016-07-13 01:00:00;1.0003094043961749;0.9999375436646593;0.999987522228807;1.00056675632083;1.0;1.0007632011724472;1.0023363988239764;1.000463803228645;0.9999821083284861;1.0015064553460091;1.0;1.0;1.0;1.0007332872486687;1.0;1.0001756162907383;1.0002004942782055;1.0;1.0018003901158563;0.9999884063190645;1.0;0.9999625346928176;1.0001938379947897;1.002176665556519;1.0024010873110385;0.9999952084041845;0.9999712241393494;1.0009569340245803;1.0007406253763664;1.0;0.9998956093054261;0.9998519394986767;0.999985253303782;0.9995509011680398;0.9994431155293215;1.0;0.999984082941113;0.9999745623835665;1.0023187671817622;0.9999884613449045;1.0;0.9999862341175475;0.9999982693793968;1.024999976158142;
2016-07-13 01:15:00;1.0003083598835383;0.999948886387568;0.999990976378209;1.0005635256736267;1.0;1.0007580754156056;1.0023068312079593;1.0004624440396126;0.9999873974264972;1.0014902507453205;1.0;1.0;1.0;1.0007293519147167;1.0;1.000174855645188;1.0001995928364702;0.9999999999999999;1.00177878932117;0.9999917233191301;1.0;0.9999679486272153;1.0001929195333934;1.002149203429134;1.002370805670491;0.9999964052015641;0.9999742626633209;1.0009490690804546;1.0007311194552209;1.0;0.9998952782930508;0.999851182257939;0.9999892206247667;0.9995480375259959;0.999439564210551;1.0;0.9999846936699898;0.9999759670641694;1.0022898803710862;0.9999915349323788;1.0;0.9999902247331548;0.9999986765240246;1.024999976158142;
2016-07-13 01:30:00;1.0003077785340144;0.9999184929100616;0.9999852524300968;1.000566988924792;1.0;1.0007647287809849;1.0023468734849172;1.0004663942079168;0.9999812748437389;1.001509484459677;1.0;1.0;1.0;1.0007328244976215;1.0;1.0001781036859851;1.0002032075975604;0.9999999999999999;1.0018065669753173;0.9999877959150686;1.0;0.9999574239836004;1.0001965428660602;1.0021864615925244;1.0024116665260132;0.999995074952717;0.9999683545384632;1.0009584757875842;1.0007460733753573;1.0;0.999901465278081;0.9998595774244261;0.9999811616103752;0.9995731226434589;0.9994798561582169;1.0;0.9999835329475539;0.999974012395244;1.0023283485622434;0.9999850024437106;1.0;0.9999853717772316;0.9999972983000374;1.024999976158142;
2016-07-13 01:45:00;1.0002957275968722;0.9998653754957422;0.999975796413866;1.0005516301008193;1.0;1.000747316373996;1.0023388673502225;1.0004506187174642;0.9999701371723134;1.0014890317453051;1.0;1.0;1.0;1.0007100353416514;1.0;1.0001705252666993;1.0001947833763116;1.0;1.0017903233824184;0.9999806316090492;0.9999999999999999;0.9999329869622048;1.000188369429599;1.002178869530458;1.0024034743704846;0.999992496493208;0.9999512271623225;1.0009391873373321;1.00074190504025;1.0;0.9999242782546989;0.999896210299128;0.9999684851793184;0.9996899983696971;0.9996332895349425;0.9999999999999999;0.9999838261248389;0.9999746867052061;1.0023181244165922;0.9999748202784995;0.9999999999999999;0.9999766398737885;0.9999953084512163;1.024999976158142;
2016-07-13 02:00:00;1.0002895345030611;0.9999595952580288;0.9999914209443855;1.0005289383542348;1.0;1.000711824930633;1.0021627781257756;1.0004354530988349;0.9999877138045336;1.0014002929162698;0.9999999999999999;1.0;0.9999999999999999;1.0006858173824276;1.0;1.000165930778184;1.0001893834503526;1.0;1.001671390876026;0.9999918796403543;1.0;0.9999765680764364;1.0001831749708563;1.002014938023281;1.0022224670286721;0.9999963024988625;0.9999824745818665;1.0008915995657683;1.0006856722393025;1.0;0.9999283430536323;0.9999018894375997;0.9999899264710876;0.9997072092164172;0.9996569453692163;1.0;0.9999843761187269;0.9999752366940672;1.0021470943630024;0.9999921228185337;1.0;0.9999904914992684;0.999998827080298;1.024999976158142;
2016-07-13 02:15:00;1.0002891197283237;0.9999707091777383;0.9999941109503313;1.000526939374758;1.0;1.0007086872216027;1.0021426864517669;1.0004344696545937;0.9999916516023674;1.0013901726398262;1.0;1.0;1.0;1.0006836778038495;0.9999999999999999;1.0001648522111253;1.00018821314931;1.0;1.0016575326708208;0.9999942772017258;1.0;0.9999821886859067;1.000182006224857;1.001996205161804;1.0022019060221523;0.9999970093218827;0.9999861600201126;1.0008867889147388;1.000678860056846;1.0;0.9999243874382905;0.9998956829411054;0.9999931683339713;0.9996873922593321;0.9996385528434385;1.0;0.9999847544065775;0.9999768217604477;1.0021275963911387;0.9999946586555066;1.0;0.9999934446222754;0.9999992061576809;1.024999976158142;
2016-07-13 02:30:00;1.00029000791848;0.9999831436875901;0.9999960246185762;1.0005271487619893;1.0;1.0007083220057278;1.0021316767267223;1.0004354762996694;0.9999938298891287;1.0013867815816329;1.0;1.0;1.0;1.0006847187893952;1.0;1.000165806728507;1.0001892483247896;1.0;1.0016517769889879;0.9999956647588205;1.0;0.9999884058060774;1.0001830341516424;1.001985969306001;1.0021905338986652;0.9999974865152094;0.9999908527872006;1.000885894398272;1.0006741172743372;1.0;0.9999286500185532;0.9999032014707218;0.9999958048740981;0.9997122378385963;0.9996610294775855;0.9999999999999999;0.9999821053629461;0.9999713780475137;1.002117182017832;0.9999967835812056;1.0;0.9999951505348693;0.9999996338067115;1.024999976158142;
2016-07-13 02:45:00;1.0002892025076457;0.9999857110993835;0.9999969323995299;1.0005253775229186;1.0;1.0007059894220551;1.0021227939439885;1.000433776380485;0.9999952962996471;1.0013812919650258;1.0;0.9999999999999999;1.0;1.0006824484523622;1.0;1.0001641061024162;1.0001874153423207;1.0;1.0016448318800828;0.99999650934219;1.0;0.999989600851049;1.0001812169563578;1.0019776430298797;1.0021815078886016;0.9999976374131704;0.9999914112756996;1.0008827234289353;1.0006706718777014;0.9999999999999999;0.9999349985100923;0.9999136467278137;0.9999968342636258;0.9997459645703435;0.9996971222929177;1.0;0.9999824229126428;0.9999721084143738;1.002108449514493;0.9999975758706229;1.0;0.9999962275476887;0.9999997295536647;1.024999976158142;
2016-07-13 03:00:00;1.0002882833869762;0.9999777096590674;0.9999950072650324;1.0005245596591397;1.0;1.0007054304151153;1.0021307139546483;1.0004318778302654;0.9999924763407865;1.0013838667256962;1.0;0.9999999999999999;1.0;1.0006809980236777;0.9999999999999999;1.0001628342962188;1.000186042767778;1.0;1.0016493498559917;0.9999947193159358;1.0;0.9999853583067834;1.0001798807607176;1.0019849629241855;1.002189663872795;0.9999969561383288;0.9999885162947382;1.0008828247163857;1.000675144716092;1.0;0.9999329244548834;0.9999090882074401;0.9999945596232899;0.9997299569141569;0.9996873197293249;1.0;0.9999834114100488;0.9999742719942063;1.0021159672722808;0.9999958002630344;1.0;0.9999940833915573;0.9999994705210691;1.024999976158142;
2016-07-13 03:15:00;1.0002902512275844;0.9999701533788319;0.9999928609073953;1.0005285174073277;0.9999999999999999;1.0007097223788484;1.0021458397211227;1.0004360865124207;0.9999884761580811;1.001392859292739;1.0;1.0;1.0;1.0006856842303182;1.0;1.0001687556590444;1.0001922589948797;1.0;1.0016603864217326;0.9999926660053904;1.0;0.9999796074486904;1.000186012142994;1.0019994179099547;1.0022049256341945;0.999997094531147;0.9999842641759249;1.0008884766701502;1.000679477550941;1.0;0.9999341720022382;0.9999113436263973;0.9999922677526099;0.9997374223539638;0.9996922522896033;1.0;0.9999833268170052;0.9999741874019358;1.0021308109180207;0.9999940818804757;1.0;0.9999912865582822;0.9999993443790007;1.024999976158142;
2016-07-13 03:30:00;1.0002878590040485;0.9999684505658107;0.9999927823290566;1.0005243740812086;1.0;1.0007045254221507;1.002133075826987;1.0004318967695516;0.9999886028045;1.0013835582091721;0.9999999999999999;1.0;0.9999999999999999;1.000680134259143;0.9999999999999999;1.0001658351710447;1.0001890770606887;1.0;1.001649679627817;0.9999926435909092;1.0;0.9999787717984667;1.000182888648319;1.001987442562367;1.0021919133625046;0.9999969032138943;0.9999834999615418;1.0008821070245228;1.0006747028278968;1.0;0.9999406541634549;0.9999219731838472;0.9999920944684033;0.9997716579883039;0.9997306680669519;0.9999999999999999;0.9999832099130567;0.9999736893638221;1.002118037205218;0.9999939254947342;0.9999999999999999;0.9999913226989389;0.9999992843622929;1.024999976158142;
2016-07-13 03:45:00;1.0002897416987722;0.9999779279708616;0.999994407387349;1.0005270332260854;1.0;1.000708518705028;1.002140769407364;1.000433793870297;0.9999910913867759;1.0013907794616674;1.0;1.0;1.0;1.0006842922685337;1.0;1.000164396057262;1.0001877351948147;1.0;1.0016575656743776;0.9999939313380563;1.0;0.999984851504998;1.0001815494735125;1.0019943743788553;1.0021999259336394;0.9999968082727635;0.9999883201799327;1.0008869950142394;1.0006785391246418;1.0;0.9999301563950953;0.9999045399772738;0.9999941231987666;0.9997152198312509;0.999669061844808;0.9999999999999999;0.9999843522612812;0.9999760067956459;1.0021260031091541;0.9999955107126336;1.0;0.9999930942119029;0.9999995183343435;1.024999976158142;
2016-07-13 04:00:00;1.0002864119421564;0.9999833107321677;0.9999947392680161;1.000520407583993;1.0;1.000700459227204;1.002121530070574;1.0004258442087937;0.9999912621321925;1.001378299331861;1.0;0.9999999999999999;1.0;1.0006760582298242;1.0;1.0001575784096912;1.0001804427832728;1.0;1.0016429706891812;0.9999937150222373;1.0;0.99998763360884;1.000174400260071;1.0019761198734478;1.0021803771910753;0.9999960331908;0.9999906121295667;1.0008777031641864;1.0006703907068175;0.9999999999999999;0.9999346001934755;0.9999129572425075;0.9999948930498711;0.9997436980070161;0.9996941816578783;1.0;0.9999835329475539;0.999974012395244;1.0021070157001712;0.9999961605229295;1.0;0.9999931232514009;0.9999996991603828;1.024999976158142;
2016-07-13 04:15:00;1.0002899861227643;0.9999838360989719;0.9999959041755278;1.000526872396027;1.0;1.0007066475881288;1.002119655195538;1.0004377042350954;0.9999930711266006;1.00138059546035;1.0;1.0;1.0;1.000684440424569;0.9999999999999999;1.000171342596847;1.000194989407253;1.0;1.0016435497778173;0.9999956158813895;0.9999999999999999;0.9999880151752711;1.0001887235203741;1.0019751485102404;1.002177860058203;0.999998289494021;0.9999906076236084;1.0008832816865325;1.0006668274763855;1.0;0.9999265363718469;0.99990223233234;0.999995750638367;0.9997120904951899;0.9996598039698973;0.9999999999999999;0.9999841436757451;0.9999754170747245;1.0021053517345744;0.9999967843358373;1.0;0.9999947856247686;0.9999997098103578;1.024999976158142;
2016-07-13 04:30:00;1.0002934135148054;0.999976977179746;0.9999947181631367;1.0005338243467903;0.9999999999999999;1.0007174351855685;1.002165117975151;1.000440157784463;0.9999918120854383;1.0014066474169059;0.9999999999999999;1.0;1.0;1.0006929754008467;1.0;1.0001675154285774;1.0001911941569537;1.0;1.0016762510959345;0.9999944385428782;1.0;0.9999844794042786;1.0001849054938545;1.0020171304210905;1.0022249236811205;0.9999971248509817;0.9999878364419579;1.0008977273182627;1.000672127301639;1.0;0.9999178620740458;0.999895510635679;0.9999942959657707;0.9996993779493096;0.999644439910225;0.9999999999999999;0.9999831421410794;0.9999728276353917;1.0021501695582642;0.9999956145415022;0.9999999999999999;0.9999936435702946;0.9999994788432616;1.024999976158142;
2016-07-13 04:45:00;1.0002927710771499;0.9999777279864497;0.9999954122135989;1.0005329266550105;1.0;1.0007172375526614;1.002166492922227;1.0004384697635977;0.9999936626329273;1.0014069521725686;1.0;1.0;1.0;1.0006918987885658;1.0;1.0001636242116323;1.0001871625401082;1.0;1.0016770267537831;0.9999952523744607;1.0;0.9999863861098874;1.0001809172581022;1.002018132551425;1.0022265487778441;0.999996775996832;0.9999893099411531;1.0008974896007494;1.0006733289604697;0.9999999999999999;0.9999219749256646;0.9999014840751694;0.9999948255087482;0.9997177071673592;0.9996672478412473;1.0;0.9999832099130569;0.9999736893638224;1.0021514893143706;0.9999959540618649;1.0;0.9999948515649021;0.9999993982841111;1.024999976158142;
2016-07-13 05:00:00;1.0002940199915211;0.999971070184408;0.9999945154431794;1.0005358913968716;1.0;1.0007197464795357;1.0021673045074195;1.0004447339245728;0.9999923279099135;1.0014078255536807;0.9999999999999999;1.0;1.0;1.0006953882195528;1.0;1.000172684958243;1.0001966729615763;1.0;1.001677725484378;0.9999950009684277;1.0;0.9999827655353336;1.0001903045938008;1.002019440779159;1.0022269385864293;0.9999978843728892;0.9999866293224571;1.0008997454925384;1.000673749173652;1.0;0.9999179827889799;0.9998950847787347;0.9999934159020362;0.9996973368233885;0.9996421287585563;1.0;0.9999834468702704;0.9999747202753306;1.0021521336666446;0.9999948287481673;1.0;0.9999940710255523;0.999999190166649;1.024999976158142;
2016-07-13 05:15:00;1.0002949348092813;0.9999794055354977;0.9999955915545738;1.0005365001819144;1.0;1.0007201805257953;1.0021636953421713;1.0004451952633024;0.9999932781819322;1.001407768111692;1.0;1.0;1.0;1.0006966716322412;1.0;1.0001727921695078;1.0001968111045159;1.0;1.0016765987022251;0.9999955933864637;1.0;0.999986474604968;1.0001904408286597;1.002016059229198;1.0022232264192144;0.9999980321268692;0.9999893956978895;1.000900221030633;1.0006767901587352;1.0;0.9999223626926184;0.9998990210864122;0.9999950751303198;0.9997062232084983;0.9996576533078796;1.0;0.9999832099130567;0.9999736893638224;1.0021489014050082;0.9999961921873924;1.0;0.9999948338914978;0.9999995092376499;1.024999976158142;
2016-07-13 05:30:00;1.000293090921741;0.9999817861522791;0.9999957901454366;1.0005324682171401;1.0;1.000715606323585;1.0021585933442394;1.0004379447885396;0.9999931032377923;1.001402856576834;1.0;0.9999999999999999;1.0;1.0006913061182274;0.9999999999999999;1.0001648428766197;1.0001883341808862;0.9999999999999999;1.0016711049609086;0.999995149620849;1.0;0.9999858923265567;1.0001820639701093;1.002010956521458;1.0022183931479962;0.9999971409179578;0.9999883645667685;1.0008954024356949;1.0006843730542943;1.0;0.9999313262251076;0.9999066195543662;0.9999957839840727;0.999722287612023;0.9996738367348198;1.0;0.9999839375459276;0.9999755920837538;1.0021438754080563;0.9999968107544628;1.0;0.9999946092645405;0.9999997143650973;1.024999976158142;
2016-07-13 05:45:00;1.000291351781897;0.9999868337399067;0.999996612121519;1.0005293168671054;1.0;1.00071158541859;1.0021410475101131;1.000436797591511;0.9999947593180916;1.0013935228522917;1.0;1.0;0.9999999999999999;1.0006878378018031;1.0;1.0001648591085088;1.000188362162343;1.0;1.0016596770990345;0.9999960857189145;1.0;0.9999908673003605;1.0001821452658184;1.0019945509149382;1.002200243185255;0.9999973049767784;0.9999928358879039;1.0008900580040085;1.000676006487278;1.0;0.9999363939875763;0.9999164717570924;0.9999965523260296;0.999755867763044;0.9997080753371138;1.0;0.999982722038458;0.9999732014938684;1.0021266001822118;0.9999973670448203;1.0;0.9999957897127721;0.999999718902047;1.024999976158142;
2016-07-13 06:00:00;1.0003186879979575;0.9999801973362039;0.9999961853795606;1.0005799357963532;1.0;1.0007782855987435;1.002331349174234;1.0004836422518657;0.9999947458180453;1.0015182415316854;0.9999999999999999;1.0;1.0;1.0007534324153005;1.0;1.0001895586610392;1.0002157161734766;1.0;1.0018077380167538;0.9999965539973865;1.0;0.9999885667737834;1.0002088063858083;1.0021724325451118;1.0023953002771488;0.9999985052454173;0.9999912612065733;1.0009720910453983;1.000723241073476;1.0;0.9998823750380395;0.9998426955226009;0.9999953931309276;0.9995366945304746;0.9994869797434056;1.0;0.9999027233741347;0.9998927908019383;1.002315428714256;0.9999963740399779;1.0;0.999995920850232;0.9999994162348403;1.024999976158142;
2016-07-13 06:15:00;1.0003277853022847;0.9999802769965832;0.999995648762452;1.000596169959731;1.0;1.000800900476117;1.0024079931088332;1.0004940010494867;0.999993567267635;1.0015666349898777;0.9999999999999999;1.0;1.0;1.000774477161753;1.0;1.0001897022569597;1.0002163378910862;1.0;1.0018660298873627;0.9999955313431854;1.0;0.9999874890390873;1.000209290372015;1.0022436324972106;1.0024742943481324;0.999997525999193;0.9999902955156893;1.001001317757018;1.0007675548697095;1.0;0.9999092236237497;0.9998718446576467;0.9999951663995308;0.9996136518904779;0.9995678438599302;1.0;0.9998409219028099;0.9998325776341865;1.0023914855253844;0.9999962520027741;1.0;0.9999949454754665;0.9999994896202754;1.024999976158142;
2016-07-13 06:30:00;1.0003222705743986;0.9999780631308297;0.999995102075677;1.0005861576218467;1.0;1.0007878919450137;1.0023755167810537;1.0004836688840517;0.9999925724935741;1.0015438606650782;1.0;1.0;1.0;1.0007611706742479;1.0;1.0001835477811465;1.0002095627048093;1.0;1.0018394934893808;0.9999947941430889;1.0;0.9999853489262656;1.0002026577590015;1.0022132235857815;1.0024411084725713;0.9999970137132688;0.9999884295652663;1.000985635787477;1.0007536220112596;1.0;0.9999112594531886;0.9998772324089074;0.9999946979146951;0.999633125772988;0.9995988245178842;1.0;0.999848535844247;0.9998374288779204;1.0023591287761096;0.9999959122780651;1.0;0.9999941622941312;0.9999994875358055;1.024999976158142;
2016-07-13 06:45:00;1.0003323918282587;0.9999804416293726;0.9999958036138772;1.0006045136502308;1.0;1.0008117936722383;1.002438169843465;1.0005017517323342;0.9999937871543502;1.0015867259436642;1.0;1.0;1.0;1.0007853487217369;0.9999999999999999;1.000193835343726;1.000220908054115;0.9999999999999999;1.0018896858839466;0.9999957611947475;1.0;0.9999875844879418;1.000213743988332;1.00227182595531;1.0025052337945728;0.9999977916823503;0.9999903385622311;1.0010146669311275;1.000773258830982;1.0;0.9999035190865083;0.9998660836010778;0.9999952872653171;0.9995997947125596;0.9995467034726309;1.0;0.9998355063552532;0.9998239867753312;1.0024214889378824;0.9999963431381352;1.0;0.9999951507726411;0.9999994976207118;1.024999976158142;
2016-07-13 07:00:00;1.0003502946816607;0.9999856420422047;0.9999967600303795;1.0006362577880097;1.0;1.0008543166924153;1.0025633766247284;1.0005275259639437;0.9999948833388173;1.0016692586441476;1.0;1.0;1.0;1.0008268455226517;1.0;1.000202614887093;1.0002310388107643;1.0;1.0019872412146367;0.9999963547393405;1.0;0.9999894589008309;1.000223501208643;1.0023883060201033;1.0026340410337906;0.9999977833473397;0.9999913976071277;1.0010677157612133;1.0007360773807163;1.0;0.9998415260508973;0.9998244456703822;0.9999966662521097;0.9995378519343807;0.9994739462952642;1.0;0.9998628329298515;0.9998517258047035;1.0025461108786273;0.9999974571401045;1.0;0.9999959661738187;0.9999997289724797;1.024999976158142;
2016-07-13 07:15:00;1.0003666720592543;0.9999707552751272;0.9999937323693521;1.0006674922000127;1.0;1.0008979886010605;1.0027156162145325;1.0005493768810179;0.9999908477847932;1.0017624353231844;1.0;1.0;1.0;1.0008665695227017;0.9999999999999999;1.000206448952394;1.0002359558570952;0.9999999999999999;1.0021010814301519;0.9999934719241244;1.0;0.999981293224787;1.000228118920695;1.0025297901086372;1.002790803031698;0.9999960808732216;0.9999852931382092;1.0011238847757475;1.0007785355188565;1.0;0.9998370476121055;0.9998236859118556;0.9999930526930009;0.9995454370827931;0.999482564275866;1.0;0.9997160071909647;0.99956046037759;1.0026966508944748;0.9999946083245344;1.0;0.9999927384291151;0.9999992607342754;1.024999976158142;
2016-07-13 07:30:00;1.0003640715964564;0.9999505474334188;0.9999897971078987;1.000665123273156;0.9999999999999999;1.0008970951315248;1.002737921229393;1.0005431866481322;0.9999860542649778;1.0017698269465776;1.0;1.0;1.0;1.0008623672092138;1.0;1.000199079059802;1.000228172432487;1.0;1.002113703871744;0.9999900436209067;1.0;0.9999716350642399;1.0002204512505313;1.0025500734307458;1.0028140821891534;0.9999941089605292;0.9999784569929936;1.001124585784341;1.000767431875203;1.0;0.9998313129906907;0.9998276962319473;0.9999880766255866;0.9995740034873183;0.9995090759646394;1.0;0.9997411364442315;0.999560728623713;1.0027179489607425;0.9999906378107393;1.0;0.9999888603542124;0.9999985335114141;1.024999976158142;
2016-07-13 07:45:00;1.0003821233233685;0.9999417397210582;0.9999892172934133;1.0006994845591992;1.0;1.000942591294382;1.0028666248003204;1.0005764049496266;0.9999865151104044;1.0018537358686088;1.0;1.0;1.0;1.0009067356108194;1.0;1.0002174509890134;1.0002484675804284;1.0;1.002213817323897;0.9999906513506259;1.0;0.9999697613857368;1.0002402668188255;1.00267043330573;1.0029458883659899;0.9999951178522791;0.9999775226746423;1.0011801514870733;1.0008087149878095;1.0;0.999817687678549;0.9998074420756691;0.9999864373647352;0.99951325729844;0.9994413516932387;1.0;0.9996769358462718;0.9994760046268327;1.0028454609450244;0.9999892026589151;1.0;0.9999892277219007;0.9999980446499778;1.024999976158142;
2016-07-13 08:00:00;1.0003890214438187;0.9999494230729444;0.9999894178210046;1.0007108633005983;1.0;1.0009581675080164;1.0029164037083662;1.0005835002561136;0.9999857641528381;1.0018872796622682;1.0;0.9999999999999999;1.0;1.0009220935059315;1.0;1.0002175645255726;1.0002489346135512;1.0;1.0022534470176325;0.9999899783415894;1.0;0.999972459108501;1.000240654351085;1.0027165581932063;1.0029972008148875;0.9999943702179552;0.9999796756536719;1.0012005160629889;1.0008168853111672;1.0;0.9998170454351207;0.9998125706992949;0.999987424254889;0.9995379148492138;0.9994678650962499;1.0;0.9996675081846186;0.9994693941761483;1.0028952041103132;0.9999900953844556;1.0;0.9999886545510958;0.9999983891426433;1.024999976158142;
2016-07-13 08:15:00;1.0004019111646008;0.9999703543233153;0.9999931720576887;1.000731545431322;1.0;1.0009819159959004;1.002953846606968;1.0006079645072363;0.9999894576389635;1.0019208073691628;1.0;1.0;1.0;1.0009501846294107;1.0;1.0002379875260587;1.0002708585829059;1.0;1.0022883950077308;0.9999932702765908;1.0;0.9999811798741354;1.0002621715569366;1.00275235461177;1.0030349510956467;0.9999973459420409;0.9999857576064553;1.0012277092685027;1.0008212982320819;1.0;0.9998063907535572;0.999801888397145;0.99999234558425;0.9995138629591386;0.9994494630361971;0.9999999999999999;0.9996886400583115;0.9995356085142619;1.0029334278514612;0.9999940873951277;1.0;0.9999919790196131;0.9999992346733658;1.024999976158142;
2016-07-13 08:30:00;1.000422806682811;0.9999643087708999;0.9999925783557875;1.0007702207897933;0.9999999999999999;1.0010352311435757;1.003124356016772;1.000637540061678;0.9999893256539027;1.0020285122334773;1.0;1.0;1.0;1.0010000852632484;1.0;1.0002448792774674;1.0002792430998926;1.0;1.0024180629248576;0.9999927889455509;1.0;0.9999783882063169;1.0002701410300232;1.0029107975240237;1.0032105313543411;0.9999964151942561;0.9999833924718153;1.0012949182224453;1.0008679107188705;1.0;0.9997411726151819;0.9997044999803937;0.9999914224454182;0.9992118991457439;0.9990366058377901;0.9999999999999999;0.9996977104046002;0.999564126456819;1.0031024843673857;0.999993304803897;1.0;0.9999916765768034;0.9999990104209129;1.024999976158142;
2016-07-13 08:45:00;1.0004303830690275;0.999960478071929;0.9999916642911262;1.000784527691213;1.0;1.0010555956420595;1.0031946485057526;1.000647271645979;0.9999883454042858;1.002072154944811;1.0;1.0;1.0;1.0010185431705576;0.9999999999999999;1.0002453329882903;1.0002801784569926;1.0;1.0024713123401883;0.9999918573927434;1.0;0.9999770134021579;1.0002709617929904;1.002976039545748;1.0032829422189897;0.9999954763939809;0.9999825941500683;1.001321147383257;1.000889248223085;1.0;0.999755689871431;0.999729954301475;0.9999903246232322;0.9992986880707766;0.9991623750201406;0.9999999999999999;0.9996260756545947;0.999452084396662;1.0031720576672798;0.9999924237427661;1.0;0.9999907787721215;0.9999988334906839;1.024999976158142;
2016-07-13 09:00:00;1.0004273254636638;0.9999778613485161;0.9999956313184702;1.0007768198659621;1.0;1.0010424006556184;1.0031267444737955;1.0006462237822769;0.9999933491077916;1.0020350389344803;1.0;1.0;0.9999999999999999;1.0010092946761533;1.0;1.000251755638826;1.0002866259674537;1.0;1.0024229613552647;0.999995606386163;1.0;0.9999847840471114;1.0002773695248708;1.0029133991398318;1.0032127585997344;0.9999979797237472;0.9999876576208093;1.0013023119719229;1.0008696943399489;1.0;0.999759683794169;0.999733972467626;0.9999951442077532;0.9993075842106094;0.9991747779614407;1.0;0.9996660467358023;0.9995307325812112;1.0031054618121389;0.9999962463402501;1.0;0.9999948709593056;0.9999994994847741;1.024999976158142;
2016-07-13 09:15:00;1.0004297854801254;0.9999718671716478;0.9999940057095678;1.0007820507059126;1.0;1.0010510876365433;1.0031680887215837;1.0006470792051043;0.999991242933193;1.0020585256064682;1.0;1.0;1.0;1.0010158756021235;1.0;1.0002473070147027;1.0002821602836698;1.0;1.002452969963917;0.9999938674980718;1.0;0.9999821901782282;1.000272926601273;1.0029514798745205;1.0032555405107215;0.9999965276453077;0.9999860811091107;1.0013145387987858;1.0008804720838815;1.0;0.9997539695652007;0.9997271577685168;0.9999932906306819;0.9992897597028819;0.9991466214380378;1.0;0.9996713769790421;0.9995458627983305;1.003146172731574;0.9999947886354382;1.0;0.9999930927060942;0.9999992674890633;1.024999976158142;
2016-07-13 09:30:00;1.0004421207113743;0.9999583320509204;0.9999908035840419;1.00080603247913;1.0;1.001084726362894;1.003285649762749;1.000664470709274;0.999986942475648;1.0021308701273806;1.0;1.0;1.0;1.001046486208295;1.0;1.0002515538089747;1.0002873358665052;1.0;1.0025417113103983;0.9999909198206567;1.0;0.9999758048119379;1.0002778847703817;1.0030607126212594;1.003376481058436;0.9999950232033983;0.9999819119018822;1.0013579937953592;1.0009169439005237;1.0;0.9997505814622539;0.999723780900879;0.9999894381682229;0.9992832463647697;0.9991300253795661;0.9999999999999999;0.9996094543981058;0.999410232254889;1.0032623971394754;0.9999917496016681;1.0;0.9999896985408596;0.9999987663388568;1.024999976158142;
2016-07-13 09:45:00;1.0004521473107855;0.9998927169081376;0.9999808159658446;1.0008323648528767;1.0;1.0011222673685432;1.0034335657587372;1.0006878068355178;0.9999764167295382;1.0022113551345844;1.0;1.0;0.9999999999999999;1.0010769435357412;1.0;1.0002648167863883;1.0003019366895338;1.0;1.00264556341418;0.9999845642277669;1.0;0.9999463131051592;1.0002921353699272;1.0031987626856447;1.0035282157923444;0.9999937368301494;0.9999607236479856;1.001405686905102;1.0009682681317411;0.9999999999999999;0.9997214377950765;0.9996750506156225;0.9999750583157377;0.9991253127596046;0.9989117418085692;1.0;0.9996305321661804;0.9994265421952028;1.0034067614263245;0.9999800686159996;0.9999999999999999;0.9999814859978949;0.9999962622608924;1.024999976158142;
2016-07-13 10:00:00;1.0004371665572442;0.9999302338973958;0.9999872295095776;1.0008003746735787;1.0;1.001076910905572;1.0032693297012443;1.0006627024038053;0.9999834203296016;1.002114446755164;1.0;1.0;1.0;1.0010373027933424;1.0;1.000256209736171;1.0002919546363487;0.9999999999999999;1.0025245973756856;0.9999891808342609;0.9999999999999999;0.9999625200013744;1.0002824830048063;1.0030459601590413;1.0033594123113547;0.9999955472882004;0.9999718770778642;1.0013476069362954;1.0009157911638225;1.0;0.9997171205067918;0.9996661558267584;0.9999839034262591;0.999090984282398;0.9988731847488973;1.0;0.9996463143363895;0.9994561928932336;1.0032451605284958;0.9999872217230148;1.0;0.9999870805268077;0.9999977450880766;1.024999976158142;
2016-07-13 10:15:00;1.000438649546701;0.999883370058247;0.9999795658052707;1.000808387833956;1.0;1.0010904706935146;1.0033483741460043;1.0006653634560159;0.9999746230277158;1.0021521160785865;1.0;1.0;1.0;1.001044769990181;1.0;1.0002539308743432;1.0002897222482814;1.0;1.0025760859515984;0.9999834044564194;1.0;0.9999394960757101;1.0002802045022638;1.0031193656859752;1.0034409184562365;0.9999932698582379;0.9999547794273811;1.001366481426825;1.000939677726709;1.0;0.9997064499784221;0.9996511957892642;0.9999735740280107;0.9990460659544549;0.9988517149417471;1.0;0.9996399435214115;0.9994407661575718;1.0033217891926187;0.9999789072440319;0.9999999999999999;0.999980109603133;0.9999960903548648;1.024999976158142;
2016-07-13 10:30:00;1.0004560642958247;0.9999499251755618;0.999991277588878;1.0008316983186059;0.9999999999999999;1.001118151568188;1.0033823382093652;1.0006868035915601;0.9999881361815125;1.0021916897156145;1.0;1.0;0.9999999999999999;1.001078580648895;1.0;1.0002620102766995;1.0002988909323969;1.0;1.0026135517656845;0.999991979483255;1.0;0.9999691312445653;1.0002890306014185;1.0031510461404614;1.0034759432527265;0.9999960899316751;0.999975206635081;1.0013985040408335;1.0009499267073905;1.0;0.9996749381387934;0.9996021457919626;0.9999895159411702;0.9988941104645347;0.9986799490870122;1.0;0.9996341706083218;0.999437292019492;1.0033582620856916;0.9999917422399709;1.0;0.9999906883990838;0.9999986497950188;1.024999976158142;
2016-07-13 10:45:00;1.0004571916027047;0.9999610385905862;0.9999951193269198;1.000831667111338;1.0;1.0011169379304867;1.0033663404820852;1.0006861595416316;0.9999933840759059;1.0021832820223961;1.0;1.0;1.0;1.0010782330184669;1.0;1.0002599404248478;1.000296595455422;1.0;1.0026006961024918;0.9999953135799742;0.9999999999999999;0.9999713580257843;1.0002866580654144;1.0031362289726422;1.0034598489762698;0.999997317768151;0.9999746493294496;1.001395551730062;1.0009428256792912;1.0;0.999688605624355;0.999625183248168;0.999994255982338;0.9989686740439275;0.9987558905858015;1.0;0.9996087770072649;0.9993587600013034;1.0033429353417096;0.9999954827686298;1.0;0.9999947172097643;0.9999992684067349;1.024999976158142;
2016-07-13 11:00:00;1.0004421742827219;0.9999663612219233;0.9999969416726883;1.000802964993885;0.9999999999999999;1.0010771850552391;1.0032405436670977;1.0006617755679652;0.9999952569557679;1.0021022569256137;1.0;1.0;1.0;1.0010405081988525;1.0;1.000250612235551;1.0002858323029158;1.0;1.0025023838361165;0.9999967167501176;1.0;0.9999705402251924;1.0002761702384027;1.0030193068690807;1.0033307082710698;0.9999982002766588;0.9999724467624194;1.0013451547981682;1.000908370008622;0.9999999999999999;0.9997151744503752;0.999661785411353;0.9999967385166315;0.9990746152210855;0.9988706012923219;0.9999999999999999;0.9996821816434569;0.9995338305615348;1.003218283132206;0.9999974962829106;1.0;0.9999962923805574;0.9999996953818949;1.024999976158142;
2016-07-13 11:15:00;1.0004418579883152;0.9999747994275798;0.9999963554813451;1.0008024794594765;0.9999999999999999;1.0010781477117754;1.0032482488357506;1.0006606817602681;0.9999943845144617;1.0021093715631437;1.0;1.0;1.0;1.001041450874104;1.0;1.0002477741032298;1.000283078329019;1.0;1.0025119826962487;0.9999956950045343;1.0;0.9999789776238585;1.0002735538377276;1.0030259319137171;1.0033385688132197;0.999996858474288;0.9999810434141257;1.0013477280889314;1.0009109219166552;1.0;0.9996939816843793;0.9996282036711232;0.999996343789184;0.9989689046323077;0.9987592322335076;1.0;0.9996708659841655;0.999475010215471;1.003226093339224;0.9999972114397381;1.0;0.9999954434806814;0.9999996974653331;1.024999976158142;
2016-07-13 11:30:00;1.0004483118032232;0.9999747664266275;0.9999948665178455;1.0008147497441933;1.0;1.001093875238936;1.0032905874552291;1.000674587874395;0.9999918112262562;1.0021393414277489;1.0;0.9999999999999999;1.0;1.0010581727060275;1.0;1.000259338500014;1.000295630186014;1.0;1.0025478379760278;0.999994447440705;1.0;0.9999811121227667;1.0002859550949112;1.003065731363326;1.0033814596725696;0.9999971348506994;0.9999843053588386;1.001367444229239;1.0009212471408742;1.0;0.9996909405407258;0.9996261869663323;0.9999946026268604;0.9989676031482991;0.9987639642629741;1.0;0.999613737307826;0.999392986349741;1.0032681220060347;0.9999958774002313;1.0;0.9999936597252174;0.9999995422074508;1.024999976158142;
2016-07-13 11:45:00;1.0004470864759576;0.999969946668453;0.9999943806140085;1.0008136632048488;1.0;1.0010916103519314;1.0032757008040687;1.0006783210842283;0.999991837052316;1.0021306776669439;1.0;1.0;1.0;1.001056848776979;1.0;1.0002667849300084;1.0003034387579264;1.0;1.0025375104681553;0.9999948546338956;1.0;0.9999810615809986;1.0002937153892604;1.0030522895684584;1.0033656728657068;0.9999981425740821;0.9999850124859758;1.0013636230627123;1.0009151320663296;1.0;0.9996785690283042;0.9996071964927461;0.9999933457003302;0.9989076834085325;0.9987020058062456;1.0;0.9996066994381041;0.9993858763786537;1.0032531474775088;0.9999947980208751;1.0;0.9999937808001326;0.9999992106031956;1.024999976158142;
2016-07-13 12:00:00;1.0004535151248708;0.9999667654590373;0.999994141636383;1.000825607426222;1.0;1.0011095325886914;1.0033428144200132;1.0006836754484847;0.9999920670177749;1.0021709953587905;1.0;1.0;1.0;1.0010720106973454;1.0;1.0002613853589;1.0002981614481097;1.0;1.0025869205461793;0.999994382891433;1.0;0.9999792541556795;1.000288374817104;1.0031142851012107;1.0034351795735021;0.9999967698384812;0.9999832191766247;1.0013870240139533;1.0009337250134687;1.0;0.9996710834820404;0.9995982659765188;0.9999930852633487;0.9988837251350315;0.9986889213062639;1.0;0.999622033659417;0.9994604108345039;1.0033195829339794;0.9999945608758148;1.0;0.9999936703294132;0.9999991116503929;1.024999976158142;
2016-07-13 12:15:00;1.000465639778605;0.9999641695010353;0.9999940926618498;1.0008477998556637;1.0;1.0011397780560771;1.0034374433905617;1.0007008411551286;0.9999922825165036;1.0022311024381394;1.0;1.0;1.0;1.0011005340956893;1.0;1.0002659486436862;1.0003035827301712;1.0;1.0026589005218653;0.9999943614607864;1.0;0.9999775255980293;1.000293542017897;1.0032022672628294;1.0035326235456772;0.9999964722730198;0.9999815250061422;1.001424933784136;1.000959683735331;1.0;0.9996411553390837;0.9995543417869965;0.9999929519462396;0.9987498132981248;0.9985200219929656;1.0;0.9996393271651411;0.9994921374362086;1.0034134766488647;0.9999944332647392;1.0;0.9999937496868073;0.9999990519554598;1.024999976158142;
2016-07-13 12:30:00;1.0004558243556105;0.9999659260393831;0.9999944911654808;1.000829530601793;1.0;1.0011143885518663;1.0033565006006977;1.0006866017567877;0.9999924333443015;1.00217940509419;1.0;1.0;1.0;1.001076705919071;1.0;1.0002625263349334;1.0002994026810916;1.0;1.002596520877453;0.999994700817248;1.0;0.9999773302318931;1.0002895401398257;1.0031271084186892;1.0034493264313022;0.9999970549760083;0.9999810511418282;1.0013928063239574;1.0009361267894432;1.0;0.9996767007655227;0.9996085111179959;0.9999935386326746;0.9989181908808297;0.9987018677235372;1.0;0.9996414342400765;0.9994903055753801;1.0033331984095222;0.9999949267099707;1.0;0.999993991282502;0.9999991871483349;1.024999976158142;
2016-07-13 12:45:00;1.0004665331260487;0.9999674632387131;0.999994767561948;1.0008487364104668;0.9999999999999999;1.0011403717696856;1.0034356370759225;1.0007018138607249;0.9999927556180801;1.0022307849432386;1.0;1.0;1.0;1.0011017578610781;1.0;1.000267139571802;1.0003048052923202;0.9999999999999999;1.002657663992493;0.9999947994550166;1.0;0.9999777835773472;1.0002947260631552;1.003200702751213;1.003530760895131;0.9999968654288054;0.999981232648272;1.0014254045162645;1.0009659795065409;1.0;0.9996303828709273;0.9995324275704971;0.9999939729790837;0.9986744264532412;0.9984481412934119;1.0;0.9996097119368044;0.9994269686074617;1.0034118551062243;0.9999952792774583;1.0;0.9999942040306274;0.9999992618045778;1.024999976158142;
2016-07-13 13:00:00;1.0004443377791676;0.9999668332943054;0.9999942427333394;1.0008087113928141;1.0;1.0010868605473167;1.0032763620513256;1.0006686014839237;0.9999920491751942;1.002127255551032;1.0;1.0;0.9999999999999999;1.0010498053081183;1.0;1.0002545128863063;1.0002904272113244;0.9999999999999999;1.0025347872470505;0.9999943481370084;1.0;0.9999783813023329;1.0002808430975634;1.0030522490102765;1.0033670438609834;0.9999966986301935;0.9999822102994607;1.0013588058337308;1.0009108099579969;1.0;0.9996701630024079;0.9995970556448485;0.9999933258742799;0.998878737030985;0.9986682905503177;1.0;0.999640813142013;0.9994204647872064;1.0032536331496624;0.9999947677610809;1.0;0.9999936576297455;0.9999991844464812;1.024999976158142;
2016-07-13 13:15:00;1.000452732901798;0.9999469383135843;0.9999902918901824;1.000825842595604;1.0;1.0011103642663868;1.0033629850547168;1.000681294958891;0.9999864194939877;1.0021782775051022;0.9999999999999999;1.0;1.0;1.001070829797768;1.0;1.0002599648410582;1.0002965544772215;0.9999999999999999;1.0025980764272164;0.9999909365839904;1.0;0.9999670860771116;1.0002867748623863;1.003132988992704;1.0034560570295827;0.9999957708578926;0.9999738019649824;1.00138922956253;1.000945455660556;1.0;0.999669712793632;0.9995919056861804;0.9999884907356674;0.9988577319968025;0.9986198165641537;1.0;0.9996342918662471;0.9994136923684125;1.0033389523629668;0.9999909700964605;1.0;0.9999894168470442;0.9999985891303251;1.024999976158142;
2016-07-13 13:30:00;1.0004541632641157;0.9999626737619453;0.9999928426452551;1.0008262104857073;0.9999999999999999;1.0011102888532954;1.0033565235333204;1.0006802321468657;0.9999889259271971;1.0021770119251252;1.0;1.0;1.0;1.0010720168091953;1.0;1.0002575355695824;1.00029399026151;1.0;1.0025945976362092;0.9999924365116193;1.0;0.99997285025166;1.000284210664577;1.0031268396323825;1.0034496231502803;0.9999960221980587;0.9999773867513359;1.0013890575483164;1.0009310200002735;1.0;0.9996527207047836;0.9995737948715085;0.9999922786846089;0.998811683373759;0.9985796018989698;1.0;0.9996823997921092;0.9995155997082006;1.0033331507049437;0.9999940634177785;1.0;0.9999913863251968;0.9999992818519453;1.024999976158142;
2016-07-13 13:45:00;1.0004354796092607;0.999969417721491;0.9999935343773669;1.0007917994800861;1.0;1.001064110730306;1.00321393233235;1.0006521019026604;0.9999897632940454;1.0020864100167748;1.0;1.0;1.0;1.0010278816870182;1.0;1.0002467505807877;1.0002817395945935;1.0;1.0024862033337334;0.9999929105020025;1.0;0.9999774267931076;1.0002723910447606;1.0029939916146078;1.0033030000673433;0.9999960681029625;0.9999814013123617;1.001331382584409;1.0008908286927403;0.9999999999999999;0.9996801771130719;0.999612325304974;0.9999932346389612;0.9989251101562063;0.9987212406160804;1.0;0.9996667624246833;0.999461749837547;1.003191748643616;0.9999948314620565;0.9999999999999999;0.9999920131495319;0.9999994334443734;1.024999976158142;
2016-07-13 14:00:00;1.0004448899428044;0.9999758860955958;0.999995830100129;1.0008079709607367;1.0;1.001085216847493;1.0032679915404965;1.0006662406351725;0.9999932491491526;1.0021233047819333;1.0;1.0;1.0;1.001048930617253;0.9999999999999999;1.000251920989381;1.0002876047537177;1.0;1.0025285347025281;0.9999951091597742;1.0;0.999979919611891;1.0002780180727753;1.0030442994120616;1.0033587134368296;0.9999968777896;0.9999823163977336;1.0013567127757566;1.0009114721140526;0.9999999999999999;0.9996432958522327;0.999551985944951;0.9999958684156609;0.9987322168186133;0.9985237461737303;0.9999999999999999;0.9996876332879484;0.9994574474209195;1.0032458029478393;0.9999968739367662;1.0;0.9999946567321443;0.9999997122825152;1.024999976158142;
2016-07-13 14:15:00;1.000433841939837;0.999968023261292;0.9999942966450299;1.000788325481158;1.0;1.0010597638077954;1.0032062882306214;1.0006460436098725;0.9999908379961249;1.0020789894171487;1.0;1.0;1.0;1.001022578312024;1.0;1.0002401177719806;1.0002745853938009;1.0;1.0024773020224236;0.9999934028041938;1.0;0.9999740092658015;1.0002652727193435;1.0029865493484378;1.003295662427262;0.9999958579531811;0.9999773407714644;1.0013260291250972;1.0008528507805283;1.0;0.999642123438416;0.9995767595260218;0.9999942593451132;0.998841423357797;0.9986272453078687;1.0;0.9997205191488829;0.9994939114491034;1.0031841735399905;0.9999956438371107;0.9999999999999999;0.9999927674622591;0.9999995812063238;1.024999976158142;
2016-07-13 14:30:00;1.000435552570332;0.9999335952441598;0.9999888261829993;1.0007956788366212;1.0;1.0010714272362606;1.0032639933873635;1.0006513539223028;0.9999849931801251;1.0021077062819637;1.0;1.0;1.0;1.001030201518887;1.0;1.00024200875496;1.0002767680519717;1.0;1.0025161106870923;0.9999896603270735;1.0;0.9999585836033235;1.0002673841032916;1.003040271963835;1.0033549643772708;0.9999946156469602;0.9999663307226864;1.0013415156914185;1.0008693732865794;1.0;0.9996720935072313;0.9996263041149224;0.9999865562946665;0.9990017700919565;0.9987937273193328;1.0;0.9997808173556723;0.99963319988107;1.00324013151482;0.9999893993663848;1.0;0.9999881328477452;0.9999982626900185;1.024999976158142;
2016-07-13 14:45:00;1.0004330897078733;0.9998685843154858;0.9999772905825732;1.000799374302995;1.0;1.0010836003144663;1.0033724302769533;1.0006437580278207;0.9999724475977644;1.002156372902348;1.0;1.0;1.0;1.0010314800661366;1.0;1.0002249067098472;1.0002590497412291;0.9999999999999999;1.0025859338656156;0.9999804252926903;1.0;0.9999299848337626;1.0002498645993305;1.0031400138742486;1.0034673120599713;0.9999890734502914;0.9999463409169548;1.0013613856061099;1.000886638044307;1.0;0.9996635191574891;0.9996258502214274;0.9999711850809189;0.9990152749967569;0.9988069594828808;1.0;0.9997646406952491;0.9995799062661107;1.0033449716129654;0.999976993542882;0.9999999999999999;0.9999777297313704;0.9999957376941441;1.024999976158142;
2016-07-13 15:00:00;1.000413154502386;0.9999212729432377;0.9999859574559973;1.000756901778083;1.0;1.0010234356486716;1.003150685664831;1.0006116461131138;0.9999821589800979;1.0020270178640946;0.9999999999999999;1.0;1.0;1.0009792862427422;1.0;1.0002149663925555;1.0002474284562213;1.0;1.0024243540879172;0.9999867977096731;0.9999999999999999;0.9999547126433521;1.0002386952455156;1.002933726388401;1.0032392352050679;0.999991537783983;0.9999642847709841;1.001284215855623;1.0008592857673562;1.0;0.9997238075352125;0.9996887459600126;0.9999830222125144;0.9991732015087623;0.9989719062223265;0.9999999999999999;0.9997901412821774;0.9996376555387266;1.003126847575428;0.9999865432384293;1.0;0.999985446545531;0.9999976754408877;1.024999976158142;
2016-07-13 15:15:00;1.0004056286453848;0.9999403566143115;0.9999900507030666;1.0007408915030624;0.9999999999999999;1.0010006633617752;1.0030653976387094;1.000599611174071;0.9999874398542018;1.0019764067192092;1.0;1.0;1.0;1.000959261174596;1.0;1.000210703170464;1.0002424765337004;1.0;1.0023610133348395;0.9999902148363833;1.0;0.9999633223551313;1.000233886860707;1.0028544097677976;1.003151613443971;0.9999928577518362;0.9999698836785311;1.0012544843362046;1.0008445800084163;1.0;0.9997283296412511;0.999686283861286;0.9999882024411316;0.9991530679237095;0.9989493190624498;0.9999999999999999;0.9997988976848802;0.99965422173503;1.003042882060614;0.9999906598291858;1.0;0.9999895573814526;0.9999984044471091;1.024999976158142;
2016-07-13 15:30:00;1.0004155123202763;0.9999283980086554;0.9999859005143599;1.000760394257011;1.0;1.0010340044539088;1.0032209862533326;1.0005998065846466;0.9999823847500717;1.0020667576250992;0.9999999999999999;1.0;1.0;1.0009842860289047;0.9999999999999999;1.0001868962764093;1.0002183173748045;1.0;1.0024752281308729;0.9999849129973971;0.9999999999999999;0.9999585884022835;1.0002098678490297;1.0029972166625527;1.0033130816693867;0.9999867513857926;0.9999672289289284;1.0013015316388347;1.0008980893372685;1.0;0.9997280224782288;0.9996850017338421;0.9999839914169663;0.9991495359451698;0.9989495647904395;1.0;0.9997911554916309;0.999634340478231;1.0031966054503774;0.999987361118481;1.0;0.9999847997520003;0.9999979030151273;1.024999976158142;
2016-07-13 15:45:00;1.0004222487612815;0.9998059501879353;0.9999650751142998;1.0007873702990882;1.0;1.0010736959807713;1.0034126464266142;1.0006242244085322;0.9999577995793445;1.0021618622698567;1.0;1.0;1.0;1.0010126717946097;1.0;1.0002067220776558;1.0002396854372484;1.0;1.0026038793801346;0.9999701908215866;1.0;0.9999012972091768;1.0002308641005508;1.0031765186065684;1.0035092685923241;0.9999837859827112;0.9999265544652629;1.0013538935196884;1.0009651136761468;0.9999999999999999;0.9997402972140503;0.9997018830625907;0.9999555099609817;0.9992011289088646;0.9990027339517917;1.0;0.9997418953004902;0.9995216316949013;1.0033821413139534;0.9999644551955595;1.0;0.999965934510198;0.9999933775751304;1.024999976158142;
2016-07-13 16:00:00;1.000411280092983;0.9999276219338739;0.9999868452282383;1.0007532219227573;1.0;1.001017080824854;1.0031180741089811;1.0006131593279604;0.9999832218103337;1.0020095060999155;1.0;1.0;1.0;1.0009752207967415;1.0;1.0002218079312724;1.0002545257883748;1.0;1.0024022200111888;0.9999879158340355;1.0;0.9999594739662316;1.0002457817890684;1.0029037630556117;1.0032052053516716;0.999992810590691;0.9999686043938615;1.001275259129717;1.000865405023882;1.0;0.9997305234373518;0.9996877598283967;0.9999839282688099;0.9991577647901373;0.9989578808294554;1.0;0.9997467054537708;0.9995341729897597;1.0030946882890917;0.9999872551165532;1.0;0.9999864508486916;0.999997787386913;1.024999976158142;
2016-07-13 16:15:00;1.0004069360043586;0.9999496237799301;0.9999896325506245;1.0007431180809438;0.9999999999999999;1.001002122447426;1.0030538893638288;1.0006079516835689;0.9999860128936784;1.0019753957824318;1.0;1.0;1.0;1.0009639242540147;1.0;1.0002234418049394;1.0002560300093322;1.0;1.0023586776195486;0.9999898778240948;1.0;0.999971507610778;1.0002473942344854;1.0028441317812358;1.003138893977988;0.9999937862851846;0.9999784333791498;1.0012558822671624;1.0008445805951203;1.0;0.9997277636351394;0.99968265240846;0.9999878474119313;0.999139211065845;0.9989298202675222;1.0;0.9998139151261073;0.9996822098465916;1.0030318464715682;0.9999904442971024;1.0;0.9999887567833939;0.9999984815904405;1.024999976158142;
2016-07-13 16:30:00;1.0004022499679908;0.9999521643374871;0.999988030972427;1.0007342279108482;1.0;1.000998068458018;1.0030985555838092;1.0005805192786588;0.9999840351481587;1.001994707025165;1.0;0.9999999999999999;1.0;1.0009524936575274;1.0;1.0001822708734711;1.0002128551937204;1.0;1.0023873043525577;0.9999860432830346;1.0;0.9999727485770005;1.0002047602793303;1.0028831548972483;1.003186872960819;0.9999871582703991;0.9999795452884161;1.0012566816156068;1.000866192466029;1.0;0.9997240452571025;0.9996719964568077;0.9999872993249079;0.9990984881718594;0.9988679936432494;1.0;0.9998753151452311;0.9998013919154597;1.0030758593305742;0.9999900969950279;1.0;0.9999862103565619;0.9999985737984411;1.024999976158142;
2016-07-13 16:45:00;1.0003940132006286;0.9999576695908223;0.9999911049736776;1.0007185482761571;1.0;1.0009681127838665;1.0029424301214767;1.0005887225270538;0.9999875653772687;1.0019056372050923;1.0;0.9999999999999999;0.9999999999999999;1.0009322924575745;0.9999999999999999;1.0002178447982908;1.0002494108698126;1.0;1.0022739994109942;0.9999910527362678;0.9999999999999999;0.999974711773758;1.0002410309376852;1.0027404809807094;1.0030242571650163;0.9999945628677418;0.9999805337789501;1.0012127687204855;1.0008140368114447;0.9999999999999999;0.9997267752791985;0.9996760792695062;0.9999898375729132;0.9991095565193047;0.9988958887629037;0.9999999999999999;0.9999071595734246;0.9998677968903259;1.002921524462145;0.9999920546744043;1.0;0.9999900541791628;0.9999988179009263;1.024999976158142;
2016-07-13 17:00:00;1.000392529275917;0.9999502124620484;0.999988771763038;1.0007158172362274;1.0;1.0009783285688307;1.0030779725213843;1.0005494735085045;0.9999858112818579;1.0019717021334857;1.0;0.9999999999999999;0.9999999999999999;1.0009272313992992;1.0;1.0001462662294989;1.000174556188599;1.0;1.002362869688456;0.9999853697191635;1.0;0.9999679041065723;1.000166897962044;1.0028622690492577;1.003167638041169;0.9999833576388829;0.9999734225724854;1.001235021338895;1.0008667400220823;0.9999999999999999;0.9997371903150711;0.9996877289712689;0.9999888697933029;0.9991403185655456;0.9989239193165118;0.9999999999999999;0.9999421125882687;0.9999163019807408;1.0030551072146638;0.9999913330104433;1.0;0.9999867949492554;0.9999987732549958;1.024999976158142;
2016-07-13 17:15:00;1.0003919802407641;0.9999483354041381;0.999990558670394;1.0007152614758261;1.0;1.000963188717215;1.002930901600866;1.0005853238507347;0.9999868694304579;1.0018951448075677;1.0;1.0;1.0;1.000926815368548;1.0;1.000216887380164;1.0002481612797358;1.0;1.0022616938386688;0.9999908290383909;1.0;0.9999673267144736;1.000239759852208;1.0027298732857974;1.003012573165616;0.9999949336528133;0.9999736655500553;1.001206256914475;1.000820941440183;1.0;0.9997348567166314;0.9996812872001211;0.9999890017367561;0.9991167344427087;0.9988954002182584;1.0;0.9999581540022224;0.9999323429806318;1.0029098218058794;0.9999913803185182;0.9999999999999999;0.9999896047582012;0.9999986824286742;1.024999976158142;
2016-07-13 17:30:00;1.0003875686408918;0.9999366890702117;0.999986630995244;1.0007085722045261;1.0;1.000954086081311;1.0029132342572897;1.000580290061151;0.9999804966212975;1.0018818462482675;1.0;1.0;0.9999999999999999;1.0009178841451225;0.9999999999999999;1.0002189203430056;1.0002500743606164;1.0;1.002247725816736;0.9999871422787818;1.0;0.99996153282862;1.0002417751461863;1.0027136302538968;1.002994027874575;0.999994237709389;0.9999706175695964;1.0011960770506954;1.0008122263672865;0.9999999999999999;0.9997392494528081;0.9996901316609484;0.9999845600825905;0.9991465591859355;0.9989343336586155;0.9999999999999999;0.9999588437835855;0.999934239459181;1.0028918410613132;0.999987965532857;1.0;0.9999849241190608;0.9999982767124103;1.024999976158142;
2016-07-13 17:45:00;1.0003779023910153;0.999951995298826;0.9999869471915626;1.0006893799461585;1.0;1.000929807391783;1.002848663738427;1.0005596982072897;0.9999796266354941;1.0018418781853224;1.0;1.0;1.0;1.000894303045997;1.0;1.0002044862700867;1.000234510686805;1.0;1.0022003430793585;0.9999859875373573;1.0;0.9999695400024459;1.0002265919919275;1.0026528314671133;1.0029279731974834;0.9999924544867027;0.9999776985225924;1.0011677370090908;1.0007939634014738;1.0;0.9997565696481999;0.9997155251491283;0.9999861073944556;0.9992241171852259;0.9990386083372574;0.9999999999999999;0.9999551770533033;0.9999305728191199;1.0028281650153905;0.9999893455747271;1.0;0.9999841215901165;0.9999987810802866;1.024999976158142;
2016-07-13 18:00:00;1.0003881465448745;0.9999116278905531;0.9999824260368337;1.0007134008449623;1.0;1.0009624974757338;1.0029556639135246;1.000584760837656;0.9999765416033343;1.0019032100024292;1.0;1.0;1.0;1.000923194883349;1.0;1.0002207297965622;1.0002522076082416;1.0;1.0022772527837789;0.9999844902006308;0.9999999999999999;0.9999530162331658;1.0002438925858343;1.0027530257621846;1.0030375157868967;0.9999931572405337;0.9999655891652998;1.0012073376196409;1.0008168650171212;0.9999999999999999;0.9997237687843248;0.9996721838471256;0.9999783664836518;0.9990977301238804;0.9988811869573112;1.0;0.9999619846254063;0.999938174141091;1.0029328718104114;0.9999828985722868;1.0;0.9999816976753643;0.9999971287201405;1.024999976158142;
2016-07-13 18:15:00;1.0003974140165417;0.9999590131512959;0.9999910154292251;1.0007244463535465;1.0;1.000974035661815;1.0029483342213006;1.0005977698393627;0.9999866932104243;1.0019122725033685;1.0;1.0;1.0;1.0009401044817405;1.0;1.000228783545085;1.000260983580775;1.0;1.0022805694260146;0.9999911549750187;1.0;0.9999747533354825;1.0002524494809426;1.0027464706788842;1.003029839539674;0.9999958610353291;0.9999807626337873;1.0012192423328332;1.0008199392135853;1.0;0.9996816071908486;0.9996013842955755;0.9999897877644097;0.9988681828946333;0.9986431418718945;1.0;0.9999589640262939;0.9999355347308044;1.0029275999293095;0.9999920653518809;1.0;0.9999897014732909;0.9999989081039834;1.024999976158142;
2016-07-13 18:30:00;1.0003785960813374;0.9999513370299973;0.9999889013714122;1.0006910211469593;1.0;1.0009305129786443;1.002833974275206;1.0005662941803344;0.9999835532304403;1.0018340701794965;1.0;1.0;0.9999999999999999;1.0008961695365888;1.0;1.0002126256305852;1.0002430612563369;1.0;1.0021894984114175;0.9999889065307008;1.0;0.9999704001489512;1.0002349975483174;1.0026396550300696;1.0029125637159657;0.9999944932585156;0.999977733702274;1.0011663520250396;1.0008029486923093;0.9999999999999999;0.9997230323782519;0.9996522672752685;0.9999874818148504;0.9990103443684442;0.9987973741547506;1.0;0.9999662972173436;0.9999428677500358;1.0028136084599695;0.9999902818634279;0.9999999999999999;0.9999872139096929;0.9999986772434588;1.024999976158142;
2016-07-13 18:45:00;1.0003803971795044;0.9999429218766848;0.9999886654319666;1.0006956361742179;1.0;1.000937365057245;1.0028567071469847;1.0005708343170183;0.9999846473591399;1.00184659774578;1.0;0.9999999999999999;1.0;1.0009016363824241;1.0;1.0002137929817483;1.0002444512316582;0.9999999999999999;1.0022053890615257;0.9999894786094412;1.0;0.9999679136719773;1.0002363184618985;1.002660794217895;1.002935983005035;0.9999945994989277;0.9999757786220466;1.001174439380951;1.0007697486185123;1.0;0.9997170740495506;0.9996717903841219;0.9999864035150463;0.9991081427200755;0.9989039548807159;1.0;0.9999663196396583;0.9999428901718251;1.0028358095803778;0.9999892910239473;1.0;0.9999878894968215;0.9999982701089353;1.024999976158142;
2016-07-13 19:00:00;1.0003947591858795;0.9999454398713554;0.9999889558750938;1.000721232765329;1.0;1.0009706137653867;1.0029495312612446;1.000593968861218;0.9999844933408046;1.0019087856227245;1.0;1.0;1.0;1.0009350743361523;1.0;1.0002261448354175;1.0002581048920578;1.0;1.00227842230319;0.9999896933106351;0.9999999999999999;0.9999682610899765;1.0002496221975088;1.0027474926547126;1.003031174228286;0.9999952527133666;0.9999759077784295;1.0012154811196976;1.0007865088863375;0.9999999999999999;0.9996536761397669;0.999581004705261;0.9999869080617263;0.9988319623542673;0.9986215367144694;1.0;0.9999726193265405;0.9999499836405976;1.00292821134937;0.9999897320061204;0.9999999999999999;0.999987942220172;0.9999984174597734;1.024999976158142;
2016-07-13 19:15:00;1.0003899218333177;0.9999501544717392;0.999990328301255;1.000712207512028;1.0;1.0009586263289458;1.0029082742406004;1.0005871602829124;0.9999869745924886;1.0018833162919563;1.0;0.9999999999999999;0.9999999999999999;1.0009236449323882;1.0;1.000222838224222;1.0002544282150563;1.0;1.0022474924709406;0.9999911307307887;1.0;0.9999718927855972;1.000246051096684;1.0027090102289524;1.0029888052751206;0.9999955599744661;0.9999786508031119;1.001199988936455;1.0008183116289047;0.9999999999999999;0.9996728532055642;0.9995791197035213;0.9999883202020909;0.9987860218211194;0.9985636006209584;1.0;0.9999721723648288;0.9999491555665089;1.0028873888089558;0.9999907898872137;1.0;0.9999897422259588;0.9999984934603593;1.024999976158142;
2016-07-13 19:30:00;1.0003770782320478;0.9999368891801306;0.9999874121023118;1.0006903802707858;1.0;1.0009301376599895;1.0028362760199199;1.0005674984664799;0.9999829696582762;1.001832566134559;0.9999999999999999;1.0;1.0;1.0008945428635492;1.0;1.0002146777527523;1.0002452130483104;1.0;1.0021892632650333;0.999988593888493;1.0;0.9999652726853983;1.000237128728761;1.0026419179297759;1.0029148126807257;0.9999946506918754;0.999974134162687;1.0011654287562821;1.0008571311025718;1.0;0.9997174067561974;0.9996053383247857;0.9999847370566018;0.9988143402656233;0.9985998787048945;0.9999999999999999;0.9999726307190139;0.9999496139101438;1.002815309896931;0.9999879641129328;1.0;0.9999866712762927;0.9999980307289512;1.024999976158142;
2016-07-13 19:45:00;1.0003725077498669;0.9999110713488057;0.9999821177350308;1.0006851303184805;1.0;1.0009244183158719;1.0028413105240896;1.0005616518180032;0.9999760293865931;1.0018288955643553;0.9999999999999999;1.0;1.0;1.000886438250951;1.0;1.000212714844789;1.0002429758922993;1.0;1.00218886529097;0.9999842488120256;1.0;0.9999529648765554;1.0002349949740297;1.002646590355129;1.0029199080564217;0.999993239211082;0.9999657767604628;1.001159806137744;1.000886722931358;0.9999999999999999;0.9997233387181682;0.9995949035309891;0.9999779994473635;0.9987565836810283;0.998556507222784;1.0;0.9999716238332167;0.9999478131193786;1.0028192494365804;0.9999826152343341;1.0;0.9999813399383685;0.9999970931558364;1.024999976158142;
2016-07-13 20:00:00;1.0003809184194248;0.9999485409020374;0.9999878106021252;1.0006957119856668;1.0;1.000936859247209;1.0028545074407662;1.0005707852640429;0.9999819357154739;1.0018474410811224;1.0;1.0;1.0;1.0009023551328182;1.0;1.0002157192427732;1.000246464859546;0.9999999999999999;1.002205934561612;0.9999879468579006;1.0;0.9999696970923942;1.0002383565104949;1.0026588068845612;1.0029335220964968;0.9999942812448628;0.999977811507898;1.001174563883576;1.000891483835636;1.0;0.9996927914677273;0.9995461872430257;0.9999861903697593;0.9986015275054095;0.9983829223348963;1.0;0.9999721723648286;0.9999491555665085;1.0028339166991742;0.9999892735483323;1.0;0.9999860012850681;0.9999985298408169;1.024999976158142;
2016-07-13 20:15:00;1.0003601612252924;0.9999483707099509;0.9999893801438126;1.0006581652051567;1.0;1.0008852188042687;1.0026870450161405;1.0005432096166758;0.99998490376794;1.0017396621555568;0.9999999999999999;0.9999999999999999;1.0;1.000853233453602;1.0;1.0002091445329477;1.0002384258312509;1.0;1.0020763097612484;0.9999901932151205;1.0;0.9999700329446253;1.0002306635836689;1.002503297617425;1.0027611912959544;0.9999959084911626;0.9999774372879464;1.0011083550250894;1.0008480379117004;1.0;0.9997412566788292;0.9996142014895604;0.9999873991426749;0.9988051904956514;0.9986087549847967;1.0;0.999977492241293;0.999961620462229;1.0026675939231533;0.9999901266395442;1.0;0.9999883639128533;0.999998494886416;1.024999976158142;
2016-07-13 20:30:00;1.0003525151248096;0.9999165445346698;0.9999846879434111;1.000648252229595;1.0;1.0008742972098026;1.0026800641926137;1.0005325037283785;0.9999803718433724;1.001725485340777;1.0;1.0;0.9999999999999999;1.0008384034400883;1.0;1.000201741897323;1.000230373000393;1.0;1.002064182995761;0.9999870384958116;1.0;0.999955835223736;1.0002227696010888;1.0024965779358435;1.0027542444745985;0.9999944076617568;0.9999670331908393;1.00109580798118;1.0008495084095927;1.0;0.9997623468599672;0.9996447208215438;0.9999806553194855;0.998898045378388;0.9987063415395475;1.0;0.999983837678235;0.9999759050393773;1.0026592960950302;0.9999846234794507;1.0;0.9999846204459696;0.9999972716505089;1.024999976158142;
2016-07-13 20:45:00;1.00035943141029;0.9999402985306679;0.9999885375286361;1.0006579806032487;1.0;1.0008876972818206;1.0027130068755252;1.000537944178983;0.9999850078793217;1.0017514402606202;1.0;0.9999999999999999;1.0;1.0008524234667506;1.0;1.0001981162560816;1.0002269354965445;1.0;1.0020928176874868;0.9999894625438362;1.0;0.9999670916767781;1.0002192779192798;1.0025267690678805;1.0027885102842065;0.9999941499935942;0.9999750547432685;1.0011126883483497;1.000861339910427;1.0;0.9997443010088958;0.9996156015443908;0.9999860818990729;0.9988051979254545;0.9985882565178127;0.9999999999999999;0.9999822015076646;0.9999726809680307;1.0026929062997412;0.999988990996564;1.0;0.9999880303137392;0.9999981401044963;1.024999976158142;
2016-07-13 21:00:00;1.0003614843416626;0.9998091601471185;0.9999669292727973;1.00067774750235;1.0;1.0009200439420296;1.0028979950919794;1.0005525156154569;0.9999607045128549;1.0018375767870915;1.0;1.0;1.0;1.0008708265656252;1.0;1.0002069644033433;1.000236654535136;1.0;1.002213061256453;0.9999742837368285;0.9999999999999999;0.9999068913257976;1.0002287906205152;1.0026993227692527;1.0029783304511226;0.999989838980081;0.9999321123375183;1.0011567552404126;1.0009222801341429;1.0;0.9997482330068669;0.99962151013012;0.9999561914934928;0.9988234146725532;0.99860857823939;1.0;0.9999832577776213;0.9999757062802234;1.0028713204689421;0.9999648599252782;1.0;0.999969024476802;0.999993215904348;1.024999976158142;
2016-07-13 21:15:00;1.0003619741666185;0.9998657383862387;0.9999759961382388;1.000671705452922;1.0;1.0009081173063339;1.0028159826401053;1.0005514136572389;0.9999704057313102;1.0018009799286225;1.0;0.9999999999999998;1.0;1.0008662428860058;1.0;1.000210545282519;1.0002402576819158;1.0;1.0021610538228969;0.9999808038529931;1.0;0.9999328432952282;1.0002323976338314;1.0026232304648333;1.0028937762392698;0.9999925705340321;0.9999509332712768;1.0011396468216958;1.0008933781807903;1.0;0.9997370258730331;0.9996052682305933;0.9999687403708597;0.9987738301949488;0.9985720419265635;1.0;0.9999823902995708;0.9999724569359998;1.0027922566694583;0.9999750221466985;0.9999999999999999;0.9999768448252689;0.9999953425943844;1.024999976158142;
2016-07-13 21:30:00;1.0003538195252335;0.9999548763619778;0.99999008336435;1.0006459662971745;1.0;1.000870273239779;1.002649261973893;1.000529331771028;0.9999858551381103;1.0017147832653053;1.0;0.9999999999999999;1.0;1.0008377823173242;0.9999999999999999;1.0001974658636519;1.0002258999840605;1.0;1.002047083895419;0.9999902332600122;1.0;0.9999735767314938;1.00021837243319;1.0024675755230934;1.0027227724878949;0.9999947791670136;0.9999801749493523;1.0010906559207453;1.0008274016379781;1.0;0.9997645663370408;0.9996567660696706;0.9999886184883261;0.9989468112833849;0.9987411229607277;1.0;0.9999841547635033;0.9999758092995166;1.00263021837269;0.9999911136453162;1.0;0.9999888693325165;0.9999987008015467;1.024999976158142;
2016-07-13 21:45:00;1.0003597578498666;0.9999454093712049;0.9999866179723556;1.0006573216826193;1.0;1.0008878129510335;1.0027301220384557;1.0005314010842015;0.9999801186272946;1.0017617057227892;1.0;1.0;1.0;1.0008520008331139;1.0;1.0001903357259354;1.0002187455223133;0.9999999999999999;1.0021060749251092;0.9999860430860699;1.0;0.9999668548494455;1.000211227299709;1.002542219077023;1.0028064048042582;0.999992051639196;0.9999753861369326;1.001115443603476;1.0008407390442589;1.0;0.999741884742615;0.9996304694118454;0.9999852910810076;0.998875253725731;0.9986654341413651;0.9999999999999999;0.9999823902995707;0.9999724569359997;1.002710073029314;0.9999886148473075;1.0;0.9999843229229463;0.9999985100956552;1.024999976158142;
2016-07-13 22:00:00;1.0003509946851064;0.9999420063335633;0.9999868678418838;1.0006420555366193;1.0;1.000865274941309;1.0026466897969752;1.000525002758914;0.9999808455255911;1.0017096570856796;1.0;0.9999999999999999;0.9999999999999999;1.0008320263015928;1.0;1.0001968887334953;1.0002251197075271;1.0;1.0020428789880982;0.999987241665908;1.0;0.9999661251798586;1.000217655568385;1.0024652619952223;1.0027200326017645;0.9999940138821294;0.9999749736347787;1.0010854835542258;1.0008307497912992;1.0;0.999773393198912;0.9996676319095675;0.9999849087818157;0.9989773183038132;0.9987643187172315;1.0;0.9999836117564151;0.9999752662969601;1.0026271645987246;0.9999882420654617;1.0;0.9999851474733376;0.9999983247144604;1.024999976158142;
2016-07-13 22:15:00;1.0003503648010212;0.9999396434540976;0.9999868069653806;1.0006413175453737;1.0;1.0008648807528866;1.0026485650351413;1.0005237322075409;0.9999812710597535;1.0017097589579194;1.0;1.0;1.0;1.0008309318765187;1.0;1.000194723705856;1.0002228535023765;1.0;1.0020435402654486;0.999987342901461;1.0;0.9999655711281001;1.0002154131827297;1.0024668744185534;1.002722079327983;0.9999937577542456;0.9999745309228153;1.001085083141996;1.0008309229793078;1.0;0.9997652168024033;0.9996549042773611;0.9999846225883521;0.9989368055652502;0.9987167603466348;1.0;0.9999827078507438;0.9999731873062894;1.0026288961245993;0.9999879712331953;1.0;0.9999853669174815;0.9999982016806277;1.024999976158142;
2016-07-13 22:30:00;1.0003453624231935;0.9999325354805065;0.9999857968404531;1.0006328380333933;0.9999999999999999;1.0008545469307515;1.0026293230247587;1.0005136737620988;0.9999801384192891;1.001693606536201;1.0;0.9999999999999999;1.0;1.0008192265481128;0.9999999999999999;1.0001869272710917;1.0002144036495042;1.0;1.002025714164084;0.9999863697159848;0.9999999999999999;0.9999612098880495;1.0002071004291841;1.0024487107687063;1.0027026170407147;0.9999929179339692;0.9999708445768561;1.001072918812455;1.0008321940205502;1.0;0.9997706340295287;0.9996581202974267;0.9999833801042934;0.9989402857292978;0.9987350048884208;1.0;0.9999845270523394;0.9999769755453563;1.0026094386066233;0.999986976284082;1.0;0.9999843757448686;0.9999980125403862;1.024999976158142;
2016-07-13 22:45:00;1.0003444339906225;0.9999267320834755;0.9999835642681161;1.0006311305039843;1.0;1.000851526086851;1.0026264999792578;1.0005114105809647;0.999975595162113;1.0016904680964;1.0;1.0;1.0;1.0008165766251893;1.0;1.0001883641415472;1.000215739501182;0.9999999999999999;1.0020224376168096;0.9999838494931572;1.0;0.9999554029182227;1.0002084459777172;1.002446305667376;1.002699582699007;0.9999926042740472;0.9999664008492324;1.0010699650095827;1.0008313173517236;1.0;0.9997802614327842;0.9996731004805125;0.9999813207603973;0.9989872379914947;0.9987759115138383;0.9999999999999999;0.9999830124153525;0.9999734918679982;1.0026065022039656;0.999985489980454;1.0;0.999981147474667;0.9999980094275737;1.024999976158142;
2016-07-13 23:00:00;1.0003371034882844;0.9999234087495253;0.9999822475344956;1.0006183415950325;0.9999999999999999;1.0008350172774663;1.0025843093683338;1.0004996678963791;0.9999736462269591;1.0016616933503557;1.0;1.0;0.9999999999999999;1.0007999477517369;1.0;1.0001828334369227;1.0002095973147829;1.0;1.0019893231499306;0.9999825176108327;1.0;0.9999543197623834;1.0002024999138501;1.002406882878082;1.0026562286855052;0.9999919113231537;0.9999661814351835;1.001050136302151;1.000820043987703;1.0;0.9997892969910248;0.9996854918601618;0.9999798429460044;0.9990240938985047;0.9988273008965809;1.0;0.999982762586262;0.9999736231763493;1.0025643934220507;0.9999843433444902;1.0;0.9999796256054895;0.9999978544364719;1.024999976158142;
2016-07-13 23:15:00;1.0003371009948185;0.9999183432476051;0.9999801052612718;1.000618538310859;1.0;1.000834855257992;1.0025897710483307;1.0004994291573974;0.9999695303513867;1.0016642539135556;0.9999999999999999;1.0;1.0;1.0008000202989842;1.0;1.0001849337178033;1.0002117387453298;1.0;1.0019930618019672;0.9999801932560736;0.9999999999999999;0.9999501955594692;1.0002046438359262;1.0024121260598813;1.0026616695251247;0.9999915291694829;0.9999634259743868;1.0010507561042368;1.000823717862799;0.9999999999999999;0.9997900049075233;0.999685232151581;0.999977731740201;0.9990215830035256;0.998819279993471;1.0;0.9999840336941509;0.9999768950145517;1.002569665611955;0.9999827882511098;0.9999999999999999;0.9999766768594632;0.9999977914376919;1.024999976158142;
2016-07-13 23:30:00;1.0003341127681173;0.9999262395579105;0.9999812524961595;1.0006120280925699;1.0;1.0008258040743785;1.0025588420398046;1.0004935045406742;0.9999706017914092;1.001645944472911;1.0;1.0;1.0;1.0007919351602763;1.0;1.0001819474436409;1.0002084110444023;1.0;1.0019702492353781;0.9999808345637714;0.9999999999999999;0.9999533225057787;1.0002013982781972;1.0023832796350878;1.0026299441852007;0.9999916446590825;0.9999655543158273;1.0010394185903109;1.0008091292185601;1.0;0.9998099059361337;0.9997198286534189;0.9999794848870657;0.9991352614668271;0.9989356909736383;0.9999999999999999;0.999981919417022;0.9999723988800739;1.0025392701985467;0.9999842250059231;1.0;0.9999775160253275;0.9999981211312141;1.024999976158142;
2016-07-13 23:45:00;1.0003310855229581;0.9999386956607892;0.9999851484831689;1.0006057304177507;1.0;1.0008155103883654;1.0025001484964564;1.0004947981068462;0.9999770890762462;1.0016139237253634;1.0;1.0;1.0;1.0007844986270644;1.0;1.0001884998317858;1.0002151505240153;1.0;1.0019289743452535;0.9999852877681863;1.0;0.9999620919504986;1.0002080976781382;1.0023290958111002;1.0025692044735357;0.999994067943894;0.999972006362496;1.0010238506468885;1.000790104590644;0.9999999999999999;0.9998254924982674;0.9997441873699199;0.9999834005186437;0.9992122483074274;0.9990218899268596;1.0;0.9999822931874208;0.9999727726469142;1.0024815386807024;0.9999871809584084;1.0;0.9999825293729419;0.9999983748550799;1.024999976158142;
2016-07-14 00:00:00;1.0003282604294053;0.9999156530682946;0.9999803010630314;1.0006027938844961;0.9999999999999999;1.0008122041667198;1.00251122509976;1.0004902647395033;0.9999699609900461;1.0016144662045614;1.0;1.0;1.0;1.000779301481688;1.0;1.0001873542673465;1.0002137525753627;1.0;1.0019328100676164;0.9999809821905611;1.0;0.9999488040975621;1.000206750518536;1.0023395022797281;1.0025805626522042;0.9999928984060729;0.9999622023359259;1.0010212154648157;1.0007974562371114;1.0;0.9998389919457793;0.9997627939665488;0.9999775787319781;0.9992679217384424;0.999079395685553;1.0;0.9999831970922157;0.9999748516362214;1.0024916377467255;0.9999826296902623;1.0;0.9999771907168805;0.9999976994504258;1.024999976158142;
2016-07-14 00:15:00;1.0003226668328555;0.9999174360861527;0.999980072978098;1.0005922246276815;1.0;1.000797514328545;1.0024665952744802;1.000481562779012;0.9999689294233906;1.0015860027211083;1.0;0.9999999999999999;1.0;1.0007656610825644;1.0;1.0001852616938378;1.0002112133249292;1.0;1.0018986159716097;0.9999805040528196;0.9999999999999999;0.9999487082735463;1.000204330097261;1.002298047834215;1.0025346051763036;0.9999929934816811;0.9999621555316148;1.0010030329233808;1.0007826188619027;1.0;0.9998534792298106;0.9997858345291437;0.9999776115195113;0.9993413677566684;0.9991790423379914;1.0;0.999982073266079;0.9999725527276663;1.0024473899494457;0.9999827214517499;1.0;0.9999765346129781;0.9999978293531844;1.024999976158142;
2016-07-14 00:30:00;1.0003194582946722;0.9999374025979978;0.9999842576672432;1.0005844244805933;1.0;1.000787030010973;1.002421236805894;1.0004752461878113;0.9999751113105088;1.001561333801625;1.0;1.0;0.9999999999999999;1.0007566242635524;1.0;1.0001798687647019;1.000205430954254;1.0;1.0018668386269682;0.9999840542089153;1.0;0.9999599317466137;1.000198653556787;1.0022555514662996;1.0024881917693913;0.9999935760544174;0.9999702824595599;1.0009890256246434;1.00076725856617;1.0;0.9998588123047358;0.9997945567239082;0.9999827358655735;0.9993692997697528;0.9992152692598946;1.0;0.9999832209493764;0.9999740815352746;1.0024030828076367;0.9999867332413035;1.0;0.9999810878527906;0.9999984348742644;1.024999976158142;
2016-07-14 00:45:00;1.000310908773215;0.9999427829611507;0.9999850411136059;1.0005679931538127;1.0;1.0007645940647196;1.0023522401113323;1.000460962712525;0.9999755601951522;1.001517315577181;0.9999999999999999;1.0;1.0;1.0007354627456018;1.0;1.0001739452332636;1.0001987038322815;0.9999999999999999;1.0018136691977189;0.9999843913258054;1.0;0.9999612689988729;1.0001921166632892;1.0021912997371647;1.002417347412568;0.9999937162525666;0.9999709109735614;1.0009610457038962;1.000744882985919;1.0;0.999879201624928;0.9998264949429967;0.9999840184994476;0.9994703354847351;0.9993413698665309;1.0;0.9999836963995531;0.9999753509393916;1.0023347607342084;0.9999878065617795;1.0;0.9999815145011145;0.9999987183361132;1.024999976158142;
2016-07-14 01:00:00;1.000308734045002;0.9999629303261763;0.9999902792033529;1.0005619960035672;0.9999999999999999;1.0007546823520284;1.0022938496453027;1.000460607410511;0.9999833968459755;1.0014863854472003;1.0;1.0;1.0;1.0007285932643903;1.0;1.0001771686848577;1.000201936294244;1.0;1.001772801846627;0.9999895368120216;1.0;0.9999723108137598;1.0001953204037228;1.002137237546166;1.0023571591856573;0.9999960175116153;0.9999784360182699;1.0009460889207307;1.0007249248349153;1.0;0.9998883601318422;0.999841492450185;0.9999899867620995;0.999518658742919;0.9994107873794035;0.9999999999999999;0.9999827924936522;0.9999732719483918;1.0022776387355958;0.9999924394061666;1.0;0.9999875344185671;0.9999993481356522;1.024999976158142;
2016-07-14 01:15:00;1.0003026847393302;0.9999737553541754;0.9999917331491988;1.00055043285176;1.0;1.0007399765646543;1.0022467396466685;1.000450804984865;0.9999857313919852;1.0014582194199282;1.0;1.0;1.0;1.000714617584551;1.0;1.0001709509818124;1.0001952288624465;0.9999999999999999;1.0017389554316625;0.9999906511664688;1.0;0.9999803921013543;1.0001888131828547;1.0020930343095766;1.0023087997749083;0.9999956915643322;0.9999853797879275;1.000927890713541;1.0007081424283761;1.0;0.9998919405881473;0.9998481407533533;0.9999917760060638;0.9995409991778602;0.9994365287115969;1.0;0.9999818403079109;0.9999719069498032;1.0022311411023366;0.9999938301707529;0.9999999999999999;0.9999891612128142;0.9999995404027966;1.024999976158142;
2016-07-14 01:30:00;1.000301984231255;0.9999653780307571;0.9999900917469036;1.000550055682117;1.0;1.000740032748704;1.0022555360212706;1.0004493859279726;0.9999835376640813;1.0014612857286478;1.0;1.0;0.9999999999999999;1.0007136663574328;1.0;1.0001696104532922;1.0001937948403483;1.0;1.0017439378551283;0.9999892317274126;1.0;0.999975989448081;1.0001874009645413;1.0021011669734194;1.0023178977740153;0.999995116050485;0.999982168940152;1.0009285616778052;1.0007133030297597;1.0;0.9998958236443276;0.9998525944799455;0.9999897261613071;0.9995530261615168;0.9994471897580693;1.0;0.9999837400486558;0.9999753945881299;1.0022395313359418;0.9999922082183778;1.0;0.9999874689143023;0.9999992653898612;1.024999976158142;
2016-07-14 01:45:00;1.0002959645866898;0.9999702833891128;0.9999924992618862;1.0005392800747421;0.9999999999999999;1.000724648149994;1.0021913387770118;1.000445467750627;0.9999882618985085;1.0014228951562738;1.0;1.0;0.9999999999999999;1.0007000363181213;1.0;1.0001723063565437;1.0001963735855852;1.0;1.0016966223321913;0.9999924119788451;1.0;0.9999814000311807;1.000190028229032;1.0020416910753527;1.0022516129395136;0.9999967939503186;0.9999863412179835;1.000907337021748;1.0006926069178204;0.9999999999999999;0.999917484001954;0.9998865194170207;0.9999917291668238;0.9996606257559963;0.9996020465807824;1.0;0.9999818642164662;0.9999711369036209;1.0021759714907663;0.9999936334897881;1.0;0.9999910487700475;0.9999992296575222;1.024999976158142;
2016-07-14 02:00:00;1.0002959287767934;0.999968923664353;0.9999926552327593;1.000538797164014;1.0;1.0007241363265447;1.002194988348305;1.0004425657475544;0.9999881877928247;1.001423391966243;1.0;1.0;1.0;1.0006988491299968;0.9999999999999999;1.0001684073490433;1.000192186324091;0.9999999999999999;1.0016972497874612;0.999992273099684;1.0;0.9999783050878671;1.000185846172869;1.002044994214484;1.0022556600192845;0.999996532369449;0.9999829976014719;1.0009069691430994;1.0006910820772759;1.0;0.9999246869895876;0.9998999000833108;0.9999921560290665;0.9997056564998763;0.999655543075015;1.0;0.999983318578068;0.9999745919842479;1.002179556390907;0.9999940037149866;1.0;0.9999909771770029;0.9999993489119938;1.024999976158142;
2016-07-14 02:15:00;1.000297707436857;0.9999812387328106;0.9999953629125891;1.0005410946190456;1.0;1.0007275685748551;1.0021964780342085;1.0004449138870102;0.9999926018023755;1.0014274350272332;1.0;1.0;0.9999999999999999;1.0007026692285586;1.0;1.000167062457986;1.0001909542059106;0.9999999999999999;1.001700806333386;0.9999947376106829;1.0;0.9999864287900645;1.0001846062151596;1.0020461506947829;1.0022573145896136;0.9999968119004463;0.9999891858886859;1.0009106306414324;1.000679845301282;1.0;0.999916305010374;0.9998951785502344;0.9999952686135647;0.99970121890862;0.999653083803094;1.0;0.9999829277723883;0.99997340722584;1.002181462780478;0.9999963997852809;1.0;0.9999941778027241;0.999999639138633;1.024999976158142;
2016-07-14 02:30:00;1.000297591959219;0.9999805549009876;0.9999942409828498;1.000540633302792;1.0;1.0007264085398095;1.0021949918306905;1.00044438159003;0.9999899987857207;1.0014266268130416;1.0;1.0;1.0;1.0007020984284007;1.0;1.0001686842454545;1.0001925892039294;1.0;1.0016998822453897;0.9999933231105206;1.0;0.9999846610702094;1.0001862461122772;1.0020449032981324;1.0022556483410388;0.9999966658697065;0.9999880470965047;1.0009096874592656;1.000679789841216;1.0;0.9999155526359084;0.9998936306065841;0.9999943790798127;0.999695840238989;0.9996504324501979;1.0;0.9999822692780751;0.9999735426934118;1.0021800067786988;0.9999957979600729;1.0;0.9999923627943063;0.9999997143545585;1.024999976158142;
2016-07-14 02:45:00;1.000296672798049;0.9999765958228052;0.9999947254168483;1.0005397998199606;1.0;1.000724634354841;1.0021810905090587;1.0004472760161822;0.999991713877772;1.0014181191353684;1.0;1.0;1.0;1.0007007961655836;1.0;1.0001736489401751;1.0001977771664614;0.9999999999999999;1.0016893770133621;0.9999946561406997;1.0;0.9999843164682733;1.000191374716313;1.0020322728436217;1.002241102545469;0.9999977608107244;0.9999877890503703;1.0009061894025104;1.0006766537447527;1.0;0.9999175932315366;0.9998957831251039;0.999994195014389;0.9997013453083321;0.9996536893524928;1.0;0.9999824455506486;0.9999737189644471;1.002166072273305;0.9999955346133544;1.0;0.9999936879523119;0.9999994651774985;1.024999976158142;
2016-07-14 03:00:00;1.0002950090528313;0.9999693603614781;0.9999932064324407;1.000537433393069;0.9999999999999999;1.0007229339790737;1.002191427153883;1.0004413932546528;0.9999897030484367;1.0014208902762884;1.0;1.0;1.0;1.0006971862523653;1.0;1.000166348349801;1.0001900504943697;1.0;1.001694530537352;0.9999930187967943;1.0;0.9999800438266963;1.0001837432262943;1.0020415234514415;1.0022520899906442;0.9999964338683139;0.9999844489068574;1.0009053176080587;1.0006837907929251;1.0;0.9999227957424346;0.999901343794542;0.9999924969049501;0.9997157307949104;0.9996742781030207;1.0;0.9999827685853665;0.9999740419963458;1.0021759741159815;0.9999942028761376;1.0;0.9999919984767469;0.9999992600515328;1.024999976158142;
2016-07-14 03:15:00;1.0002907754865584;0.9999710783844695;0.9999936021692724;1.0005296610685317;1.0;1.0007126620620894;1.0021600422344168;1.0004348401402756;0.9999904072152609;1.0014007178169486;1.0;1.0;1.0;1.0006871980524525;1.0;1.0001631739118684;1.0001865163003374;1.0;1.001670440041444;0.9999933911310837;1.0;0.9999813278534756;1.0001803086732146;1.0020122326211314;1.0022198726454852;0.9999964312342478;0.999985452429394;1.0008924408464448;1.0006834511889273;1.0;0.9999322520384758;0.9999090835135495;0.9999929306270985;0.9997313965634131;0.9996988607521581;0.9999999999999999;0.99998282480523;0.9999736853947487;1.0021448377250968;0.9999945310889778;1.0;0.9999924981911704;0.9999992896743106;1.024999976158142;
2016-07-14 03:30:00;1.000291406850564;0.9999760046485598;0.9999948343893773;1.0005304070864645;0.9999999999999999;1.0007129141328532;1.0021510871465664;1.0004377048480761;0.9999922769431271;1.0013972797496469;1.0;1.0;1.0;1.0006884843027197;0.9999999999999999;1.0001666844534727;1.0001902320341258;1.0;1.0016651865127681;0.9999947255775639;0.9999999999999999;0.999984446943361;1.0001839774278494;1.00200407452715;1.0022104971157455;0.9999972422223327;0.9999878063881917;1.0008919039791853;1.0006809351818324;1.0;0.9999367423152415;0.9999158781027218;0.9999942569009446;0.9997526385726696;0.999713028669609;1.0;0.9999825316285162;0.9999730110857395;1.0021361745495478;0.9999955525307533;1.0;0.9999939733923611;0.9999994142613713;1.024999976158142;
2016-07-14 03:45:00;1.000292620996867;0.9999837089391228;0.9999959923606297;1.0005319379161062;1.0;1.000714413876709;1.002146939938098;1.0004406794510323;0.9999937316531823;1.0013975664288084;1.0;1.0;1.0;1.000691113654729;1.0;1.0001695849625722;1.0001933588295788;1.0;1.0016643953022695;0.9999957224350412;1.0;0.9999891157053162;1.0001870743753523;1.0020002962308414;1.0022060733682523;0.9999977434050982;0.9999916339184968;1.0008932990716712;1.000679878508595;1.0;0.9999310428625311;0.9999066504703958;0.9999957221529391;0.9997230317670311;0.9996776978931408;1.0;0.9999829093980697;0.9999737699868153;1.00213237981136;0.9999967187805132;1.0;0.9999951282691989;0.9999996239304386;1.024999976158142;
2016-07-14 04:00:00;1.0002938408779158;0.9999810770154246;0.9999956986262033;1.00053450035359;0.9999999999999999;1.0007187355403862;1.0021661026860762;1.0004410617979955;0.9999937020987523;1.0014083472116264;1.0;1.0;1.0;1.0006942442254374;1.0;1.0001667543190942;1.0001904888933548;0.9999999999999999;1.0016780422293827;0.9999954454510462;1.0;0.9999880743452902;1.0001842082218844;1.002017913415782;1.0022259775320346;0.999997152009457;0.9999907810607472;1.0008991203266355;1.0006866738833802;1.0;0.9999291040277482;0.999903297948615;0.9999952864666187;0.9997120731679152;0.9996671300870822;1.0;0.9999820971234279;0.9999717826285193;1.0021512607204022;0.9999963473337576;0.9999999999999999;0.999994975939117;0.9999995145470822;1.024999976158142;
2016-07-14 04:15:00;1.0002967735699646;0.9999714093266151;0.9999949206994272;1.0005405566390626;1.0;1.0007266501599428;1.002193442890192;1.0004459181789342;0.9999929374134636;1.0014233259261178;1.0;1.0;1.0;1.0007011549598481;1.0;1.0001691420576213;1.0001930708586055;1.0;1.0016963971749702;0.9999951135432307;1.0;0.99998173058981;1.00018667283271;1.0020435409617245;1.0022541409692083;0.9999973786616813;0.9999851687758434;1.0009087370317054;1.0006943158497181;1.0;0.999922522815882;0.999893890522705;0.9999940561029246;0.9996834427516295;0.9996365533674205;0.9999999999999999;0.9999821518584892;0.9999722184972868;1.002178086571863;0.9999953396408826;0.9999999999999999;0.9999944235617254;0.9999992843546849;1.024999976158142;
2016-07-14 04:30:00;1.0002944127802091;0.999973423574806;0.9999937914143887;1.0005360169285802;1.0;1.0007204668721543;1.002177513460917;1.0004418418793513;0.999990389342099;1.0014138491941285;1.0;1.0;1.0;1.0006957051698546;1.0;1.0001686163185655;1.0001924034296814;1.0;1.0016853761339575;0.9999935885428641;0.9999999999999999;0.9999825883469204;1.0001860942274436;1.0020286973986727;1.0022376188878985;0.9999969040839484;0.9999866022247067;1.0009018188511114;1.0006858778727707;1.0;0.9999270534341931;0.9999032322856148;0.9999932103465349;0.9997157203191553;0.9996662805036276;0.9999999999999999;0.9999839293080328;0.9999759966684484;1.002162342694352;0.9999947717721804;1.0;0.9999925864693793;0.9999993641184738;1.024999976158142;
2016-07-14 04:45:00;1.0002944440738153;0.9999735257509383;0.9999939834960571;1.000536191440681;1.0;1.0007209145160734;1.002178822890657;1.0004420083510774;0.9999909254848672;1.0014146335780467;1.0;1.0;1.0;1.000695966408885;1.0;1.000168163174507;1.000191955749695;0.9999999999999999;1.0016864056925103;0.9999938568486247;1.0;0.999983197174132;1.0001856499429764;1.0020298673533734;1.0022389913385739;0.9999968788792566;0.9999871166395291;1.0009023147668916;1.0006877058543229;1.0;0.9999255837454935;0.9998999607077534;0.9999933192004284;0.9997041989827634;0.9996555399186878;0.9999999999999999;0.9999832947216876;0.9999753620871369;1.0021636239464804;0.9999948323359636;1.0;0.9999929503231025;0.9999993299572978;1.024999976158142;
2016-07-14 05:00:00;1.0002951437131178;0.9999697956958473;0.9999938665526146;1.000538092185965;0.9999999999999999;1.0007230856605467;1.0021815481890344;1.0004456696327537;0.9999912857883803;1.0014164207196683;1.0;0.9999999999999999;1.0;1.0006982628198096;1.0;1.0001721259779786;1.0001961653698292;1.0;1.0016885224255032;0.9999942609892223;1.0;0.999982214378437;1.0001897982066656;1.002032608140389;1.0022416131252285;0.9999974370120746;0.9999864658956378;1.0009044010291175;1.0006920124551633;1.0;0.9999271550371479;0.9999000887532206;0.999992752647071;0.9997018546283248;0.9996619625278934;0.9999999999999999;0.9999820110462927;0.9999724905084723;1.002166204626082;0.9999943247216263;1.0;0.9999932534574258;0.9999991407948648;1.024999976158142;
2016-07-14 05:15:00;1.0002959988663003;0.9999773787511199;0.9999957018020607;1.000538812553817;1.0;1.0007242885614211;1.002181451225393;1.0004455057544883;0.9999940812659537;1.0014176259434946;0.9999999999999999;0.9999999999999999;1.0;1.0006995209566163;1.0;1.0001695052325714;1.0001934698034491;1.0;1.001689092288774;0.9999957886731388;1.0;0.9999861112757594;1.0001871041696946;1.002032333968806;1.0022417204922223;0.9999975222533926;0.9999889813652562;1.0009056150042959;1.0006913226513574;1.0;0.9999325451153599;0.9999091820537799;0.9999949974571039;0.9997315392084377;0.9996949277914847;1.0;0.999983373314795;0.9999750278573298;1.002166384054011;0.999996076455439;1.0;0.9999952786341904;0.9999993952907058;1.024999976158142;
2016-07-14 05:30:00;1.0002965923539564;0.9999778255385836;0.9999952119543412;1.0005396728332667;0.9999999999999999;1.0007253923192816;1.0021870388110774;1.0004455524211644;0.9999928669620097;1.0014212242927814;1.0;1.0;0.9999999999999999;1.0007007036010593;1.0;1.0001694734387663;1.0001934454355919;1.0;1.0016934807977207;0.9999950521024864;1.0;0.9999856188330114;1.0001870827906196;1.0020375242354624;1.0022474581860858;0.999997265733962;0.9999887054160335;1.0009074061291625;1.0006924378625552;0.9999999999999999;0.9999361713115222;0.9999154697824881;0.9999946980841261;0.9997522603677051;0.9997101930101233;1.0;0.9999821518584893;0.9999722184972869;1.0021719606152137;0.9999958949049393;1.0;0.9999944049199241;0.9999994606428335;1.024999976158142;
2016-07-14 05:45:00;1.000295971013631;0.9999794367825061;0.9999956634157026;1.000538491012177;1.0;1.0007230528566178;1.0021727983242155;1.000446834036917;0.9999935517761063;1.0014135653769551;1.0;1.0;0.9999999999999999;1.0006993257867784;1.0;1.0001730133143225;1.0001971211393705;1.0;1.0016836461736243;0.9999957089133451;0.9999999999999999;0.999986940756668;1.0001907340508844;1.002024493004603;1.0022325981789078;0.9999979680391449;0.9999898348440667;1.0009038248423194;1.0006894300581717;1.0;0.9999326734155843;0.9999086741229865;0.9999950846587933;0.9997290454432384;0.9996868592561474;0.9999999999999999;0.999980506237922;0.9999713668486313;1.0021579157644767;0.9999961839418484;1.0;0.999995010054329;0.9999994803759809;1.024999976158142;
2016-07-14 06:00:00;1.000319098607849;0.9999836364102874;0.9999967417849698;1.0005798106158406;1.0;1.0007785259772746;1.002337179127613;1.0004804129468874;0.9999950158089244;1.0015211517312599;1.0;1.0;1.0;1.000753143709336;1.0;1.0001843063091065;1.0002101628748428;1.0;1.001811064157162;0.9999964950331903;1.0;0.9999882477784515;1.0002032843058941;1.0021776296541591;1.002401634548655;0.9999979636328034;0.9999902731324677;1.000972948701403;1.000742568249513;1.0;0.9999034073187557;0.9998637059421879;0.9999965144086532;0.9995886638737554;0.9995435618975558;1.0;0.9998983434157721;0.9998884108870842;1.0023213365904167;0.9999973185905644;1.0;0.9999960783812967;0.9999996757494832;1.024999976158142;
2016-07-14 06:15:00;1.0003326756205855;0.9999753558921125;0.9999947909217042;1.0006055351589116;1.0;1.0008143921475319;1.002457308367514;1.0004995830843004;0.9999925909916562;1.0015963106123276;0.9999999999999999;0.9999999999999999;0.9999999999999999;1.0007862916994787;1.0;1.0001888207572498;1.00021569050413;1.0;1.0019024862059225;0.9999946764417046;1.0;0.9999848091689932;1.0002085692955989;1.00228932167232;1.0025252038153138;0.9999967562481691;0.9999881757180225;1.0010188230427344;1.0007787743951049;1.0;0.9998890456834112;0.9998437889639478;0.9999941294100699;0.9995296064652575;0.9994881030831556;1.0;0.9998465710192372;0.9998382267034688;1.0024402432697765;0.9999954235673588;0.9999999999999999;0.9999940872664752;0.9999993362848926;1.024999976158142;
2016-07-14 06:30:00;1.0003210254535202;0.9999712204530434;0.999994359511383;1.0005846460805288;1.0;1.0007856265231598;1.002369450654101;1.0004833578466856;0.9999918641882779;1.0015385720055898;1.0;1.0;1.0;1.0007587155487072;1.0;1.0001851356469376;1.0002111441463364;1.0;1.0018336174938614;0.9999945150305035;1.0;0.9999818310429025;1.0002042240185613;1.0022077229149153;1.0024347941626637;0.9999972935591033;0.9999856322503202;1.0009825229355873;1.0007514284694357;1.0;0.9999096572127562;0.9998747855975658;0.9999934938112767;0.9996253897902888;0.9995864895382155;1.0;0.9998605915357678;0.9998506593820896;1.002352870642377;0.9999949239387301;1.0;0.9999936590291011;0.9999992593324912;1.024999976158142;
2016-07-14 06:45:00;1.0003333717372203;0.9999775523290811;0.9999950533856198;1.000606197815911;1.0;1.0008136594936343;1.0024465154225242;1.0005025241672851;0.9999921499505496;1.0015912224458325;1.0;1.0;1.0;1.0007871788184985;1.0;1.0001948095065536;1.0002219014166551;1.0;1.0018951228290152;0.9999948858279301;1.0;0.9999843320561779;1.0002147028657995;1.0022797323473696;1.002513798371395;0.9999977496237099;0.9999875332376951;1.0010172395507206;1.0007742889303899;1.0;0.9998987550938561;0.9998596172624802;0.9999946411881777;0.9995803499769115;0.9995190652467336;0.9999999999999999;0.999824380141198;0.9998116860879711;1.0024297035029532;0.9999958897090916;0.9999999999999999;0.9999940041520544;0.9999995195884172;1.024999976158142;
2016-07-14 07:00:00;1.0003337054812182;0.9999759850767462;0.999995026194986;1.000607404944083;1.0;1.0008160154023733;1.0024551053784305;1.0005036153118263;0.9999928595759802;1.0015963608204814;0.9999999999999999;1.0;1.0;1.000788860034823;1.0;1.0001940097651496;1.0002211708206121;1.0;1.0019018528031196;0.999995135336856;1.0;0.9999853671931431;1.0002139809649129;1.002287479907965;1.0025227137689476;0.9999975020760925;0.9999887030488751;1.0010202042750493;1.0007330093745328;1.0;0.9998643111322015;0.9998366470563727;0.9999942711869408;0.9995459827073793;0.9994762942987279;1.0;0.9998637649451914;0.9998274544106062;1.0024381591196518;0.9999955289876291;1.0;0.9999944128802086;0.9999993457367387;1.024999976158142;
2016-07-14 07:15:00;1.0003593296850513;0.9999708046646291;0.9999941465271536;1.0006545648636211;1.0;1.0008804705067655;1.0026574533699013;1.0005407476415398;0.9999920555227141;1.0017256652725253;1.0;1.0;1.0;1.000849938621845;1.0;1.0002049871035177;1.0002340921361763;1.0;1.0020570664755142;0.9999943023346188;0.9999999999999999;0.9999830778227506;1.0002263876193802;1.002475723525949;1.0027308653079028;0.9999965814273432;0.9999870002373592;1.0011013822027035;1.00074576145103;1.0;0.9998303998725984;0.999822300122916;0.9999931387065568;0.999550836004605;0.9994879487495133;1.0;0.9997587881537487;0.9996404083685763;1.0026388815550538;0.9999946078087003;1.0;0.9999936370586548;0.9999991418875624;1.024999976158142;
2016-07-14 07:30:00;1.000357067355388;0.9999679663422858;0.9999932487204227;1.0006505815393738;1.0;1.0008743418383144;1.0026377424014552;1.000538596989404;0.9999902709312359;1.0017130228770055;1.0;1.0;0.9999999999999999;1.0008445881152872;1.0;1.0002073131637526;1.0002363589432062;1.0;1.0020419161416294;0.999993492760995;1.0;0.999980816430049;1.0002286712818433;1.0024575860933158;1.0027104079500175;0.9999968905785119;0.9999853940885194;1.0010936682476212;1.0007383402150598;1.0;0.9998409173682424;0.9998395873702952;0.9999921764050004;0.9996065971219402;0.9995452494346034;0.9999999999999999;0.9997516873720277;0.9995926770446993;1.0026192732316548;0.9999938925509658;0.9999999999999999;0.9999924377875766;0.9999991029875368;1.024999976158142;
2016-07-14 07:45:00;1.0003704569746192;0.9998788209454688;0.9999785425331258;1.0006854340228897;1.0;1.0009262124657308;1.002862758900615;1.0005622184472918;0.9999735940567833;1.0018341706633416;1.0;0.9999999999999999;1.0;1.0008846691066955;1.0;1.0002128499369902;1.0002430836092047;1.0;1.0021988260565138;0.9999826781976352;1.0;0.999938557229486;1.0002350612457704;1.00266692931461;1.0029419059214497;0.9999929053451462;0.9999546434099397;1.0011618442472985;1.0008008026947655;1.0;0.9998175514115344;0.9998111376411521;0.9999721454764717;0.9995276389096641;0.9994595225661207;1.0;0.9997524398109959;0.999602702035455;1.0028391343044207;0.9999777451268613;1.0;0.9999792570619574;0.9999958466525037;1.024999976158142;
2016-07-14 08:00:00;1.0003715807021747;0.9999232758742569;0.9999851827254292;1.0006821296965285;1.0;1.0009231000291399;1.0028465735082064;1.000552387210548;0.9999812361262647;1.0018310987172474;1.0;1.0;1.0;1.0008829225903448;0.9999999999999999;1.0001957635783576;1.0002252362699533;1.0;1.002191617375235;0.9999863739922343;1.0;0.9999594633828305;1.0002174174457652;1.0026507124870832;1.0029261955066855;0.9999917097069998;0.9999697347173697;1.0011590016787477;1.0007900392536155;1.0;0.9998063880317374;0.9997977341635158;0.9999818765786412;0.9994906950050528;0.9994232108634927;0.9999999999999999;0.9997639584494592;0.9996154671579097;1.0028246673028616;0.9999856187110177;1.0;0.9999847916196695;0.9999974848140601;1.024999976158142;
2016-07-14 08:15:00;1.0003957220590345;0.9999692289361404;0.9999938220545637;1.0007207282402253;1.0;1.000969154072618;1.0029233914318976;1.0005960661593767;0.9999915276544094;1.0018986645396686;1.0;1.0;1.0;1.000935938949714;1.0;1.0002270103505864;1.0002591095603652;1.0;1.0022630610966363;0.9999939909090196;1.0;0.9999819343562305;1.000250611324603;1.0027235276359032;1.0030040953953634;0.999996513439854;0.999986075698184;1.0012121385663773;1.0008004119682892;1.0;0.9997899411978998;0.9997827285023619;0.9999927834729407;0.999459021481399;0.9993671721443135;1.0;0.9996634129333988;0.9994992525740176;1.0029029933451072;0.9999943353653964;1.0;0.9999932446399635;0.9999991038276397;1.024999976158142;
2016-07-14 08:30:00;1.000415207622973;0.9999690940699312;0.9999944898024548;1.000756232201059;1.0;1.0010152738247424;1.0030488658615908;1.0006300233668488;0.9999926720146203;1.001982445047878;1.0;1.0;1.0;1.000982139901424;1.0;1.0002462342430187;1.0002802695615738;1.0;1.0023615732843338;0.99999518471161;1.0;0.9999822326582504;1.0002712565272072;1.002840953567012;1.0031326082747067;0.9999979241586653;0.9999862000891853;1.0012683485997969;1.0008380300205248;1.0;0.9997628979355799;0.999742582321103;0.9999931857094105;0.9993364344841275;0.9992052226162843;1.0;0.9996378735272519;0.9994843876939765;1.0030276871539796;0.999994609399097;1.0;0.9999942885709032;0.9999990667394512;1.024999976158142;
2016-07-14 08:45:00;1.0004129783365177;0.9999709368723692;0.9999942113299537;1.000751742649884;1.0;1.001009895267101;1.0030394710824124;1.0006235511202095;0.9999917882763801;1.0019755452591612;1.0;1.0;1.0;1.0009763540849834;1.0;1.0002404029515617;1.0002740241589871;1.0;1.002353761979014;0.9999943951619396;1.0;0.999982195603028;1.0002651150829611;1.0028319100074958;1.003123201015138;0.9999971178297796;0.9999860951886445;1.0012624941778046;1.0008300666865768;1.0;0.999772844802826;0.9997622549146522;0.9999932846894223;0.9994044123548428;0.9993015992680012;0.9999999999999999;0.9996492021733396;0.9994879561751101;1.0030184121432024;0.9999947484607732;1.0;0.9999935621878155;0.9999991985922104;1.024999976158142;
2016-07-14 09:00:00;1.0004214216929606;0.9999622874679641;0.9999909026268714;1.0007676525137696;1.0;1.0010317910079796;1.0031205506816678;1.0006340873211599;0.9999859791058525;1.0020254179355084;1.0;1.0;1.0;1.0009967362341419;1.0;1.0002438134407958;1.0002780207067439;1.0;1.00241502670975;0.9999907548553423;1.0;0.9999762213480599;1.0002689816099137;1.0029072771831635;1.0032065489471138;0.9999957561687127;0.9999821792121311;1.0012916055350436;1.0008553913513882;1.0;0.9997709324300708;0.9997608048004547;0.9999899455291951;0.9994040871841713;0.9992981581167004;1.0;0.9996607306819452;0.9994955892546005;1.003098632827652;0.9999922448454063;1.0;0.9999892241330719;0.9999990170385263;1.024999976158142;
2016-07-14 09:15:00;1.0004164788568948;0.9999656342990335;0.9999923679878308;1.0007588003460781;1.0;1.001018955847463;1.003068116252412;1.0006309540097607;0.9999887928206933;1.0019940541820018;1.0;1.0;1.0;1.0009855472536233;1.0;1.0002469468001638;1.000281085744084;1.0;1.0023764562565571;0.9999927894370164;1.0;0.9999799278867808;1.0002720858705483;1.002858802643765;1.0031523181533968;0.9999970878706672;0.9999851820098785;1.0012741105941345;1.0008138067288528;1.0;0.9997516822537417;0.9997465435120511;0.9999911215642646;0.9993758914682382;0.9992530053724387;1.0;0.9996660494047588;0.9995268870548679;1.0030466857627887;0.9999930787147138;0.9999999999999999;0.9999914151390549;0.9999989879927551;1.024999976158142;
2016-07-14 09:30:00;1.000419142116136;0.9999585905728724;0.9999908959904127;1.0007641307256172;1.0;1.0010279133978897;1.0031130299001683;1.0006301720443138;0.9999868123033392;1.0020188146291609;1.0;1.0;1.0;1.0009918450700164;0.9999999999999999;1.000239773975191;1.0002737135503519;1.0;1.0024079180117438;0.9999910328478122;1.0;0.9999752688366099;1.000264735077165;1.00290008029762;1.0031990085721572;0.9999954397125659;0.9999813393540413;1.0012867999435067;1.0008390286323883;1.0;0.9997407404960379;0.9997217538689013;0.9999895910631301;0.9992881416542161;0.9991364150888453;1.0;0.999652977349061;0.9994809579881099;1.0030909668753543;0.9999918889096648;1.0;0.9999896934921204;0.9999988261497583;1.024999976158142;
2016-07-14 09:45:00;1.0004386027069536;0.9999651194634088;0.9999923201787377;1.0007987974645527;1.0;1.001074986884247;1.003253208144331;1.0006577831282495;0.9999890327716163;1.0021108560663863;1.0;1.0;1.0;1.001037284235313;0.9999999999999999;1.0002472723002382;1.0002826391147301;0.9999999999999999;1.0025170552575426;0.999992112874866;1.0;0.9999788349331081;1.0002732774162129;1.003030338733591;1.0033433128801506;0.9999951909258952;0.999983778352768;1.0013455929977815;1.0008931670296377;1.0;0.9996964455405888;0.9996451300013366;0.9999913840330283;0.9990376450041462;0.9987893956865181;1.0;0.9996615535363634;0.9994995120706281;1.003230438427077;0.9999932890284047;1.0;0.9999912458930295;0.999999031774416;1.024999976158142;
2016-07-14 10:00:00;1.000434080357694;0.9999627585266484;0.9999921637142539;1.0007910415404464;0.9999999999999999;1.0010653337394193;1.0032282541479083;1.0006504048776506;0.9999893485708318;1.0020933964378196;1.0;1.0;0.9999999999999999;1.0010270744482443;1.0;1.000242307668879;1.0002772433609137;1.0;1.0024969572786608;0.999992105367515;1.0;0.9999784978917489;1.0002679991147776;1.003006905926284;1.0033178115490975;0.9999948118402803;0.9999836005258247;1.0013337390936285;1.0008788240519633;1.0;0.999718407105296;0.9996851426178847;0.999990988983126;0.999172378829225;0.9989768591076438;1.0;0.9996252257587456;0.9994030729225037;1.0032055130717399;0.9999929309357654;1.0;0.9999913686412939;0.9999988934080435;1.024999976158142;
2016-07-14 10:15:00;1.000440543828235;0.9999643240599021;0.9999938664352034;1.000801890940775;0.9999999999999999;1.0010789480799376;1.0032629653127954;1.0006592353880357;0.9999916736146146;1.0021160323641576;1.0;1.0;1.0;1.0010405624258558;1.0;1.000245523340241;1.0002808033940207;0.9999999999999999;1.0025223965063592;0.9999937101843621;1.0;0.999976377263308;1.0002713568589838;1.0030394160013552;1.0033536746353138;0.9999956686784118;0.9999803060969497;1.001349773411022;1.000880003619443;0.9999999999999999;0.9997016687605784;0.9996659639827308;0.9999930205691955;0.9991203582488932;0.9989331043044828;0.9999999999999999;0.9996235016189716;0.999402807982367;1.0032401801779942;0.9999945289039024;1.0;0.9999932021688797;0.9999991474132042;1.024999976158142;
2016-07-14 10:30:00;1.000445321416447;0.9999644274042736;0.999992209319429;1.000810398308499;1.0;1.0010967428844202;1.003363814813621;1.0006500424401596;0.999989487817444;1.0021732409078787;1.0;1.0;1.0;1.0010516761192976;1.0;1.0002174127818002;1.0002517698121374;1.0;1.002595258302129;0.9999902687353339;1.0;0.999976050631157;1.0002425703926145;1.0031312705915778;1.003458999202699;0.9999902280166912;0.9999801392379505;1.001376851387627;1.0009261152558622;0.9999999999999999;0.9996884924823037;0.999636364480669;0.9999921497633131;0.9990166394468243;0.9988076138109994;1.0;0.999641944828059;0.9994263559079525;1.0033400059301807;0.9999939187195489;0.9999999999999999;0.999990717849976;0.9999991819603469;1.024999976158142;
2016-07-14 10:45:00;1.000452676555515;0.9999764165073008;0.9999942893704306;1.0008226946436882;1.0;1.0011067657068005;1.0033439738408563;1.0006764205889307;0.9999910914862365;1.0021720576023325;1.0;1.0;1.0;1.0010688688726057;1.0;1.0002523951416156;1.0002886927767;1.0;1.0025884358979085;0.9999932884140129;1.0;0.9999828359482318;1.0002790515149276;1.003114661228834;1.003436831585269;0.9999952767259337;0.9999861049013457;1.0013852152480451;1.000904517365668;1.0;0.9996338529312842;0.9995596628157251;0.9999942588304284;0.9987855369081815;0.9985652581610935;1.0;0.9996611022860888;0.9994531473442168;1.0033211015745371;0.9999956275969203;1.0;0.9999928324893171;0.9999995431711108;1.024999976158142;
2016-07-14 11:00:00;1.000438980152925;0.9999702491319571;0.9999940854158619;1.000798471260609;1.0;1.0010725865073524;1.003231582976779;1.0006605577582153;0.9999910472669549;1.0020994542159003;1.0;0.9999999999999999;1.0;1.0010368517591581;1.0;1.000253055217883;1.0002885858305637;1.0;1.0025012303746126;0.9999938837182024;1.0;0.9999794865098308;1.00027912109259;1.003010684085431;1.0033208695793852;0.999996788401985;0.9999832978701643;1.0013411660010676;1.0008724715815058;0.9999999999999999;0.9996941877915765;0.9996519746337874;0.9999934891413192;0.9990734280861008;0.9988868255504697;0.9999999999999999;0.9996725810239557;0.9995113521055377;1.0032092968490829;0.9999949703517784;1.0;0.9999930245628597;0.9999993444915128;1.024999976158142;
2016-07-14 11:15:00;1.0004463526789154;0.9999727106700695;0.9999945392797627;1.000811507596287;1.0;1.0010905886010877;1.0032887768648597;1.0006697433499987;0.9999916486479195;1.0021361732960183;0.9999999999999999;1.0;1.0;1.001053872964423;1.0;1.0002538953782438;1.0002898593859488;0.9999999999999999;1.0025450657539974;0.999994047404658;1.0;0.9999803592795491;1.0002802680058176;1.0030636922825371;1.003379874185189;0.9999963962878974;0.9999837248777563;1.001363972244458;1.0008881864831487;1.0;0.9996445846802332;0.9995752654343371;0.9999941848778658;0.9988325764111735;0.9986154037592759;1.0;0.9996718800146267;0.9994862805797936;1.0032661722892002;0.9999955300795131;1.0;0.9999934052299426;0.9999994580109286;1.024999976158142;
2016-07-14 11:30:00;1.0004495341348187;0.9999736282629935;0.9999946303540385;1.0008174440712627;1.0;1.0010985161167965;1.0033102606776614;1.0006757484054882;0.9999919645449751;1.0021508755246116;1.0;1.0;1.0;1.0010618350155105;1.0;1.0002572532493232;1.0002935905275498;1.0;1.0025625340826194;0.9999942693924038;1.0;0.9999818538036651;1.0002839273234772;1.0030837562024364;1.0034018321364861;0.9999965409034363;0.9999852166574874;1.0013737079425342;1.0008858496389876;1.0;0.9996332140229381;0.999564057491847;0.9999941733342895;0.9988060348836574;0.99859933236913;1.0;0.9996657006666573;0.9994869584867095;1.0032875168345898;0.9999955002539695;1.0;0.9999936397103709;0.9999994153357923;1.024999976158142;
2016-07-14 11:45:00;1.0004533168317324;0.99995477929354;0.9999921306453031;1.0008260364041486;1.0;1.0011112017843462;1.0033647378253965;1.0006797435094827;0.9999892224356729;1.0021800343052432;1.0;1.0;1.0;1.0010713921126089;1.0;1.0002553805988088;1.0002917913660478;1.0;1.0025995857121277;0.999992362619929;1.0;0.9999710243272404;1.000282037840522;1.0031343791161136;1.0034581418323065;0.9999955944197535;0.9999763029665472;1.0013902426607708;1.0009183307582972;1.0;0.9996398736305022;0.9995642076768895;0.9999907970182932;0.9987930831358812;0.9985657831142012;1.0;0.9996962005354998;0.9995780024531176;1.0033409097882564;0.9999927741595078;1.0;0.9999914086242954;0.9999988557953363;1.024999976158142;
2016-07-14 12:00:00;1.0004441488852647;0.9999611884141002;0.9999921427117257;1.0008090741078686;0.9999999999999999;1.001088047225594;1.0032899698995754;1.000667556539773;0.9999887491118734;1.002134268167197;1.0;1.0;1.0;1.0010502371405297;1.0;1.0002534417599256;1.0002893369714867;1.0;1.002544662910561;0.9999922034198301;1.0;0.9999758456120967;1.0002798001116628;1.00306484038442;1.0033809841214623;0.9999957594330334;0.9999810549598136;1.0013614016589936;1.0009046158368353;1.0;0.9996638575911917;0.9995942986231114;0.9999910073528749;0.9988781580606252;0.9986488938352469;1.0;0.9997141163134635;0.9996168311773984;1.003266857289285;0.999992984413204;1.0;0.9999911459820575;0.9999989678868795;1.024999976158142;
2016-07-14 12:15:00;1.0004467204532648;0.9999529891654944;0.9999895450454723;1.0008143028086858;0.9999999999999999;1.0010954051260146;1.0033239303273753;1.0006698644696637;0.9999843029245779;1.0021537500355349;1.0;0.9999999999999999;1.0;1.0010565990629041;1.0;1.000253965613758;1.000289985792999;1.0;1.0025693262722324;0.9999894502198861;1.0;0.9999702476996152;1.0002804217765577;1.0030964167879903;1.0034159034229841;0.9999948107752442;0.99997711879869;1.0013718314494562;1.000913063852387;1.0;0.9996599246449277;0.9995899134863491;0.9999883031139097;0.9988667211070319;0.9986273955276415;1.0;0.9997100863184595;0.9996048115709892;1.003300292003245;0.9999909404748761;1.0;0.9999878297850455;0.9999987881214618;1.024999976158142;
2016-07-14 12:30:00;1.0004403784162015;0.9999471404089157;0.9999894227380244;1.0008033558610707;1.0;1.0010800154502497;1.0032737136120335;1.0006625327260492;0.9999845945653013;1.002120507606324;0.9999999999999999;1.0;1.0;1.0010417415505646;1.0;1.0002538082302388;1.0002894374419171;1.0;1.0025295117831943;0.999989896560932;1.0;0.9999669962841089;1.0002799402317508;1.0030499152637247;1.003364180745445;0.9999955691662291;0.9999742103365583;1.0013517835588108;1.0008976373375609;1.0;0.9996755997277532;0.9996139484366677;0.9999877395921115;0.9989410135831167;0.9987135631791426;1.0;0.9997319645216908;0.9996327287611181;1.0032502750637358;0.9999904377430797;1.0;0.9999881129201436;0.9999986065447558;1.024999976158142;
2016-07-14 12:45:00;1.0004494894468923;0.99972931971506;0.9999530028366698;1.0008463259633387;1.0;1.001149336693745;1.003643411872249;1.000689800456954;0.9999432545360685;1.0023015024026496;1.0;1.0;0.9999999999999999;1.0010855789458766;1.0;1.0002617969912546;1.0002988973526614;1.0;1.0027758592311746;0.999963468948311;1.0;0.9998665094691286;1.0002890482249174;1.003393930948908;1.0037442183189884;0.9999866299066149;0.9999024841327668;1.0014461033655602;1.0010062388083587;0.9999999999999999;0.9996161790636053;0.9995291948210944;0.9999378093455072;0.9986842326249991;0.9984303465548643;1.0;0.9997326243059886;0.9996230264125687;1.0036085695736578;0.9999501840342384;0.9999999999999999;0.9999556242046044;0.9999904874600855;1.024999976158142;
2016-07-14 13:00:00;1.000446716013829;0.9998944125882122;0.9999792193307596;1.000821220324875;1.0;1.0011069795000855;1.0033978816164304;1.0006745335277851;0.9999718849354575;1.0021872998988064;1.0;1.0;1.0;1.0010623177495916;1.0;1.0002580766077929;1.0002944132470817;0.9999999999999999;1.0026170157898477;0.9999817975781408;1.0;0.9999425895522952;1.0002847854347;1.003165380323338;1.0034917378551;0.9999927314577474;0.9999575317638223;1.0013882176703615;1.000928874047867;1.0;0.9996464420609673;0.9995744530819365;0.9999744482474018;0.9988239628395066;0.9985831398171324;0.9999999999999999;0.999737932894931;0.9996265874811961;1.003371498236632;0.9999798254824029;1.0;0.9999782340616112;0.9999966430327015;1.024999976158142;
2016-07-14 13:15:00;1.0004504158102936;0.9999719228952426;0.9999927243271896;1.0008191703310034;1.0;1.001099490574611;1.0033092883703156;1.0006799927849594;0.9999880854756115;1.0021522279431614;1.0;1.0;1.0;1.0010643889146251;1.0;1.0002655497813047;1.0003023070976973;1.0;1.002563958735113;0.9999923722004411;1.0;0.9999807262754355;1.0002925961768445;1.003083285558512;1.0034002800917472;0.9999968845610011;0.9999853990688435;1.0013751120322003;1.000894115905779;1.0;0.9996208405342428;0.9995379121023087;0.9999922638626292;0.9987141515350885;0.9984930235471473;1.0;0.999699104891231;0.9995674604600916;1.0032865946525726;0.9999941025932914;0.9999999999999999;0.9999909763720296;0.9999993747130642;1.024999976158142;
2016-07-14 13:30:00;1.0004458455474137;0.9999705675718311;0.9999925637553884;1.0008111799977624;1.0;1.0010898400683332;1.003286883797865;1.0006713862947254;0.9999883019023594;1.0021361211834636;1.0;0.9999999999999999;1.0;1.001053919411769;0.9999999999999999;1.0002586634159876;1.0002948983645386;0.9999999999999999;1.0025456535037789;0.9999921843640893;1.0;0.9999807441418802;1.0002853297515186;1.0030621363019363;1.0033774821661596;0.9999961955484521;0.9999854901622132;1.0013635685493456;1.0009069750397954;1.0;0.9996578305946238;0.999582073215993;0.9999919967027167;0.9988364887861346;0.9985882812233208;0.9999999999999999;0.9996984522831527;0.9995688848625698;1.003264202098658;0.9999938602051698;1.0;0.9999909810387578;0.9999992793463095;1.024999976158142;
2016-07-14 13:45:00;1.0004341546169753;0.999964442495829;0.9999912321610133;1.0007904420847087;1.0;1.0010631493755102;1.0032189823302775;1.0006507922686256;0.9999864710369327;1.0020889082929008;1.0;0.9999999999999999;0.9999999999999999;1.0010264248817287;1.0;1.0002465957668978;1.000281628119743;1.0;1.002490860725462;0.9999907452328651;0.9999999999999999;0.9999770023340517;1.0002723607000716;1.0029985423576047;1.0033080262230998;0.9999951104380784;0.9999825606009071;1.0013312551096296;1.0008836731189312;1.0;0.9996780523152325;0.9996150471271571;0.9999905325601646;0.9989411219983618;0.9987250192117001;1.0;0.9997102847356799;0.9995528641408353;1.0031965130984677;0.9999927174160284;1.0;0.9999894669471465;0.9999991172961047;1.024999976158142;
2016-07-14 14:00:00;1.0004259647591769;0.9999672177511005;0.999991821337478;1.0007755487047802;1.0;1.001043255620156;1.0031565942822036;1.0006391053666532;0.999987585694971;1.0020491925129373;1.0;1.0;1.0;1.0010073502489332;1.0;1.0002421660364855;1.0002765942782665;1.0;1.002443395648995;0.9999914027957831;1.0;0.9999795617697324;1.000267508368605;1.0029403398261079;1.0032438999715;0.999995272690398;0.9999847604539704;1.0013061930120766;1.0008564644490465;1.0;0.9996576921653777;0.9995872711560303;0.9999910956707933;0.9988571769682676;0.998652606358742;1.0;0.999733217600925;0.9995591504883474;1.003134633561557;0.9999931317694641;1.0;0.9999902808811496;0.9999991372531485;1.024999976158142;
2016-07-14 14:15:00;1.0004161726973597;0.9999638351394858;0.9999918866310453;1.0007586117581015;1.0;1.0010204089280537;1.0030836246612274;1.0006274149261463;0.9999885607424587;1.0020019179090542;0.9999999999999999;1.0;1.0;1.0009852796601812;1.0;1.0002398762423785;1.0002737362522618;1.0;1.0023872157387124;0.9999921254279854;1.0;0.9999797918347136;1.0002648203908806;1.0028724848676118;1.0031687483142997;0.9999958321230249;0.9999852525691207;1.0012769483933632;1.0008459912205876;1.0;0.9996747728559039;0.9996043251225274;0.9999905755221331;0.9988976314429497;0.9986804752131515;1.0;0.9997536138565778;0.9995706322080093;1.0030620295396293;0.9999926253458862;1.0;0.9999910022303976;0.9999988888549382;1.024999976158142;
2016-07-14 14:30:00;1.0004057443247187;0.9999633388433302;0.999992157841156;1.000739835374797;1.0;1.0009943686695617;1.002999388932692;1.000614246905582;0.9999890344658888;1.0019479354538952;0.9999999999999999;1.0;1.0;1.0009608620899557;1.0;1.0002382957029028;1.0002715076888702;1.0;1.002322427976928;0.9999927294209111;0.9999999999999999;0.9999798783120343;1.0002627643387736;1.00279433724434;1.003081931732081;0.9999966674180681;0.9999853488314195;1.0012437107214727;1.0008138150459027;1.0;0.9996892010792846;0.9996300698688685;0.9999906399716157;0.9989818427338116;0.9987638305994639;1.0;0.9997968751467392;0.9996680376772591;1.002978339000485;0.9999926531531528;1.0;0.9999914837669255;0.9999988534498082;1.024999976158142;
2016-07-14 14:45:00;1.0004116582841271;0.9998954625021114;0.9999807696740652;1.0007583343643114;1.0;1.0010229617360134;1.0031391597980737;1.0006248070904717;0.99997567153404;1.0020195666972342;1.0;1.0;1.0;1.000980820242007;0.9999999999999999;1.0002393069908908;1.000273001881906;0.9999999999999999;1.002417260320065;0.9999841177125125;0.9999999999999999;0.9999467557177357;1.0002641017598182;1.0029242893844208;1.0032258297071501;0.9999935176059591;0.9999610522028575;1.0012822067310094;1.0008599736561514;0.9999999999999999;0.9996725872951205;0.9996036702405838;0.9999753441531304;0.9988979327419837;0.9986697853427646;1.0;0.9997698263887157;0.9995915287577906;1.0031144615011798;0.999980363248208;0.9999999999999999;0.9999809951104954;0.9999964454267917;1.024999976158142;
2016-07-14 15:00:00;1.0004109531212395;0.9998050858042834;0.9999653466022695;1.0007677035200369;1.0;1.0010399353948214;1.0032569009925965;1.0006285701621793;0.9999576285484537;1.0020716299394483;1.0;1.0;1.0;1.0009877090839265;0.9999999999999999;1.0002401837505326;1.000274064616214;0.9999999999999999;1.0024917302815988;0.999972667048533;1.0;0.9999036852051272;1.0002651093405033;1.0030339427543542;1.003346854328018;0.9999898292261754;0.9999299730219121;1.0013066748985893;1.0008994785854735;1.0;0.9996917702757495;0.9996338650375941;0.999954569580707;0.9989934216834164;0.9987907848630619;0.9999999999999999;0.9998016526289757;0.9996626554225687;1.0032277725979692;0.9999636599146049;1.0;0.9999668750366281;0.999993153232613;1.024999976158142;
2016-07-14 15:15:00;1.000407631942166;0.9997707684879011;0.9999593182541378;1.0007659668881639;1.0;1.0010418792312084;1.0033046553342602;1.0006202502170018;0.9999511695394088;1.0020901009078809;1.0;1.0;1.0;1.0009835621049723;1.0;1.0002274871957033;1.0002607609502259;0.9999999999999999;1.0025203546442798;0.9999677266000215;0.9999999999999999;0.9998883646670285;1.0002519732152673;1.0030776358564928;1.0033965554615019;0.9999865728079901;0.9999190778366436;1.0013118597277246;1.0009194510617423;1.0;0.9997033476509073;0.9996491420127885;0.9999465869325409;0.9990376920824715;0.9988238755011088;1.0;0.9997939692918703;0.9996443887955351;1.003273618157695;0.9999572139444192;1.0;0.9999614370435349;0.999991835597876;1.024999976158142;
2016-07-14 15:30:00;1.0004009338860254;0.9998578444437202;0.9999746868458745;1.0007437968624295;1.0;1.0010073884601463;1.0031297402417454;1.0006078430276875;0.9999697662060265;1.0020011853328459;1.0;0.9999999999999999;1.0;1.0009597711931448;1.0;1.0002256334832245;1.000258308155288;1.0;1.0024019459002715;0.9999796910426964;1.0;0.9999310216075299;1.0002496954719224;1.0029149337791816;1.0032165850990529;0.9999908293207873;0.9999500381333606;1.0012648299352898;1.0008447971654293;1.0;0.9997035834742468;0.9996614538392207;0.9999668394788934;0.999091011882406;0.9988836379730694;1.0;0.9997981252987358;0.9996524459651058;1.003103417727579;0.9999734331395235;1.0;0.9999759890808698;0.9999949218515595;1.024999976158142;
2016-07-14 15:45:00;1.0004102693711519;0.9998466810093939;0.9999733059313163;1.0007617640716957;1.0;1.0010301043183298;1.0031939694586747;1.000626141377714;0.99996784826921;1.0020419595986056;1.0;1.0;1.0;1.0009823960656783;1.0;1.0002390442855182;1.0002727817091672;1.0;1.002450497912719;0.9999790844484939;0.9999999999999999;0.9999244141877598;1.0002638564886188;1.0029752993816117;1.0032822262953305;0.9999918445660041;0.9999447618533939;1.0012923714651825;1.0008661900505291;1.0;0.9996717207109507;0.9996108353031525;0.9999647640982388;0.9989308617250037;0.9987222770850572;0.9999999999999999;0.999811553643342;0.999680950075146;1.0031669207845662;0.9999717740001917;0.9999999999999999;0.999974763018285;0.9999946113933761;1.024999976158142;
2016-07-14 16:00:00;1.0003983537031138;0.9999131260716375;0.9999806119406625;1.000731711198653;1.0;1.000997241589127;1.0031319084473023;1.0005748737626277;0.9999747845287498;1.0020049605825871;1.0;0.9999999999999999;0.9999999999999999;1.000947127623562;1.0;1.0001778126008698;1.00020807469967;1.0;1.0024056458433694;0.9999800275879515;0.9999999999999999;0.9999540162378706;1.0002000838892702;1.0029140548581053;1.0032212444272393;0.9999848045315228;0.9999663782311893;1.0012579579160188;1.000853883390588;1.0;0.9997130954876521;0.9996712028039952;0.9999777119339909;0.9991153872743523;0.9989173824204775;1.0;0.9998025277995494;0.999661095872731;1.0031073421367882;0.9999824486915516;1.0;0.9999789690081158;0.9999971676393805;1.024999976158142;
2016-07-14 16:15:00;1.0004077180134623;0.9998690125012979;0.9999747484948689;1.000754147747156;0.9999999999999999;1.0010220421301916;1.0031827661100152;1.000611003569574;0.9999680276956052;1.002036501931826;1.0;1.0;1.0;1.0009738806869344;0.9999999999999999;1.0002207973374606;1.0002535343165984;1.0;1.0024437457527744;0.9999781654917878;1.0;0.9999337350449803;1.0002449026054685;1.0029637925301735;1.0032715108530093;0.9999892617878734;0.9999519472851751;1.001284960246251;1.0008733431849546;0.9999999999999999;0.9997031964841625;0.9996530473883974;0.9999683003753315;0.9990549522730267;0.9988349900649697;1.0;0.9998225132462328;0.999707062250805;1.0031565507838238;0.9999747926154365;1.0;0.9999746206419009;0.9999955062298915;1.024999976158142;
2016-07-14 16:30:00;1.0004082301134523;0.9997629649661572;0.9999571097997952;1.0007677370573589;0.9999999999999999;1.0010445869478726;1.003322013234867;1.000620487618322;0.9999476542833261;1.0020992101606419;1.0;1.0;1.0;1.0009855200738673;1.0;1.0002275818556305;1.0002608799237445;1.0;1.0025324838352632;0.9999655234294301;1.0;0.9998836671239995;1.0002520950540796;1.0030937721629885;1.0034143848525423;0.9999858313876001;0.9999158453571884;1.0013161575214264;1.000919561315683;0.9999999999999999;0.9996927360848546;0.999636163515584;0.9999441681178193;0.999000491276407;0.9987886723233556;1.0;0.9998420502429726;0.999751404073667;1.0032905782992676;0.9999553572245242;0.9999999999999999;0.9999587765519883;0.9999916207858378;1.024999976158142;
2016-07-14 16:45:00;1.0004054209074213;0.9997444614252747;0.9999540468196231;1.0007647208219665;1.0;1.0010400916084041;1.003314530293416;1.0006201310198113;0.9999436690572017;1.0020907152376177;1.0;1.0;1.0;1.0009805999453072;1.0;1.0002323824792774;1.0002657440786753;1.0;1.0025240698037439;0.9999634859050099;0.9999999999999999;0.9998743426191293;1.0002569388384508;1.0030872115929437;1.0034063649060347;0.9999860879114305;0.9999090808895611;1.001310495221892;1.0009187844785659;0.9999999999999999;0.9996903832178521;0.9996311174408341;0.9999399272711466;0.9989827380227315;0.9987691864861346;1.0;0.9998442569379477;0.9997505217452879;1.0032824594238288;0.9999519694922568;1.0;0.999955909548872;0.9999909914588011;1.024999976158142;
2016-07-14 17:00:00;1.00041461425902;0.9997940553018747;0.9999610917824652;1.000775436409801;0.9999999999999999;1.001061185500185;1.003404946422439;1.0006083204571887;0.9999526537975916;1.002151041249224;1.0;1.0;1.0;1.0009971025849462;1.0;1.000192313055519;1.000224386864443;1.0;1.0025954179628147;0.9999661023178233;1.0;0.999897854344378;1.0002158984125185;1.0031684521494315;1.0035017786065947;0.9999806922632745;0.9999256447409774;1.0013412342468144;1.000953068726488;1.0;0.9996699411909279;0.9995959842878345;0.9999509312653009;0.9988678698090409;0.99863076444999;1.0;0.9998712234811192;0.9997931719709175;1.003373797350332;0.9999608471404822;1.0;0.9999616293519812;0.9999927931521494;1.024999976158142;
2016-07-14 17:15:00;1.000410330511609;0.9998690759517554;0.9999772753593688;1.0007593165718562;0.9999999999999999;1.0010261495169968;1.0031669285606544;1.0006243121396807;0.9999728449330961;1.0020301166553192;0.9999999999999999;1.0;1.0;1.0009804152218293;1.0;1.0002368524519658;1.0002704640704945;1.0;1.0024335055247637;0.9999820808808321;1.0;0.9999354633702179;1.0002615716930028;1.0029498568176043;1.0032546002286853;0.9999925290405806;0.9999527055473841;1.0012866843892538;1.0008761913498982;1.0;0.9996056987760941;0.9994919247998085;0.9999700412866651;0.9985335270230111;0.9982715215312253;1.0;0.9999112414116256;0.9998351676979118;1.0031410053757417;0.9999759887933806;1.0;0.9999785609051226;0.9999953969347087;1.024999976158142;
2016-07-14 17:30:00;1.0003859419441408;0.9998113250939182;0.9999623543118196;1.000720209154347;1.0;1.0009757055364488;1.0030805999191617;1.0005834046767583;0.9999493874659721;1.001956784207022;1.0;1.0;1.0;1.0009263919427;1.0;1.0002214494705481;1.0002528869217042;1.0;1.002355376720653;0.999967655106101;0.9999999999999999;0.9999008227823306;1.0002445918197007;1.0028695268334138;1.00316577178483;0.9999880621325373;0.9999281949080575;1.0012294753649995;1.0008527389719886;1.0;0.9996919548085541;0.999625189334564;0.9999532617238065;0.9989510186345675;0.9987459778292801;0.9999999999999999;0.9999447550704896;0.9999128465021571;1.0030529798277308;0.999963048252007;1.0;0.9999609579517937;0.9999937890331994;1.024999976158142;
2016-07-14 17:45:00;1.0003866562844603;0.9998386276962293;0.9999661223350191;1.0007180664506992;1.0;1.0009718171023099;1.0030545829562116;1.000580944670333;0.9999529540137544;1.0019467260961767;1.0;1.0;1.0;1.0009251903203829;1.0;1.0002192008914281;1.0002504954246885;1.0;1.0023401015320377;0.9999698345342626;1.0;0.9999129551187014;1.0002422492700078;1.0028451728657835;1.003139105092019;0.9999884877469644;0.999937101490079;1.0012244589964738;1.000841104334659;0.9999999999999999;0.9996725607775434;0.9995966602894557;0.999958915081598;0.9988629038432506;0.9986640334829102;1.0;0.9999514936975776;0.9999352095276062;1.003028238236056;0.9999676754611151;0.9999999999999999;0.9999637885225379;0.9999948403953749;1.024999976158142;
2016-07-14 18:00:00;1.0003901128767705;0.9999056982836125;0.9999761724533421;1.0007157971710063;1.0;1.0009661436450685;1.0030002534393707;1.0005776655571;0.9999631054490509;1.0019279625145499;1.0;1.0;1.0;1.0009260095436505;1.0;1.0002144716555497;1.0002455171079117;1.0;1.0023092773661517;0.9999760783677335;1.0;0.9999423191342;1.0002373271584075;1.002794260178165;1.0030835477853806;0.9999898849574507;0.9999580755296886;1.0012165346254924;1.0008221662182255;0.9999999999999999;0.9996530496044644;0.999566318031604;0.9999735541384971;0.9987671379442601;0.998535684841731;1.0;0.9999634180706285;0.9999554855937549;1.002977000859807;0.9999796031258555;1.0;0.9999718027719399;0.9999974605302846;1.024999976158142;
2016-07-14 18:15:00;1.0003833336307653;0.9999128008471032;0.9999837927208908;1.000704924697439;1.0;1.0009498345265606;1.0029029678358201;1.0005825366227634;0.9999792234590075;1.0018712808169277;1.0;1.0;0.9999999999999999;1.0009122934069876;1.0;1.0002253748570034;1.0002568347892486;1.0;1.0022379512023476;0.9999865779375697;1.0;0.999955205300841;1.0002485294871324;1.0027044357475425;1.0029829604505958;0.9999947761668206;0.9999672436543074;1.0011898286975192;1.000799105271591;1.0;0.9996608829780796;0.9995722746934114;0.9999793149234462;0.9987780169114784;0.9985587472852709;1.0;0.9999526018004302;0.9999418748014974;1.002880593000241;0.9999835477422145;1.0;0.9999838426089451;0.9999970623419301;1.024999976158142;
2016-07-14 18:30:00;1.000388339062186;0.9996302995460423;0.9999367058096438;1.0007477572889145;1.0;1.0010210305550429;1.0033234284794899;1.0006083025831425;0.9999249857311069;1.0020673443052257;1.0;1.0;1.0;1.0009521693224996;0.9999999999999999;1.0002353576126677;1.000268190242726;0.9999999999999999;1.002510534618528;0.999952293444792;0.9999999999999999;0.999821947873035;1.0002595051954;1.0030960657131258;1.0034150548906946;0.9999840038778758;0.9998710963835028;1.0012883798291805;1.0009514559859538;1.0;0.9996271839103124;0.9995089515064952;0.9999150401883511;0.9985648710534124;0.9983285216940025;1.0;0.99996431556618;0.999955589138194;1.0032866606907003;0.999931790922844;1.0;0.999941438211285;0.9999867322423194;1.024999976158142;
2016-07-14 18:45:00;1.0003962260183643;0.999876981847934;0.9999768497618894;1.000732059128692;1.0;1.000986676124244;1.003036336417113;1.0006047030695189;0.999969697600045;1.0019496642835095;0.9999999999999999;1.0;1.0;1.000945448280812;1.0;1.0002378262283682;1.0002705416145061;1.0;1.0023354906884427;0.9999809732731815;0.9999999999999999;0.9999360668076098;1.0002618963521634;1.002828939166804;1.0031197846854778;0.9999936973025864;0.999953321629366;1.0012371345540416;1.0008280319881278;1.0;0.9996110730785288;0.9995039816477655;0.9999705536650622;0.998574145090253;0.9983663525881675;1.0;0.9999655845312933;0.9999552702067068;1.003011789595743;0.9999766205960365;0.9999999999999999;0.9999766919571286;0.9999958976945182;1.024999976158142;
2016-07-14 19:00:00;1.0003859364589607;0.9998414483008936;0.9999709355824704;1.0007176242405096;1.0;1.0009703007229698;1.0030216730982817;1.0005882751366377;0.9999631672799949;1.001928604529831;1.0;1.0;1.0;1.000924564623921;1.0;1.000226319878673;1.0002580442695914;1.0;1.002316177007981;0.9999764222394928;1.0;0.9999193879905591;1.0002496488742167;1.002814907742854;1.0031050687335465;0.9999914219308242;0.9999411550921568;1.001218635650368;1.0008723007012978;1.0;0.9996607271920797;0.9995476455738341;0.9999625777163536;0.9986692125643093;0.9984402355419074;1.0;0.9999705431962205;0.9999618167138875;1.002995680748097;0.9999701847342366;1.0;0.9999713910501457;0.9999945901912677;1.024999976158142;
2016-07-14 19:15:00;1.0003851463548956;0.9998301367715071;0.999968544186132;1.0007175875208334;1.0;1.0009709267454638;1.0030342298728658;1.000587598800555;0.9999600122433558;1.0019335564049763;1.0;1.0;1.0;1.0009240395819587;1.0;1.0002261516569853;1.000257866404779;0.9999999999999999;1.0023239892422582;0.9999744432045873;1.0;0.9999142218716623;1.0002494955691026;1.0028265667748413;1.0031179313266037;0.9999907481474059;0.9999377881473572;1.001220179190916;1.0008750539544229;1.0;0.9996266745192447;0.9994948562801215;0.9999595197071109;0.9985029728929925;0.9983008083939018;1.0;0.9999708640654054;0.9999601368705644;1.0030076559072316;0.999967759465652;1.0;0.9999689751184799;0.9999941694414878;1.024999976158142;
2016-07-14 19:30:00;1.0003857164442846;0.9999445322153847;0.9999875718081129;1.0007050568804647;0.9999999999999999;1.0009485392554072;1.0028835300027774;1.0005816701493344;0.9999819304108887;1.001866742348964;1.0;1.0;1.0;1.0009143419467625;1.0;1.0002243907843271;1.0002558087757478;1.0;1.0022286858790437;0.9999882964632913;0.9999999999999999;0.9999683626322479;1.0002475286650137;1.0026862019766667;1.0029630309442867;0.9999951490300838;0.9999769316810826;1.0011883251587732;1.000824992091683;1.0;0.9996435675011549;0.9995217770812556;0.9999854773127888;0.9985889942940347;0.9983571761856516;0.9999999999999999;0.999973020904646;0.9999635004524181;1.0028626170214094;0.9999886627191377;1.0;0.9999861157320646;0.9999983451365753;1.024999976158142;
2016-07-14 19:45:00;1.0003680223955254;0.9999654911594955;0.9999910472321222;1.0006705664395668;1.0;1.0009019844833826;1.0027332411182266;1.0005523376823766;0.9999861705599602;1.0017736832966204;1.0;1.0;0.9999999999999999;1.0008707219308635;1.0;1.0002105206461787;1.0002403184670252;1.0;1.0021155658067233;0.9999907487983419;1.0;0.9999787735039222;1.0002324728402887;1.002546039389862;1.0028087342524923;0.999995488448748;0.9999845541918412;1.0011298701364688;1.0008321055595788;1.0;0.9997014137695174;0.9995732763974451;0.9999902045406523;0.9987027205734798;0.9984858459790955;1.0;0.9999737284508812;0.9999645891235367;1.0027141004248956;0.9999924546950549;1.0;0.9999893235365995;0.9999990775872207;1.024999976158142;
2016-07-14 20:00:00;1.0003648305793655;0.9999579875390512;0.9999898975295953;1.0006652578742796;1.0;1.0008953662071982;1.0027225181084636;1.0005456457861854;0.9999845808661425;1.0017636426752654;0.9999999999999999;1.0;1.0;1.0008630552254734;1.0;1.0002057033640501;1.000235049874418;1.0;1.002104628471656;0.9999896520729582;1.0;0.999973580487701;1.0002272798368166;1.0025359595596155;1.0027979277481527;0.9999949262018796;0.9999801369509261;1.0011221486449442;1.0008461792471872;1.0;0.9997162632904785;0.9995842939777447;0.9999888682085204;0.998722076091802;0.9985155993145961;1.0;0.9999742662436669;0.999965539728844;1.0027031605153574;0.9999914064065792;0.9999999999999999;0.9999880618917549;0.9999989157096772;1.024999976158142;
2016-07-14 20:15:00;1.0003726216478557;0.9999695549850159;0.9999928207858209;1.000678457411563;0.9999999999999999;1.0009127945537706;1.0027620264721273;1.0005583593578933;0.9999892851144117;1.0017928265152696;1.0;0.9999999999999999;1.0;1.000880920257037;1.0;1.0002104286306366;1.0002404636718403;1.0;1.0021376482182285;0.9999924947783624;1.0;0.9999808857536451;1.0002325166650414;1.00257271415693;1.0028385442065628;0.999995739749951;0.9999854558575703;1.001142796132197;1.0008692707059685;1.0;0.9996779371323332;0.9995162530208594;0.9999921323026053;0.9984968054900307;0.9982562085269963;1.0;0.9999731617126554;0.9999632284407569;1.00274284918546;0.9999939148992318;1.0;0.9999915594739727;0.9999992120347445;1.024999976158142;
2016-07-14 20:30:00;1.0003789203729283;0.9999461040884939;0.9999821586557818;1.0006901987281902;1.0;1.0009289394522274;1.0028590979357215;1.0005579301531398;0.9999687397287943;1.0018475114398262;0.9999999999999999;0.9999999999999999;1.0;1.0008949246665508;1.0;1.000209218334812;1.0002392285713446;1.0;1.0022075452304406;0.9999799351142302;1.0;0.9999593870140767;1.0002313022815466;1.002662994047128;1.0029383487491164;0.9999915876002149;0.9999702173247006;1.0011689389629694;1.0009080678245112;1.0;0.9996652559310257;0.9994915708417523;0.9999823149644934;0.9984132911164332;0.9981910920444735;0.9999999999999999;0.9999750234406752;0.9999670908717387;1.002838512801868;0.9999867671851426;1.0;0.9999764358916776;0.9999990783737385;1.024999976158142;
2016-07-14 20:45:00;1.0003809586288608;0.9999380155020196;0.9999821814552395;1.0006951890116027;1.0;1.000935384618176;1.0028744920585182;1.000564916286978;0.9999700482829824;1.001856314562915;1.0;1.0;1.0;1.0009008983193979;1.0;1.0002146651960349;1.0002450830682172;1.0;1.0022183340358606;0.9999809529952985;1.0;0.9999568651443715;1.000237034114154;1.002677569667202;1.0029540121052167;0.9999924426111707;0.9999681585634159;1.0011758938728874;1.000891673590225;1.0;0.9996426297417648;0.9994710912378086;0.9999814294073854;0.9983674719668794;0.9981578062113831;1.0;0.9999798038336549;0.9999698704957766;1.0028534787964212;0.999985928060805;1.0;0.9999774250113059;0.9999986955924747;1.024999976158142;
2016-07-14 21:00:00;1.0003605290466233;0.9999635812781941;0.9999913077118031;1.000657207298816;1.0;1.0008841811865745;1.002679717315876;1.0005412085729162;0.9999870010199434;1.0017381978338038;1.0;0.9999999999999999;1.0;1.0008530794740778;1.0;1.0002056620125237;1.0002348275810429;1.0;1.0020733910654722;0.9999912299467502;1.0;0.9999780209756518;1.0002271303532424;1.0024961788227311;1.0027537956497214;0.9999956287038106;0.9999837304741561;1.00110736427106;1.0008502389706728;1.0;0.9997229200194088;0.9995817837321636;0.9999902736072308;0.9986978173398768;0.9984809268981187;0.9999999999999999;0.9999816852597279;0.9999717519031606;1.0026608587962829;0.9999924630473587;0.9999999999999999;0.9999898988996851;0.9999989986878113;1.024999976158142;
2016-07-14 21:15:00;1.000357973902959;0.9998391872241682;0.9999699227011594;1.0006673252740572;1.0;1.0009039462663032;1.0028326911628396;1.0005442661645672;0.9999618186760432;1.0018037020266084;1.0;1.0;1.0;1.0008592178345281;1.0;1.0002062723048941;1.0002356037074025;1.0;1.0021688559877995;0.999975311571205;1.0;0.999919080796352;1.0002278714635129;1.0026386320509804;1.002910996235665;0.9999904983823782;0.9999414717000369;1.0011367702059626;1.0008989704452558;0.9999999999999999;0.9997294360887793;0.9995929671773667;0.9999614511659574;0.9987338036039207;0.9985274858846624;0.9999999999999999;0.9999827304907112;0.9999743850386108;1.0028077320682358;0.9999693033130925;0.9999999999999999;0.9999702528298604;0.9999944582913574;1.024999976158142;
2016-07-14 21:30:00;1.000353852177724;0.9998797347386268;0.9999753696987148;1.000654504556825;1.0;1.0008852872354856;1.0027582790399059;1.0005315221002542;0.9999665662564177;1.0017648388602127;1.0;1.0;1.0;1.0008448117183117;1.0;1.0001984707225715;1.000227060813543;1.0;1.002117766570706;0.9999781823530648;1.0;0.9999360778321061;1.0002195221712709;1.0025690929553055;1.0028347270302864;0.9999909281531041;0.9999536765886546;1.0011135267867348;1.0008749144989983;1.0;0.9997441278519521;0.9996159375549283;0.9999698701558365;0.9988063525756348;0.998595515275652;1.0;0.9999803005038301;0.9999711611164201;1.0027354506622572;0.9999762294511252;1.0;0.9999740626301055;0.9999960917837498;1.024999976158142;
2016-07-14 21:45:00;1.0003525135585367;0.9998130048047958;0.9999639407597148;1.0006597051070076;1.0;1.00089437927948;1.0028301485860223;1.0005347511617235;0.9999526360739558;1.0017942498778003;1.0;0.9999999999999999;1.0;1.0008476908973027;1.0;1.0002030516843279;1.0002318506857608;1.0;1.002161300331619;0.9999697160683885;1.0;0.9999030788269124;1.000224235989953;1.0026363644106964;1.0029083745037901;0.9999889208528996;0.9999296066774325;1.0011268743109634;1.0008982036981;1.0;0.9997600709697125;0.999641157341756;0.9999545772223156;0.9988861567053017;0.998687323312048;1.0;0.9999835288301605;0.9999755961937526;1.0028041955852078;0.9999639747985133;0.9999999999999999;0.9999633623293009;0.9999937478023915;1.024999976158142;
2016-07-14 22:00:00;1.0003502335954992;0.9998387632872365;0.9999686417976374;1.0006526141149794;1.0;1.0008832676986203;1.0027738338363856;1.0005311782146284;0.9999584035532944;1.001765248966532;1.0;1.0;1.0;1.0008399332852367;0.9999999999999999;1.0002032316095266;1.0002318679827606;1.0;1.002122875273396;0.999973492450953;1.0;0.9999157647633826;1.0002242988132146;1.0025840342539707;1.0028503962015414;0.99999038921114;0.9999387753928395;1.001111611371071;1.000877436860321;1.0;0.9997714280255303;0.9996607051308612;0.9999606718820273;0.9989502023830443;0.9987355304780172;1.0;0.9999834680940791;0.9999747414989542;1.0027493215459897;0.9999688453471022;1.0;0.9999679007743075;0.999994656540221;1.024999976158142;
2016-07-14 22:15:00;1.000354697473127;0.9998510103475932;0.9999724188304066;1.000659715771447;1.0;1.000894692974129;1.0028072820487828;1.0005336866792145;0.9999651892351974;1.0017875089018167;1.0;0.9999999999999999;1.0;1.0008496046663544;1.0;1.0001946879373331;1.0002232515095384;1.0;1.0021487426018412;0.9999768729117428;1.0;0.999923603756339;1.0002156661618458;1.0026144576970355;1.0028854794697792;0.9999898807976121;0.9999438539870447;1.0011255888646038;1.0008535525500242;1.0;0.9997449011314045;0.9996439016615203;0.9999649155803774;0.9989279359731723;0.998739816118945;1.0;0.999982898311394;0.9999733777651263;1.0027828831195786;0.9999720642191585;0.9999999999999999;0.9999726177733584;0.9999949603994793;1.024999976158142;
2016-07-14 22:30:00;1.0003614017518867;0.9999095460108185;0.9999800217518865;1.000664658391354;1.0;1.0009008412909361;1.0028061722878188;1.000532908341705;0.9999723382968423;1.0017996868643904;0.9999999999999999;1.0;1.0;1.0008596477736622;0.9999999999999999;1.0001859457406443;1.0002143705331346;1.0;1.0021574662736268;0.999980705644212;0.9999999999999999;0.9999502846886462;1.0002068661418007;1.0026126084671672;1.0028848656011742;0.9999894288734179;0.9999637486774762;1.0011341104749145;1.000842880011227;1.0;0.9997008591409381;0.9995818909232305;0.999976637281699;0.9987407836600096;0.998556305018009;1.0;0.9999836259436906;0.9999752804841172;1.0027840488512294;0.9999816758200633;1.0;0.9999781005523165;0.9999971744838351;1.024999976158142;
2016-07-14 22:45:00;1.00035268384252;0.9999209237217024;0.9999816805832545;1.0006474208953835;1.0;1.0008775699614594;1.00273213465105;1.0005177315749196;0.9999740599861462;1.0017539275304324;1.0;1.0;1.0;1.0008379149804691;0.9999999999999999;1.000178468440672;1.0002060480885708;1.0;1.0021017911482446;0.9999816735928412;1.0;0.9999554538415134;1.0001987688098437;1.002543523620808;1.002808884454087;0.9999894611370783;0.9999675125867393;1.0011051095515704;1.0008533451616062;0.9999999999999999;0.9997433896452764;0.9996243267863391;0.9999790744237158;0.9988448269016318;0.9986479911220255;1.0;0.9999824229126432;0.9999721084143742;1.0027109340623173;0.9999836611528028;1.0;0.9999794160705809;0.9999976099563758;1.024999976158142;
2016-07-14 23:00:00;1.0003438536963556;0.9999210807946067;0.9999825087493237;1.0006315504889636;1.0;1.0008522791996863;1.0026263869543766;1.0005149404885563;0.9999750670634286;1.0016907031801074;1.0;1.0;1.0;1.0008173543126075;0.9999999999999999;1.000193166293437;1.0002208885148283;1.0;1.0020236032614949;0.9999836231234316;1.0;0.9999561126513294;1.0002135857661563;1.002446331477295;1.0026991054498562;0.9999928297665956;0.9999682092339371;1.0010705685789525;1.0008197621533261;0.9999999999999999;0.9997684329407726;0.9996627881284321;0.9999793923407196;0.9989652459240125;0.9987900264257141;1.0;0.999982422912643;0.999972108414374;1.0026061253702312;0.9999838699899833;1.0;0.9999807118479808;0.9999975711099544;1.024999976158142;
2016-07-14 23:15:00;1.000340507197958;0.9999272842746191;0.9999827349115391;1.0006241963372717;1.0;1.0008419900421905;1.0025967606999215;1.0005069579201435;0.9999740894655672;1.0016722856973617;1.0;1.0;1.0;1.0008079663276266;1.0;1.00018911739215;1.0002163660036822;1.0;1.0020009818861284;0.9999830440129003;1.0;0.9999567521675159;1.0002091664959918;1.0024187063118049;1.0026687544425446;0.9999925799147564;0.9999683323873433;1.0010582853211263;1.000809104830031;1.0;0.9997854673716282;0.9996903510773991;0.9999804296411492;0.9990534713983527;0.998879210753946;1.0;0.9999840221391265;0.9999756766762465;1.0025769732672174;0.9999848197143623;1.0;0.9999800769139325;0.9999979562898315;1.024999976158142;
2016-07-14 23:30:00;1.0003388338829162;0.9999473679277626;0.9999877894418978;1.0006194316969064;1.0;1.00083408335821;1.0025450546638475;1.0005079928222167;0.9999819205843252;1.0016458100510468;1.0;1.0;1.0;1.0008029344402831;1.0;1.0001928121180677;1.0002201817886198;1.0;1.0019657936937247;0.9999881196067182;1.0;0.9999690309646281;1.000212956766418;1.00237080727388;1.002615387990913;0.9999947240415812;0.9999772643279117;1.0010459438214026;1.0007943211140942;0.9999999999999999;0.9997902718598476;0.9996963385551187;0.9999860495693689;0.9990704621332176;0.9988976206559773;0.9999999999999999;0.9999832351368415;0.9999740957226101;1.0025264374289662;0.9999891541064608;1.0;0.9999860558028241;0.9999984956754169;1.024999976158142;
2016-07-14 23:45:00;1.0003354545304928;0.9999103861939255;0.9999781288749494;1.0006164256126093;1.0;1.0008309340632604;1.002576201566654;1.0005005047405262;0.9999663552506829;1.0016553311822989;1.0;1.0;1.0;1.000796983387589;1.0;1.0001913871331831;1.0002183861820317;1.0;1.001982770931429;0.9999787094776252;1.0;0.9999460649526564;1.0002112657120352;1.0023999434891675;1.0026472706349872;0.9999920390421646;0.999960858155838;1.0010456768016696;1.0008115086335911;1.0;0.9998049698044953;0.999714498607686;0.9999752728491729;0.9991218031175927;0.9989568910001541;1.0;0.9999836259436906;0.9999752804841171;1.0025559612145876;0.9999808748905213;1.0;0.9999744821339375;0.9999975231684216;1.024999976158142;
2016-07-15 00:00:00;1.000332573541124;0.999947895287575;0.9999859335488678;1.0006070693310365;1.0;1.0008162107809997;1.0024956295981124;1.0004966245284383;0.9999769169103752;1.0016139033587623;0.9999999999999999;1.0;1.0;1.0007868295292577;1.0;1.000191408807159;1.000218203370418;1.0;1.0019275221267208;0.9999854349922143;1.0;0.9999652231873567;1.0002111182638764;1.0023250502080807;1.0025644051762206;0.9999944864782245;0.9999743469877264;1.0010246685954947;1.000793117545638;1.0;0.9998247565012031;0.9997400506144828;0.9999849386852426;0.9991958930284881;0.9990225511024615;1.0;0.9999833268170053;0.9999741874019359;1.0024774643902934;0.9999885109798817;0.9999999999999999;0.9999826123955705;0.9999987965513151;1.024999976158142;
2016-07-15 00:15:00;1.0003244046641961;0.9999187285776394;0.9999807757201071;1.000595499169147;1.0;1.0008019485890502;1.0024761306619585;1.0004853211511926;0.9999704323935494;1.0015929046446472;1.0;1.0;1.0;1.0007700689114014;1.0;1.0001870009671927;1.0002131714367382;1.0;1.0019065815009052;0.9999814188480906;1.0;0.9999505091507823;1.000206239690685;1.002306928953224;1.0025443742596387;0.999993288234442;0.9999635936604373;1.0010081151987893;1.0007861907818583;1.0;0.9998506701844863;0.9997812523237923;0.9999781595501542;0.9993269153779161;0.9991751520127945;1.0;0.9999837612723286;0.9999754158116256;1.0024568990496512;0.9999830994669374;1.0;0.9999776344806272;0.999997796763395;1.024999976158142;
2016-07-15 00:30:00;1.000322591187478;0.999944865892284;0.9999863303230845;1.0005894476187427;1.0;1.0007927213805954;1.0024244822266914;1.000482487885603;0.9999782435708366;1.0015666384835795;1.0;1.0;0.9999999999999999;1.0007636077103599;1.0;1.000185675107302;1.000211677681514;1.0;1.0018714132939943;0.9999862467329275;1.0;0.9999643629261373;1.000204781042939;1.0022588151481187;1.0024913342752846;0.999994793501567;0.9999734152401516;1.000994848355001;1.0007697967934404;1.0;0.9998590809041675;0.9997942233869622;0.9999849635334735;0.9993678092944488;0.9992218840996663;1.0;0.999982363542794;0.9999724301794887;1.0024066397245515;0.9999884508328676;1.0;0.9999835598050028;0.9999986476753155;1.024999976158142;
2016-07-15 00:45:00;1.000310437154588;0.9999468660987654;0.9999876518428182;1.0005678223256016;1.0;1.0007639262963837;1.00233129770165;1.0004665495204406;0.9999813520004959;1.0015071208242137;1.0;1.0;1.0;1.000735727091486;1.0;1.0001799028736214;1.0002050818286738;0.9999999999999999;1.0018002647020192;0.9999881036846464;1.0;0.9999681695018855;1.0001984287101626;1.0021720257701028;1.0023954989477253;0.9999953736110194;0.9999765801510604;1.0009579807707492;1.0007364102646616;1.0;0.9998851426614636;0.9998372049547418;0.9999858897977553;0.9995063347088682;0.9993993757027998;0.9999999999999999;0.9999809829057011;0.99997025560231;1.0023140896844076;0.9999890528949867;0.9999999999999999;0.9999857890417726;0.9999985223021751;1.024999976158142;
2016-07-15 01:00:00;1.0003058046198559;0.9999538604613417;0.9999882516250203;1.0005584303044819;0.9999999999999999;1.0007512597896409;1.002292865200467;1.00045756225898;0.9999814720048595;1.0014834120860217;1.0;1.0;1.0;1.0007239161108565;1.0;1.000175172657871;1.0001998485245724;1.0;1.0017714537129305;0.9999881081799286;1.0;0.9999708270926808;1.000193331870595;1.0021361236066202;1.0023560817937307;0.9999951551970925;0.9999785579579049;1.0009425249353157;1.0007273607051;1.0;0.9999006076325468;0.9998590293137086;0.999987096725396;0.999572416772923;0.99947804188903;1.0;0.9999833650768534;0.9999750196194569;1.002276182452303;0.9999900799354368;0.9999999999999999;0.9999859104390071;0.9999988216297134;1.024999976158142;
2016-07-15 01:15:00;1.0003052851976952;0.9999376646528932;0.9999867441794424;1.0005592621811006;0.9999999999999999;1.0007523240645448;1.0023005312127227;1.0004593420196661;0.9999803761520323;1.0014844297493162;1.0;1.0;1.0;1.0007237684475563;1.0;1.0001777063518027;1.0002024492005794;1.0;1.0017739076057535;0.999987634236237;1.0;0.9999625092724352;1.0001958618582414;1.0021435163496988;1.0023639144958012;0.9999955282013053;0.9999717349563408;1.0009433367804088;1.000730612944516;1.0;0.9999049042916959;0.9998652487943552;0.9999845064816276;0.9995914801003608;0.9995063029448588;1.0;0.9999837612723286;0.9999754158116255;1.0022831893221593;0.9999879273380045;1.0;0.9999850848150821;0.9999982776908363;1.024999976158142;
2016-07-15 01:30:00;1.0003030547101714;0.9999384892962121;0.9999872542158061;1.000554950943283;1.0;1.0007477011271924;1.0022947290612911;1.0004522659009218;0.999981332641226;1.0014786541394403;1.0;1.0;1.0;1.0007179598278098;1.0;1.000169296255938;1.000193513768825;1.0;1.0017676016813897;0.9999878070336208;1.0;0.999962253579128;1.0001870278176561;1.0021377155751938;1.0023583942017271;0.9999947297236238;0.9999709693171542;1.000938165828002;1.0007272803546525;1.0;0.9999030076522396;0.9998633076152664;0.999985230427474;0.999586546045763;0.9995006671062455;1.0;0.9999829419599958;0.9999734214133126;1.0022773765655602;0.9999884902893132;0.9999999999999999;0.9999856287628187;0.9999983560257247;1.024999976158142;
2016-07-15 01:45:00;1.000294169827908;0.9999387476360935;0.9999880809980073;1.000538925029682;1.0;1.0007256195754222;1.0022215422630016;1.0004409130651348;0.9999829828403234;1.0014319055002878;0.9999999999999999;1.0;1.0;1.0006970209448511;0.9999999999999999;1.0001669644824132;1.0001905909843218;1.0;1.0017112740426766;0.9999890026495772;0.9999999999999999;0.9999629442184037;1.000184248917293;1.0020697511678676;1.0022830587884666;0.9999955326418483;0.9999712839600334;1.0009096958669201;1.0007048289493456;1.0;0.9999269301411151;0.9998996118695282;0.9999858608116807;0.9996998371891384;0.999646275592955;1.0;0.999984304229394;0.9999759587641598;1.0022047157419671;0.9999889283737933;0.9999999999999999;0.999986905649283;0.9999983248528139;1.024999976158142;
2016-07-15 02:00:00;1.00029152936413;0.9999519477183093;0.999990690556237;1.000532750011878;1.0;1.000716066883034;1.0021765597032417;1.0004385944504923;0.9999864010825461;1.0014073624759718;1.0;0.9999999999999999;1.0;1.0006897882485795;1.0;1.0001689368152955;1.0001924969207383;1.0;1.0016796883985544;0.9999913611222933;1.0;0.9999699278737885;1.0001861796107627;1.0020280730716093;1.0022366302005092;0.9999967533564417;0.9999764227666568;1.0008965727706096;1.000689989025607;1.0;0.9999248290316909;0.9998962257905112;0.9999890596672775;0.9996888863613804;0.9996409162522952;1.0;0.9999828573669577;0.9999733368210795;1.0021606033680779;0.9999914591752229;1.0;0.9999896177056143;0.9999987532967901;1.024999976158142;
2016-07-15 02:15:00;1.0002919997133448;0.9999497710855144;0.9999897844716455;1.0005337498969262;1.0;1.000718012257243;1.0021896777651955;1.0004375834079784;0.999984872707309;1.0014144972780334;1.0;1.0;1.0;1.0006910033855922;1.0;1.0001665604924723;1.0001900362010414;1.0;1.0016889973116836;0.9999902563582517;1.0;0.999968400176338;1.00018374539181;1.0020401209413987;1.0022502387231456;0.9999960401020728;0.999975392021691;1.00089977013271;1.0006919272820964;0.9999999999999999;0.9999244242105316;0.9998973014215815;0.9999881938379275;0.9996944311246914;0.9996470150997009;1.0;0.9999838458655957;0.9999755004041869;1.002173515861026;0.9999908106793108;1.0;0.9999884201096306;0.9999987069156703;1.024999976158142;
2016-07-15 02:30:00;1.0002905105257076;0.999949657845179;0.9999896871367152;1.0005316110191302;1.0;1.000715947256691;1.002184703629814;1.000436060573166;0.999985413587977;1.0014113606680812;1.0;1.0;1.0;1.0006885493680442;1.0;1.0001649388316232;1.0001883747477878;1.0;1.0016859150258548;0.9999903807611725;1.0;0.9999707471913312;1.0001821463985994;1.0020353092233654;1.0022451163967576;0.9999957027919424;0.9999779033059278;1.0008973331966136;1.0006896536569145;1.0;0.9999248789599838;0.999898481084039;0.9999877878447871;0.9996987369350127;0.999646030388633;1.0;0.9999834735782787;0.9999743341618679;1.0021684959751123;0.9999904304147095;1.0;0.9999886963844171;0.9999985398526323;1.024999976158142;
2016-07-15 02:45:00;1.0002881521709164;0.9999465737696063;0.9999890373019333;1.0005275038566959;0.9999999999999999;1.000709567221352;1.002163344655713;1.0004341907225396;0.9999841135361066;1.0013975051579467;1.0;1.0;1.0;1.000683017232724;1.0;1.0001676539326012;1.0001910403580616;1.0;1.001669234278331;0.9999899092281282;1.0;0.9999683872793281;1.0001848174947052;1.0020157121640663;1.00222294433667;0.9999962005625664;0.9999760869732649;1.0008891083506637;1.0006857395016022;1.0;0.9999264571100686;0.9998987142042548;0.9999870085405229;0.9996966785201721;0.9996485130887651;1.0;0.9999824961673741;0.9999725628027516;1.0021472098067497;0.999989843135365;1.0;0.9999878750677366;0.9999984912610258;1.024999976158142;
2016-07-15 03:00:00;1.0002894059059757;0.9999439091888306;0.9999896689243639;1.000529936543759;0.9999999999999999;1.0007121794750415;1.0021660722205306;1.000437548031024;0.9999854539965854;1.0013990678128775;1.0;1.0;0.9999999999999999;1.0006856710993035;0.9999999999999999;1.000170560738209;1.0001940982827469;1.0;1.001670496010232;0.9999909321613075;0.9999999999999999;0.9999664401778943;1.000187785397854;1.0020184803566;1.0022257144419338;0.9999969865273322;0.9999738903505182;1.0008914567149465;1.0006858346286125;1.0;0.9999317363849969;0.999907528358717;0.9999874185940861;0.9997252644831357;0.9996895365410517;1.0;0.9999833764640028;0.9999746498696772;1.0021498794260186;0.9999901099650222;1.0;0.9999889285461606;0.9999984364351177;1.024999976158142;
2016-07-15 03:15:00;1.0002855500183472;0.9999606204842338;0.9999922852614732;1.0005212285614757;0.9999999999999999;1.0007020285401926;1.0021377168732448;1.0004262720982833;0.9999890672526626;1.0013824331547503;1.0;1.0;1.0;1.000675392259119;1.0;1.000158069471391;1.000180875134326;0.9999999999999999;1.0016500898659098;0.9999924604555013;1.0;0.9999755670406943;1.000174772642113;1.0019913664645732;1.002197103702829;0.9999959764792907;0.9999807390857657;1.0008795260056726;1.0006743561441445;1.0;0.9999341914058788;0.9999131208608292;0.9999910747801306;0.9997451556046282;0.9997124243795403;1.0;0.9999832112790044;0.9999748658228914;1.0021222171445008;0.9999930226855483;1.0;0.9999914018179793;0.9999989645146746;1.024999976158142;
2016-07-15 03:30:00;1.0002875678208991;0.9999592409388888;0.9999918409928417;1.0005252658064117;1.0;1.0007068210470524;1.0021472749577613;1.0004320661349853;0.9999884531964417;1.0013897822518736;0.9999999999999999;1.0;1.0;1.0006807826283484;1.0;1.0001640129737237;1.0001872347968996;1.0;1.0016586638142717;0.9999923328760694;1.0;0.9999757762486604;1.0001810553227628;1.0020005128666203;1.0022066234208786;0.9999964617861915;0.999981403269042;1.0008851193949135;1.0006776951422554;1.0;0.9999257648044967;0.9998996699529166;0.9999903733778766;0.9997022426650727;0.9996573889434183;1.0;0.9999829181010843;0.9999741915107588;1.0021316936768954;0.9999924588857317;1.0;0.9999910346603044;0.9999988535785486;1.024999976158142;
2016-07-15 03:45:00;1.0002896690970762;0.9999681358928032;0.9999925207607399;1.0005282257263721;1.0;1.0007095583018697;1.0021435867498958;1.0004375036269826;0.9999886517247036;1.0013917680950373;1.0;1.0;1.0;1.000685493696511;1.0;1.0001707096073542;1.0001943705335952;1.0;1.001659521866667;0.9999927719386075;1.0;0.9999808387542196;1.000188130604735;1.0019973492962724;1.0022024382988095;0.9999971928219286;0.9999859154021701;1.00088805237285;1.0006756649086272;1.0;0.9999258468152096;0.9999003426978565;0.9999914800582238;0.9997050804072266;0.9996607366040355;1.0;0.999982613536262;0.9999738869485945;1.0021284579245964;0.9999933945192115;1.0;0.9999913631392374;0.9999991163865561;1.024999976158142;
2016-07-15 04:00:00;1.0002876354538388;0.9999629701184921;0.9999916150624436;1.0005252407862526;1.0;1.0007061344292645;1.002138955774248;1.000434351106359;0.9999877155999455;1.001387007222907;1.0;1.0;1.0;1.0006813659681957;1.0;1.0001685344565785;1.00019201714751;0.9999999999999999;1.001654846343423;0.9999920875856569;1.0;0.9999787812809848;1.0001858319302388;1.0019929471506301;1.0021977297780553;0.9999967890069654;0.999984559781867;1.0008841263254997;1.0006746860393292;1.0;0.9999279323948109;0.9999032223112567;0.9999902306919722;0.9997136845467719;0.9996626123425486;1.0;0.9999820028102292;0.9999724822724871;1.0021236106350662;0.9999923815221732;0.9999999999999999;0.9999905853399199;0.999998902163739;1.024999976158142;
2016-07-15 04:15:00;1.0002872360993504;0.9999626538249964;0.9999919015698292;1.0005246941422479;1.0;1.0007061578609886;1.002142262491912;1.0004327115737082;0.9999886172752391;1.0013882358689499;1.0;1.0;1.0;1.0006806093493184;1.0;1.0001652203873084;1.0001885631605794;1.0;1.0016567507624539;0.9999924015233593;1.0;0.9999792612408126;1.0001824111911954;1.0019958147737393;1.0022013153346034;0.9999964274956821;0.9999848488302453;1.0008843152088494;1.0006778525998874;1.0;0.9999286138348829;0.9999028681998439;0.99999042824532;0.9997108149150795;0.9996639078196815;1.0;0.9999822721284775;0.9999739266802022;1.0021268258670608;0.9999924956656295;1.0;0.9999911356767347;0.9999988482365939;1.024999976158142;
2016-07-15 04:30:00;1.0002890971181768;0.999970895127813;0.9999941949970274;1.0005271363215111;0.9999999999999999;1.0007087921399824;1.002139405171977;1.000436055771968;0.9999920475757489;1.0013889252104902;1.0;0.9999999999999999;1.0;1.0006840916100563;1.0;1.0001669783554727;1.0001904797323884;1.0;1.001655905236566;0.9999945888099313;1.0;0.9999833838760313;1.000184259843431;1.0019932312951882;1.002198393621161;0.99999727872913;0.9999873989905159;1.0008865957525424;1.0006749269067818;1.0;0.9999236949479314;0.9998965331873506;0.9999930766710642;0.9996924482625347;0.9996475060639594;1.0;0.9999817882778351;0.9999714737861121;1.0021243533348223;0.9999945547149112;1.0;0.999993747097917;0.9999991339299694;1.024999976158142;
2016-07-15 04:45:00;1.0002853051517528;0.999980354755937;0.9999957641124699;1.0005190896921423;1.0;1.000696664183665;1.00209090169638;1.0004316318888153;0.9999936273885401;1.0013609690398801;0.9999999999999999;1.0;1.0;1.000674179275026;1.0;1.0001685816139125;1.0001919051351622;1.0;1.0016207619559458;0.9999958777443978;1.0;0.9999876414120429;1.0001857347808716;1.0019483213848595;1.0021483209858257;0.9999982703682629;0.9999905054682046;1.000870650864456;1.0006591986780726;1.0;0.9999382789352177;0.9999193774403035;0.9999951760232944;0.9997647968918529;0.9997277188284178;1.0;0.9999823990044306;0.9999728784629167;1.0020766064951334;0.9999962573651717;1.0;0.9999951199726731;0.9999994948038486;1.024999976158142;
2016-07-15 05:00:00;1.0002869452415846;0.9999861332704789;0.9999962194627717;1.0005213734572518;0.9999999999999999;1.00070082922873;1.00210968952286;1.0004302761355155;0.9999940024952478;1.0013730115619626;1.0;0.9999999999999999;1.0;1.0006775203976739;1.0;1.0001629469006632;1.0001861171914683;1.0;1.0016353954222759;0.9999956747240956;0.9999999999999999;0.9999903841490805;1.0001799956281439;1.0019653827703559;1.0021679636957876;0.9999972697492994;0.99999261258357;1.000876768704689;1.0006671806342144;1.0;0.9999374493358149;0.9999169332442613;0.9999961527194405;0.9997557170746202;0.9997185946940643;1.0;0.999984163417189;0.9999762307757472;1.0020954200509187;0.9999970714161113;1.0;0.9999952562416358;0.9999997044912127;1.024999976158142;
2016-07-15 05:15:00;1.000289042420695;0.9999868335084617;0.9999969243566156;1.000525195324275;1.0;1.0007043840420313;1.002107149316398;1.000437755770903;0.9999951030877025;1.0013737623384553;1.0;1.0;1.0;1.0006825443829548;1.0;1.0001718923739307;1.0001955718199462;1.0;1.0016349561070712;0.9999968567985922;1.0;0.9999910843900403;1.0001893149697163;1.0019635136578446;1.0021649451562584;0.9999987030484564;0.9999930941250712;1.0008798552349278;1.0006641161782421;0.9999999999999999;0.9999302059455744;0.9999070778151139;0.9999966507761215;0.9997263872806523;0.9996885166517124;1.0;0.9999815314621932;0.9999715981071536;1.0020930227584552;0.9999974304629635;1.0;0.9999962782227977;0.999999704484338;1.024999976158142;
2016-07-15 05:30:00;1.0002873929187464;0.9999762478296436;0.9999943439139399;1.000523483217122;1.0;1.000704703441121;1.0021322700987485;1.000430687315555;0.9999918641981179;1.001384434556632;1.0;1.0;1.0;1.0006797910421537;1.0;1.000161460030129;1.00018464073088;1.0;1.0016508751018816;0.9999941689946674;0.9999999999999999;0.9999862080214627;1.0001785313710316;1.0019862581022716;1.002191252363932;0.9999964574021152;0.9999898453493755;1.0008823444074477;1.000672747719233;1.0;0.9999360568189768;0.9999161798268452;0.9999936667785159;0.9997552000000408;0.9997116784764625;0.9999999999999999;0.9999835413504791;0.9999751958916117;1.0021173896024744;0.9999950721577615;1.0;0.9999935241221783;0.9999993094230509;1.024999976158142;
2016-07-15 05:45:00;1.0002898914812228;0.9999768945224224;0.9999943751722385;1.0005278074165742;1.0;1.0007090121297009;1.0021358394189017;1.0004373740480972;0.9999914228209617;1.0013888265109065;1.0;1.0;1.0;1.0006854811987431;1.0;1.0001694528758502;1.0001930904768914;1.0;1.0016550039497312;0.9999943677229575;1.0;0.9999859137606644;1.0001868609759628;1.0019900217617492;1.0021945552661757;0.9999974607432777;0.9999896336978934;1.000886956638188;1.0006734452966475;1.0;0.9999346824199893;0.9999142807219012;0.9999937158762421;0.9997495205052402;0.999708172066067;1.0;0.9999815936300189;0.9999716602743618;1.002121077076682;0.9999951410024488;1.0;0.9999934098940801;0.9999993732160181;1.024999976158142;
2016-07-15 06:00:00;1.0003096797096493;0.9999790256792844;0.9999944901415938;1.000563302636235;1.0;1.0007565577978177;1.002278208122071;1.0004663932371505;0.999991207973944;1.0014819942003725;1.0;1.0;1.0;1.000731762079316;1.0;1.0001802798938495;1.000205471181502;1.0;1.0017656264881238;0.9999942035601678;1.0;0.999986238549374;1.000198825975643;1.002122716893908;1.0023408451907307;0.9999973077969868;0.9999897532920714;1.0009464934673669;1.0007064734747046;1.0;0.9999172789477699;0.9998970914280373;0.9999940993698955;0.9997082651057493;0.9996676680322544;0.9999999999999999;0.9999062846907127;0.9998979398765981;1.0022625645686747;0.9999954831908905;1.0;0.9999932632998934;0.9999994959512102;1.024999976158142;
2016-07-15 06:15:00;1.000315270789263;0.9999858470599836;0.9999967869170916;1.000572897956385;1.0;1.0007682656199521;1.0022975041696829;1.0004779866783422;0.9999949251740493;1.001497863723497;1.0;1.0;1.0;1.0007445897286462;1.0;1.0001882199669399;1.0002140856684596;1.0;1.001782616593257;0.999996775953941;1.0;0.9999905319565892;1.0002072518431804;1.002140973036216;1.0023604669876396;0.9999987406318921;0.9999926627573666;1.0009595244372982;1.000711394258505;1.0;0.9999051671243269;0.9998792462046349;0.9999964552659778;0.999653512484666;0.9996146557892115;1.0;0.9999110689112777;0.9999011362561804;1.0022820634251;0.9999972739878015;1.0;0.9999961529783509;0.9999996726161239;1.024999976158142;
2016-07-15 06:30:00;1.0003369904578694;0.999985410977083;0.999996324002838;1.0006124011444941;1.0;1.000822851977905;1.0024722942376547;1.0005072383345952;0.9999943995723137;1.0016096497669198;1.0;1.0;0.9999999999999999;1.00079601884024;1.0;1.0001938616841815;1.0002212148553797;0.9999999999999999;1.0019169003343298;0.9999959313737156;1.0;0.9999904572542045;1.000213994893586;1.0023033589056698;1.0025404359919563;0.9999973956003345;0.9999926872718685;1.001028823326827;1.000770650392559;1.0;0.9998446260327726;0.9997830097237247;0.9999961212545576;0.9993481911424213;0.9993074889306772;1.0;0.9998657610507534;0.9998566227101842;1.002455551642275;0.9999970200528273;1.0;0.9999955445342427;0.9999996441426559;1.024999976158142;
2016-07-15 06:45:00;1.0003308796773265;0.9999818720889541;0.9999962822722709;1.0006016917039047;1.0;1.0008079021165244;1.0024236737014909;1.0004999703669708;0.9999946420065945;1.0015779302896868;1.0;0.9999999999999999;1.0;1.000781766430078;0.9999999999999999;1.0001934457868322;1.0002204279356905;1.0;1.0018788929994225;0.9999963016657295;1.0;0.9999886518453381;1.0002132879081191;1.0022582969033869;1.0024903403113579;0.9999980108313612;0.9999911097666571;1.0010095259137528;1.0007568022655626;1.0;0.9998886768124555;0.9998507928710734;0.9999957690397524;0.9995609378105121;0.9994999830906202;1.0;0.9998673789167717;0.9998558589696308;1.002407175884654;0.9999967027895783;0.9999999999999999;0.9999957861379364;0.9999995238406598;1.024999976158142;
2016-07-15 07:00:00;1.0003446637023719;0.9999733114546427;0.9999943784635005;1.0006278406324483;1.0;1.0008427382481777;1.002530269047917;1.0005234587409864;0.9999920111316453;1.0016462808237614;1.0;1.0;1.0;1.0008155400627101;1.0;1.0002060367976675;1.000234386634102;1.0;1.0019611912817474;0.9999948983535387;0.9999999999999999;0.9999850059432188;1.000226918147776;1.002357846620971;1.0025995756299653;0.9999980369845297;0.9999889807452813;1.001053129649546;1.0007537912067894;0.9999999999999999;0.9998633732130883;0.9998383191570693;0.9999932720074954;0.9995561157507241;0.9994849726336413;1.0;0.9998402880199643;0.9998283873058685;1.0025127292479128;0.9999947246254852;1.0;0.9999938741414065;0.9999991816018325;1.024999976158142;
2016-07-15 07:15:00;1.0003585629303096;0.9999142655268279;0.9999845992724483;1.0006601703105256;1.0;1.0008889688027287;1.0027111031896494;1.0005486648271087;0.999980803696839;1.0017480774922662;1.0;1.0;0.9999999999999999;1.0008543293876309;1.0;1.0002161551653461;1.0002458786293564;0.9999999999999999;1.0020905300069267;0.9999878634120685;1.0;0.9999574704290183;1.0002380525560577;1.0025263043314414;1.0027853677392249;0.9999958474412579;0.999969231814768;1.0011127993563884;1.0007619293012888;1.0;0.9998236199993962;0.9998125263669944;0.9999798233516458;0.9995211723724098;0.9994535522799536;1.0;0.9997565079952214;0.9996452075406742;1.0026899398307934;0.9999838880967082;1.0;0.9999851357622374;0.9999970040510338;1.024999976158142;
2016-07-15 07:30:00;1.0003616857663096;0.9998812738217442;0.9999785272622097;1.0006696010126206;1.0;1.0009044976402608;1.0027931784272925;1.0005514657596017;0.9999733759860315;1.0017904988155206;1.0;1.0;1.0;1.0008647052454072;1.0;1.0002120001686636;1.0002417772069712;1.0;1.0021466471878464;0.9999827861942179;1.0;0.999941243732734;1.0002339320329912;1.0026023236852515;1.0028700737664569;0.9999933470681275;0.9999574806260105;1.0011345345247586;1.0007752664779093;1.0;0.9998202841946124;0.9998172763711808;0.9999720036055909;0.9995492522582158;0.9994832930187301;1.0;0.9997317158476451;0.9995830199072038;1.002770043198914;0.9999776431497305;0.9999999999999999;0.9999792296137177;0.9999958456835816;1.024999976158142;
2016-07-15 07:45:00;1.000381340169749;0.9999063550158153;0.9999762173982735;1.0006995763537867;1.0;1.0009418581192193;1.0029125678134043;1.0005692767596273;0.9999623782167896;1.0018739252459308;1.0;1.0;1.0;1.0009049365014304;1.0;1.0002202948039365;1.0002510438161734;0.9999999999999999;1.0022432072531047;0.9999764480045279;1.0;0.9999416013389466;1.0002429297357118;1.0027135678158365;1.0029927245014907;0.9999916343608629;0.9999575269540165;1.0011849067445753;1.0007975691776954;1.0;0.9997783305505606;0.9997633191768491;0.9999735885831066;0.9993940504226575;0.9993336432886648;1.0;0.9997529430797912;0.9995925748266475;1.002889993295599;0.9999796769148972;1.0;0.9999716333211541;0.9999975486453296;1.024999976158142;
2016-07-15 08:00:00;1.0003813374392;0.9999490589179125;0.999983314651033;1.0006942820097828;1.0;1.000931401906074;1.002843383879;1.0005687302661215;0.9999700624981972;1.0018418166695349;1.0;1.0;1.0;1.0009004326998787;1.0;1.0002244946812973;1.000255282232363;1.0;1.0021982290152647;0.9999817142338857;0.9999999999999999;0.9999608225794056;1.0002471500093972;1.002649563519181;1.0029213191522672;0.9999941002232925;0.9999712260253982;1.0011697974640195;1.0007838785346364;1.0;0.9998038102952732;0.9997971915164224;0.9999833158993713;0.9994940026739156;0.9994296791628722;1.0;0.9997511136459902;0.9996250734918737;1.0028230702429954;0.9999875429598121;1.0;0.9999778523019397;0.9999991733578126;1.024999976158142;
2016-07-15 08:15:00;1.0003871422393265;0.999958918795245;0.9999886445127866;1.000705177857054;0.9999999999999999;1.0009472004552658;1.002873224882771;1.0005810349336566;0.9999811217177131;1.0018637320701385;0.9999999999999999;1.0;1.0;1.0009152318738135;1.0;1.000225607165595;1.0002569953733127;1.0;1.0022229520447539;0.9999880675256734;1.0;0.9999719108589077;1.000248704704654;1.0026771209980374;1.0029522101944042;0.9999954062017616;0.999979192906442;1.0011869867341083;1.0007910758923857;0.9999999999999999;0.9998048059749034;0.9998010120012149;0.9999879952986064;0.9995098590621966;0.9994447853961653;1.0;0.9997042113150896;0.9995676855697074;1.0028528960288106;0.999990871937515;1.0;0.9999857923893898;0.9999990834767456;1.024999976158142;
2016-07-15 08:30:00;1.0004221469417314;0.9999663806545104;0.9999918114758565;1.000768831465505;1.0;1.0010330823767033;1.0031176674900348;1.000636860515194;0.9999875509581032;1.0020254004965694;1.0;0.9999999999999999;1.0;1.0009986722990043;1.0;1.0002463837089925;1.0002807966801117;1.0;1.00241436470919;0.9999917901989573;1.0;0.999979592097466;1.000271728950541;1.002904672862845;1.0032034425487808;0.9999962459041211;0.9999850068156205;1.0012926583202844;1.0008667816639107;1.0;0.9997320291634704;0.9996891123104708;0.9999908492986322;0.9991612895283353;0.9989934313105389;1.0;0.9996455831919879;0.9994674864223312;1.003095915646879;0.9999929226874641;1.0;0.9999904163228645;0.9999990667392928;1.024999976158142;
2016-07-15 08:45:00;1.0004170881269405;0.9999444425280156;0.9999869330756878;1.0007618860756349;1.0;1.001027043273435;1.003136002931214;1.0006231981594187;0.9999809855580892;1.0020280191211115;1.0;1.0;1.0;1.0009883314121215;1.0;1.0002318134355963;1.000265319392538;1.0;1.0024223324560142;0.9999869504317592;1.0;0.9999678438352481;1.0002564853820592;1.0029209678376878;1.0032229357604638;0.9999931272928564;0.999976480303102;1.0012881332995573;1.0008662660665095;1.0;0.9997589043649869;0.9997371597741352;0.999985168706571;0.9993217036264953;0.9991925623447165;1.0;0.9996596062570177;0.9994747630410867;1.0031131447857213;0.9999884582163764;1.0;0.999985104555926;0.9999983648797364;1.024999976158142;
2016-07-15 09:00:00;1.000407011468337;0.9998995825995779;0.9999790759150089;1.0007492405745828;0.9999999999999999;1.0010171354481696;1.0031695226703763;1.0006002901663105;0.9999729500871379;1.0020318204088836;1.0;0.9999999999999999;0.9999999999999999;1.0009693169748894;1.0;1.0002048386941393;1.000236799913333;1.0;1.0024364153332985;0.9999802850502518;1.0;0.9999482720776195;1.0002283820698077;1.002950672766519;1.0032586021280463;0.9999878228495785;0.9999625596770889;1.001280156140169;1.0008853624682732;1.0;0.9997766216113623;0.999759425111026;0.999974802338907;0.999383762356335;0.9992555431529587;1.0;0.9997299008561525;0.9996152610144299;1.0031443235003492;0.999980065834615;1.0;0.9999780998370557;0.9999966137400397;1.024999976158142;
2016-07-15 09:15:00;1.0004212480201153;0.9999223605697343;0.9999833516962973;1.0007720341294677;1.0;1.00103920113756;1.003171317473698;1.0006368642159418;0.9999764331710123;1.0020484935699332;1.0;1.0;0.9999999999999999;1.0010003246587953;1.0;1.0002469267066467;1.0002813558796941;0.9999999999999999;1.0024479954551808;0.999984909465769;0.9999999999999999;0.9999572477957588;1.0002722889854945;1.0029547665119105;1.0032584875189927;0.9999941700924438;0.9999690155099888;1.001302501259317;1.0008794674922437;1.0;0.999759701320008;0.9997367331790268;0.9999800490675048;0.9993172112105289;0.9991697036650483;0.9999999999999999;0.9996695652771884;0.9995686239040493;1.0031474513330083;0.9999843486299188;0.9999999999999999;0.9999819084162674;0.9999975569818235;1.024999976158142;
2016-07-15 09:30:00;1.0004375082988672;0.9999186396632336;0.9999835936141866;1.0008020578091779;1.0;1.001080413515608;1.003299725136938;1.0006604141060982;0.9999776307351209;1.0021299470124423;1.0;1.0;1.0;1.001038983841504;1.0;1.0002527305500268;1.0002883380515448;1.0;1.002545679490381;0.9999853673196598;0.9999999999999999;0.999955767857508;1.0002789300680863;1.0030740866244097;1.003390743716834;0.9999938016675535;0.9999674559902474;1.0013539855510665;1.0009218167105112;1.0;0.9997272965144794;0.9996851312829025;0.999979995845327;0.9991544431663143;0.9989410271486797;1.0;0.9996134858122359;0.9994271122959189;1.0032748214370706;0.9999842293848386;1.0;0.9999826449983193;0.9999974049046695;1.024999976158142;
2016-07-15 09:45:00;1.0004154737451583;0.999949339659111;0.9999893556068957;1.0007577815674278;0.9999999999999999;1.0010181443984263;1.0030854162735026;1.0006254830553059;0.9999838836651685;1.001998970494736;1.0;1.0;1.0;1.0009826274486622;1.0;1.0002417135912927;1.0002753906697073;1.0;1.0023843430809982;0.999989701816627;1.0;0.9999675347450205;1.0002664168384663;1.0028747198187473;1.0031705054235287;0.9999959433229332;0.9999747576353901;1.0012744537953775;1.0008465680269887;0.9999999999999999;0.9997420003248889;0.9997115488492808;0.9999878611636024;0.9992398163002529;0.9990696289820924;0.9999999999999999;0.9996731509593176;0.9994708677263286;1.0030633316072646;0.9999905863754864;1.0;0.9999877241625658;0.9999987256333026;1.024999976158142;
2016-07-15 10:00:00;1.0004228780695061;0.9999476805383398;0.9999868745106656;1.0007709066460517;1.0;1.0010360352555394;1.0031512844723967;1.0006334456839714;0.99997869842094;1.002040690206219;0.9999999999999999;1.0;0.9999999999999999;1.0009998151124946;1.0;1.000243855042282;1.000277980721901;1.0;1.0024350950373948;0.9999864405567397;1.0;0.9999645761446952;1.0002689185937605;1.0029359236435686;1.0032382155184838;0.9999946352485107;0.9999730991117605;1.0012986083301292;1.0008769049246078;1.0;0.9997477973498254;0.9997150363520771;0.9999858612530488;0.999245712844016;0.9990723482680602;1.0;0.9996944444020968;0.9995243816445483;1.0031287105228004;0.9999891924090094;1.0;0.9999838988013295;0.9999988164159973;1.024999976158142;
2016-07-15 10:15:00;1.0004231020461787;0.9999485649225917;0.9999896639142055;1.0007721688227473;1.0;1.001037293883285;1.0031376004393504;1.0006398387893507;0.999985001591405;1.0020337831752297;1.0;1.0;1.0;1.0010015344235066;1.0;1.0002494582135084;1.0002839822330165;1.0;1.002425688225622;0.9999904828271767;1.0;0.9999690029223743;1.0002748134252466;1.0029234184901372;1.0032239543712826;0.9999964436112894;0.9999762525696752;1.001297733112496;1.0008656316610045;1.0;0.999710200071022;0.9996594796846777;0.9999877735064382;0.9990727368239352;0.9988666495929529;1.0;0.9997124308427349;0.9995539390371387;1.0031151307592587;0.9999904431677002;0.9999999999999999;0.9999885523058599;0.9999985735843442;1.024999976158142;
2016-07-15 10:30:00;1.0004544002296982;0.999911238616231;0.9999834852676652;1.000834115562363;1.0;1.0011236303029336;1.0034267035626852;1.0006896223188286;0.9999788895819167;1.0022115860548197;1.0;1.0;1.0;1.0010804062050647;1.0;1.0002658579938153;1.00030308596789;1.0;1.0026434682983036;0.9999861987080331;1.0;0.9999543671994978;1.0002932596347018;1.0031923039596857;1.0035211756507625;0.9999942984447565;0.999966571022438;1.00140712071707;1.0009490416933642;1.0;0.9996288196029017;0.9995384865244326;0.9999789727964612;0.9987012292102617;0.9984184167830505;1.0;0.9996934214934564;0.9995334462435301;1.0034007019963862;0.9999832756092406;1.0;0.9999835185332397;0.9999970012208348;1.024999976158142;
2016-07-15 10:45:00;1.0004535171457438;0.9999309741207935;0.999987110786909;1.0008301670550772;1.0;1.0011170396815834;1.0033897075939153;1.0006879443322976;0.9999832748048776;1.0021931506113864;1.0;1.0;1.0;1.001076348056959;1.0;1.0002663173766961;1.000303462490571;1.0;1.002618473308133;0.9999890579397258;1.0;0.9999636256553867;1.0002936480357874;1.0031579964920194;1.0034830808718085;0.999995428703519;0.9999730737354477;1.001397837200501;1.0009320699669888;1.0;0.999648687034144;0.9995734050319862;0.9999837449237265;0.9988164141620737;0.9985356362501465;0.9999999999999999;0.9996820276179279;0.9995288931112972;1.0033647496775673;0.9999870963711367;1.0;0.9999869607078573;0.9999977247367055;1.024999976158142;
2016-07-15 11:00:00;1.0004434443965213;0.9998596432235597;0.999974597043083;1.0008201557964105;1.0;1.0011064386738278;1.0034074713542274;1.0006773842783703;0.999968127452046;1.0021863565925346;1.0;0.9999999999999999;1.0;1.0010591233904864;1.0;1.0002640655504313;1.000300678192664;1.0;1.002619841544042;0.9999796924611238;1.0;0.9999292755354564;1.000291008761182;1.0031747576954433;1.003501165027599;0.9999928166619423;0.9999484453722856;1.0013870441222303;1.0009509512360244;1.0;0.9996838317592998;0.9996204055941418;0.9999670349853449;0.9989534718304358;0.9987227931435343;1.0;0.9996933459980226;0.9995659561370518;1.0033795830007313;0.9999737002133243;0.9999999999999999;0.9999752568529481;0.9999951484917293;1.024999976158142;
2016-07-15 11:15:00;1.0004397155078029;0.9999370059148391;0.9999869580040226;1.0008037497739009;1.0;1.0010803983834209;1.003277197006559;1.000665450083856;0.9999813444447617;1.0021218640733531;1.0;1.0;1.0;1.0010421625543031;1.0;1.0002595441309858;1.0002954929668917;1.0;1.0025324597468028;0.9999881482043406;1.0;0.9999637997997808;1.0002859809065754;1.003053457293246;1.0033673178616627;0.9999955759839714;0.9999730067282027;1.001352426337249;1.00090840409601;1.0;0.9996899446365173;0.9996298918027555;0.9999844243502466;0.99898356234488;0.9987632259472685;1.0;0.9996579462533046;0.9994865133507927;1.0032533158095085;0.9999877964223155;0.9999999999999999;0.9999857370165914;0.9999981242045145;1.024999976158142;
2016-07-15 11:30:00;1.0004405629707473;0.9999647922303926;0.9999926156098956;1.0008021289188418;1.0;1.0010774905825037;1.0032493645215144;1.0006643683088579;0.9999889656170418;1.0021101732284854;1.0;1.0;1.0;1.0010414731285893;1.0;1.0002564696510954;1.0002922790008515;1.0;1.0025148508548765;0.9999927030524102;1.0;0.9999774249612814;1.0002827749046643;1.0030273961775562;1.0033389312738659;0.9999966421124951;0.9999823526121565;1.0013475597662322;1.00089711832741;0.9999999999999999;0.9996794720275319;0.9996145863863809;0.9999916426749801;0.9989363289609099;0.99870341189099;1.0;0.9996673285865066;0.9995288070344479;1.0032267060590918;0.9999935153190443;1.0;0.999991483798596;0.9999991045388626;1.024999976158142;
2016-07-15 11:45:00;1.000448075476937;0.9999073185622742;0.999983507129368;1.0008223958618427;1.0;1.0011072374011418;1.0033772923395552;1.0006790959382492;0.9999786953366125;1.002178228558938;1.0;1.0;1.0;1.0010642877885985;1.0;1.0002619192100346;1.0002984832714756;1.0;1.0026032539177294;0.9999862390918743;1.0;0.9999497185213735;1.0002887478064169;1.003146579938606;1.0034704624603905;0.9999946603419052;0.9999619021926035;1.0013862863504333;1.0009379505310203;1.0;0.9996919205486842;0.9996358597211231;0.9999790715561255;0.9990070926325351;0.9987903607008712;1.0;0.9996476759574214;0.9994921842933531;1.0033515470164796;0.9999833701096007;0.9999999999999999;0.9999834405877107;0.9999970393139773;1.024999976158142;
2016-07-15 12:00:00;1.0004499325639726;0.9998496065845833;0.9999718860755431;1.0008318067179487;1.0;1.0011217123231542;1.0034680799295672;1.0006833392115158;0.9999626287200508;1.0022217018732646;1.0;1.0;1.0;1.0010731741795698;1.0;1.0002656455720844;1.00030247020545;1.0;1.0026629508013845;0.9999764465458736;1.0;0.9999189519389072;1.0002926618624433;1.0032313144522562;1.0035636182269134;0.9999919776431491;0.9999397036280946;1.0014074801277981;1.0009694414331658;1.0;0.999662870019012;0.9995885100335596;0.9999646240722886;0.9988544936292729;0.9986271520069835;1.0;0.9996690253662743;0.9995384648465935;1.0034394814907974;0.9999719738546287;1.0;0.9999712707717977;0.9999951690288152;1.024999976158142;
2016-07-15 12:15:00;1.0004372864136861;0.9998890848693875;0.9999771559682628;1.0008041194153157;1.0;1.001082809219302;1.003327429599234;1.000660889899334;0.9999676302248232;1.0021410248745073;1.0;1.0;1.0;1.0010396667029673;1.0;1.000257186685431;1.0002928563764477;1.0;1.0025620320500204;0.9999796195965708;1.0;0.9999374780039512;1.0002833987361648;1.0031001726048085;1.0034190283660476;0.9999928822879414;0.9999537734778965;1.0013584392171948;1.0009175042997869;1.0;0.9996669301238097;0.9995984053464839;0.9999724638239595;0.9988879628698105;0.998666314899266;1.0;0.9997147264666358;0.9995817579312027;1.0033014064169863;0.9999783867637578;1.0;0.9999752807112804;0.9999966276483555;1.024999976158142;
2016-07-15 12:30:00;1.0004532374093102;0.999892692202259;0.9999783694775736;1.000830836356658;1.0;1.0011186833187455;1.0034454049739123;1.0006758618884355;0.9999677826498559;1.0022147998356832;1.0;1.0;0.9999999999999999;1.0010733526428526;1.0;1.0002550744769259;1.0002911878351195;1.0;1.0026489451192826;0.9999794411137367;1.0;0.9999316943254015;1.0002814187340159;1.0032097358383036;1.0035411157531793;0.9999921212412624;0.9999465294287719;1.0014040837936478;1.000958272157802;1.0;0.9996526880595235;0.9995747794966866;0.9999750317948483;0.9988129671394662;0.9985724135787287;1.0;0.9996919112902243;0.9995444521770109;1.0034188512767002;0.9999805799598395;1.0;0.9999754115615478;0.9999972793504602;1.024999976158142;
2016-07-15 12:45:00;1.000454225334063;0.9998797743686312;0.9999759170438475;1.000835511820659;1.0;1.001124818100038;1.0034591059621207;1.0006863711543885;0.9999658547242134;1.0022239270873508;1.0;1.0;1.0;1.001079669115242;1.0;1.000267412311727;1.0003044029330452;1.0;1.0026614514396686;0.9999786314607197;0.9999999999999999;0.9999310570536423;1.0002945437128354;1.0032229131752257;1.003554414869127;0.9999927924602209;0.9999482962533824;1.0014110161499548;1.0009629169426795;1.0;0.999626357635792;0.9995329908864352;0.9999708903541061;0.998681237837183;0.9984467056373184;1.0;0.9996652798974466;0.9994764407730794;1.0034318914791858;0.9999771471607855;0.9999999999999999;0.9999739866679774;0.9999964257317144;1.024999976158142;
2016-07-15 13:00:00;1.0004649528806813;0.9998941219410334;0.9999829277543061;1.0008536645306783;1.0;1.0011489029379443;1.0035082531185522;1.0007035378752445;0.9999782636646913;1.0022588657276805;1.0;1.0;1.0;1.0011032547926477;1.0;1.0002703481934918;1.0003080480022297;1.0;1.0026997037932919;0.9999860943857195;0.9999999999999999;0.9999395543307525;1.0002978703443999;1.0032686387692682;1.0036053754199303;0.9999949252069488;0.9999523189328087;1.001437883904001;1.000983314847938;1.0;0.9996305675595599;0.9995370409692136;0.9999780659393481;0.9986927206658149;0.9984473503846024;1.0;0.9996233449681021;0.9993983264734356;1.003481250963713;0.9999825337863457;1.0;0.9999831324651868;0.999996830771928;1.024999976158142;
2016-07-15 13:15:00;1.0004595294319036;0.999932288131779;0.999986362989489;1.0008393928461736;1.0;1.0011278829472958;1.0034247052409422;1.0006929870006593;0.9999798552538447;1.0022157819146547;1.0;0.9999999999999999;1.0;1.0010876857905116;0.9999999999999999;1.0002691232849037;1.0003064412655136;0.9999999999999999;1.0026442713265185;0.9999872873136358;0.9999999999999999;0.999957926301828;1.000296482695676;1.003190811657021;1.0035191537885968;0.9999953871894297;0.9999674127082065;1.0014119980489529;1.0009552570657048;1.0;0.9996088956613187;0.9995023099178028;0.9999840575061689;0.9985802604737312;0.9983177227647737;1.0;0.9996990401795073;0.9995545237953577;1.003399797130386;0.9999875740568165;1.0;0.9999846741155061;0.9999982078046027;1.024999976158142;
2016-07-15 13:30:00;1.0004658617592619;0.9998934084233749;0.9999754867566404;1.0008538624395993;0.9999999999999999;1.001149335016859;1.0035422870140789;1.000695874592834;0.9999620416420755;1.0022794335475989;1.0;1.0;1.0;1.0011042911543404;1.0;1.0002668931635434;1.000304309884225;1.0;1.0027268346766955;0.9999760873916479;1.0;0.9999327056183412;1.0002943264744824;1.0033000832221837;1.0036401895682274;0.999991284385804;0.9999492897835315;1.001443878693073;1.0009952817658088;1.0;0.9995993125181403;0.9994860756784802;0.9999723625335629;0.9985273965226658;0.9982427370595629;1.0;0.9996830630613779;0.9995524303517515;1.0035150828692176;0.9999786482573048;1.0;0.999971265133837;0.9999972607687555;1.024999976158142;
2016-07-15 13:45:00;1.0004467914631165;0.9998540640506801;0.9999665869280595;1.000822636157069;1.0;1.0011083313706866;1.003457332634056;1.0006650797005865;0.9999484071931687;1.002212779439053;1.0;1.0;1.0;1.00106110163559;0.9999999999999999;1.0002557044321139;1.0002914298581407;1.0;1.0026528859062;0.9999678081097311;1.0;0.999908746706886;1.000281857967575;1.0032210174701501;1.0035529117507964;0.9999890027665477;0.9999315315566004;1.0013956345487471;1.000962110235745;1.0;0.9996185952792406;0.9995203264920111;0.9999620898606697;0.9986378406736922;0.9983903894482169;1.0;0.9997914202110506;0.9997305581873984;1.003429262292172;0.9999706812580692;1.0;0.9999610408150268;0.9999961990530912;1.024999976158142;
2016-07-15 14:00:00;1.0004114809022226;0.9998978071839036;0.9999783864188504;1.0007552694759334;1.0;1.0010199063982812;1.0031615870059614;1.0006091176973961;0.9999684715436417;1.002029089195942;1.0;1.0;1.0;1.000975920121116;1.0;1.000221435792917;1.0002539105815444;1.0;1.0024296066649434;0.9999790801851474;1.0;0.999937679753904;1.0002451903207943;1.0029444310275364;1.0032499127152965;0.9999904054544763;0.9999522923674239;1.001282248971522;1.0008667740072887;0.9999999999999999;0.9996638243750294;0.9995904073431632;0.9999751170954092;0.9988552887203839;0.9986476799166808;1.0;0.999900727642258;0.9998705679886086;1.0031369377954242;0.9999806118243303;0.9999999999999999;0.9999755775456861;0.99999723363301;1.024999976158142;
2016-07-15 14:15:00;1.0004229000255704;0.9998667935038565;0.9999745907939883;1.0007803681316076;1.0;1.0010592272840626;1.003319792572331;1.0006219569300667;0.9999667999583094;1.0021192451598075;1.0;1.0;1.0;1.0010067233917739;0.9999999999999999;1.000211445835437;1.0002443344155825;0.9999999999999999;1.0025434631028853;0.9999765907289471;1.0;0.9999260992548966;1.0002354896614618;1.0030904785720467;1.003413579136724;0.9999869816804317;0.9999437128779148;1.0013335418142;1.0009094585259948;1.0;0.9996099376317517;0.9995115532494282;0.9999691864155628;0.9986125829925782;0.9983670097346832;0.9999999999999999;0.9999265312815394;0.9998983394169249;1.0032926055257418;0.9999756290427763;1.0;0.9999734532407915;0.9999958861515872;1.024999976158142;
2016-07-15 14:30:00;1.0003987260755796;0.9998462465550206;0.9999722896370492;1.0007390766579782;1.0;1.000999376573296;1.0031159344312368;1.0006005765454455;0.9999641131459373;1.0019881259877097;1.0;1.0;1.0;1.0009518765037493;1.0;1.0002242391890832;1.0002563501376738;1.0;1.002386276527094;0.999976694846755;1.0;0.9999167466342785;1.0002477168666881;1.002902387846738;1.0032026136840835;0.9999907715683527;0.9999370981921395;1.0012555568808896;1.0008552390923942;1.0;0.9996711892538602;0.9995988553451404;0.9999649860959005;0.9988757254866037;0.9986502376746154;1.0;0.999941974656628;0.9999118137588594;1.0030895579275065;0.999972192035871;1.0;0.9999720637167072;0.9999951071627139;1.024999976158142;
2016-07-15 14:45:00;1.0004024744616604;0.9997772922104948;0.9999616477744651;1.0007541490333345;1.0;1.0010215902310036;1.0032214825966108;1.0006142378621374;0.9999523413271298;1.0020395801609359;1.0;1.0;0.9999999999999999;1.0009674564582345;1.0;1.0002343239277574;1.00026722831463;1.0;1.0024558764619877;0.9999696519724777;1.0;0.9998842706383524;1.0002583610951548;1.0030011109742512;1.003310796054573;0.9999894724244551;0.9999133382907104;1.0012843108433136;1.000894451782153;1.0;0.9996453270192911;0.9995545615669814;0.9999499426794176;0.9987307949960722;0.9984962231639966;0.9999999999999999;0.9999548061240247;0.9999270262600256;1.0031916684983428;0.9999600196011474;0.9999999999999999;0.9999629689984195;0.9999925773930687;1.024999976158142;
2016-07-15 15:00:00;1.0003842151833013;0.999669195600364;0.999942552983109;1.0007340672144711;1.0;1.0010015119954807;1.003255683300245;1.0005901382093347;0.999929709884035;1.0020296452039317;1.0;1.0;1.0;1.0009357007357538;1.0;1.0002200849190364;1.0002516419619687;1.0;1.002460822027153;0.9999549676809631;1.0;0.9998337651092437;1.0002431650522134;1.003032530391419;1.0033461960620627;0.9999839101933953;0.9998775818187561;1.0012646017998719;1.0008805833825865;1.0;0.9996801569155052;0.999627591360935;0.9999243918771017;0.9989846207638501;0.9987492243025173;1.0;0.9999566279651309;0.9999276413452868;1.0032209721972938;0.9999395189088435;1.0;0.9999452100500441;0.9999886129653887;1.024999976158142;
2016-07-15 15:15:00;1.0003930608165457;0.9996972107223434;0.9999485590658496;1.0007472404596944;1.0;1.0010186712543951;1.0032838560146191;1.00060221545305;0.9999384821732711;1.0020555106669935;1.0;1.0;1.0;1.0009542941538512;1.0;1.000222080906943;1.0002542345085248;0.9999999999999999;1.002487738022509;0.9999601477146497;1.0;0.9998490597583484;1.0002455924901537;1.0030585511073824;1.0033753526893816;0.9999850540447708;0.9998884517230571;1.001284392763326;1.0009093266074143;1.0;0.9996828077381573;0.9996182282142333;0.9999317409768987;0.9989391017274389;0.9987013812424234;1.0;0.9999522263366192;0.9999246678534215;1.0032500829056967;0.9999452750103297;1.0;0.9999517356734533;0.9999894847188524;1.024999976158142;
2016-07-15 15:30:00;1.0003889258142085;0.9998321677246719;0.999969297871669;1.0007237741701815;0.9999999999999999;1.0009909744863879;1.003173475281901;1.0005625050307836;0.9999632785413447;1.0020074364386382;1.0;0.9999999999999999;1.0;1.0009312030021056;1.0;1.0001673820267132;1.0001967147586972;1.0;1.0024192520758983;0.9999724006156319;1.0;0.9999137923853014;1.0001888299626296;1.0029524565193424;1.003264599312966;0.999981936491234;0.9999352557584626;1.0012521665060707;1.0008744265466156;1.0;0.9996942543041515;0.9996359323740497;0.9999616469032863;0.9989941004849672;0.9987852051191778;1.0;0.9999605132923068;0.9999339082965518;1.0031453545375586;0.9999693800245121;1.0;0.999969669498139;0.9999943357016927;1.024999976158142;
2016-07-15 15:45:00;1.0003964475156264;0.9997982068140747;0.9999645940519372;1.0007407399783563;1.0;1.0010097420501363;1.0032199069123258;1.000586476766168;0.9999567709347333;1.0020344347342673;1.0;1.0;1.0;1.0009510143006846;1.0;1.0001956513791836;1.000226531974572;1.0;1.002451834826226;0.9999700640710217;1.0;0.9998944217173988;1.0002181692680034;1.002997393237978;1.0033111288467873;0.9999847831832116;0.9999202008721216;1.0012733613023759;1.0008928959038519;1.0;0.9997005182668917;0.9996433628121044;0.9999548137504539;0.9990151058904378;0.9987941951796916;1.0;0.9999526683268537;0.9999233010103084;1.003190491123651;0.999963922394866;1.0;0.9999653833589369;0.9999933226906111;1.024999976158142;
2016-07-15 16:00:00;1.0003988280381393;0.9998558217470921;0.9999737463544345;1.000738519356959;0.9999999999999999;1.0010019799499017;1.0031392970994477;1.000592764110173;0.999966871398957;1.0020015912800844;0.9999999999999999;1.0;1.0;1.0009517786628879;1.0;1.000207639894194;1.0002391098628338;1.0;1.0024036130127272;0.9999771824812458;1.0;0.9999230698541194;1.0002306623766046;1.002922948267132;1.0032275443068328;0.9999884587718344;0.9999419184380146;1.0012605414300788;1.000867127562452;1.0;0.9997021505663879;0.9996454827495449;0.9999670995715929;0.9990221723906878;0.9988041208870353;1.0;0.9999602086114404;0.9999320157973293;1.0031129206091478;0.9999738333498055;1.0;0.9999736175238735;0.9999953317644129;1.024999976158142;
2016-07-15 16:15:00;1.000387652644565;0.9998893448843426;0.999979971236665;1.0007143987945881;1.0;1.000966727810369;1.0029987839032235;1.000577614412462;0.9999744069092491;1.001920889783888;0.9999999999999999;1.0;0.9999999999999999;1.0009223215131362;1.0;1.0002068914066733;1.0002376356579106;1.0;1.002301965409825;0.9999823853919305;1.0;0.9999394739087478;1.0002293824740027;1.0027925179498924;1.00308278426994;0.9999910291986206;0.9999537733258406;1.0012142070218162;1.0008194504085313;1.0;0.9996993868227312;0.9996418496287032;0.9999750714119446;0.9990104990519059;0.9988032029989987;0.9999999999999999;0.99996381899655;0.9999376267116604;1.0029747391906394;0.9999802045524677;1.0;0.9999796610763143;0.9999965217051631;1.024999976158142;
2016-07-15 16:30:00;1.0003877294462016;0.9999274176585621;0.9999852778847655;1.000709876448806;1.0;1.0009697929187096;1.0030567893091613;1.0005479126382868;0.9999817770815425;1.0019539552263361;0.9999999999999999;1.0000000000000002;1.0;1.000918190274134;1.0;1.0001521281826067;1.000180451004887;1.0;1.0023436980475857;0.9999833717451252;1.0;0.9999573161589514;1.0001727873427504;1.002843042487731;1.0031454314012325;0.9999838757457084;0.9999658580206566;1.0012239201043314;1.0008390441367296;1.0;0.9996880689933038;0.9996241810397958;0.9999837909179772;0.9989543111527626;0.9987480454346199;1.0;0.9999644975896363;0.9999383052869724;1.0030332440449286;0.9999872256956716;1.0;0.99998385656959;0.9999979234708422;1.024999976158142;
2016-07-15 16:45:00;1.0003821633136851;0.9999298554621364;0.9999876466990347;1.0007000330801077;0.9999999999999999;1.0009435272739133;1.0028812743641267;1.000573719903425;0.9999840386062472;1.001858683069436;1.0;1.0;1.0;1.0009060970436483;1.0;1.0002140711939538;1.0002447830769676;1.0;1.0022207685796494;0.9999891133043938;1.0;0.9999602600733528;1.0002365604810834;1.0026837493755927;1.0029614031173402;0.9999946036655422;0.9999690744154279;1.0011818866153837;1.0007844668071633;1.0;0.9997138338552634;0.9996619116080668;0.999984680404776;0.9990704964623122;0.9988636946337032;1.0;0.9999651974912176;0.9999378178699223;1.0028597533345265;0.9999878486841315;0.9999999999999999;0.9999873681241075;0.9999978885409634;1.024999976158142;
2016-07-15 17:00:00;1.0003802834680449;0.9999567151795958;0.9999921809938624;1.000693304094369;0.9999999999999999;1.000932870910013;1.0028283718122444;1.0005695137180564;0.9999891083727963;1.001831770756257;1.0;1.0;1.0;1.0008988581300164;1.0;1.000213355734683;1.0002438470037514;0.9999999999999999;1.0021847708130573;0.999992411318236;1.0;0.999972456799563;1.000235674212666;1.0026345542097945;1.0029069974799631;0.9999958318194423;0.9999777175221237;1.0011675330569627;1.0007693136892963;1.0;0.9997106433249712;0.9996550857304047;0.9999908818800279;0.9990462166598034;0.9988269938042544;1.0;0.9999699086358177;0.9999440973108152;1.0028083266176537;0.9999928548826749;1.0;0.9999913883952134;0.99999890983134;1.024999976158142;
2016-07-15 17:15:00;1.0003856048268036;0.9999533818864591;0.9999918020887149;1.0007035511280222;1.0;1.000945439671335;1.0028577980629352;1.0005819607969517;0.9999887385440904;1.0018521499847717;1.0;1.0;1.0;1.0009121445049214;1.0;1.000224093350369;1.000255383992896;1.0;1.002208586278718;0.9999926309049361;1.0;0.9999715796399036;1.000247020450662;1.0026623996880197;1.0029368079374046;0.999996858933492;0.9999773946796253;1.0011823219646079;1.0007827979638586;0.9999999999999999;0.9996964617292925;0.9996296212020711;0.9999900603325637;0.9989617755903426;0.9987104511044713;1.0;0.9999699877361136;0.9999445892149489;1.002837491096583;0.9999921729960939;1.0;0.9999912657679743;0.9999987388580496;1.024999976158142;
2016-07-15 17:30:00;1.0003826143568926;0.9999557661097125;0.9999925853252531;1.0006976534278003;1.0;1.0009384159427055;1.0028424162957064;1.000573939415155;0.9999899811766971;1.0018407850937447;1.0;1.0;1.0;1.000904302010531;1.0;1.000215922824099;1.0002466442076725;1.0;1.0021952598892494;0.9999930406018321;1.0;0.999971938530614;1.0002383909232693;1.0026477398265072;1.0029214023270043;0.9999962561355177;0.9999770285672165;1.0011739730112696;1.0007817857837107;1.0;0.9997063158255771;0.9996426919690091;0.9999911592519102;0.9990004925678139;0.9987751379108752;1.0;0.999969493934371;0.999943682620073;1.0028222410499676;0.9999930376852337;1.0;0.9999920562815027;0.9999988770809748;1.024999976158142;
2016-07-15 17:45:00;1.0003807305249997;0.99995122657708;0.999991498174166;1.0006948626582308;1.0;1.0009355189263622;1.002841252524061;1.0005702392943159;0.9999886636975326;1.0018382576222518;0.9999999999999999;1.0;0.9999999999999999;1.0009005264301445;0.9999999999999999;1.0002125889284192;1.0002430966951;1.0;1.0021934115497795;0.9999920294310157;1.0;0.9999702179423257;1.0002349163518836;1.0026464727574287;1.0029203083288498;0.9999955437676438;0.9999760563158956;1.0011710092703796;1.0007824250631236;1.0;0.9997040326424006;0.9996382344749399;0.9999898138941506;0.9989848274705343;0.9987507942759395;1.0;0.9999698240462005;0.9999440127233817;1.0028208610802396;0.999991965829848;1.0;0.9999909664105157;0.9999986826053177;1.024999976158142;
2016-07-15 18:00:00;1.0003846268839307;0.9999607129922314;0.9999916575914328;1.000700970471683;0.9999999999999999;1.000946687223752;1.0028920277604265;1.0005678555801778;0.9999885663426239;1.0018702836457993;0.9999999999999999;1.0;1.0;1.0009093027476197;0.9999999999999999;1.0001998021432137;1.0002300267302897;1.0;1.0022329215603103;0.9999908866122736;1.0;0.9999755834911925;1.0002219665704002;1.0026926848485536;1.0029732350528786;0.99999289727827;0.9999806383545309;1.001187332348932;1.0008205346212173;1.0;0.9996988217235487;0.9996148256103703;0.9999908639969682;0.9988915874018084;0.9986468275726877;1.0;0.9999701285521908;0.9999443172215121;1.0028715124892753;0.9999928714428143;1.0;0.9999904908946273;0.9999989659417007;1.024999976158142;
2016-07-15 18:15:00;1.0003829555797907;0.9999717878118425;0.9999916402894985;1.0006964062668635;1.0;1.0009427420360169;1.002897132820162;1.0005566542587638;0.9999872989843201;1.0018728248020754;1.0;1.0;1.0;1.0009041877836327;1.0;1.0001853512558914;1.0002148256990877;1.0;1.0022369035369536;0.9999892656422763;1.0;0.9999799398634426;1.0002069914997493;1.0026965455944539;1.0029791300502984;0.9999905100691014;0.9999842260525504;1.0011848981677725;1.0008321827950768;1.0;0.9996774006349025;0.999573998399313;0.9999920799486174;0.9987532653337043;0.9985208889417788;0.9999999999999999;0.9999703357480183;0.9999443646078864;1.002876862604879;0.999993993081593;1.0;0.9999892978436347;0.9999994332337695;1.024999976158142;
2016-07-15 18:30:00;1.0003817557905683;0.9999295508905935;0.99998523292196;1.000699133903694;0.9999999999999999;1.0009420557435114;1.002883322162374;1.0005723718688377;0.9999790021424363;1.0018604503383302;1.0;1.0;0.9999999999999999;1.000905367502044;1.0;1.0002157737711728;1.0002465322587177;1.0;1.0022236066381935;0.9999861541864942;1.0;0.9999592353204869;1.000238366585291;1.002685702734578;1.0029632505920525;0.9999938265803032;0.9999694328035841;1.0011814276861628;1.0008227623403967;1.0;0.9996712412337406;0.9995674439122268;0.9999825954202761;0.9987365040323425;0.9985209128847035;1.0;0.99998096871852;0.9999702414152811;1.0028617897999759;0.9999863731179737;1.0;0.9999837362822313;0.999997941085342;1.024999976158142;
2016-07-15 18:45:00;1.0003999879084646;0.9998992053171865;0.9999804310282369;1.0007357357106192;1.0;1.0009918087551366;1.0030484549482275;1.0006034973694307;0.9999734381152187;1.0019607850706953;1.0;0.9999999999999999;1.0;1.0009511744120079;1.0;1.0002305887172507;1.0002630615541317;1.0;1.0023465149570008;0.9999828792622546;1.0;0.9999444958051982;1.0002544301971799;1.0028397117962418;1.0031327993399668;0.9999932880180115;0.9999585948487051;1.0012439823227237;1.0008745885205448;1.0;0.9996167335925794;0.9994827196453221;0.9999759232518858;0.9984700933750589;0.998218748041119;1.0;0.999981647000963;0.9999709196904478;1.0030246867635944;0.9999809956295096;1.0;0.9999794804320542;0.999996859190328;1.024999976158142;
2016-07-15 19:00:00;1.000386028491111;0.9999638352909288;0.9999911303969685;1.0007022638934868;1.0;1.0009438530533645;1.0028630199953248;1.0005759097753837;0.9999852316433265;1.0018562365013493;0.9999999999999999;1.0;0.9999999999999999;1.0009110710003783;1.0;1.0002179826252615;1.000248883700191;1.0;1.0022132645879682;0.9999902723526564;0.9999999999999999;0.9999729990937609;1.0002406264596264;1.0026669408079947;1.0029424252623427;0.9999954619620146;0.9999784770095431;1.0011823617584936;1.0008250608727058;1.0;0.999657900233127;0.9995398684128611;0.9999908751575965;0.9986412357765883;0.9984086462589657;1.0;0.9999823553558971;0.9999728348147986;1.0028430793127008;0.9999930878577287;1.0;0.999988730527027;0.9999993633421441;1.024999976158142;
2016-07-15 19:15:00;1.000372487674077;0.9999527871249574;0.9999901019273064;1.0006797047866072;1.0;1.0009142149028385;1.0027751676063643;1.000559379393226;0.9999854849835196;1.001797198260247;1.0;1.0;1.0;1.0008813084668058;1.0;1.0002131144794804;1.0002431939978382;1.0;1.0021443675846586;0.9999904162504588;1.0;0.9999708393449255;1.0002351915642926;1.002585209515487;1.0028519644603238;0.9999956613141536;0.9999775376184471;1.0011448173358826;1.0007998345615985;1.0;0.9997007193047415;0.9996049063545981;0.9999886256080387;0.9988434800786946;0.9986194492369025;1.0;0.9999822636760008;0.9999727431357752;1.002755315406002;0.9999911434730172;1.0;0.9999887777743564;0.9999987479549106;1.024999976158142;
2016-07-15 19:30:00;1.0003853177423798;0.9999406304860236;0.9999875975796096;1.0007041461719433;1.0;1.0009468509588204;1.0028798259516563;1.0005799644237447;0.9999817589484681;1.001862778307745;0.9999999999999999;1.0;1.0;1.0009124081472285;1.0;1.0002234214745505;1.0002546494091737;1.0;1.0022236963744278;0.9999883113294898;1.0;0.9999638861740585;1.0002463397501995;1.0026828579826015;1.002959375806183;0.9999953973001952;0.9999724530612281;1.0011859988534746;1.000858758364076;1.0;0.999672803626706;0.9995432386407334;0.9999855558246704;0.9986268082583459;0.9983734902482948;1.0;0.9999834005384863;0.9999754679030963;1.0028588740879183;0.9999887419719623;1.0;0.9999860452485487;0.999998388638378;1.024999976158142;
2016-07-15 19:45:00;1.0003691382860787;0.999945341167033;0.9999892022677193;1.0006741585946062;1.0;1.0009066747534325;1.0027566870030622;1.000554270840399;0.9999842817190505;1.0017829631477324;1.0;1.0;1.0;1.000873390871836;0.9999999999999999;1.000211360555125;1.0002411177821529;1.0;1.0021279539152381;0.9999897693587948;0.9999999999999999;0.999965849131472;1.000233156903074;1.0025681052307496;1.0028330206723128;0.999995666634736;0.9999732645313718;1.001135422008914;1.0008716567386653;1.0;0.9997111270806812;0.9995659340516351;0.9999874265631834;0.9986512111655466;0.9984189475843747;1.0;0.9999816852597281;0.9999717519031607;1.002736702124541;0.99999018939444;1.0;0.9999879012004459;0.9999985770041528;1.024999976158142;
2016-07-15 20:00:00;1.0003637334884963;0.9999407444333797;0.9999889054654946;1.0006653865645556;1.0;1.0008953360059638;1.0027222571897791;1.0005483287657353;0.9999848903578006;1.0017599661508898;1.0;1.0;1.0;1.0008619000279553;1.0;1.0002096812096675;1.0002391627499987;1.0;1.0021012373083389;0.9999900953820752;1.0;0.9999658056006095;1.0002313040182986;1.0025360481677523;1.0027975456678515;0.9999957753618826;0.9999737027081135;1.0011209257482852;1.0008615098136504;1.0;0.9997301533754491;0.9995950885731253;0.9999864917234762;0.9987423203108909;0.9985097657658144;1.0;0.999981403170782;0.9999714698170166;1.0027022789942297;0.999989350558353;1.0;0.9999882571381982;0.9999982624873084;1.024999976158142;
2016-07-15 20:15:00;1.0003619515540358;0.9999347195240079;0.9999860009078074;1.0006630522201756;0.9999999999999999;1.0008929320132487;1.002726167776178;1.0005453919617482;0.9999802176787493;1.0017610864874251;1.0;1.0;1.0;1.0008590395703505;0.9999999999999999;1.000208910997121;1.00023833565511;1.0;1.0021044359736624;0.9999871267091618;0.9999999999999999;0.9999636807640961;1.0002305739741764;1.002539573689256;1.0028014082166312;0.9999946166830395;0.9999734740445059;1.0011193772556566;1.0008630836592882;1.0;0.9997238528913145;0.9995847830286134;0.9999833375708643;0.9987089742307954;0.998467221987626;0.9999999999999999;0.9999830152151845;0.999973875802963;1.0027058708720826;0.9999869340902575;0.9999999999999999;0.9999847255950303;0.9999979904622235;1.024999976158142;
2016-07-15 20:30:00;1.0003516576595846;0.9999634075974362;0.9999915360926424;1.0006412552831725;1.0;1.0008618060913774;1.0026049964651667;1.0005307789186155;0.9999874033373614;1.0016909098454616;1.0;1.0;0.9999999999999999;1.000832370628197;1.0;1.0002057411683036;1.0002344258319098;1.0;1.0020164377360383;0.9999918182066848;1.0;0.9999784251015479;1.0002268643799872;1.0024269247233488;1.0026767071360168;0.9999965306559712;0.9999841691819719;1.0010786275856038;1.0008250853598373;1.0;0.9997411834882559;0.9996108103440068;0.9999903017853776;0.9987895056713284;0.9985640678738056;1.0;0.9999828137184806;0.9999732931730183;1.0025866620605546;0.9999924622582874;1.0;0.9999903302929161;0.9999989584228277;1.024999976158142;
2016-07-15 20:45:00;1.0003497127159764;0.9999526336706235;0.9999900689472782;1.000639167463282;1.0;1.0008603227056558;1.002611352034277;1.0005273952163607;0.9999863239076944;1.0016913334103765;1.0;1.0;1.0;1.000828997455895;1.0;1.0002015614176814;1.0002300102241375;1.0;1.0020188354280535;0.9999908652930802;1.0;0.9999740801289407;1.0002225085521057;1.002432623361217;1.002683432281662;0.9999957359183691;0.9999810082586909;1.0010772946377422;1.0008278087908493;0.9999999999999999;0.9997521949217927;0.9996278463921308;0.9999881005731949;0.9988431091177947;0.9986334800050551;1.0;0.9999831054122108;0.9999747599569814;1.0025924859527242;0.9999906407169102;1.0;0.9999893223769939;0.9999985108726654;1.024999976158142;
2016-07-15 21:00:00;1.0003478455721178;0.9999583815303132;0.9999911987463036;1.0006348982206368;1.0;1.0008546174390034;1.0025931334764908;1.0005225774591513;0.9999876300951273;1.0016801663321755;1.0;1.0;1.0;1.0008235929589533;1.0;1.000197636741295;1.0002257582346012;1.0;1.0020048571733626;0.999991563619882;1.0;0.9999759989727194;1.0002183162978127;1.0024155353045987;1.0026648915349026;0.9999956951727602;0.9999819715722282;1.001070187189742;1.0008214351080114;1.0;0.9997625550949628;0.9996446125856652;0.9999897109948367;0.9988968647623973;0.9987019416358776;1.0;0.9999831914882756;0.9999740520744431;1.002574613567061;0.9999919411011696;1.0;0.9999902959360988;0.9999987768015426;1.024999976158142;
2016-07-15 21:15:00;1.0003473630127477;0.9999521261562697;0.9999905817548608;1.0006348637992242;1.0;1.0008535321575167;1.0025841105409177;1.0005260667640248;0.9999870576163149;1.0016743715674619;1.0;0.9999999999999999;1.0;1.00082326593952;1.0;1.0002044001766508;1.0002328081874765;0.9999999999999999;1.0019978411211363;0.9999916541854705;1.0;0.9999733601965888;1.0002252932655147;1.0024075697407948;1.0026552476863317;0.9999966705869645;0.999980111161468;1.0010679698187877;1.000819684580347;1.0;0.999766950966888;0.9996505379854241;0.9999884937885325;0.9989144233437344;0.9986959720501527;1.0;0.9999838022171046;0.99997545675606;1.0025654554665728;0.9999909341981417;1.0;0.9999900175882701;0.9999985299773076;1.024999976158142;
2016-07-15 21:30:00;1.000342306102267;0.999956283451378;0.9999905975512148;1.0006252763913221;0.9999999999999999;1.0008410030947517;1.0025482509567243;1.0005170915749837;0.9999867243938222;1.0016517757395393;1.0;0.9999999999999999;1.0;1.0008111934166715;0.9999999999999999;1.000199597380421;1.000227531284759;1.0;1.0019709874395049;0.9999913036936257;1.0;0.9999757103872494;1.0002201707838743;1.0023740151606928;1.002618437749561;0.9999962323540902;0.9999822727471244;1.0010528346324084;1.0008072531675045;0.9999999999999999;0.9997732795026124;0.9996609944889367;0.9999888231705639;0.9989479603510143;0.9987454635055454;1.0;0.9999832099130567;0.9999736893638222;1.0025299631666096;0.9999912369894182;1.0;0.9999897290391796;0.9999986545665068;1.024999976158142;
2016-07-15 21:45:00;1.0003503298070444;0.9999503798618178;0.9999888891734356;1.0006403422473986;0.9999999999999999;1.000861804731907;1.0026196611166538;1.0005278666137407;0.9999840307099137;1.0016962666011027;0.9999999999999999;1.0;1.0;1.0008305155914732;1.0;1.000202449999072;1.0002309497939383;1.0;1.002025118534581;0.9999895155912881;1.0;0.999972117340043;1.0002234454719663;1.002440391888147;1.0026919106705907;0.9999953915657017;0.999979766698472;1.0010797206245805;1.000832171749212;0.9999999999999999;0.9997507360963138;0.9996242036119848;0.9999869873981478;0.9988296164943103;0.9986025168489773;1.0;0.9999835637754744;0.9999752183164196;1.002600681449811;0.9999898286783759;1.0;0.9999876572743558;0.999998492685617;1.024999976158142;
2016-07-15 22:00:00;1.0003366837887053;0.9999483880181687;0.999988076727762;1.0006155127739;1.0;1.0008280309672684;1.002520700470947;1.0005070193754908;0.9999822358098649;1.0016312345159646;1.0;1.0;1.0;1.0007980156600882;0.9999999999999999;1.0001957258882272;1.000223111719442;0.9999999999999999;1.00194783842893;0.9999885977083298;1.0;0.9999698360927655;1.0002158917856192;1.0023483796094568;1.0025901217240862;0.9999954256420208;0.9999779914880271;1.0010378084192553;1.0007955618102435;1.0;0.9997842693820705;0.9996800550051299;0.9999862517092767;0.9990100480764674;0.9988112957313439;1.0;0.999981805313932;0.9999722847780703;1.0025023018192263;0.99998930866359;1.0;0.9999864294768942;0.9999985124263734;1.024999976158142;
2016-07-15 22:15:00;1.0003361794995955;0.9999260600067759;0.9999857359556665;1.0006172802676532;0.9999999999999999;1.000830971185007;1.0025384958184886;1.0005092972098866;0.9999806127300119;1.0016371321314474;1.0;1.0;1.0;1.0007987597075683;1.0;1.0001976565868498;1.0002251321693638;1.0;1.00195709968997;0.9999876774808151;1.0;0.999959431259264;1.000217844056568;1.0023651301997263;1.0026084021809338;0.9999954851595342;0.9999698017919255;1.0010411136794064;1.0007915630850663;1.0;0.9997898436551854;0.9996958854519366;0.9999823456026712;0.9990689753534059;0.9988810682989513;1.0;0.9999821775982021;0.9999734510143387;1.002519099973374;0.9999860600371235;1.0;0.999985098724248;0.9999976873666082;1.024999976158142;
2016-07-15 22:30:00;1.000337267416611;0.9999196386020676;0.9999830918079219;1.000619846659026;1.0;1.0008361261899126;1.0025737297838049;1.0005067503699474;0.999976346415906;1.0016563540240175;1.0;0.9999999999999999;1.0;1.0008019038682605;1.0;1.0001916481481248;1.0002189327849016;1.0;1.0019823862109658;0.9999845918088118;1.0;0.9999556838984769;1.0002117252985492;1.0023974746521578;1.0026449035088467;0.9999935289025175;0.9999675878894867;1.001049648171762;1.0008009273044682;1.0;0.9997767642374971;0.9996768535680756;0.9999797038563182;0.9990106145035572;0.9988151124667236;1.0;0.9999848219631251;0.9999760953561853;1.0025537465282273;0.9999840587507122;1.0;0.9999817268580056;0.9999975027885475;1.024999976158142;
2016-07-15 22:45:00;1.0003345723817112;0.9999470693704137;0.9999858168113436;1.0006110427301393;1.0;1.000822501554229;1.0025191296779112;1.0004986945055623;0.9999772341429752;1.0016282620999308;1.0;1.0;1.0;1.0007920703204458;1.0;1.0001894923022414;1.0002163709133247;1.0;1.0019453590144152;0.9999853446409175;0.9999999999999999;0.9999659159769011;1.0002092806968708;1.0023466781649546;1.0025887158833169;0.9999939058698245;0.9999751140400427;1.0010329135497438;1.000784223979095;0.9999999999999999;0.9997977943990487;0.9997091574287007;0.9999846795669898;0.9991119112418039;0.9989242078526989;1.0;0.9999842900424472;0.9999759445773313;1.0025007092715736;0.9999882696302645;0.9999999999999999;0.9999827034344239;0.9999986924856777;1.024999976158142;
2016-07-15 23:00:00;1.0003394450240317;0.9999279066075564;0.9999825891443429;1.0006220358434639;0.9999999999999999;1.0008369563236168;1.0025691017276877;1.000509590285446;0.999973132759171;1.0016570886751548;1.0;0.9999999999999999;1.0;1.0008052507574607;1.0;1.0001980866944458;1.000225626490974;1.0;1.0019814711726989;0.9999831474832241;1.0;0.999956288990369;1.0002183582373076;1.002393586819771;1.0026397761212593;0.999993991187792;0.9999681234291261;1.0010509839145296;1.0008085314150952;1.0;0.9997798945136805;0.999675125665107;0.9999802837472899;0.9989967325720109;0.9988015171676425;0.9999999999999999;0.9999843522612812;0.999976006795646;1.0025496639922686;0.999984753160203;1.0;0.9999796805299318;0.9999980299597911;1.024999976158142;
2016-07-15 23:15:00;1.0003295017141436;0.9999362958126359;0.9999848854442468;1.0006034017579246;1.0;1.000811609228213;1.00248208795933;1.0004960235286229;0.9999769477370739;1.001603191281204;0.9999999999999999;1.0;0.9999999999999999;1.0007815415222368;1.0;1.0001934213995194;1.000220247076977;1.0;1.001915947001363;0.9999855290719569;1.0;0.9999620067125332;1.000213174315773;1.0023125887762252;1.0025503031961274;0.9999948332758243;0.9999723584037087;1.0010182905143739;1.0007907803482115;1.0;0.9998130228431747;0.9997196954923732;0.9999827235237988;0.9991285419390125;0.9989483809165322;1.0;0.999985236679022;0.9999765100684629;1.0024635361018213;0.999986610103885;1.0;0.9999825419359863;0.9999982169059091;1.024999976158142;
2016-07-15 23:30:00;1.000326014542884;0.9999329117149081;0.9999843601246395;1.0005975488549497;0.9999999999999999;1.000805340475563;1.0024750923519663;1.0004878397023014;0.9999766877285045;1.0015957032313623;1.0;1.0;1.0;1.0007737070860185;1.0;1.000184835940459;1.000211117988654;1.0;1.0019084995921124;0.999984912551836;1.0;0.9999607198671798;1.000204183238174;1.0023056449439316;1.0025434870189098;0.9999937162926105;0.9999713546068822;1.0010113758143286;1.0007860392709742;1.0;0.9998144177817386;0.9997236917891151;0.9999820498467648;0.9991433896122387;0.9989640360568864;1.0;0.9999849246802681;0.9999765792098559;1.0024563309432803;0.9999860491843853;1.0;0.9999821392868274;0.9999980733436206;1.024999976158142;
2016-07-15 23:45:00;1.000321355351873;0.999945111793432;0.9999872293266638;1.0005880094270692;1.0;1.0007914768733548;1.002416555736821;1.0004831156639231;0.9999809626950266;1.001562075031669;1.0;1.0000000000000002;1.0;1.0007620599810187;1.0;1.000185619600409;1.0002117021958963;0.9999999999999999;1.0018662263904217;0.9999877569586981;1.0;0.9999680064775397;1.0002048284709697;1.0022513237967978;1.0024831436962256;0.9999950426142807;0.9999767316634007;1.0009926337090178;1.0007670174146361;1.0;0.9998310077832351;0.9997497661222353;0.9999852922034559;0.9992260371400508;0.999059924815362;1.0;0.9999847175794008;0.9999751970158122;1.002398688674337;0.9999885651685425;1.0;0.9999854476986925;0.9999984137183376;1.024999976158142;
2016-07-16 00:00:00;1.0003282926527826;0.99992140807865;0.9999830890966975;1.0006032263255376;1.0;1.0008126148363599;1.002495914384034;1.000495106154219;0.9999757965307576;1.0016076462310668;1.0;1.0;1.0;1.000780392436825;1.0;1.0001913041649155;1.0002180407548653;0.9999999999999999;1.001923460063287;0.9999846157719637;1.0;0.9999560034048316;1.000210984340176;1.002325347897207;1.0025646355287765;0.9999942660540201;0.9999679282014744;1.0010197931904803;1.0007940544118445;1.0;0.9998140119436881;0.9997222007062431;0.9999798353424901;0.999137661800822;0.9989678203860662;1.0;0.9999845398712455;0.9999758132667673;1.0024766068464566;0.9999842036545012;1.0;0.9999814843765228;0.9999975984004567;1.024999976158142;
