;('LV4.101 Bus 1', 'L1');('LV4.101 Bus 10', 'L1');('LV4.101 Bus 11', 'L1');('LV4.101 Bus 12', 'L1');('LV4.101 Bus 13', 'L1');('LV4.101 Bus 14', 'L1');('LV4.101 Bus 15', 'L1');('LV4.101 Bus 16', 'L1');('LV4.101 Bus 17', 'L1');('LV4.101 Bus 18', 'L1');('LV4.101 Bus 19', 'L1');('LV4.101 Bus 2', 'L1');('LV4.101 Bus 20', 'L1');('LV4.101 Bus 21', 'L1');('LV4.101 Bus 22', 'L1');('LV4.101 Bus 23', 'L1');('LV4.101 Bus 24', 'L1');('LV4.101 Bus 25', 'L1');('LV4.101 Bus 26', 'L1');('LV4.101 Bus 28', 'L1');('LV4.101 Bus 29', 'L1');('LV4.101 Bus 3', 'L1');('LV4.101 Bus 30', 'L1');('LV4.101 Bus 31', 'L1');('LV4.101 Bus 32', 'L1');('LV4.101 Bus 33', 'L1');('LV4.101 Bus 34', 'L1');('LV4.101 Bus 35', 'L1');('LV4.101 Bus 36', 'L1');('LV4.101 Bus 37', 'L1');('LV4.101 Bus 38', 'L1');('LV4.101 Bus 39', 'L1');('LV4.101 Bus 4', 'L1');('LV4.101 Bus 40', 'L1');('LV4.101 Bus 41', 'L1');('LV4.101 Bus 42', 'L1');('LV4.101 Bus 43', 'L1');('LV4.101 Bus 44', 'L1');('LV4.101 Bus 5', 'L1');('LV4.101 Bus 6', 'L1');('LV4.101 Bus 7', 'L1');('LV4.101 Bus 8', 'L1');('LV4.101 Bus 9', 'L1');('MV1.101 Bus 52', 'L1');('metainfo', 'in the first', 'few indices')
2016-09-26 00:00:00;1.0;0.9999113241831684;1.0;0.9999958684250726;0.9999999999999999;0.9999942471932721;1.0002360684227187;0.9999591207881258;0.9999808108033668;1.0;0.9999673045957642;1.0;1.0000270368586324;1.0;0.9999223931365178;0.9999267384205283;0.9999282901311202;0.9999968072337164;0.9999967438697762;0.9999894586101218;1.0;0.9999262674007944;0.9999276583350214;1.000221461363811;1.000242804050783;0.9999902125531429;0.9999342450023456;0.999996955150911;0.9995133382385801;0.9992088620787147;0.9990919751441828;0.9990412918312696;0.9999873346318292;0.9985738200083137;0.9983926242917206;0.9992942506226908;0.9995954449248857;1.0;1.0;0.9999903249122652;0.9999920046533363;0.9999933682583346;1.0;1.024999976158142;simulation#5744
2016-09-26 00:15:00;0.9999999999999999;0.9999493264219907;1.0;0.9999966167111837;1.0;0.9999957405575381;1.0002282405929235;0.9999678888041231;0.9999882195360942;1.0;0.9999788263029075;1.0;1.000027019834213;1.0;0.999939705271908;0.9999413433089779;0.9999425243832529;0.9999977969838744;0.9999977692631603;0.999992899799859;1.0;0.9999549494750996;0.9999420594161899;1.0002140980647343;1.0002346062382057;0.9999926384935868;0.9999592082731007;0.9999977579151854;0.9994825698775262;0.9991689519891004;0.9990618722812352;0.9990175860658863;0.9999931692685161;0.9985445726750706;0.9983490591373684;0.9992828881637386;0.9995890567359563;1.0;1.0;0.9999948703452753;0.9999941565570858;0.9999955394834099;1.0;1.024999976158142;comment data format: active and reactive powers in Watts
2016-09-26 00:30:00;1.0;0.9999616968666227;1.0;0.9999974573524191;1.0;0.99999654209621;1.0002261861380957;0.9999759233825603;0.9999906397071349;1.0;0.9999829452567625;1.0;1.0000266729344816;1.0;0.9999565882620253;0.9999570714767393;0.9999578049461554;0.9999976866943322;0.999997668015297;0.9999941706795699;1.0;0.9999633461628535;0.9999574499177902;1.0002123682385748;1.000232355103098;0.9999938921606392;0.9999662815491639;0.9999981833609823;0.9994508632090513;0.9991274794097924;0.9990085289030756;0.9989592692080239;0.9999953223480094;0.9984631092841645;0.9982673139835841;0.9992338848423608;0.9995616361055417;0.9999999999999999;1.0;0.9999965671415443;0.9999947452010526;0.999996222101115;1.0;1.024999976158142;step time in minutes: 15
2016-09-26 00:45:00;1.0;0.9999495223084373;1.0;0.9999961770235327;1.0;0.9999947489058821;1.0002272567097275;0.9999678611333757;0.9999859473178155;1.0;0.9999779111504203;1.0;1.0000266800327509;0.9999999999999999;0.9999431006686909;0.999943873274718;0.9999448592820869;0.999997576404376;0.9999975494168178;0.9999917366682058;1.0;0.9999521842741464;0.9999444301318309;1.0002132263322283;1.0002335948706356;0.9999920943599478;0.9999567175655537;0.9999972396922946;0.9994826645298086;0.9991688571181998;0.9990621699160773;0.9990177797183037;0.9999929302339378;0.9985473583754166;0.9983514269354865;0.9992811696055361;0.9995878495805276;1.0;1.0;0.9999948063782277;0.9999936764199705;0.9999944546621027;1.0;1.024999976158142;start time of simulation: 2016-09-26 00:00:00+00:00
2016-09-26 01:00:00;0.9999999999999999;0.999960585862411;1.0;0.999997468705865;0.9999999999999999;0.9999961951282395;1.0002216580859997;0.999980602767801;0.9999886478238876;1.0;0.9999845842171284;1.0;1.0000270921255725;1.0;0.9999665916735088;0.9999678065612321;0.9999683810002332;0.9999986625861685;0.9999986467456446;0.9999939581762247;1.0;0.9999647648415443;0.9999681362019488;1.0002082898426239;1.0002273893249285;0.9999950824970284;0.9999688456076133;0.9999980021539518;0.999584856556286;0.9993226255766743;0.9992134546504755;0.9991681315475048;0.9999937485663308;0.9987817641251676;0.9986312552099363;0.9993725719557868;0.9996396672918686;1.0;0.9999999999999999;0.9999953409896559;0.9999962093608291;0.9999958082815077;1.0;1.024999976158142;end time of simulation: 2016-10-10 00:00:00+00:00
2016-09-26 01:15:00;1.0;0.9999414372243758;1.0;0.9999972174543486;1.0;0.9999958288010682;1.000223012977936;0.9999737453343606;0.9999863424722504;1.0;0.9999777390227498;1.0;1.000026115604041;1.0;0.9999522009794191;0.9999544624292445;0.9999553183512725;0.9999975242820914;0.9999974968780955;0.9999924892758897;1.0;0.9999492293861653;0.9999549197437856;1.000209465986084;1.0002290677769203;0.9999932234543573;0.9999544860550164;0.9999978048750717;0.9996395845755021;0.9994023814999412;0.9992954948929763;0.9992516367513955;0.9999917440721642;0.998906175734132;0.998775351674456;0.9994299333296862;0.9996726657845304;1.0;1.0;0.9999937648299397;0.9999942447866084;0.9999950910290761;1.0;1.024999976158142;"[""terminal(s) with malfunction: ['LV4.101 Bus 6']"", 'type of malfunction: EVSE without P(U) control']"
2016-09-26 01:30:00;1.0;0.9999497128594902;1.0;0.9999969004047965;1.0;0.9999956890303872;1.000220228143353;0.9999729128181931;0.9999872183719519;1.0;0.9999800338227286;1.0;1.0000263054024752;1.0;0.9999507623867978;0.9999524956277622;0.9999534167245666;0.999998084907078;0.9999980633201027;0.9999928614185166;1.0;0.999955699604948;0.9999530402901002;1.0002067509548713;1.0002261919876996;0.9999934773894147;0.9999604065022224;0.9999977346440687;0.999689214797171;0.999474248740184;0.9993601125949504;0.9993109378232707;0.999992622081774;0.9990029577419357;0.998895904797312;0.999456462906588;0.9996873028367389;1.0;1.0;0.9999944639611759;0.9999948538428484;0.9999952926545217;1.0;1.024999976158142;terminals with PVs: ['LV4.101 Bus 11', 'LV4.101 Bus 1', 'LV4.101 Bus 2', 'LV4.101 Bus 9', 'LV4.101 Bus 21', 'LV4.101 Bus 29', 'LV4.101 Bus 13', 'LV4.101 Bus 18', 'LV4.101 Bus 5', 'LV4.101 Bus 44']
2016-09-26 01:45:00;1.0;0.9999620685423964;1.0;0.9999967725722377;0.9999999999999999;0.9999963335727742;1.0002145262629207;0.9999687791482618;0.999991276671989;0.9999999999999999;0.9999823747308653;1.0;1.000025529490182;1.0;0.9999406940683792;0.9999414699177864;0.9999426542052846;0.9999980788909353;0.9999980599685007;0.9999941717877499;1.0;0.9999647296548448;0.9999422081584809;1.0002011097679264;1.0002205843747798;0.9999931857008981;0.9999675519200711;0.9999980734808289;0.999822346414421;0.9996719699222731;0.9995637287108285;0.999517927123387;0.9999953417424399;0.9993168863900087;0.9992607809670029;0.9995945999681181;0.9997654926307395;1.0;1.0;0.9999965444909859;0.9999946913428845;0.9999964605718317;1.0;1.024999976158142;terminals with EVSE: ['LV4.101 Bus 19', 'LV4.101 Bus 21', 'LV4.101 Bus 22', 'LV4.101 Bus 38', 'LV4.101 Bus 12', 'LV4.101 Bus 18', 'LV4.101 Bus 43', 'LV4.101 Bus 23', 'LV4.101 Bus 14', 'LV4.101 Bus 6']
2016-09-26 02:00:00;0.9999999999999999;0.999974278358105;0.9999999999999999;0.9999982408248499;1.0;0.9999977096763429;1.0002101182080072;0.9999832459022852;0.9999938605863152;1.0;0.9999886762969015;1.0;1.0000255276698629;1.0;0.9999692309538806;0.999969714174704;0.9999702697938063;0.9999985876332743;0.9999985780214697;0.9999961750856731;1.0;0.999975927675087;0.9999700246877798;1.0001973741748684;1.0002156371124724;0.9999959408440001;0.9999779401404464;0.999998798763735;0.9998479344065722;0.9997144821191646;0.999607104813611;0.9995631255640655;0.9999967802113661;0.9993960792138606;0.9993538460547259;0.9996189540012728;0.9997793494366588;1.0;1.0;0.9999976181577322;0.9999966131298477;0.9999975566545475;1.0;1.024999976158142;
2016-09-26 02:15:00;1.0;0.9999698819319216;0.9999999999999999;0.999998371853995;1.0;0.9999978001037145;1.000210406858493;0.9999851987081523;0.9999929357986252;0.9999999999999999;0.999988979336693;1.0;1.000026179685544;1.0;0.9999720183005829;0.9999735862130915;0.999974170809665;0.9999991912382553;0.9999991843615529;0.9999962329442736;1.0;0.9999752901375852;0.999973960406266;1.0001977307929215;1.000215751138885;0.9999966774106299;0.9999782368637568;0.9999988470392456;0.999843760072886;0.9997081169634116;0.9995936968376433;0.9995455135441668;0.9999953632681883;0.9993752452354797;0.9993358592720324;0.9995979784694119;0.9997674045922056;1.0;1.0;0.9999964608710201;0.9999975192051666;0.9999975790517825;0.9999999999999999;1.024999976158142;
2016-09-26 02:30:00;1.0;0.9999711645248649;0.9999999999999999;0.9999979274032925;1.0;0.9999976883257969;1.0002095513384364;0.9999808696890058;0.9999934719223664;1.0;0.9999890517382485;0.9999999999999999;1.0000264166041064;0.9999999999999999;0.9999622386865776;0.9999639975314659;0.999964873565264;0.9999995635228244;0.9999995572159904;0.999996331818592;1.0;0.9999772225550327;0.9999646126465876;1.0001967399255731;1.0002149605412434;0.9999963510545862;0.9999800604485432;0.9999987883773073;0.9998731689725555;0.9997447785629833;0.9996345298876024;0.9995854344455233;0.9999954324759417;0.9994213517097532;0.9993853196205621;0.9996323974653781;0.9997868840053374;1.0;1.0;0.9999964868625802;0.9999976547753561;0.9999977916839345;1.0;1.024999976158142;
2016-09-26 02:45:00;1.0;0.9999723853202194;0.9999999999999999;0.9999980221136245;0.9999999999999999;0.9999975833848043;1.0002093276096509;0.9999826124948918;0.9999931736095292;1.0;0.9999892108680117;1.0;1.0000261968460586;1.0;0.9999668831075732;0.9999682220246124;0.9999689371064077;0.9999993628516505;0.9999993562833246;0.9999961848433038;1.0;0.9999769983630282;0.9999687044315826;1.0001966012377557;1.0002147089918783;0.9999963846002322;0.9999797210624991;0.9999987335616242;0.9998634031337862;0.999732619866047;0.9996225700514759;0.9995745928412463;0.9999956820367732;0.9994007355367196;0.9993625320893262;0.9996297281120955;0.9997856313506007;1.0;1.0;0.9999967193513216;0.9999975045439741;0.9999975784439217;1.0;1.024999976158142;
2016-09-26 03:00:00;1.0;0.9999754702296962;1.0;0.9999979791103589;1.0;0.9999977660027136;1.0002083340002335;0.9999811423522782;0.9999943170328647;1.0;0.999989662537179;1.0;1.0000259995904142;0.9999999999999999;0.9999634054570019;0.9999644739848405;0.9999652744490167;0.9999993046840786;0.9999992988674343;0.9999965233276491;1.0;0.9999791432479036;0.9999650152493071;1.0001955806291987;1.0002137734439935;0.9999962207994777;0.9999813260026572;0.999998829676609;0.9998800560241553;0.9997588923568639;0.999653778277052;0.9996093684576349;0.9999964490024973;0.9994635001888932;0.9994301933985823;0.999650110280736;0.9997965466806313;1.0;0.9999999999999999;0.9999973061181273;0.9999973671204736;0.9999979016198706;1.0;1.024999976158142;
2016-09-26 03:15:00;1.0;0.9999785530659613;1.0;0.9999979616564115;1.0;0.9999974493714651;1.0002082440407258;0.9999843466923263;0.9999934269660024;1.0;0.999991064802586;1.0;1.000026344606195;0.9999999999999999;0.9999713583408042;0.9999721309686646;0.9999727296816138;0.9999996462952393;0.999999641788054;0.9999963622775392;1.0;0.9999812151089533;0.9999725474728569;1.0001956093284734;1.0002135246155253;0.9999967642230576;0.9999835891766207;0.9999986642933699;0.9998825699038735;0.99976217237132;0.9996527104822609;0.9996055074737207;0.9999963158086087;0.9994509492422348;0.9994211939484442;0.99964847110427;0.9997956644968367;1.0;1.0;0.9999972471531658;0.999997948432995;0.9999975538384156;1.0;1.024999976158142;
2016-09-26 03:30:00;1.0;0.9999742726325299;1.0;0.9999978763593653;1.0;0.9999973913559748;1.00020856987802;0.9999828092503522;0.9999928947398719;1.0;0.9999899184872356;1.0;1.0000263826733002;1.0;0.9999676871315283;0.9999689466130793;0.9999696547593733;0.9999996462952393;0.9999996408414904;0.9999961334899353;1.0;0.999978595470131;0.9999694437810549;1.0001958872612269;1.0002138819161133;0.9999965519360698;0.9999813831610026;0.9999986333871816;0.9998798369950163;0.999757445480042;0.9996517781721239;0.9996065207690715;0.9999956318779639;0.9994558050546786;0.9994218245671678;0.9996494451759391;0.9997966024579691;1.0;1.0;0.9999966931433341;0.9999978331172201;0.9999974701529515;1.0;1.024999976158142;
2016-09-26 03:45:00;1.0;0.9999644037607093;1.0;0.9999977404476468;1.0;0.9999967598326306;1.000210031925126;0.9999837505658744;0.9999897253175926;1.0;0.9999877181088556;1.0;1.0000266664137254;1.0;0.9999707104630463;0.9999727587290335;0.9999733887225348;0.9999997243760974;0.9999997186196367;0.9999950055051202;1.0;0.9999714744590604;0.999973203764776;1.0001973927422165;1.0002152569451968;0.9999964880931226;0.9999757302880833;0.9999983027338045;0.9998606589731868;0.9997294643710608;0.9996189290100165;0.9995712183081177;0.9999934686557881;0.9994053115417605;0.9993671079194433;0.9996213013018245;0.9997804674945714;1.0;1.0;0.99999503490465;0.9999978639117564;0.9999965468669807;1.0;1.024999976158142;
2016-09-26 04:00:00;0.9999999999999999;0.9999737169665471;1.0;0.9999973217056296;1.0;0.9999970207291202;1.0002095400630842;0.9999767143797105;0.9999930111092467;1.0;0.9999881813459851;0.9999999999999999;1.0000261535857171;1.0;0.9999556215571185;0.9999564991181383;0.9999574562257431;0.9999993214416203;0.9999993138331322;0.9999956856930861;1.0;0.99997674011669;0.9999571570203255;1.000196587756666;1.0002151106141413;0.9999953811716541;0.9999792003073259;0.9999984384948649;0.9998617089785322;0.9997313946851453;0.9996248245177417;0.9995795873902898;0.9999960314631196;0.9994171715721476;0.9993770653951947;0.9996305582724441;0.9997859159182908;1.0;1.0;0.9999970290206698;0.9999969256842368;0.9999973090373764;1.0;1.024999976158142;
2016-09-26 04:15:00;1.0;0.9999727439154099;1.0;0.9999979680913833;1.0;0.9999977588750341;1.0002086216804997;0.9999812716034512;0.999993801932729;1.0;0.9999895126361074;1.0;1.000026318843003;0.9999999999999999;0.9999630483901784;0.999964676706185;0.9999655329223921;0.9999995850000664;0.9999995801381198;0.9999964786703719;1.0;0.9999783696789242;0.9999652787195085;1.0001958665614592;1.0002140037300808;0.9999964446031733;0.9999810387674981;0.9999988261701529;0.9998597112689436;0.9997291531933223;0.9996215196845075;0.9995757469268473;0.999995698116011;0.9994109051011781;0.9993713087374964;0.9996276694475238;0.9997837136515463;1.0;0.9999999999999999;0.9999966947109712;0.9999977237548774;0.9999978853129341;1.0;1.024999976158142;
2016-09-26 04:30:00;1.0;0.9999812671948697;1.0;0.9999987075461072;1.0;0.9999983334204563;1.0002072366020205;0.9999891744053084;0.9999951228844712;1.0;0.9999928788773382;1.0;1.0000262026118578;1.0;0.9999797215359255;0.9999806437858615;0.9999810755056159;0.9999996156454579;0.9999996129953762;0.9999973810243152;1.0;0.9999844344252098;0.999980935049609;1.0001947933198645;1.0002123898083393;0.9999976991135474;0.9999863799491053;0.9999991282216357;0.9998435453104675;0.9997118681619566;0.999602072707225;0.9995578108895471;0.9999969481485335;0.9993792001523285;0.9993400840520725;0.9996211577819553;0.9997807821707847;1.0;1.0;0.99999768427364;0.9999984299650937;0.9999982876585671;1.0;1.024999976158142;
2016-09-26 04:45:00;1.0;0.9999770417717005;1.0;0.9999984530989285;1.0;0.9999981342328641;1.0002092535820517;0.9999862659420893;0.9999945114217638;1.0;0.9999914241616906;1.0;1.000026440631717;1.0;0.9999734299204437;0.9999747530211601;0.9999753508390037;0.9999996049090487;0.9999996002812631;0.9999970179780037;1.0;0.9999815810989191;0.9999751659637528;1.0001966129535027;1.0002145213765536;0.9999972427451923;0.9999839073497669;0.999999022722996;0.9998523829993566;0.99972198822328;0.9996107055142095;0.9995646703989464;0.9999963057159469;0.9993954694949604;0.9993584497151988;0.9996192388877652;0.9997791770431627;1.0;1.0;0.9999971709479591;0.9999981731861572;0.9999981294544349;0.9999999999999999;1.024999976158142;
2016-09-26 05:00:00;1.0;0.999971397214157;1.0;0.9999981753162897;1.0;0.999997864316175;1.000209622521687;0.9999829921930907;0.9999935926700838;1.0;0.9999894173210542;1.0;1.0000263565446104;1.0;0.9999665874550315;0.999968323980042;0.9999690878765237;0.9999994838825328;0.9999994782926507;0.9999964835265128;1.0;0.9999773832388635;0.9999688508543774;1.0001968832117907;1.0002149849536925;0.9999966316698549;0.9999801902313602;0.9999988810570608;0.9998708676145207;0.9997467204978708;0.9996322189384612;0.9995832458896966;0.9999955066389937;0.9994259393713218;0.9993963797296013;0.999625767631017;0.9997829959506782;1.0;1.0;0.9999965431233011;0.999997740208762;0.9999978556198023;1.0;1.024999976158142;
2016-09-26 05:15:00;1.0;0.9999834136194561;0.9999999999999999;0.9999982554397029;0.9999999999999999;0.9999982530180885;1.0002103134116627;0.9999831862660107;0.9999963199790144;1.0;0.9999920053252535;1.0;1.0000263104388563;1.0;0.9999671307246065;0.9999676139444152;0.9999683292502952;0.9999993612595394;0.9999993559103881;0.9999973993614937;1.0;0.9999850629515054;0.9999680964049399;1.0001974462874914;1.0002157866982764;0.9999967056044098;0.9999863043186569;0.9999990846886756;0.9998665003170638;0.9997403115050586;0.9996249809672783;0.9995757033386616;0.9999978932864018;0.9994367637166334;0.9994060648060421;0.9996053261171225;0.9997715886618718;1.0;1.0;0.9999984205865318;0.9999976775920107;0.999998506959235;0.9999999999999999;1.024999976158142;
2016-09-26 05:30:00;1.0;0.99998259736465;0.9999999999999999;0.9999980951920447;1.0;0.9999978694453519;1.0002087773671418;0.9999841968311959;0.9999950131785782;1.0;0.9999922697749233;1.0;1.0000264855782826;1.0;0.9999699874816387;0.9999706393245921;0.9999713001392591;0.9999997259399916;0.99999972273812;0.9999970261404987;1.0;0.9999848245149517;0.9999711071884021;1.0001960578685152;1.000214100034099;0.9999969672967387;0.9999866119817787;0.999998884897284;0.9998694382871581;0.9997432028734436;0.9996283188118265;0.9995782252229073;0.999997147998222;0.9994242969815946;0.9993932391936747;0.9996169756082968;0.9997777073714958;1.0;1.0;0.9999978622031866;0.9999981256170587;0.9999981083566242;1.0;1.024999976158142;
2016-09-26 05:45:00;1.0;0.9999802742810072;1.0;0.9999984298018749;1.0;0.9999982538511144;1.0002148125218229;0.9999860365002438;0.9999952711124319;1.0;0.9999923683163758;1.0;1.0000273191534106;1.0;0.9999726228989667;0.9999737964585909;0.9999744322226254;0.9999997673217992;0.9999997645149677;0.9999973413035482;0.9999999999999999;0.9999843086973103;0.9999742487588619;1.0002018077883252;1.0002202133082072;0.9999973803061802;0.9999863145913609;0.9999990862393657;0.9998523646133433;0.9997161170429804;0.9995841703736729;0.9995245122565978;0.9999967846143685;0.9993829139252995;0.9993548983756793;0.9995423224687554;0.9997147682163998;1.0;1.0;0.9999975349141501;0.9999983843275636;0.9999983745832485;1.0;1.024999976158142;
2016-09-26 06:00:00;1.0;0.9999689819332397;0.9999999999999999;0.9999985578542422;1.0;0.9999985896915676;1.0002255436100513;0.9999827265151046;0.9999950471868699;1.0;0.9999891294251091;1.0;1.0000282596473369;1.0;0.9999637239325888;0.99996606484532;0.9999669499107265;0.9999993337701097;0.9999993279434345;0.9999971513082774;1.0;0.9999770645299396;0.9999666705088901;1.00021184368397;1.0002313303220622;0.999996766128934;0.999979713499947;0.999999260674954;0.9996706745131159;0.9995201137282738;0.9993731378574401;0.9993417401132604;0.9999956080831707;0.9991706520631477;0.9991410248543264;0.9994179562274385;0.9996135241342242;1.0;1.0;0.9999965405709481;0.9999976871893774;0.9999985431601727;0.9999999999999999;1.024999976158142;
2016-09-26 06:15:00;1.0;0.9999698708676003;0.9999999999999999;0.9999978047760038;1.0;0.999997362268586;1.0002274768374624;0.9999805067328164;0.9999926111340679;1.0;0.9999881852523843;1.0;1.0000284932378516;1.0;0.9999626667372031;0.9999641650233129;0.9999649794255909;0.9999993230336963;0.9999993147966487;0.9999958436612048;0.9999999999999999;0.999974986523966;0.9999647178481689;1.0002136327779327;1.0002333361721225;0.9999960058861673;0.9999779418826694;0.9999986169533821;0.9995923598986224;0.9994455033981897;0.9993054379721237;0.9992982049491852;0.9999952903870157;0.9991538367953708;0.9991229071500909;0.9993884738567573;0.9995997402039016;1.0;1.0;0.9999964170540443;0.9999972654879413;0.9999973835602277;0.9999999999999999;1.024999976158142;
2016-09-26 06:30:00;0.9999999999999999;0.9999697749490445;1.0;0.999997217123066;1.0;0.9999972549402447;1.000233916192403;0.9999732102746496;0.9999935168698013;0.9999999999999999;0.9999871126087474;0.9999999999999999;1.0000293625372485;1.0;0.9999465537231549;0.9999481661868972;0.9999494059939362;0.9999994042378141;0.9999993972184166;0.9999958468610345;0.9999999999999999;0.9999753269504185;0.9999490382731991;1.000219405552252;1.0002401500993519;0.9999950878043332;0.9999779757697684;0.9999985613802933;0.9995043278029845;0.9993210019634774;0.9991309596472538;0.999098366698281;0.9999955873349446;0.9988407687677255;0.9988127684159782;0.9992329182946262;0.999511763546759;1.0;0.9999999999999999;0.9999966168296823;0.9999968362098528;0.9999976556292698;1.0;1.024999976158142;
2016-09-26 06:45:00;0.9999999999999999;0.9999800363219955;1.0;0.9999979881938473;1.0;0.9999973842242698;1.0002384513561935;0.9999855241218775;0.9999932709617093;1.0;0.9999916108446247;0.9999999999999999;1.000030309643079;1.0;0.9999742373967786;0.9999748478953916;0.9999753689515207;0.9999997151991683;0.9999997108949844;0.9999963544373891;1.0;0.999982118781346;0.9999752119895395;1.000224079905603;1.0002443984819407;0.999996944306536;0.9999844689478584;0.9999986302904018;0.9994599803760675;0.9992431221911828;0.9990555370589185;0.999019076189071;0.9999963978861994;0.9987206438920063;0.9986628683522503;0.9991767876886426;0.999459278282976;0.9999999999999999;1.0;0.9999973266237187;0.9999981038706262;0.9999974724185456;0.9999999999999999;1.024999976158142;
2016-09-26 07:00:00;1.0;0.9999774345733486;1.0;0.9999989493115933;1.0;0.9999984603842013;1.0002388233911916;0.9999906573333253;0.999994665097572;1.0;0.9999921281474038;1.0;1.0000301011332617;1.0;0.9999825440363025;0.999983800290918;0.9999841596645329;0.9999994333237987;0.9999994293712275;0.9999972853176454;1.0;0.9999817583085462;0.9999840254445989;1.0002246045604635;1.0002446871666322;0.9999978034033823;0.9999840419355979;0.9999991940795583;0.9993109838930758;0.9990938401119691;0.9989085793004814;0.9989073903182561;0.9999964336717072;0.9986583259130902;0.9985991766438018;0.999078826979562;0.9994158616526869;1.0;0.9999999999999999;0.999997271560348;0.9999983333235488;0.9999982199756666;1.0;1.024999976158142;
2016-09-26 07:15:00;1.0;0.9998942324309569;1.0;0.9999925391187245;0.9999999999999999;0.9999882347533673;1.000268236187023;0.9999548311493969;0.999964271708199;1.0;0.9999619957591422;1.0;1.0000331133295277;1.0;0.999927022168302;0.9999313321404637;0.9999326176723099;0.999998716272661;0.9999986436095307;0.9999826420313621;1.0;0.9999091068445812;0.9999321896975236;1.000251923261995;1.0002752247465045;0.9999887669582721;0.9999225313343971;0.9999937987655905;0.999108428779068;0.9988861021058085;0.9986991489287015;0.9987475881464557;0.9999798706205949;0.9984860344538654;0.998425593061254;0.998995464995521;0.9993593142771291;1.0;1.0;0.9999849482666524;0.9999928172388326;0.9999873119598717;1.0;1.024999976158142;
2016-09-26 07:30:00;1.0;0.9999313425720775;1.0;0.999995835068661;1.0;0.9999946134428145;1.0002633926114834;0.9999591136824139;0.9999846861089692;1.0;0.9999715464031897;0.9999999999999999;1.0000304410911793;1.0;0.9999233439584961;0.999925506903655;0.999926967154778;0.9999967121326492;0.9999966574544426;0.9999907059793289;1.0;0.9999387718245251;0.9999263527358533;1.0002470355584316;1.0002709081336592;0.9999902867324271;0.9999443240983396;0.9999971521391074;0.999184597352928;0.998964708380934;0.9987796810866394;0.9988120943191628;0.9999910884439943;0.9985579064527887;0.9984980147499773;0.9990334043581083;0.9993785239142008;1.0;1.0;0.9999933043804892;0.9999919668639655;0.9999941862210029;1.0;1.024999976158142;
2016-09-26 07:45:00;1.0;0.9998314046926563;1.0;0.9999937650342773;1.0;0.9999909031979044;1.000279713804717;0.9999430599127827;0.9999633744060848;0.9999999999999999;0.9999483088255324;1.0;1.0000340843252;1.0;0.9998868030893249;0.9998998801115547;0.9999026258589578;0.9999982413032631;0.9999981211145124;0.9999829485971422;0.9999999999999999;0.9998764779877858;0.9999017807016801;1.0002625361813349;1.0002872159412923;0.9999879252881624;0.9998946930111016;0.9999951678885994;0.9991824005765877;0.998953327850988;0.9987641376070509;0.9987938530765638;0.9999714262834165;0.9985346100942963;0.9984703483259938;0.999015669194075;0.9993620990528788;1.0;1.0;0.9999777625259981;0.9999919547727386;0.9999892003965857;0.9999999999999999;1.024999976158142;
2016-09-26 08:00:00;1.0;0.999812939717769;1.0;0.9999902605907152;1.0;0.999988604637744;1.000295294379012;0.9999095996919097;0.999960513318906;1.0;0.9999396743196849;1.0;1.000037054628301;1.0;0.9998153029874626;0.9998306955467021;0.9998353734793023;0.999999382765018;0.9999992048025635;0.9999804271794936;1.0;0.9998658796239499;0.9998341003865874;1.0002760587360848;1.000303893525643;0.9999835769298785;0.9998859131751879;0.9999939267109826;0.9991448030917596;0.9989003439936525;0.9986931080808548;0.998717133431624;0.999968028733169;0.9984731220444734;0.998408789177765;0.9989219194227691;0.9992737156891943;0.9999999999999999;1.0;0.9999750230652832;0.999990546064338;0.9999883656674068;1.0;1.024999976158142;
2016-09-26 08:15:00;1.0;0.9999072541021891;1.0;0.9999932419394336;1.0;0.9999906635675012;1.0002867740546546;0.9999521822225047;0.9999721390647697;1.0;0.9999669105739295;0.9999999999999999;1.0000361824188628;0.9999999999999999;0.9999137432085785;0.9999188103361585;0.9999206735349155;0.9999994731461411;0.9999994213540639;0.9999861554626848;1.0;0.9999247294130346;0.9999201467590022;1.0002690249122859;1.0002943406554154;0.9999899249696991;0.999935988096179;0.9999950827561882;0.9990363388491801;0.9987270148721462;0.9984748944748819;0.9984634823362276;0.9999827400515107;0.9980440795668772;0.9979560559748104;0.9987424055753048;0.9991591049086339;0.9999999999999999;1.0;0.9999869223009024;0.9999940854561308;0.9999904324256768;1.0;1.024999976158142;
2016-09-26 08:30:00;1.0;0.9999130799624735;1.0;0.9999941247381401;1.0;0.9999925074500665;1.000289818943874;0.9999528836479384;0.999977260730468;0.9999999999999999;0.999969301521315;1.0;1.0000364902142869;1.0;0.9999102464873849;0.9999157400121098;0.9999178032719818;0.9999994010818439;0.9999993542741025;0.9999884268982728;1.0;0.9999319985559915;0.9999172188483915;1.000271792200891;1.0002975523234006;0.9999906700514329;0.9999418076931209;0.9999960513685743;0.9989150215508243;0.9985410769553872;0.9983040998930504;0.9982981637181496;0.9999846724303745;0.9977974171693472;0.9976451218092297;0.998640796586026;0.9991051717753618;1.0;1.0;0.9999882620437842;0.9999944306399352;0.999992442708212;1.0;1.024999976158142;
2016-09-26 08:45:00;1.0;0.9999244138324139;1.0;0.9999936322769083;1.0;0.9999927588575638;1.0002859803309094;0.9999467569130107;0.999980493534511;1.0;0.9999712268859067;1.0;1.0000361915685823;1.0;0.9998964804858358;0.9999011373787821;0.9999035669333906;0.9999996447314056;0.999999601733018;0.9999893567717343;1.0;0.9999404419467233;0.9999029032947224;1.0002678412764598;1.0002938576493148;0.9999901556850233;0.9999486917026874;0.9999961846580881;0.998905881367659;0.9985560100058963;0.9983444330064399;0.9983663443603652;0.9999869044403465;0.9979460861408312;0.9977966262213749;0.998690465802467;0.9991289120124335;1.0;1.0;0.9999899759435453;0.9999943575362844;0.9999933304375813;1.0;1.024999976158142;
2016-09-26 09:00:00;1.0;0.999920378619997;0.9999999999999999;0.9999930832435747;1.0;0.9999916899218604;1.0002826727629293;0.9999457898855314;0.9999774869208615;1.0;0.9999696323473551;1.0;1.000035832537589;1.0;0.9998971940461128;0.9999016882612914;0.9999040405188779;0.9999997060266071;0.9999996653936793;0.9999880190238759;1.0;0.9999359047384149;0.9999034014986432;1.0002647654300985;1.0002904301844058;0.999989662557101;0.9999450487107637;0.9999956265253385;0.9990110599876131;0.9987029620166394;0.9984924256199714;0.9985107034645736;0.999985681623776;0.9981696769970759;0.9980545121447361;0.9987752569412048;0.9991741993725279;1.0;1.0;0.9999891147693706;0.9999941420153399;0.9999921771525152;1.0;1.024999976158142;
2016-09-26 09:15:00;1.0;0.9999398087483444;0.9999999999999999;0.999996132897882;1.0;0.9999953663702075;1.0002724116376327;0.9999664228904255;0.9999857078142897;1.0;0.9999789198588267;1.0;1.0000344647176085;1.0;0.9999340630574259;0.9999382044328806;0.9999397722386278;0.9999995742636261;0.9999995533981452;0.9999926132133229;1.0;0.9999541060079141;0.9999393302092937;1.0002556327653185;1.000279520028833;0.9999936247567299;0.9999606011970527;0.9999975638327782;0.9989998873873308;0.9987005594761246;0.9984991116822419;0.9985270639867242;0.9999897285617291;0.9981692715020497;0.9980547797241441;0.9988153032995947;0.9992167033288224;1.0;1.0;0.9999920765034722;0.999996182954855;0.9999953850514671;1.0;1.024999976158142;
2016-09-26 09:30:00;1.0;0.9999147397821002;1.0;0.9999936461781429;0.9999999999999999;0.9999927462127243;1.0002809727424606;0.999945261717208;0.9999793065154907;0.9999999999999999;0.9999688549577636;0.9999999999999999;1.0000354560396425;1.0;0.9998923630979158;0.9998980697345763;0.9999006334518417;0.9999995436138537;0.9999994936078074;0.9999889197812901;1.0;0.9999343800272565;0.999899927453138;1.0002631392191141;1.000288743377902;0.9999898852528206;0.9999435534530711;0.9999961738561186;0.9989918004821923;0.9986834490602917;0.9984754904635027;0.9984992150888061;0.9999854055452487;0.9981440274723199;0.9980265320708838;0.9987803967331484;0.9991911458873042;1.0;1.0;0.9999887638915224;0.9999941248313685;0.9999931544776401;1.0;1.024999976158142;
2016-09-26 09:45:00;0.9999999999999999;0.9999133913629468;1.0;0.999995628667097;1.0;0.9999945206924593;1.0002868403178753;0.999959811404496;0.9999810051319173;1.0;0.9999713260631657;1.0;1.0000358695475229;1.0;0.9999198932959269;0.999926296882376;0.9999282263465064;0.9999991406795509;0.9999990964726512;0.9999905073408973;1.0;0.9999354147641725;0.9999276588399266;1.0002691678969902;1.000294403004925;0.999992136125747;0.9999445440659612;0.9999971073037395;0.9987473883624096;0.9984219721687505;0.9982025368589637;0.9982683423926064;0.9999855388181144;0.997915062064462;0.9977925056443052;0.9986061081664562;0.9990832784366303;1.0;1.0;0.9999887727090048;0.9999950076791184;0.999994150730987;0.9999999999999999;1.024999976158142;
2016-09-26 10:00:00;1.0;0.9999178760897808;1.0;0.9999960167120758;1.0;0.9999949051538444;1.0002970168361078;0.9999642984546718;0.9999817002328416;1.0;0.9999737464915964;1.0;1.0000375932906445;1.0;0.9999286502055911;0.9999350533584264;0.999936814661302;0.9999995527864011;0.9999995238417558;0.9999911767166335;1.0;0.9999399774335812;0.999936320256549;1.0002788573466401;1.0003046484333105;0.9999931690107919;0.9999489628993203;0.9999973176521763;0.998568426569376;0.9981082352755644;0.9978936031250709;0.9979390661008004;0.9999858388867179;0.9973813385998116;0.9971434548233876;0.9983918793617533;0.9989455105774084;1.0;1.0;0.9999889891349326;0.9999959160918747;0.9999945028741317;0.9999999999999999;1.024999976158142;
2016-09-26 10:15:00;1.0;0.9999244036779752;1.0;0.9999930944717251;1.0;0.9999914149662248;1.0002895897258997;0.9999472214219662;0.9999773503443068;1.0;0.9999697727000764;1.0;1.0000362170441626;0.9999999999999999;0.9999023770147687;0.9999057452933211;0.9999078582001718;0.9999991896743708;0.9999991433936894;0.9999877201036199;1.0;0.9999360264396373;0.999907245903327;1.0002713353193289;1.000297556234257;0.9999893551763718;0.999944602345265;0.9999954796610236;0.9987781199266053;0.9983647210397609;0.9981570769050601;0.9981801209558349;0.9999866563983836;0.9976586037283989;0.9974532556635227;0.998575828045258;0.9990677803279469;1.0;1.0;0.9999899584505362;0.99999354127068;0.9999918042274307;1.0;1.024999976158142;
2016-09-26 10:30:00;1.0;0.9999415984355426;1.0;0.9999905989676139;1.0;0.9999907935396668;1.0002898513512481;0.9999176181134648;0.9999835323803299;1.0;0.999967368319335;1.0;1.0000353042375534;1.0;0.9998407641000945;0.9998414985303412;0.9998450146750912;0.9999984128924498;0.9999983520321496;0.9999879770169863;1.0;0.9999441148134149;0.9998439790190984;1.000270341051283;1.0002989930590187;0.9999847237008611;0.9999488824847715;0.999995144786386;0.9988107998032383;0.9984084416400822;0.9981989377128947;0.9982192652649738;0.9999918751539956;0.9977087487339558;0.9975137879424272;0.9986036067314005;0.9990827930603761;1.0;1.0;0.9999940505615292;0.9999903791984113;0.999992902775267;1.0;1.024999976158142;
2016-09-26 10:45:00;1.0;0.9999159144667762;1.0;0.9999878217455173;1.0;0.9999878355961997;1.000304170223676;0.9998923162368021;0.9999772443469752;1.0;0.9999549563477853;1.0;1.0000360401855333;1.0;0.9997921717833032;0.9997934913874821;0.9997980364018341;0.9999974048155827;0.9999972949826431;0.9999836823221359;1.0;0.9999204543590526;0.9997966595971322;1.000283146378262;1.0003143886826429;0.9999796029608728;0.9999272607592032;0.9999935655691344;0.9986298199770188;0.9981835942162139;0.9979527392377318;0.9979839385813687;0.9999884905906333;0.9973862859005894;0.9971702915315789;0.9984442499979505;0.9989849414172544;1.0;0.9999999999999999;0.9999915371660596;0.9999867509421219;0.9999903298493016;0.9999999999999999;1.024999976158142;
2016-09-26 11:00:00;1.0;0.9999105800197846;1.0;0.999987193000466;1.0;0.9999885324060405;1.0003086776216976;0.9998765636854687;0.9999809074175499;1.0;0.9999509627416453;1.0;1.0000358445086521;1.0;0.9997551316483642;0.9997571413907328;0.9997626490684041;0.9999967228692224;0.9999965902633823;0.9999842731277562;1.0;0.999917504812316;0.9997609713852799;1.0002867702211602;1.0003196374064105;0.9999773358789296;0.999923260973075;0.9999939161392795;0.9987392163779165;0.9982901194357157;0.9980657993907266;0.9980755846833492;0.9999895142841116;0.9974611818703766;0.9972382668410196;0.9985186199590091;0.999018303323955;1.0;0.9999999999999999;0.9999921887131193;0.9999849493616337;0.9999916175832053;1.0;1.024999976158142;
2016-09-26 11:15:00;1.0;0.9999456610241193;1.0;0.9999957439210063;0.9999999999999999;0.9999945491186023;1.0002884405070929;0.9999629424327909;0.9999856671491;1.0;0.9999764758630854;1.0;1.000034666621161;1.0;0.9999320856460603;0.9999334054349086;0.9999347023932718;0.99999773725279;0.9999977072991281;0.9999914650381078;1.0;0.9999502010514532;0.999934202774084;1.0002706298447361;1.0002963358401216;0.9999915052508254;0.9999550667655729;0.9999971330445283;0.9986990806428958;0.9982570672156249;0.9980642014009177;0.9980996443887147;0.9999923032234267;0.9975527235197894;0.9973142381479811;0.9985302363561771;0.9990401553840955;1.0;1.0;0.9999942858453924;0.9999934916353821;0.9999944434376348;1.0;1.024999976158142;
2016-09-26 11:30:00;1.0;0.9999251951633318;1.0;0.9999890991828159;1.0;0.9999885244354317;1.0002998475470142;0.9999092850024096;0.9999771294238236;1.0;0.9999612697145157;0.9999999999999999;1.0000365521231465;0.9999999999999999;0.9998275450954046;0.9998288647462721;0.9998326212764042;0.9999984021516591;0.9999983212161904;0.9999848709684512;1.0;0.9999297350977447;0.999831521672406;1.0002796306145654;1.000309322484822;0.99998278229719;0.9999368157305628;0.9999939440794227;0.9987667349199343;0.9983430523641975;0.9981181145467145;0.99813139499207;0.9999884389946733;0.9976053134081295;0.9974038836634753;0.9985182651040899;0.9990196828799288;1.0;1.0;0.9999915000383612;0.9999893142704244;0.9999905866210096;1.0;1.024999976158142;
2016-09-26 11:45:00;1.0;0.9999289462998574;0.9999999999999999;0.9999889439139799;0.9999999999999999;0.9999896926189723;1.0003066545578967;0.9998985527831958;0.9999823199801993;1.0;0.9999603846636241;1.0;1.0000368057071989;1.0;0.9998010765092077;0.9998023547968087;0.9998068091354531;0.999997847542551;0.9999977684288347;0.9999863166618465;1.0;0.9999333416136675;0.9998054872036084;1.0002855422509138;1.000316801356141;0.9999814395590909;0.999938545501837;0.9999945574273527;0.998618258497916;0.998122464810363;0.9978331065110613;0.9978090401302526;0.9999908267239226;0.9970211085824894;0.9968034325130417;0.998326885759331;0.998911657898938;1.0;1.0;0.9999932266014986;0.9999881230377785;0.9999923160394184;1.0;1.024999976158142;
2016-09-26 12:00:00;1.0;0.999919036694733;1.0;0.9999941810686633;0.9999999999999999;0.9999928369459633;1.0003005949359363;0.999946038158482;0.9999807830648351;1.0;0.9999658998400951;1.0;1.0000351457139325;1.0;0.9998983779226704;0.9999010433976279;0.9999030749471645;0.9999967168530463;0.9999966513611256;0.9999883810329447;1.0;0.999928200087025;0.9999023106722468;1.0002816739584055;1.0003092892976977;0.9999879258216123;0.9999351403813403;0.9999962155216016;0.998648776988648;0.9981680905366981;0.99790515292948;0.9978952531141655;0.9999888607145683;0.9971305553039775;0.9969069530848023;0.9984150656286601;0.9989646882018522;0.9999999999999999;1.0;0.9999916354428066;0.9999906895377542;0.9999927124533078;1.0;1.024999976158142;
2016-09-26 12:15:00;1.0;0.9999424060978852;1.0;0.9999965674635171;1.0;0.9999948777759596;1.0002836060337705;0.9999724125490641;0.9999843578200072;1.0;0.9999778562854387;1.0;1.0000343992635086;1.0;0.9999515138498383;0.9999535463260831;0.9999544090247353;0.9999980298963136;0.9999980009931684;0.9999916480942539;1.0;0.9999494031571525;0.9999540440857865;1.0002664587394678;1.0002910222581902;0.9999930671347814;0.9999552053334478;0.9999973052072328;0.998680881162371;0.998220813028509;0.9979998827353523;0.9980131732274476;0.9999910569312752;0.9973333157105022;0.9970974137198859;0.9985043375296038;0.9990417302858661;1.0;1.0;0.9999932981283944;0.999994583398553;0.9999942984808404;1.0;1.024999976158142;
2016-09-26 12:30:00;1.0;0.9999570934767961;1.0;0.9999965608299294;0.9999999999999999;0.9999951591769889;1.000276410167247;0.9999737974495589;0.999986849242623;1.0;0.9999818948539746;1.0;1.0000338947721845;1.0;0.9999545387665918;0.9999554196469655;0.9999562197332271;0.9999984603232062;0.9999984394166648;0.9999926946494444;1.0;0.9999601159481422;0.9999559014330371;1.0002596217590451;1.000283630848642;0.9999936687455027;0.999964522264887;0.9999974570156613;0.9986364540646206;0.998212836763972;0.9980091872900765;0.9980588867693695;0.999993241731764;0.9974453443126841;0.9972278145777438;0.998552288731544;0.9990670532011667;0.9999999999999999;1.0;0.999995017408177;0.9999952722626407;0.999994946204451;1.0;1.024999976158142;
2016-09-26 12:45:00;1.0;0.9999491513637235;1.0;0.9999954285188957;1.0;0.9999934251372117;1.0002735228984319;0.9999688912399229;0.9999823320726505;1.0;0.9999786915277408;1.0;1.000033721381306;1.0;0.9999478651744834;0.9999488287411025;0.9999497307401923;0.9999986672778945;0.9999986410265744;0.999990555063674;1.0;0.99995246317373;0.9999494001581478;1.0002568395258427;1.0002806910826645;0.999992524500664;0.9999583484423249;0.9999965455734331;0.998744483583021;0.9983226995165901;0.9981539008172681;0.9981994509605887;0.9999911206855373;0.9975476639473191;0.997307101187326;0.9987121440350759;0.9991568222454354;1.0;1.0;0.9999934779652252;0.9999948242233417;0.9999932464561834;1.0;1.024999976158142;
2016-09-26 13:00:00;1.0;0.9999044121853715;1.0;0.9999972245446902;1.0;0.999996033820127;1.000284057428177;0.9999674898098;0.9999823313664389;1.0;0.9999698003238793;1.0;1.0000342916307459;0.9999999999999999;0.9999333457409731;0.9999404843155527;0.9999420505913228;0.9999978781921262;0.9999978262182647;0.9999913322136244;1.0;0.999928964097752;0.9999414900498111;1.0002668705723061;1.0002915204285876;0.9999927676182505;0.999938074329617;0.9999978964181881;0.9987773956234146;0.9983617990322876;0.9981827397474036;0.9982202866494612;0.9999854654459799;0.9976210416544056;0.9973931553536884;0.9986869537617835;0.9991323459733996;0.9999999999999999;1.0;0.9999886277114863;0.9999942897230752;0.9999948749902021;0.9999999999999999;1.024999976158142;
2016-09-26 13:15:00;1.0;0.999809463441032;1.0;0.9999962320477038;1.0;0.9999947445040509;1.0003141686261243;0.9999271778054164;0.999974640095314;1.0;0.9999309722040718;1.0;1.0000292719715616;0.9999999999999999;0.9998499371422982;0.9998600144842236;0.999862951650532;0.9999890925615557;0.9999888088822217;0.9999840096480122;1.0;0.99984412690182;0.999861414787557;1.0002945065632836;1.000324537930825;0.9999805874582945;0.9998564001282291;0.9999970908915953;0.9987204996673023;0.9982567883531794;0.9980384263961296;0.9980500171513995;0.9999792826254716;0.9973290111386808;0.9970873679824417;0.9985661891842901;0.9990687985966163;1.0;1.0;0.9999838008328865;0.9999802848922501;0.9999917678324959;1.0;1.024999976158142;
2016-09-26 13:30:00;1.0;0.9998743382712557;1.0;0.9999956879131107;1.0;0.9999937881370904;1.0003019524796382;0.9999416981891072;0.9999786860154459;1.0;0.999949413302332;1.0;1.0000302250475421;0.9999999999999999;0.999888552502056;0.9998924489066151;0.9998943430308582;0.9999915975839723;0.9999914354378732;0.9999861729778665;1.0;0.9998877657970066;0.9998932559813518;1.0002831556314817;1.0003114515399467;0.99998395165494;0.9998957457036853;0.9999966602112474;0.998776626594865;0.9983518410714823;0.9981328919836983;0.9981474482354209;0.9999867741389357;0.9975124492574394;0.9973042526525303;0.9986087151959268;0.9990825983280697;1.0;0.9999999999999999;0.9999899763174728;0.9999842270604614;0.9999919161533127;1.0;1.024999976158142;
2016-09-26 13:45:00;1.0;0.9998943646129637;0.9999999999999999;0.9999958707456639;1.0;0.9999941056308986;1.0003053769559513;0.9999463179577687;0.9999814462925755;1.0;0.9999550943184036;1.0;1.0000311411384595;1.0;0.9998992616593457;0.9999013864662489;0.9999030002635851;0.9999920712245848;0.9999919387298283;0.9999874326864633;1.0;0.9999016480843423;0.9999020201121498;1.000286404127413;1.0003148481429092;0.9999850104697983;0.9999078513090103;0.9999968441532857;0.9986934310693982;0.9982207742121674;0.9979806495350236;0.9979790788599535;0.9999896567921395;0.9973115497761919;0.9970783253770391;0.9984425893902427;0.9989832256893036;1.0;1.0;0.9999922765665328;0.9999852029505846;0.9999925388828997;1.0;1.024999976158142;
2016-09-26 14:00:00;1.0;0.9998961998428532;1.0;0.9999970180299647;1.0;0.999995578910618;1.000288864129766;0.9999512003235392;0.9999845124239467;1.0;0.9999562834375483;1.0;1.0000284614136548;1.0;0.9999067362770598;0.9999089437765967;0.9999103870347995;0.999991466064515;0.999991344158776;0.9999888944641594;0.9999999999999999;0.9999037726303546;0.9999094092854864;1.000271007290166;1.0002979443469056;0.9999857594618817;0.9999090413652438;0.9999976233049777;0.9987821267921161;0.9983528460345834;0.9981430553110898;0.99815639584929;0.9999909680453306;0.9975563686521886;0.9973372918929831;0.9985913634705462;0.9991118951754864;0.9999999999999999;1.0;0.9999932115478768;0.9999851034296343;0.9999937303251869;0.9999999999999999;1.024999976158142;
2016-09-26 14:15:00;1.0;0.999885329197243;1.0;0.9999945136753275;1.0;0.9999915241773887;1.0002865610916256;0.9999486363423155;0.9999729991164212;1.0;0.9999551461606668;1.0;1.0000310707720896;1.0;0.9999083321879243;0.9999118881907042;0.9999133942154158;0.9999943496123433;0.9999942335119396;0.9999847826290571;1.0;0.9998976021978236;0.9999126021295609;1.0002689336105042;1.0002949805671526;0.9999860023125035;0.9999074854766454;0.9999954993017046;0.9987456589842632;0.9982996022777232;0.9980927725780445;0.9981072329083718;0.9999845107318328;0.997529388557667;0.9972943486365109;0.9985288427613922;0.9991088946594424;0.9999999999999999;1.0;0.9999883875147972;0.999987651551642;0.9999899804087702;1.0;1.024999976158142;
2016-09-26 14:30:00;1.0;0.9999246205133713;1.0;0.9999963301573946;1.0;0.9999945801494428;1.0002739095076716;0.9999686112695857;0.9999816331608593;1.0;0.9999735996829333;0.9999999999999999;1.0000332896403832;1.0;0.9999419744731798;0.9999460685335965;0.999947249033317;0.9999981556418897;0.9999981155135329;0.9999906476266467;1.0;0.9999386967886559;0.9999468093627991;1.000257314353857;1.0002810923078067;0.9999925573141825;0.9999464493175168;0.9999971420944442;0.9987997697443718;0.9983849511496544;0.9981995775376216;0.9982263103961928;0.9999879382497713;0.9976768276604612;0.9974537141022757;0.9986445138920108;0.9991720127906001;1.0;0.9999999999999999;0.999990791664953;0.9999944101338115;0.9999938097202368;1.0;1.024999976158142;
2016-09-26 14:45:00;1.0;0.9999104907668124;1.0;0.9999961869487619;0.9999999999999999;0.9999941716334934;1.000278752310074;0.9999650862915179;0.9999793729117767;0.9999999999999999;0.9999687052902607;0.9999999999999999;1.0000330748049278;1.0;0.9999351935381224;0.9999399588009616;0.9999412366563134;0.9999973191259234;0.9999972659162442;0.999989393897377;1.0;0.9999268788806841;0.9999407127426017;1.000261866716285;1.0002862076436074;0.9999913325787999;0.9999356463981967;0.9999969212809805;0.9988077660894691;0.9983911896090111;0.9981975898317644;0.9982180234540645;0.9999862995264587;0.9976906653286367;0.997472245586988;0.9986133380498706;0.9991571958098147;1.0;1.0;0.99998952615297;0.9999930420182291;0.9999930643540308;0.9999999999999999;1.024999976158142;
2016-09-26 15:00:00;1.0;0.9997534188877814;1.0;0.9999954632668866;0.9999999999999999;0.9999934779225655;1.0002984786708944;0.9999377353500237;0.9999589800589419;1.0;0.9999331870202856;0.9999999999999999;1.0000365643822227;0.9999999999999999;0.9998587517267973;0.9998827688683232;0.9998867850942795;0.9999982858451074;0.9999980629420128;0.9999825769738325;1.0;0.9998360465797779;0.9998856090569618;1.000280348383485;1.0003062897520951;0.9999882089479865;0.9998614165142377;0.9999964543131196;0.9988613416907596;0.9984687377821564;0.9982712787975448;0.9982935978581925;0.9999594288707132;0.9977985640295078;0.9976020153697297;0.998668348876946;0.999194837030441;1.0;1.0;0.9999677429239244;0.9999921260783226;0.9999904880853195;1.0;1.024999976158142;
2016-09-26 15:15:00;1.0;0.999878577575195;0.9999999999999999;0.9999965544483319;1.0;0.999994852956917;1.000270524202439;0.9999619415107458;0.9999766127340264;1.0;0.9999628581419874;1.0;1.0000325745005505;1.0;0.9999220973695745;0.999931551494596;0.9999334274776637;0.9999978721752278;0.9999978082625143;0.9999889808142998;1.0;0.9999111519285163;0.9999327850946266;1.0002541524891249;1.0002776594432279;0.9999915995193909;0.9999233072201977;0.9999972710574444;0.9988661667665418;0.9984965783215078;0.9983400498397593;0.9983899522906546;0.9999807453195951;0.9978989661820639;0.9976936326562569;0.998797666169968;0.9992686435566022;1.0;1.0;0.999984934869864;0.9999936488050111;0.9999933317286995;1.0;1.024999976158142;
2016-09-26 15:30:00;1.0;0.9999246223437209;1.0;0.999995710105815;1.0;0.9999933688090766;1.0002717388254485;0.9999675057899166;0.9999789786500102;0.9999999999999999;0.9999723347685362;1.0;1.0000327866726364;1.0;0.9999436225214167;0.9999467461315538;0.9999477608505469;0.9999979287791381;0.9999978873998362;0.9999892425199643;1.0;0.9999353762311766;0.9999473488573505;1.0002552951988941;1.0002788925124892;0.9999917848005513;0.9999434540037991;0.9999965077605903;0.9988311251251775;0.9984295975431164;0.9982404139484811;0.9982638019039702;0.9999876222072452;0.997757073840336;0.9975475671028722;0.9986480986629009;0.9991840781719252;1.0;1.0;0.9999906852997594;0.9999938007852691;0.999992544648682;1.0;1.024999976158142;
2016-09-26 15:45:00;1.0;0.9998316101680719;1.0;0.9999955475953225;0.9999999999999999;0.9999933141414519;1.0002888641396421;0.9999520122221236;0.9999676174344256;1.0;0.9999513507697173;1.0;1.000035364585148;1.0;0.9998991936251015;0.9999137475824708;0.9999163624255332;0.9999983102110768;0.9999981872470126;0.9999855292077428;1.0;0.9998816611973848;0.9999155565118604;1.0002713811453026;1.000296376988123;0.9999900421367449;0.9998993515091993;0.9999964291170095;0.9988246312360644;0.9984212932834502;0.9982115306583933;0.9982275270984421;0.9999720140285154;0.9977303332060099;0.9975334394293184;0.9985959067056787;0.9991536840815678;1.0;1.0;0.9999780014115749;0.9999931599456872;0.9999912937384968;1.0;1.024999976158142;
2016-09-26 16:00:00;1.0;0.9998147053756068;1.0;0.9999957786088113;1.0;0.9999941035379732;1.0002850486274342;0.9999468138347574;0.9999678934601111;1.0;0.9999473080663809;0.9999999999999999;1.0000346663055595;1.0;0.9998837439610547;0.9999006513128517;0.9999037766348249;0.9999981202770286;0.9999979905647628;0.999985704962981;1.0;0.9998729235058833;0.9999028232034919;1.0002676573676479;1.0002926164668777;0.999989541579776;0.999891721089796;0.9999968386139954;0.998868692433555;0.9984859709988716;0.9982975158982135;0.998325123064296;0.9999699696949812;0.9978277726131403;0.9976331026392287;0.9987079788779234;0.9992155464954185;1.0;1.0;0.9999762328494567;0.9999927287098136;0.9999919618480034;1.0;1.024999976158142;
2016-09-26 16:15:00;1.0;0.9999125933738503;1.0;0.9999943170911085;1.0;0.9999918852829965;1.00026394529893;0.9999538116148642;0.999976214804871;1.0;0.9999654904538616;1.0;1.0000307786638925;1.0;0.9999177859453291;0.9999206962719681;0.999922202954126;0.9999969712378918;0.9999969103114937;0.9999870012677695;0.9999999999999999;0.9999226255641387;0.999921594495647;1.0002475960151211;1.0002713932229146;0.9999887549137869;0.9999312983981614;0.9999957199897127;0.9988652478525155;0.9984962687222455;0.9983358443143215;0.998382562248318;0.999986563627008;0.9978677901932974;0.9976646451394418;0.9988014915056281;0.9992693537144038;1.0;1.0;0.9999899487385039;0.9999913517146286;0.999991219351462;1.0;1.024999976158142;
2016-09-26 16:30:00;1.0;0.9999233344695522;0.9999999999999999;0.9999947614687817;1.0;0.9999913991286392;1.0002657875806549;0.9999641374659027;0.9999750707127033;1.0;0.9999684518008711;1.0;1.0000307173858798;0.9999999999999999;0.9999439785185305;0.9999448593896014;0.9999455517865684;0.999996622019393;0.999996565245475;0.9999866758244239;1.0;0.9999263568388583;0.999945132911443;1.000249705318402;1.00027303259831;0.9999896316419637;0.9999344257719015;0.9999954682066087;0.9987481353286161;0.9983591223496783;0.9981781950819583;0.9982302865399535;0.9999879095746091;0.997730737539732;0.9975249606135618;0.9986467544950282;0.9991816536523953;1.0;1.0;0.9999911731565148;0.99999153381903;0.9999903560201813;0.9999999999999999;1.024999976158142;
2016-09-26 16:45:00;1.0;0.9999012393737255;0.9999999999999999;0.9999905202427513;1.0;0.9999848385610355;1.0002717051875938;0.9999496135693122;0.9999582862348896;1.0;0.9999599320435186;1.0;1.0000331425835;1.0;0.9999271010040034;0.9999281727385394;0.9999291176013662;0.999998308647281;0.9999982160717655;0.999979127478658;1.0;0.9999049112364182;0.9999287506087229;1.0002551183081188;1.000278908334878;0.9999864868257946;0.9999184816294293;0.9999920081406601;0.9988484896429538;0.9984655632814669;0.9982836538655259;0.9983164831929183;0.9999801378514843;0.99783534165721;0.9976348966616986;0.9986941312724673;0.9992058053051359;1.0;1.0;0.9999855462045031;0.9999912341848258;0.9999841115945164;1.0;1.024999976158142;
2016-09-26 17:00:00;1.0;0.9998742290187901;1.0;0.9999931375072285;0.9999999999999999;0.9999895277221772;1.0002748285713627;0.9999497028045994;0.999965418275165;1.0;0.9999569535866341;1.0;1.0000332446653786;1.0;0.9999105011494063;0.9999174263576253;0.9999192392195475;0.999998016003587;0.9999979179466592;0.9999830974207242;1.0;0.9998980586277979;0.9999186235168432;1.0002580081347465;1.00028220031145;0.9999880872529912;0.9999123917755804;0.9999944611934923;0.9988550078875912;0.9984727420067057;0.9982776943483443;0.9983024610085504;0.9999780015262367;0.9978295053239369;0.9976387377056496;0.9986641087348369;0.9991915535666257;1.0;1.0;0.9999832731973475;0.9999918572843436;0.9999883383871861;1.0;1.024999976158142;
2016-09-26 17:15:00;1.0;0.9999161991111658;1.0;0.9999962377868473;1.0;0.9999945600017126;1.0002671346974894;0.9999629824820595;0.9999816148121031;1.0;0.9999691443834408;1.0;1.0000310899099158;1.0;0.9999305283945151;0.9999344662963515;0.9999358118264084;0.9999968439277318;0.999996788789189;0.9999899696823513;1.0;0.9999297718351501;0.9999352368055541;1.0002508077144676;1.0002745074613142;0.9999908615092008;0.9999373228359586;0.9999971240407485;0.9988163875785422;0.9984144350835369;0.9982370106285514;0.9982694388870376;0.9999880656955998;0.9977391716333488;0.9975198267219567;0.9986804060184454;0.9992004313086442;1.0;1.0;0.9999909029617977;0.9999923885527185;0.9999936112258822;1.0;1.024999976158142;
2016-09-26 17:30:00;1.0;0.9999242804490974;1.0;0.9999964348438031;1.0;0.9999952235753752;1.000257860196164;0.9999603351965205;0.9999850665703947;0.9999999999999999;0.9999694922161837;1.0;1.0000289242911238;0.9999999999999999;0.9999246911002739;0.9999272962940168;0.9999286916476701;0.9999958955610079;0.9999958362684567;0.9999908191849571;1.0;0.9999332265860396;0.9999280370389466;1.0002419136885528;1.0002653252917972;0.9999900676813851;0.9999388523693051;0.9999974701159999;0.9988810106099146;0.9985030623958382;0.9983542823243838;0.9983983631023148;0.9999908563513196;0.9978833837350215;0.9976640685690915;0.9988131534807667;0.9993006086790678;1.0;1.0;0.9999930816607968;0.9999911628995286;0.9999944259736543;1.0;1.024999976158142;
2016-09-26 17:45:00;1.0;0.9999002848899567;1.0;0.9999956336637489;0.9999999999999999;0.9999938534903199;1.0002649405501371;0.9999501297057825;0.99998050287138;1.0;0.999959489531662;1.0;1.000027945989307;1.0;0.9999064194395211;0.99990939990644;0.9999110303933207;0.9999940263540656;0.9999939280777063;0.9999878892201134;0.9999999999999999;0.9999105319093484;0.999910182924153;1.000248444899136;1.0002730258271226;0.9999868553132983;0.9999176456530928;0.9999967309720614;0.9988764916602457;0.9984889359291408;0.998324268259249;0.9983571363744538;0.9999884437067201;0.9978563700246446;0.9976397512773457;0.9987475638525436;0.999269764819051;1.0;1.0;0.9999912950977187;0.999987847187112;0.9999925943077675;1.0;1.024999976158142;
2016-09-26 18:00:00;0.9999999999999999;0.9998551810374923;1.0;0.9999919936981772;1.0;0.9999878295175436;1.0002742190405953;0.9999325749987097;0.9999626593764234;1.0;0.9999435536984164;1.0;1.0000289982350385;0.9999999999999999;0.9998813845294676;0.9998859679240906;0.9998879699471918;0.9999939006031751;0.9999937266035348;0.9999795010721998;1.0;0.9998709939481578;0.9998870159960475;1.0002570697256479;1.000282635062635;0.9999821870250222;0.9998845944222895;0.9999935290627401;0.9989190909307993;0.9985354997654388;0.9983605472594362;0.9983818593457889;0.9999788861663497;0.9978729013856608;0.9976664500811014;0.9987624388672867;0.9992760093357069;1.0;0.9999999999999999;0.9999842035338504;0.9999851955476619;0.9999861968468264;1.0;1.024999976158142;
2016-09-26 18:15:00;1.0;0.9998264270019058;0.9999999999999999;0.9999877348018831;1.0;0.9999811654876359;1.000281052989706;0.9999166213524836;0.9999451477899941;1.0;0.9999327318710978;1.0;1.000031053605922;0.9999999999999999;0.9998614324094982;0.9998665568661745;0.9998688557192345;0.9999951033503476;0.9999948461434901;0.9999714530742755;1.0;0.9998440412482656;0.9998679080616201;1.0002633427805374;1.0002895390275444;0.9999784204714947;0.9998635057116328;0.999989984363735;0.998970710714694;0.9985637911295905;0.9983989861387618;0.9984045549561605;0.9999704722202467;0.9978550163446622;0.9976215868598014;0.9987915737040003;0.9992989760132326;1.0;1.0;0.9999780693769575;0.9999841434298535;0.9999797159276311;1.0;1.024999976158142;
2016-09-26 18:30:00;0.9999999999999999;0.9998319055747455;1.0;0.9999926436362068;1.0;0.9999891338715167;1.0002790235258547;0.9999251857554625;0.9999641146159322;1.0;0.9999359381077975;1.0;1.0000277826569686;1.0;0.9998609289237587;0.999867557911779;0.9998700657071597;0.999992091137513;0.9999918591746165;0.9999795742334849;1.0;0.9998547233239639;0.999868851941255;1.000261426638184;1.0002880218925894;0.9999803893845266;0.9998687448139768;0.9999941788887498;0.9989021455662805;0.9984866043728556;0.9983207450253941;0.9983367172293878;0.999977675479023;0.997772013701385;0.9975319943871612;0.9987479791851892;0.999275008526831;0.9999999999999999;1.0;0.9999830742681582;0.9999826959027752;0.9999870837905634;1.0;1.024999976158142;
2016-09-26 18:45:00;1.0;0.9998285506739707;1.0;0.9999904695143933;1.0;0.9999849730756425;1.0002732606361546;0.9999276954290638;0.9999526429542983;1.0;0.9999363076934197;0.9999999999999999;1.0000294466341346;1.0;0.9998758187392787;0.9998822917231563;0.9998844054104419;0.9999944630576368;0.99999425959969;0.9999754042011935;1.0;0.9998508649592937;0.999883461537174;1.000256267959067;1.0002814666906858;0.9999808616993029;0.9998687068204248;0.999992014288355;0.998925681451432;0.9985115608866577;0.9983624417920235;0.9983819914176126;0.9999726201436531;0.9978311026835168;0.9975805681797786;0.9987880686291551;0.9993010283904973;1.0;1.0;0.9999794493284682;0.9999849410411239;0.9999829859391274;1.0;1.024999976158142;
2016-09-26 19:00:00;1.0;0.9998364842521037;1.0;0.9999930510924189;1.0;0.9999892561815206;1.0002673779397366;0.9999327759787403;0.9999634186990907;1.0;0.9999394389864469;1.0;1.0000272879083518;1.0;0.9998768013778382;0.9998836975111386;0.9998858977847823;0.9999930612080922;0.99999287810793;0.9999800296259699;1.0;0.9998602426284039;0.9998848328663743;1.000250710541869;1.0002757212037166;0.9999821380415035;0.9998747744724903;0.9999942725731036;0.9990564201776064;0.9986746523101542;0.9985177033496994;0.9985174505350702;0.9999771134416988;0.9980022372024179;0.9977839102982882;0.9988722250147515;0.9993502084524715;0.9999999999999999;1.0;0.9999826359064485;0.999984464008331;0.9999870723821638;0.9999999999999999;1.024999976158142;
2016-09-26 19:15:00;1.0;0.9998786986448461;0.9999999999999999;0.9999941022388408;1.0;0.9999945525611733;1.0002600758951334;0.9999197477165056;0.9999841223576228;1.0;0.999950233389627;1.0;1.0000267010657604;1.0;0.9998347186933587;0.9998406888592868;0.999844286946375;0.9999935592377507;0.9999934310487473;0.9999880575842259;1.0;0.9998992798879364;0.999842889482446;1.000242766386137;1.0002690420812417;0.9999828674637896;0.9999064354527046;0.9999970786444223;0.999078282461556;0.9986963394703757;0.9985450237660201;0.9985414589398094;0.9999873347910946;0.998021724374445;0.9977993538324261;0.9988947755163983;0.9993630238995294;1.0;0.9999999999999999;0.9999901213088277;0.9999852924285622;0.9999943059661475;0.9999999999999999;1.024999976158142;
2016-09-26 19:30:00;1.0;0.9998562032870234;1.0;0.9999918400368553;1.0;0.9999909711176562;1.000265516393975;0.9999085813325027;0.9999742946331978;0.9999999999999999;0.9999414897412091;0.9999999999999999;1.0000272702638566;1.0;0.9998186362058838;0.9998250516561109;0.999828880694079;0.9999934457927188;0.9999932654642312;0.9999832624006401;0.9999999999999999;0.9998782997944458;0.9998274145678933;1.000247765797911;1.0002747316014218;0.9999799689597096;0.9998887648217105;0.9999951708507666;0.9991504729734036;0.9987652707530744;0.9986073449556022;0.9985831712406801;0.9999824804175502;0.9980450896674845;0.997824148368869;0.9989214144701978;0.9993778193987961;1.0;1.0;0.9999865656643566;0.9999836172452866;0.9999906379301513;1.0;1.024999976158142;
2016-09-26 19:45:00;1.0;0.9998810174380964;0.9999999999999999;0.9999911887379552;1.0;0.9999905296373462;1.0002589076422361;0.9999134491200032;0.9999752412588675;1.0;0.9999513236814425;1.0;1.0000294343536316;1.0;0.9998290553261225;0.9998349650378676;0.999838769547971;0.999996465624775;0.9999963402305911;0.9999846097348706;1.0;0.9999013811701821;0.9998375215702895;1.0002415190627403;1.0002674330467463;0.9999826576918512;0.9999114796998692;0.9999949692662642;0.9991860790361613;0.9988023321543248;0.9986454774311708;0.9986129000452801;0.9999833729292386;0.998080463903665;0.997859995996898;0.9989360407828921;0.9993863196161941;1.0;1.0;0.9999872727800048;0.999987615142481;0.9999910902028112;0.9999999999999999;1.024999976158142;
2016-09-26 20:00:00;1.0;0.9998937330985015;1.0;0.9999954780443139;1.0;0.9999931815626435;1.0002510544739156;0.9999539151864293;0.999977022961702;1.0;0.9999597666625526;1.0;1.0000272417732332;0.9999999999999999;0.9999148325030482;0.9999190472287853;0.9999205671041769;0.9999950836780745;0.9999949949145264;0.9999871015281404;1.0;0.9999082437911134;0.999919822839933;1.000235572223437;1.0002584550263574;0.9999878641124994;0.9999172516456728;0.9999963836543633;0.9993322403496693;0.998954300252618;0.9987926668766338;0.9987247840703016;0.9999857353904963;0.998183454842719;0.9979706859756013;0.9990065395675781;0.9994271114708291;1.0;1.0;0.9999891881351456;0.9999892812412688;0.9999917635321315;1.0;1.024999976158142;
2016-09-26 20:15:00;1.0;0.9998656173625834;1.0;0.9999948921505447;1.0;0.999992926011002;1.0002539069047263;0.9999484482644596;0.9999725790270816;1.0;0.9999561902144053;1.0;1.000029840847731;1.0;0.9998972380679935;0.9999067338761707;0.9999091033999555;0.9999973280638763;0.9999972206653794;0.9999863348536809;1.0;0.9998982584933852;0.9999082931231086;1.0002381700177636;1.0002610332983992;0.9999887202250171;0.9999115574032543;0.9999962360668027;0.9993225946256831;0.9989523109537874;0.998796727265124;0.9987388954088213;0.9999788945334158;0.9981867680123114;0.9979762561259236;0.9990411960373363;0.9994470211236494;1.0;1.0;0.9999835951392223;0.9999916238538032;0.9999916269087994;1.0;1.024999976158142;
2016-09-26 20:30:00;1.0;0.9998193779364913;1.0;0.9999942631548886;1.0;0.999992110023278;1.0002576304747983;0.9999363750617414;0.999966021314075;1.0;0.9999433194313465;1.0;1.0000296263216562;1.0;0.9998692087200677;0.9998830769787596;0.9998862224862907;0.9999966524018356;0.9999965123860447;0.999983435979391;1.0;0.999867275276851;0.9998851608410888;1.000241542985124;1.0002650777811508;0.9999863520526044;0.999884909159824;0.9999957892593638;0.9993215024611602;0.9989437443536658;0.9988064209542811;0.9987567438612089;0.9999718793897951;0.9982092781318889;0.9979801033651622;0.9990666306596697;0.9994613068136804;1.0;1.0;0.9999779899249659;0.9999897684366345;0.9999902162389148;1.0;1.024999976158142;
2016-09-26 20:45:00;0.9999999999999999;0.9998366897038052;0.9999999999999999;0.9999936503766776;0.9999999999999999;0.999991855948278;1.0002574926999466;0.9999258477801825;0.9999704825799614;1.0;0.9999413029204274;1.0;1.000026822660197;1.0;0.9998519799191636;0.9998613986172931;0.999864559735334;0.999993925473023;0.9999937543670383;0.9999832763261747;0.9999999999999999;0.9998691165791025;0.9998633028154099;1.0002409728972694;1.0002658032165257;0.9999828792958968;0.9998826398906341;0.99999564041587;0.9993779045076585;0.9990235623920902;0.9988776138920434;0.9988216752050024;0.9999780042777267;0.9982880538927662;0.9980843419578223;0.9991135194464151;0.9994897427492624;1.0;1.0;0.9999829626011674;0.9999855956866255;0.999990325484346;1.0;1.024999976158142;
2016-09-26 21:00:00;1.0;0.999879622654497;1.0;0.999993349062911;1.0;0.9999905160834333;1.0002482825563697;0.9999428749674073;0.9999701159514062;1.0;0.9999552549152019;1.0;1.0000280937364814;0.9999999999999999;0.9998951716579847;0.9999006427735389;0.999902694072369;0.9999963293768949;0.9999962304602381;0.9999840431517094;1.0;0.9998984686118526;0.9999018974398839;1.0002327105490558;1.000255597095241;0.9999863400468642;0.999910337234403;0.9999949801117594;0.9993829225067871;0.9990221584085255;0.9988870372498653;0.9988307943554646;0.9999814561396101;0.9983105109379926;0.998094104833858;0.999113124957485;0.999492824042996;0.9999999999999999;1.0;0.9999859458090703;0.9999894974516449;0.9999894829425908;1.0;1.024999976158142;
2016-09-26 21:15:00;1.0;0.999896782926186;1.0;0.9999941651411238;1.0;0.9999928713457161;1.0002431038950648;0.9999411893179245;0.9999784489706938;0.9999999999999999;0.9999600779756068;1.0;1.000027412002267;1.0;0.9998857724851317;0.9998907790465196;0.9998931886529899;0.9999963521792041;0.9999962731377701;0.9999874252844088;1.0;0.9999140404902239;0.9998922994238162;1.0002275431820813;1.0002505352639275;0.999987050214961;0.9999229167221168;0.999996225961911;0.9994312223911037;0.999093230890924;0.9989589776685996;0.9989022255349895;0.9999856521809545;0.998397486245165;0.9981996928880168;0.9991730192950821;0.9995266291330581;0.9999999999999999;1.0;0.9999890291279536;0.9999899070244685;0.9999924144182722;1.0;1.024999976158142;
2016-09-26 21:30:00;1.0;0.9998766616808897;1.0;0.9999919666463338;1.0;0.9999898878902148;1.0002451496394784;0.9999247395132203;0.9999714618121727;0.9999999999999999;0.9999500112058946;1.0;1.0000265361172804;1.0;0.9998577851014498;0.9998624989044422;0.9998653594864529;0.9999952599810682;0.999995144433333;0.9999831749399857;1.0;0.9998929071673827;0.9998642751341843;1.000229124322493;1.000253115015185;0.9999829911197338;0.9999036777259109;0.9999946422392353;0.9994581673426238;0.9991286880404415;0.9990107291828743;0.9989620943350973;0.9999827575200796;0.9984742643314225;0.9982726395786911;0.9992319307809877;0.9995599558884148;1.0;1.0;0.9999869787496128;0.9999867837262599;0.9999894590583168;1.0;1.024999976158142;
2016-09-26 21:45:00;1.0;0.9998998326324124;0.9999999999999999;0.9999938868870311;1.0;0.9999928636632285;1.0002438805502027;0.9999391948388967;0.9999791075300697;0.9999999999999999;0.9999611650910925;0.9999999999999999;1.000028030212782;1.0;0.9998808032207831;0.9998859816211386;0.9998885785661766;0.9999968868734842;0.9999968056595517;0.9999877402404821;1.0;0.9999176671772169;0.9998876775738829;1.0002281585894728;1.0002513272565396;0.9999871815247229;0.9999264240690068;0.9999962194399568;0.9994016334549781;0.9990503421733818;0.9989272327830399;0.998877386783826;0.9999857957773769;0.9983557882887588;0.9981391916532067;0.9991689034573068;0.99952424521267;0.9999999999999999;1.0;0.9999891111617224;0.9999904264469709;0.9999927007816716;0.9999999999999999;1.024999976158142;
2016-09-26 22:00:00;1.0;0.9998582723741598;1.0;0.9999908050854123;1.0;0.9999868838061042;1.0002544400307576;0.9999254737890149;0.9999616995888666;1.0;0.9999441009604509;1.0;1.0000275301050965;1.0;0.9998670886089011;0.999871860126599;0.9998742969785751;0.9999950192270892;0.9999948510220817;0.999978986792777;1.0;0.9998746581944474;0.9998733071418752;1.000238167548269;1.0002624206991115;0.999981731645854;0.999888625502312;0.9999930364987699;0.9993702066695794;0.9990148313665221;0.9988804685992014;0.998831773973144;0.9999782947958091;0.9982670234274598;0.9980545034392556;0.9991543355845713;0.9995161809318768;1.0;1.0;0.9999837538705895;0.999985888204751;0.9999858624400422;1.0;1.024999976158142;
2016-09-26 22:15:00;1.0;0.9998900534111002;1.0;0.9999946925691985;1.0;0.9999937942207623;1.000246982288001;0.9999373989387623;0.9999807381609217;1.0;0.9999563974278703;0.9999999999999999;1.000026256438484;1.0;0.9998760908092627;0.9998810499930924;0.9998836031561272;0.9999947113969239;0.9999946097740829;0.9999877567639721;0.9999999999999999;0.9999070901816476;0.9998825611570213;1.000231086561525;1.0002548955953692;0.9999857055212084;0.9999150626862522;0.9999966972006732;0.9993697858742908;0.999004092908269;0.998865947271384;0.9988083649730173;0.9999867419904358;0.9982348273891396;0.9980160882540905;0.9991251805132667;0.9994997782369128;1.0;1.0;0.9999898206181734;0.9999877985552827;0.9999930880706372;1.0;1.024999976158142;
2016-09-26 22:30:00;1.0;0.9998823101819482;1.0;0.9999918025401968;1.0;0.9999878259475199;1.0002474770557184;0.9999382118058726;0.9999651856715807;0.9999999999999999;0.9999523993498308;1.0;1.0000272659170801;1.0;0.9998942581506663;0.9998971624096322;0.9998989325292362;0.9999956105265426;0.9999954774300637;0.9999810446623736;1.0;0.9998922660141628;0.9998981594209627;1.0002319040406589;1.0002549452422165;0.9999841677760861;0.9999042761622978;0.9999935509091094;0.9994780700435295;0.9991585043630772;0.9990327942008804;0.9989803710251638;0.9999815851723044;0.9984877400870246;0.99829964205085;0.9992483486461105;0.9995692597567558;1.0;1.0;0.9999863599912094;0.9999877107304542;0.9999868491038794;1.0;1.024999976158142;
2016-09-26 22:45:00;1.0;0.9998962100433723;1.0;0.9999935455467329;1.0;0.9999912333709745;1.000241910338799;0.999941598357757;0.9999746352601824;0.9999999999999999;0.9999578933181743;0.9999999999999999;1.0000265071088779;1.0;0.9998928166323535;0.9998961532935856;0.9998981570053894;0.9999955830101702;0.9999954902494763;0.9999853519095362;0.9999999999999999;0.9999076852298501;0.9998973205576686;1.0002265449468826;1.0002493518364992;0.9999859057580397;0.999916878366182;0.9999953610045987;0.9994792003049046;0.9991593454745107;0.9990274071426487;0.9989696868549695;0.9999854617738148;0.9984711731314386;0.9982870309690219;0.9992346657165485;0.9995617638370131;1.0;1.0;0.9999891008390391;0.9999886385443005;0.999990510190571;1.0;1.024999976158142;
2016-09-26 23:00:00;1.0;0.9998896593020472;1.0;0.9999934231281056;1.0;0.9999909349071646;1.0002445317797795;0.9999406967174972;0.9999731823981848;1.0;0.9999560765203164;1.0;1.000026744553035;0.9999999999999999;0.9998911726942369;0.9998950152627898;0.9998970545727293;0.9999954803288983;0.9999953733042342;0.9999847336698683;1.0;0.9999028680153506;0.9998962015678796;1.0002290343129405;1.0002520355948363;0.9999855948633309;0.9999127894992355;0.9999951957401569;0.9994524550793787;0.9991199293427582;0.9989960391596455;0.9989435081167221;0.999984341714219;0.9984203062287733;0.9982199633581426;0.9992322748319981;0.9995603397775745;0.9999999999999999;1.0;0.9999882299406154;0.9999883813159733;0.9999900898406585;1.0;1.024999976158142;
2016-09-26 23:15:00;1.0;0.9998916189996169;1.0;0.99999473548034;0.9999999999999999;0.999992854812273;1.0002432206076382;0.9999440125540371;0.999977755210046;1.0;0.9999567840474181;1.0;1.0000255766304784;1.0;0.9998942876751127;0.999898155840113;0.9999001227073417;0.9999944722300451;0.999994363311071;0.9999866230003975;1.0;0.9999048989178896;0.9998992180695028;1.0002278538781142;1.000250835064254;0.9999860159034292;0.9999133295946264;0.9999962010091072;0.9994881833889114;0.9991715464254274;0.9990450257444404;0.9989903264652519;0.9999863910107384;0.9984885579228144;0.9983034387745733;0.9992614590673201;0.9995768683436305;1.0;0.9999999999999999;0.9999897040952426;0.9999877641151314;0.9999917643404815;1.0;1.024999976158142;
2016-09-26 23:30:00;1.0;0.9998986000833288;1.0;0.9999963445884814;1.0;0.9999952077617791;1.0002387182568653;0.9999537764545339;0.9999824510006842;0.9999999999999999;0.9999624303762573;1.0;1.0000259050615414;1.0;0.9999083312931634;0.99991351309366;0.9999153726511321;0.9999953516907436;0.9999952742265488;0.9999896377446686;1.0;0.9999164337689163;0.9999145578779142;1.0002238196857118;1.000245896696723;0.9999888275723645;0.9999241876868401;0.9999974515725972;0.9994803246151147;0.9991639075324354;0.9990418554355089;0.9989905385201644;0.9999873077983975;0.9984936274016939;0.9983057089492468;0.999262849308887;0.9995776579043975;1.0;1.0;0.9999902007107417;0.9999900313256376;0.9999940486467491;1.0;1.024999976158142;
2016-09-26 23:45:00;1.0;0.9999074571055133;1.0;0.9999959275450021;1.0;0.9999940437906089;1.0002338530668657;0.9999614803238919;0.9999792271668984;1.0;0.9999672438720024;1.0;1.0000271305309971;1.0;0.9999274435111881;0.9999323931868362;0.9999338578905286;0.9999971687799876;0.9999971118377767;0.9999891249135255;1.0;0.9999244967063975;0.9999332743155273;1.0002194976934509;1.0002403696927635;0.9999907114100536;0.9999333558066911;0.9999968526199421;0.9995450378851523;0.9992564117679626;0.9991375291155253;0.9990856458837225;0.9999860611792752;0.9986433563317049;0.9984768763276849;0.9993197059210196;0.9996095025107395;1.0;1.0;0.9999893311914174;0.9999925791577793;0.9999930121479068;1.0;1.024999976158142;
2016-09-27 00:00:00;1.0;0.9999168998222805;1.0;0.9999955959181247;1.0;0.999994188425314;1.0002312149974892;0.9999585032196449;0.9999812554421041;1.0;0.9999695191773309;0.9999999999999999;1.0000272493830493;1.0;0.9999205787308333;0.9999250066965406;0.9999266856856845;0.9999976544848517;0.9999976113567063;0.9999898546111297;1.0;0.9999321324731159;0.999926079830305;1.0002168152829156;1.0002377450752784;0.9999907403724416;0.9999400259230639;0.9999969367247131;0.9995387872623079;0.9992504945915639;0.9991319647295932;0.9990812780976256;0.9999874599618759;0.9986320782244077;0.9984656752286875;0.9993216536885836;0.9996110903895197;1.0;0.9999999999999999;0.9999904050309689;0.999993005382059;0.9999936160486396;1.0;1.024999976158142;
2016-09-27 00:15:00;1.0;0.9999005859155458;1.0;0.9999971865152399;0.9999999999999999;0.9999961887075798;1.0002350028976084;0.999961756436185;0.999983470760815;1.0;0.9999661299880497;1.0;1.0000264980117624;0.9999999999999999;0.9999218580989351;0.9999282454456481;0.9999299490409949;0.9999963920012339;0.9999963314604269;0.9999909976725908;1.0;0.9999226133480171;0.9999292482022547;1.0002205479375446;1.000241716151689;0.9999909947416281;0.9999308260474058;0.9999979740955827;0.9995226036569237;0.9992273082239947;0.999111654553723;0.9990638076727366;0.9999866570450886;0.9986087231032978;0.9984344340529484;0.9993120179954177;0.9996056338507755;1.0;1.0;0.9999895807169483;0.9999920813353226;0.9999949282248631;1.0;1.024999976158142;
2016-09-27 00:30:00;1.0;0.9999158497514807;1.0;0.9999972887497289;1.0;0.9999965455123755;1.0002332026864365;0.9999624119783721;0.9999865618484279;1.0;0.9999691281664972;1.0;1.0000259116993375;0.9999999999999999;0.9999241710390944;0.9999287105426463;0.9999302750892854;0.9999960472363176;0.9999959866907553;0.9999919416236644;1.0;0.9999314420430507;0.9999295866339899;1.0002187743860587;1.0002400027156886;0.9999909548269444;0.9999376350196103;0.9999981613493988;0.9995696676646402;0.9992914396544474;0.9991719064091004;0.9991190347447436;0.9999897633622664;0.9986869501215373;0.9985297000505685;0.9993447187059976;0.9996238937180588;1.0;1.0;0.9999920515134668;0.9999917709649625;0.9999955454083469;1.0;1.024999976158142;
2016-09-27 00:45:00;1.0;0.9999258277864822;1.0;0.999997241581689;0.9999999999999999;0.9999957978920601;1.0002270189687976;0.9999712433342117;0.9999844567112665;1.0;0.9999737798917824;1.0;1.0000263875143158;1.0;0.99994548973962;0.9999493738510375;0.9999504372608141;0.9999972790693383;0.9999972376684747;0.9999917562311299;0.9999999999999999;0.9999391816127873;0.9999499669139331;1.0002132456848571;1.0002332056282803;0.9999927130473523;0.9999458753784173;0.9999977803195914;0.9996409037429017;0.9993981987127035;0.9992833349708149;0.9992327738806208;0.9999894082072782;0.9988662343406545;0.9987360138363596;0.999416551624345;0.9996646556265079;1.0;1.0;0.9999918776289841;0.9999937598552106;0.9999947882961475;1.0;1.024999976158142;
2016-09-27 01:00:00;1.0;0.9999427429728686;1.0;0.9999973259179351;1.0;0.9999962950103691;1.000223797130772;0.9999722667608545;0.9999879453274876;1.0;0.9999780160364955;1.0;1.0000261523270568;0.9999999999999999;0.9999476106215416;0.9999499993329101;0.9999510003256274;0.9999974721311792;0.9999974404028331;0.9999930842685114;1.0;0.9999509682594854;0.9999505599238975;1.0002101141995887;1.0002299543448419;0.999993173492371;0.9999557566007485;0.9999980459634346;0.9996472274112485;0.9994099844221441;0.9992939005890527;0.9992431262500167;0.999992353744311;0.9988813592917246;0.9987566192354802;0.9994233379544757;0.9996684478593411;1.0;1.0;0.999994188395876;0.9999941733037631;0.9999956839564617;1.0;1.024999976158142;
2016-09-27 01:15:00;1.0;0.9999426269936802;1.0;0.9999962566685889;1.0;0.9999949559583029;1.000221550437328;0.999966775702286;0.9999855365308816;1.0;0.9999766466530705;0.9999999999999999;1.000026078325545;1.0;0.9999391597151275;0.9999410077136686;0.9999421583984944;0.9999977081670357;0.9999976799021948;0.999991718384985;1.0;0.9999489724858673;0.9999416951936696;1.0002078453380565;1.0002277389525636;0.9999921347026085;0.9999541987690241;0.9999973472883078;0.9996951021489039;0.9994824102523276;0.9993627400982311;0.9993104564977251;0.999991762680449;0.9989947490831633;0.9988932975609149;0.9994571100821188;0.9996874816547682;1.0;1.0;0.9999938300264785;0.9999938086217938;0.9999945941138092;1.0;1.024999976158142;
2016-09-27 01:30:00;1.0;0.9999466245299261;1.0;0.999998072732513;1.0;0.9999976089432661;1.0002191603785386;0.999976077917413;0.9999907897209004;1.0;0.999981196981403;1.0;1.0000262410990084;1.0;0.9999514668077479;0.9999547971617794;0.9999558680803364;0.999998150922219;0.9999981314738702;0.999994845716129;1.0;0.9999581020182087;0.9999554568863543;1.0002057939968045;1.0002250473145606;0.9999946700291211;0.9999625342936921;0.9999987406423096;0.9996991744679966;0.9994890485593817;0.9993724471176684;0.9993216650992629;0.9999927767035606;0.9990053529904382;0.9989040200923494;0.9994707042189762;0.9996956226087579;1.0;1.0;0.9999943754672884;0.999995556217952;0.999997088545168;1.0;1.024999976158142;
2016-09-27 01:45:00;1.0;0.9999421620769893;1.0;0.9999972863235257;1.0;0.9999962155650135;1.0002155310833554;0.9999756241615568;0.9999866945813155;1.0;0.9999804257340216;1.0;1.0000265681836875;1.0;0.9999532148634647;0.9999568917974206;0.9999579289715967;0.999998936852539;0.9999989194304097;0.9999933364195661;1.0;0.9999548706378028;0.9999575817523776;1.0002024362331416;1.0002211398959548;0.9999946608192711;0.9999608662085282;0.999998011572113;0.999812404812161;0.9996528575433887;0.999527155953377;0.9994690948198888;0.9999905986114722;0.9992375074708149;0.9991852904059702;0.9995503485144237;0.9997403975710896;1.0;1.0;0.9999927618774856;0.999996210533366;0.9999957174770967;1.0;1.024999976158142;
2016-09-27 02:00:00;1.0;0.9999664450013981;1.0;0.9999979468912901;1.0;0.999997577001514;1.0002124438104973;0.9999789218418436;0.9999930784833346;1.0;0.999986404746821;1.0;1.0000258676935732;1.0;0.9999591107883041;0.9999605388906155;0.9999613897478804;0.9999986442368091;0.9999986308112607;0.9999957690905186;1.0;0.9999713456562533;0.9999610709942913;1.0001994464450028;1.0002181035043225;0.9999953797536685;0.9999740696183117;0.9999987268698114;0.999829794072775;0.9996805704586262;0.9995663495302902;0.9995153719065065;0.999995560862357;0.9993012035534101;0.9992500914150179;0.9995940971264065;0.999765021314048;1.0;1.0;0.9999966208009172;0.9999963558567938;0.9999974721514235;0.9999999999999999;1.024999976158142;
2016-09-27 02:15:00;0.9999999999999999;0.9999623393731266;1.0;0.9999973031590764;1.0;0.9999967182357127;1.0002128492962332;0.9999751561191474;0.9999910142342937;1.0;0.9999845283043888;0.9999999999999999;1.0000259711096684;1.0;0.9999528776738434;0.9999543471017832;0.9999553204595959;0.9999987070957957;0.9999986933261132;0.9999947020516421;1.0;0.9999673846495541;0.9999549739088199;1.0001997464300965;1.000218574410777;0.9999946165487733;0.9999707636452343;0.9999982772153956;0.9998137160082547;0.9996608589193928;0.9995429282250314;0.9994917879956268;0.9999945883890183;0.9992711645689094;0.9992194552172027;0.9995747356458369;0.9997542778722998;1.0;1.0;0.9999959145718117;0.9999959946852249;0.9999966785661265;1.0;1.024999976158142;
2016-09-27 02:30:00;1.0;0.999957958023702;1.0;0.9999979238765939;1.0;0.999997157424875;1.00021381157904;0.9999785865455781;0.9999910225691775;0.9999999999999999;0.9999834701608483;1.0;1.00002545235696;1.0;0.9999597459528988;0.9999613394305009;0.9999620981192884;0.999998042196436;0.9999980253017273;0.9999947629192389;1.0;0.999963437324713;0.9999617613854964;1.0002008127479138;1.000219548943747;0.9999947328318569;0.9999668891992968;0.9999985059954415;0.9998189315043874;0.9996669914263793;0.9995466104617315;0.9994935194221366;0.9999944770276888;0.9992678118124532;0.99921851389707;0.999577342691106;0.9997557981827477;0.9999999999999999;1.0;0.9999958187367235;0.9999954994159407;0.9999967236813325;1.0;1.024999976158142;
2016-09-27 02:45:00;1.0;0.9999488264457024;1.0;0.9999977685213487;1.0;0.9999975946644898;1.0002155834008086;0.9999707825019588;0.9999921197277529;1.0;0.9999799618352339;1.0;1.0000251294938116;0.9999999999999999;0.99994077158064;0.9999433544889436;0.9999446164144514;0.9999975258459366;0.999997501291212;0.9999948196925426;1.0;0.9999577007916223;0.9999441111815559;1.0002022223105254;1.0002216711403376;0.9999935209819054;0.9999612049192026;0.9999987308085689;0.9998299738584644;0.9996837607286101;0.9995628301642268;0.9995101808354158;0.9999940690751323;0.9992904598897733;0.9992463739844344;0.9995904705848729;0.9997632301056;1.0;1.0;0.9999954007199161;0.9999944083277352;0.999997261414974;0.9999999999999999;1.024999976158142;
2016-09-27 03:00:00;1.0;0.9999513854485838;1.0;0.9999980088689931;1.0;0.9999975382154831;1.0002149748764273;0.9999753642607191;0.9999915657419426;1.0;0.9999814117960627;1.0;1.000025260614052;1.0;0.9999511801599468;0.9999535307908702;0.999954528458363;0.9999977126237131;0.9999976896240267;0.9999948566490526;1.0;0.9999594652831697;0.9999541057918055;1.000201813628089;1.000220878265786;0.9999942269605875;0.999963088479497;0.9999987020078741;0.9998615640843962;0.9997274386867118;0.9996136593227531;0.9995637006221385;0.9999940301291644;0.9993839514450018;0.9993453893454743;0.9996202354090985;0.9997798643255932;0.9999999999999999;1.0;0.9999954017225544;0.9999949478666331;0.9999970682819563;1.0;1.024999976158142;
2016-09-27 03:15:00;1.0;0.999965471238014;1.0;0.9999983114070125;1.0;0.9999981183491787;1.0002110643875355;0.9999803290840994;0.9999939631152365;1.0;0.9999868371235258;1.0;1.000025747424624;1.0;0.9999604158833832;0.9999623243496876;0.9999631927516053;0.9999986963593243;0.9999986851387694;0.9999963230725338;0.9999999999999999;0.9999720344488279;0.9999628730399016;1.000198182756131;1.0002166534536026;0.9999958085210419;0.9999747443006328;0.9999990115397578;0.9998605644959653;0.9997276636142143;0.9996129064034419;0.999562240516939;0.9999955194624792;0.9993786519940476;0.9993417831438917;0.9996204490794032;0.9997798348907573;1.0;1.0;0.9999965308132018;0.9999966324077719;0.9999979538773716;1.0;1.024999976158142;
2016-09-27 03:30:00;0.9999999999999999;0.9999652335347843;1.0;0.9999976650164033;1.0;0.9999974636543558;1.000212729657153;0.9999748192494231;0.9999933738504991;1.0;0.9999850357284101;1.0;1.0000255836573717;1.0;0.9999506085997082;0.9999518903241098;0.9999529219074976;0.999998342420504;0.9999983271934894;0.9999955591559138;1.0;0.9999696281254701;0.9999525344813716;1.0001995745984338;1.0002185682140285;0.9999945864969134;0.999972114823599;0.9999986668525356;0.9998503220993785;0.9997123313685032;0.9995976246164463;0.999547275454264;0.9999958290221592;0.9993576602332639;0.9993164477623333;0.9996100518191766;0.9997738757716444;1.0;1.0;0.9999968324421802;0.9999956724256637;0.9999974679655432;1.0;1.024999976158142;
2016-09-27 03:45:00;1.0;0.999965783491018;1.0;0.999997721686613;1.0;0.9999974110406753;1.0002127840408013;0.9999769815825571;0.9999928671978898;1.0;0.9999860030344736;1.0;1.0000259941696976;1.0;0.9999550893124038;0.9999566033475071;0.9999575616128359;0.9999987361816031;0.9999987233861152;0.9999956062968179;1.0;0.999970972629369;0.9999572210689107;1.0001997002495624;1.0002184897239443;0.9999951369962521;0.9999737906289331;0.9999986403466717;0.9998211240667383;0.9996698913050538;0.9995463817234572;0.9994910689409939;0.9999953879786769;0.9992596433385441;0.9992130274412389;0.9995758359281535;0.9997546872122574;0.9999999999999999;1.0;0.9999964854143987;0.9999963014816335;0.9999973982150431;1.0;1.024999976158142;
2016-09-27 04:00:00;1.0;0.9999608886242941;0.9999999999999999;0.9999985251145757;1.0;0.9999979502229285;1.0002129436608584;0.9999841116321899;0.9999922164575348;1.0;0.9999865933393136;1.0;1.0000261838797675;1.0;0.9999687063812199;0.9999711430678346;0.9999718215707752;0.9999988663849192;0.9999988541253834;0.9999959336375038;1.0;0.9999692572792441;0.9999715637031816;1.0002001347958966;1.0002183939945692;0.9999963571758307;0.999972867142685;0.9999989227213013;0.9998008530657214;0.9996557151168713;0.9995430191185062;0.9995016006382359;0.9999942475645294;0.999301096462647;0.9992525016584656;0.9995837625285457;0.999759307571736;1.0;1.0;0.9999955477544696;0.9999970721555568;0.9999975177347938;1.0;1.024999976158142;
2016-09-27 04:15:00;1.0;0.9999602087640838;1.0;0.9999978803079198;0.9999999999999999;0.9999972827483145;1.000213675912196;0.9999795523310036;0.9999912684000319;1.0;0.9999853773054157;1.0;1.0000262856111404;1.0;0.9999604721344139;0.9999626541670563;0.999963504151524;0.999998893902338;0.9999988801970071;0.9999952319375635;1.0;0.999967710862813;0.9999632031320473;1.000200679192092;1.0002192581461453;0.9999955352026068;0.9999714440368452;0.9999985724824341;0.9997856500195639;0.9996389636548841;0.9995250854860784;0.9994858918844575;0.9999940498298046;0.9992810966763727;0.9992320097205726;0.9995739740432853;0.9997537653840758;1.0;1.0;0.9999954370872877;0.999996649457628;0.999997040165423;1.0;1.024999976158142;
2016-09-27 04:30:00;0.9999999999999999;0.999959975283001;1.0;0.9999977042770165;1.0;0.9999976256051286;1.0002138879072922;0.999973417393224;0.9999931948976821;1.0;0.9999838450141858;1.0;1.0000257300495383;0.9999999999999999;0.9999464665024305;0.9999484798865934;0.999949654010201;0.9999983440126436;0.9999983289618241;0.9999955311097142;1.0;0.9999668995733579;0.9999492292227639;1.0002006352199684;1.0002197778133008;0.9999944738553938;0.9999698197859717;0.9999987517842303;0.9997751607046887;0.9996294308206063;0.9995135287573421;0.9994761264151594;0.9999950756419071;0.9992725836844736;0.9992256525668936;0.9995657556585225;0.9997488104902724;1.0;1.0;0.999996197712997;0.9999956127151887;0.9999975858476615;1.0;1.024999976158142;
2016-09-27 04:45:00;0.9999999999999999;0.9999629999560028;1.0;0.9999982557518354;1.0;0.9999981991701806;1.0002126324224647;0.9999771644072177;0.9999944548355286;1.0;0.9999850421704196;1.0;1.0000253336693687;1.0;0.9999537338995508;0.9999554737223393;0.9999564562139954;0.9999980943186538;0.9999980809316181;0.9999961738701201;1.0;0.9999689853012982;0.9999560642984233;1.0001995609208232;1.0002184499610232;0.9999949863462763;0.9999713788130087;0.9999990533186525;0.9997969690045186;0.9996487992781159;0.9995300736426319;0.9994845551823097;0.9999958959262741;0.999270920601022;0.9992237805883085;0.9995702484140655;0.9997516084196052;1.0;1.0;0.9999968233165332;0.9999956813746178;0.9999980118117668;1.0;1.024999976158142;
2016-09-27 05:00:00;1.0;0.9999698623523213;1.0;0.9999983397946686;1.0;0.9999981412327266;1.00021086600823;0.9999825195625522;0.9999941758633728;1.0;0.9999888065578048;1.0;1.0000262340873678;0.9999999999999999;0.9999649252730773;0.9999667700617493;0.999967569182381;0.9999992035666179;0.9999991964443219;0.9999966520487991;1.0;0.9999762088584223;0.9999673032460837;1.0001980381755307;1.0002163220344495;0.9999964688887888;0.9999788628411338;0.9999990253734239;0.9998353805299514;0.9996914459231101;0.9995732939520823;0.9995209268799553;0.9999956737217467;0.9993292315290484;0.9992852941507057;0.9995824831962208;0.9997585021966557;1.0;0.9999999999999999;0.9999966500129226;0.9999974165734821;0.999998075461033;1.0;1.024999976158142;
2016-09-27 05:15:00;1.0;0.9999671267686383;1.0;0.9999985035580978;1.0;0.9999982754907586;1.0002121586328323;0.9999845527730108;0.9999936345557927;0.9999999999999999;0.9999892971304449;1.0;1.0000268734180433;1.0;0.9999681125106762;0.9999707559182326;0.9999715523575091;0.9999996662042335;0.9999996602751351;0.9999967910218232;1.0;0.9999762188493888;0.9999713195631087;1.000199334484461;1.0002174939169195;0.9999971299874066;0.9999795214256467;0.9999990957769866;0.9998144311482496;0.9996643490696766;0.9995363465098728;0.9994802744511772;0.9999946978740601;0.9992697747263282;0.9992272181887134;0.9995498201166653;0.9997400940915133;1.0;1.0;0.9999958465284937;0.9999981631876194;0.9999981491242462;1.0;1.024999976158142;
2016-09-27 05:30:00;1.0;0.9999725307588009;1.0;0.9999983722655094;1.0;0.999998288823851;1.0002121731613467;0.9999830780534683;0.9999947565206941;1.0;0.9999899561786467;1.0;1.000026690120801;1.0;0.9999655505823186;0.9999674367189265;0.9999682570706141;0.9999994930551108;0.9999994874566842;0.9999970091345424;1.0;0.9999790219664653;0.9999680058497473;1.0001992592198778;1.0002176142526789;0.9999968159736271;0.9999815303571724;0.9999991031841798;0.9997994932263347;0.9996522433595334;0.9995279527295122;0.9994788724655744;0.9999958981669601;0.9993065484761536;0.9992639903724319;0.9995317056043131;0.9997294458605095;0.9999999999999999;1.0;0.9999968066385632;0.999997847832284;0.9999983244122723;0.9999999999999999;1.024999976158142;
2016-09-27 05:45:00;0.9999999999999999;0.9999627564070143;1.0;0.9999979044263718;1.0;0.9999977602653929;1.0002187689719677;0.9999772218357069;0.99999316367093;1.0;0.9999859201000233;1.0;1.0000269726798259;1.0;0.9999539528611934;0.9999562143149806;0.9999572673427026;0.9999989384446265;0.9999989267651809;0.9999959232006641;1.0;0.9999705487349361;0.9999569160672922;1.0002053401752322;1.0002245736754978;0.9999954503093661;0.9999736870386272;0.9999988234758332;0.9998153097631843;0.9996595168712032;0.9995251146721416;0.9994639309955131;0.9999948316191228;0.9992665600562499;0.9992235692837936;0.9995178663440837;0.9997030851656229;1.0;1.0;0.999995990748075;0.9999966412322219;0.9999977279371045;0.9999999999999999;1.024999976158142;
2016-09-27 06:00:00;1.0;0.9999618466569625;0.9999999999999999;0.9999976489350143;1.0;0.9999974746782071;1.0002239660380547;0.9999756128747485;0.9999925778676265;1.0;0.9999854205497539;1.0;1.00002771891381;1.0;0.9999510411161833;0.9999533216455248;0.9999544432292659;0.999999019653145;0.9999990089210915;0.9999956074512814;1.0;0.9999697118725837;0.9999540796246519;1.0002101864027062;1.000229916076493;0.9999951934876726;0.9999730350459308;0.9999986745564342;0.9996533561213045;0.9994981487543829;0.9993600640515221;0.9993352319382026;0.9999945476803246;0.9991544710219366;0.9991148401887369;0.9994266880259888;0.9996345372101043;1.0;1.0;0.9999957836733324;0.9999965703026157;0.9999975039115787;1.0;1.024999976158142;
2016-09-27 06:15:00;1.0;0.999939226693806;1.0;0.9999985531982614;1.0;0.9999981416056921;1.0002310523233002;0.9999770916128681;0.9999908880005666;0.9999999999999999;0.9999795938396426;0.9999999999999999;1.0000273927355685;0.9999999999999999;0.9999519493004787;0.9999560907500118;0.9999571686150421;0.9999977540380115;0.9999977316199734;0.9999949908536357;1.0;0.9999535239450532;0.999956727768077;1.000217061550727;1.0002372320093031;0.9999947109102736;0.9999583507613307;0.9999990181815771;0.9995486168635604;0.9993837252481766;0.9992370359286409;0.9992280049822687;0.9999920726240032;0.999017935720841;0.9989760189837111;0.9993607667207878;0.9995875088063162;1.0;1.0;0.9999937663037327;0.9999952450986422;0.9999973421710845;1.0;1.024999976158142;
2016-09-27 06:30:00;0.9999999999999999;0.9999325513798425;1.0;0.9999980878545992;1.0;0.9999978812264154;1.0002400428631426;0.9999669169945015;0.999991451608291;1.0;0.9999739321567993;1.0;1.0000266798213016;0.9999999999999999;0.9999319577372945;0.9999352151714895;0.9999365921366392;0.9999959262061231;0.9999958821700075;0.9999940362058755;1.0;0.9999437370525618;0.9999359445085124;1.000225224980793;1.0002470172538331;0.9999919536716205;0.9999476925691286;0.9999988710142004;0.9995207607185428;0.9993299301688573;0.9991504314944962;0.9991181520375724;0.9999931501337948;0.9988045636063586;0.9987627755173044;0.9992909970986126;0.9995478825388746;1.0;1.0;0.9999946536833452;0.9999922140496788;0.9999970554151223;1.0;1.024999976158142;
2016-09-27 06:45:00;1.0;0.9999063874025049;1.0;0.9999981018540923;1.0;0.9999978173094864;1.0002457773025928;0.9999583247527863;0.9999894432647325;0.9999999999999999;0.9999641505504506;1.0;1.0000252582214886;1.0;0.9999134752293527;0.9999178934038967;0.9999195831282028;0.9999937827067025;0.9999937077192723;0.9999923605856528;0.9999999999999999;0.9999216224591431;0.999918702999888;1.0002305088174084;1.000253374935722;0.9999892454440036;0.9999266606088782;0.9999988213079112;0.9994430010836516;0.9992194430990906;0.9990461109033807;0.9990206251932741;0.9999911662473943;0.998673499727681;0.9985998123363006;0.9992256186021113;0.9995163911970751;0.9999999999999999;1.0;0.9999930779316425;0.9999889436383586;0.9999963936736062;1.0;1.024999976158142;
2016-09-27 07:00:00;1.0;0.9999223423967153;1.0;0.9999958253998711;1.0;0.9999953739904274;1.0002503995097816;0.9999480460489042;0.9999874463992323;1.0;0.9999658270501927;1.0;1.0000268485693635;1.0;0.9998980662831984;0.9999002003333831;0.9999021785250694;0.9999948369074735;0.9999947678773312;0.9999907785323503;1.0;0.9999297012640681;0.9999012964765054;1.000234437882634;1.0002582602242556;0.9999877599561238;0.9999341124230222;0.9999975440038269;0.9993542102036577;0.9991477776348933;0.998977942273701;0.9989842148583046;0.9999923583134431;0.9987345617212183;0.9986739105252879;0.9991656303959696;0.9994775718878985;1.0;1.0;0.9999942234120992;0.9999890235465733;0.999994945499427;0.9999999999999999;1.024999976158142;
2016-09-27 07:15:00;1.0;0.9998840846460618;1.0;0.9999900227890929;1.0;0.9999872465926493;1.0002737840553637;0.9999178984335758;0.9999673855678527;1.0;0.9999495190343157;1.0;1.0000306855009613;1.0;0.9998505847312802;0.9998533262607621;0.9998562090426433;0.9999957485779164;0.9999956157918236;0.999980813625977;1.0;0.9998935387890985;0.9998551531106733;1.0002558676481434;1.0002825060694251;0.9999814427319178;0.9999045363013426;0.9999932467729041;0.9990865130230756;0.9988309654617589;0.9986077733950252;0.9986255104056502;0.9999827197695679;0.998332046522379;0.9982675893549238;0.9988545478145247;0.9992968737617882;0.9999999999999999;1.0;0.9999871984513418;0.9999863515996921;0.9999873441910279;1.0;1.024999976158142;
2016-09-27 07:30:00;1.0;0.9998841344121532;1.0;0.9999932458799103;1.0;0.9999911163088476;1.0002664025773609;0.9999317922114143;0.9999747102772172;0.9999999999999999;0.9999511625911032;1.0;1.0000277315868764;0.9999999999999999;0.9998727884148176;0.9998758672158315;0.9998781944541483;0.9999936847189981;0.9999935661859883;0.9999843073711207;1.0;0.9998947440779512;0.9998771398739437;1.000249343838132;1.0002749806898537;0.999983202101773;0.9999035732447106;0.9999952862757434;0.9992174456499556;0.998993116552885;0.9988055588401072;0.9988277917896677;0.9999857266794254;0.9985263768251174;0.9984637628860006;0.9990672736879503;0.9994193689686698;1.0;0.9999999999999999;0.9999893239194215;0.9999855775841523;0.9999902244967239;1.0;1.024999976158142;
2016-09-27 07:45:00;1.0;0.9998698986446961;0.9999999999999999;0.9999913694147903;1.0;0.9999888431435374;1.000277463741813;0.9999205699515558;0.9999689180984321;1.0;0.9999462061022028;1.0;1.00002990057236;1.0;0.9998521292383458;0.9998563083729892;0.9998591651703226;0.9999944690776817;0.9999943304962428;0.9999815681668028;1.0;0.9998843404759236;0.9998580263679361;1.00025948762996;1.000286378244343;0.9999814687997118;0.9998955697695906;0.9999940821053362;0.9991529342120952;0.9988967443624778;0.9986759075331105;0.9986804353667132;0.9999820878506677;0.9983114927147365;0.9982453149514384;0.9989437569089232;0.999344355686468;1.0;1.0;0.9999865627059029;0.9999852922068816;0.9999882789710262;1.0;1.024999976158142;
2016-09-27 08:00:00;1.0;0.9999144982754788;1.0;0.9999945536529252;1.0;0.9999942037258136;1.0002772529275255;0.9999422268228189;0.9999839098220483;1.0;0.9999657307271526;1.0;1.0000324789652877;1.0;0.9998846340382103;0.9998890585872022;0.9998916175185251;0.9999970461617378;0.9999969773498137;0.9999898651449907;1.0;0.9999297317263929;0.9998907376866817;1.0002595212827676;1.0002854954654568;0.9999882002002387;0.9999365601590616;0.9999969283534677;0.99911106252474;0.9988511420921872;0.998630234089862;0.9986422207539635;0.9999886615464628;0.9983252500104458;0.9982572156079438;0.9988811373882196;0.999287583375098;0.9999999999999999;1.0;0.9999912716083765;0.9999911148722563;0.999994313439226;1.0;1.024999976158142;
2016-09-27 08:15:00;0.9999999999999999;0.9998221650694031;1.0;0.9999942713140911;1.0;0.999992874309014;1.000303857794767;0.9999375755205215;0.9999674089617914;1.0;0.9999479815899174;1.0;1.0000379366195327;0.9999999999999999;0.9998661606403317;0.9998824351146741;0.9998860188788348;0.999999039562105;0.9999988983356609;0.9999850636289902;1.0;0.9998781397033267;0.999885009375564;1.0002849667811182;1.0003120216945474;0.9999885458677336;0.9998966825346889;0.9999961861637587;0.9988639523036407;0.9984966164212841;0.9982605828659166;0.9982734536661834;0.9999703432913789;0.9978114937560453;0.9976645530918637;0.9986151095337056;0.9991120131498865;1.0;1.0;0.9999765815156366;0.9999929588700218;0.999991528279418;1.0;1.024999976158142;
2016-09-27 08:30:00;1.0;0.9998088354118494;0.9999999999999999;0.9999949410106922;1.0;0.9999935411543743;1.00030791210554;0.9999376521158333;0.9999673090114924;1.0;0.9999440699393204;1.0;1.0000373300563363;0.9999999999999999;0.9998645860017744;0.9998818019885596;0.9998853881031436;0.9999979104296239;0.9999977534999247;0.999984909097105;1.0;0.9998680609562528;0.9998842988212551;1.0002888638478347;1.0003163100466639;0.9999879770373108;0.9998870815955606;0.9999965276210202;0.9988894259689589;0.9985151615425224;0.9982608962536784;0.9982549118451182;0.9999694324566952;0.997813356443399;0.9976728342149259;0.9985577225743031;0.9990661512060133;1.0;1.0;0.9999758068374706;0.9999917009606604;0.9999916873817716;0.9999999999999999;1.024999976158142;
2016-09-27 08:45:00;1.0;0.9999090965364262;1.0;0.9999960723049315;0.9999999999999999;0.9999951013851784;1.0003020232323458;0.9999588281727035;0.9999822059651066;0.9999999999999999;0.9999690899151142;1.0;1.0000367224966464;0.9999999999999999;0.9999170895677151;0.9999233561064962;0.9999252793056251;0.9999980406325805;0.9999979904803837;0.9999906693995702;0.9999999999999999;0.9999306892822414;0.9999246363214933;1.0002834454455523;1.000310156466711;0.9999914160082911;0.9999392961099807;0.9999974089407366;0.9988225955231683;0.9984288740174946;0.9981484724827966;0.9981315224242734;0.9999861996381257;0.997629840366935;0.9974932327095619;0.9984634601605556;0.9990036013645609;0.9999999999999999;1.0;0.99998926620765;0.9999936940607299;0.9999944808039323;1.0;1.024999976158142;
2016-09-27 09:00:00;0.9999999999999999;0.9998928674190072;1.0;0.9999959893239587;1.0;0.999994888219817;1.0003035490314067;0.999948571223086;0.9999819250734818;1.0;0.9999593014188499;0.9999999999999999;1.00003352653294;1.0;0.9998980254811536;0.9999031501253758;0.9999051946878854;0.9999946776198456;0.9999945817889909;0.999988927373098;1.0;0.9999104828358678;0.9999042840219358;1.0002846804013754;1.000312503211713;0.9999875277308011;0.9999182806296992;0.9999972735473265;0.9988655660561173;0.9984944429173868;0.9982116966352099;0.9981952376348078;0.9999871258531398;0.9977067464047578;0.997589633355604;0.9985175896565718;0.9990371578457814;0.9999999999999999;1.0;0.9999900766390228;0.9999887588046744;0.99999372413625;0.9999999999999999;1.024999976158142;
2016-09-27 09:15:00;1.0;0.9999193689708378;1.0;0.9999952567275798;1.0;0.9999939778756723;1.0002867561042392;0.9999574085936913;0.9999811989746792;1.0;0.9999707700557472;1.0;1.0000351070629547;1.0;0.9999179195146267;0.9999226145947406;0.9999244321080263;0.9999983869623266;0.9999983436916832;0.9999899768458651;0.9999999999999999;0.9999355425197157;0.9999238411897923;1.000269008659051;1.0002945244060315;0.999991059456479;0.999943643040864;0.9999968245623795;0.9988613974860296;0.9984948151667014;0.998235541399194;0.9982317910045163;0.9999871857435906;0.9977469860246136;0.9976160887203815;0.9985667301222166;0.9990826995715419;0.9999999999999999;1.0;0.9999901739184374;0.9999937921964178;0.9999936781716527;1.0;1.024999976158142;
2016-09-27 09:30:00;1.0;0.9998825761948311;1.0;0.9999966657552801;1.0;0.9999955759672499;1.0002888438080095;0.9999603247212135;0.999979075441438;1.0;0.9999645261062606;0.9999999999999999;1.0000353260695432;1.0;0.9999159659039235;0.9999258464645522;0.9999279787988341;0.9999983057540635;0.9999982445407753;0.9999901083865823;0.9999999999999999;0.9999165940980742;0.9999272994212636;1.0002712455257077;1.000296450124003;0.9999919908359337;0.9999281711722124;0.9999976506034287;0.998936268685732;0.9986051750912274;0.9983797009392916;0.9983964089733077;0.9999814742351217;0.9980295941845952;0.9979056473968946;0.9986773296741712;0.9991398740031951;1.0;0.9999999999999999;0.9999854070121866;0.9999942254093649;0.9999943554059174;1.0;1.024999976158142;
2016-09-27 09:45:00;1.0;0.9997221567012832;1.0;0.9999869197150357;1.0;0.9999877967893432;1.0003137219887106;0.9998536455620141;0.9999548052184347;0.9999999999999999;0.999911286267481;1.0;1.000038694278872;1.0;0.9996839681302802;0.9997098083729204;0.9997181913323616;0.9999988679487686;0.9999985396578449;0.9999763779426595;1.0;0.9998112983460488;0.9997159081192872;1.0002917911926177;1.000324183478891;0.9999756658877111;0.9998381140958514;0.9999934092191792;0.9989555075276547;0.9986172834791065;0.9983981080113116;0.9984169795113006;0.9999558225086241;0.9980203929927396;0.9978852276393524;0.9987203009931919;0.9991705175038971;1.0;0.9999999999999999;0.9999649141404061;0.9999858100417514;0.9999883329747541;1.0;1.024999976158142;
2016-09-27 10:00:00;1.0;0.9997642481709039;0.9999999999999999;0.9999877910309287;1.0;0.9999886527845296;1.0003149269697034;0.9998648228474835;0.9999613745855673;0.9999999999999999;0.9999211743002233;1.0;1.0000381346073324;1.0;0.9997115446932814;0.9997322310723729;0.999739687913956;0.9999981310133024;0.9999978310413462;0.9999787539082633;1.0;0.999835465621469;0.9997375965149956;1.0002930838049386;1.0003254214982147;0.9999768902204825;0.9998574543337402;0.9999938764109553;0.9988341431175108;0.9984413965583618;0.9982244805143508;0.9982458438908416;0.999963555091177;0.997739616418783;0.9975573265495011;0.9986282229181378;0.9991197321538818;1.0;1.0;0.9999711345219972;0.9999858597327395;0.9999894409962031;1.0;1.024999976158142;
2016-09-27 10:15:00;1.0;0.9998093723016221;0.9999999999999999;0.9999900056036052;0.9999999999999999;0.9999895578935414;1.0003051312481968;0.9998965561068869;0.9999647312862556;1.0;0.9999359151838508;0.9999999999999999;1.00003709732622;1.0;0.999784406432075;0.9997999605350281;0.9998053902944941;0.9999982213943472;0.9999980196727141;0.9999812104234465;1.0;0.9998628911737444;0.9998038381357597;1.0002848005665421;1.000314604926057;0.9999813984574965;0.9998814190590273;0.9999944121670432;0.9987938382314647;0.998383002076243;0.9981646224471753;0.9981830360748631;0.9999697856247616;0.997609576578453;0.9974128092300978;0.9986074007172717;0.9991122863630976;0.9999999999999999;1.0;0.9999762694022368;0.9999883920615599;0.9999897280544777;1.0;1.024999976158142;
2016-09-27 10:30:00;1.0;0.9998441606758627;1.0;0.9999933598206016;1.0;0.9999921994559194;1.000291229135117;0.9999329626077452;0.9999696374972137;1.0;0.9999515984741233;1.0;1.0000364486935203;1.0;0.9998601158434259;0.9998735357377799;0.999877150859813;0.9999992095833204;0.9999991207617813;0.999985348579945;0.9999999999999999;0.9998904661722285;0.9998761450333198;1.0002727939597365;1.0002993029139535;0.99998785412797;0.9999067526711909;0.9999958650094325;0.9987931513593743;0.9983926634556599;0.9981913551066922;0.9982214212645505;0.9999739389963476;0.997676496242176;0.997477067125681;0.9986416966714868;0.999135061279864;1.0;1.0;0.9999795313429469;0.9999927368365038;0.9999915381470462;0.9999999999999999;1.024999976158142;
2016-09-27 10:45:00;1.0;0.9999067814759265;1.0;0.9999910861644695;1.0;0.9999911685487197;1.0003008744315949;0.9999174237606451;0.9999792051053092;1.0;0.999961024914068;1.0;1.000037195440496;1.0;0.9998350606530721;0.9998405031810511;0.999844398170806;0.9999988480354228;0.9999987641407478;0.9999870338312034;1.0;0.9999254801222243;0.999843293423404;1.000280907301214;1.0003100396607625;0.9999851731189341;0.9999341816233441;0.9999953265629411;0.9986839978731976;0.9982249850726916;0.9979692021063035;0.9979661393644242;0.999985607586487;0.9973576670202978;0.9971476883910028;0.998388470427667;0.9989857438296007;1.0;1.0;0.9999889425583949;0.9999909836381742;0.9999926186591965;1.0;1.024999976158142;
2016-09-27 11:00:00;1.0;0.9999158412405881;1.0;0.9999892630556967;0.9999999999999999;0.9999901920332511;1.0002953315237588;0.9999000019976815;0.9999811022689282;1.0;0.9999596134484164;1.0;1.0000363713247102;0.9999999999999999;0.9997999971973919;0.9998040080086307;0.9998087102160621;0.9999988297184362;0.9999987444018413;0.9999865816030707;1.0;0.9999296280841984;0.9998073919726542;1.0002749875551864;1.0003049516577072;0.9999825407864196;0.9999367484938898;0.9999948132948615;0.99870930940522;0.9982616346321851;0.9980112734978576;0.9980100108776191;0.9999877750864439;0.997342480563981;0.9971372725371289;0.9984738389700735;0.9990403681587671;0.9999999999999999;1.0;0.999990684464932;0.9999895426802947;0.9999926872879661;1.0;1.024999976158142;
2016-09-27 11:15:00;1.0;0.9999356635315119;1.0;0.9999963110550536;1.0;0.9999949979569053;1.0002876585236409;0.9999691715983775;0.9999838975306433;0.9999999999999999;0.9999773783824255;0.9999999999999999;1.0000358416302777;1.0;0.9999418503350754;0.9999456550107031;0.9999469285075228;0.9999989599174682;0.9999989330675262;0.999991797755021;1.0;0.9999487273458472;0.999946520777801;1.0002701591517533;1.000295094418042;0.9999933858899135;0.9999556176838809;0.9999973684295517;0.9986101835878857;0.9981300758189784;0.9978629221814906;0.9978563708954453;0.9999892318360155;0.9970941071229212;0.9968733209987547;0.9983786294259657;0.9989854771562605;1.0;1.0;0.9999917605418387;0.9999955367630678;0.999994628643908;1.0;1.024999976158142;
2016-09-27 11:30:00;1.0;0.9999243400891116;1.0;0.9999967131194414;1.0;0.9999954629017428;1.000282079424541;0.9999694770263922;0.9999833404627676;1.0;0.9999751305694985;1.0;1.000034958776008;1.0;0.9999402425964002;0.9999454817319253;0.9999468566285427;0.9999987851763912;0.999998753278872;0.9999917814407626;1.0;0.9999423926361685;0.9999464099897679;1.0002649741846512;1.0002893616450896;0.9999934760357578;0.9999502363394961;0.999997608766001;0.9987226837722528;0.9982920807763969;0.9980601929457888;0.9980715306549671;0.999987655503337;0.9974316401008184;0.997227628042563;0.9985323570462991;0.9990747350789329;1.0;1.0;0.999990444486313;0.9999954381571489;0.9999948108611455;0.9999999999999999;1.024999976158142;
2016-09-27 11:45:00;1.0;0.9999239200271777;1.0;0.9999966168920076;1.0;0.9999952414401161;1.0002924246018192;0.9999682606719834;0.9999830743103817;1.0;0.9999739544259313;1.0;1.0000357484616345;1.0;0.9999389606507715;0.9999436334907943;0.9999449576910464;0.9999982489118193;0.9999982143851321;0.9999913735400857;1.0;0.999940021603818;0.9999444867818399;1.00027468928292;1.0003000666090898;0.9999928364255136;0.9999476053632927;0.999997492086099;0.9986266588962764;0.9981566490412737;0.9978755611916877;0.9978631753803405;0.9999880540196552;0.9970923962924184;0.9968902590531614;0.9983840880778777;0.9989870608002678;1.0;1.0;0.9999908026665166;0.999994641358975;0.9999945145149406;1.0;1.024999976158142;
2016-09-27 12:00:00;1.0;0.9999297859166913;1.0;0.9999960352320424;1.0;0.9999936338490581;1.0002874355114109;0.999973014019454;0.9999792113964817;1.0;0.9999755598963338;0.9999999999999999;1.0000356385860583;1.0;0.99995444403342;0.9999578064862479;0.9999586409880666;0.999998745354137;0.9999987138163514;0.999989905598963;1.0;0.9999413326645582;0.9999583336241347;1.0002702158661558;1.0002946859071011;0.9999931963975573;0.9999495502660554;0.9999966518952785;0.9985993138405164;0.9981343847910019;0.9979007731838305;0.9979235240868572;0.999987514769764;0.9972265078818625;0.9969962279860832;0.9984401757701502;0.9990333312228743;1.0;1.0;0.9999905780119773;0.9999952526746209;0.9999928249290326;0.9999999999999999;1.024999976158142;
2016-09-27 12:15:00;1.0;0.9999172679045866;0.9999999999999999;0.9999962077194968;1.0;0.9999945026234278;1.0002822859730462;0.9999661013435267;0.9999807719434319;1.0;0.9999715475027806;1.0;1.0000342875576453;1.0;0.9999360090621551;0.9999408597656237;0.9999422112694264;0.9999980864711735;0.9999980452502133;0.999990258731332;1.0;0.9999340224264623;0.9999417217935767;1.0002651476023385;1.0002897198097196;0.9999921555328396;0.9999424343437382;0.9999971011207577;0.9986013012023707;0.9981325999902556;0.9978996201739826;0.9979194251320533;0.9999868409422947;0.9971736844180943;0.9969379811890253;0.9984638179706476;0.9990485014855348;1.0;1.0;0.9999899058173118;0.9999941345981523;0.999993672730263;0.9999999999999999;1.024999976158142;
2016-09-27 12:30:00;0.9999999999999999;0.9998831734702214;1.0;0.9999923821534196;1.0;0.9999884595004778;1.0002848969105282;0.9999498503411685;0.9999639665547803;1.0;0.9999593732635224;1.0;1.00003540424344;1.0;0.9999137430708775;0.9999197523012991;0.9999214740240926;0.9999988878577195;0.9999987967601082;0.9999825404548779;1.0;0.9999038225607986;0.999920943407024;1.0002674579092825;1.000292366263287;0.999988334598841;0.9999181847884918;0.9999939047643724;0.9986459455981672;0.9981998039637751;0.997982046942074;0.9980122938125243;0.9999781895193796;0.9972924217062338;0.9970643329030231;0.9985516711541568;0.9990988577898824;0.9999999999999999;0.9999999999999999;0.9999835235164615;0.9999927232522746;0.9999875994256981;1.0;1.024999976158142;
2016-09-27 12:45:00;1.0;0.9998288106078432;1.0;0.9999954640885157;1.0;0.9999931105307102;1.0003009081302803;0.9999533816918063;0.9999663343796411;0.9999999999999999;0.9999518146561047;1.0;1.0000375926058942;1.0;0.9999016262246594;0.9999169754452797;0.9999196095103033;0.9999989890033119;0.9999988687828946;0.9999853593344179;0.9999999999999999;0.9998816072790824;0.9999188461330095;1.0002827754794972;1.0003085293591785;0.9999906408821833;0.9999001965658226;0.9999963229678057;0.998595361916233;0.9981117522622399;0.9978643552618895;0.997874192149472;0.9999707032184899;0.9970711703036288;0.9968333140641182;0.9984454001253512;0.9990295543186702;0.9999999999999999;0.9999999999999999;0.9999769568645724;0.9999940532005747;0.9999910908964366;1.0;1.024999976158142;
2016-09-27 13:00:00;0.9999999999999999;0.9995987931135525;1.0;0.9999928667728157;0.9999999999999999;0.9999885618660652;1.0003466568733215;0.9999144286765055;0.9999288146456112;1.0;0.9998964136664006;1.0;1.0000438212553908;1.0;0.9998036040327064;0.9998441521306998;0.9998500499363835;0.9999993321780671;0.9999987483748706;0.9999711716539317;1.0;0.9997381717713888;0.9998484525951947;1.000325939578221;1.0003552014331538;0.9999838495396458;0.9997818567225578;0.999993661409775;0.9985454683144431;0.9980339397591966;0.9977394396438338;0.9977301163761269;0.9999306351302236;0.9968373760512489;0.9966083138968397;0.9983380774420489;0.9989669142851625;1.0;1.0;0.9999449121089992;0.9999905616435825;0.9999835559266211;1.0;1.024999976158142;
2016-09-27 13:15:00;1.0;0.9997618550712927;1.0;0.9999917760735902;1.0;0.9999871369280615;1.000312850726397;0.9999316745059718;0.9999461065936412;1.0;0.9999308570650046;1.0;1.000039025843763;1.0;0.9998647939353958;0.9998844494311228;0.999887867742785;0.9999989093586873;0.9999986775603875;0.9999761487067196;1.0;0.9998295337855833;0.9998868926083088;1.0002938729804762;1.0003208850255545;0.9999854455047353;0.9998567702863895;0.9999931255336317;0.9986219623476658;0.998144429043033;0.9978880681647547;0.9978924048291166;0.999957584583355;0.9971370170250969;0.9969100663045053;0.9984235771059085;0.9990121075954422;1.0;1.0;0.999966959139129;0.9999911449677633;0.9999844917710223;1.0;1.024999976158142;
2016-09-27 13:30:00;1.0;0.9998663651761741;1.0;0.9999964748056703;1.0;0.9999949366919606;1.000295981426037;0.9999615767007809;0.9999747296905048;1.0;0.9999622318985837;1.0;1.0000371668788814;1.0;0.9999178225729921;0.9999299905003219;0.9999322077525985;0.9999992019746256;0.9999991325770006;0.9999889402901574;1.0;0.9999082576516017;0.9999315688846514;1.0002781244399395;1.0003034584938166;0.9999925637468084;0.9999225260905389;0.9999973098652651;0.998498976084898;0.9980098965837001;0.9977786775806566;0.9978160425612518;0.9999774112313983;0.9970567192202748;0.9968039023499297;0.9983946514953558;0.9989891437249306;1.0;1.0;0.99998219148021;0.9999952854492992;0.9999934510611967;0.9999999999999999;1.024999976158142;
2016-09-27 13:45:00;0.9999999999999999;0.9999282535610847;1.0;0.9999961054661063;1.0;0.999994135974033;1.0002749579701373;0.9999716945086875;0.9999802648366227;1.0;0.9999761222633633;1.0;1.0000345636495025;1.0;0.9999490117686828;0.9999533664267842;0.9999544567627391;0.9999992832113442;0.9999992576074657;0.9999905787023905;1.0;0.9999432722686499;0.9999541198517571;1.0002583909198648;1.000281883510637;0.9999936184685908;0.9999517004049112;0.9999969175161963;0.9985646084536846;0.9980799761350339;0.9978499557073021;0.9978703895975508;0.9999870719792701;0.997050636433044;0.9967989153832357;0.9984660050707389;0.9990616029905277;1.0;1.0;0.9999901346014632;0.9999959338287103;0.9999934977819384;1.0;1.024999976158142;
2016-09-27 14:00:00;1.0;0.9999436330576479;0.9999999999999999;0.9999967364831196;0.9999999999999999;0.9999951289649961;1.0002723086894643;0.9999763158424513;0.9999841379898878;1.0;0.9999806456076147;0.9999999999999999;1.000034237527945;1.0;0.9999577541706212;0.9999608936618499;0.9999617685551434;0.9999992923557296;0.9999992744766106;0.9999922836271;1.0;0.9999544609293195;0.9999614889240739;1.0002559333270762;1.0002791406301856;0.9999945966026228;0.9999610279664793;0.9999974420541801;0.9985813764084966;0.9981087611888039;0.9978594137787291;0.9978699793586012;0.9999899398649098;0.9970541093806573;0.9968256250317257;0.9984497765756559;0.9990603531365234;1.0;1.0;0.9999923542840522;0.9999964734605449;0.9999946544759098;1.0;1.024999976158142;
2016-09-27 14:15:00;0.9999999999999999;0.9998638417307826;0.9999999999999999;0.9999960459421113;0.9999999999999999;0.9999944806520829;1.0002953927349678;0.9999594972428926;0.9999734661851422;1.0;0.9999618715630428;1.0;1.0000376268594504;1.0;0.9999135524413388;0.9999262485061838;0.9999286221829008;0.9999997351125393;0.9999996653537497;0.9999885042356104;1.0;0.9999075394636098;0.9999279795703403;1.0002775185493942;1.000302802676994;0.9999925193581034;0.9999225002801236;0.9999970703964207;0.9983597231849491;0.9978231114972567;0.9974847029033161;0.9974680657592659;0.9999763579377029;0.996463902040525;0.9962436469100483;0.9981433226465345;0.9988934737851969;1.0;0.9999999999999999;0.9999813660144143;0.9999957082297513;0.9999931330483113;0.9999999999999999;1.024999976158142;
2016-09-27 14:30:00;1.0;0.9999251163264262;0.9999999999999999;0.9999960968497454;1.0;0.9999945098911519;1.0002737318547579;0.9999681673706934;0.9999812820432232;1.0;0.9999749900801641;1.0;1.000034246852383;1.0;0.9999398690156206;0.999944748577007;0.9999461020810012;0.9999991422433023;0.9999991165684071;0.9999908658334622;1.0;0.999941941272643;0.9999456861009486;1.0002571044628805;1.0002807640336033;0.9999932122980679;0.9999502687098408;0.9999971135287026;0.9985977400391773;0.9981285916435104;0.9978708138817707;0.9978748650611453;0.9999870515755288;0.9970505155704237;0.9968307447685497;0.9984518472645845;0.9990705727271632;0.9999999999999999;1.0;0.9999900541633087;0.9999955955262123;0.9999939617478597;1.0;1.024999976158142;
2016-09-27 14:45:00;1.0;0.9999446129179996;1.0;0.9999962880634617;1.0;0.999995128660843;1.0002722064712262;0.9999708743366625;0.9999851025837547;0.9999999999999999;0.999980442149304;1.0;1.000034475800105;1.0;0.9999452376091937;0.9999486157912105;0.9999498524929327;0.9999995758274733;0.9999995573116713;0.9999924857391066;1.0;0.9999562333394952;0.9999494976190552;1.000255607646304;1.000279173493384;0.9999941113768588;0.9999625603963089;0.9999974411013735;0.9986385720341454;0.9981680828562419;0.997927696161324;0.9979314810601221;0.9999901634323158;0.9971407265720209;0.9969081558308128;0.9984851202557076;0.999089782811793;1.0;1.0;0.9999924855796865;0.9999964481565551;0.99999501341988;1.0;1.024999976158142;
2016-09-27 15:00:00;1.0;0.9999317030974261;1.0;0.9999968713272264;1.0;0.9999955841687698;1.0002690274805894;0.9999745682189832;0.9999836109361212;1.0;0.999978984454258;1.0;1.0000343564098522;1.0;0.9999504625468504;0.9999557969341097;0.9999570171054815;0.9999998378221838;0.9999998188544035;0.9999924667593904;1.0;0.9999501195152857;0.9999566849462783;1.00025281392737;1.0002757075010746;0.9999949551846394;0.9999580446520387;0.9999976787819862;0.998695545444361;0.9982501884053265;0.9980308963644191;0.998045537127075;0.9999876841981944;0.9972920382550874;0.9970658913184407;0.9985873242702222;0.9991482744512281;1.0;1.0;0.9999904533209274;0.9999971250829508;0.999995067879541;1.0;1.024999976158142;
2016-09-27 15:15:00;1.0;0.9999208433697941;1.0;0.9999978450437895;0.9999999999999999;0.9999967256897835;1.0002794530384387;0.999978440824927;0.9999840889803341;1.0;0.9999778582472405;1.0;1.0000355782522172;0.9999999999999999;0.9999546983289885;0.9999618528903966;0.9999630764062746;0.9999996968540165;0.9999996727773178;0.9999931688277004;0.9999999999999999;0.9999454694334828;0.9999627334840023;1.000262795474359;1.0002862642503654;0.9999957840257764;0.9999542273501566;0.9999982735005025;0.9985702651899155;0.9980688962646629;0.9977860415263122;0.9977672270484564;0.9999862436802036;0.9968762382258786;0.9966470505919847;0.9983604031396498;0.9990188358064608;1.0;1.0;0.9999891869191666;0.9999974552183389;0.9999957893186591;1.0;1.024999976158142;
2016-09-27 15:30:00;1.0;0.9999089729913292;1.0;0.9999964794072953;0.9999999999999999;0.999994853804615;1.0002881736370082;0.9999696450988402;0.9999794071395922;0.9999999999999999;0.9999726437165228;1.0;1.0000365012624155;1.0;0.9999399097079312;0.9999472295341616;0.9999487252194804;0.9999995252687085;0.999999488411038;0.9999906544134403;1.0;0.9999341774164211;0.9999482987149345;1.0002708255736097;1.0002953680471844;0.9999938118407369;0.9999444510386396;0.9999972858755583;0.9984959554699683;0.9979511931117335;0.9976257612639263;0.9975798556225525;0.9999839710631322;0.996659533960013;0.996423644335672;0.9981586765734997;0.998912821362112;1.0;1.0;0.9999875277908008;0.9999962393827143;0.9999939750527405;1.0;1.024999976158142;
2016-09-27 15:45:00;1.0;0.9999128276285881;1.0;0.9999963878510567;1.0;0.9999950170515124;1.0002788780448104;0.9999676101242099;0.9999807131235919;1.0;0.9999730744638239;1.0;1.0000351765490112;1.0;0.9999354087558899;0.9999423020485493;0.9999438976516531;0.9999994134104283;0.999999380513476;0.9999909958984974;1.0;0.9999365887047222;0.9999434370366763;1.0002619655412257;1.000285965732842;0.9999935306720347;0.9999461821178828;0.9999973739889475;0.998600645179643;0.998102528845209;0.9978114537202945;0.9977823747567216;0.9999849482557593;0.9969088619179876;0.9966877643188151;0.9983497595551727;0.9990343204722931;0.9999999999999999;1.0;0.9999882856842498;0.9999959942966568;0.999994309500754;1.0;1.024999976158142;
2016-09-27 16:00:00;1.0;0.9999193061699233;0.9999999999999999;0.9999956340055323;1.0;0.999993559518244;1.0002693864082348;0.9999676598548569;0.9999782304597269;1.0;0.9999733628689162;1.0;1.0000338706972245;1.0;0.9999408013164282;0.9999459452605354;0.9999472500016631;0.9999993214416202;0.9999992854014164;0.9999896205407094;0.9999999999999999;0.999936994933634;0.9999468594050375;1.0002530708547572;1.0002762359123547;0.9999929077867068;0.9999464531468223;0.9999966092948127;0.9985305081290009;0.9980865944790827;0.9978708955980904;0.9979262212663069;0.9999854368771801;0.9972220363908433;0.9969947553609094;0.9984886425927266;0.9991140814894436;1.0;1.0;0.9999888569648149;0.9999955785517466;0.9999929086624045;1.0;1.024999976158142;
2016-09-27 16:15:00;1.0;0.9999191993374528;1.0;0.9999971344093964;1.0;0.9999959479347905;1.0002694424767964;0.9999700767179008;0.9999837734079764;1.0;0.9999737629704786;1.0;1.000032838100812;1.0;0.9999402752488594;0.9999459696578245;0.9999473380467572;0.9999982795614496;0.9999982381074253;0.9999919480903238;0.9999999999999999;0.9999387653519667;0.9999468576691029;1.0002531313805;1.0002764788747094;0.9999933658617299;0.9999466820409111;0.9999978574638383;0.9984738050819372;0.998020889942478;0.9977953689016928;0.9978536178535029;0.9999874443462025;0.9970995776214171;0.9968711606611008;0.9984539948997152;0.9990952901628172;1.0;1.0;0.9999902352102905;0.9999949525616997;0.9999950693384094;0.9999999999999999;1.024999976158142;
2016-09-27 16:30:00;1.0;0.9998588819492433;1.0;0.9999962518623207;0.9999999999999999;0.9999954995311655;1.00028116673422;0.9999496022484906;0.9999774123377558;0.9999999999999999;0.9999568885106184;1.0;1.0000335481967249;1.0;0.9998909070689573;0.9999029696551036;0.9999057549499625;0.9999975334263465;0.9999974374600445;0.9999889517975278;0.9999999999999999;0.9999004127732096;0.9999048497666929;1.00026377706083;1.0002889385430092;0.999990007479681;0.9999135309722952;0.9999975902413129;0.9985451829135731;0.998042871863123;0.9977982654271056;0.9978076308624921;0.9999787207843943;0.9969989787739926;0.9967409530370852;0.998379949895753;0.999046929992483;1.0;1.0;0.9999831485836442;0.9999924971588934;0.9999941457829672;1.0;1.024999976158142;
2016-09-27 16:45:00;1.0;0.9998423174114176;1.0;0.9999929629648276;1.0;0.9999919092745041;1.000289345519181;0.9999164737853645;0.9999731061120264;1.0;0.9999408466634129;1.0;1.000030683236437;1.0;0.9998315698537436;0.9998403519623699;0.9998440086356435;0.9999937428849904;0.9999935562589903;0.9999836873853557;1.0;0.9998725787039037;0.9998426086445368;1.000270542137629;1.0002987792863947;0.9999815651608249;0.9998847992009195;0.9999956583354044;0.9986788097305738;0.9981995149914242;0.9979284250332412;0.9979053769752648;0.9999797698400504;0.9971578687122612;0.9969365964917095;0.9983922681193711;0.9990500947787625;1.0;1.0;0.9999843150785513;0.9999847294833524;0.9999909735073885;1.0;1.024999976158142;
2016-09-27 17:00:00;1.0;0.9998773447498565;1.0;0.9999924321177004;1.0;0.9999900505496914;1.000276531930572;0.9999311303443046;0.9999709490300942;1.0;0.9999515906734298;1.0;1.0000308566618337;1.0;0.9998711129163936;0.9998760274744835;0.9998785841775173;0.9999955109740105;0.9999953715774103;0.9999833960644523;0.9999999999999999;0.9998942374628287;0.9998775973060405;1.0002588879193648;1.0002850025574397;0.9999840389811618;0.9999053565631193;0.9999947115261927;0.99873309289067;0.9982887163605885;0.9980634885039249;0.9980687722110566;0.9999823491343055;0.9974172619858227;0.9971938233625133;0.9985266468564876;0.9991384895452333;1.0;1.0;0.9999866590968384;0.999987558229935;0.9999894161304939;1.0;1.024999976158142;
2016-09-27 17:15:00;1.0;0.9998270486391347;1.0;0.999989927142915;1.0;0.9999841495495213;1.0002802744317174;0.9999240646625293;0.9999511967517525;1.0;0.9999341042646799;1.0;1.0000297722040596;1.0;0.9998709484352901;0.9998766038585241;0.9998787153108187;0.9999938948237916;0.9999936880346149;0.9999743053487219;0.9999999999999999;0.9998465451012464;0.9998777321896449;1.000262790355002;1.000288815952523;0.9999796549967457;0.9998643503339537;0.999991581819529;0.998684091149818;0.9982047934564524;0.9979968895748752;0.9980072522695567;0.9999727153453449;0.9972232540635467;0.9969581040756249;0.9985619646374094;0.9991637763120244;1.0;1.0;0.9999796203327532;0.999983810319681;0.9999821505847795;1.0;1.024999976158142;
2016-09-27 17:30:00;0.9999999999999999;0.9998726796083429;1.0;0.9999929150118234;1.0;0.999989846588711;1.000270121100444;0.9999427356934596;0.9999671961952453;0.9999999999999999;0.9999548985532176;1.0;1.0000319799432602;1.0;0.9998946960748238;0.9999015319937209;0.9999037105901504;0.9999973985355534;0.9999973005559057;0.9999832981965284;0.9999999999999999;0.9998962215908964;0.9999029554492085;1.0002533081141574;1.0002777175009976;0.9999868596949675;0.9999098080408036;0.9999946296620956;0.9987101629047003;0.9982509713222653;0.9980247539715859;0.9980257800253716;0.9999788844669653;0.9972484469543713;0.997012789943461;0.9985636144203212;0.9991647129694355;1.0;0.9999999999999999;0.9999839209273108;0.9999906759598902;0.9999888527267765;1.0;1.024999976158142;
2016-09-27 17:45:00;1.0;0.9998126398477538;1.0;0.9999938979910066;1.0;0.9999911622700273;1.0002754380057717;0.9999401892672489;0.999961687204912;0.9999999999999999;0.9999441295791186;1.0;1.0000335006293215;1.0;0.999877729950741;0.9998931800536266;0.9998962581268294;0.9999982090940331;0.9999980715506065;0.9999824600205323;1.0;0.9998658754699152;0.9998953233448902;1.000258505198219;1.0002828508042312;0.9999876268721958;0.9998858580456363;0.9999952935885604;0.9987247339682905;0.9982825650630364;0.9980557682430282;0.9980626292001673;0.9999684887342066;0.9973515064755315;0.9971304718045028;0.998562799294644;0.9991659626655589;1.0;1.0;0.9999753475223709;0.999991763205468;0.9999891932693441;1.0;1.024999976158142;
2016-09-27 18:00:00;0.9999999999999999;0.9998951919874809;1.0;0.9999938744923539;1.0;0.9999913467249555;1.0002656594314687;0.999952408287679;0.9999721790644601;1.0;0.9999636393973311;1.0;1.0000326101193742;0.9999999999999999;0.9999122051521918;0.9999183095515407;0.9999202018968912;0.999998586069445;0.9999985194933946;0.9999861397880475;1.0;0.9999162049456026;0.9999196052654737;1.0002492413659154;1.000272822268486;0.9999895582535665;0.9999279535542509;0.9999954324560488;0.9987497617137236;0.9982697506288585;0.9980608456189418;0.9980515232924178;0.999981813529061;0.9972493133641647;0.9969841921697464;0.9985924072953856;0.999183110384416;0.9999999999999999;1.0;0.9999861243855662;0.9999931399139579;0.9999906807643254;1.0;1.024999976158142;
2016-09-27 18:15:00;0.9999999999999999;0.9998551655252599;1.0;0.9999942911032127;1.0;0.9999914589369587;1.0002691983803145;0.9999483532942259;0.9999675274887938;0.9999999999999999;0.999953161650993;1.0;1.000031900342025;1.0;0.9999005576266835;0.9999103581018296;0.9999125777274643;0.9999974032278058;0.9999973038304628;0.9999842685123358;1.0;0.9998889701082923;0.9999118121273765;1.000252694288754;1.0002765614929436;0.9999882061304707;0.9999041099716975;0.9999954726248982;0.9988654826172636;0.9983946252773187;0.9981538589908279;0.9981048969474613;0.9999763069098857;0.9972782313377141;0.9970416672708257;0.9986092115808541;0.9991899546739752;1.0;1.0;0.9999816914555402;0.9999914086422328;0.9999898604904083;1.0;1.024999976158142;
2016-09-27 18:30:00;1.0;0.999762935071576;1.0;0.9999938759946577;1.0;0.9999901375477801;1.0002838638783333;0.9999413877532439;0.9999516100111939;1.0;0.9999347344820462;1.0;1.0000355462805437;1.0;0.9998771160661594;0.9998985819990447;0.9999019259989436;0.9999991192067126;0.9999989157656799;0.9999794381312332;0.9999999999999999;0.9998368251781611;0.9999009851118051;1.0002668226977374;1.0002909870098957;0.9999880143165337;0.9998633362104127;0.999994715626082;0.9988977770988677;0.998423513498847;0.9981615407262077;0.9980944900482318;0.9999584221094058;0.9972224798669432;0.9969971264049128;0.9986056484435073;0.9991883342081235;1.0;1.0;0.9999673365262208;0.9999927203709111;0.9999871783089463;1.0;1.024999976158142;
2016-09-27 18:45:00;1.0;0.9998097358276491;1.0;0.9999927834272979;0.9999999999999999;0.9999881630466766;1.0002795902793484;0.9999448464086141;0.999953426615694;0.9999999999999999;0.9999425990565194;0.9999999999999999;1.0000342645566147;1.0;0.9998968105762259;0.9999108265615605;0.9999132127531173;0.9999983945712654;0.9999982348231475;0.9999789878750297;1.0;0.9998579829819014;0.999912472866013;1.0002627594884201;1.0002867796894457;0.9999871877617547;0.9998799575295607;0.9999937082963856;0.9988445812821097;0.998366274685936;0.9980885028543407;0.9980213835545038;0.999966072163525;0.9971536743098817;0.9969357917435535;0.9985298581850679;0.9991483310331695;1.0;1.0;0.9999737847203937;0.999991672786994;0.999985812239472;0.9999999999999999;1.024999976158142;
2016-09-27 19:00:00;0.9999999999999999;0.9998439227826634;1.0;0.999994853397713;1.0;0.9999924638920707;1.00027213019243;0.9999498487459914;0.9999677647798767;1.0;0.9999529822328208;1.0;1.000033173185954;0.9999999999999999;0.9998983186634404;0.999910883922697;0.9999134014881528;0.9999982934256978;0.9999981885205665;0.9999851358024126;1.0;0.9998871870832631;0.999912619972038;1.000255508653918;1.000279352576357;0.9999894351845703;0.9999037654645099;0.9999959945678027;0.9988301887277665;0.9983372359941848;0.9980887158425815;0.998033007399377;0.999973892257966;0.9971418755836301;0.9968918143710855;0.9985725274061509;0.9991743380008611;1.0;0.9999999999999999;0.9999796045471564;0.9999928201969396;0.9999907744873775;1.0;1.024999976158142;
2016-09-27 19:15:00;1.0;0.9998572396487218;1.0;0.9999934218650286;1.0;0.9999906334129464;1.0002676129473738;0.9999451661895215;0.9999660707760166;1.0;0.9999543674866386;0.9999999999999999;1.0000329322316006;1.0;0.9998942930171154;0.9999045551731163;0.9999070310817456;0.9999986596927626;0.9999985595638903;0.9999838405862653;0.9999999999999999;0.9998925559922781;0.9999062861964341;1.0002510653878538;1.0002748201279292;0.999988395821257;0.9999084226344922;0.999995038318068;0.9989460660637324;0.9984739168256834;0.9982348406275982;0.9981674517760424;0.9999752400782673;0.9973419482006811;0.9971026630818945;0.9986460124657432;0.9992154733572951;0.9999999999999999;1.0;0.9999808646773255;0.9999925649926951;0.9999894748989465;1.0;1.024999976158142;
2016-09-27 19:30:00;1.0;0.9999006588365964;0.9999999999999999;0.9999930102980824;0.9999999999999999;0.9999896024637351;1.000262377544897;0.9999535460397129;0.9999685908719245;1.0;0.9999641735202582;0.9999999999999999;1.0000324521194899;1.0;0.9999203448626287;0.9999249191771082;0.9999264743964011;0.9999988404548561;0.9999987766926651;0.9999844837256925;1.0;0.9999163972242507;0.9999259842286677;1.000246240266995;1.0002693432287004;0.9999892154592642;0.9999285242520025;0.99999452070494;0.998891796159037;0.9983887704710713;0.9981506483297914;0.9980798333949747;0.9999815929042593;0.9971920509083755;0.996926064482248;0.9985966442491577;0.9991877193798904;1.0;1.0;0.9999861569392935;0.9999931675047251;0.9999889722543983;1.0;1.024999976158142;
2016-09-27 19:45:00;0.9999999999999999;0.9998718581595596;1.0;0.9999929300405485;1.0;0.9999898176533303;1.0002607441681968;0.9999446974461952;0.9999665243895021;1.0;0.9999560042905538;1.0;1.0000314833028712;0.9999999999999999;0.9998980554444199;0.9999055881644047;0.9999077703181004;0.9999981003637193;0.9999980048663403;0.9999834079820762;1.0;0.9998977832037141;0.9999070634458344;1.0002445479226678;1.0002679363974223;0.9999876164196019;0.9999120208572854;0.9999946147186748;0.9991457410009029;0.998694887111304;0.9984777760779012;0.9983865617191212;0.9999779452356172;0.9976012961495448;0.9973644304153795;0.9988048951242728;0.9993065179778375;1.0;1.0;0.9999831566193914;0.9999916743027026;0.9999888547848155;1.0;1.024999976158142;
2016-09-27 20:00:00;1.0;0.9997658807040166;1.0;0.9999927448143339;1.0;0.9999904226095597;1.0002795134457603;0.9999218590946816;0.9999562629173862;1.0;0.9999311642099291;1.0;1.0000338690788122;1.0;0.9998342009816213;0.9998548865753256;0.9998592396756065;0.9999981079768036;0.9999978800659902;0.9999799014934734;1.0;0.9998370988581167;0.9998579626090949;1.0002619448162775;1.0002873683512337;0.9999848778690139;0.9998614080635128;0.9999948507042459;0.9991491542553844;0.998666221779822;0.9984365584110236;0.9983259711677371;0.9999612405237372;0.9974711735042658;0.99721553141701;0.9987661945187266;0.9992843085092825;1.0;1.0;0.9999694660307141;0.9999901721861705;0.9999883496732117;1.0;1.024999976158142;
2016-09-27 20:15:00;1.0;0.999734564351065;0.9999999999999999;0.9999922032133998;1.0;0.9999887102852286;1.0002829887167775;0.9999223277332194;0.9999474934295522;1.0;0.9999244478967854;1.0;1.0000348609802439;1.0;0.9998364977055583;0.9998602630298103;0.9998646252407583;0.9999986135914705;0.9999983255722033;0.9999767948731518;1.0;0.9998163235083464;0.9998633812249467;1.0002655042927764;1.000290593619215;0.9999846100808014;0.99984514096162;0.9999939168097006;0.9992225176108096;0.9987728194152437;0.9985357977435926;0.9984211896574153;0.9999544572187493;0.9975956214761353;0.9973727650162073;0.9988356533400171;0.9993241463909647;1.0;0.9999999999999999;0.999964189695726;0.9999904361060229;0.9999859794440689;1.0;1.024999976158142;
2016-09-27 20:30:00;1.0;0.9998138281839618;0.9999999999999999;0.9999924018428931;1.0;0.9999896328433131;1.000268632271166;0.9999293525018544;0.999960203376441;0.9999999999999999;0.999941465155744;1.0;1.0000323345157427;0.9999999999999999;0.9998585088521967;0.9998728490226991;0.9998762841060791;0.9999979670090967;0.9999977926360037;0.9999809174141344;1.0;0.9998631567742788;0.9998752384980112;1.0002517443466632;1.00027622335602;0.9999854552966841;0.9998828857374622;0.9999944695883244;0.9992463946482603;0.9988104977652058;0.9985782816971671;0.998464525410857;0.9999688495517591;0.9976425312804343;0.9974279794044408;0.9988774149031309;0.9993479990311871;1.0;1.0;0.9999757464785499;0.9999903761631168;0.9999881576483061;1.0;1.024999976158142;
2016-09-27 20:45:00;0.9999999999999999;0.9997884161146121;1.0;0.9999941452187766;1.0;0.999992095160906;1.0002721048661256;0.9999324243147732;0.9999618808064218;1.0;0.999937777198898;1.0;1.0000324636742768;1.0;0.9998556721093952;0.9998741890303942;0.9998779490021353;0.9999976253991911;0.9999974307275908;0.9999824281900681;1.0;0.9998521195895093;0.9998767940324071;1.0002551823985315;1.00027970040614;0.9999865331535865;0.9998735325595781;0.9999957477201098;0.9992508867337625;0.9988102079839574;0.9985949452742551;0.9984884642531736;0.9999657813778243;0.997711328514568;0.9974813705030994;0.9988804455201625;0.9993494532645479;1.0;1.0;0.9999730114640303;0.9999906708076222;0.9999899444673322;1.0;1.024999976158142;
2016-09-27 21:00:00;1.0;0.9996889305186573;1.0;0.9999907298406623;1.0;0.9999863496696915;1.0002892181532899;0.99990964023898;0.999937667786829;1.0;0.9999108737311106;0.9999999999999999;1.0000350537145164;1.0;0.9998112591318443;0.9998386190629756;0.9998435889868265;0.9999980160035872;0.9999975945836921;0.9999722540213734;1.0;0.999782959702095;0.9998421433133868;1.0002712829964358;1.0002971496024038;0.9999815575374845;0.9998166694390532;0.9999926009111173;0.9992970187449042;0.9988704037706287;0.998679870208151;0.9985881678927887;0.9999467287840949;0.9978847049779026;0.997649817730587;0.9989491332596542;0.999389286470106;1.0;1.0;0.9999581670442494;0.9999882542889853;0.9999831103324497;0.9999999999999999;1.024999976158142;
2016-09-27 21:15:00;1.0;0.9998183975302445;1.0;0.9999923461209769;1.0;0.999989425227149;1.0002650891703508;0.9999289712811112;0.9999605621613932;1.0;0.9999411838116239;0.9999999999999999;1.0000311692949893;1.0;0.9998598602888514;0.9998728705519917;0.9998761424688417;0.999997259160495;0.9999970953734717;0.999980672213318;1.0;0.99986317673169;0.9998750901314504;1.0002483938287894;1.0002727403108507;0.9999848067143823;0.9998820353185851;0.9999943690247224;0.999285095273628;0.9988674639320934;0.9986566475350679;0.9985546992901452;0.9999702254193978;0.9978201281517168;0.9976065861445625;0.9989233557805668;0.9993751835639657;1.0;0.9999999999999999;0.9999769049400155;0.9999894346785879;0.9999878984620586;1.0;1.024999976158142;
2016-09-27 21:30:00;1.0;0.9998303968361062;1.0;0.9999891521302445;1.0;0.9999834949755296;1.0002688183093977;0.999920065892199;0.9999507599302644;1.0;0.9999347765081688;0.9999999999999999;1.0000289492380443;0.9999999999999999;0.9998631435469619;0.9998687325055757;0.9998710777618626;0.9999945686298903;0.9999943270672145;0.9999740064446725;1.0;0.9998495997826868;0.999870080416411;1.0002518393337314;1.0002771055958368;0.9999793708677678;0.9998674841054654;0.999991215761913;0.9993577109728472;0.9989700927758212;0.99876395224639;0.9986638423800871;0.9999725899332766;0.9979840050326658;0.9977925796346424;0.9989972044679555;0.9994172826643635;1.0;1.0;0.9999795381332329;0.9999842155641671;0.9999819396526798;1.0;1.024999976158142;
2016-09-27 21:45:00;1.0;0.9998853601502543;1.0;0.9999929059244576;1.0;0.9999903122608446;1.0002513160086046;0.9999427161644882;0.9999700753208708;1.0;0.9999585326786508;1.0;1.0000300579886805;1.0;0.9998937186479671;0.9998998386947084;0.9999020919361972;0.9999979119931263;0.9999978282467248;0.9999845174342948;1.0;0.999906446406362;0.9999013531695083;1.0002354901074928;1.0002584734709357;0.999987415499919;0.9999187526062087;0.9999948807589046;0.9993168399067401;0.9989195776568315;0.998729982699696;0.99863987081243;0.9999808427543759;0.9979467940039711;0.9977361547410284;0.9989956297256122;0.9994161684285195;0.9999999999999999;1.0;0.9999854224757223;0.999991410200585;0.9999897352288852;1.0;1.024999976158142;
2016-09-27 22:00:00;1.0;0.999780757201897;1.0;0.9999920797978971;0.9999999999999999;0.9999889769503736;1.0002717137126327;0.9999181677960666;0.9999564880225458;1.0;0.9999288597468298;1.0;1.0000300972193694;1.0;0.9998358192699422;0.9998514155019254;0.9998552026842622;0.9999953503617296;0.9999950934817745;0.9999782192502414;1.0;0.9998344191513735;0.9998538810714823;1.0002545109411893;1.0002799697497908;0.9999818033821711;0.9998557722070968;0.9999940777226853;0.9993195858564854;0.9989127955463154;0.9987239187209099;0.9986338507193172;0.999966011473401;0.9979333323821622;0.9977141118018243;0.998994760321049;0.9994161103820719;1.0;0.9999999999999999;0.9999735425845039;0.9999861880449785;0.9999868110627878;1.0;1.024999976158142;
2016-09-27 22:15:00;1.0;0.9997098271012592;1.0;0.9999902826793364;1.0;0.9999871881388159;1.0002816484001291;0.9998941488440268;0.9999460731385015;1.0;0.9999092693511556;0.9999999999999999;1.000031110151137;1.0;0.9997803720896972;0.9998033724507498;0.9998087585218728;0.9999951418491476;0.9999947330704717;0.9999735322548591;1.0;0.9997889855911392;0.9998070019645413;1.0002634447555632;1.0002905213871651;0.9999778208218378;0.9998173626354119;0.9999930490323927;0.9993885855528419;0.9990068201373857;0.9988202676455363;0.9987304743983668;0.999954504336096;0.9980582461542932;0.9978583850024817;0.9990720442516894;0.9994600568978702;1.0;1.0;0.9999643186120956;0.9999838292461624;0.9999846461798864;1.0;1.024999976158142;
2016-09-27 22:30:00;1.0;0.999742906825619;0.9999999999999999;0.9999909383437305;1.0;0.9999869524251552;1.0002722918795839;0.9999113567580604;0.9999470532248003;1.0;0.9999195331963665;1.0;1.0000307387358363;1.0;0.9998222158582533;0.9998415621550777;0.9998457820933446;0.9999959094257251;0.9999956098649783;0.99997458914812;1.0;0.9998094992267805;0.9998443859067685;1.0002551093460719;1.0002804139006856;0.9999805453365033;0.999835850851072;0.9999929929218633;0.9994115678283694;0.9990445596263591;0.9988630561692209;0.9987758745590815;0.9999582979864864;0.9981223306107984;0.997931551538562;0.9991080160385372;0.9994803072065173;0.9999999999999999;1.0;0.9999675117445224;0.9999859676087232;0.9999843202384776;1.0;1.024999976158142;
2016-09-27 22:45:00;1.0;0.9997504488271199;1.0;0.999991892166436;0.9999999999999999;0.9999881248759755;1.0002678705372607;0.9999193265179835;0.9999494302213283;1.0;0.9999239020456664;1.0;1.000030824837221;1.0;0.9998363868741847;0.9998560097202214;0.9998599927382141;0.9999965376557686;0.9999962758098697;0.9999762754880394;0.9999999999999999;0.9998180572715845;0.9998587028760081;1.0002511425398306;1.0002756119493748;0.9999824949222998;0.99984393022883;0.9999936282772426;0.9994314841423088;0.9990733111116854;0.9989009127376184;0.9988177363132095;0.999959109840749;0.9981977657813533;0.9980083349890428;0.9991321550488462;0.9994939392559995;1.0;1.0;0.9999680626107232;0.9999875565195759;0.9999854161856812;1.0;1.024999976158142;
2016-09-27 23:00:00;1.0;0.9998023108294026;1.0;0.9999914372599834;1.0;0.9999876086550785;1.0002562602073761;0.9999279693000557;0.9999539300618185;1.0;0.9999377153805133;1.0;1.0000308704860863;1.0;0.9998604660376925;0.9998749357391126;0.9998782242127839;0.9999980772986492;0.9999979006166143;0.9999782276930517;1.0;0.9998522265095962;0.9998772248797665;1.0002402146792804;1.0002634450999233;0.9999845783746042;0.9998740938994791;0.9999934072000483;0.9994781763211672;0.9991538487424314;0.9990091874363695;0.9989453168633295;0.9999658637561156;0.998416026273873;0.9982366696883227;0.999223216082341;0.9995453063411905;1.0;0.9999999999999999;0.9999735775289508;0.9999899919404098;0.9999858751307524;1.0;1.024999976158142;
2016-09-27 23:15:00;1.0;0.9999027215578475;1.0;0.9999943220057842;1.0;0.9999923237811971;1.000238426470028;0.9999504732927994;0.9999762460531151;1.0;0.9999638212052353;1.0;1.0000278995971228;1.0;0.9999073473017281;0.9999121151886404;0.9999140247520393;0.9999973940509997;0.9999973293537195;0.9999872403594083;1.0;0.9999191865225409;0.999913340022589;1.0002234714297011;1.0002452829707598;0.9999888016175869;0.9999288256679145;0.9999959464826113;0.999499994077842;0.9991938039652498;0.9990562281593373;0.9989962317821149;0.9999848686294035;0.998494873109249;0.9983261117935106;0.9992600678213539;0.9995685803963439;1.0;1.0;0.9999884941967616;0.9999917315045624;0.9999917209864461;1.0;1.024999976158142;
2016-09-27 23:30:00;0.9999999999999999;0.9998891175935043;1.0;0.9999931398931456;1.0;0.999990191570234;1.000240237897991;0.999944961365966;0.9999702032145583;1.0;0.9999581424399262;1.0;1.0000276506240204;1.0;0.99990098623093;0.9999056365675517;0.9999075450208306;0.9999969146295457;0.999996833197333;0.9999842156043834;1.0;0.9999051466080069;0.9999068269724669;1.0002251644108198;1.0002472349383245;0.9999869195388816;0.9999166008468545;0.9999948206511783;0.999508802000232;0.999205458885182;0.9990710567243353;0.9990127480126013;0.9999822466671686;0.9985250364713748;0.9983565703785683;0.9992694733147027;0.9995763059304057;1.0;0.9999999999999999;0.9999866185912277;0.9999903055087056;0.999989359807667;1.0;1.024999976158142;
2016-09-27 23:45:00;1.0;0.9999133486213274;1.0;0.9999946189511488;1.0;0.9999917041219405;1.0002337262587637;0.9999624906486104;0.9999740653667942;1.0;0.9999686853068219;1.0;1.0000282384678258;1.0;0.9999359522410108;0.999939728050959;0.9999409085542847;0.9999982811254873;0.9999982334949108;0.9999870679547714;0.9999999999999999;0.999926341801945;0.9999404776815193;1.0002194661575232;1.000239962502561;0.9999907618920979;0.9999363225950187;0.9999956323148308;0.9995077285136361;0.999215540507472;0.9990940306165363;0.999047300380454;0.9999848019124654;0.9985965293138849;0.998428921970082;0.999294122408503;0.9995903482808051;1.0;1.0;0.9999885704137601;0.9999935404513022;0.9999908720253183;1.0;1.024999976158142;
2016-09-28 00:00:00;1.0;0.99989924544252;1.0;0.9999939010825131;0.9999999999999999;0.9999906566916911;1.0002378438314048;0.9999574848526142;0.9999703420320737;1.0;0.9999644765808363;1.0;1.0000288421679533;1.0;0.9999264658484345;0.9999313741741642;0.9999327931776564;0.9999983639259717;0.9999983018802887;0.9999854008777328;0.9999999999999999;0.9999161402304921;0.9999323054102282;1.0002232823868433;1.0002442105793659;0.9999897800034315;0.9999278954142239;0.9999950745549466;0.999523505536683;0.999243093893245;0.9991033889656386;0.9990491799860496;0.999982078012741;0.9986390986948727;0.998493819522138;0.9992583487874517;0.9995699698158873;1.0;1.0;0.9999864648129243;0.9999930742229697;0.9999897379864837;1.0;1.024999976158142;
2016-09-28 00:15:00;0.9999999999999999;0.9999183055235613;1.0;0.9999955011385437;1.0;0.9999932068464603;1.0002310808646662;0.9999664406200323;0.9999776233957238;0.9999999999999999;0.9999718108897089;1.0;1.0000282871204962;1.0;0.9999400404026403;0.9999444875358924;0.9999457046269189;0.9999986641501303;0.9999986234892916;0.999989013412777;1.0;0.9999336110799271;0.9999452909893827;1.000217016143925;1.0002371515125636;0.999992129365971;0.999942853806619;0.9999964226547063;0.9995545799588478;0.999288075270482;0.9991663340352872;0.9991207176046263;0.9999857972566049;0.9987137132760227;0.9985680948371217;0.999338995055954;0.9996158966366571;1.0;1.0;0.9999892039683906;0.999994604491059;0.999992440216994;1.0;1.024999976158142;
2016-09-28 00:30:00;1.0;0.9999399326841226;1.0;0.9999974981433808;1.0;0.999996714346634;1.0002260163381582;0.9999742084594505;0.9999878680946859;1.0;0.9999796614781185;1.0;1.0000276173536364;1.0;0.9999486719071911;0.9999526958181197;0.9999538631346747;0.9999986458006686;0.9999986233372238;0.9999937348457334;1.0;0.999953794205287;0.9999534612953838;1.000212244498031;1.0002319753993179;0.9999944528696875;0.9999595542582959;0.999998269819385;0.9995743895495249;0.999323513874026;0.9991916256774728;0.99914203367885;0.9999908197388139;0.9987669475759772;0.9986413982591567;0.9993331926424689;0.9996130932322633;1.0;1.0;0.9999928778316756;0.9999958528802935;0.9999962035848041;1.0;1.024999976158142;
2016-09-28 00:45:00;1.0;0.9999337684403496;1.0;0.9999975386374934;0.9999999999999999;0.9999966104330342;1.000222858917952;0.9999738009198598;0.9999868191661967;1.0;0.9999778604339397;1.0;1.0000269389209724;1.0;0.9999478971736978;0.9999523252603798;0.9999534942645456;0.9999983670489696;0.9999983426066663;0.9999932703419002;1.0;0.9999490013481601;0.9999530724376323;1.000209310280614;1.0002287642021812;0.9999941534098332;0.999955291845282;0.9999982147636309;0.9996931699300665;0.9994837893780553;0.9993617253882242;0.9993103479933116;0.9999899785679781;0.9990270191504826;0.998930104258301;0.9994361604385198;0.9996710662290935;1.0;1.0;0.9999922208159794;0.9999954563606753;0.9999959105346774;1.0;1.024999976158142;
2016-09-28 01:00:00;0.9999999999999999;0.9999612655955029;0.9999999999999999;0.9999971548936287;1.0;0.9999966116773591;1.000218392428232;0.9999726397611916;0.9999911196209319;1.0;0.9999832515823035;1.0;1.0000262513608442;1.0;0.9999480952885632;0.999949268819402;0.999950309526021;0.999998284281424;0.9999982685400521;0.9999944475640774;1.0;0.9999652999351152;0.9999499156254575;1.0002048860095336;1.0002243901308385;0.9999939347353757;0.9999684363190995;0.999998220781249;0.9997083419642337;0.9995013947730691;0.9993853386107144;0.9993341889214821;0.9999949056398181;0.9990396409155968;0.998940701261153;0.9994678968347923;0.9996892938335711;1.0;1.0;0.9999961803243893;0.9999952701874951;0.9999965796248506;1.0;1.024999976158142;
2016-09-28 01:15:00;1.0;0.9999647732987829;1.0;0.9999982292452774;1.0;0.9999978528288797;1.0002188466567252;0.9999809465445045;0.9999931195224321;1.0;0.9999866676388991;1.0;1.0000267905569962;1.0;0.999962499851606;0.9999643446358031;0.9999651455930475;0.9999987330537478;0.9999987207693425;0.9999959993599987;1.0;0.9999711197725853;0.9999648461849205;1.0002055476343523;1.0002245788202417;0.9999958128008175;0.9999740795730874;0.9999988718832857;0.9997003067297126;0.9994903070511905;0.999361893888333;0.9993039315894153;0.9999951955032892;0.9990157512978196;0.9989225673476763;0.9994243045770459;0.9996644764857887;1.0;1.0;0.9999963052371958;0.9999966653267505;0.9999976373479217;1.0;1.024999976158142;
2016-09-28 01:30:00;1.0;0.9999689744134626;0.9999999999999999;0.999998572588138;1.0;0.9999981156885724;1.0002160371617541;0.9999839073689014;0.9999939712815598;1.0;0.9999877060907422;1.0;1.0000261306259353;1.0;0.9999691734837816;0.999970369292441;0.9999709579042666;0.9999984220649689;0.9999984099866321;0.9999963427896918;1.0;0.9999730805351319;0.9999706925159102;1.0002029899347338;1.0002216889496203;0.9999960614219106;0.9999754361020564;0.9999990099438081;0.999729857117885;0.9995335003238188;0.9994209852847125;0.9993715731185783;0.9999961766922527;0.999101010942276;0.9990087488879139;0.9994911490462062;0.9997024110456982;0.9999999999999999;1.0;0.9999970938381502;0.9999965392450267;0.9999977930711371;0.9999999999999999;1.024999976158142;
2016-09-28 01:45:00;0.9999999999999999;0.9999685609281456;1.0;0.9999974040563073;1.0;0.999997482540523;1.0002138635266185;0.9999728979774326;0.9999940970350212;1.0;0.9999862065234915;1.0;1.000026249442522;0.9999999999999999;0.9999457747291467;0.999947202812412;0.9999484183514638;0.9999988771213266;0.999998864291687;0.9999959077203413;1.0;0.9999734615933707;0.9999480200535341;1.000200527606038;1.0002197249770073;0.9999947396546592;0.9999757944460106;0.9999986774241573;0.999834184378057;0.9996871726097282;0.9995748525644162;0.9995254345349295;0.9999960218860183;0.9993507559103486;0.9993003456338582;0.9995793200088203;0.9997522288396222;1.0;1.0;0.999996953165589;0.9999962044585772;0.9999977778998947;1.0;1.024999976158142;
2016-09-28 02:00:00;1.0;0.9999629120375835;1.0;0.999998297417887;1.0;0.9999977948158335;1.000213176776941;0.999982281822626;0.999992429681883;1.0;0.9999866228981653;1.0;1.0000261982172192;0.9999999999999999;0.9999653145448019;0.999967432988099;0.999968179235698;0.99999886036383;0.99999885084739;0.9999958651857228;1.0;0.9999701977226291;0.9999679031363874;1.0002002764315132;1.000218698235682;0.9999960546222092;0.9999735451856722;0.9999988431602875;0.9998149899563302;0.9996629709681643;0.9995428665888261;0.9994906050097113;0.9999946332849466;0.9993002874488849;0.9992508239281074;0.9995514244144719;0.9997370128233765;1.0;1.0;0.9999958656863667;0.9999969036248957;0.9999974881626218;1.0;1.024999976158142;
2016-09-28 02:15:00;1.0;0.9999737304408407;1.0;0.9999983443898748;1.0;0.9999978778748594;1.0002108446614315;0.9999845799122943;0.999993821055132;1.0;0.9999895143732759;1.0;1.0000260807106363;1.0;0.9999709718028309;0.9999720213195031;0.9999726047381237;0.999999041125919;0.9999990341863884;0.999996445306101;1.0;0.9999773307765794;0.9999723841195256;1.0001980934468018;1.0002162680616886;0.9999965085810733;0.9999796881405723;0.9999988879273046;0.9998390136659496;0.9996987805143935;0.9995869744806521;0.9995392779510645;0.9999962433285113;0.999357877887563;0.9993128755538631;0.9996000121164687;0.9997643865105174;1.0;1.0;0.9999971602231289;0.9999973018540528;0.9999977474089183;1.0;1.024999976158142;
2016-09-28 02:30:00;1.0;0.9999746734035126;1.0;0.9999985450065261;1.0;0.9999980109354061;1.0002117178074563;0.9999862102752503;0.999994061472838;1.0;0.999989792927179;1.0;1.0000260260343254;1.0;0.9999745608577714;0.9999753970882026;0.9999758698838105;0.9999988663849192;0.999998858903666;0.9999965628113202;1.0;0.9999775518709482;0.9999756660956499;1.0001989725097324;1.0002171465442327;0.9999966414585074;0.9999797313456524;0.9999989574489997;0.9998425699933614;0.999699618453318;0.9995781205263958;0.9995228263988708;0.9999965450642532;0.9993448293046853;0.9993039766432831;0.9995711495384622;0.999748224743627;1.0;1.0;0.9999974044417256;0.9999972272139199;0.9999977891163906;0.9999999999999999;1.024999976158142;
2016-09-28 02:45:00;1.0;0.9999697143163365;1.0;0.9999972812263281;0.9999999999999999;0.9999973672060822;1.0002105895742643;0.9999708188063272;0.9999944517380109;1.0;0.9999853371304295;1.0;1.000025308291236;1.0;0.999942381356802;0.9999431539622734;0.9999443782716307;0.9999983654853128;0.9999983537257349;0.9999957065995402;1.0;0.9999723763357992;0.9999439417966168;1.0001973798688601;1.0002165231279745;0.999994059066908;0.9999742017200078;0.9999986185273425;0.9998901245299221;0.9997704112089967;0.9996635987817252;0.9996172384120843;0.9999967794136233;0.9994790842073558;0.9994481749943216;0.9996501281201475;0.9997925600391433;1.0;0.9999999999999999;0.9999975813410494;0.9999954063588002;0.9999976719326914;0.9999999999999999;1.024999976158142;
2016-09-28 03:00:00;0.9999999999999999;0.9999683588228733;1.0;0.9999978362022747;1.0;0.9999976233983153;1.0002126578798085;0.9999772932718014;0.9999937321211733;1.0;0.999986558379555;1.0;1.0000258658418169;1.0;0.9999555544629166;0.9999567883446611;0.9999577252837488;0.9999986243278843;0.999998613134709;0.9999959173646753;1.0;0.999972610471173;0.9999573825040481;1.0001995706121585;1.0002183904526805;0.9999951758149713;0.9999750003768059;0.9999987526251097;0.9998473052815564;0.999709335833193;0.9995882014845245;0.9995347579488134;0.9999960308399783;0.9993573464654797;0.9993204784013225;0.999585122262202;0.9997563424994271;1.0;1.0;0.9999969839329677;0.9999962290010621;0.9999976389335696;1.0;1.024999976158142;
2016-09-28 03:15:00;1.0;0.9999546361037208;1.0;0.9999980502577154;1.0;0.9999975128804778;1.0002143364922929;0.9999791056624096;0.9999911088739483;1.0;0.9999840727745587;1.0;1.00002621265728;0.9999999999999999;0.9999584695905522;0.9999612908524728;0.9999622124886178;0.9999987330537478;0.999998718977545;0.9999952108713648;1.0;0.9999643811328269;0.9999618813546948;1.0002013121672495;1.000219954867219;0.9999954496179039;0.9999685042858769;0.9999986928696948;0.9998322971091549;0.9996877801199116;0.9995742443346436;0.9995258188768795;0.9999933837903183;0.9993387981217404;0.9992913097401214;0.9995894410907741;0.9997587630207151;0.9999999999999999;0.9999999999999999;0.9999948768861935;0.9999964680662834;0.9999971424429916;1.0;1.024999976158142;
2016-09-28 03:30:00;1.0;0.999958550218925;1.0;0.9999979600157409;1.0;0.9999974651660685;1.0002122431658909;0.9999770106327477;0.9999920900076843;1.0;0.9999834801429293;1.0;1.0000251938594862;1.0;0.9999554001674956;0.9999570953266484;0.9999579828611422;0.9999979947651082;0.9999979804622292;0.9999951331068815;1.0;0.9999643914833809;0.9999576089292895;1.000199256497609;1.0002180189076242;0.9999946096200818;0.9999675256235515;0.9999986688078811;0.9998551846288104;0.9997213279003274;0.9996142619111569;0.9995691581443984;0.9999948647547684;0.9994003730144052;0.9993576160186776;0.9996246869409201;0.9997790146241825;1.0;1.0;0.9999960855346532;0.9999953934083067;0.9999971251277174;1.0;1.024999976158142;
2016-09-28 03:45:00;1.0;0.9999715922460851;1.0;0.9999985050819478;1.0;0.9999978322155033;1.0002110992662276;0.9999845871983746;0.9999936241759554;1.0;0.9999877656728265;1.0;1.000025220242208;1.0;0.9999722632079482;0.9999727018377007;0.9999731402970129;0.9999981417498748;0.9999981312572872;0.9999960407685986;1.0;0.9999730977590922;0.9999728947290168;1.0001983757085773;1.0002166590022166;0.9999958302224794;0.9999751539871781;0.9999988630572089;0.9998480906066951;0.9997089078219872;0.9995998612425209;0.9995523115852074;0.9999967121369804;0.99939231165443;0.9993463802249947;0.9995986159240554;0.9997645231207186;1.0;1.0;0.9999975746567381;0.9999961790185207;0.9999974557276876;1.0;1.024999976158142;
2016-09-28 04:00:00;1.0;0.9999667529483439;1.0;0.9999975395415489;1.0;0.9999969562591289;1.0002119654947113;0.9999770629969302;0.9999919696753716;1.0;0.9999855713313937;1.0;1.0000256502642124;1.0;0.9999571560199966;0.999958033582363;0.9999588668861252;0.9999984925325243;0.9999984800824824;0.9999950651155984;1.0;0.9999697760774331;0.9999585421111353;1.0001989564978642;1.0002176749959644;0.9999947892854001;0.999972538284994;0.9999984029356674;0.999859752599597;0.9997276471062286;0.9996194745977214;0.9995734583635896;0.999995560015242;0.9994067984536148;0.9993662582625173;0.9996263160595633;0.9997798892018006;1.0;1.0;0.9999966891289965;0.9999959086762493;0.9999968852067822;1.0;1.024999976158142;
2016-09-28 04:15:00;1.0;0.9999645426618197;1.0;0.9999976634739669;1.0;0.9999974073758995;1.0002122756212282;0.9999758458126241;0.9999928843382039;1.0;0.9999854496760116;1.0;1.0000258451563937;1.0;0.9999525662970933;0.9999541532613208;0.9999551718745878;0.9999986565370385;0.9999986445818081;0.9999955416890388;1.0;0.9999700237349767;0.9999548098815174;1.0001991854353012;1.000218014218391;0.9999949254449678;0.9999728643577657;0.999998639006447;0.999832723317766;0.9996927453190045;0.9995802646504296;0.9995341360846097;0.9999953210433341;0.9993467118540736;0.9993023698404894;0.9996010612538655;0.9997659836006395;1.0;1.0;0.9999964280312049;0.9999961202097828;0.9999974073841873;1.0;1.024999976158142;
2016-09-28 04:30:00;1.0;0.9999616952586027;0.9999999999999999;0.9999980445073625;1.0;0.999997771924167;1.0002117838604505;0.9999785563087262;0.9999928388106286;1.0;0.9999857099599413;1.0;1.0000259376714757;1.0;0.9999570223813187;0.9999592615777879;0.9999602206774874;0.9999987974767528;0.9999987863651476;0.9999958276522254;1.0;0.9999694157890263;0.9999598842115593;1.0001988286363253;1.0002173973032213;0.9999955248418879;0.9999726566485908;0.9999988301989482;0.9998436756660828;0.9997086817851781;0.9996010010578134;0.9995574677442829;0.999994704046793;0.9993827140775828;0.9993394036543505;0.9996191745892757;0.9997762064064131;1.0;1.0;0.9999959015663595;0.9999965634265998;0.9999976145350243;1.0;1.024999976158142;
2016-09-28 04:45:00;1.0;0.9999722955733832;1.0;0.9999988215642927;1.0;0.9999983856011955;1.0002102006355542;0.9999866434330152;0.9999945904786132;1.0;0.9999893115459806;1.0;1.000025622822182;1.0;0.9999744423443586;0.9999755968121834;0.9999760840085179;0.9999986549733204;0.9999986457996825;0.9999968142903911;1.0;0.999976257024357;0.9999758616115242;1.000197565828657;1.0002156150737047;0.9999966900224813;0.9999784301330065;0.9999991527198402;0.9998594528087018;0.9997312453444964;0.9996286696490518;0.9995874256703843;0.9999964952990819;0.999434328470442;0.9993933832588356;0.9996373570506268;0.9997866698115826;1.0;1.0;0.9999973287086195;0.9999970758612164;0.999998060938495;1.0;1.024999976158142;
2016-09-28 05:00:00;1.0;0.9999746037424998;0.9999999999999999;0.9999979112334951;1.0;0.9999979862242515;1.0002147611898684;0.9999771619465732;0.9999955165337355;0.9999999999999999;0.9999882061422968;1.0;1.0000262259557633;1.0;0.9999545767190938;0.9999554162531737;0.9999563943982305;0.9999987238812813;0.9999987138972591;0.9999966206993375;0.9999999999999999;0.9999774815819484;0.9999560477657111;1.0002014831498265;1.0002205802633382;0.999995367868016;0.9999790770799352;0.999998943110359;0.9998037644824403;0.9996439491835588;0.9994984429417262;0.9994305375711139;0.9999972028129076;0.9991546663835087;0.9991155449733042;0.9995290161165442;0.9997253532872856;0.9999999999999999;1.0;0.9999978781927131;0.9999964169344209;0.9999981909143039;1.0;1.024999976158142;
2016-09-28 05:15:00;1.0;0.9999752575757811;0.9999999999999999;0.9999981160517147;1.0;0.9999978719585171;1.0002159264552801;0.9999804962671841;0.9999948414820763;1.0;0.9999885209264119;1.0;1.0000262226464498;1.0;0.999962711324323;0.9999631945419961;0.9999639254773589;0.9999985522636586;0.9999985418213664;0.9999964239446375;0.9999999999999999;0.9999769068943782;0.9999636318020709;1.0002027175708668;1.0002216905758938;0.999995621805044;0.9999785615563794;0.9999988832614639;0.9997883989303599;0.9996227482191815;0.999474446679902;0.9994058182502965;0.9999972240860368;0.9991376084272298;0.9990954471973738;0.9994981880114108;0.9997081592472694;1.0;1.0;0.9999979381426367;0.9999964105286099;0.9999978809201524;1.0;1.024999976158142;
2016-09-28 05:30:00;1.0;0.9999645219286659;1.0;0.9999980656680312;1.0;0.9999975015916164;1.0002171865633274;0.9999795219505047;0.9999926277464046;1.0;0.9999853010815244;1.0;1.0000259643995109;1.0;0.9999612822189639;0.9999623953367046;0.9999631238039182;0.9999981234046763;0.9999981095112263;0.9999954347956922;1.0;0.9999683387066785;0.9999628007088736;1.0002039638165776;1.00022300949989;0.9999950385311143;0.9999710187289554;0.9999986879137411;0.999778066627229;0.9996074268116585;0.9994473782646588;0.9993721148985881;0.9999956453478764;0.9990490653245226;0.9990104574769918;0.9994930919923393;0.9997048426319344;1.0;1.0;0.9999967211479176;0.9999957339132618;0.9999972027064579;0.9999999999999999;1.024999976158142;
2016-09-28 05:45:00;1.0;0.9999622111426925;0.9999999999999999;0.9999981102533164;1.0;0.9999978468519514;1.0002184391513445;0.9999776634665064;0.9999933935161158;1.0;0.9999849165017246;1.0;1.000026220788452;1.0;0.9999556840654354;0.9999574015640519;0.9999583257132391;0.9999982245501983;0.999998211003331;0.9999957810088723;1.0;0.999968124475915;0.9999579582663587;1.0002050675371656;1.0002243360775027;0.9999950159963178;0.9999708689760234;0.999998868639532;0.9997341017875948;0.9995818073952503;0.9994409448747914;0.9993961959286877;0.999995435115805;0.9991670669117858;0.9991314199375946;0.9994937793360229;0.9996927318099074;0.9999999999999999;1.0;0.9999964939091683;0.999995806549401;0.999997627636016;1.0;1.024999976158142;
2016-09-28 06:00:00;0.9999999999999999;0.9999698843303956;0.9999999999999999;0.9999982627839441;1.0;0.9999979931057488;1.0002209497252952;0.9999812622560997;0.9999941713694921;1.0;0.9999878356905706;0.9999999999999999;1.0000270469019692;1.0;0.9999632910295513;0.999964610859587;0.9999653787309618;0.9999987162726609;0.9999987059050087;0.9999963677052347;1.0;0.9999744244677099;0.9999650868443759;1.0002075026335437;1.0002267558829507;0.9999958919278258;0.9999767657860966;0.9999989464532067;0.9995883963129919;0.9994356999972455;0.9993023982907169;0.9992956824439518;0.9999961523342614;0.9990965842718738;0.9990558477315028;0.9994237266566302;0.9996464841146862;1.0;1.0;0.9999970607603097;0.9999966944732496;0.9999978820143742;1.0;1.024999976158142;
2016-09-28 06:15:00;1.0;0.999973137862305;1.0;0.9999982356481713;1.0;0.9999976699934402;1.0002261126013594;0.9999856443889866;0.9999929246568109;1.0;0.999990197628645;1.0;1.000028601523667;1.0;0.9999731454441227;0.9999746149018459;0.9999751977355664;0.9999995850000664;0.9999995798582153;0.9999963325179593;1.0;0.9999781831932157;0.9999750154037073;1.0002125081023334;1.0002317598238242;0.9999969732330191;0.9999810969410532;0.9999987795376531;0.9995350820611595;0.9993702729976568;0.9992189233294179;0.9992090618712709;0.9999954531323595;0.9989801545632293;0.998941518854537;0.9993536699853455;0.9995856477303627;0.9999999999999999;1.0;0.9999965379948521;0.9999980102130215;0.9999975780362896;1.0;1.024999976158142;
2016-09-28 06:30:00;1.0;0.9999769342921689;1.0;0.9999982467138436;1.0;0.9999981133117278;1.0002255138063376;0.9999839898235319;0.9999947745511846;1.0;0.9999913169566682;1.0;1.0000287191720743;1.0;0.9999681048799705;0.9999696346846514;0.9999703959143174;0.9999997964077687;0.9999997922556132;0.9999970791502742;1.0;0.9999821969623106;0.9999701815054367;1.000211824763745;1.0002312070040917;0.9999970826004816;0.9999845328444484;0.9999990117731323;0.999454748245266;0.9992974816834792;0.9991439569437871;0.999154741294782;0.9999962331745054;0.9989268502501703;0.9988961975377948;0.9993262994045837;0.9995754490006948;1.0;1.0;0.9999970927724336;0.9999982471306634;0.9999982630134497;1.0;1.024999976158142;
2016-09-28 06:45:00;1.0;0.9999560342026074;1.0;0.9999975113269699;1.0;0.99999755824221;1.0002333057900037;0.9999736737251631;0.9999920716891952;0.9999999999999999;0.9999848582691166;1.0;1.0000295252017242;1.0;0.9999449696653708;0.9999485703894612;0.9999499607542239;0.9999996339949402;0.9999996240254878;0.9999956575838062;1.0;0.9999684518627329;0.9999495695611089;1.0002189148167182;1.0002394137456598;0.9999954358194151;0.9999726530330069;0.999998717933799;0.9993978799192763;0.9991902941070412;0.9990301519717315;0.999027329069041;0.9999931077193694;0.9987293840610141;0.9986606653814123;0.999229052091118;0.9995079669447153;0.9999999999999999;1.0;0.9999945802973695;0.9999972171420524;0.9999976889208629;1.0;1.024999976158142;
2016-09-28 07:00:00;1.0;0.9999641272508468;1.0;0.9999985178898365;1.0;0.9999981371630328;1.0002365683574668;0.9999844579667091;0.999992938878795;1.0;0.999988136298601;1.0;1.000029720298247;1.0;0.9999685079212142;0.9999711224879269;0.9999718703231301;0.9999993612595394;0.9999993548117847;0.9999964157839658;0.9999999999999999;0.9999731489879973;0.9999716289258117;1.0002223410627733;1.000242509130473;0.9999968385999931;0.9999766489317136;0.999999023546739;0.9992812511292068;0.9990707646901699;0.9988971987221914;0.9989124043872163;0.9999944038198293;0.9986363257185773;0.9985747231685453;0.9991237925805206;0.9994479695750267;0.9999999999999999;0.9999999999999999;0.9999956381487222;0.9999977493628268;0.9999978719540011;1.0;1.024999976158142;
2016-09-28 07:15:00;1.0;0.9999331486757246;0.9999999999999999;0.9999953049786647;1.0;0.9999926417817766;1.0002570273784912;0.9999712284908374;0.9999775941681363;1.0;0.9999760415914131;0.9999999999999999;1.0000322099346095;0.9999999999999999;0.999953123965753;0.9999559359527737;0.9999567783330894;0.999999229496661;0.9999991951646804;0.9999891287451809;0.9999999999999999;0.9999428182398398;0.999956502842594;1.0002415442956902;1.0002635168572975;0.9999929441328289;0.999951291528656;0.9999961296303328;0.9991216745593271;0.9988995303094863;0.998711347774677;0.9987534583894991;0.9999872836629652;0.998442776304037;0.9983829219613233;0.9990260693818225;0.9993980053224604;1.0;1.0;0.9999904803126684;0.9999955209658661;0.9999920690932089;1.0;1.024999976158142;
2016-09-28 07:30:00;0.9999999999999999;0.9997589597762573;1.0;0.9999905552779483;1.0;0.9999883559558072;1.000283800149252;0.9999076633453494;0.9999524576679393;1.0;0.999928260353736;1.0;1.0000357258389128;1.0;0.9998058898083262;0.9998276125972284;0.9998327627363957;0.9999994731461411;0.9999991947604945;0.9999779208432988;1.0;0.9998336378072945;0.9998313718378061;1.0002655205170188;1.000291884853563;0.9999832331923463;0.999859618901375;0.9999937346805877;0.9991908926257177;0.9989757435758524;0.9987982774987998;0.9988407680800556;0.9999585882556145;0.9985617169128218;0.9984999993015184;0.9990916975808225;0.99945450611418;0.9999999999999999;1.0;0.9999674240161326;0.9999904164262507;0.9999870924634445;1.0;1.024999976158142;
2016-09-28 07:45:00;1.0;0.9998961983830845;1.0;0.99999143820736;1.0;0.9999889450478255;1.0002680125205943;0.999937328141519;0.9999688936067999;1.0;0.999961579581396;1.0;1.0000339185693616;1.0;0.9998843515468042;0.999890048883876;0.9998926252651268;0.9999996554678258;0.9999995739064248;0.9999840450331857;1.0;0.9999157630848745;0.9998919237791914;1.0002509425045787;1.0002754600639174;0.9999874854759888;0.9999282447297989;0.9999941636600984;0.9991570990007412;0.9989345809366201;0.9987535027551941;0.998794219239224;0.9999807085027934;0.9985207915153481;0.9984563359214254;0.999039973305305;0.9994080975669184;1.0;1.0;0.9999853787222004;0.9999929103978594;0.9999892005642327;1.0;1.024999976158142;
2016-09-28 08:00:00;1.0;0.9999028886128923;1.0;0.9999927315062621;1.0;0.999990349774579;1.0002725731436692;0.9999471697409282;0.9999714545663858;1.0;0.9999655084540299;1.0;1.0000346728460614;1.0;0.9999026092577915;0.9999083572853136;0.9999105474996107;0.9999997872351907;0.9999997342810341;0.9999857708819899;1.0;0.9999226732574062;0.9999099567733584;1.0002555107101927;1.0002798752854856;0.9999893973388966;0.9999344642804345;0.9999949177142113;0.9990350275410543;0.9987896781375312;0.9985890264669436;0.9986359878522185;0.9999818131546143;0.9983490343327444;0.9982794572516814;0.998900526968935;0.9992993825475405;1.0;1.0;0.9999861688475585;0.9999940627584181;0.9999903194912403;1.0;1.024999976158142;
2016-09-28 08:15:00;1.0;0.9999474424771474;1.0;0.9999941583212161;1.0;0.9999950864807542;1.0002607264335313;0.9999421909343742;0.9999900783716689;1.0;0.9999769017115252;1.0;1.0000329825667529;1.0;0.9998812175228006;0.9998848055136457;0.9998877277790279;0.9999997167630138;0.9999996955616894;0.9999930078199882;1.0;0.9999597856695843;0.9998869396586815;1.000243645787059;1.000268354388608;0.9999905233709864;0.9999642779586597;0.9999974168939593;0.9990973631727844;0.9988700644863858;0.9986803553994388;0.9987257116299199;0.9999922231398412;0.9984777130202055;0.9984155056331794;0.9989608293394279;0.9993339011915265;1.0;1.0;0.9999939441676403;0.9999946218507945;0.9999965181875989;0.9999999999999999;1.024999976158142;
2016-09-28 08:30:00;1.0;0.9999381542178057;1.0;0.9999946441607539;1.0;0.9999932685666196;1.000285476175644;0.9999594414727585;0.9999816151977957;1.0;0.9999762433764299;1.0;1.0000361555966684;1.0;0.9999247446193475;0.9999278937548882;0.9999295570738107;0.9999996049090488;0.9999995774076518;0.9999903097040791;1.0;0.9999489794200318;0.9999290920832719;1.0002677691224964;1.0002930190028065;0.9999919548254668;0.9999561964755675;0.9999964617374085;0.9988355348395216;0.9984721463412529;0.9982327661466385;0.9982477030091784;0.9999887960794148;0.9978488684177454;0.9977079492393889;0.9985493335816347;0.9990695643516334;1.0;1.0;0.999991528488797;0.9999953017511883;0.9999935081357422;1.0;1.024999976158142;
2016-09-28 08:45:00;1.0;0.9999248903120038;1.0;0.9999919974816409;1.0;0.9999917325850533;1.000280553125416;0.9999305506821907;0.9999808107724238;1.0;0.9999679993330869;1.0;1.000035274304365;0.9999999999999999;0.9998636566169536;0.9998677090259801;0.9998709003086343;0.9999994838825328;0.9999994345142619;0.9999884124115465;1.0;0.9999388219561168;0.999870025138518;1.000262151888457;1.0002888175632705;0.9999875569764343;0.9999464418257151;0.9999956434984377;0.9988966885849025;0.9985972187281144;0.9983829746513381;0.9984289516039553;0.9999876049448639;0.9981109519743904;0.9980059388499049;0.9987149031226548;0.9991799054004864;0.9999999999999999;1.0;0.999990556648794;0.9999928138902368;0.9999930555721952;1.0;1.024999976158142;
2016-09-28 09:00:00;1.0;0.999911904944341;1.0;0.9999876394357075;1.0;0.9999885623572855;1.000304018765949;0.9998890482102059;0.9999783425220408;1.0;0.9999569038190087;0.9999999999999999;1.0000379745901546;0.9999999999999999;0.9997792904646505;0.9997834094525899;0.9997886198994769;0.9999993843288287;0.9999992862844178;0.999984923064852;1.0;0.9999260522619016;0.9997872069218212;1.0002828063725218;1.0003140328981084;0.9999809167771503;0.9999340316178131;0.999993950548654;0.9987739905308884;0.9983781519847126;0.9981113418352543;0.9981131550697885;0.9999864292572959;0.997571167171846;0.9974218523776233;0.9984958674172274;0.9990151757818543;1.0;1.0;0.9999897006894817;0.9999891259649913;0.9999915786947396;1.0;1.024999976158142;
2016-09-28 09:15:00;1.0;0.9999014724291714;1.0;0.9999944843850014;1.0;0.9999931782732026;1.0002975121974411;0.9999519979890731;0.9999772622994373;1.0;0.9999674041229343;1.0;1.0000376171140999;0.9999999999999999;0.9999047702298333;0.9999122044908216;0.9999145305486619;0.9999995436138537;0.9999994855636366;0.99998873277856;1.0;0.9999270351976898;0.999913887029273;1.0002790290006154;1.0003054027897462;0.9999909100200468;0.9999378633150807;0.999996395266436;0.9987927346608095;0.9984014371251365;0.9981385725922891;0.9981387524701252;0.999982901957743;0.9976176322141436;0.997469210907776;0.998504766067323;0.9990232679715295;1.0;1.0;0.9999867426597743;0.9999946784515567;0.9999929680513976;1.0;1.024999976158142;
2016-09-28 09:30:00;1.0;0.9999098517840752;0.9999999999999999;0.9999948739883847;1.0;0.999994397477242;1.0002950745910248;0.9999506051533738;0.9999815747737221;1.0;0.999969725267335;1.0;1.0000373044098507;1.0;0.9998986952341739;0.9999059543344128;0.9999085002637518;0.9999995635228244;0.9999995185986531;0.9999904684185854;1.0;0.9999348386759;0.9999078003369426;1.0002765664374427;1.0003030441760037;0.9999912154702223;0.9999441497920767;0.9999970417733843;0.9988802737193739;0.9985173322826176;0.9982650762404842;0.9982649025898027;0.9999850094957918;0.9978836396525953;0.9977525936134307;0.9985352509206019;0.9990456557482612;1.0;1.0;0.9999882840105617;0.9999948639680097;0.9999944992677353;1.0;1.024999976158142;
2016-09-28 09:45:00;1.0;0.999873200799215;1.0;0.9999821956713417;0.9999999999999999;0.9999803360245122;1.0003116274387978;0.9998626909695427;0.9999576809970032;1.0;0.9999399050066513;1.0;1.0000390365425016;1.0;0.9997416530265889;0.999745583684796;0.9997513339343598;0.9999995053553236;0.9999993200843377;0.9999745752092015;0.9999999999999999;0.9998867746826018;0.9997497875300076;1.0002895790435036;1.0003221229473376;0.9999744595469324;0.9999011430325201;0.9999895852991512;0.9987049301434017;0.998253003518266;0.99803351748531;0.9980530575842647;0.999977233775459;0.9974809269505736;0.9972525472977316;0.9984803770255569;0.9990316841806454;1.0;1.0;0.9999830946834746;0.999985710794353;0.999983530693087;0.9999999999999999;1.024999976158142;
2016-09-28 10:00:00;1.0;0.9998474824890358;1.0;0.9999854411757287;1.0;0.9999784642180106;1.0003147095005696;0.9999168932308231;0.9999404307629247;1.0;0.9999419478434898;1.0;1.0000400134776035;1.0;0.9998659582243099;0.9998711142970134;0.9998735937842603;0.9999997673217991;0.9999995892984431;0.9999706377883305;0.9999999999999999;0.9998652443566421;0.9998729256135779;1.0002948903440443;1.0003232332297045;0.999980871450995;0.9998865215205663;0.9999886126049461;0.9987841895857442;0.9983660937270545;0.9981032000330445;0.9980962313071677;0.9999683053334852;0.9974999661904124;0.9973294916817359;0.9985047270149277;0.9990259066900823;1.0;0.9999999999999999;0.9999765039489029;0.9999893947937685;0.9999782627901456;1.0;1.024999976158142;
2016-09-28 10:15:00;1.0;0.999899190087159;0.9999999999999999;0.9999932023270177;1.0;0.9999892707895328;1.0003007378891977;0.9999604694839475;0.9999661104801856;1.0;0.9999661129186649;1.0;1.0000384081706746;1.0;0.9999353471957392;0.9999406722422989;0.9999419403047193;0.999999837822184;0.9999997906414102;0.9999842208658714;1.0;0.99991753064539;0.9999415955552884;1.0002826113367933;1.000308199855537;0.9999907250333253;0.9999309913006202;0.9999943568669708;0.9986655898348387;0.9982050022210964;0.9979099256436241;0.9978870392329893;0.9999797794242068;0.997162081710388;0.9969780364520201;0.9983633695409445;0.9989488167869682;1.0;1.0;0.9999847556305679;0.9999948247464834;0.9999884297897926;1.0;1.024999976158142;
2016-09-28 10:30:00;1.0;0.9999185751510591;1.0;0.9999960563233332;1.0;0.9999938872740598;1.000297538004441;0.9999712634480812;0.9999783032321466;1.0;0.9999739863670821;1.0;1.0000375077286632;0.9999999999999999;0.9999477919844442;0.9999531709482582;0.9999543214781034;0.9999993429426743;0.9999993132816465;0.9999899111895556;1.0;0.9999371351104736;0.9999539729302805;1.0002796835465866;1.0003049452087265;0.9999935166857663;0.9999467528972739;0.9999967847144428;0.9986570288439464;0.9981916316492855;0.9979199061988654;0.9979094680555245;0.9999852426313092;0.9972260599068452;0.9970223316472653;0.998374065037121;0.9989482653620407;0.9999999999999999;1.0;0.9999886875095869;0.9999959276748007;0.9999930527583301;1.0;1.024999976158142;
2016-09-28 10:45:00;1.0;0.9999268144051221;1.0;0.9999951739576017;1.0;0.9999928737383043;1.0003001442363049;0.9999672611591558;0.9999777964856053;1.0;0.9999745483330708;1.0;1.0000378886789991;1.0;0.9999426338317456;0.9999465592777775;0.9999477446215465;0.9999994134104282;0.9999993779977056;0.9999892215315999;1.0;0.9999403129209968;0.9999473918621724;1.000281971771472;1.0003077356104957;0.9999926624262137;0.9999492745416045;0.9999962502266058;0.9986078498858847;0.9981172157701119;0.9978503388260439;0.9978422029875031;0.9999863559843384;0.9971443306452832;0.996916167048623;0.998320042124415;0.9989141997203081;1.0;0.9999999999999999;0.9999896721310462;0.9999955224435857;0.9999924062068628;1.0;1.024999976158142;
2016-09-28 11:00:00;0.9999999999999999;0.9999325687282068;0.9999999999999999;0.9999963094110146;0.9999999999999999;0.9999951844903474;1.0002908296540574;0.9999684948230484;0.9999838669201618;1.0;0.9999773978406626;1.0;1.000036671919588;1.0;0.9999387953250178;0.9999434970068208;0.9999449356443497;0.9999994118183225;0.9999993870456161;0.9999920118799503;0.9999999999999999;0.9999487407739338;0.9999445161834276;1.0002731015763542;1.0002982869858073;0.9999937057944729;0.9999561345537993;0.9999974668039238;0.9986825482841666;0.9982310955168219;0.998014930444192;0.9980363863413096;0.9999883923599833;0.9974179303210386;0.9971872842833712;0.9984975326922931;0.9990128174278334;0.9999999999999999;1.0;0.9999910430483615;0.9999960897112637;0.99999488342117;1.0;1.024999976158142;
2016-09-28 11:15:00;1.0;0.99991402513389;0.9999999999999999;0.9999957845287629;1.0;0.9999936060984097;1.0002913196752607;0.9999691094827532;0.9999772719494808;1.0;0.9999728266472784;0.9999999999999999;1.0000369097093196;1.0;0.9999430660038351;0.99994903080674;0.9999503288770238;0.9999995344412717;0.9999994965919522;0.9999894876078743;1.0;0.9999345310140736;0.9999499549678433;1.0002737927455394;1.000298580064668;0.9999932714349897;0.9999447668992206;0.9999966322531603;0.998673731307306;0.9982076679273637;0.9979617525089562;0.9979607473418015;0.9999842525990963;0.9972508643479231;0.9970276684806806;0.9984543775119082;0.999022230208479;1.0;1.0;0.9999879004129603;0.9999959536244821;0.999992810104875;1.0;1.024999976158142;
2016-09-28 11:30:00;1.0;0.9999280722680031;1.0;0.9999972661711749;1.0;0.9999960772336919;1.0002819063895412;0.9999760857900873;0.9999839887088277;1.0;0.9999787119964771;1.0;1.000035960741869;1.0;0.999952007492394;0.999958032700853;0.9999592595994444;0.9999997872351906;0.9999997639356756;0.999992817199867;1.0;0.9999487957338025;0.9999589221248061;1.0002649898980986;1.0002888519233446;0.9999952975055009;0.9999569598440163;0.9999979344090636;0.9987686100957099;0.9983489050893823;0.9981353769305207;0.9981521504473738;0.9999872359080494;0.9975235177848149;0.9973166637068075;0.9986125622293667;0.9991140809670978;0.9999999999999999;1.0;0.9999900436451351;0.9999972674916613;0.9999954143660108;1.0;1.024999976158142;
2016-09-28 11:45:00;1.0;0.9998748655786606;1.0;0.9999940240106755;1.0;0.9999903142148229;1.0002938122332568;0.9999581861601246;0.9999657584815064;1.0;0.9999596391153154;1.0;1.0000362728330758;1.0;0.9999263492566968;0.9999340764025956;0.9999356010843562;0.9999985768968481;0.9999984971821232;0.9999840200394282;1.0;0.9999014396880127;0.9999351004657465;1.0002761451031688;1.0003013021003084;0.9999898897595029;0.9999162003312877;0.9999948842576614;0.9986977128467956;0.9982404728474552;0.9980360795516843;0.998058759497548;0.9999774246803018;0.9973855642310021;0.997140826094809;0.9985577006471404;0.9990821941775859;1.0;1.0;0.9999827570772768;0.9999933081038221;0.9999888434332471;1.0;1.024999976158142;
2016-09-28 12:00:00;0.9999999999999999;0.9998647269126398;1.0;0.999989877807202;1.0;0.9999836147459801;1.0002956132422618;0.9999464356082883;0.9999501132648916;1.0;0.999953125581165;1.0;1.0000376236065052;1.0;0.9999181231146916;0.9999240050914112;0.9999254229856069;0.9999997060266071;0.999999595650055;0.9999766255982995;1.0;0.9998849424914136;0.9999250296058652;1.0002777436988892;1.0003030181339372;0.9999866305736863;0.9999037595774212;0.9999913550651022;0.9987061261341064;0.9982575504191141;0.9980549136422019;0.9980814099526448;0.9999720334921773;0.9974006690541195;0.9971618506229853;0.9985903020522328;0.9991059171171467;1.0;1.0;0.9999791011826341;0.999992478604485;0.9999824593370464;0.9999999999999999;1.024999976158142;
2016-09-28 12:15:00;1.0;0.9999201869594128;1.0;0.9999944337656531;1.0;0.9999915831431109;1.000297776104253;0.999964765872828;0.9999741469373172;1.0;0.9999720871272014;1.0;1.0000376842328493;1.0;0.999940280028464;0.999944269063524;0.9999454553434398;0.9999994930551106;0.9999994505772262;0.9999875562646786;1.0;0.9999339018128202;0.9999451079220295;1.000279757132525;1.0003052891721211;0.9999919003670481;0.9999440607787251;0.9999955701258887;0.9984643906370141;0.9979119182709613;0.9976213948775297;0.9976013584542958;0.999984646244754;0.9966849983821517;0.9964198803190697;0.998212474581539;0.99888576033226;1.0;1.0;0.9999884315575863;0.9999951745977212;0.9999910514003706;1.0;1.024999976158142;
2016-09-28 12:30:00;1.0;0.9999171021272185;0.9999999999999999;0.9999953246220451;1.0;0.9999925938213357;1.0002792925372617;0.9999695957396131;0.9999752855165848;1.0;0.9999726614107147;1.0;1.0000352226643763;1.0;0.9999478641155798;0.9999526610237557;0.9999537223209519;0.999999382765018;0.9999993482535634;0.9999884413693527;1.0;0.9999336375839798;0.9999534000241426;1.0002625298992007;1.0002862514216915;0.9999928335843977;0.9999439095198777;0.9999961045890703;0.9986655235339074;0.9981954244719585;0.9979665835280925;0.9979727152618035;0.9999844139267863;0.9971935375403372;0.99695292973497;0.9985209227449593;0.9990675374862873;1.0;1.0;0.9999881629371696;0.9999955895169448;0.999991759840317;1.0;1.024999976158142;
2016-09-28 12:45:00;1.0;0.9997826993623988;1.0;0.9999974476611878;0.9999999999999999;0.9999962994718663;1.0003085959420428;0.9999536732528597;0.9999669205243032;1.0;0.9999450709610658;1.0;1.0000390731566935;1.0;0.9998870511682366;0.9999102383478813;0.9999137525404466;0.9999994715539924;0.9999993228531527;0.9999870688802329;1.0;0.999862514775471;0.999912791612394;1.0002901371845694;1.0003162033916733;0.9999922474163939;0.999885106666572;0.9999979755593409;0.9986264270730867;0.9981427235246817;0.997902471431736;0.9979109344254341;0.9999637783401495;0.997168298202205;0.9969256771902669;0.9984390943107184;0.9990152896676323;1.0;1.0;0.999970982995487;0.9999953239799213;0.9999934905385196;0.9999999999999999;1.024999976158142;
2016-09-28 13:00:00;1.0;0.9998093938009448;1.0;0.9999960452391812;1.0;0.9999942043914894;1.0003064551950533;0.9999516493186906;0.9999662056117194;1.0;0.9999486060258939;1.0;1.000038572242821;1.0;0.9998921583985635;0.9999106847292869;0.9999137625280292;0.9999992601420894;0.9999991500455018;0.9999858373606173;1.0;0.9998732513723378;0.9999129015045999;1.0002879868319106;1.0003141641595839;0.9999910517053126;0.9998935868394228;0.9999969020959614;0.9985375407228513;0.9980273245062047;0.9977398076734174;0.9977275608945997;0.9999677102174602;0.9968299627088881;0.9965976282533932;0.9983351125250406;0.9989591835157254;1.0;1.0;0.9999744013010567;0.9999945059744987;0.999991923949576;1.0;1.024999976158142;
2016-09-28 13:15:00;1.0;0.9999040642714149;1.0;0.999993656890137;1.0;0.9999908264162356;1.0002976346719639;0.9999571018319339;0.99997108455435;1.0;0.9999675551006441;1.0;1.0000379572369205;1.0;0.9999235170333223;0.9999292679386516;0.9999309408835043;0.9999998055803122;0.9999997654577002;0.9999862075457693;1.0;0.999923925932205;0.9999304874315115;1.0002794541613909;1.0003052277690907;0.9999908677940771;0.9999359602367603;0.9999951755061102;0.998454840169973;0.9979157539345312;0.9976442216316919;0.9976438932747482;0.9999816303783171;0.9967673110115186;0.9965011825426515;0.9982543479453724;0.9989144762115556;1.0;1.0;0.9999860367478219;0.9999948775846031;0.9999903339540545;1.0;1.024999976158142;
2016-09-28 13:30:00;1.0;0.9999017630634086;1.0;0.9999967645296074;1.0;0.9999952702147512;1.0003026030733182;0.9999538187766495;0.9999837867091518;0.9999999999999999;0.9999595560248078;1.0;1.0000315990487816;1.0;0.9999121683016075;0.9999147255518601;0.9999161537961259;0.9999928343464343;0.9999927340370492;0.9999891358568062;0.9999999999999999;0.9999105658259406;0.9999152759214383;1.000283980805423;1.000311718885477;0.9999869882775773;0.9999163652876709;0.9999974729895116;0.9985506824178954;0.9980126893558525;0.9977644816516651;0.9977579752323638;0.9999903150801721;0.9969286870355406;0.9966467377855994;0.9983269401220456;0.9989512556292776;1.0;1.0;0.9999926971600436;0.9999869198595207;0.9999936728465508;1.0;1.024999976158142;
2016-09-28 13:45:00;1.0;0.9998631000730737;1.0;0.999995822866512;1.0;0.9999933592604624;1.000302285548685;0.9999490296470417;0.9999741534804816;1.0;0.9999506071782408;1.0;1.0000322589884765;0.9999999999999999;0.9999025876484026;0.9999091114001664;0.9999108919267282;0.9999935191511645;0.9999933970797528;0.9999856154139143;1.0;0.9998856350398319;0.9999099694527659;1.0002838147081707;1.0003111575679036;0.9999861522791226;0.9998966818100338;0.9999964585676097;0.9985626775211033;0.9980998851952767;0.9978510474086266;0.9978783453517523;0.9999823047326966;0.9972028889659764;0.996984667853942;0.9983866447645927;0.9989827338237393;1.0;1.0;0.9999864254547683;0.9999870361846468;0.9999911924988363;1.0;1.024999976158142;
2016-09-28 14:00:00;1.0;0.9999090318300079;1.0;0.9999957193145617;1.0;0.9999938963014365;1.000291124360923;0.9999598256576776;0.9999793846225569;1.0;0.9999672239543977;1.0;1.0000344848291087;0.9999999999999999;0.999924356054838;0.9999290511651745;0.999930579244657;0.9999971703441649;0.9999971146508743;0.999989053013571;1.0;0.999925205211684;0.9999299791186691;1.0002733239873418;1.0002990516728603;0.9999904423609948;0.9999338615524963;0.9999967760941314;0.9986850419585411;0.9982226285863618;0.9979759286048094;0.9979739040192159;0.9999863638372134;0.9972878043114969;0.9970680256641914;0.9984499285774001;0.9990296971355828;1.0;1.0;0.9999895812703142;0.9999924349441095;0.9999929775558467;1.0;1.024999976158142;
2016-09-28 14:15:00;1.0;0.9999313872006333;1.0;0.9999970942526298;1.0;0.999995766834357;1.0002758248866823;0.9999717349051113;0.9999849910422616;1.0;0.9999758284611979;1.0;1.0000332652909512;1.0;0.9999463719401874;0.9999501189477674;0.9999512107062668;0.9999978813479891;0.9999978492448884;0.9999921336924851;1.0;0.9999443102976007;0.9999507751336324;1.0002591450789247;1.0002830800578375;0.9999932091035147;0.9999508080458677;0.9999977686942385;0.9987399215722731;0.9983126335626771;0.998102895387286;0.9981234513704507;0.9999897681135592;0.9974952463069494;0.9972787838808007;0.9985881280565982;0.9991362912967888;1.0;0.9999999999999999;0.9999921543152158;0.9999945353596655;0.9999949845370395;1.0;1.024999976158142;
2016-09-28 14:30:00;1.0;0.9999216571839227;1.0;0.9999958329880771;1.0;0.999994398218199;1.0002740346397725;0.9999611068754753;0.9999821189350812;1.0;0.9999709922526504;1.0;1.0000327408523817;1.0;0.9999262575000124;0.9999301921399574;0.9999317147092202;0.9999976253991912;0.9999975820818083;0.9999902703714207;1.0;0.9999352308709346;0.9999311479360247;1.0002571781097465;1.0002815281097135;0.9999911396713791;0.9999426357132714;0.9999970457242543;0.9987182410466908;0.9982942181220072;0.998085103464125;0.9981122201912619;0.9999882950506914;0.9973842295934756;0.9971692109212118;0.9986528709736774;0.9991742832340336;1.0;1.0;0.9999910688009083;0.9999931968339018;0.9999938171298757;1.0;1.024999976158142;
2016-09-28 14:45:00;1.0;0.9999274465857951;1.0;0.9999974303797897;1.0;0.9999964272755545;1.0002699545025378;0.9999699360508736;0.9999864249250404;0.9999999999999999;0.9999743165606751;0.9999999999999999;1.000031900564977;1.0;0.9999407751601859;0.9999448784740137;0.999946106806648;0.9999972790693383;0.9999972402059574;0.999992552643949;1.0;0.9999415981371672;0.9999455931029759;1.0002535589219732;1.0002772330194232;0.9999927872527743;0.9999477641457869;0.9999981110975505;0.9987782185198023;0.9983760044504625;0.9981896219475257;0.998226046777629;0.9999900899541854;0.9976321770392229;0.9974199925920829;0.9986870248273604;0.9992011764981511;1.0;1.0;0.999992341668107;0.9999938007434658;0.9999955532980733;1.0;1.024999976158142;
2016-09-28 15:00:00;1.0;0.9997677582565899;1.0;0.9999959724895455;1.0;0.9999942579518464;1.0003040952593294;0.9998938767962396;0.9999758969069262;1.0;0.999901280547561;1.0;1.0000167953871946;1.0;0.9997889139931609;0.9997938754853649;0.9997971243741155;0.999977972613091;0.9999775687985275;0.9999790241917821;1.0;0.9997848698261752;0.999794726064321;1.0002843196652023;1.0003168657996409;0.9999679296912349;0.9997930994153281;0.9999967762120835;0.9988082582227608;0.9983916234074255;0.9981943816101984;0.9982196105287141;0.9999845223975071;0.9976372613506148;0.997419945628705;0.9986578103763399;0.9991863806544554;1.0;1.0;0.9999882179447757;0.9999640850014377;0.9999897305226829;1.0;1.024999976158142;
2016-09-28 15:15:00;1.0;0.999859719058273;1.0;0.9999970976126078;0.9999999999999999;0.9999957919299828;1.000285976438651;0.9999405990437986;0.9999818869043622;0.9999999999999999;0.9999446076762147;1.0;1.0000261910593187;1.0;0.9998815231854304;0.9998865297255416;0.9998885584903219;0.9999895758794336;0.9999894222682849;0.9999871801365513;1.0;0.9998769759826126;0.9998872943073807;1.0002681490262797;1.0002954549374758;0.9999830882069538;0.9998843915302068;0.9999977178268568;0.9987612361713283;0.9983250081373872;0.9981216330744145;0.9981395447238673;0.9999872046577457;0.997522728522218;0.99729317802248;0.9985919295574861;0.9991536694675374;1.0;1.0;0.999990147755255;0.9999820650937344;0.9999932749971865;1.0;1.024999976158142;
2016-09-28 15:30:00;0.9999999999999999;0.9999290870884734;1.0;0.9999958811454263;1.0;0.9999943889652411;1.0002686513344106;0.9999634855248748;0.9999827664888474;1.0;0.9999731408640743;1.0;1.000032236672051;0.9999999999999999;0.999932039925974;0.9999352526938975;0.9999366165617067;0.9999978077247526;0.9999977654499826;0.9999905985524657;1.0;0.9999401286620554;0.9999361042928279;1.0002521539046225;1.0002759493944426;0.9999915711629027;0.9999469640972964;0.9999970412386596;0.9988149295824105;0.9984096508464321;0.9982256969164206;0.9982534238820976;0.9999892586605718;0.9976885718697092;0.9974719203717124;0.998682840068812;0.9992063140799314;1.0;0.9999999999999999;0.9999918538960624;0.9999935838050977;0.9999938971391525;1.0;1.024999976158142;
2016-09-28 15:45:00;1.0;0.9999365658977545;1.0;0.999995706184449;1.0;0.9999943877600012;1.0002626818318971;0.9999634549820009;0.9999837280008654;1.0;0.999975414940055;0.9999999999999999;1.0000319760908911;1.0;0.9999319702379543;0.9999347821654881;0.9999361832888444;0.9999983272310169;0.9999982950454944;0.9999910660132312;1.0;0.9999462354949148;0.9999356976489436;1.0002464710249794;1.0002697963404668;0.9999919522048117;0.9999525717138744;0.9999970461977745;0.998829069786392;0.998429472904298;0.9982445068089721;0.9982697517699757;0.999990059946464;0.9977029570843253;0.9974913687522748;0.9986967818208025;0.9992317656145573;0.9999999999999999;0.9999999999999999;0.9999924818065391;0.9999942278514897;0.9999941712305229;1.0;1.024999976158142;
2016-09-28 16:00:00;1.0;0.999938187472531;1.0;0.9999969258107886;1.0;0.9999960783117732;1.0002623158010155;0.999968725037672;0.9999871706785353;1.0;0.9999772177718177;1.0;1.0000316605560153;0.9999999999999999;0.9999390821893461;0.9999424413324276;0.9999437415953978;0.9999980406325805;0.9999980104915269;0.9999928574042809;1.0;0.9999497351497458;0.9999432623765188;1.0002462495898972;1.0002693729290684;0.9999930622148508;0.9999552767785492;0.9999979329056374;0.9988240088661521;0.9984192015382609;0.9982392471403083;0.9982659193790564;0.9999911177814162;0.9977100038221891;0.9974905487564141;0.9986873281634188;0.9992242926496528;0.9999999999999999;1.0;0.9999931758925926;0.9999945899797007;0.9999956492680215;1.0;1.024999976158142;
2016-09-28 16:15:00;0.9999999999999999;0.9998738243245285;0.9999999999999999;0.999995271076854;1.0;0.9999934641101318;1.0002769680505579;0.9999392211076497;0.999978039682977;1.0;0.9999495244686656;1.0;1.000027615814482;0.9999999999999999;0.9998832241483269;0.9998875115944414;0.9998895944911368;0.9999921739056766;0.999992030752062;0.9999859725147446;1.0;0.9998886263969314;0.9998884982215116;1.0002595694544623;1.0002858396302625;0.9999839384677083;0.9998970358107614;0.9999965015157626;0.998842730904617;0.9984500824162079;0.9982653742076882;0.9982948004488806;0.9999861187989718;0.9977261339992483;0.9975198659642854;0.9987283287113538;0.999247937172599;1.0;1.0;0.9999894550415196;0.9999847058495724;0.9999917867475133;1.0;1.024999976158142;
2016-09-28 16:30:00;1.0;0.9998160056935502;1.0;0.9999967060833185;1.0;0.9999962134799212;1.0002766951713693;0.9999420115265032;0.9999743771305565;0.9999999999999999;0.999945871446912;1.0;1.0000318977593212;1.0;0.9998688453947641;0.9998855430580251;0.999889006318641;0.9999964609041341;0.9999963015744738;0.9999877231611023;1.0;0.99987342393361;0.9998878477108597;1.0002595357214343;1.0002845865895302;0.9999885008974317;0.999889835348392;0.9999979276208362;0.9988236560516384;0.9984190927003745;0.9982558067298154;0.99829595092207;0.9999731106707616;0.9977040202538352;0.9974721240883867;0.9987585763953992;0.9992656741648216;0.9999999999999999;1.0;0.9999785234154065;0.9999907703161938;0.9999941249098514;1.0;1.024999976158142;
2016-09-28 16:45:00;1.0;0.9998613681341022;0.9999999999999999;0.9999942012076627;0.9999999999999999;0.9999924803520757;1.0002718083573208;0.9999321242503539;0.9999745592829908;1.0;0.9999472035665519;1.0;1.0000283008669877;1.0;0.9998671885684364;0.9998736712442884;0.9998763276363818;0.9999935482320136;0.9999934092104321;0.999984807746577;1.0;0.9998836805507864;0.9998751769549808;1.000254524025798;1.0002804620362007;0.9999836655386967;0.9998943527844495;0.9999959888573341;0.9988176602726049;0.9984064329317448;0.99819702705317;0.9982074602411254;0.9999825416290914;0.997545305670475;0.9973385970868169;0.9986785261148855;0.9992220692253505;1.0;1.0;0.9999866014135158;0.9999857116159223;0.9999911046345341;1.0;1.024999976158142;
2016-09-28 17:00:00;1.0;0.9998788332211416;1.0;0.9999963253320929;1.0;0.9999945137375255;1.0002723507400155;0.9999470626756531;0.9999799595590034;1.0;0.9999520791581186;1.0;1.0000268313927132;1.0;0.9998984109902488;0.9999024472037789;0.9999041605587761;0.9999919548939019;0.9999918308276642;0.999987159189971;1.0;0.9998927682657882;0.9999031460773744;1.0002554565998085;1.0002809606017673;0.9999851856011066;0.9999004889251712;0.9999970636924421;0.998685909509024;0.9982190822034651;0.9979475338936373;0.9979247364354321;0.999987218887763;0.997057908108258;0.9968463123750295;0.99849234434932;0.9991301945361986;1.0;1.0;0.9999902796717923;0.9999852013302817;0.9999925299478243;1.0;1.024999976158142;
2016-09-28 17:15:00;1.0;0.9999304306234386;1.0;0.9999968156793932;1.0;0.9999959166932506;1.0002522823990965;0.999966185037266;0.9999861565549274;1.0;0.9999746084638669;1.0;1.0000299971425732;1.0;0.9999336808328059;0.9999375360677283;0.9999389506412636;0.9999976775216791;0.9999976424526805;0.9999922770612266;1.0;0.9999437142236278;0.999938415912935;1.0002367706681776;1.0002591986091238;0.9999924054647171;0.9999498105019613;0.9999978456844076;0.9987385424693614;0.9983097295805011;0.998084329845386;0.9980900902223022;0.999990198718707;0.9973237446391412;0.9971125369849506;0.9986260506427946;0.9992096609074078;1.0;1.0;0.9999924511817472;0.9999939285892233;0.9999953572251734;1.0;1.024999976158142;
2016-09-28 17:30:00;1.0;0.9999467100927134;1.0;0.999996248931142;1.0;0.9999940718958636;1.000253709809287;0.9999760858833806;0.9999822524048269;0.9999999999999999;0.9999799827569553;1.0;1.0000314237820267;0.9999999999999999;0.9999614239761696;0.9999631638123382;0.9999637956628998;0.999998875557316;0.9999988520348186;0.9999911250202169;1.0;0.9999526953405047;0.9999635507038193;1.0002384615139142;1.00026015126061;0.9999938536336733;0.9999591091836086;0.9999968857109958;0.9986427111639677;0.9981614327513371;0.9979401211623327;0.9979446117562394;0.9999903731957221;0.9971255915795617;0.9968676330007897;0.9985155768377098;0.9991468434522127;1.0;1.0;0.9999928418882663;0.9999957197825524;0.9999935442566171;0.9999999999999999;1.024999976158142;
2016-09-28 17:45:00;1.0;0.999967429065903;0.9999999999999999;0.9999973066371235;1.0;0.9999971319583026;1.0002475453980324;0.9999720566119659;0.9999933920340668;1.0;0.9999846770946696;1.0;1.000029912480631;1.0;0.9999458726727929;0.9999466071802467;0.9999477117702292;0.9999982122217969;0.9999981975699005;0.9999952832451344;1.0;0.9999699455087787;0.999947296023033;1.0002322339085035;1.000254316623398;0.9999940092424208;0.9999720978617007;0.9999984938123827;0.9988328269048702;0.9983970950967156;0.9981874062846969;0.9981761533737544;0.9999963374850416;0.9974481417280333;0.9972204478758219;0.9986630269084356;0.9992280690850017;1.0;1.0;0.9999972675170853;0.9999952503616493;0.9999972802506699;1.0;1.024999976158142;
2016-09-28 18:00:00;1.0;0.9999548857979709;1.0;0.9999952179823528;1.0;0.9999936536933549;1.000250030355132;0.9999664055985894;0.9999840351651395;1.0;0.9999802653468164;1.0;1.0000311184115036;1.0;0.9999415020790265;0.9999423796276552;0.999943498836763;0.999999100857224;0.9999990777371048;0.9999912219973753;0.9999999999999999;0.9999579088911829;0.9999431415505187;1.0002345743191134;1.0002566946567875;0.9999926118114854;0.9999631885463003;0.9999966664335018;0.998850328723509;0.9984194162560931;0.998212978952555;0.9982025227563085;0.9999919690127472;0.9974706333754694;0.9972446819898869;0.9986929110870272;0.9992465836165934;1.0;1.0;0.9999941003303149;0.9999952360104809;0.9999938383886919;1.0;1.024999976158142;
2016-09-28 18:15:00;1.0;0.9999599765011646;0.9999999999999999;0.9999964406193796;1.0;0.999995571084242;1.0002461305224466;0.9999720479684314;0.9999882982400079;1.0;0.9999837980250441;1.0;1.000030911325043;1.0;0.999948272663514;0.9999499455582332;0.9999510483475966;0.9999993811728889;0.9999993674497137;0.9999935689302696;1.0;0.999965746026362;0.9999507150311515;1.0002309950393011;1.000252576365841;0.9999942817946812;0.9999701284706058;0.999997675840236;0.9989107179609409;0.998473449271739;0.9982740295973186;0.9982498210826738;0.9999931682575574;0.9975270288061607;0.997290614131145;0.9987153669061009;0.9992580637715034;1.0;0.9999999999999999;0.9999948653166432;0.9999963784347286;0.9999957276519676;1.0;1.024999976158142;
2016-09-28 18:30:00;1.0;0.9999361677604995;1.0;0.999996151519321;1.0;0.999994349335941;1.0002543667374661;0.9999730186964749;0.9999816292981427;0.9999999999999999;0.999978591355554;1.0;1.000032253863054;1.0;0.9999515766884733;0.9999554444982888;0.9999564964141565;0.9999996355588403;0.9999996165005008;0.9999912390970771;1.0;0.9999495258148772;0.9999561943075621;1.0002389881341136;1.000260759193403;0.9999941292094702;0.9999572826979761;0.9999970328190909;0.998785031181039;0.9982932495619922;0.998062593298372;0.9980239480413099;0.9999881328293286;0.9971497347986107;0.9968888394747029;0.9985746641451411;0.9991817880896492;1.0;1.0;0.9999909603769881;0.9999965076339943;0.9999939076114275;1.0;1.024999976158142;
2016-09-28 18:45:00;0.9999999999999999;0.9999390809697187;0.9999999999999999;0.999995278659918;0.9999999999999999;0.9999935773145631;1.0002610932769753;0.9999668363271753;0.999981200061434;1.0;0.9999780054231276;1.0;1.0000332453593275;1.0;0.999940179539005;0.9999434652648821;0.999944766585648;0.9999997964077687;0.9999997761631236;0.9999906382026447;1.0;0.9999504145806725;0.9999444101890558;1.0002450878234022;1.0002678051337015;0.9999931614783186;0.9999579360414657;0.9999966277871292;0.9986695414503028;0.9981279438074022;0.9978479111117107;0.9977839659071098;0.999988475841702;0.9967787989598907;0.9965097823860357;0.9983917020353282;0.9990790622593795;1.0;0.9999999999999999;0.9999912805450591;0.9999961177505112;0.9999935126959596;1.0;1.024999976158142;
2016-09-28 19:00:00;0.9999999999999999;0.9999391540513755;1.0;0.9999948416046675;0.9999999999999999;0.9999935474003544;1.0002505864979145;0.9999595763015571;0.9999824933198278;1.0;0.9999760992514474;1.0;1.0000312862492224;1.0;0.9999248537574776;0.9999277037527364;0.9999293318471346;0.9999992234799975;0.9999991975339322;0.9999905485338951;1.0;0.9999489691937601;0.9999288493747764;1.000234929702489;1.0002573796284775;0.9999917945036442;0.9999557251694876;0.9999966091886489;0.9989153068243329;0.9984562153348282;0.9982297326314897;0.9981790859580592;0.999989463784483;0.9973556622791949;0.9971189129251633;0.9986783167029457;0.9992451521530106;1.0;0.9999999999999999;0.9999920473039419;0.9999948953597042;0.9999937323201634;1.0;1.024999976158142;
2016-09-28 19:15:00;1.0;0.9999335879000288;1.0;0.9999943009316249;1.0;0.999991950518692;1.0002490735790457;0.9999621506279154;0.9999774746404156;1.0;0.9999744894387859;1.0;1.0000312409689776;0.9999999999999999;0.9999348444803533;0.9999374017885998;0.999938683922618;0.9999993429426742;0.9999993088602911;0.9999885391268983;0.9999999999999999;0.9999423909427347;0.9999383007772317;1.000233721021644;1.000255631149756;0.9999916033621128;0.9999506744023762;0.9999957677833555;0.9990108895492135;0.9985699407037589;0.9983600583881138;0.9983057988417842;0.9999874610615075;0.9975334380880245;0.9973003532900854;0.998764710529783;0.9992936856265714;1.0;0.9999999999999999;0.999990640105827;0.9999948895185801;0.9999918367631444;1.0;1.024999976158142;
2016-09-28 19:30:00;1.0;0.9999241094283006;0.9999999999999999;0.9999941320939943;1.0;0.9999928870208299;1.0002536536077018;0.9999513399706342;0.9999801224823105;1.0;0.9999710449741612;1.0;1.000031462257634;1.0;0.9999072679745581;0.9999113869128827;0.9999134636344891;0.9999990319532831;0.9999989951956273;0.9999892334371074;1.0;0.999938334463318;0.9999128497925773;1.0002376197907128;1.0002607168134683;0.9999903362174141;0.9999464444762769;0.9999962567336094;0.9988961429963317;0.9984064782321355;0.9981841791705791;0.9981261431905138;0.9999872200203578;0.997245499947869;0.9969798989569351;0.9986546764345767;0.9992313864222736;1.0;1.0;0.9999902708152392;0.9999939425747228;0.9999930843399607;1.0;1.024999976158142;
2016-09-28 19:45:00;1.0;0.9998802846948931;1.0;0.99998259377284;1.0;0.9999825052903893;1.0002683521977647;0.9998538533084678;0.9999653573509338;1.0;0.9999407995774613;1.0;1.0000329752655737;1.0;0.9997164526055629;0.9997206854975715;0.9997271798153707;0.999999080948257;0.9999989035249509;0.9999772886387316;1.0;0.9998948678197245;0.9997254080490817;1.0002483544139584;1.0002783155060075;0.9999738403137712;0.9999067440428131;0.9999907266599343;0.9991277985645274;0.9986829852963086;0.9984489084117881;0.9983572057800448;0.9999804382006287;0.997565877765218;0.9973455569958092;0.9987790959448439;0.9993026544862692;1.0;0.9999999999999999;0.9999853671442188;0.999985024635106;0.9999863133243553;1.0;1.024999976158142;
2016-09-28 20:00:00;1.0;0.9999069888747699;1.0;0.999991292610768;0.9999999999999999;0.9999890475158335;1.0002628068472683;0.9999339024392856;0.999971447824131;0.9999999999999999;0.9999619367714636;1.0;1.0000322326190916;0.9999999999999999;0.9998789760019827;0.999882598738884;0.9998851510217934;0.9999986796061306;0.9999986175158049;0.9999843673152287;1.0;0.9999194776693267;0.9998843874561693;1.0002458513635237;1.0002704669905713;0.9999863653375118;0.9999299333525037;0.9999942314000178;0.9989092162246964;0.9983973428432621;0.9981215694347851;0.9980207082892183;0.9999837533083923;0.99703751184993;0.9967894819991726;0.9985629117933307;0.9991798424937363;1.0;1.0;0.9999878336309282;0.9999914897962674;0.9999894927022228;0.9999999999999999;1.024999976158142;
2016-09-28 20:15:00;1.0;0.9998925833309616;1.0;0.9999889195571279;0.9999999999999999;0.9999859268363012;1.0002607349311856;0.9999172391056889;0.999964998917595;1.0;0.9999532315433499;0.9999999999999999;1.0000310121155567;1.0;0.9998511838702528;0.9998539542286206;0.9998569436729496;0.9999977755108695;0.9999976714144321;0.9999802762005731;1.0;0.9999021078306475;0.9998560017994265;1.000243519827873;1.000268828733232;0.9999823763195357;0.9999139922516448;0.9999925719789604;0.9991125356281207;0.9986551438887543;0.9983970434467633;0.9982864656634276;0.9999816194374322;0.9973977024258168;0.9971828282030941;0.9987498897159874;0.9992860001414096;1.0;1.0;0.9999864017229297;0.9999885606171849;0.9999865815155414;1.0;1.024999976158142;
2016-09-28 20:30:00;1.0;0.9998951177902168;1.0;0.9999891145405284;1.0;0.9999862118116066;1.000260608099329;0.999919094191878;0.999965734791049;1.0;0.9999545129523837;1.0;1.000031214297968;1.0;0.9998543310112982;0.9998571682284473;0.9998601153195648;0.9999979900740942;0.999997882396944;0.9999807480647707;1.0;0.9999048578991191;0.9998591996222993;1.0002434331123033;1.0002686322889014;0.999982868549503;0.9999165682039362;0.9999927179666275;0.999130275652493;0.998649003051629;0.9983990670785742;0.9982774880604867;0.9999818942323364;0.99732155863817;0.997080675459265;0.9987719566522028;0.999298862894799;1.0;1.0;0.9999865914953834;0.9999890069255989;0.9999869022410794;1.0;1.024999976158142;
2016-09-28 20:45:00;1.0;0.9998832459508575;1.0;0.999990488207975;1.0;0.9999881894947904;1.0002602589508283;0.9999232853673062;0.9999679169834568;1.0;0.9999540232846912;1.0;1.0000312484266285;1.0;0.9998563411190401;0.9998617930170917;0.9998648939787748;0.9999980482413354;0.9999979443983577;0.9999823889190037;0.9999999999999999;0.9999020193499127;0.9998639419066973;1.000243245397963;1.0002681480056248;0.9999842056881931;0.999914453707052;0.9999937564085589;0.9991928394822432;0.9987393797823656;0.9984718883316861;0.9983393174694928;0.9999804802350942;0.9974105294317117;0.9972049350888281;0.9988004332692557;0.9993143630007526;1.0;0.9999999999999999;0.9999852447338071;0.9999897822262883;0.9999884971074303;1.0;1.024999976158142;
2016-09-28 21:00:00;0.9999999999999999;0.9998648009981924;1.0;0.9999895780123298;0.9999999999999999;0.9999863745028296;1.0002616799174444;0.9999177764871428;0.9999620648414178;1.0;0.9999470159622793;1.0;1.000030566574881;1.0;0.9998490580139795;0.9998548024878883;0.9998579216001392;0.9999971810804539;0.9999970481172622;0.9999794120313794;1.0;0.9998845857664179;0.9998569039642642;1.00024459875144;1.000269748913532;0.9999821622148499;0.9998989845011541;0.9999927891142127;0.9991719359342469;0.998711484737313;0.9984841263841464;0.9983766508178147;0.9999775610924194;0.9975032701148719;0.9972646435098399;0.9988331768589921;0.999333758463337;1.0;1.0;0.9999831033753178;0.9999879410235524;0.9999862901977439;1.0;1.024999976158142;
2016-09-28 21:15:00;1.0;0.9998698684727441;1.0;0.9999918092289279;0.9999999999999999;0.9999898714429095;1.0002562266529236;0.999925946910229;0.9999697427697056;1.0;0.9999513318205937;1.0;1.000029762741462;1.0;0.9998572207205185;0.999864342499493;0.9998674763252743;0.9999970600543749;0.9999969493497972;0.9999833656657955;1.0;0.9998944238382858;0.9998664463346669;1.0002395870985983;1.0002640899891453;0.9999844656803901;0.9999071378692196;0.9999946343720727;0.999238341408592;0.9988075425087034;0.9986033138723872;0.9985074252748923;0.9999797696688631;0.9977251621402236;0.9974959651058231;0.9989167136293888;0.9993808302451833;1.0;1.0;0.9999845232867373;0.9999890935324276;0.9999896105369681;1.0;1.024999976158142;
2016-09-28 21:30:00;0.9999999999999999;0.9998677641434791;1.0;0.9999924815049128;1.0;0.9999893060035171;1.000256241918978;0.9999320014994677;0.9999679254321332;1.0;0.9999473578575728;1.0;1.000026934248627;1.0;0.9998764777742226;0.9998807717674424;0.9998829962234592;0.9999941782921433;0.9999940395965169;0.9999817441639194;1.0;0.9998825646418508;0.9998820032655754;1.0002399631393903;1.000264337267833;0.9999828846270323;0.9998942930002745;0.9999943242302133;0.9992928649060691;0.9988839628226466;0.9986991423570731;0.9986129169338785;0.9999815402477539;0.9979029407554093;0.9976791179167627;0.9989853676591927;0.9994198039194906;1.0;1.0;0.9999861535543698;0.9999858142262862;0.9999880755632734;1.0;1.024999976158142;
2016-09-28 21:45:00;1.0;0.9998916912943374;1.0;0.9999934252478784;1.0;0.9999910898805271;1.0002496879501743;0.9999430924480193;0.9999731049344266;1.0;0.9999587887745114;1.0;1.0000287149066482;0.9999999999999999;0.99989442227115;0.999899250522059;0.9999013735088682;0.9999967857565202;0.9999967002220981;0.9999853337641249;1.0;0.9999083736487128;0.9999005900265826;1.0002339220764827;1.0002570434098457;0.9999869299425086;0.9999189602742804;0.9999952880827142;0.9993067906885182;0.9989119297673906;0.9987264102042408;0.9986418001996477;0.9999833890211439;0.9979574907158635;0.9977460540126989;0.9989988273560376;0.9994274264051414;1.0;1.0;0.9999874198220189;0.9999902030920016;0.9999904404769383;1.0;1.024999976158142;
2016-09-28 22:00:00;1.0;0.9998995820459494;1.0;0.9999929030967414;1.0;0.9999901121180053;1.0002477749287213;0.9999444937751031;0.9999716258491579;1.0;0.9999604948512626;0.9999999999999999;1.0000288197835254;1.0;0.9999008140391629;0.9999044276099531;0.9999063214840525;0.9999971305220482;0.9999970430837227;0.9999846566475488;1.0;0.9999119955628694;0.9999056224046787;1.0002321650506372;1.0002549859691237;0.9999869774229252;0.9999224270840896;0.9999947746987736;0.9993456061591873;0.9989770045029426;0.9988103738355708;0.9987403053041618;0.9999838494112238;0.9981300202389546;0.9979280618430378;0.9990658359475983;0.9994652459071574;1.0;1.0;0.9999879038770303;0.9999905175307384;0.9999896005478958;1.0;1.024999976158142;
2016-09-28 22:15:00;1.0;0.9998869228160867;1.0;0.9999917854357658;1.0;0.9999889051103296;1.0002498367747983;0.999934897932061;0.9999685264538318;1.0;0.9999556186542006;1.0;1.0000290077094263;1.0;0.9998818773697249;0.9998862986614059;0.9998886446651064;0.9999970859793851;0.9999969807495396;0.9999829065871801;1.0;0.9999021567289869;0.9998878236033939;1.0002338675295748;1.0002573014676681;0.9999852564715729;0.9999139320445725;0.999994131432861;0.9993560138213045;0.9989925134012176;0.9988263607320258;0.9987572230811086;0.999981698184186;0.998153888001822;0.9979559343310898;0.9990791957184906;0.9994730298117399;1.0;1.0;0.9999862517385001;0.9999895439933021;0.999988541482956;1.0;1.024999976158142;
2016-09-28 22:30:00;0.9999999999999999;0.9999076900952687;1.0;0.9999939856725144;0.9999999999999999;0.9999918666863925;1.000244809915538;0.9999498710579826;0.9999760090444653;1.0;0.9999645469935915;1.0;1.0000287664405092;1.0;0.9999077563393546;0.9999117387529319;0.9999135911747208;0.9999974490944135;0.9999973760372373;0.9999869752601838;1.0;0.9999214065352114;0.9999129253266948;1.0002294399691178;1.000251838411016;0.9999885791863959;0.9999306872776136;0.9999957017910391;0.999378024833246;0.9990177951035136;0.9988616697007595;0.9987937254003997;0.9999854894106547;0.9982162357101633;0.9980143209479303;0.9990995540197194;0.9994844783738047;1.0;0.9999999999999999;0.9999890400658626;0.9999916560216632;0.9999914110211139;1.0;1.024999976158142;
2016-09-28 22:45:00;1.0;0.9998798585617453;1.0;0.999992261906386;0.9999999999999999;0.9999900007988796;1.000245517794842;0.9999321949404735;0.9999705094251197;1.0;0.9999540051316302;1.0;1.000028130280645;1.0;0.999872271882565;0.999877946319015;0.9998806153787203;0.9999967765839849;0.999996682181817;0.999983750980993;0.9999999999999999;0.99989942868495;0.9998796876973898;1.0002296983826549;1.0002530242906194;0.9999851124366237;0.9999111734238537;0.9999947132047015;0.9994253664174015;0.999087109247118;0.9989380594152185;0.9988744678949318;0.9999814436098257;0.9983379974565953;0.9981499000078492;0.9991578542376979;0.9995174661259617;1.0;1.0;0.9999859113498829;0.9999892090728927;0.9999895751158594;1.0;1.024999976158142;
2016-09-28 23:00:00;1.0;0.9999186630795576;0.9999999999999999;0.9999952345998805;1.0;0.9999936480406217;1.0002390561813266;0.9999559106068385;0.9999809130805511;0.9999999999999999;0.999968234328618;1.0;1.000027598854269;0.9999999999999999;0.9999175128803387;0.9999208529450413;0.9999224821813159;0.9999970063396854;0.9999969485152345;0.9999891998786826;1.0;0.9999301379055544;0.9999218439647327;1.0002241227852222;1.0002459499129162;0.9999897168538755;0.9999375109690982;0.999996644994791;0.9994398802138577;0.9991237649137268;0.9989804705574411;0.998926148755114;0.9999883036757833;0.9984431562004781;0.9982700504750075;0.9991852720702626;0.9995329516089345;1.0;0.9999999999999999;0.9999911494172274;0.9999919043408434;0.9999931051452843;1.0;1.024999976158142;
2016-09-28 23:15:00;1.0;0.999905496311902;0.9999999999999999;0.9999948798308542;1.0;0.9999931624473112;1.0002411642917093;0.9999504166251197;0.9999789708316944;1.0;0.9999633163158798;1.0;1.000027112952614;1.0;0.9999064899216833;0.9999104598159594;0.9999123006619406;0.9999962620322677;0.999996187809711;0.9999879700833881;1.0;0.9999191383400866;0.9999115546327252;1.0002260150263713;1.000248320588054;0.9999882697154362;0.999927392411029;0.9999963809209671;0.9993786643465737;0.9990766095308092;0.9989436508374154;0.9989167253918859;0.9999868474095751;0.9984575703895782;0.9982895804786389;0.9991960493095798;0.9995391101149639;1.0;1.0;0.9999900206516092;0.9999904924042428;0.999992432102468;1.0;1.024999976158142;
2016-09-28 23:30:00;1.0;0.9999197016174086;1.0;0.9999948359952688;1.0;0.9999938958224962;1.0002376038665028;0.9999499281602918;0.9999825107423177;1.0;0.9999683597385013;1.0;1.0000278345694547;1.0;0.9999027928119024;0.9999066767574712;0.9999087661762801;0.9999974661148464;0.9999974137272531;0.9999897376035186;1.0;0.9999330553618999;0.9999080392167594;1.0002224863892262;1.0002446015998476;0.9999893866841825;0.9999401550557362;0.9999967773332226;0.9993668670254352;0.9990609371360445;0.9989322206116507;0.9989077241783663;0.999988527600905;0.9984464460975878;0.9982723523999033;0.9991917648882311;0.9995369378899699;0.9999999999999999;1.0;0.9999912428055705;0.9999921121422517;0.9999937853065571;0.9999999999999999;1.024999976158142;
2016-09-28 23:45:00;1.0;0.9999501167285149;1.0;0.9999963103251727;0.9999999999999999;0.9999950472361094;1.00022626502013;0.9999695309991273;0.9999862925177588;1.0;0.9999795021649142;1.0;1.000027274922086;0.9999999999999999;0.9999449087413284;0.9999464385105226;0.9999474900441263;0.9999982950177512;0.9999982720342756;0.9999922825943772;1.0;0.9999553792575211;0.9999470940502904;1.0002123212875467;1.000232424134989;0.9999929582119844;0.9999602601123453;0.9999973973066115;0.9995001482694154;0.9992097583079117;0.9990989011280379;0.9990592871046268;0.999992394115499;0.9986328427137534;0.9984596929528888;0.999298967620366;0.9995972879976754;1.0;1.0;0.9999943251065785;0.9999947480004364;0.9999948498381174;1.0;1.024999976158142;
2016-09-29 00:00:00;1.0;0.9999565971979916;1.0;0.9999974586766648;1.0;0.9999962572615158;1.0002237168533177;0.9999792245177757;0.9999884323276439;1.0;0.9999834993105103;1.0;1.0000272880627536;1.0;0.999963035914457;0.9999647120790021;0.9999653923216512;0.9999985983695934;0.9999985836475926;0.9999938529541318;1.0;0.9999623658154502;0.9999651152057795;1.0002101971274462;1.000229533408299;0.9999948845428538;0.9999667442207829;0.9999980355131448;0.9995154902368464;0.9992251631204379;0.9991089340944086;0.9990620693112883;0.9999932282092987;0.9986274008349831;0.9984578910781263;0.9992976885747152;0.9995967743413786;0.9999999999999999;1.0;0.9999949081162531;0.9999960483089019;0.9999958339412023;0.9999999999999999;1.024999976158142;
2016-09-29 00:15:00;1.0;0.9999658636525874;1.0;0.9999969119738668;1.0;0.9999960829973039;1.000222541513636;0.9999746838747849;0.9999900990689592;1.0;0.9999848952817079;1.0;1.0000272931999608;1.0;0.9999540334045864;0.9999547646726955;0.999955654594596;0.9999987867403721;0.9999987737025452;0.9999941798286076;1.0;0.9999683809774225;0.9999553355629056;1.000208855490608;1.0002284904902488;0.999994375515272;0.999971671715448;0.9999979450555658;0.9995317261214727;0.9992493270375182;0.9991353605750004;0.9990897472320248;0.999994847899233;0.9986793911130208;0.9985150807780406;0.9993103854186751;0.9996035692850305;1.0;1.0;0.9999961940793262;0.9999959307999232;0.9999961347945511;1.0;1.024999976158142;
2016-09-29 00:30:00;1.0;0.9999451127160865;1.0;0.9999962930345978;1.0;0.9999948063168665;1.0002246546740914;0.999969230734298;0.9999851325692715;1.0;0.9999777198858631;1.0;1.0000266926598722;1.0;0.999945047498391;0.9999466632799705;0.999947664396144;0.9999979135569123;0.9999978857319114;0.9999916925911814;1.0;0.9999506639537867;0.9999472549118189;1.0002108473690101;1.0002308117077006;0.9999925400611537;0.9999559447097652;0.9999972686468502;0.9995888170747853;0.999330078234547;0.9992184366155537;0.9991732593178365;0.9999917916648606;0.9987922350602008;0.9986463658457583;0.9993742446599039;0.9996403039949137;1.0;1.0;0.99999388000722;0.9999942004949771;0.9999944201044789;1.0;1.024999976158142;
2016-09-29 00:45:00;1.0;0.9999549430076334;1.0;0.9999970821659074;0.9999999999999999;0.9999957926056968;1.0002215083714259;0.9999761762932026;0.9999876985646551;1.0;0.9999819972040748;1.0;1.0000267092615758;1.0;0.9999578942188347;0.9999592553882348;0.9999600057478666;0.9999983133390229;0.9999982922640792;0.9999932355355099;1.0;0.9999596277594547;0.9999596902146728;1.0002080390435133;1.0002273913914677;0.9999941039015396;0.9999640366728251;0.9999977884946806;0.9996413516723867;0.9994066663865747;0.9992994807566161;0.9992559009722145;0.9999931844136868;0.9989191002605035;0.9987906567683409;0.9994286624943827;0.9996705976952662;1.0;1.0;0.9999949159526118;0.9999953848490318;0.9999954120965994;1.0;1.024999976158142;
2016-09-29 01:00:00;1.0;0.9999610821861002;1.0;0.9999969943781357;1.0;0.9999957314776446;1.0002192755000172;0.9999770844070308;0.9999882190459118;0.9999999999999999;0.9999838030590236;1.0;1.0000267302850858;1.0;0.9999602636255397;0.9999611411906335;0.9999618392524248;0.9999986227639482;0.9999986056002033;0.9999935038941086;1.0;0.9999641052980455;0.9999615591626888;1.0002059288147391;1.000225056187305;0.9999944232216854;0.9999681077079935;0.999997758642995;0.9996726880634054;0.9994543461912448;0.9993345956348334;0.999284016521531;0.9999938624994169;0.9989543451653582;0.9988482130632067;0.9994425247471115;0.9996788399915905;1.0;1.0;0.9999954653595068;0.9999958183303317;0.9999955056275738;1.0;1.024999976158142;
2016-09-29 01:15:00;1.0;0.9999610476841954;0.9999999999999999;0.999997499131941;1.0;0.9999963829758923;1.0002166811136008;0.9999785128941874;0.9999896386389145;1.0;0.9999837206128589;1.0;1.000025903931014;1.0;0.9999621737797293;0.999962994238162;0.9999636277150136;0.9999981234046762;0.9999981065715798;0.9999940586473651;1.0;0.9999638525939156;0.9999633295925712;1.0002035276062422;1.0002224592931068;0.9999944892345248;0.9999673483600089;0.9999981005846921;0.9997158529070868;0.9995178512310351;0.9994088196723575;0.9993640073468011;0.9999945614490552;0.9990828724355837;0.9989868678599967;0.9994969166512617;0.999709274505304;1.0;1.0;0.9999959763893976;0.9999954352924159;0.9999960033553384;1.0;1.024999976158142;
2016-09-29 01:30:00;1.0;0.9999579514264614;1.0;0.9999967353861307;1.0;0.9999956260580152;1.000217334021424;0.9999737004964678;0.9999880311858156;1.0;0.9999826351559732;1.0;1.0000265016097003;1.0;0.9999526732992304;0.9999539327618712;0.9999548392741905;0.9999986581008774;0.9999986416590709;0.9999933053972943;1.0;0.9999622741935068;0.9999545068617595;1.0002039938255072;1.0002231516638604;0.9999939809292876;0.9999665020326607;0.9999977039744552;0.9996949183136398;0.9994830725151296;0.9993743968936225;0.9993279635540839;0.9999934305915648;0.9990277692053986;0.998919775478697;0.9994717859980946;0.9996954070165505;1.0;1.0;0.9999951061882533;0.9999956082398498;0.9999954971466969;1.0;1.024999976158142;
2016-09-29 01:45:00;1.0;0.9999564328614297;1.0;0.9999968541683305;1.0;0.9999958249732908;1.0002159743626189;0.9999737441541869;0.9999882785639811;1.0;0.9999824027281855;1.0;1.0000262938259914;1.0;0.9999520448665314;0.9999535746466429;0.9999545149241362;0.9999986243278844;0.9999986065697094;0.9999934505732203;1.0;0.9999616954236765;0.9999541712670724;1.0002027155865825;1.0002217651549887;0.9999940328171889;0.9999659829993969;0.9999978073118583;0.9997803999344208;0.9996103045968444;0.9994999061261033;0.9994530582385922;0.999993293081302;0.9992205089190683;0.9991491475721681;0.9995499507869811;0.9997396530023734;0.9999999999999999;1.0;0.9999949732017026;0.9999956079978974;0.9999956638404843;1.0;1.024999976158142;
2016-09-29 02:00:00;1.0;0.9999590049691327;1.0;0.9999963207655996;1.0;0.9999953622790139;1.0002142712529198;0.999969694580233;0.9999882483415139;1.0;0.9999819806169449;0.9999999999999999;1.0000260173682762;1.0;0.9999447298893913;0.9999456934529892;0.9999467751237712;0.9999985876332744;0.9999985699473323;0.9999930962630111;1.0;0.9999623168117745;0.9999463917229202;1.0002009605703188;1.0002201545048777;0.9999933127224953;0.9999662706880758;0.9999975651414434;0.9998095584003729;0.999654327320987;0.9995408725695988;0.9994924938974894;0.9999937984535862;0.9992773382331813;0.999220655465643;0.9995754019021641;0.9997539233319223;1.0;1.0;0.9999954084308901;0.9999951867471291;0.9999954351927465;1.0;1.024999976158142;
2016-09-29 02:15:00;1.0;0.9999685032692825;1.0;0.9999980087461824;0.9999999999999999;0.9999969095501154;1.0002121236771218;0.9999836999429432;0.9999911212006535;1.0;0.9999866043343469;1.0;1.0000254950217766;0.9999999999999999;0.9999726307640899;0.9999729866997878;0.9999733759074835;0.9999982826893348;0.9999982688495646;0.9999949439252878;1.0;0.9999697194088497;0.9999731531693392;1.0001993656462558;1.0002176599676982;0.9999954714247032;0.9999725545336737;0.9999983777330287;0.9998293761852775;0.9996851691195785;0.9995782053608342;0.9995339114772345;0.9999956559825364;0.9993439624239038;0.9992923244265949;0.9996049934582144;0.9997708816375647;1.0;1.0;0.9999968236126584;0.9999961019137763;0.9999964997787414;1.0;1.024999976158142;
2016-09-29 02:30:00;0.9999999999999999;0.9999633976443866;1.0;0.9999980914144159;1.0;0.9999974210599516;1.0002121144237344;0.9999808933034697;0.9999919947799586;1.0;0.9999856253093319;1.0;1.0000255991549045;1.0;0.9999640890473336;0.999965510654216;0.9999661994806365;0.999998402151659;0.9999983883983609;0.9999953663370565;1.0;0.9999683000139731;0.9999659063505597;1.000199249634095;1.0002177173765427;0.9999953973063873;0.9999713914168127;0.9999986453934839;0.99984446920136;0.9997050384511784;0.9995964312711304;0.9995500797825938;0.9999950716601502;0.9993618416497876;0.9993153407465933;0.9996172278335583;0.9997774211715159;1.0;1.0;0.9999962689366519;0.9999961621244488;0.9999970856702859;1.0;1.024999976158142;
2016-09-29 02:45:00;1.0;0.9999642130449757;1.0;0.9999977714264968;1.0;0.9999977994273062;1.0002112448475364;0.9999753695870798;0.999993764368168;0.9999999999999999;0.9999859844642419;0.9999999999999999;1.0000260000617502;1.0;0.9999498043579148;0.9999519641027979;0.9999531248897238;0.9999989507448491;0.99999893972657;0.9999960561107878;1.0;0.9999716433818178;0.9999527461474828;1.000198171066933;1.0002169414622382;0.9999952340610184;0.9999745060981416;0.9999988443778994;0.9998652483039979;0.9997361787159411;0.9996253008645277;0.9995777696689369;0.9999951989863102;0.9994079644021845;0.9993717992693123;0.9996307361654557;0.999785371308807;1.0;1.0;0.999996268326772;0.9999965344897133;0.9999978974723933;1.0;1.024999976158142;
2016-09-29 03:00:00;1.0;0.9999725422066985;1.0;0.999997706430253;0.9999999999999999;0.9999972201435343;1.0002092969843648;0.9999806814362509;0.9999926435343208;0.9999999999999999;0.9999887375934617;1.0;1.0000261959486845;1.0;0.999963683834946;0.999964819283153;0.9999655916101526;0.9999993735924679;0.999999366093341;0.9999958155976543;1.0;0.9999764310256039;0.9999653446389699;1.0001965131913442;1.000214724735378;0.9999960058400844;0.9999791920564131;0.999998542883605;0.9998653219738876;0.9997378007092295;0.9996345731933108;0.9995917413554274;0.9999956331590074;0.9994309403199293;0.9993909838497477;0.9996447936284584;0.999793450738971;1.0;1.0;0.9999967095939821;0.9999973080337969;0.9999973008518714;1.0;1.024999976158142;
2016-09-29 03:15:00;1.0;0.9999811635390249;1.0;0.9999977578670312;1.0;0.9999971551402504;1.00020842647177;0.9999843086229541;0.9999930583610752;1.0;0.9999916891475723;0.9999999999999999;1.0000265585007642;1.0;0.9999721664033867;0.999972627286038;0.9999731961711177;0.9999998378221839;0.9999998347369433;0.999996199596983;1.0;0.9999827408172435;0.9999730352326666;1.0001957738076441;1.000213682044044;0.9999967921169924;0.9999850744903739;0.999998511022702;0.9998252728787048;0.9996792595234166;0.9995684031842058;0.9995209838485901;0.9999964368582998;0.9993190844317819;0.9992685113608736;0.9995960837621372;0.9997655773041737;1.0;1.0;0.9999973734584037;0.9999981244235536;0.9999973446208391;0.9999999999999999;1.024999976158142;
2016-09-29 03:30:00;1.0;0.9999752545530131;1.0;0.9999973171729741;1.0;0.999996626318241;1.0002088792944088;0.9999806101643437;0.9999915250639441;1.0;0.9999894998393841;1.0;1.0000265551958274;1.0;0.9999650459031332;0.9999658631182109;0.9999665958999786;0.9999997872351906;0.9999997830211129;0.9999953880800361;1.0;0.9999780603856611;0.99996638832691;1.0001961193556759;1.0002142215530807;0.9999960795641397;0.9999810372602296;0.9999982337013085;0.9998195703041474;0.9996724707122355;0.9995647911769552;0.9995201201515514;0.9999954161768089;0.9993205129838912;0.9992668991984365;0.9995973068408677;0.9997664078354523;1.0;0.9999999999999999;0.9999965930310851;0.9999976954655693;0.999996828148825;1.0;1.024999976158142;
2016-09-29 03:45:00;1.0;0.9999679141001679;1.0;0.9999974030090808;1.0;0.9999965753273302;1.0002101219937163;0.9999802474468348;0.9999904416766814;1.0;0.9999874593372358;1.0;1.000026417965806;0.9999999999999999;0.9999641333918159;0.999965494569709;0.9999662381201656;0.9999994838825326;0.9999994773044049;0.9999949292088142;1.0;0.9999725989127581;0.999966006447028;1.0001973323616282;1.0002155135187372;0.9999957890440729;0.9999761993853971;0.9999982059904041;0.9998187065069415;0.9996697361307312;0.9995584805661918;0.9995113049454201;0.9999944262715471;0.9993106908848969;0.9992578876205463;0.9995858574363651;0.9997597922225864;1.0;1.0;0.9999958112852859;0.9999972830896385;0.9999965588876644;1.0;1.024999976158142;
2016-09-29 04:00:00;1.0;0.9999667918651896;1.0;0.9999976353323967;1.0;0.9999969052289738;1.0002109363273675;0.9999810404304603;0.9999909528420677;1.0;0.9999874985355827;1.0;1.0000264858214558;1.0;0.9999648165680356;0.9999664737282906;0.9999672244222668;0.9999994440601769;0.9999994362401565;0.9999952292734154;1.0;0.9999724879067087;0.9999669880789875;1.0001981207905148;1.0002163361466112;0.9999959848658964;0.9999760863319638;0.9999983778454814;0.9998288462821486;0.9996858384673645;0.9995771588577267;0.9995322680546543;0.9999943879190387;0.9993518680052822;0.999302401931362;0.9995960426822028;0.9997656924269243;1.0;1.0;0.9999957465725817;0.9999973556625175;0.9999968340012587;1.0;1.024999976158142;
2016-09-29 04:15:00;1.0;0.9999675896249036;1.0;0.9999976258087244;1.0;0.9999974503878125;1.0002115047387168;0.9999764521762233;0.999993236182329;1.0;0.9999867505902614;1.0;1.0000261300653648;1.0;0.9999534981558433;0.9999551172086889;0.9999561525603687;0.9999990426895949;0.9999990321614994;0.9999958228266308;0.9999999999999999;0.9999731401489971;0.9999558132408503;1.0001984512303808;1.0002171610872954;0.9999953036933665;0.9999758998284011;0.9999986618806236;0.9998247187145961;0.9996807171653469;0.9995727650595949;0.9995289481121762;0.9999954588996748;0.9993398286062399;0.9992890458291646;0.9996001110960903;0.9997677814958784;1.0;1.0;0.9999965234090301;0.9999966494092598;0.9999975741390105;1.0;1.024999976158142;
2016-09-29 04:30:00;1.0;0.9999828995936034;0.9999999999999999;0.999998845682543;1.0;0.9999985494142037;1.000208237679451;0.9999899237910088;0.9999957692625022;0.9999999999999999;0.9999934668644614;1.0;1.000026331265881;0.9999999999999999;0.9999808767095392;0.9999817385306936;0.9999821498766853;0.9999996140815752;0.9999996108662337;0.9999976849554297;1.0;0.9999858492501761;0.9999820146671893;1.0001957439818268;1.0002134078052063;0.9999978769030319;0.9999875609019351;0.9999992408591105;0.999826804815705;0.9996852695087373;0.9995743244963256;0.9995286303868115;0.999997297844893;0.9993313561620941;0.9992846476924353;0.9996028490433099;0.9997695442295547;0.9999999999999999;1.0;0.9999979439315834;0.999998524953965;0.9999985158377995;1.0;1.024999976158142;
2016-09-29 04:45:00;1.0;0.9999813743570507;1.0;0.9999982081681329;1.0;0.9999979454807723;1.0002074339856253;0.9999852202457735;0.9999948288585285;1.0;0.9999923053360127;1.0;1.0000263805652971;1.0;0.9999718351523403;0.9999727160479507;0.999973346941265;0.9999997872351906;0.999999784441302;0.9999970617829862;1.0;0.9999843969017883;0.9999731661542192;1.0001948367112063;1.0002126781201839;0.9999971732035781;0.9999863824616615;0.9999989248600551;0.9998517490433483;0.9997180907312749;0.9996148583144377;0.9995716573749124;0.999996853431692;0.9994037110305473;0.9993585728069114;0.9996291336078998;0.9997838450576036;1.0;1.0;0.999997621171346;0.9999982887283041;0.9999981213846744;1.0;1.024999976158142;
2016-09-29 05:00:00;1.0;0.9999823193341476;1.0;0.9999985044456746;1.0;0.9999982943276807;1.0002093867693451;0.9999870560483275;0.9999955300013129;1.0;0.9999928917203178;1.0;1.0000265658464578;1.0;0.9999750381860552;0.9999759413493243;0.9999765021139685;0.9999997151991685;0.9999997114368023;0.9999974471707044;1.0;0.9999854136746201;0.9999763347126983;1.0001967234989257;1.000214649610945;0.9999974822065644;0.9999871984180351;0.999999106840143;0.9998408512860356;0.9997005980899032;0.9995906929479207;0.9995433099644645;0.9999971512487124;0.99937140508283;0.9993251291010116;0.9995979763461521;0.9997667855838921;1.0;1.0;0.9999978330752438;0.9999983957277799;0.999998404762208;1.0;1.024999976158142;
2016-09-29 05:15:00;1.0;0.9999769155124386;1.0;0.9999974933493576;0.9999999999999999;0.9999975651479862;1.0002102354529816;0.9999771007589957;0.9999945984680267;1.0;0.999989915855631;1.0;1.0000267024848166;1.0;0.9999544058774743;0.9999556843611134;0.9999567623248311;0.9999997872351905;0.9999997823852523;0.9999965614129899;1.0;0.9999813110371035;0.9999564640047526;1.000197196805928;1.000215774202896;0.9999959838618295;0.999983492103259;0.9999987244616552;0.9998235066502699;0.999681411449339;0.9995700168300501;0.9995250795796897;0.9999963841104257;0.9993436169432539;0.9992967881396746;0.9995895593829123;0.9997618071256715;1.0;1.0;0.9999972330513283;0.9999976436535442;0.9999980339678479;0.9999999999999999;1.024999976158142;
2016-09-29 05:30:00;1.0;0.9999693266792009;1.0;0.9999985629800899;0.9999999999999999;0.9999982326551459;1.0002118923178915;0.9999856842933849;0.999993716382757;1.0;0.9999896709538318;1.0;1.0000266912135698;1.0;0.9999712193227779;0.9999734172156387;0.9999740999154896;0.9999995129640783;0.9999995070533022;0.9999967771725413;1.0;0.9999769026244779;0.9999738862784906;1.0001991199862827;1.000217219706268;0.9999971402244621;0.9999799480407988;0.9999990735651394;0.9998139157319164;0.9996672503646047;0.9995488409781339;0.9995000969902376;0.9999951396248999;0.9993134600454379;0.9992674571274003;0.9995630943380819;0.9997469558774601;1.0;1.0;0.9999962207695616;0.9999980402552737;0.9999980655972805;1.0;1.024999976158142;
2016-09-29 05:45:00;1.0;0.9999790379468646;1.0;0.9999982539164;1.0;0.9999977527025987;1.0002144992470348;0.9999863618271164;0.9999938593119864;1.0;0.9999916365376451;1.0;1.0000271403061436;1.0;0.9999750167483299;0.9999758753187468;0.999976395985418;0.9999996232585214;0.9999996200013456;0.9999966768337896;1.0;0.9999819884758917;0.9999762326795069;1.0002015632328602;1.0002198772935724;0.9999971250085672;0.9999842803594191;0.9999988239880634;0.9997182711283499;0.9995652058611394;0.9994402741799026;0.9994070495945296;0.9999964341652394;0.9992224705920946;0.9991756028294309;0.9994895933638631;0.9996900172738814;1.0;1.0;0.9999973217157679;0.9999981249647653;0.9999977692934631;1.0;1.024999976158142;
2016-09-29 06:00:00;1.0;0.9999742278537045;1.0;0.9999976325491265;0.9999999999999999;0.9999971726300619;1.0002298526065707;0.9999805673390169;0.9999927634721464;1.0;0.9999892212405441;1.0;1.0000289755011795;1.0;0.9999635497598495;0.9999645769411346;0.9999653589477069;0.9999995037915089;0.9999994974623505;0.9999958734502574;1.0;0.9999777561823857;0.9999651185604786;1.0002158445475018;1.0002357545183298;0.9999960664970099;0.9999804255298438;0.9999985185757566;0.9995049838744816;0.9993049625327752;0.9991178072302006;0.9990776052494078;0.9999957842796033;0.9987424536029449;0.9986979741462443;0.9992546583329891;0.9995325005839663;0.9999999999999999;1.0;0.999996832097421;0.9999974503799276;0.9999973233047735;1.0;1.024999976158142;
2016-09-29 06:15:00;1.0;0.9999727639590283;1.0;0.9999983103852079;0.9999999999999999;0.9999978037967259;1.0002339506502393;0.9999855834220327;0.9999932218685224;1.0;0.9999900892230432;1.0;1.000029534154908;1.0;0.9999726591294785;0.9999741889411269;0.9999747869234801;0.9999995113762922;0.999999505284147;0.999996446267861;1.0;0.9999780266072225;0.9999745954470707;1.0002198781801652;1.0002398015195038;0.9999969591129333;0.9999808721344187;0.9999988490404036;0.9994470404148642;0.9992295681384619;0.999021582204217;0.9989748420620771;0.9999955304590332;0.9985627862040676;0.9985176859609322;0.9991960587037844;0.9994913570410142;0.9999999999999999;1.0;0.9999965861763094;0.9999979407045714;0.9999976993558929;1.0;1.024999976158142;
2016-09-29 06:30:00;0.9999999999999999;0.9999600103317081;1.0;0.9999971142505014;1.0;0.9999969029039516;1.0002323185420572;0.9999735255371147;0.9999910993215841;0.9999999999999999;0.9999854586180327;1.0;1.0000295510139587;1.0;0.999946824456823;0.9999497000245499;0.9999509954699239;0.9999997872351908;0.9999997768708742;0.9999951465451854;1.0;0.999969896588309;0.9999506399747426;1.0002179830791604;1.0002383771443804;0.9999952785515897;0.9999740308449611;0.99999837446782;0.9995337332962672;0.9993547352326441;0.9991972601596336;0.9991786988937194;0.9999933388103039;0.9989361753419558;0.9988897555662959;0.9993212285911003;0.999554274997417;1.0;1.0;0.9999948376996101;0.9999972602273702;0.9999971346243172;1.0;1.024999976158142;
2016-09-29 06:45:00;1.0;0.9999701091675937;1.0;0.9999981396248194;1.0;0.9999976954973249;1.0002341745447703;0.999982740937801;0.9999931132515749;1.0;0.9999886078842075;1.0;1.000029243861103;1.0;0.9999668215244192;0.9999683611633688;0.9999690757409946;0.999999203566618;0.9999991950477816;0.9999961610302679;1.0;0.9999753695069943;0.9999688320306513;1.0002200075629362;1.0002401545881996;0.9999963268464437;0.9999782033508585;0.9999987912681556;0.9994464961340028;0.9992345314639408;0.9990691389685181;0.9990501592644204;0.9999954792868299;0.9987590806996038;0.9986902098354512;0.999225725795734;0.9994999106879126;0.9999999999999999;1.0;0.9999965480542831;0.9999973392604352;0.9999976022569126;0.9999999999999999;1.024999976158142;
2016-09-29 07:00:00;1.0;0.9999638254424286;1.0;0.9999970960749544;1.0;0.9999965705928224;1.000242151491771;0.9999752470119723;0.9999906916123689;1.0;0.9999857882476423;1.0;1.0000304703030922;1.0;0.999952617238457;0.9999544810864301;0.9999555373494782;0.9999994333237986;0.9999994230169919;0.9999948145622956;1.0;0.9999702448025298;0.9999552199208602;1.0002273068333523;1.0002484493338886;0.9999951104200698;0.9999739808902698;0.9999982010666093;0.9992681298382886;0.9990367877840078;0.9988438353804328;0.9988418851139865;0.9999940780108713;0.9985399049706523;0.998473967736418;0.9990486533916305;0.9994017442210076;0.9999999999999999;1.0;0.9999954972673069;0.9999968721404605;0.9999967100332647;1.0;1.024999976158142;
2016-09-29 07:15:00;1.0;0.9998656414608177;1.0;0.9999896506343192;1.0;0.999987066373663;1.000277347511778;0.9999139005852569;0.9999646075915218;1.0;0.9999466887278468;1.0;1.0000323170243046;0.9999999999999999;0.9998385760339351;0.9998445146299244;0.999847929019182;0.9999969314156988;0.9999967827417688;0.999980222833201;0.9999999999999999;0.9998860751694122;0.9998468162550664;1.0002591552525142;1.00028599038391;0.9999817277197115;0.9998996866918111;0.9999931408802405;0.9989645163911616;0.9986763819045699;0.9984787092083294;0.9985239908391069;0.9999785379681806;0.9981182565819716;0.9980090848746106;0.998866496872609;0.9993002975803215;1.0;1.0;0.9999837833516309;0.9999874948453606;0.9999872046645412;1.0;1.024999976158142;
2016-09-29 07:30:00;1.0;0.9998178806796186;1.0;0.9999919335191985;1.0;0.9999895362377837;1.0002886343670543;0.9999256755239186;0.999961027606986;1.0;0.9999425371395818;1.0;1.0000355020511775;1.0;0.9998500842048166;0.9998644971724748;0.9998682084101373;0.9999985845056313;0.9999984173513705;0.999981221424344;0.9999999999999999;0.9998675012560524;0.9998671334935263;1.0002703797470565;1.000296740747218;0.9999853955766272;0.9998869970827489;0.9999944218386696;0.9987740469237386;0.9984022594128694;0.9982015475262889;0.9982499069565846;0.9999691490286114;0.9977240962112908;0.9975469431438281;0.9986798743716186;0.999194224863765;1.0;1.0;0.9999759533878567;0.9999908642830875;0.9999884689568961;1.0;1.024999976158142;
2016-09-29 07:45:00;1.0;0.9997951132820929;1.0;0.9999926039934779;1.0;0.9999906172293692;1.0002871835187617;0.999926305343895;0.9999598788060416;1.0;0.9999399120834925;0.9999999999999999;1.0000362243558742;1.0;0.999844570933337;0.9998631349769056;0.999867283169032;0.9999994838825328;0.9999993097408327;0.9999816915692342;1.0;0.999859037730763;0.999866156430765;1.0002691063894813;1.0002950133303303;0.999986556019842;0.9998811711685713;0.9999949829438967;0.9989630872904858;0.9986840144107088;0.9984859405938803;0.9985378044822957;0.9999648223068017;0.9981723074974774;0.9980715870660336;0.9988620018778946;0.9992794469869414;1.0;1.0;0.9999723143130143;0.9999922451976047;0.9999892420449596;1.0;1.024999976158142;
2016-09-29 08:00:00;1.0;0.9999114751805012;1.0;0.9999920007192807;1.0;0.9999902450733447;1.0002767567705158;0.9999383104412202;0.999974077307816;1.0;0.9999653946508977;0.9999999999999999;1.0000348129197951;1.0;0.9998843970016059;0.9998889074820524;0.9998914898536869;0.9999994424963209;0.999999382107278;0.9999860656882983;0.9999999999999999;0.9999269970567246;0.9998907718619722;1.0002590531041224;1.000284547870593;0.9999879588510019;0.9999371594815416;0.9999948580284291;0.998862918305948;0.998540779571194;0.998307066261697;0.9983374913840387;0.999984134534568;0.9979084373615059;0.9977963135707845;0.9986780054753671;0.9991790176401808;1.0;1.0;0.9999879973212129;0.9999929934243059;0.9999907969550407;0.9999999999999999;1.024999976158142;
2016-09-29 08:15:00;1.0;0.9999376431200483;1.0;0.999994793301936;0.9999999999999999;0.9999936343966537;1.0002681030347758;0.9999596526465182;0.9999823129965366;1.0;0.9999767183154731;1.0;1.0000341633798604;1.0;0.9999236727669434;0.9999273212497436;0.9999290730362872;0.9999998378221839;0.9999998117378954;0.999990758593988;1.0;0.9999502034596562;0.9999286011175315;1.0002514077536495;1.0002752045464869;0.9999922812469413;0.9999574688241043;0.9999966536610316;0.9989461517139916;0.9986393874055057;0.9984291594048892;0.9984596923986355;0.9999886514746247;0.9980724230247684;0.9979570939843124;0.9987711848707328;0.9992252693569255;0.9999999999999999;1.0;0.9999913617420946;0.9999956747443823;0.9999939225965524;1.0;1.024999976158142;
2016-09-29 08:30:00;1.0;0.9999528031255651;1.0;0.9999944826038171;1.0;0.9999933426667894;1.000272152944328;0.999959379527606;0.9999839576921273;0.9999999999999999;0.999979451512968;1.0;1.0000345481258448;1.0;0.9999256345977164;0.9999272247641443;0.99992882465862;0.9999997151991683;0.9999996937780925;0.9999910575408488;0.9999999999999999;0.9999582832441023;0.9999283840746505;1.0002551289658115;1.0002794469814982;0.9999920435637829;0.999963911437624;0.999996503948683;0.9989134931862405;0.9985960251666427;0.9983665515535622;0.9983890088115648;0.999991280541458;0.9980441729752684;0.9979337080309291;0.9986618643065541;0.9991578676788545;1.0;0.9999999999999999;0.9999935148034989;0.9999954439017601;0.9999939500916533;1.0;1.024999976158142;
2016-09-29 08:45:00;1.0;0.9999192474000912;1.0;0.9999833799725952;1.0;0.9999852055425863;1.0002863424324868;0.9998545036339235;0.9999771366927935;1.0;0.9999516416134911;1.0;1.0000359565837;1.0;0.999712412110638;0.9997144441008908;0.9997211791108864;0.9999997872351905;0.999999664122238;0.9999821397369262;1.0;0.9999262442973064;0.9997193935755155;1.0002649117101734;1.0002969118903786;0.9999754775306166;0.9999331397585752;0.9999921726988888;0.9989505266244475;0.9986372309364527;0.9984187755890446;0.998445239199459;0.9999877893635717;0.9980828791149919;0.9979681299827075;0.9987349486861795;0.9992010831441831;0.9999999999999999;1.0;0.9999909425921693;0.9999865143920393;0.9999901065082523;1.0;1.024999976158142;
2016-09-29 09:00:00;1.0;0.9999524992833461;1.0;0.9999946395213621;1.0;0.9999936220948762;1.0002709309814541;0.9999591709988696;0.9999846442559331;1.0;0.9999792267891394;1.0;1.0000341749257131;1.0;0.999924576456359;0.9999261888846618;0.9999278119202191;0.9999995022276024;0.9999994803467922;0.9999912901744548;0.9999999999999999;0.9999580511888025;0.9999273503209704;1.0002539626294238;1.0002782487143698;0.9999919589675077;0.9999634449808208;0.9999966503001603;0.9989648196601552;0.9986575223768374;0.9984531341405481;0.9984832259408659;0.9999915718164357;0.9981023785138712;0.9979834225385967;0.9987904468070177;0.9992274905230388;1.0;1.0;0.9999937220015442;0.9999952196341577;0.9999941997052729;1.0;1.024999976158142;
2016-09-29 09:15:00;0.9999999999999999;0.9999501734046928;1.0;0.9999940454505081;0.9999999999999999;0.9999923451538374;1.0002688738676044;0.9999587655116081;0.9999813604697607;1.0;0.9999777319229438;1.0;1.0000338211641957;1.0;0.9999275754469423;0.9999285612460561;0.9999300041926015;0.9999994026739879;0.9999993783860154;0.9999897439142158;0.9999999999999999;0.9999535569671245;0.9999295829583286;1.0002520950372658;1.0002761050217182;0.9999913513814228;0.9999596822750183;0.999995980658142;0.9989690040027718;0.9986664891874683;0.9984502450420117;0.9984743237185654;0.9999906617883763;0.9980621620020473;0.9979547010554022;0.998794394726728;0.9992327701535939;1.0;1.0;0.9999931444010176;0.9999948058615923;0.9999928052662883;1.0;1.024999976158142;
2016-09-29 09:30:00;1.0;0.9999648989755923;1.0;0.9999955177110621;1.0;0.9999949589249568;1.0002699020575951;0.9999644086646974;0.9999887985604503;1.0;0.9999834795067831;0.9999999999999999;1.0000340726704535;1.0;0.9999333331699255;0.9999342967225413;0.9999357437562835;0.9999995237048814;0.9999995094428862;0.9999932495664262;1.0;0.9999682108377548;0.9999353299328991;1.0002530591772927;1.0002771378291784;0.9999931701254684;0.9999719701320242;0.9999973548019442;0.9989662301354364;0.998661192218317;0.9984550038316445;0.9984845987749437;0.9999940476381379;0.9981042224244981;0.9979888283647055;0.9987911963645946;0.9992259502751072;0.9999999999999999;1.0;0.9999955880982028;0.9999958953755964;0.9999956181934441;1.0;1.024999976158142;
2016-09-29 09:45:00;1.0;0.9999524843223528;0.9999999999999999;0.9999943194366182;1.0;0.9999926090214257;1.0002845211117604;0.999961230838116;0.9999819437974962;1.0;0.9999787659753108;1.0;1.0000358448411673;1.0;0.9999324708065701;0.9999333325860068;0.9999346593589089;0.9999994134104282;0.9999993889575295;0.9999901112312632;1.0;0.9999554338892095;0.9999342694188191;1.0002668854236705;1.0002920644559723;0.9999917765490849;0.9999613344811771;0.9999961185102648;0.9987391539797159;0.9983271888324923;0.9981178649500898;0.9981483536616783;0.9999910407460115;0.9976146617815675;0.997412510246789;0.9985630979941377;0.9990793494078971;0.9999999999999999;1.0;0.9999934331218031;0.9999950452042313;0.9999930154942989;1.0;1.024999976158142;
2016-09-29 10:00:00;1.0;0.9999570799358038;1.0;0.9999965377450014;0.9999999999999999;0.9999955082006645;1.0002819263286842;0.9999741940958862;0.9999872457602874;1.0;0.9999839854856905;0.9999999999999999;1.0000358703974757;1.0;0.999952480528383;0.9999547419788405;0.999955786724535;0.9999997366764023;0.9999997261029785;0.999993438773146;0.9999999999999999;0.9999648722194913;0.9999554935925778;1.0002647728911556;1.0002890745490443;0.999994796652948;0.9999699473331123;0.9999976445865321;0.9987605826661337;0.9983658632123136;0.9981662929871385;0.9982053881688678;0.9999921535225226;0.9977026073262687;0.9975086956891538;0.9986104972808156;0.9990902151848644;1.0;1.0;0.9999940601132202;0.9999969562421978;0.9999955569826285;1.0;1.024999976158142;
2016-09-29 10:15:00;1.0;0.999916699750521;1.0;0.9999953186678452;1.0;0.9999927575151315;1.000289681241528;0.9999615526401983;0.9999776837665836;0.9999999999999999;0.9999674385000534;1.0;1.0000336646277497;1.0;0.9999334575607703;0.9999359256725194;0.9999370142317034;0.9999965374200411;0.9999964810426845;0.9999879019831545;0.9999999999999999;0.9999252150250172;0.9999364852776783;1.0002720532848635;1.0002976158238124;0.9999897587485483;0.9999332261275152;0.9999961805720947;0.9987631191842107;0.9983634573453408;0.9981515557297006;0.9981825064709146;0.9999876324720863;0.9976017961661369;0.9974113612940297;0.9986295559993829;0.9991048299104388;1.0;1.0;0.999990774640222;0.9999915334118178;0.9999917343170839;1.0;1.024999976158142;
2016-09-29 10:30:00;1.0;0.9998818675604461;1.0;0.9999968016416344;0.9999999999999999;0.9999958848436862;1.0003167552202852;0.9999365116017613;0.9999864648753061;0.9999999999999999;0.9999468561608242;1.0;1.0000287950605546;1.0;0.9998759815843511;0.9998774063110253;0.9998793375555544;0.9999883129369782;0.9999881406929052;0.9999879604841723;1.0;0.999886768643332;0.9998780104746251;1.000296811584456;1.0003274334656587;0.9999816645185257;0.9998906639166485;0.9999977564332763;0.9986171890558047;0.998146129639996;0.9978877153736957;0.9978965871889351;0.9999925627375689;0.9971868339879146;0.9969695245078407;0.9984050907732526;0.9989556306284907;1.0;1.0;0.9999944589029492;0.9999802335769198;0.9999938496206278;1.0;1.024999976158142;
2016-09-29 10:45:00;0.9999999999999999;0.9999373853613573;1.0;0.9999953955461759;1.0;0.9999934464713505;1.000298302410493;0.999966157932144;0.9999810794046327;1.0;0.9999757485374241;0.9999999999999999;1.0000368201483953;1.0;0.9999406738577321;0.9999429766272988;0.9999441060364137;0.9999985829417305;0.9999985532054582;0.9999900809639797;1.0;0.9999453221717333;0.9999437097566773;1.0002801294144719;1.000306096177637;0.9999921271714959;0.9999522923791253;0.9999965549490092;0.9985175385443867;0.9980102158555292;0.997732776249298;0.9977306199554545;0.9999893238140322;0.9969328794441792;0.9966986659767084;0.9982857087708533;0.9989156642995981;1.0;1.0;0.9999920148635916;0.9999945375106147;0.9999931165806237;1.0;1.024999976158142;
2016-09-29 11:00:00;0.9999999999999999;0.9999473987177032;1.0;0.9999954071861469;1.0;0.9999932985090304;1.000293352512334;0.9999689961339145;0.9999816936528217;1.0;0.9999782178236855;1.0;1.0000362339697304;1.0;0.9999484118291622;0.9999494580768511;0.9999503378906656;0.9999986335003886;0.9999986112731942;0.9999903093465277;1.0;0.9999509998437753;0.999950010772825;1.0002755224532924;1.0003009761018788;0.9999924688912363;0.9999571254502329;0.9999964823944716;0.9986515930630653;0.9982011999945706;0.9979381573812518;0.9979405642832462;0.9999907551511792;0.9972715106295658;0.9970748268618531;0.9984125543652244;0.9989748368407663;1.0;0.9999999999999999;0.9999932041026784;0.9999947666328658;0.9999930472497927;1.0;1.024999976158142;
2016-09-29 11:15:00;1.0;0.9999522816639406;1.0;0.9999967275640725;0.9999999999999999;0.9999950587303691;1.0002862897953702;0.9999771889912598;0.9999852271194342;1.0;0.9999820213313533;1.0;1.0000356601603964;1.0;0.9999612710439036;0.9999630331443193;0.9999637297701874;0.999998936852539;0.9999989167435468;0.9999924681824469;0.9999999999999999;0.9999583387362921;0.9999634720795015;1.0002690746385838;1.000293527088489;0.9999944185892315;0.9999638085956453;0.9999974042386442;0.9986723256602893;0.9982357015584866;0.9980071615922946;0.9980300389663993;0.9999917001464232;0.9973708515274495;0.9971611590458582;0.9985209534484174;0.9990432476372723;1.0;1.0;0.9999937957348547;0.9999960783132513;0.999994662560254;0.9999999999999999;1.024999976158142;
2016-09-29 11:30:00;1.0;0.999946331157324;1.0;0.9999960522977692;1.0;0.9999943628957145;1.0002797961168801;0.9999706476400235;0.9999838300558302;1.0;0.9999788934218868;1.0;1.0000344727765846;1.0;0.9999487161838072;0.9999505196081632;0.9999514743067577;0.9999986075422331;0.9999985847798806;0.9999914280981455;1.0;0.9999525328741917;0.9999511256818534;1.0002627872886636;1.0002870866426943;0.999993071802886;0.9999583889344477;0.9999970389497235;0.9987640444323026;0.9983711728088911;0.9981608042622604;0.9981933693195385;0.999991029521745;0.9976081336956345;0.9974218995500711;0.9986451325218878;0.9991161175229912;0.9999999999999999;0.9999999999999999;0.9999933070945288;0.9999950715261561;0.999994054054685;1.0;1.024999976158142;
2016-09-29 11:45:00;1.0;0.9999571306346987;1.0;0.9999959271695782;1.0;0.9999939867782436;1.0002798282343106;0.9999755910123619;0.9999834375252096;1.0;0.9999830878416972;1.0;1.0000355209953609;1.0;0.9999605077581928;0.9999616813035987;0.9999623850951894;0.9999996339949402;0.9999996212678247;0.999991694685217;1.0;0.9999611649576284;0.9999621743994901;1.0002629362388842;1.0002868326659544;0.99999432046347;0.9999669148445456;0.999996847176692;0.9987167071976013;0.9983005244588022;0.9980725801816078;0.9980940981243533;0.9999914290579701;0.9974595888892542;0.9972657076189588;0.9985652028636003;0.999071445177287;1.0;1.0;0.9999936740440656;0.9999966111927958;0.9999938691883794;1.0;1.024999976158142;
2016-09-29 12:00:00;0.9999999999999999;0.9999510245903954;0.9999999999999999;0.999994468398841;0.9999999999999999;0.999992143025367;1.00028050219642;0.9999667557879119;0.9999795835265233;1.0;0.9999793638979786;1.0;1.0000356225876852;0.9999999999999999;0.9999458051799724;0.9999466860526526;0.999947665295016;0.9999996738172814;0.9999996556278742;0.9999895087509212;1.0;0.9999540470433976;0.99994738497663;1.0002633502804157;1.0002876984504077;0.9999925019029451;0.9999607939844011;0.9999958787240544;0.9986816536055263;0.9982441442329929;0.9979662759334614;0.9979565038079632;0.9999899537703276;0.997150229451894;0.9969715059498558;0.9985032245071962;0.9990462420680074;1.0;1.0;0.9999926471351741;0.9999956578000124;0.9999922555855916;1.0;1.024999976158142;
2016-09-29 12:15:00;1.0;0.9999574843098731;1.0;0.9999959008748539;1.0;0.9999938471125934;1.0002824373319394;0.9999758626047505;0.9999831360432361;1.0;0.9999828946172684;1.0;1.0000357118261516;1.0;0.9999618069968622;0.999962710148181;0.9999633483345992;0.9999994838825327;0.9999994712961761;0.9999915011325712;0.9999999999999999;0.9999605785734963;0.9999631443614067;1.000265412150311;1.000289514593755;0.99999418672751;0.9999662721681187;0.9999967744577308;0.9985223233776768;0.9980269985996351;0.9977445924691638;0.9977406500259922;0.9999915421421199;0.9968676518636589;0.9966438253627582;0.9983418456015711;0.9989476077918412;1.0;1.0;0.9999937894298111;0.9999964128701078;0.9999936825608433;1.0;1.024999976158142;
2016-09-29 12:30:00;0.9999999999999999;0.9999597914781618;0.9999999999999999;0.9999972749167705;1.0;0.9999959054809837;1.0002824398362509;0.9999812144194831;0.9999875747932424;1.0;0.999985237024521;0.9999999999999999;1.0000355371044312;1.0;0.9999678531324506;0.9999695516445974;0.9999701559761515;0.9999992999643822;0.9999992871099742;0.9999937777357936;1.0;0.9999656321623657;0.9999699480079058;1.0002655114237133;1.0002894699341045;0.9999955265494536;0.9999703603923927;0.9999978515910416;0.9985632449452382;0.9980724313571078;0.9977875968623672;0.9977751544462029;0.9999928206227191;0.9969608363392621;0.9967422070250952;0.9983248498620223;0.9989302027779756;1.0;1.0;0.9999946114926509;0.999996985062401;0.9999955899908864;0.9999999999999999;1.024999976158142;
2016-09-29 12:45:00;1.0;0.9997868627619039;0.9999999999999999;0.9999954229074816;1.0;0.9999930141497758;1.0003106906554158;0.9999479811908172;0.9999606483590191;1.0;0.9999429333840382;1.0;1.0000393095924671;1.0;0.999885030668943;0.9999056885435395;0.9999089830415888;0.9999994516406333;0.9999993083669697;0.9999836528064697;0.9999999999999999;0.9998580122878706;0.9999080784746474;1.0002920208855421;1.0003184234924203;0.9999902463099081;0.9998812460699326;0.9999962587844687;0.9984760045337154;0.9979444744512774;0.9976492265128717;0.9976373105125544;0.9999632489416254;0.9966994275114572;0.9964541612549616;0.9982731456213051;0.9989127186427077;1.0;0.9999999999999999;0.9999709179586854;0.9999942228553471;0.9999904164139216;1.0;1.024999976158142;
2016-09-29 13:00:00;1.0;0.9998743745950713;1.0;0.9999967152695859;0.9999999999999999;0.9999959159835076;1.0002991365773564;0.9999598990051609;0.9999784584804732;1.0;0.9999644502134054;0.9999999999999999;1.0000376848382357;1.0;0.9999116734936986;0.9999236531494988;0.9999260897183847;0.9999993397866772;0.9999992853784344;0.9999904407746251;1.0;0.9999156945410852;0.9999254028553703;1.000280922746963;1.0003068037439564;0.9999928379781058;0.9999286509196419;0.9999978314685197;0.9984803080403879;0.9979453280392794;0.997648990408348;0.9976310769986169;0.9999792573725595;0.9966801714091797;0.9964334160690828;0.998268473763602;0.9989091400285376;0.9999999999999999;1.0;0.9999835460170168;0.999995553172366;0.9999947634808125;1.0;1.024999976158142;
2016-09-29 13:15:00;0.9999999999999999;0.9999203486638966;1.0;0.9999956730934132;1.0;0.9999939254184071;1.000285666940809;0.9999668916154252;0.9999793175366541;1.0;0.9999742511290858;1.0;1.0000363447724856;1.0;0.9999374848076207;0.9999430927600682;0.9999445583079482;0.9999997151991682;0.9999996834807572;0.9999902111913552;1.0;0.999939704010525;0.9999441530429439;1.00026832222746;1.0002928856573194;0.9999932436157837;0.9999490882305103;0.9999968025622916;0.9985629692049085;0.9980712024630155;0.9978205764525497;0.9978284451125671;0.9999854905936539;0.9970135701733522;0.9967710815320147;0.9984053967656149;0.9989946640324189;1.0;1.0;0.9999888376007071;0.9999960916556015;0.9999934436997895;1.0;1.024999976158142;
2016-09-29 13:30:00;1.0;0.9999376577092769;1.0;0.9999969339674922;0.9999999999999999;0.99999507900435;1.000290848344945;0.9999795771791291;0.9999824942476474;0.9999999999999999;0.9999805485186691;1.0;1.0000371092336726;1.0;0.9999639329537435;0.9999681190561674;0.9999689132834996;0.999999767321799;0.9999997496419114;0.9999920684105432;1.0;0.999952098766479;0.9999686881603715;1.0002735342804205;1.000297902040378;0.9999953539726528;0.9999598290614309;0.9999974152856212;0.9982992062898663;0.9977409696557575;0.9974433302928202;0.9974523870459642;0.999988235095572;0.9964540237486411;0.9961890281004342;0.9981586691401765;0.9988556008808775;0.9999999999999999;1.0;0.9999909942469816;0.9999972820054315;0.9999944037978387;1.0;1.024999976158142;
2016-09-29 13:45:00;1.0;0.9999427926699952;0.9999999999999999;0.9999963864590812;1.0;0.9999954645779933;1.0002719429187361;0.9999692482716773;0.9999859432715268;1.0;0.9999797616127242;1.0;1.0000342422960764;1.0;0.9999406663081902;0.9999443116074299;0.9999456765802517;0.9999993843288287;0.9999993657942811;0.9999927490432403;1.0;0.9999553539577072;0.9999452745581625;1.000255295213908;1.000278992380415;0.9999938898677981;0.9999615242230612;0.9999976171605071;0.998565024158507;0.9980892262435885;0.9978601851934358;0.9978848846101819;0.9999902950631306;0.9970914992884665;0.996846827955863;0.9984682854755961;0.9990659409582722;1.0;1.0;0.9999925470221965;0.9999961676056148;0.9999953647730145;1.0;1.024999976158142;
2016-09-29 14:00:00;1.0;0.9999270589772686;1.0;0.9999962535351125;1.0;0.9999938930364356;1.000276973926346;0.9999751448938342;0.9999789685074395;1.0;0.9999762153540627;1.0;1.000034823896144;0.9999999999999999;0.9999573928635176;0.999961668122136;0.9999625223585291;0.9999992632979652;0.9999992352379665;0.9999902058241903;1.0;0.9999417874622993;0.9999622461207149;1.0002604459959796;1.0002838200167863;0.9999939551871676;0.9999506364680021;0.9999967887466089;0.9984138519838899;0.9978892442162554;0.9976165326734957;0.9976274401650257;0.999986561113883;0.9966644062386167;0.9964082770436307;0.9983092558995024;0.9989897665190703;1.0;1.0;0.999989776232757;0.9999960987342269;0.9999930396248021;1.0;1.024999976158142;
2016-09-29 14:15:00;1.0;0.9999455101251487;1.0;0.9999960487252886;1.0;0.9999949401786883;1.000270742013651;0.9999681981942014;0.999985309993792;0.9999999999999999;0.9999796760932363;1.0;1.0000339690666122;1.0;0.9999403599750635;0.9999432801158189;0.9999445878971144;0.9999992708828991;0.9999992489432866;0.9999922649207643;1.0;0.9999555400417531;0.9999441929566459;1.0002541356810657;1.0002778080146166;0.9999934713229399;0.9999615080830015;0.9999973407226989;0.9984979441889378;0.9980116618724072;0.9977733492547393;0.9978024766772162;0.9999906794500885;0.9969661673263684;0.99671874414629;0.9984210887853935;0.9990602977570396;0.9999999999999999;1.0;0.9999929149149213;0.9999958448481164;0.9999949084249209;1.0;1.024999976158142;
2016-09-29 14:30:00;1.0;0.9999314609510193;1.0;0.9999941080049284;1.0;0.9999916393127156;1.0002715881566335;0.9999611896689574;0.9999765573471242;1.0;0.9999737066835409;1.0;1.0000341460598368;1.0;0.9999334556230074;0.9999360798460929;0.9999373833846463;0.9999993429426745;0.9999993080530517;0.9999881082803959;1.0;0.9999404797794753;0.9999369946121391;1.0002549059715795;1.000278682320278;0.9999913604332753;0.9999490800369956;0.9999956045752371;0.9986191234624031;0.9981393601823982;0.99789367907181;0.9978942842131565;0.9999869873943527;0.9970571121536455;0.9968193952145447;0.9984747895348479;0.9990910094891986;1.0;1.0;0.999990290255023;0.9999947576999689;0.9999915076919557;1.0;1.024999976158142;
2016-09-29 14:45:00;1.0;0.9999362896530734;1.0;0.9999965062519757;0.9999999999999999;0.9999944004695135;1.0002629022983602;0.9999771909318166;0.999981130958901;1.0;0.9999790233908725;1.0;1.0000332040523565;1.0;0.9999610238974691;0.9999646915353795;0.9999654756779082;0.999999453232772;0.9999994320534723;0.9999911883326799;1.0;0.9999489226484224;0.9999652311843111;1.0002471953350438;1.0002693878837756;0.9999945504559634;0.9999567677183265;0.9999970585491811;0.9986600129670482;0.9981932442986209;0.9979820833453165;0.9979976829433622;0.9999880974725837;0.9972092328467043;0.996958102341412;0.9985635266015426;0.9991420513104875;1.0;0.9999999999999999;0.9999909599365849;0.9999965824267232;0.999993713588374;1.0;1.024999976158142;
2016-09-29 15:00:00;0.9999999999999999;0.9999397200882745;1.0;0.9999962478322201;1.0;0.9999942574733113;1.0002624974745715;0.9999751211303667;0.9999816138255455;1.0;0.9999793595204602;0.9999999999999999;1.000033160130813;1.0;0.9999571472928248;0.9999603759658976;0.999961239546363;0.9999994747099228;0.9999994560181394;0.99999120659578;0.9999999999999999;0.9999508355053147;0.9999609756747946;1.000246717053209;1.0002690500230342;0.9999942454017445;0.9999582617670761;0.9999969853452993;0.9986898792389423;0.9982285560527843;0.9980067454736844;0.9980119039839568;0.9999887195412054;0.9972613257856814;0.9970220044644199;0.9985380279682362;0.9991277230041578;1.0;1.0;0.999991463376784;0.9999964356971578;0.9999937471386876;1.0;1.024999976158142;
2016-09-29 15:15:00;1.0;0.9999400910838898;1.0;0.9999956841972478;0.9999999999999999;0.9999933159608089;1.0002686836695331;0.9999743919061249;0.9999795530867694;1.0;0.9999791410230429;1.0;1.0000342461418987;0.9999999999999999;0.9999580129206784;0.9999608852750562;0.9999616909811578;0.9999997657579589;0.9999997408381956;0.9999902869891897;1.0;0.9999499780249753;0.9999614627307422;1.0002525442311252;1.0002753240032813;0.9999940046617676;0.9999579068101345;0.9999964877552605;0.9985568894365843;0.9980549190520487;0.9978047417902459;0.9978052726123737;0.9999881134838767;0.9969641511097614;0.996710274932678;0.9983881676711017;0.9990430347874536;1.0;1.0;0.9999910710444404;0.9999965476273581;0.9999928832958029;1.0;1.024999976158142;
2016-09-29 15:30:00;1.0;0.9998675050999083;1.0;0.9999956731446791;0.9999999999999999;0.9999940920069381;1.0002836324600621;0.9999355868959605;0.9999796338204636;0.9999999999999999;0.9999456311353069;0.9999999999999999;1.000026741185676;1.0;0.9998749768534819;0.9998789020339145;0.9998810560112062;0.9999904535280404;0.9999902901226432;0.9999859556046542;1.0;0.9998810028151371;0.9998798204464526;1.0002657520318283;1.000293052115671;0.9999824327902694;0.9998885495239576;0.9999968207003369;0.9986934188890224;0.9982301140702433;0.9979953544503489;0.9979966994510003;0.9999871826705307;0.9972550324484499;0.9970227241595275;0.9985117126917707;0.9991157006731677;0.9999999999999999;1.0;0.9999902673108529;0.9999824449989355;0.9999921308599244;1.0;1.024999976158142;
2016-09-29 15:45:00;1.0;0.9998295743601633;1.0;0.9999952392547604;1.0;0.9999932577799978;1.000288266462037;0.9999242703291097;0.999974728911916;1.0;0.9999324979048706;1.0;1.0000251052762965;1.0;0.9998514019906726;0.9998574233466405;0.9998600124692925;0.9999882361826039;0.9999879753570471;0.9999829981755435;1.0;0.9998502966556233;0.9998585070697394;1.00027000648714;1.0002982918774568;0.99997902183996;0.9998603153527932;0.9999963270353216;0.9987401481350705;0.9982993446219279;0.9980996974413672;0.998123145025075;0.9999830359051909;0.9974238097175877;0.9971862330379516;0.9986377733699802;0.9991876889131464;1.0;1.0;0.9999870146153683;0.9999787221457057;0.9999906065069692;0.9999999999999999;1.024999976158142;
2016-09-29 16:00:00;1.0;0.999853807335189;1.0;0.9999817579214965;1.0;0.999984247993105;1.000296481817994;0.9998133792735447;0.9999740850803626;1.0;0.999922397274841;0.9999999999999999;1.0000307428752673;1.0;0.999625622782783;0.9996295627399697;0.9996379683773378;0.9999934041692002;0.9999930720668894;0.9999771732583203;0.9999999999999999;0.9998673783687522;0.9996352962496291;1.0002734560899356;1.0003092913094562;0.9999651279729388;0.9998755032795892;0.9999915481771897;0.9987100606222485;0.9982603374609278;0.9980562789542253;0.9980820885914782;0.9999846543120767;0.9974380313279894;0.99719641167509;0.9985627073328847;0.9991379073866812;1.0;1.0;0.9999884427699236;0.9999755274034138;0.9999885485924731;1.0;1.024999976158142;
2016-09-29 16:15:00;1.0;0.9998934261470777;1.0;0.9999933637086115;0.9999999999999999;0.9999914742049395;1.0002736161569412;0.9999447090701906;0.9999735251579752;1.0;0.9999624287947778;0.9999999999999999;1.000033757019315;1.0;0.9998940670864181;0.9999007408841927;0.9999031497043873;0.9999987453541369;0.9999986627422793;0.9999863834270744;1.0;0.9999163890997956;0.9999024284623707;1.0002564223462551;1.0002811928628668;0.9999887241541948;0.9999279229529645;0.9999954881771489;0.9986508250318826;0.9982264612767122;0.998047433969816;0.9981072901006038;0.9999819029113183;0.997488776743566;0.997251974003558;0.9986156222846545;0.9991669189212308;1.0;1.0;0.999986117502392;0.9999928193098439;0.9999912255956875;1.0;1.024999976158142;
2016-09-29 16:30:00;1.0;0.9998804140014385;1.0;0.9999960979197232;1.0;0.9999948151694411;1.0002733564117876;0.9999577438228714;0.9999773171573414;0.9999999999999999;0.9999635320903246;1.0;1.0000335747654836;1.0;0.9999119879649112;0.999921890813392;0.9999241084818565;0.9999985370745353;0.9999984722630166;0.999989271269381;1.0;0.9999145038369945;0.9999234228886242;1.0002566209402908;1.0002805986300565;0.9999915351872285;0.9999266455065245;0.9999972498276318;0.9985806046018153;0.9981228222697711;0.9979070972133612;0.9979450170824198;0.9999806588864998;0.997290463758404;0.9970502687870617;0.9984493487954614;0.9990831830919795;1.0;1.0;0.999984816413499;0.9999941717801811;0.9999936926524108;1.0;1.024999976158142;
2016-09-29 16:45:00;1.0;0.9998665978573238;1.0;0.9999946869272572;1.0;0.9999932523421764;1.0002728202888715;0.9999456761128921;0.9999736355455185;1.0;0.9999574350486637;0.9999999999999999;1.0000331567355498;1.0;0.999888871358982;0.9998993020797181;0.9999020261394809;0.9999982290029272;0.999998141159683;0.9999870213249661;0.9999999999999999;0.9999024923316276;0.9999011858214255;1.0002558111713176;1.0002803591676157;0.9999891542850947;0.9999159524274486;0.9999964182287635;0.9985983734762159;0.998143311620255;0.9979391029132962;0.9979810872549744;0.9999785105639498;0.9973216121569097;0.9970752536779294;0.9984935453444794;0.9991076218271376;1.0;1.0;0.9999832014242733;0.9999926193591011;0.9999923023126787;1.0;1.024999976158142;
2016-09-29 17:00:00;1.0;0.9998088039795194;1.0;0.9999927423755557;1.0;0.9999917145054261;1.0002870387665042;0.9998988429319805;0.9999719644035736;1.0;0.9999246758568691;1.0;1.0000257418310363;0.9999999999999999;0.999795830692737;0.9998045108043152;0.9998086459172809;0.9999891449544862;0.9999888543622661;0.99998102286766;1.0;0.9998387023179014;0.9998067978322638;1.000268017578044;1.0002975572793273;0.9999758248411748;0.9998507891771947;0.9999954995955511;0.9987108198048227;0.9982747869121393;0.9980903555974683;0.998131429300421;0.9999793446509027;0.9974993137207255;0.9972549563973595;0.9986229878077725;0.9991907330447611;1.0;1.0;0.999984020651858;0.9999777497785302;0.9999900242332352;1.0;1.024999976158142;
2016-09-29 17:15:00;1.0;0.9997834376622324;1.0;0.9999961771556773;0.9999999999999999;0.9999948413586514;1.000280585373388;0.9999366809905711;0.9999674390671939;1.0;0.9999362630463787;1.0;1.0000315544052463;1.0;0.9998592092796531;0.9998781108130612;0.9998817466624997;0.9999956076389791;0.9999954176676039;0.9999846301562999;1.0;0.999848516827663;0.9998804828631582;1.0002632842753336;1.0002886528551695;0.999986656408608;0.9998682761079372;0.9999971918614876;0.9987129626298934;0.9982678281088525;0.9980566832109903;0.9980752540729113;0.9999679345980095;0.9974091123433347;0.9971750650959483;0.9985603392322705;0.9991645085705869;1.0;1.0;0.9999745155583454;0.9999890483625665;0.999992052939623;1.0;1.024999976158142;
2016-09-29 17:30:00;1.0;0.9997795751776062;1.0;0.9999956501702115;1.0;0.9999944797545678;1.0003036212595162;0.9999000863520517;0.9999764632024295;1.0;0.9999105660837276;1.0;1.00002072821109;1.0;0.9997968947483661;0.9998042994529274;0.9998078333565749;0.999981959055714;0.9999814873126334;0.999980953805057;1.0;0.9998050647773429;0.999805639570005;1.0002839137683848;1.0003156139042721;0.9999717381988686;0.9998146565994912;0.9999968449641216;0.998585168311247;0.9981184798998706;0.9978894048147234;0.9979222745542262;0.9999825442800737;0.997212932228088;0.9969732781791456;0.998456731040884;0.9991025842763274;1.0;0.9999999999999999;0.999986485657605;0.9999694840956398;0.9999909041120587;1.0;1.024999976158142;
2016-09-29 17:45:00;1.0;0.9998968877600309;1.0;0.9999946459572021;1.0;0.9999947561362179;1.0002723699297333;0.9999221517010825;0.9999876501353193;0.9999999999999999;0.9999505793076059;1.0;1.0000255177080608;1.0;0.9998452758395838;0.9998467005225053;0.9998496064263984;0.9999907841514855;0.9999906398779038;0.9999882449697585;1.0;0.999901788916541;0.9998481963831941;1.0002543901375236;1.0002820933887997;0.9999812204286995;0.9999052561056968;0.9999971796527054;0.9987586937782041;0.9983052178784121;0.9980928620565211;0.9980946514750091;0.9999931009605633;0.9973615044337689;0.9971211589018307;0.9986030190797132;0.9991875797472134;1.0;1.0;0.9999948472114878;0.9999820703713098;0.9999942337606588;1.0;1.024999976158142;
2016-09-29 18:00:00;1.0;0.9999431027408346;1.0;0.9999942986149837;1.0;0.999992294912689;1.000253062576354;0.9999598503916287;0.999980167502317;1.0;0.9999754754508207;1.0;1.0000311438305396;1.0;0.9999304642676019;0.9999316154392909;0.9999329224325376;0.9999987469180877;0.9999987196059307;0.9999891747285823;1.0;0.9999470649606755;0.9999324909641787;1.0002373257238613;1.0002599488722557;0.9999909960845358;0.9999536512887667;0.9999959535770777;0.9988987648820858;0.9984800756435477;0.9982640326100078;0.9982436689395681;0.999989968315877;0.997603523293094;0.9973946962231611;0.9986584660199732;0.9992197336797992;1.0;1.0;0.9999926237203772;0.999994062422464;0.9999923904844826;1.0;1.024999976158142;
2016-09-29 18:15:00;1.0;0.9999187847506341;1.0;0.9999956966872093;1.0;0.9999948745325326;1.000264667944034;0.9999532248957749;0.999984380365144;1.0;0.9999681123042;1.0;1.0000305001136287;1.0;0.9999082725160994;0.9999120639821513;0.9999139805836161;0.9999966340810068;0.9999965793485732;0.9999905053053094;0.9999999999999999;0.999931851515126;0.9999132407225525;1.0002480686622577;1.0002723653313637;0.9999895738407659;0.9999382959270696;0.9999972893302719;0.9988287118004617;0.9983483748937589;0.9980856147455697;0.9980266184873035;0.9999894521333388;0.9972039071314236;0.9969747636153609;0.9985155972792887;0.9991377287043357;1.0;1.0;0.9999919208376034;0.999991515490244;0.9999944467359817;1.0;1.024999976158142;
2016-09-29 18:30:00;1.0;0.999849345629953;1.0;0.999993715588326;1.0;0.9999908227173321;1.000279383169531;0.999936751349099;0.999968025850319;1.0;0.9999455282078158;1.0;1.0000301320825369;0.9999999999999999;0.9998802028833791;0.9998877256445245;0.9998900708555445;0.9999943679609575;0.9999942065547275;0.999982647454356;1.0;0.9998752724228651;0.999889059446188;1.0002619653923848;1.0002878050391555;0.9999842106961204;0.9998887449476106;0.9999951043175359;0.998830844985409;0.998327928573159;0.9980763822014106;0.9980159041184129;0.9999786240543577;0.997176282768279;0.9969202580295659;0.9985143771630115;0.9991408103047386;0.9999999999999999;0.9999999999999999;0.9999836467434915;0.9999866884848607;0.9999890735939422;1.0;1.024999976158142;
2016-09-29 18:45:00;1.0;0.999848741873293;1.0;0.9999948455728823;1.0;0.9999933429025315;1.0002854389156242;0.9999232217853059;0.9999776222785369;0.9999999999999999;0.9999376006345382;1.0;1.0000256127440432;0.9999999999999999;0.999849492601914;0.9998541460187642;0.999856825389461;0.9999891371018014;0.9999889139608376;0.999984167838312;1.0;0.9998647696133264;0.9998553594271711;1.0002671510727228;1.0002953918828685;0.9999795900442202;0.9998731577626562;0.99999639320186;0.9988148824386907;0.9983278501645809;0.9980738803219457;0.9980251085942584;0.999985598136407;0.9972616224249731;0.997021015068231;0.9984874325890287;0.9991259092570606;1.0;0.9999999999999999;0.9999890333870627;0.9999797919971892;0.9999913370843952;1.0;1.024999976158142;
2016-09-29 19:00:00;0.9999999999999999;0.9998860211699229;1.0;0.9999913013675615;1.0;0.9999872909929516;1.000271027339379;0.9999400854553461;0.9999635734898913;1.0;0.9999559559818075;1.0;1.000032312780416;1.0;0.9998976399179303;0.9999015553640879;0.9999034370327189;0.9999976298510665;0.9999975272512079;0.9999811491722901;0.9999999999999999;0.9998995214836477;0.9999027761704519;1.0002540877933428;1.0002786620522703;0.9999857061328669;0.9999127351675888;0.9999932872388744;0.9987835729960535;0.9982810353913718;0.9980484394921268;0.998007796429029;0.9999799180785063;0.9971761566806847;0.996907602516341;0.9985270546968448;0.9991487690053232;0.9999999999999999;1.0;0.9999850317040508;0.9999902425998691;0.9999866792634187;1.0;1.024999976158142;
2016-09-29 19:15:00;1.0;0.9998842118874018;1.0;0.999989485148542;0.9999999999999999;0.9999831362797781;1.000274684649448;0.9999435615023593;0.9999528302409008;1.0;0.9999541708979325;1.0;1.0000333253867069;1.0;0.999917366294244;0.9999192746783864;0.9999203935716152;0.9999981278856914;0.999998010232357;0.9999765428117422;0.9999999999999999;0.999890774564875;0.9999199681547754;1.0002578723426465;1.0002820300724136;0.9999849119311395;0.9999064956638064;0.9999911008436125;0.998810646979797;0.9982897851802807;0.9980031199267807;0.9979166408879073;0.9999768986235794;0.9969795409434259;0.9967318422609857;0.9984472435633763;0.9991035932765622;1.0;1.0;0.9999831060141523;0.9999902231531785;0.9999822317425687;1.0;1.024999976158142;
2016-09-29 19:30:00;1.0;0.9998882344066853;1.0;0.9999944961945181;1.0;0.9999915905875302;1.0002731557631708;0.9999510298122886;0.9999728283548339;1.0;0.9999577459372221;1.0;1.0000304738417864;1.0;0.9999121617721839;0.9999164145740707;0.9999179572604203;0.9999954787648756;0.999995379024808;0.9999852541484227;1.0;0.999902890535339;0.9999172346998978;1.0002563574063486;1.000281016612224;0.9999871720880921;0.9999132726438505;0.99999554345074;0.9987974204577504;0.9982659727101371;0.9979732011010086;0.997880738857713;0.9999837987268869;0.996911414807675;0.9966588901486407;0.9984255262080778;0.9990917037883953;1.0;1.0;0.9999877870947382;0.99998923545029;0.9999902150512402;0.9999999999999999;1.024999976158142;
2016-09-29 19:45:00;1.0;0.9998036356014088;1.0;0.9999932306379284;1.0;0.999990710713544;1.0002910610747358;0.9999047515665366;0.9999688233136966;1.0;0.9999197545492038;1.0;1.000023377367222;1.0;0.9998157804989147;0.999821680374952;0.9998248630593565;0.9999862108497886;0.9999858702127524;0.9999788121679816;0.9999999999999999;0.999824000346149;0.9998230596578083;1.000272204057299;1.0003018824119865;0.9999740385832683;0.9998355757890602;0.9999949453911527;0.9990463435978187;0.9985183065652663;0.9982297863081867;0.9980895447129047;0.9999804593222208;0.9971261209857464;0.9968724950073441;0.9985656439599964;0.9991716167125131;1.0;1.0;0.9999851716942458;0.9999743106853193;0.9999879995290343;0.9999999999999999;1.024999976158142;
2016-09-29 20:00:00;1.0;0.9998359734984854;1.0;0.9999905443303754;1.0;0.9999879105262358;1.00028281545377;0.9999000766458506;0.9999666326491684;1.0;0.9999292666441941;1.0;1.000026054703751;1.0;0.999811781476109;0.9998156618224405;0.9998190866316097;0.9999899997709792;0.9999897140479154;0.9999781980566186;1.0;0.9998493270023573;0.9998174852012839;1.0002640824091056;1.0002930434518573;0.9999751468734688;0.9998606687390386;0.99999350680903;0.9991327148751803;0.9986418320369909;0.9983813423804727;0.9982539439465614;0.9999813335191198;0.9973835143948407;0.9971420969638899;0.9986828837472458;0.9992378253060974;1.0;1.0;0.9999860554937817;0.9999780969732128;0.9999867905211595;1.0;1.024999976158142;
2016-09-29 20:15:00;1.0;0.9998848934130457;0.9999999999999999;0.999992296657136;1.0;0.9999906252077311;1.000268230982904;0.9999266140073784;0.9999739922183031;1.0;0.9999530061720892;1.0;1.0000298831588827;0.9999999999999999;0.9998599392192812;0.9998644941776872;0.9998673701771248;0.9999956445669556;0.9999955393332305;0.9999844266693891;1.0;0.999900558670856;0.9998663087331036;1.000250818601006;1.0002766929193683;0.999983796216401;0.9999104488863123;0.9999950343317306;0.9990324993147712;0.9985069617988553;0.9982248641848358;0.9980869955660724;0.9999840553464845;0.9971106591702504;0.9968548845745779;0.9985750233652495;0.9991773084318929;1.0;1.0;0.9999879343792827;0.9999875448487437;0.9999903970122482;1.0;1.024999976158142;
2016-09-29 20:30:00;1.0;0.9998703824091368;1.0;0.999990274039428;0.9999999999999999;0.9999870957100976;1.0002685509955727;0.9999182446714415;0.9999649630661703;1.0;0.999945637351442;1.0;1.0000293162629057;1.0;0.9998516681273742;0.999855233675066;0.9998580384153277;0.9999950425294782;0.9999949230518604;0.9999798021320553;1.0;0.9998826526062438;0.9998569535014504;1.0002510753405978;1.000277168057538;0.9999809257566004;0.9998948327650417;0.9999931790911438;0.999059490256967;0.998540193077913;0.9982535080692219;0.998109978612213;0.999980872209535;0.9971174068267701;0.9968698042772385;0.9986013415669331;0.9991919039705717;1.0;1.0;0.99998576332633;0.9999854806956754;0.999986661130086;1.0;1.024999976158142;
2016-09-29 20:45:00;1.0;0.9998892637485469;1.0;0.9999925097947312;1.0;0.999990166824467;1.0002644822809377;0.9999356001628459;0.9999718375287173;1.0;0.9999562863218616;1.0;1.00003037534395;1.0;0.9998805507605427;0.9998850166346881;0.9998874175163891;0.9999965743501307;0.9999964772234966;0.9999842446864862;1.0;0.9999046414869811;0.9998865461583794;1.0002476166792682;1.0002724149302418;0.9999854594536426;0.9999153386293881;0.9999947981755872;0.9991291729564705;0.9986415632815522;0.9983542408509879;0.9982088985414738;0.9999831580703059;0.9972500163565479;0.9970294206208956;0.998674389181013;0.9992340969930807;1.0;1.0;0.9999872986669779;0.9999892268239002;0.9999897577489122;1.0;1.024999976158142;
2016-09-29 21:00:00;1.0;0.9998577179552025;0.9999999999999999;0.9999910289055494;1.0;0.9999889333923164;1.0002654222984717;0.9999128483930627;0.9999686487721344;1.0;0.9999423284620759;1.0;1.00002812961445;1.0;0.9998335998524323;0.9998392234713643;0.9998426014687837;0.9999942841277671;0.999994132811646;0.9999811974337484;1.0;0.9998770677479335;0.9998413126850834;1.0002479240134652;1.0002742767267025;0.9999803692513122;0.9998890448923955;0.9999941216725544;0.9992078644812021;0.9987559747408803;0.9985225809962179;0.9984086351306862;0.9999806549464405;0.9976171545435596;0.9973901666307311;0.9988008585033791;0.9993056013075187;1.0;1.0;0.9999853488711344;0.9999845389210621;0.9999884515792907;0.9999999999999999;1.024999976158142;
2016-09-29 21:15:00;1.0;0.9998196719797608;1.0;0.9999882526071547;1.0;0.9999845044170929;1.0002703103242563;0.9999027409713426;0.9999537973594512;1.0;0.9999329613049167;0.9999999999999999;1.0000307259065346;1.0;0.999817926119194;0.9998271503174547;0.9998310156792041;0.9999962526262848;0.9999960473228382;0.9999753651006521;1.0;0.9998514494045724;0.9998297367738764;1.0002525297568785;1.0002789128627312;0.9999788090033864;0.9998701745174481;0.9999917661438287;0.9992673362419751;0.9988385306198395;0.9986149815300931;0.9985055754088288;0.9999706249848999;0.9977913625412717;0.997577181679301;0.9988507908837262;0.9993342145353719;1.0;1.0;0.9999776667413204;0.999985331977915;0.999983931982094;1.0;1.024999976158142;
2016-09-29 21:30:00;0.9999999999999999;0.9998185346389645;1.0;0.9999855350375512;0.9999999999999999;0.9999789084386228;1.000273916867099;0.99990455215175;0.999940094673877;1.0;0.9999306275301101;1.0;1.0000320616085525;1.0;0.9998378041986941;0.9998443818698923;0.999847414489362;0.9999970830910451;0.9999968329634258;0.9999693349590211;1.0;0.9998412097656398;0.9998464127245813;1.0002562502871706;1.000282181035027;0.9999774562796228;0.9998630763655771;0.9999888028704844;0.9992057496186316;0.9987552728346832;0.998552805240462;0.9984598703687422;0.99996684379687;0.9976918432953786;0.9974450709602777;0.9988637443791225;0.9993414841441258;1.0;1.0;0.9999752717587369;0.9999852814163368;0.9999781961753138;0.9999999999999999;1.024999976158142;
2016-09-29 21:45:00;1.0;0.9998438196811372;1.0;0.9999897944321282;0.9999999999999999;0.9999878044451825;1.000266556573142;0.9998937867858015;0.9999679789447268;0.9999999999999999;0.9999315463333022;1.0;1.000025132617414;1.0;0.9997974177709016;0.9998014509079505;0.9998053590558085;0.9999912108564579;0.9999910009445774;0.9999787673997812;1.0;0.9998576775770526;0.9998037154676582;1.0002484658250559;1.0002764387305327;0.9999752212832194;0.9998686595022362;0.9999934977039505;0.9991887309851621;0.9987549456581789;0.9985579229655226;0.9984789271083946;0.9999818101319936;0.9977406494186581;0.997504426043251;0.9988809372378562;0.9993507460506054;1.0;1.0;0.9999863804829503;0.9999791628743168;0.9999873182578127;1.0;1.024999976158142;
2016-09-29 22:00:00;1.0;0.9998297804948147;1.0;0.9999925318421587;0.9999999999999999;0.9999895761876235;1.0002754458506369;0.999915604008949;0.9999670884589079;0.9999999999999999;0.9999314142322148;1.0;1.0000252128674474;1.0;0.9998408081256321;0.9998462311002408;0.9998490470807876;0.9999900259666156;0.9999897604848402;0.9999795594770388;1.0;0.9998484825784972;0.9998476075245817;1.000257722946647;1.0002850187176187;0.9999777989369854;0.9998606933876736;0.9999943911223946;0.9991345529979665;0.9986934331647822;0.9984802008777773;0.9984024384919497;0.9999801189293833;0.9976230047074951;0.9973915913916902;0.9988344407511119;0.9993249457884357;1.0;1.0;0.9999849866667365;0.9999795567986909;0.9999875903852353;1.0;1.024999976158142;
2016-09-29 22:15:00;1.0;0.9998925063080139;1.0;0.9999938953038965;0.9999999999999999;0.999992555967597;1.0002557078591956;0.9999356779527812;0.9999784303842834;1.0;0.9999561887586935;1.0;1.0000276168786704;1.0;0.9998759427155135;0.9998800681005988;0.9998825519920792;0.9999949532115046;0.9999948452419177;0.999986591769238;1.0;0.9999067294062929;0.9998815451578627;1.000239265397485;1.0002638100221999;0.9999851807553095;0.9999150131007555;0.9999960442118323;0.9992181394549027;0.9988138541267196;0.9986251103979256;0.998555769641986;0.9999864503046354;0.9978677160893686;0.9976508282894903;0.9989360516819512;0.9993825723209755;1.0;1.0;0.9999897146793196;0.9999877162999365;0.9999920023397584;0.9999999999999999;1.024999976158142;
2016-09-29 22:30:00;0.9999999999999999;0.9998565263789576;1.0;0.9999866335243535;1.0;0.9999817874757704;1.0002622337625136;0.9999040887551756;0.9999524591457862;0.9999999999999999;0.9999389497179876;1.0;1.000029662990698;1.0;0.9998331734635959;0.9998363190654945;0.9998394190232447;0.999996235868969;0.9999960715805697;0.999973866669107;1.0;0.9998673515771694;0.9998383401627776;1.0002448784043583;1.0002706903235357;0.9999779204287365;0.9998832748290299;0.9999903691614845;0.9992508838090186;0.9988498031285742;0.9986535286619238;0.9985754529075199;0.9999755961948962;0.9978755066450011;0.9976663167059991;0.9989521780156082;0.999391576727897;1.0;1.0;0.9999820120999315;0.9999848448684991;0.9999818126515151;1.0;1.024999976158142;
2016-09-29 22:45:00;1.0;0.9998747390258516;1.0;0.9999891880394682;1.0;0.9999869880118056;1.000250544854524;0.999909088439006;0.9999663470578283;1.0;0.9999478227771901;1.0;1.000028865752752;0.9999999999999999;0.9998291330155488;0.9998340120365599;0.9998376294388336;0.9999969651881122;0.9999968585857454;0.9999805569351358;1.0;0.9998915631244096;0.9998364656731489;1.000233691314152;1.0002587460421135;0.9999811369543996;0.9999039898368647;0.9999931278429985;0.9993582190242972;0.9989923580272795;0.9988086285093097;0.998727927514579;0.9999802900218386;0.9980977148028962;0.9979096486559409;0.9990530055279501;0.9994490549530394;1.0;1.0;0.9999851792951581;0.9999872105843359;0.9999875162693227;1.0;1.024999976158142;
2016-09-29 23:00:00;0.9999999999999999;0.9998894689396887;1.0;0.9999902972778488;1.0;0.9999881670279526;1.0002494940700737;0.9999213635354481;0.9999691010970587;1.0;0.999954856404208;1.0;1.0000297435074748;1.0;0.9998529266572492;0.999857561010191;0.9998607089937627;0.9999979363592844;0.9999978402535732;0.999982620724769;1.0;0.9999054244482347;0.999859736716753;1.0002330100970953;1.000257237140832;0.9999838811045756;0.9999170125100332;0.9999937499225932;0.9993380179346977;0.9989711763577033;0.9988024003317979;0.9987341955282463;0.9999817660137463;0.9981288144964933;0.9979298956900753;0.9990589276831986;0.9994523574200407;1.0;1.0;0.9999862740643161;0.9999895136546392;0.9999886766954122;1.0;1.024999976158142;
2016-09-29 23:15:00;1.0;0.9999134758977033;1.0;0.999992750582771;1.0;0.999990838531323;1.000247264076359;0.9999439655342024;0.9999750189685547;1.0;0.9999662768532542;1.0;1.000030510648698;0.9999999999999999;0.9998961420538566;0.9999002326809416;0.9999024764417762;0.9999989122514186;0.9999988457038838;0.9999865861211065;1.0;0.9999275528918501;0.9999018102943729;1.0002314885415855;1.0002542973543558;0.9999885078563404;0.9999372182170486;0.9999951654066004;0.999304401807714;0.9989268538731827;0.9987573252905693;0.9986904378396059;0.9999849450355197;0.9980481730226625;0.9978407736006404;0.999042224435404;0.9994433509515047;0.9999999999999999;1.0;0.9999886341569988;0.9999928456586498;0.9999910765841005;1.0;1.024999976158142;
2016-09-29 23:30:00;1.0;0.9999163359785894;1.0;0.9999934040453562;1.0;0.999991642231542;1.0002453217790526;0.9999473061371621;0.9999768157265371;1.0;0.9999674795307781;1.0;1.000029987972782;1.0;0.9999018960285475;0.9999058403203823;0.9999079441636822;0.9999986274555932;0.9999985745973388;0.9999874593164864;0.9999999999999999;0.999929906979777;0.9999072948329447;1.000229747209726;1.0002522900252109;0.999989046238443;0.9999389328668975;0.9999955955591034;0.9993231994580652;0.9989303125419396;0.9987474129027345;0.9986604960097971;0.9999858930417796;0.9979704676933471;0.9977590617161809;0.999018344417989;0.999430019263694;1.0;1.0;0.9999893359647835;0.9999929006798274;0.999991731351255;1.0;1.024999976158142;
2016-09-29 23:45:00;1.0;0.9999062511595767;1.0;0.9999931384760588;0.9999999999999999;0.9999908024908849;1.000241177678126;0.9999483429893835;0.9999731027772568;0.9999999999999999;0.9999654087274031;1.0;1.0000297538899539;0.9999999999999999;0.9999054203429126;0.9999102393855381;0.9999122638211312;0.9999989062027839;0.9999988465186649;0.9999861592858391;1.0;0.9999228584804885;0.9999116549088215;1.0002259866018348;1.0002478816895803;0.9999890606571339;0.9999335913201904;0.9999951513066959;0.9994471760556624;0.9991212692980947;0.9989606791313985;0.9988902818992874;0.9999834060085495;0.9983546148028707;0.9981847897163858;0.9991640520469508;0.9995127057831665;1.0;1.0;0.9999874334342922;0.9999931406792276;0.9999906355662729;1.0;1.024999976158142;
2016-09-30 00:00:00;0.9999999999999999;0.9999240970184896;1.0;0.9999944663476585;1.0;0.9999924372853973;1.0002381561559972;0.9999563138035857;0.9999784668205195;0.9999999999999999;0.999969956577291;1.0;1.0000284215019146;1.0;0.9999214203991621;0.9999241877063949;0.9999257176117265;0.9999979410791717;0.9999979011502867;0.9999883291432118;1.0;0.9999336226987933;0.9999251710433872;1.0002232933000017;1.0002448423437333;0.9999899975300631;0.9999415387728278;0.9999960214474465;0.9994406845571046;0.9991110868224617;0.9989381826036186;0.9988595802923582;0.9999877176002299;0.998300016620359;0.9981354376689888;0.9991388613275046;0.9994983301118765;1.0;1.0;0.9999907987260473;0.9999928432104654;0.9999921171534977;1.0;1.024999976158142;
2016-09-30 00:15:00;1.0;0.9999421332692865;0.9999999999999999;0.999994961573285;1.0;0.9999941208999095;1.0002328485802499;0.9999553644415444;0.999985282874488;1.0;0.9999749101532261;1.0;1.0000279097961835;1.0;0.9999154843472268;0.9999174373179808;0.9999192052695698;0.9999981449055694;0.9999981116306633;0.9999910659042808;1.0;0.9999488401253935;0.9999186104109028;1.000218053620024;1.0002395744520611;0.9999906658848526;0.9999541009657293;0.9999969060449526;0.9994899780326181;0.9991850971579839;0.9990435877880266;0.9989829446759789;0.9999915518394029;0.9985038711663564;0.9983390638730852;0.9992308226039107;0.9995512043119674;1.0;1.0;0.9999936649017083;0.9999933781721484;0.9999943915291809;1.0;1.024999976158142;
2016-09-30 00:30:00;0.9999999999999999;0.9999454064410629;1.0;0.9999962895326707;1.0;0.9999948890308102;1.0002274572309005;0.9999694106806999;0.9999852136774273;0.9999999999999999;0.9999783328674583;0.9999999999999999;1.0000273838931562;1.0;0.999944757028598;0.9999466877175386;0.9999477435288922;0.9999982428670854;0.999998219319302;0.9999918794190962;1.0;0.9999520412699991;0.9999473427540292;1.000213479773935;1.000233624491596;0.9999928419622158;0.9999574730777022;0.9999973144981793;0.9995423376887107;0.9992682551581025;0.9991379302679401;0.9990855906640266;0.9999915400669659;0.9986817504627503;0.998535507936676;0.9992928978538721;0.9995864237839941;1.0;0.9999999999999999;0.9999936592137869;0.9999946412542103;0.9999945660783439;1.0;1.024999976158142;
2016-09-30 00:45:00;0.9999999999999999;0.9999641902116219;1.0;0.9999970932156422;1.0;0.9999962989381;1.0002237679369104;0.9999753086721977;0.9999902835446577;1.0;0.9999846299834845;1.0;1.0000273546529517;1.0;0.9999547263784092;0.999955693197105;0.9999565756459913;0.9999986840590513;0.9999986686734307;0.9999943072256215;1.0;0.9999675011879056;0.9999562513795666;1.0002100367483306;1.0002297429405882;0.9999944544464445;0.9999708504311575;0.9999980567506135;0.9995952556187592;0.9993391843816046;0.9992073406898048;0.9991499795051505;0.9999947188970493;0.9987716268288032;0.9986416772181569;0.9993330555359836;0.9996094726495356;1.0;1.0;0.9999960715831069;0.9999958872296615;0.9999962719800624;1.0;1.024999976158142;
2016-09-30 01:00:00;0.9999999999999999;0.9999601859858619;1.0;0.9999964285284203;0.9999999999999999;0.9999953060672301;1.0002210592877998;0.9999719764784311;0.9999878693700055;1.0;0.9999826579476435;0.9999999999999999;1.0000269929092425;1.0;0.9999499999026867;0.9999508394329241;0.999951785058948;0.9999986780142405;0.9999986623905974;0.9999930712234945;1.0;0.9999630637838174;0.9999514437601144;1.0002074324336279;1.0002270171484766;0.9999936481335837;0.9999670984617288;0.9999975370358757;0.9996487538092478;0.9994180858462387;0.9992847569029238;0.9992261462800588;0.9999937419945577;0.9988847832412582;0.9987773725192297;0.999382120874233;0.9996375219575173;1.0;1.0;0.9999953832700554;0.9999954447711695;0.9999953029728802;1.0;1.024999976158142;
2016-09-30 01:15:00;1.0;0.9999692716854612;0.9999999999999999;0.9999974130965193;1.0;0.9999961860822643;1.0002199717029316;0.9999838886803986;0.9999890990294699;0.9999999999999999;0.9999884239977799;1.0;1.0000279757416464;1.0;0.9999732216108456;0.9999743695865422;0.9999748740663312;0.9999997550215154;0.9999997479306617;0.9999945948532805;1.0;0.9999732348984334;0.9999747242543303;1.0002067490552375;1.0002254241448751;0.9999963111078053;0.9999772286910521;0.9999980014130364;0.9996486996172219;0.9994181108911485;0.9992779839013654;0.9992150818956579;0.9999940115243572;0.9988864088694319;0.9987836377678193;0.9993567358402834;0.9996228849235389;1.0;1.0;0.9999955389803452;0.9999977932285393;0.9999960629090344;1.0;1.024999976158142;
2016-09-30 01:30:00;1.0;0.9999715227547752;1.0;0.9999975906598269;1.0;0.9999969319057069;1.0002166067467386;0.9999815030737985;0.9999915956992962;1.0;0.9999888841237372;1.0;1.0000274341459259;0.9999999999999999;0.9999659007348964;0.9999672238256506;0.999967957290587;0.9999996646403823;0.9999996580882785;0.9999955239704779;1.0;0.9999760620569405;0.9999677409423701;1.0002034393915755;1.0002221147976373;0.9999962215038795;0.9999792909667186;0.9999983922711418;0.9997067858060349;0.9995050918097885;0.9993810102637511;0.9993276056274658;0.9999949861953459;0.9990520944350695;0.9989631326160427;0.9994453830905955;0.9996733916686709;1.0;1.0;0.9999962197031069;0.9999976691608866;0.9999969948155094;1.0;1.024999976158142;
2016-09-30 01:45:00;1.0;0.9999730821058547;1.0;0.9999974245720563;1.0;0.9999969816417673;1.0002138511848582;0.9999786778414507;0.9999924510672311;1.0;0.999988554292291;1.0;1.0000268832455066;1.0;0.9999598387213353;0.999960888226323;0.999961755104774;0.9999994838825329;0.9999994771288354;0.9999956320913397;1.0;0.999976682439259;0.9999614910092883;1.0002007262180372;1.0002194267582867;0.9999957409297769;0.9999794438858282;0.9999984184112274;0.9997966877250195;0.9996386404867426;0.9995130021068954;0.9994589061915182;0.9999956233794998;0.9992599177835806;0.9992090777335288;0.9995232930559633;0.999717581909547;1.0;0.9999999999999999;0.9999967133075753;0.9999972570599203;0.9999971867238989;1.0;1.024999976158142;
2016-09-30 02:00:00;1.0;0.9999761161250851;1.0;0.9999973354340984;1.0;0.9999973399855878;1.0002120078394485;0.9999759548002931;0.9999941659479534;1.0;0.9999892625412703;1.0;1.0000268068231628;1.0;0.9999526548257673;0.999953783758835;0.9999548776735648;0.9999996646403823;0.9999996590922625;0.9999962578704011;1.0;0.9999800066853095;0.9999545665646453;1.0001988412311917;1.000217630958256;0.999995664091363;0.9999822344054362;0.9999986063754718;0.999832637615116;0.9996878447141563;0.9995731016336065;0.9995232289355187;0.999996323435724;0.999358125027244;0.9993112650136469;0.999570010108473;0.9997436832020881;1.0;1.0;0.9999972080324908;0.9999973673004156;0.9999978106181384;1.0;1.024999976158142;
2016-09-30 02:15:00;1.0;0.9999812449607722;1.0;0.9999979274217792;1.0;0.9999974116645173;1.0002125613667088;0.9999844511586143;0.9999937072824612;1.0;0.9999915928021721;1.0;1.0000268807205752;1.0;0.9999720027398278;0.9999724255326987;0.9999729909402015;0.999999626386243;0.9999996225171625;0.9999964245401828;1.0;0.9999826767116992;0.9999728160914455;1.0001996647354883;1.0002179542346352;0.9999967525727413;0.9999847665679381;0.9999986450698223;0.9997949952985145;0.9996382238329872;0.9995080678409871;0.9994520084296195;0.9999967681878755;0.999245245164797;0.9991985101920157;0.9995190993969186;0.9997147672047836;0.9999999999999999;1.0;0.9999976170797378;0.9999979255008774;0.9999975621489057;1.0;1.024999976158142;
2016-09-30 02:30:00;1.0;0.9999641147560263;0.9999999999999999;0.9999970979103049;1.0;0.9999964341528506;1.0002141201369708;0.9999757064371402;0.9999903588159441;1.0;0.9999855451390139;1.0;1.0000266636042305;1.0;0.9999544130992738;0.9999559619650943;0.9999569331078698;0.9999992326244083;0.9999992236425785;0.999994602251427;1.0;0.9999694502525212;0.999956623985472;1.0002009545146753;1.0002197689171557;0.9999949702027245;0.9999731183176546;0.9999981309100697;0.9998095210101822;0.999655192186131;0.9995355878645183;0.9994839807470032;0.9999942158906977;0.9992966352387989;0.9992449245690598;0.9995436955590014;0.9997286372029721;1.0;1.0;0.9999956361096847;0.9999966279810335;0.9999965009212273;1.0;1.024999976158142;
2016-09-30 02:45:00;1.0;0.9999711171497264;1.0;0.9999978775913934;1.0;0.9999973524210775;1.0002134124190547;0.999981862950781;0.9999925509296287;1.0;0.9999886784344709;1.0;1.0000267126967017;1.0;0.9999658301676954;0.9999671690833247;0.9999678976284032;0.9999993520870343;0.999999345669432;0.99999587825852;1.0;0.9999757301866852;0.999967660659449;1.0002004386588705;1.0002188983107594;0.999996198139635;0.9999786474896872;0.9999986128668529;0.999806331181851;0.9996508391074617;0.9995235095163836;0.9994673544605269;0.999995400233979;0.9992700861801432;0.9992225259487777;0.9995278088265576;0.9997194391050344;0.9999999999999999;0.9999999999999999;0.9999965161978128;0.9999973943878686;0.9999973395251404;1.0;1.024999976158142;
2016-09-30 03:00:00;1.0;0.9999732158377321;1.0;0.9999976374689626;0.9999999999999999;0.9999974092400261;1.0002129507769544;0.9999790252546376;0.9999934106133753;1.0;0.9999890393047711;1.0;1.0000268568202022;1.0;0.9999591581390307;0.9999605448949416;0.9999614736894914;0.9999995742636261;0.9999995676742928;0.9999961375905252;1.0;0.999977971841737;0.9999611996533637;1.0001998682751605;1.0002184972895591;0.9999960171084222;0.9999806078095158;0.9999986421432794;0.9998375850541532;0.9996931032406093;0.999572700136576;0.9995187436046679;0.999995749695485;0.9993469887138232;0.9993041588805107;0.9995646351792622;0.9997406739228163;1.0;1.0;0.9999967621389859;0.9999974826657393;0.9999976409173752;0.9999999999999999;1.024999976158142;
2016-09-30 03:15:00;1.0;0.9999790064257267;1.0;0.9999978975486445;1.0;0.9999977693130029;1.0002115132902927;0.9999808175532272;0.9999948771897889;1.0;0.9999905214325326;1.0;1.000026524631179;1.0;0.9999628387936693;0.9999636114149472;0.9999644278692559;0.9999994241511928;0.9999994194058339;0.9999967206345074;1.0;0.9999816684699256;0.9999641728420614;1.0001985353273672;1.0002170370690524;0.9999962713347913;0.9999835160597281;0.9999988319121761;0.9998451947437106;0.9997069874253626;0.9995811459217779;0.9995250117241385;0.9999969720834638;0.9993561437765083;0.9993222722966195;0.9995660181117595;0.9997412724232643;1.0;1.0;0.9999977202586997;0.9999974949045181;0.999998028139326;1.0;1.024999976158142;
2016-09-30 03:30:00;1.0;0.9999763700172977;0.9999999999999999;0.9999974358607407;1.0;0.9999968073649746;1.000211550731612;0.999981362175114;0.9999919857061421;1.0;0.999990030756065;1.0;1.0000269532330064;1.0;0.9999661995535759;0.9999670357770151;0.9999677540424358;0.9999998378221842;0.9999998343593592;0.9999956422917351;1.0;0.9999792484896171;0.9999675538324677;1.0001986464833095;1.0002169364074291;0.999996281780695;0.9999820970313422;0.9999983288424479;0.9998385213205816;0.999697652350261;0.9995746805672646;0.9995204218462427;0.9999956058426637;0.9993498721306605;0.9993118514159998;0.9995650932546516;0.9997402623444717;0.9999999999999999;0.9999999999999999;0.9999967273829081;0.9999978476843295;0.9999970165593483;1.0;1.024999976158142;
2016-09-30 03:45:00;1.0;0.9999764908975136;0.9999999999999999;0.9999984078259172;1.0;0.9999980258141138;1.000212983362095;0.9999865003404605;0.999994116057544;1.0;0.999991422328458;1.0;1.0000270256682036;1.0;0.9999740937732394;0.9999754995573581;0.9999760867959742;0.9999997060266074;0.9999997015769729;0.999996902740245;1.0;0.9999813195508596;0.9999759117917033;1.0002001400932334;1.0002183069108068;0.9999973099944636;0.9999838309865612;0.9999989659386157;0.9998138212235691;0.9996606043317026;0.9995362803509692;0.9994811469156915;0.9999960501395332;0.9992966781867254;0.9992490720534104;0.9995342159221632;0.9997228390063235;1.0;0.9999999999999999;0.9999969763495729;0.9999982944316191;0.9999980135560986;1.0;1.024999976158142;
2016-09-30 04:00:00;1.0;0.9999720870193572;1.0;0.9999977768479995;1.0;0.9999974348012253;1.0002121560433903;0.9999803804063006;0.9999931046450193;1.0;0.9999888971378517;1.0;1.0000266694554074;1.0;0.9999621429525254;0.9999635710591669;0.9999644160328334;0.9999994823186413;0.999999475281405;0.9999960720011493;0.9999999999999999;0.9999769877018632;0.9999641575863074;1.000199182506979;1.0002176489505479;0.9999961355211642;0.9999797579582015;0.9999986553888245;0.9998370625037043;0.9996918773315462;0.9995748258237441;0.9995224088364627;0.999995572865102;0.9993541652942007;0.9993084889153662;0.999567929127387;0.9997483911079592;1.0;1.0;0.9999966294794959;0.9999974696164385;0.9999975528556976;1.0;1.024999976158142;
2016-09-30 04:15:00;0.9999999999999999;0.9999674965075291;1.0;0.9999969759282288;1.0;0.9999969965549071;1.0002131793544176;0.9999701651184554;0.9999931871900342;1.0;0.999985401176514;1.0;1.000026242418178;1.0;0.9999409582058707;0.9999423193522171;0.999943639854807;0.9999989706582136;0.9999989602436802;0.9999953810391868;1.0;0.9999721813181631;0.9999432205207419;1.0001998048542067;1.0002190723046056;0.9999942787115573;0.9999747513688053;0.9999984245773206;0.9997967361584987;0.9996394124935168;0.999516701631484;0.9994645822398273;0.9999956686897324;0.9992603217927039;0.9992081199404024;0.9995351555269072;0.9997312793884374;1.0;1.0;0.9999967069357115;0.9999960333073005;0.9999973958463788;1.0;1.024999976158142;
2016-09-30 04:30:00;1.0;0.999981314474015;0.9999999999999999;0.9999984747328821;1.0;0.9999981571463178;1.0002104233530036;0.9999861438198155;0.9999953216253283;1.0;0.9999917483280497;1.0;1.000026197263285;1.0;0.9999740825724942;0.9999745657956624;0.9999750802837662;0.9999992143029839;0.9999992097884093;0.9999971152649538;1.0;0.9999829638026022;0.9999748899287396;1.0001976915625832;1.0002158090356719;0.9999969461645608;0.9999845591769183;0.9999990353183411;0.9998075493130535;0.9996598993418235;0.9995423427628908;0.9994947413111899;0.9999974415067256;0.9993135645191283;0.999266152454264;0.9995555415335373;0.9997425081854439;0.9999999999999999;1.0;0.9999980949022648;0.999997684742176;0.999998172341493;0.9999999999999999;1.024999976158142;
2016-09-30 04:45:00;1.0;0.9999788763735765;1.0;0.9999982219374518;1.0;0.9999976862905889;1.0002105663991454;0.9999865460441869;0.9999936473322281;1.0;0.9999916882191637;1.0;1.000026703313083;1.0;0.9999755049268774;0.999976404833272;0.999976917873646;0.9999996968540166;0.999999693514238;0.9999966194063385;1.0;0.9999819715471923;0.9999767617326899;1.0001978674250895;1.0002158324236121;0.9999971753295062;0.9999843644077783;0.9999987890122496;0.999805712249692;0.9996528991971286;0.9995280401519631;0.9994740809626461;0.9999962999304967;0.999269690137424;0.9992227450472467;0.9995422786143883;0.9997352620630892;1.0;1.0;0.9999972197729488;0.9999982139384034;0.9999977059254671;1.0;1.024999976158142;
2016-09-30 05:00:00;1.0;0.9999853267218815;1.0;0.9999983929231987;1.0;0.9999982053190932;1.00021177876821;0.9999867382086107;0.9999957892682455;1.0;0.9999935123388943;1.0;1.0000269403317184;1.0;0.9999747956839807;0.9999753615901447;0.9999759187475891;0.9999997872351907;0.9999997849982828;0.999997499951466;1.0;0.999987265389107;0.9999757573453923;1.0001989448995086;1.0002171091695538;0.9999974599917294;0.9999887844987059;0.9999990611547734;0.9997919707067479;0.9996374781666577;0.9995068366211144;0.9994521078577634;0.9999975765228992;0.9992810066023192;0.9992365923855223;0.999496662126936;0.9997097475541746;1.0;1.0;0.9999981818885724;0.9999984443711786;0.9999984096673675;0.9999999999999999;1.024999976158142;
2016-09-30 05:15:00;1.0;0.9999726471476489;1.0;0.9999983633782932;1.0;0.9999982917802727;1.0002134931427018;0.9999833724464898;0.9999946993660617;1.0;0.9999902377398029;1.0;1.000027013297664;1.0;0.9999659728093121;0.9999679862327511;0.9999688153045503;0.9999996462952391;0.9999996409001586;0.9999970581859439;1.0;0.9999795715257529;0.9999685725353255;1.0002005057778864;1.0002189335285214;0.9999969618190695;0.9999821748254276;0.9999991045996802;0.999803778572518;0.9996552361052338;0.9995250513877519;0.999471217278269;0.9999957567053385;0.999300058020923;0.9992603768276086;0.999516960799581;0.9997208973932558;0.9999999999999999;1.0;0.9999966887266591;0.9999980555190685;0.9999983507768219;1.0;1.024999976158142;
2016-09-30 05:30:00;1.0;0.9999739655209389;1.0;0.9999979552762042;1.0;0.999997898624611;1.000213100060998;0.999980089679235;0.9999945405291764;1.0;0.9999895396702622;0.9999999999999999;1.0000267850778926;1.0;0.9999602226512107;0.9999617334364782;0.9999626570229064;0.9999994838825328;0.9999994775621;0.999996676453249;1.0;0.9999791555404437;0.9999623780190583;1.0002000228418102;1.0002186545744094;0.9999962745345305;0.9999814993132954;0.9999988985099968;0.9997910120067173;0.9996490923080191;0.999527188494634;0.9994842723977243;0.9999961460356236;0.9993279977766902;0.9992884352331882;0.9995343678819326;0.9997307464809804;0.9999999999999999;1.0;0.9999970323276547;0.9999975464831142;0.9999980988623592;1.0;1.024999976158142;
2016-09-30 05:45:00;1.0;0.9999758375494522;1.0;0.999997575447103;1.0;0.9999974351328663;1.0002156873860235;0.9999766831522892;0.9999944216702744;1.0;0.9999882417859535;0.9999999999999999;1.0000264901938625;1.0;0.9999551398475558;0.99995562306157;0.9999565574590529;0.9999988679487686;0.9999988596637388;0.9999961050863881;1.0;0.999977486869006;0.9999562324285391;1.0002023529018245;1.000221503646041;0.9999952036214613;0.9999792508557657;0.9999986556189122;0.9997146981444949;0.999562536439122;0.9994343865131985;0.9994008942167835;0.9999970341789128;0.9992221457151403;0.9991781684658481;0.9994790719929111;0.9996924677357119;0.9999999999999999;1.0;0.9999978012509602;0.9999964489147624;0.9999976931923792;1.0;1.024999976158142;
2016-09-30 06:00:00;0.9999999999999999;0.999979390475724;1.0;0.9999981094065512;0.9999999999999999;0.9999976359902868;1.000220426570537;0.9999847036581667;0.9999939682386044;0.9999999999999999;0.9999911018242027;0.9999999999999999;1.0000276956142442;1.0;0.9999719932174806;0.9999725813867061;0.9999731455613329;0.9999994241511929;0.9999994198411197;0.9999965302930248;1.0;0.9999814009235776;0.9999729568572476;1.0002070844927229;1.0002260282925257;0.9999967207245446;0.9999834865658457;0.9999987624847644;0.9994992482720579;0.9993402296710621;0.9992012706822367;0.9992083249697644;0.9999967329443987;0.9990298942960663;0.9989877822363523;0.9993408352460603;0.9996040791590355;1.0;1.0;0.9999975709618325;0.9999977385470655;0.999997697533685;1.0;1.024999976158142;
2016-09-30 06:15:00;1.0;0.9999785492253009;1.0;0.9999985397300725;1.0;0.9999983786214341;1.0002205891970477;0.9999866246086431;0.9999951919989473;1.0;0.9999922810826934;1.0;1.0000281351280262;1.0;0.9999732781628704;0.999974788967863;0.9999754332552252;0.9999998378221842;0.9999998350355505;0.9999974172567946;1.0;0.999983739268596;0.9999752524937416;1.0002072700203042;1.000226091856796;0.9999975565447254;0.9999859588138452;0.9999991514628664;0.9995112670121141;0.9993593521269992;0.9992227491267872;0.9992319128593277;0.9999964409086791;0.9990641436408986;0.9990265237925748;0.9993599226313402;0.9996129481485083;1.0;1.0;0.9999972449096841;0.9999985390212419;0.9999984506694284;1.0;1.024999976158142;
2016-09-30 06:30:00;1.0;0.9999636379828818;1.0;0.9999972867000103;1.0;0.9999973513033176;1.0002296438159752;0.9999729911040847;0.9999928203529248;1.0;0.9999861309800689;1.0;1.0000289947006642;1.0;0.9999448923714588;0.9999474530258932;0.9999487924672729;0.9999995850000664;0.9999995764726471;0.9999957453571717;1.0;0.9999724406667249;0.9999484112266376;1.0002154047645284;1.0002357266919175;0.9999952322784672;0.9999758249087349;0.9999986106487488;0.999429157959826;0.9992347491581752;0.9990515079198764;0.9990336124031932;0.9999944060827386;0.9987188407770822;0.998676577532236;0.999226495550005;0.9995303543588767;1.0;1.0;0.9999956465324938;0.9999970659295229;0.9999976667334654;1.0;1.024999976158142;
2016-09-30 06:45:00;1.0;0.9999600350296156;1.0;0.9999985052437075;1.0;0.9999984753863758;1.0002336164297287;0.9999815130185721;0.9999936336352905;1.0;0.9999871199100818;0.9999999999999999;1.0000293642628695;0.9999999999999999;0.999960373855192;0.9999637711702418;0.999964781323226;0.999999401081844;0.999999390715197;0.9999966769978339;1.0;0.9999717285192559;0.9999644737558175;1.0002194520490637;1.0002395717320192;0.9999966169558209;0.9999753861135914;0.999999197941868;0.9993425647050179;0.9991173367891459;0.9989307335364086;0.9989164627349874;0.9999940055179375;0.9985548479670048;0.9984888959723681;0.9991465493902607;0.9994810195774295;1.0;0.9999999999999999;0.9999952529900988;0.9999976620231924;0.9999982982336518;0.9999999999999999;1.024999976158142;
2016-09-30 07:00:00;0.9999999999999999;0.9999751685479435;1.0;0.9999983775577529;1.0;0.9999979337258794;1.000234702161572;0.9999856588220593;0.9999939090789818;1.0;0.9999904692943835;1.0;1.0000294763360058;1.0;0.9999728799118212;0.9999740757249129;0.9999746486884499;0.9999993612595394;0.9999993555451685;0.9999966484849928;1.0;0.9999792746950477;0.9999744532641469;1.0002205700403781;1.000240610666278;0.9999969077148315;0.9999817098535683;0.9999989174915974;0.9991566092512476;0.9989286375908237;0.9987372818237771;0.9987615442041048;0.9999961487313216;0.998449962004059;0.9983854831209223;0.9990094479144367;0.9994042367956333;1.0;0.9999999999999999;0.9999970737112412;0.9999977869870247;0.9999978530742146;1.0;1.024999976158142;
2016-09-30 07:15:00;1.0;0.9999725555029871;1.0;0.9999979997804882;1.0;0.9999976253016007;1.0002421858627435;0.9999816497184977;0.9999935024014515;1.0;0.9999889014356005;0.9999999999999999;1.0000302616227406;1.0;0.9999648494541327;0.9999660643397394;0.9999668147106955;0.9999992019746254;0.9999991944634394;0.9999962073134321;1.0;0.9999767345321433;0.9999665614789528;1.0002274895535332;1.0002484022393494;0.999996159726173;0.9999792658019955;0.9999987551069343;0.9990279953427198;0.9987813678849898;0.9985629844391672;0.9985934195584502;0.9999959457925501;0.9982575354718896;0.9981961955397756;0.9988671050596175;0.999322650153582;1.0;0.9999999999999999;0.9999969250195975;0.9999972475087718;0.9999976409687962;1.0;1.024999976158142;
2016-09-30 07:30:00;1.0;0.9998290381685282;1.0;0.9999942293568527;1.0;0.9999953517487559;1.0002699902188625;0.9999210541689842;0.9999769936781532;1.0;0.9999483276394401;0.9999999999999999;1.0000333671280794;1.0;0.9998223983551576;0.9998395657777466;0.9998444431905759;0.9999989200995367;0.9999987946489495;0.999988319960684;1.0;0.9998881219333482;0.9998430852197331;1.0002522840532242;1.0002780497756745;0.9999873107606263;0.9999038268531615;0.9999974930264696;0.9990395062299877;0.9987961562032901;0.9985861508968384;0.9986272157631799;0.999973857765301;0.9982974902785623;0.9982335443119884;0.9989110199021893;0.9993338467021824;1.0;1.0;0.9999790034720151;0.9999921952674257;0.999995076152625;1.0;1.024999976158142;
2016-09-30 07:45:00;1.0;0.9998868007700465;1.0;0.9999954909317629;1.0;0.9999961972307322;1.000272743609434;0.9999418833844246;0.9999840457800682;1.0;0.999963836922302;1.0;1.0000337352336297;1.0;0.9998722866393173;0.9998828825458559;0.9998862672928585;0.9999988787133687;0.9999988162235268;0.9999914125629482;0.9999999999999999;0.9999232746027717;0.9998852988340879;1.000255292710686;1.0002805301645499;0.9999902815226535;0.9999334188181814;0.9999979740915581;0.9989444142100676;0.9986521698212731;0.9983879345106029;0.9983956568420265;0.9999830702020175;0.9979174289246777;0.9978498868985611;0.9987382033476766;0.9992160315620254;1.0;0.9999999999999999;0.999986468046054;0.9999937812683463;0.9999961655700159;1.0;1.024999976158142;
2016-09-30 08:00:00;1.0;0.9999456873189075;1.0;0.9999955300520705;1.0;0.9999963064345866;1.0002592522838374;0.9999525401471957;0.9999911329746366;1.0;0.9999785011611307;1.0;1.0000326005052715;1.0;0.9999007157068674;0.9999049080466607;0.9999073885652556;0.999999473146141;0.9999994471904561;0.999994085019778;1.0;0.9999601267579726;0.9999066994984452;1.0002426187399902;1.000266592672612;0.9999921119301887;0.9999647018351784;0.999998052325752;0.9990038862873527;0.9987415907872694;0.9985152131968339;0.9985429349031978;0.999992143635919;0.9981904236995893;0.998122354288196;0.9988255423968718;0.9992744702010234;1.0;1.0;0.9999938111715866;0.9999952782844903;0.9999971980604135;1.0;1.024999976158142;
2016-09-30 08:15:00;1.0;0.9999663865235056;0.9999999999999999;0.9999962565954976;1.0;0.9999963235135464;1.0002611480707149;0.9999657174803338;0.9999920186061311;1.0;0.9999847820847646;1.0;1.000032899221934;1.0;0.9999322389865042;0.9999338291634349;0.999935396810851;0.9999994747099227;0.9999994649641821;0.9999947898919344;1.0;0.9999718667164846;0.9999349478434596;1.0002447977415179;1.0002682061830819;0.9999938166134472;0.9999749109435209;0.9999980720108981;0.9989534724072807;0.9986578250069037;0.9983912298792593;0.9983910138433598;0.9999949287697398;0.9979987978921135;0.9979304715382487;0.9986647963635054;0.999174773446675;1.0;1.0;0.9999961448598599;0.9999962058147935;0.9999969998042125;1.0;1.024999976158142;
2016-09-30 08:30:00;1.0;0.9999481074014656;1.0;0.9999938033481569;1.0;0.9999944484820953;1.0002778791646694;0.9999421346323901;0.9999886422756926;1.0;0.9999768262507122;0.9999999999999999;1.000035348553195;0.9999999999999999;0.9998828967347599;0.9998861376842253;0.9998889848307485;0.9999998760524967;0.9999998548048987;0.9999923727221347;0.9999999999999999;0.9999592973249305;0.9998882276263729;1.0002598026431158;1.0002858706134385;0.9999903722914972;0.9999640823978103;0.9999970824420186;0.9986801508732638;0.9982237208282876;0.9979712636107838;0.9979667291535063;0.9999918832082811;0.9972942071286371;0.9970819190364634;0.9984287128247996;0.9990336506755001;1.0;1.0;0.9999937425746155;0.9999946737959657;0.9999959080036446;1.0;1.024999976158142;
2016-09-30 08:45:00;1.0;0.9999343617746165;1.0;0.9999887082833436;0.9999999999999999;0.9999911113506568;1.0002765266445561;0.9998914545069582;0.9999871195377155;1.0;0.9999641611698767;1.0;1.0000348909513712;1.0;0.9997783811865125;0.9997818573050609;0.9997872502320168;0.9999998378221837;0.999999777188966;0.9999888020791915;1.0;0.9999463451667759;0.9997858210713599;1.0002567579741888;1.0002859580693217;0.9999825349989403;0.9999511683895685;0.9999953077892747;0.9989679621867359;0.9986353001006288;0.9984093914234984;0.9984154517914343;0.9999909816624044;0.9980050737309739;0.9978779711378568;0.9987100296212755;0.9991779855962881;1.0;1.0;0.999993063159193;0.9999903897071292;0.9999947055967067;1.0;1.024999976158142;
2016-09-30 09:00:00;1.0;0.9999085542538462;1.0;0.9999863816351093;1.0;0.9999886233908498;1.000282581986434;0.99987105849853;0.9999808519221137;1.0;0.9999538630648759;1.0;1.0000353653012266;1.0;0.9997381797064074;0.9997431986083283;0.999749535860732;0.9999996049090487;0.9999995041125823;0.9999851618030154;1.0;0.9999258088497116;0.9997478421138662;1.0002619416386787;1.0002926250197595;0.9999787994704847;0.9999332477843677;0.9999939799698667;0.9989707111805257;0.9986319856204688;0.9983987783104121;0.9983985380760472;0.9999867388701899;0.9979739836041057;0.9978466181456942;0.9986944506071085;0.9991695106527183;0.9999999999999999;1.0;0.9999898112106621;0.9999881644055912;0.999992523192573;1.0;1.024999976158142;
2016-09-30 09:15:00;0.9999999999999999;0.9999425785135558;0.9999999999999999;0.9999931379214838;1.0;0.9999940558545305;1.0002692586623418;0.9999329840579599;0.9999886144509055;1.0;0.999973058291099;1.0;1.0000334944455072;1.0;0.9998640630893385;0.9998672152915663;0.9998704609966418;0.9999991713292863;0.9999991336756453;0.9999916332966031;1.0;0.9999534029307432;0.9998695496070388;1.0002513986277697;1.0002774170112194;0.9999885208632332;0.9999580025212909;0.9999968671979723;0.9989640342631534;0.9986305749670901;0.9984046935445842;0.998409405782323;0.9999919633071553;0.9979784358935379;0.9978503079340072;0.9987159996452656;0.9991900603044129;0.9999999999999999;1.0;0.9999938113985888;0.9999930768717871;0.9999956986059712;0.9999999999999999;1.024999976158142;
2016-09-30 09:30:00;1.0;0.9999438652670812;1.0;0.9999950103475376;0.9999999999999999;0.9999948720735087;1.0002682318699032;0.9999532545219183;0.9999874581295237;1.0;0.999976576509518;1.0;1.000033248843108;1.0;0.9999073995922918;0.9999103990679135;0.999912533727688;0.9999989507448491;0.9999989225416307;0.9999922414593777;1.0;0.9999541853621684;0.9999118989605915;1.0002511981553672;1.0002757736070025;0.9999912766626391;0.9999593080964794;0.9999973011940464;0.9988923062675277;0.9985009289714828;0.9982820265168943;0.998278394697274;0.9999915757285692;0.9977513278831736;0.9975695474189707;0.9986399127499366;0.9991583208053866;0.9999999999999999;1.0;0.9999935511174532;0.9999943863887532;0.9999954981517291;0.9999999999999999;1.024999976158142;
2016-09-30 09:45:00;1.0;0.9999335702361051;1.0;0.9999858312320473;1.0;0.9999893401227875;1.0002840844938992;0.9998633530118385;0.9999875186556615;0.9999999999999999;0.999958668392791;0.9999999999999999;1.0000357394376989;1.0;0.9997207261128418;0.9997236423669598;0.9997304238859642;0.9999998561391135;0.9999997630509232;0.9999872337322115;1.0;0.9999436009093342;0.9997286309533994;1.0002628384782801;1.000294544614326;0.9999782481957059;0.999947672833809;0.9999943569289158;0.9988820679972332;0.9984990240981328;0.998274737521615;0.9982786180806095;0.9999916800718951;0.9977902878342341;0.9976197163405143;0.99862414893079;0.9991284292555097;1.0;1.0;0.9999936367401039;0.9999880788485569;0.9999943040379421;1.0;1.024999976158142;
2016-09-30 10:00:00;1.0;0.9999552431447372;1.0;0.9999945266713943;0.9999999999999999;0.9999953019046658;1.0002713643655352;0.9999476282631139;0.9999908589095707;0.9999999999999999;0.9999796164393454;0.9999999999999999;1.0000344856563734;0.9999999999999999;0.9998932509162194;0.999896104078597;0.9998987115130583;0.9999998378221838;0.999999816892279;0.9999935463487568;1.0;0.999965057603838;0.9998980146477404;1.0002537982707889;1.0002791033695102;0.9999913666936758;0.9999689663901544;0.9999975291797163;0.9988990291817209;0.9985104040332352;0.9982848948538229;0.9982779994897653;0.9999932494937518;0.9977666241380462;0.9975921403808831;0.9986249593959876;0.9991271881065213;1.0;1.0;0.9999947761030293;0.9999951809254771;0.9999966848914345;1.0;1.024999976158142;
2016-09-30 10:15:00;0.9999999999999999;0.9999534437888046;1.0;0.9999973827367116;0.9999999999999999;0.9999967643586545;1.0002681934820266;0.9999771378173455;0.9999892016407401;1.0;0.9999845345370817;1.0;1.0000341736670586;1.0;0.9999547276701536;0.9999582076469627;0.9999593100189238;0.9999997764987809;0.999999765239583;0.9999946537320819;1.0;0.9999654265235163;0.9999590045291844;1.0002519333576092;1.000274944025569;0.9999956806607387;0.9999705443759416;0.9999983014752815;0.998805122498044;0.9983871111199881;0.9981550039094386;0.9981502888078282;0.9999919231907877;0.9975555140283643;0.9973606276233227;0.9985573404565075;0.9991036290421687;1.0;1.0;0.9999937414888322;0.9999974689472143;0.9999966535195153;1.0;1.024999976158142;
2016-09-30 10:30:00;0.9999999999999999;0.9999370682331248;1.0;0.9999968811380311;1.0;0.9999966439869427;1.0002793659250375;0.999964970371472;0.9999888677962028;1.0;0.9999772263544628;1.0;1.0000341446981724;1.0;0.9999283356701154;0.9999325248685837;0.9999341962787367;0.9999983592058151;0.9999983308533138;0.9999935820089267;1.0;0.9999515083926649;0.999933641823397;1.000262111738943;1.0002869185201133;0.999993024031253;0.9999569083257881;0.9999982296969095;0.9986875777434218;0.9981919088665021;0.997948801858084;0.9979291921268533;0.9999911187856932;0.9972006254157296;0.9969483858156624;0.9984092104823401;0.9990139908344305;1.0;1.0;0.9999930726973303;0.9999948374602153;0.9999964764276353;1.0;1.024999976158142;
2016-09-30 10:45:00;1.0;0.9999530278025561;0.9999999999999999;0.9999970160885376;1.0;0.9999968210879142;1.0002835880359537;0.9999684411442377;0.9999910640901217;1.0;0.9999813100691094;1.0;1.0000347889036596;1.0;0.999936954035299;0.9999394509967274;0.9999408576896895;0.9999984618871907;0.999998440055245;0.9999944467483002;1.0;0.9999616137030698;0.9999403800259448;1.0002661074005506;1.0002912020941612;0.9999936112147283;0.9999654370988635;0.9999983262173054;0.9986721513558396;0.9981877825019573;0.9979160147340057;0.9978896503627356;0.9999936688006954;0.9971972069346074;0.9969749480834037;0.9983371007681178;0.9989590663164771;0.9999999999999999;1.0;0.9999951229454872;0.9999952428991932;0.9999968701092512;1.0;1.024999976158142;
2016-09-30 11:00:00;1.0;0.9999660597668515;1.0;0.9999980550012625;1.0;0.9999976960297078;1.0002765725059828;0.9999807621030399;0.9999928629652852;1.0;0.9999873806452971;1.0;1.0000346171211603;1.0;0.99996210952143;0.999964075087964;0.9999649212202435;0.9999991406795506;0.9999991319751503;0.9999960005650447;1.0;0.9999728411477505;0.9999646385156978;1.0002598515745975;1.000283610277151;0.9999960289705959;0.9999759704557829;0.999998791477072;0.9987313483952465;0.9982681037328968;0.9979984409830663;0.9979685395637097;0.9999949651778755;0.9973190380543975;0.9971131236420723;0.9983817250892177;0.9989936655714156;1.0;1.0;0.9999961240909725;0.9999971250185279;0.9999975980178251;1.0;1.024999976158142;
2016-09-30 11:15:00;1.0;0.9999612938920024;1.0;0.9999979025118463;1.0;0.9999977058865774;1.0002728099783378;0.9999748954251014;0.999993459763123;1.0;0.9999837971226049;1.0;1.0000328988450988;0.9999999999999999;0.9999502523005716;0.9999517630707755;0.9999527853202166;0.9999979287791382;0.9999979109386522;0.999995538697968;1.0;0.9999664838457393;0.9999523713465557;1.000256141765755;1.000280121804583;0.999994382633625;0.9999690462843062;0.999998792560455;0.9987606732321698;0.9983200086604908;0.9980606866063539;0.9980403529615887;0.999995656659386;0.9973697044305233;0.9971744819758177;0.9984791838177413;0.9990519258108483;1.0;0.9999999999999999;0.9999966794920264;0.9999952145482662;0.9999975402037468;1.0;1.024999976158142;
2016-09-30 11:30:00;1.0;0.9999498805631402;0.9999999999999999;0.9999962459911532;1.0;0.9999963443225115;1.0002809281432838;0.9999571314852321;0.9999916617725951;1.0;0.9999767307898698;1.0;1.0000330531271713;1.0;0.9999148058366714;0.999916294226789;0.9999180850717185;0.9999971106131834;0.9999970796577818;0.9999935458692171;1.0;0.9999549984503457;0.9999174116803246;1.0002632403051113;1.0002890306203658;0.9999909763314461;0.9999578931275209;0.9999980728438973;0.9985962622670169;0.9980773095775898;0.9977641118109906;0.9977136072781729;0.9999948622903668;0.996807748662722;0.9965835939428516;0.9982745716770157;0.9989498361839942;1.0;1.0;0.9999961095928148;0.9999926799654267;0.9999965832617781;1.0;1.024999976158142;
2016-09-30 11:45:00;1.0;0.999920652128587;1.0;0.9999925040011891;1.0;0.9999891191579091;1.0002856671486462;0.9999525838466878;0.999970541175029;1.0;0.9999677270959391;1.0;1.000035345308874;1.0;0.9999218433715278;0.9999237038423421;0.9999250880898127;0.9999987560905428;0.9999987086659231;0.9999847861288005;0.9999999999999999;0.9999270718430376;0.9999246369553669;1.0002680211085773;1.000293311807773;0.9999888538903963;0.9999371060143779;0.9999942783311144;0.998701017521192;0.9982269636639359;0.9979483102532996;0.9979169688372762;0.9999849579355389;0.9971826875016645;0.9969729151294162;0.9983855544001219;0.9989862908771759;1.0;1.0;0.9999889227207014;0.9999929042018386;0.999988935785292;1.0;1.024999976158142;
2016-09-30 12:00:00;1.0;0.9998792090273702;1.0;0.9999882909042801;1.0;0.9999810586855996;1.0003011301639992;0.9999426112027051;0.9999470585185275;1.0;0.9999531743161428;1.0;1.0000378045727565;1.0;0.9999196359760156;0.9999217956557391;0.9999228536687256;0.9999991912382554;0.9999990714872727;0.9999743298811467;1.0;0.9998866387325813;0.9999225188086599;1.0002828300395334;1.0003088475929474;0.9999847684507248;0.9999044217450543;0.9999900099300844;0.9986978097829683;0.9981995850333337;0.9978960799965984;0.9978426885541329;0.9999740555091698;0.9971221952962289;0.9969095052801029;0.9982735452675269;0.998925590746745;0.9999999999999999;1.0;0.9999810248565181;0.9999910349183664;0.999980218006116;1.0;1.024999976158142;
2016-09-30 12:15:00;1.0;0.9999300456862967;1.0;0.999996641487284;1.0;0.9999949640678093;1.0002917241920668;0.9999694393012267;0.9999833836134946;1.0;0.9999740173123935;1.0;1.0000348167574629;1.0;0.9999442718629403;0.9999472747066831;0.9999483047893702;0.9999974000998614;0.9999973582173489;0.9999910726772449;1.0;0.9999403648016532;0.9999478516901723;1.0002740752691268;1.0002994687760343;0.9999922491740317;0.9999469274231946;0.9999973432551734;0.9985608755736738;0.9980111286608309;0.997667090561029;0.997593900756149;0.9999897301313571;0.9965957944521169;0.9963671874162968;0.9981886813419264;0.9988790758563681;1.0;1.0;0.9999922200548872;0.9999936097241424;0.9999941311586306;0.9999999999999999;1.024999976158142;
2016-09-30 12:30:00;0.9999999999999999;0.9998284537164662;1.0;0.9999913309959473;1.0;0.9999862012748526;1.0003131712138564;0.999920767916596;0.9999579597107974;1.0;0.9999295350192703;1.0;1.0000299518691635;1.0;0.9998630222407487;0.999866231529439;0.9998681899217646;0.9999898711643821;0.9999896124168116;0.9999755861438677;1.0;0.9998394950152355;0.9998669649564199;1.0002936110201852;1.0003233429495029;0.9999770524973932;0.9998535297149799;0.99999263021651;0.9986469073506874;0.9981349414938738;0.9978166091002918;0.9977627469105675;0.9999780217681699;0.996890981882091;0.9966762029075851;0.9982959589231993;0.9989402913972039;1.0;0.9999999999999999;0.9999837517622866;0.999979021481795;0.9999837043777902;1.0;1.024999976158142;
2016-09-30 12:45:00;1.0;0.9998438496635935;1.0;0.9999936284295642;1.0;0.999991286121471;1.0003052499096106;0.9999250307811028;0.999971032506222;1.0;0.9999390176382545;1.0;1.0000306345117083;1.0;0.9998559641679321;0.9998620742258033;0.9998647603206166;0.9999916025523706;0.9999914078037435;0.9999823257648989;1.0;0.9998649376312242;0.9998634654299237;1.0002859269693127;1.0003151058452984;0.9999808477006353;0.9998764136457818;0.9999953296994306;0.9986784137422065;0.9981697014022237;0.997865839169675;0.9978129146310012;0.9999812732971463;0.9969325558871137;0.9967102336594287;0.9983526858658235;0.9989724728801644;1.0;1.0;0.9999857332871638;0.9999825429433276;0.9999894717877185;1.0;1.024999976158142;
2016-09-30 13:00:00;0.9999999999999999;0.9998733348011869;1.0;0.9999966790962584;0.9999999999999999;0.9999961504092513;1.0002889188412947;0.9999471536117932;0.9999821568048356;1.0;0.9999561708790746;1.0;1.0000318974673637;1.0;0.9998887481773568;0.9998971391510181;0.9998996313835607;0.9999949058100964;0.9999948134954942;0.9999895733203052;0.9999999999999999;0.9999023000771367;0.9998986190271822;1.000270922911215;1.0002974812191858;0.9999880053879283;0.9999117696692966;0.9999979366948616;0.9986274393515524;0.9981230449661926;0.997805345752218;0.9977540764665233;0.9999842177573899;0.9968246371073691;0.9966147093505785;0.9983290899189903;0.9989871283040251;0.9999999999999999;1.0;0.9999875711147477;0.9999892103448111;0.9999947135153793;1.0;1.024999976158142;
2016-09-30 13:15:00;0.9999999999999999;0.9999534668673102;1.0;0.9999973658802028;1.0;0.9999971613477553;1.0002815479804645;0.999971580568081;0.9999913597549406;1.0;0.9999823620289847;0.9999999999999999;1.0000347422953748;1.0;0.9999426949933939;0.9999454813665706;0.9999467860873584;0.9999986565370383;0.9999986392164217;0.9999948530916697;1.0;0.9999630654614964;0.9999463488783791;1.0002642903132675;1.0002889944735522;0.9999942867109397;0.9999669927443564;0.9999985068866191;0.9984902061440929;0.997909710530635;0.9975347062230632;0.9974422356908667;0.999993534418962;0.9962795201499904;0.9960451051219771;0.9981236136231346;0.9988637465077199;1.0;1.0;0.9999949898487903;0.9999957730752843;0.9999971155121361;1.0;1.024999976158142;
2016-09-30 13:30:00;1.0;0.9999301272825681;1.0;0.9999944988947755;1.0;0.9999929109766965;1.0002845541438457;0.999957174758552;0.9999800878922104;1.0;0.9999731875241099;1.0;1.0000354685786654;1.0;0.9999208541353499;0.9999242067260393;0.9999259032982809;0.9999990288256133;0.99999899566604;0.999989427956371;1.0;0.9999416766282913;0.9999253891762242;1.000266899524938;1.00029218443401;0.9999910971806664;0.999949446378703;0.9999962718924543;0.9985283476718352;0.9979825643756693;0.9976803547070492;0.9976392242729482;0.999987913661826;0.9966701728396051;0.9964158242411806;0.9982558698866341;0.9989262555834173;1.0;1.0;0.9999908668308229;0.9999943527979313;0.9999929429280854;1.0;1.024999976158142;
2016-09-30 13:45:00;0.9999999999999999;0.9999069062184678;1.0;0.999991327739656;1.0;0.9999874977103771;1.000285198951008;0.9999473428987169;0.9999653252051446;1.0;0.9999645315945719;1.0;1.0000363026022054;1.0;0.9999122465655168;0.9999157073134309;0.999917409024111;0.9999997764987811;0.9999997144109461;0.9999827728280178;1.0;0.9999188155095216;0.9999169459709569;1.0002675167403159;1.0002926986679035;0.9999883144382201;0.9999314033858797;0.9999934183304015;0.9986159945170271;0.9981014765088647;0.9977991598556623;0.9977534782290636;0.9999811342978329;0.9968348315410207;0.9966061557058342;0.9983287053148159;0.9989791624829794;1.0;1.0;0.9999859657476264;0.9999934634628469;0.9999874243422533;1.0;1.024999976158142;
2016-09-30 14:00:00;1.0;0.9999271374990599;0.9999999999999999;0.9999944701780034;0.9999999999999999;0.9999912293280186;1.0002704732909278;0.9999689241453191;0.9999736321648764;0.9999999999999999;0.9999740709486757;1.0;1.0000343026141016;1.0;0.9999512533940719;0.9999542307487387;0.99995508547147;0.9999995957364666;0.9999995605463403;0.9999874331565174;1.0;0.9999373856741087;0.9999548324142662;1.0002542048004728;1.0002772066411925;0.9999923823660708;0.9999472375184186;0.9999953892663476;0.9986671366469886;0.9981603355240967;0.9979010678775176;0.9978690867905305;0.9999853371442371;0.9970169230708007;0.9967644605659288;0.998415744164821;0.9990598516467045;1.0;1.0;0.9999890563213559;0.9999955227588807;0.9999906441173853;1.0;1.024999976158142;
2016-09-30 14:15:00;1.0;0.9999519206009247;1.0;0.9999938141033566;0.9999999999999999;0.9999941299663738;1.0002704329889696;0.9999426604550155;0.9999887016411784;1.0;0.9999760099023275;1.0;1.0000333556175736;1.0;0.999886892396861;0.9998885526736367;0.9998911232061228;0.999998838891055;0.999998804345965;0.999991889377759;0.9999999999999999;0.9999576156777207;0.9998903660092163;1.0002528310875733;1.0002784090804386;0.9999895381124793;0.999961492100652;0.9999969082863476;0.9987125941247474;0.998230029511428;0.9979376282902672;0.9978881231026371;0.9999933682772113;0.9971001976580679;0.9968910093273647;0.9983680022588196;0.9990434010502715;1.0;1.0;0.9999950110713823;0.9999933496327182;0.999995430987692;0.9999999999999999;1.024999976158142;
2016-09-30 14:30:00;1.0;0.9999296160137993;0.9999999999999999;0.9999858316376949;1.0;0.9999891999568096;1.000268965253197;0.9998607018868876;0.9999873454254551;1.0;0.9999556674575673;1.0;1.0000325851007172;1.0;0.9997166296837173;0.9997188492642491;0.9997255888536057;0.9999986565370386;0.9999985564882503;0.9999865998795066;0.9999999999999999;0.9999372634045726;0.9997237228570063;1.0002485712340041;1.0002793200014244;0.9999769793248044;0.9999409401563865;0.9999942815378674;0.9987860402981369;0.9983339043898122;0.9980775206765504;0.9980474121021327;0.999992236812517;0.9972545944363104;0.9970451652667025;0.9985544767966799;0.9991663840900282;1.0;1.0;0.9999941253107497;0.9999863837034796;0.9999939429984955;1.0;1.024999976158142;
2016-09-30 14:45:00;1.0;0.9999337953991685;1.0;0.9999924874897823;1.0;0.9999934749313207;1.0002568374101164;0.9999248560592839;0.9999874189381494;1.0;0.9999687437271899;0.9999999999999999;1.0000312241806448;1.0;0.999847762203105;0.9998510987139897;0.9998546819077757;0.9999985339469835;0.9999984876427269;0.9999905365161538;0.9999999999999999;0.99994527101699;0.9998536371105502;1.0002394869719735;1.0002650023810742;0.9999867865191647;0.999950234637418;0.9999965586976731;0.9988126055753082;0.9983972807623755;0.9981922704954619;0.998200792657368;0.9999912499806004;0.997548316121874;0.9973351462612537;0.9986626455067229;0.9992282065060878;0.9999999999999999;1.0;0.9999932740432088;0.9999916010733246;0.9999951659425967;1.0;1.024999976158142;
2016-09-30 15:00:00;1.0;0.9999389861881937;1.0;0.9999967539793878;1.0;0.999996563804082;1.0002551884320015;0.9999642141307197;0.9999890234833365;0.9999999999999999;0.9999776159411048;1.0;1.0000311315624408;1.0;0.9999269331026147;0.9999309667621226;0.9999326746412991;0.9999984650432264;0.9999984398518877;0.9999936067151457;1.0;0.9999528454031229;0.9999321180188918;1.0002393180362112;1.000262183142337;0.9999929792623728;0.999958096861662;0.9999981897711924;0.9987825072591161;0.9983335244539316;0.9981025640457776;0.998085683835907;0.9999913406639047;0.997331344743805;0.9971072777682252;0.9985837431928094;0.9991856336086917;1.0;0.9999999999999999;0.9999932521529578;0.9999949023552013;0.9999964880105044;0.9999999999999999;1.024999976158142;
2016-09-30 15:15:00;1.0;0.9999527972428279;1.0;0.9999975756863065;1.0;0.9999971711852025;1.0002506706614962;0.9999771803134478;0.9999900485321802;1.0;0.999984768142357;1.0;1.0000319813379728;1.0;0.9999533868755002;0.9999572645256095;0.9999584450440938;0.9999998469665659;0.9999998361030046;0.9999951000998486;1.0;0.9999661531879276;0.9999581239505979;1.0002354226978747;1.0002570096352394;0.9999958938590449;0.9999712108581706;0.9999985145199699;0.9988160000307712;0.9983836903391781;0.9981653795796958;0.9981552257970451;0.9999919413403625;0.9974413716406211;0.9972228564704325;0.9986343505962958;0.999212144879097;1.0;1.0;0.9999937047798053;0.9999976437764305;0.9999970788945604;1.0;1.024999976158142;
2016-09-30 15:30:00;1.0;0.9999556772297445;1.0;0.9999964224580199;1.0;0.9999964465780359;1.0002484759759815;0.9999643339890376;0.9999910934566821;0.9999999999999999;0.9999817131849378;0.9999999999999999;1.0000307561978075;1.0;0.99992844607364;0.9999309174297775;0.9999325731514609;0.9999989690943549;0.9999989520272173;0.9999943427368478;1.0;0.9999641919877151;0.9999320655805621;1.0002328867499233;1.0002553137590682;0.999993309347286;0.9999679678836306;0.9999981324542122;0.9988736038196366;0.9984682517500537;0.9982553302088447;0.9982480119737881;0.9999937024711465;0.9975971619200515;0.9973974680965612;0.9986873959800262;0.9992457631859211;0.9999999999999999;1.0;0.9999951504552086;0.9999955056350336;0.9999968517754292;1.0;1.024999976158142;
2016-09-30 15:45:00;1.0;0.9999288990555347;1.0;0.9999883678130712;1.0;0.9999908511199114;1.0002587218817107;0.9998837494009334;0.9999874467716819;1.0;0.9999594283995746;1.0;1.0000309544311887;1.0;0.9997637125964227;0.99976631412527;0.9997718888644553;0.9999982229581543;0.9999981359220191;0.9999879419862047;1.0;0.9999378461110839;0.9997702987049176;1.000239787755235;1.000268206744781;0.999980257187909;0.9999419337280826;0.999995156864396;0.9989663514791455;0.9985928145654307;0.9984067611866418;0.9984124725705862;0.9999919355195803;0.9978591103490347;0.9976680229823598;0.998802070331906;0.9993066343443749;1.0;1.0;0.9999938602574486;0.9999877972104622;0.9999943769179345;0.9999999999999999;1.024999976158142;
2016-09-30 16:00:00;1.0;0.999936308703711;0.9999999999999999;0.999990415230807;1.0;0.9999929517716505;1.0002536272005604;0.9999010582899346;0.9999904552787342;0.9999999999999999;0.9999658796916299;1.0;1.0000310637445056;1.0;0.9997956889541678;0.9997991237930871;0.9998040766992383;0.9999989185356724;0.9999988567791271;0.9999905386431583;1.0;0.9999481474393057;0.9998026987746739;1.0002355083568666;1.0002624372838034;0.9999837921107999;0.9999519264679959;0.999996272187192;0.9989322256574645;0.9985452257796067;0.998369067500543;0.9983804438182918;0.9999925294265097;0.9978184315254648;0.9976090619663273;0.9987833244445373;0.9993000776693407;1.0;1.0;0.9999941840962865;0.9999902998993521;0.9999959977684859;1.0;1.024999976158142;
2016-09-30 16:15:00;1.0;0.9999144632779496;1.0;0.9999875252301865;1.0;0.999990763819003;1.0002569226421907;0.9998704219759481;0.999987332279625;1.0;0.9999543618251777;1.0;1.0000306533160277;1.0;0.9997327025358573;0.9997371166673177;0.9997435585243981;0.9999982153731574;0.9999981120161563;0.9999874255508419;1.0;0.9999296993486029;0.9997417398742067;1.0002376546235694;1.0002667298235541;0.9999784980525376;0.9999346433112569;0.9999950994376143;0.9989109720691982;0.9985284932797482;0.9983648249932728;0.9983915546222456;0.9999902135077317;0.9978062694024401;0.9975921327380339;0.9988305063179417;0.9993285270844458;1.0;0.9999999999999999;0.9999923918271041;0.9999868362889724;0.9999946504968382;1.0;1.024999976158142;
2016-09-30 16:30:00;1.0;0.9999185629879404;1.0;0.9999866755110068;1.0;0.999989893766264;1.000258742679083;0.9998658162789703;0.9999865897046887;1.0;0.9999543612779905;1.0;1.0000311444082313;0.9999999999999999;0.999725026758202;0.9997287571898138;0.9997353551425608;0.9999984972522254;0.9999983859540784;0.9999867878572731;1.0;0.9999314124408456;0.9997335152149742;1.000239190751484;1.0002686869662725;0.9999777736649592;0.99993618826888;0.9999946376803951;0.9989798575937555;0.9986136393740218;0.9984369157155649;0.998448707367712;0.9999905102707108;0.9978911218939566;0.9976995808198601;0.998848853822746;0.9993387552506263;0.9999999999999999;0.9999999999999999;0.9999926914009832;0.9999866794032037;0.9999941390934496;1.0;1.024999976158142;
2016-09-30 16:45:00;1.0;0.9999336945818875;1.0;0.9999920651280655;1.0;0.9999935612647455;1.000251997716463;0.9999166532063528;0.999989230044168;0.9999999999999999;0.9999663632896044;1.0;1.0000297434420249;0.9999999999999999;0.9998302489124933;0.9998330349723353;0.9998369820719986;0.9999977204996638;0.9999976609333804;0.9999905244677991;1.0;0.9999432929862786;0.999835784580493;1.0002346154741633;1.0002604598879588;0.9999851402495818;0.999947240477779;0.9999965954346419;0.9989333273471036;0.9985468539281129;0.9983660406805818;0.9983742513975877;0.9999925704696221;0.9977611299411954;0.9975551661960693;0.9988076798926874;0.999316748120351;0.9999999999999999;1.0;0.9999942949120477;0.9999900254330147;0.9999955190876353;1.0;1.024999976158142;
2016-09-30 17:00:00;1.0;0.9999378465375955;1.0;0.9999865836590758;1.0;0.9999902554445387;1.0002570781557545;0.9998653474694817;0.9999902675392742;1.0;0.9999587123655586;1.0;1.0000310468854472;1.0;0.9997245981522758;0.9997264489996673;0.999733023525477;0.9999986381919155;0.9999985501268;0.9999880434898686;1.0;0.9999441911220373;0.999731199636802;1.0002374639467617;1.0002670892985326;0.999977962069494;0.999946757422897;0.9999948420860663;0.9989357137259796;0.9985397399612583;0.9983245339881549;0.9983090108551854;0.9999939036707585;0.9976529645358662;0.9974620972078441;0.9987403620897571;0.9992807463088601;1.0;1.0;0.9999953731610717;0.9999869025907185;0.9999949837626467;1.0;1.024999976158142;
2016-09-30 17:15:00;1.0;0.9999339911128176;1.0;0.9999957970394724;1.0;0.9999966881380407;1.000245337976232;0.9999512000244204;0.9999905533724559;1.0;0.999975804776316;1.0;1.00003056799696;1.0;0.9998957512235035;0.9999013496823027;0.9999040072458779;0.9999992402331368;0.9999992112374679;0.9999939524541851;1.0;0.9999532714660554;0.9999032553055139;1.0002295306143478;1.0002523849292109;0.9999919251135102;0.9999587555299506;0.9999982509315246;0.9989472463933978;0.9985619651319394;0.9983801863248681;0.9983834004744344;0.9999905929197968;0.9977362185828291;0.9975316801198041;0.9988331913480988;0.9993336171336885;1.0;1.0;0.999992517157596;0.9999949811218488;0.9999973428334188;1.0;1.024999976158142;
2016-09-30 17:30:00;0.9999999999999999;0.9999557568744165;0.9999999999999999;0.9999967932567854;1.0;0.9999970958466654;1.0002428812748412;0.9999660382408901;0.9999922853105845;1.0;0.9999829238134734;0.9999999999999999;1.0000304003471105;0.9999999999999999;0.9999296972763552;0.9999328877726964;0.9999346071143371;0.9999993306141586;0.9999993136923957;0.9999951550074995;1.0;0.9999667269481536;0.9999341081643556;1.000227646415935;1.0002494996175741;0.999994047657719;0.999970532435215;0.9999984718326225;0.9989178808865484;0.9985253948697477;0.9983465946636186;0.9983540701018936;0.9999935869690033;0.99772954068958;0.9975170936479775;0.99879430429657;0.9993115295032465;1.0;1.0;0.9999949771412803;0.9999962091734108;0.9999975279145941;1.0;1.024999976158142;
2016-09-30 17:45:00;0.9999999999999999;0.999947149415163;0.9999999999999999;0.9999966637969528;1.0;0.9999970423205718;1.0002448217920885;0.9999633517354571;0.9999912929943825;1.0;0.999980811155153;1.0;1.0000307159678388;1.0;0.9999229304375438;0.9999271832852314;0.9999291202225562;0.9999994042378141;0.9999993876126048;0.9999947832426251;1.0;0.9999618064073793;0.999928569229505;1.0002294223371218;1.0002515138597594;0.9999937439582932;0.9999664819449929;0.9999984439540934;0.9988848237363096;0.998474223554127;0.9982822119921496;0.9982811359526103;0.9999921588862023;0.9976049915845979;0.9973863379796123;0.9987455922771784;0.9992841517287293;1.0;0.9999999999999999;0.9999938146043073;0.9999961062459402;0.9999974234440384;1.0;1.024999976158142;
2016-09-30 18:00:00;1.0;0.9999662428671656;1.0;0.9999975762634805;1.0;0.9999977852608923;1.000246089576754;0.9999747078259;0.9999939850251678;1.0;0.9999872395949105;0.9999999999999999;1.0000311278039558;1.0;0.9999475721558744;0.9999501072325088;0.9999514032015092;0.9999996156454579;0.9999996067688139;0.9999963346597;1.0;0.9999749744063456;0.9999510355381172;1.0002308992518654;1.000252537627528;0.999995632772128;0.9999779925781902;0.9999988372791644;0.9988605568848679;0.9984187720339341;0.9981906400154288;0.9981589660993949;0.9999949533108322;0.9973658915424172;0.9971453591390566;0.99866311748287;0.9992371291387472;0.9999999999999999;1.0;0.9999960442316421;0.9999973087886846;0.9999981092100895;1.0;1.024999976158142;
2016-09-30 18:15:00;1.0;0.9999653141919409;1.0;0.9999982841140614;1.0;0.9999978270127959;1.000241318978428;0.9999837951509251;0.999992466412822;1.0;0.999988255706784;1.0;1.000030434595465;1.0;0.9999678997864704;0.9999703141315369;0.9999710658775707;0.9999994838825329;0.9999994760100402;0.9999961678451006;0.9999999999999999;0.9999736108324194;0.9999708320496312;1.0002267807937217;1.0002473719304734;0.9999967208142552;0.9999771507864441;0.9999988601334242;0.9990385878980791;0.9986577479465205;0.9984459036796388;0.9984117345813652;0.9999943803809422;0.9977500561538448;0.9975696824991271;0.9988218711406674;0.9993274529540203;1.0;1.0;0.999995646325977;0.9999977881049446;0.9999976373775522;1.0;1.024999976158142;
2016-09-30 18:30:00;1.0;0.9999578742033216;1.0;0.9999977870148691;1.0;0.9999973487382998;1.0002459610572467;0.999976993823208;0.9999915647146522;1.0;0.999984302510706;1.0;1.0000302409900532;0.9999999999999999;0.9999545826232484;0.9999569490984906;0.9999579453981188;0.9999987178365477;0.9999987035740486;0.9999951968474339;1.0;0.9999660278654169;0.9999575935688543;1.0002309731198396;1.000252410371447;0.9999951070650804;0.9999697363037453;0.9999986067736802;0.9989128505685417;0.9984919269807658;0.9982819892039764;0.9982590993605064;0.9999940117413265;0.9975391695709094;0.9973238924742358;0.9987245893867106;0.9992723074989119;1.0;1.0;0.9999953865317649;0.9999962694511697;0.9999971492632481;1.0;1.024999976158142;
2016-09-30 18:45:00;1.0;0.9999389258788121;1.0;0.999997317997613;1.0;0.9999968444596509;1.0002541982575097;0.9999701836886808;0.9999887400750093;1.0;0.9999786613634065;1.0;1.0000310209428536;0.9999999999999999;0.9999394571242175;0.9999435571877117;0.9999449556557249;0.999998455866329;0.9999984338529623;0.9999938404776183;1.0;0.9999530784845376;0.9999444797317238;1.0002386069883424;1.0002609877489688;0.9999938494209888;0.9999585478164098;0.9999983383963055;0.9987942384175038;0.9983168475368829;0.9980941856686504;0.9980651489718635;0.9999911390281597;0.997230755399799;0.9969767994728714;0.9986014863099276;0.999202582834569;1.0;1.0;0.999993098470161;0.9999953665959808;0.9999964791668581;1.0;1.024999976158142;
2016-09-30 19:00:00;1.0;0.9999285620254337;1.0;0.9999972977517847;1.0;0.999996950455102;1.0002540189404272;0.9999646902191947;0.9999886615763368;1.0;0.9999740853203611;1.0;1.0000298005781154;1.0;0.9999275439370807;0.9999319208284684;0.9999335309561136;0.9999972730248666;0.9999972384599904;0.9999932482012418;1.0;0.9999436527407096;0.9999329164584516;1.0002383159997152;1.000261123490326;0.9999923127911668;0.9999491703057282;0.9999983877887204;0.9988885368541603;0.9984367357384367;0.9982092982618428;0.9981686039915851;0.999990852316988;0.9973613264141208;0.9971317935416593;0.998670424584505;0.9992414960309598;1.0;0.9999999999999999;0.999992857043866;0.9999935395408646;0.9999963831756146;1.0;1.024999976158142;
2016-09-30 19:15:00;1.0;0.9999406599732327;1.0;0.999997089794594;1.0;0.9999964021385634;1.0002531698094868;0.9999701680582107;0.9999879308028559;1.0;0.9999787041631484;1.0;1.0000308697517573;1.0;0.9999410030672677;0.9999446037770745;0.9999459178856792;0.9999984343935332;0.999998412999672;0.9999934087281958;1.0;0.999953077442438;0.9999454626338774;1.0002376512273166;1.0002599291401935;0.9999936608305615;0.9999585352420286;0.99999810747601;0.9989130115499409;0.9984466218439603;0.9981849056517164;0.9981112461777718;0.9999912333816253;0.9972194037616712;0.9970006648589708;0.998627193371808;0.9992156270173074;0.9999999999999999;1.0;0.9999932290210489;0.9999952464719819;0.9999960471892114;0.9999999999999999;1.024999976158142;
2016-09-30 19:30:00;1.0;0.9999462020943837;1.0;0.9999970662452583;0.9999999999999999;0.9999962527976818;1.0002463530786856;0.9999704946183796;0.999988479454464;1.0;0.9999790675851111;1.0;1.0000294796814373;1.0;0.9999435005014691;0.9999458827011654;0.9999470306721651;0.9999979196064948;0.9999978979545681;0.9999933261804345;1.0;0.9999544291485;0.9999465830044808;1.0002312356525478;1.0002530467967667;0.9999932610969542;0.9999590379227016;0.9999980298181205;0.9990285580661188;0.9986063526630083;0.9983985260997087;0.9983500210984048;0.9999925971314969;0.9976309974246129;0.997412796227559;0.9987804171642349;0.9993036784897353;1.0;1.0;0.999994364725868;0.9999945979835502;0.9999958903109413;1.0;1.024999976158142;
2016-09-30 19:45:00;1.0;0.9999451968190362;1.0;0.9999974657889775;1.0;0.9999970110368273;1.0002477550732891;0.9999713534119798;0.9999899656563365;1.0;0.9999797647359873;1.0;1.000029861285458;1.0;0.9999426419578182;0.9999458036657042;0.9999470630624802;0.9999981218409497;0.9999980987907248;0.9999941827880084;1.0;0.9999560964953023;0.9999466002804024;1.0002325510152552;1.0002544479436808;0.999993811059547;0.9999606574280839;0.9999984253485131;0.9990411041816207;0.9986244294543806;0.9983957386658916;0.9983352355683114;0.9999925576895746;0.997604019303855;0.997404560190616;0.9987580517181033;0.9992914942614733;1.0;1.0;0.9999942386864991;0.9999950655683679;0.9999966683876043;1.0;1.024999976158142;
2016-09-30 20:00:00;1.0;0.9999336502835114;0.9999999999999999;0.9999949902854521;1.0;0.9999951887114575;1.0002458733515465;0.999947964886915;0.9999877208650944;1.0;0.9999730808515069;1.0;1.0000297873095199;0.9999999999999999;0.9998943517558049;0.9998983216018891;0.9999007946077199;0.9999983945712654;0.9999983539659415;0.9999920724693374;1.0;0.9999472926958094;0.9999000318987501;1.0002300047567911;1.0002531131942316;0.9999903019866999;0.9999527516033904;0.9999974598444509;0.99922262764161;0.9988162864309664;0.998618352174491;0.998539153871676;0.9999908089119318;0.9978564128011764;0.9976439941736751;0.9989028392687002;0.9993734573598634;0.9999999999999999;1.0;0.9999928767694082;0.9999933899853239;0.9999957561594887;1.0;1.024999976158142;
2016-09-30 20:15:00;1.0;0.9998988747355314;1.0;0.9999902672928652;1.0;0.9999921003487008;1.000252606195838;0.9998971027614714;0.9999837819212692;1.0;0.9999560069008969;1.0;1.0000302378020596;1.0;0.9997867933326469;0.9997934631684091;0.9997986481878471;0.9999982046368573;0.999998104413884;0.9999878494681641;1.0;0.9999218386853473;0.9997971591964353;1.0002346919831255;1.0002614039503908;0.9999824379030761;0.9999294394034579;0.9999958037640221;0.9993003703022617;0.998897381021595;0.9987102367812253;0.998623147028155;0.9999865468170627;0.9979494055355983;0.997732165964375;0.9989697524743881;0.9994115211209172;1.0;1.0;0.9999894659524383;0.9999889612793258;0.9999943271392073;1.0;1.024999976158142;
2016-09-30 20:30:00;1.0;0.9999191091942911;1.0;0.999992713724848;1.0;0.9999933436326988;1.0002485423528749;0.9999265045117575;0.9999847459382833;1.0;0.9999657466820351;1.0;1.0000300989511504;1.0;0.9998505162696519;0.9998553698141384;0.9998589210530766;0.999998455866329;0.9999983989284413;0.9999897302991814;1.0;0.9999358628890568;0.9998578791822168;1.0002318426309302;1.0002563911942313;0.999986882923287;0.9999425397025977;0.9999964828260263;0.9992437613085625;0.998814389418546;0.9985999848163857;0.9984958635753466;0.999988639438763;0.9977003031875183;0.9974791717205531;0.9989033260642696;0.9993736338576079;1.0;0.9999999999999999;0.9999912020744378;0.9999915861135977;0.9999946106105257;1.0;1.024999976158142;
2016-09-30 20:45:00;1.0;0.99988972912015;0.9999999999999999;0.9999874781122491;0.9999999999999999;0.9999857662747718;1.0002594336968451;0.9998995347356449;0.9999670286668463;1.0;0.9999507110463242;1.0;1.0000313542087813;1.0;0.999810773039937;0.9998146022203748;0.9998187332247125;0.9999983822427401;0.9999982613624858;0.9999804288025778;0.9999999999999999;0.9999029410264598;0.9998175337787463;1.000241588040887;1.0002679699008274;0.999980464715541;0.9999145575724978;0.9999924747127967;0.9992358346416041;0.9987963331343612;0.9985449922517712;0.9984188402819412;0.999981560580494;0.9975400564753482;0.9973352442462975;0.998854053398451;0.9993459106769368;1.0;1.0;0.9999862268010399;0.9999880334358441;0.9999874103355558;1.0;1.024999976158142;
2016-09-30 21:00:00;1.0;0.9998823736437544;0.9999999999999999;0.9999887804215478;1.0;0.9999845740867028;1.000256522534035;0.9999257488460914;0.9999586210244739;0.9999999999999999;0.9999531811127235;1.0;1.0000316992198721;1.0;0.9998716655999058;0.9998757115383844;0.999878253185405;0.9999989460250343;0.999998835364629;0.9999785513256535;0.9999999999999999;0.9998963064102987;0.9998775110944368;1.0002399871452972;1.0002639442796868;0.9999837897392403;0.9999111049681793;0.9999918575216268;0.9992306915692744;0.9987935194087277;0.9985878798786352;0.9984897481075523;0.9999775605159317;0.9976918740529531;0.9974581826621223;0.9989067576182002;0.9993760654436512;1.0;1.0;0.9999833157968915;0.999990305960198;0.9999847653188582;1.0;1.024999976158142;
2016-09-30 21:15:00;1.0;0.9999113976875648;1.0;0.9999932138640638;1.0;0.9999903092863136;1.0002445648935354;0.9999546332568395;0.9999715789797399;1.0;0.9999677499267164;0.9999999999999999;1.000030670208557;1.0;0.9999208572548135;0.9999250910122907;0.9999267099740162;0.9999993612595394;0.999999304191411;0.9999858799015776;1.0;0.999925981266175;0.9999262395624947;1.0002294001303407;1.000251077251436;0.9999900125919126;0.9999369999004698;0.9999948937823271;0.999331599202631;0.9989446219937433;0.9987700259267546;0.9986886328146481;0.9999832543093452;0.9980289954163541;0.9978168262744799;0.999032929803577;0.9994472807057573;1.0;1.0;0.9999873973653514;0.999994037913061;0.9999900182832238;1.0;1.024999976158142;
2016-09-30 21:30:00;1.0;0.9999138903914104;1.0;0.9999934814765038;1.0;0.9999905951523369;1.000245666486707;0.9999579321636025;0.9999719066309511;1.0;0.999969618068834;1.0;1.0000312999631844;1.0;0.9999269241577681;0.9999314380762986;0.9999329700758053;0.9999998378221839;0.9999997905908267;0.9999863819216219;1.0;0.999929411429308;0.9999325559382596;1.0002305253629535;1.0002520437932527;0.9999908993914088;0.999940520661162;0.9999950494480269;0.9992755103064348;0.998864330434659;0.9986717902558393;0.9985810839031501;0.9999831515204951;0.9978396336081475;0.9976191129930703;0.998969156613788;0.9994108224321538;1.0;1.0;0.9999872882589501;0.9999949201624658;0.9999902953792908;1.0;1.024999976158142;
2016-09-30 21:45:00;0.9999999999999999;0.9998970817094934;1.0;0.9999900172238957;1.0;0.9999862977091692;1.0002463610265504;0.9999352846869964;0.9999629963249209;1.0;0.9999597207269859;1.0;1.0000311176205947;1.0;0.9998882083633691;0.9998921080119589;0.999894372969792;0.9999996447314056;0.9999995734594725;0.9999811367987987;1.0;0.999910508657066;0.9998937526032744;1.0002306063984334;1.0002532638294266;0.9999862007582141;0.9999239317419047;0.9999927849159472;0.9993326077864036;0.9989432501597457;0.998758435699579;0.9986702029501513;0.9999796768144593;0.9979790770198492;0.9977716919563232;0.9990268921570273;0.999443811809038;0.9999999999999999;1.0;0.9999848600553236;0.999992206793446;0.9999865278841662;0.9999999999999999;1.024999976158142;
2016-09-30 22:00:00;1.0;0.999891126618009;1.0;0.9999919387663938;1.0;0.9999886221469889;1.0002465351560963;0.9999443932189326;0.9999662350726081;1.0;0.9999606311504668;1.0;1.0000306867088227;1.0;0.99990154429314;0.9999070089413673;0.9999090611659622;0.9999991498520683;0.9999990841083632;0.9999831929977916;1.0;0.9999099745230217;0.9999084620303027;1.0002310672191075;1.0002532877433423;0.9999878942890167;0.9999232537140024;0.9999940062485431;0.9993266806100565;0.9989339065438166;0.9987358806477747;0.9986396387563704;0.999979702423963;0.997903324807014;0.9977019543784712;0.9990165818855374;0.9994381528484029;0.9999999999999999;1.0;0.9999846825630949;0.9999927112316034;0.9999882541593779;1.0;1.024999976158142;
2016-09-30 22:15:00;1.0;0.9998930374547313;1.0;0.9999913489445257;1.0;0.9999899511781596;1.0002554083333874;0.9999274472135012;0.999972593831658;1.0;0.999959184362249;1.0;1.000031614320369;0.9999999999999999;0.9998597284583544;0.9998659881359823;0.999869221063182;0.9999990411259192;0.9999989603165343;0.9999849996307232;1.0;0.999914631588738;0.9998683039048265;1.0002386635931155;1.0002630138836583;0.9999861452859184;0.999926076435996;0.9999946912117664;0.9992055472627305;0.9987553688985868;0.9985183176294014;0.9984010064006187;0.9999818503680552;0.9974972567186251;0.9972738052442056;0.9988650558102938;0.9993520988405136;1.0;1.0;0.9999861315165492;0.9999916709297344;0.9999905560735469;1.0;1.024999976158142;
2016-09-30 22:30:00;0.9999999999999999;0.9999200157543593;1.0;0.9999929694592673;1.0;0.9999908109592102;1.0002432627623739;0.9999502092665902;0.9999746343343221;1.0;0.9999697892796433;0.9999999999999999;1.0000308902963435;1.0;0.9999096311381314;0.9999136358857942;0.9999156070424918;0.9999997856713331;0.999999737965652;0.9999869904879668;1.0;0.9999338043688033;0.9999150737959978;1.0002279073160782;1.0002498873536538;0.9999899546234104;0.9999436704698899;0.9999951618210905;0.9993275334131011;0.9989425030315842;0.9987470440391649;0.9986550892278687;0.9999848487674594;0.9979309253672377;0.9977343921533885;0.9990294059662087;0.9994454741460097;0.9999999999999999;1.0;0.9999885755951352;0.9999943648806606;0.9999910473702951;1.0;1.024999976158142;
2016-09-30 22:45:00;1.0;0.9999107815294703;1.0;0.999991857827447;1.0;0.999989160735598;1.000240241312719;0.9999445077800992;0.9999703097611001;1.0;0.9999660437310663;1.0;1.0000305428671357;1.0;0.9999009617401652;0.9999051415669312;0.9999072603529019;0.9999998378221839;0.999999774368779;0.9999848564016475;0.9999999999999999;0.9999251460852586;0.999906691951436;1.000224975726335;1.0002468580494284;0.9999886185563752;0.9999364492984747;0.9999942876663777;0.9994096974550428;0.9990643983378918;0.9989214728135148;0.9988601864166117;0.9999827358701734;0.9982677211328771;0.9980693725013107;0.9991847614807081;0.9995332283197573;1.0;1.0;0.999987030398459;0.9999936811819172;0.9999894225520546;1.0;1.024999976158142;
2016-09-30 23:00:00;1.0;0.9999207168095847;1.0;0.9999928224000101;1.0;0.9999901201873684;1.0002358293333133;0.9999524940159483;0.9999727475525451;1.0;0.9999695873094403;1.0;1.0000297833966205;1.0;0.9999172181722089;0.9999205135701754;0.9999222077040995;0.9999996156454579;0.9999995681903031;0.999986161590579;1.0;0.9999320476013482;0.9999217353652577;1.0002210378639376;1.000242205749857;0.9999898523479682;0.9999421614357219;0.999994800809022;0.9994516707090576;0.9991217142736867;0.9989946592102705;0.9989394848388751;0.9999846477513876;0.9983976987538639;0.9982016715953164;0.9992374044034599;0.9995631085757576;1.0;1.0;0.9999885195011611;0.9999941667099904;0.9999901837685359;1.0;1.024999976158142;
2016-09-30 23:15:00;1.0;0.9999237475630013;1.0;0.9999926670196229;1.0;0.9999908445706586;1.0002344776435612;0.999945891838068;0.9999759386159136;1.0;0.9999696994211574;1.0;1.0000295747770018;1.0;0.9999005012483908;0.9999040066204434;0.9999061832004408;0.9999996232585215;0.9999995819826185;0.9999871830462415;1.0;0.9999358011102499;0.999905584562439;1.000219450215647;1.0002410819288514;0.9999892954522295;0.9999449011055411;0.9999951843180886;0.9994368761065996;0.9990988702011221;0.9989794684746607;0.9989279378922284;0.9999858999283315;0.9983823430971739;0.9981743623616138;0.9992333339106423;0.9995608014902282;1.0;1.0;0.9999893959646393;0.9999938732404027;0.9999913362492193;1.0;1.024999976158142;
2016-09-30 23:30:00;1.0;0.9999357020566408;1.0;0.9999939721037058;0.9999999999999999;0.9999932131200643;1.0002317250779846;0.9999489692303929;0.9999829899871673;1.0;0.9999734525460007;1.0;1.0000287205288028;0.9999999999999999;0.9999018946223696;0.9999050246053951;0.9999072338647487;0.9999991299431134;0.9999990924886007;0.9999901613432747;1.0;0.9999464543479725;0.999906592049541;1.0002168011317616;1.0002384039006198;0.9999902336552992;0.999953069433976;0.9999964268163143;0.99947583599665;0.9991570362360388;0.9990413462214449;0.9989919009005815;0.9999894370239585;0.9984897935422166;0.9982956369635235;0.9992702439420963;0.9995818924684823;1.0;1.0;0.9999919929231806;0.9999939691910145;0.9999938342618497;0.9999999999999999;1.024999976158142;
2016-09-30 23:45:00;1.0;0.9999503594803348;1.0;0.9999969795587819;1.0;0.9999961235898431;1.0002252846793696;0.9999743040060686;0.9999878145440878;1.0;0.9999824916489133;1.0;1.0000282394727553;1.0;0.9999506778666376;0.9999537792464109;0.9999548993766298;0.9999993720003976;0.999999355883131;0.9999937366851434;0.9999999999999999;0.99996104189654;0.9999545608580507;1.000211502228343;1.0002311366798489;0.9999947797818725;0.9999663680527948;0.999997963548598;0.9995090955259729;0.9992097722515515;0.9991010718658228;0.9990559826723594;0.999991641509299;0.9985951459640433;0.9984128223635608;0.9993118096080904;0.9996051297750006;1.0;1.0;0.9999935857970348;0.999996640180949;0.9999959711614416;1.0;1.024999976158142;
2016-10-01 00:00:00;1.0;0.9999324432792055;1.0;0.999996574979096;1.0;0.9999955313265942;1.0002281984525487;0.9999708074971038;0.999984205770426;1.0;0.999978468688083;0.9999999999999999;1.0000290282462228;1.0;0.9999423203833504;0.9999475660332796;0.9999489876157541;0.9999997872351906;0.9999997647538461;0.9999924713706698;0.9999999999999999;0.9999504942548678;0.9999485989595523;1.0002142366688893;1.0002340491688626;0.9999944082754924;0.9999581132159769;0.9999976491360653;0.9995205533225303;0.9992263022830805;0.9991153843647848;0.999069533204622;0.9999880462847007;0.9986176665916509;0.9984411616557872;0.9993182118104135;0.9996085681316565;1.0;1.0;0.9999907254708266;0.999996785842329;0.9999952096632663;0.9999999999999999;1.024999976158142;
2016-10-01 00:15:00;0.9999999999999999;0.999951277830611;1.0;0.9999972923890917;1.0;0.9999960904319367;1.000223821044595;0.9999799010016596;0.9999868709696282;1.0;0.9999839872921075;0.9999999999999999;1.0000284242574087;1.0;0.9999628820399734;0.9999660916491864;0.9999669295388806;0.999999716763014;0.9999997024775401;0.9999937603893598;1.0;0.9999623204857505;0.9999666893922232;1.0002103321251579;1.0002294035236983;0.9999957360899763;0.9999680903697475;0.9999979468409746;0.9995413958735371;0.9992622726914802;0.9991554179821694;0.9991135315622961;0.9999911177888445;0.9986914320314105;0.9985250191455101;0.9993470573446184;0.9996250926814109;1.0;1.0;0.9999931947081364;0.9999974479455978;0.9999957489352351;1.0;1.024999976158142;
2016-10-01 00:30:00;1.0;0.99996511851202;1.0;0.9999967560317162;1.0;0.9999958424395623;1.0002234880114238;0.9999758176069026;0.9999890606719671;1.0;0.9999857874578603;1.0;1.0000281466712762;1.0;0.9999561499026296;0.9999574729804822;0.9999583863433968;0.9999995145278952;0.999999502229951;0.9999940785223584;1.0;0.9999696577851136;0.9999581121760214;1.0002097848234859;1.0002292931902266;0.9999949612553364;0.9999736486090819;0.999997818513148;0.9995082622170314;0.9992095698124085;0.999095933351741;0.9990480554433484;0.9999938388767469;0.9985770116371411;0.9983985249222974;0.9993071369035329;0.9996027905868492;1.0;1.0;0.9999953925855545;0.9999968589047562;0.999995969473246;1.0;1.024999976158142;
2016-10-01 00:45:00;1.0;0.9999670765768919;1.0;0.9999968374336672;1.0;0.9999958596388075;1.0002218153221258;0.9999771516220909;0.9999891539689046;1.0;0.9999864162643998;1.0;1.0000279464048896;1.0;0.9999592769000895;0.9999603645057156;0.99996118972153;0.9999995237048813;0.9999995139932507;0.9999941612875028;1.0;0.9999708224582252;0.9999609393710837;1.0002082506753294;1.0002275462609351;0.9999951463887281;0.9999746730369062;0.9999978292354933;0.9995020848608931;0.9992036678867515;0.9990989871326397;0.9990574896581027;0.999994093522022;0.9986041164849742;0.9984198941582991;0.9993129816613041;0.9996060551021457;1.0;1.0;0.999995605649872;0.9999969674506755;0.9999959625124107;1.0;1.024999976158142;
2016-10-01 01:00:00;1.0;0.9999653720031743;1.0;0.9999970233907614;1.0;0.999996100985994;1.0002209138393725;0.9999782176891641;0.9999892588917122;1.0;0.9999866118821359;0.9999999999999999;1.0000279968087469;1.0;0.9999605170020589;0.999962084896534;0.9999629234866888;0.9999996845537503;0.9999996757499577;0.9999943902676843;1.0;0.9999707801844467;0.9999626808977232;1.000207440302323;1.0002265625109428;0.9999954999675525;0.9999748761419174;0.9999979559090478;0.9995298689014155;0.9992445304648307;0.9991377401319569;0.999094846940297;0.9999936992857442;0.9986612727478764;0.9984895536330431;0.9993348910479889;0.9996183260748406;1.0;1.0;0.9999952613036566;0.9999972941577344;0.9999961561289845;1.0;1.024999976158142;
2016-10-01 01:15:00;1.0;0.9999173583031011;1.0;0.9999954494979133;1.0;0.9999928095817567;1.0002256511565768;0.9999682941855201;0.999976150842788;1.0;0.9999717180013787;1.0;1.000027661462595;1.0;0.9999453009659562;0.9999496175188342;0.999950676146415;0.9999987238812812;0.9999986907264357;0.9999885028177538;1.0;0.9999322313219818;0.9999503083558257;1.0002120055702293;1.0002315003163542;0.9999922625002235;0.9999419016567346;0.9999962198317709;0.9996165643153986;0.9993674204382099;0.9992559896285444;0.9992094659905614;0.9999852473206412;0.9988300747942438;0.9986921671705499;0.9994074317241859;0.9996592305990423;1.0;1.0;0.9999888238853245;0.9999947281806647;0.9999919050687239;1.0;1.024999976158142;
2016-10-01 01:30:00;1.0;0.9999310279566082;1.0;0.9999958250973606;0.9999999999999999;0.9999938959127923;1.0002234053243726;0.9999678854131057;0.9999809865356404;0.9999999999999999;0.9999747890331181;0.9999999999999999;1.000027077781897;1.0;0.9999426911647844;0.9999458719546921;0.9999469922137866;0.9999984495865274;0.9999984139221303;0.9999902535145528;1.0;0.9999420003716663;0.9999465889894777;1.0002097387481748;1.0002293787998866;0.9999924177020366;0.9999494857148655;0.9999967864627672;0.9996975971716843;0.9994843735780937;0.999377703343118;0.9993325639072056;0.9999884746599996;0.9990251476033702;0.9989145905404644;0.9994830247195793;0.9997022023165429;1.0;1.0;0.9999912927238374;0.999994582137207;0.9999933363227657;0.9999999999999999;1.024999976158142;
2016-10-01 01:45:00;1.0;0.9999362439050692;1.0;0.9999951500494692;1.0;0.999992979126065;1.0002211053612422;0.9999653991641477;0.9999799610024465;1.0;0.999974908075566;1.0;1.000026773421785;1.0;0.9999405064912549;0.9999425356882;0.9999436216815241;0.9999984527102955;0.9999984211445196;0.9999894834305827;1.0;0.9999432417675057;0.9999432276849198;1.0002074888085264;1.0002270946240803;0.9999917498876629;0.9999504154915005;0.9999963093329851;0.9997102719935655;0.99950526009909;0.9994007694064068;0.9993575151781655;0.9999890677048382;0.9990694750346808;0.9989644717183795;0.9994972125649839;0.9997101116302832;1.0;1.0;0.9999918644800706;0.9999942234328012;0.9999926129529425;1.0;1.024999976158142;
2016-10-01 02:00:00;1.0;0.9999429620269481;1.0;0.9999955362284282;1.0;0.9999934847337377;1.0002210823925226;0.9999691065615538;0.9999814309138241;1.0;0.9999775954399406;1.0;1.0000270711742034;0.9999999999999999;0.9999474807172739;0.9999492618752224;0.9999502128712916;0.9999987437901968;0.999998720231858;0.9999903568423972;1.0;0.9999490919327069;0.9999498747725648;1.0002075399501646;1.000226957296361;0.9999926376466891;0.9999557008988996;0.9999965789038141;0.9996315200843509;0.9993942585343379;0.999287851221876;0.9992456489472377;0.9999899631355357;0.9988979573312963;0.9987668582349432;0.9994276653435193;0.9996709096701352;1.0;1.0;0.9999925411035986;0.9999949503637164;0.9999931599234799;1.0;1.024999976158142;
2016-10-01 02:15:00;1.0;0.9999586744980206;1.0;0.9999969547409113;1.0;0.9999955777341757;1.0002166481190877;0.999977042202263;0.9999875055923506;1.0;0.9999831518956885;1.0;1.0000263580136457;1.0;0.9999604719335581;0.9999615023573375;0.99996218814312;0.9999985845056313;0.9999985664789562;0.9999932165884321;1.0;0.9999622018896804;0.999961908598251;1.0002034807130677;1.0002223536343167;0.9999943355458956;0.9999665133787309;0.9999976777486581;0.9996991307349162;0.9994956572930416;0.9993875458460058;0.9993444127168665;0.999993403789571;0.9990518648056036;0.9989506570700879;0.9994873583238476;0.9997047423213334;1.0;1.0;0.9999951155307895;0.9999957383889356;0.9999952808723012;1.0;1.024999976158142;
2016-10-01 02:30:00;1.0;0.9999650221924475;1.0;0.9999975466008721;1.0;0.9999963985779744;1.000214426775842;0.9999811894757865;0.9999896825717068;1.0;0.999985811179177;1.0;1.0000262258117292;1.0;0.9999676078753734;0.9999684887672602;0.9999690422921835;0.9999987270091415;0.9999987134610047;0.9999943876408003;1.0;0.9999680446877589;0.999968807508964;1.0002014681607139;1.000219989198104;0.9999952825939771;0.9999716206462103;0.9999981099274999;0.9997234898949613;0.9995300651884867;0.9994252193117192;0.9993828047578825;0.9999945242212878;0.9991105389771122;0.9990156753833964;0.999512801108525;0.9997187484165155;1.0;1.0;0.9999959419997533;0.9999963722605214;0.9999961066939682;1.0;1.024999976158142;
2016-10-01 02:45:00;1.0;0.9999646338458712;1.0;0.9999963407401867;0.9999999999999999;0.9999953552096519;1.0002127853363094;0.9999710997628277;0.999988800330734;1.0;0.9999834622125706;1.0;1.0000259054613885;1.0;0.999948326661963;0.9999486858462125;0.9999496595367658;0.9999986641501302;0.9999986479481094;0.9999933280346179;1.0;0.9999658491384186;0.9999493098880355;1.000199580619499;1.0002186042023928;0.999993544321487;0.9999693122360447;0.9999975623844329;0.9998278655539816;0.999682765639791;0.9995796133811897;0.999537667108247;0.999994605047961;0.9993511525476578;0.9992962031195479;0.9996095223993731;0.9997738035639971;1.0;1.0;0.9999960655904319;0.999995376851726;0.9999954995569151;1.0;1.024999976158142;
2016-10-01 03:00:00;1.0;0.9999548011111796;0.9999999999999999;0.9999970354759246;1.0;0.9999961706985264;1.0002137488261884;0.9999726320224678;0.9999891623955649;1.0;0.9999814915881257;1.0;1.0000255618202731;1.0;0.9999489742623188;0.9999505231197152;0.9999515202519722;0.9999981831358841;0.9999981636995421;0.9999936559956062;1.0;0.9999601365579798;0.9999511307152753;1.0002005828059093;1.000219600106006;0.9999936975146995;0.9999641161224896;0.9999979877348981;0.9998306346831526;0.9997003638038753;0.9995949832389186;0.999558579789814;0.9999936741457447;0.9993917403685713;0.9993509166681891;0.9996243688349638;0.9997821504632466;1.0;1.0;0.9999952455148349;0.9999950558793;0.9999959515835795;1.0;1.024999976158142;
2016-10-01 03:15:00;1.0;0.9999551909760974;1.0;0.9999969670838739;1.0;0.9999960343283355;1.0002130709016726;0.9999721800230457;0.9999889663964387;1.0;0.9999811600407554;1.0;1.0000252947487662;1.0;0.999948707043687;0.999949966501332;0.9999509351600282;0.9999980039378182;0.9999979869153538;0.9999934601534978;1.0;0.9999595137312096;0.9999505405450171;1.0001999373089736;1.0002189454289891;0.9999934526964809;0.9999633761087633;0.9999979183888579;0.9998147409087352;0.9996806285632197;0.9995710020976061;0.9995337203190575;0.9999938538378064;0.9993508049996334;0.9993095485649671;0.9996093400122527;0.999773440438311;1.0;1.0;0.9999954113096161;0.9999947733293006;0.9999957921743894;1.0;1.024999976158142;
2016-10-01 03:30:00;1.0;0.9999633316812586;1.0;0.9999981333526171;1.0;0.9999973984498158;1.00021186621322;0.9999816501953515;0.9999917627409802;1.0;0.9999857409516132;0.9999999999999999;1.0000255929947715;1.0;0.9999658194338661;0.9999672475457584;0.9999678922267877;0.9999984236571645;0.9999984114598007;0.999995322034645;1.0;0.999968232320856;0.9999676122100022;1.0001990475667222;1.0002174332599196;0.9999954989411338;0.9999713990757374;0.999998634691548;0.9997830075460621;0.9996390644829983;0.9995406933270153;0.9995120752595488;0.9999949654287433;0.9993306163313832;0.9992735266306765;0.999598274234875;0.9997670768891345;1.0;1.0;0.9999961915531984;0.9999962355846953;0.9999970201447469;1.0;1.024999976158142;
2016-10-01 03:45:00;0.9999999999999999;0.9999729588088061;1.0;0.9999979761819388;1.0;0.9999976360125944;1.0002109536680333;0.999979938608118;0.9999939954698174;1.0;0.9999879488211513;1.0;1.0000256786944655;0.9999999999999999;0.9999618504339786;0.9999625436182373;0.9999633003581009;0.9999986473645484;0.9999986382722588;0.9999960952191712;1.0;0.9999753306220026;0.9999630065667767;1.0001980410056206;1.0002165801216827;0.9999955358449935;0.9999773727959794;0.9999987605494773;0.9997717273949839;0.9996193807034501;0.999510169196136;0.9994734972197946;0.9999966489843461;0.999263265820743;0.9992062551237876;0.9995686627794532;0.9997503674636897;1.0;1.0;0.9999974972680227;0.9999964438007282;0.9999976254750252;1.0;1.024999976158142;
2016-10-01 04:00:00;1.0;0.9999747545414083;1.0;0.9999975023497717;1.0;0.9999971336183631;1.0002096837063972;0.9999777557126132;0.999993351539719;1.0;0.9999881080794021;1.0;1.0000258134257303;1.0;0.9999582358064374;0.9999587190219478;0.9999595650309446;0.9999989567614734;0.9999989475499601;0.99999573386705;1.0;0.9999764038591757;0.9999592694641349;1.0001967630411255;1.000215291719054;0.9999952882100187;0.999978532967565;0.9999984971065777;0.999825485496033;0.9996794132325435;0.9995789999949377;0.999537971234465;0.9999965498802028;0.999345150395307;0.9992875667502503;0.999615340856361;0.999777095089038;1.0;0.9999999999999999;0.9999974521178375;0.9999965691260051;0.9999973193940387;1.0;1.024999976158142;
2016-10-01 04:15:00;0.9999999999999999;0.9999648281676738;1.0;0.9999976565659155;1.0;0.9999973408743904;1.000212167437194;0.9999750076430697;0.9999930397656543;1.0;0.999984627096804;1.0;1.0000253243304118;1.0;0.9999516614983419;0.9999527300136314;0.9999537014555224;0.9999981524862172;0.9999981373460567;0.9999953463357893;0.9999999999999999;0.9999685011467918;0.9999533165235195;1.0001990665202538;1.0002180102895242;0.9999944216140272;0.9999709786362874;0.9999986028972381;0.999834232720009;0.9996898923323447;0.9995826315732886;0.999537072071255;0.9999958707612024;0.9993424903509376;0.9992909275980306;0.9996096210149169;0.9997736820046363;1.0;1.0;0.99999688922876;0.9999954237041337;0.9999972790638343;1.0;1.024999976158142;
2016-10-01 04:30:00;1.0;0.9999627750673086;0.9999999999999999;0.9999982324005184;1.0;0.9999975985144902;1.0002102544760432;0.9999808997522579;0.9999923558208885;1.0;0.9999852292892103;1.0;1.0000250941598527;1.0;0.9999638997209048;0.9999652608984799;0.9999659361414514;0.9999981357329077;0.9999981239560732;0.9999954489713266;1.0;0.9999674598558226;0.9999656279029236;1.0001975026725927;1.0002158597300326;0.99999526732086;0.9999703801450289;0.9999987400064615;0.9998230199357375;0.9996774979866323;0.9995743732365885;0.9995327206011567;0.9999952923468141;0.9993368600322564;0.9992815379968566;0.9996113397536572;0.9997747075441094;1.0;1.0;0.9999964356122335;0.9999958685357779;0.9999971922675729;1.0;1.024999976158142;
2016-10-01 04:45:00;1.0;0.9999537102634091;1.0;0.9999977450390908;1.0;0.9999975214130988;1.0002118641655529;0.9999731001902576;0.9999921167424797;0.9999999999999999;0.9999820845751548;1.0;1.0000252338547542;1.0;0.9999458482321005;0.9999482941222461;0.9999494703036139;0.99999810192762;0.9999980862082426;0.9999950751431235;1.0;0.9999621541069791;0.9999490280021082;1.0001987701330581;1.0002177183663992;0.9999942136424126;0.9999656435677889;0.9999986972480065;0.9998533584390786;0.9997214091631762;0.9996188538313682;0.9995776661220168;0.9999941855273359;0.9994133118538212;0.9993691617757052;0.9996353580655352;0.9997880617575651;0.9999999999999999;1.0;0.9999955018628052;0.9999952684877738;0.9999972948427192;1.0;1.024999976158142;
2016-10-01 05:00:00;1.0;0.999973259259997;1.0;0.9999986298089545;1.0;0.9999984702167537;1.000209894320464;0.9999830737171027;0.9999955597735481;0.9999999999999999;0.9999887418198206;1.0;1.0000253630189404;1.0;0.9999665874317599;0.9999675476845346;0.9999682177515018;0.999998455866329;0.9999984476538406;0.9999969388859519;1.0;0.9999765717391476;0.9999679333191038;1.00019712989255;1.0002154600738933;0.9999961144366083;0.999978275482117;0.9999991978994246;0.999828673963112;0.999686180361728;0.9995730951831922;0.9995257262981652;0.9999971081098366;0.9993323924803422;0.9992863135702619;0.99959504564457;0.9997654330950732;0.9999999999999999;1.0;0.9999977948076713;0.9999965970392787;0.9999983072728745;0.9999999999999999;1.024999976158142;
2016-10-01 05:15:00;1.0;0.9999714913883484;0.9999999999999999;0.9999976170165835;1.0;0.9999975908459627;1.0002126150008332;0.999975097346883;0.9999944427378544;1.0;0.9999869454283832;1.0;1.0000259081736391;1.0;0.999950956147677;0.9999518973781979;0.9999529479932775;0.9999986887505615;0.9999986800821581;0.9999960589450466;1.0;0.9999747312240541;0.9999525798458276;1.0001994218766572;1.000218423979805;0.9999949261399598;0.9999767059346236;0.99999873713206;0.9997837395786163;0.9996208253122062;0.9994854853985367;0.9994260789719643;0.999996621462312;0.9991532694593881;0.9991047123148956;0.9995337664701294;0.9997309262615671;1.0;1.0;0.9999974463726459;0.9999961481299773;0.9999977972438189;1.0;1.024999976158142;
2016-10-01 05:30:00;1.0;0.999966102354694;1.0;0.9999975253113024;1.0;0.9999973189515496;1.0002137821928538;0.9999742998492472;0.9999931662870513;1.0;0.999985277309372;0.9999999999999999;1.0000258776547424;1.0;0.9999497818304471;0.9999510124600488;0.9999520709508612;0.9999985048611032;0.9999984946883875;0.9999954804847124;1.0;0.9999703548843959;0.9999516878400623;1.0002005431393708;1.0002196337369251;0.9999945891038666;0.9999728857396959;0.9999985942218201;0.999772947657242;0.9996012763028532;0.9994604603692293;0.9993963179450854;0.9999957754462792;0.999096579649926;0.9990442361088547;0.9995161252666994;0.9997208147853485;1.0;1.0;0.9999968002311141;0.9999958108713215;0.9999973876392841;1.0;1.024999976158142;
2016-10-01 05:45:00;1.0;0.9999635732323334;1.0;0.9999976874494425;1.0;0.9999970240463562;1.0002124267424888;0.999979431007057;0.9999911265885459;1.0;0.9999860635452145;1.0;1.000026249372653;0.9999999999999999;0.999961166078065;0.9999629025936606;0.9999637166064546;0.9999990212169465;0.9999990119440795;0.999995122193982;1.0;0.999969559210204;0.999963433970185;1.00019948587627;1.0002179705987566;0.9999955118693394;0.9999731074958061;0.9999984397048725;0.9997998241930676;0.9996473746243831;0.9995213241825487;0.9994686816425897;0.999994390555862;0.9992386006258662;0.9991927209013355;0.9995561473730602;0.9997434177369251;0.9999999999999999;1.0;0.9999957385277366;0.9999967443197569;0.9999968746682928;1.0;1.024999976158142;
2016-10-01 06:00:00;1.0;0.9999726809074259;1.0;0.9999989902723441;1.0;0.9999986701993363;1.000212956531534;0.9999883844384815;0.9999949062330187;0.9999999999999999;0.9999905370258128;1.0;1.000026476545213;1.0;0.9999767519635822;0.9999784727440574;0.999978983603215;0.9999991514159224;0.9999991449510462;0.9999972659508551;1.0;0.999978593419077;0.9999787897927154;1.0002001954567599;1.0002183144109593;0.999997384908539;0.9999810058602733;0.9999993026760566;0.9997147294056868;0.9995552042668376;0.9994184221597804;0.9993755692697963;0.9999961192059683;0.9991115796911589;0.9990669335401693;0.9994993810910638;0.9997109801217002;1.0;1.0;0.9999969866885042;0.9999978695399195;0.9999983868150646;1.0;1.024999976158142;
2016-10-01 06:15:00;1.0;0.9999782244944313;1.0;0.9999979175911313;1.0;0.9999978090520565;1.000213060272453;0.9999809406913214;0.9999948153216519;1.0;0.9999905121204153;1.0;1.0000268004272221;1.0;0.9999627839071175;0.9999637474881127;0.9999645822252891;0.999999503791509;0.9999994984370739;0.9999967516773024;1.0;0.9999815364007277;0.9999643279753926;1.0001999936296901;1.0002186032523097;0.9999963555789767;0.9999835068802198;0.9999988521910266;0.999622984904671;0.9994671292256422;0.9993353658599466;0.9993182429271941;0.9999967706126615;0.9990686662490311;0.9990239022887448;0.9994665936538638;0.9996929017876303;1.0;1.0;0.9999975511081092;0.999997607349985;0.9999980648437988;1.0;1.024999976158142;
2016-10-01 06:30:00;1.0;0.9999811870362797;1.0;0.9999978488104292;1.0;0.9999977657631944;1.0002113400106838;0.9999814972924096;0.9999949668630248;1.0;0.9999916445380137;0.9999999999999999;1.0000269021333728;1.0;0.9999639840413245;0.9999648616096836;0.9999656908366287;0.9999998270575754;0.9999998243709576;0.9999969144959807;1.0;0.9999842102090065;0.9999654607005375;1.0001983720241188;1.0002167850915034;0.9999966515501545;0.9999861068859569;0.999998830817431;0.9996313356652282;0.9994798530839556;0.9993532047905157;0.9993388853406956;0.9999969166035276;0.9991083040017921;0.9990638528348191;0.9994779761969717;0.9996990869547354;0.9999999999999999;1.0;0.9999976671301207;0.9999980394008585;0.9999981256709982;1.0;1.024999976158142;
2016-10-01 06:45:00;0.9999999999999999;0.9999854432505877;1.0;0.9999986549375166;1.0;0.9999986072788315;1.00021269621438;0.9999874697228199;0.999996663510464;1.0;0.9999937786255643;1.0;1.0000269680342848;1.0;0.9999753333016159;0.9999760455026989;0.9999766068870976;0.9999996952901885;0.9999996930850963;0.9999979167102169;1.0;0.9999878877291952;0.9999764379270373;1.0001998203472326;1.0002180552485713;0.9999976441567612;0.9999892047874446;0.999999271662124;0.999558331868823;0.9993690661862187;0.9992417219231822;0.9992254793095702;0.9999978376854793;0.9989286495322526;0.998852610341407;0.9994074337040788;0.9996592826695498;1.0;1.0;0.9999983518374248;0.9999984670976542;0.9999987758486232;0.9999999999999999;1.024999976158142;
2016-10-01 07:00:00;1.0;0.9999735266049942;1.0;0.9999981711484894;1.0;0.9999976784043562;1.0002172637834883;0.9999848215366545;0.9999931255860518;0.9999999999999999;0.9999902026729813;1.0;1.0000274775814018;1.0;0.9999712758880088;0.999972742097505;0.9999733768569882;0.9999996156454579;0.9999996112822863;0.9999963781547682;1.0;0.9999785728221432;0.9999731830227447;1.0002041383860463;1.0002227290051022;0.9999968932965431;0.9999814126287011;0.9999987843932897;0.9993523515914747;0.9991570679626648;0.9990234831073884;0.9990487406260528;0.999995544718727;0.9987440519452554;0.9986673979455493;0.9992917467238754;0.9995938925559751;1.0;1.0;0.9999966044285835;0.9999979927414193;0.9999976431308193;1.0;1.024999976158142;
2016-10-01 07:15:00;1.0;0.9999180740985505;1.0;0.9999923363050742;1.0;0.9999877009696584;1.0002338360672485;0.9999613971896282;0.9999652037730292;1.0;0.9999688138527627;0.9999999999999999;1.0000295739557246;0.9999999999999999;0.9999444539563846;0.9999463623922249;0.9999471637839512;0.9999995941726016;0.9999995413698467;0.9999832257153999;0.9999999999999999;0.9999246369982763;0.9999469246378682;1.0002196579989024;1.0002397592398755;0.9999900571114397;0.9999365903114814;0.9999935307689038;0.9993044999734023;0.9991099000696367;0.9989721564514126;0.999010114402643;0.9999825020593119;0.9987338785944075;0.9986608182289113;0.999250823565444;0.9995679492850359;1.0;1.0;0.9999871461639968;0.999994256263669;0.9999871360949908;0.9999999999999999;1.024999976158142;
2016-10-01 07:30:00;1.0;0.9999056979506514;0.9999999999999999;0.9999914931869737;1.0;0.9999863020722511;1.0002364151098824;0.9999567161001484;0.9999609031290115;1.0;0.999964438933924;1.0;1.0000297387282562;1.0;0.999937294621097;0.9999396898856596;0.9999406037153571;0.9999994317316755;0.9999993606204999;0.9999811602210892;1.0;0.9999139214701087;0.9999403236209363;1.000222052404165;1.0002424561514636;0.9999887931927197;0.9999274744993416;0.9999927868345639;0.9993498733172924;0.9991700475720229;0.9990349707830243;0.9990719555710381;0.9999801116533226;0.9988387873932312;0.9987764237203165;0.9992818379581133;0.9995854733901551;0.9999999999999999;1.0;0.9999853617893412;0.9999934305628471;0.9999856061332413;1.0;1.024999976158142;
2016-10-01 07:45:00;1.0;0.9999064000756819;1.0;0.9999931732495962;1.0;0.9999897208954345;1.000231928233145;0.9999578554607099;0.9999687752812428;1.0;0.9999672817740648;1.0;1.0000293977799384;1.0;0.999929027565341;0.9999336872823645;0.99993510640008;0.999999686117619;0.9999996405628158;0.9999850446153704;1.0;0.999922504607802;0.9999347113026533;1.0002176931348563;1.0002379296364852;0.9999904539428809;0.9999347285685689;0.999994593024041;0.9993162887164301;0.9991270928340013;0.9989941803745581;0.9990344842606693;0.999981584747754;0.9987750233094608;0.9987032763885355;0.999266807463379;0.9995793438315201;1.0;1.0;0.9999861404225653;0.9999945510491359;0.9999891745843223;0.9999999999999999;1.024999976158142;
2016-10-01 08:00:00;0.9999999999999999;0.9999057255326516;1.0;0.9999955277693738;1.0;0.9999935764887655;1.000231082977388;0.9999646224767769;0.9999766883959383;1.0;0.9999705369690765;1.0;1.0000292404229294;1.0;0.9999322106071821;0.999939243664989;0.9999408689584035;0.9999996248224271;0.999999588106534;0.9999891912799055;1.0;0.9999299939521591;0.9999404153604831;1.0002169799045388;1.0002370079729148;0.9999927552855236;0.9999409611463361;0.9999966172362251;0.9992994542669944;0.9991061686721119;0.9989680096378166;0.9990068851962004;0.9999829934078498;0.9987307302925122;0.9986590311707978;0.9992487584278371;0.9995695832203956;1.0;1.0;0.9999868588657587;0.9999957500556502;0.9999928361388819;1.0;1.024999976158142;
2016-10-01 08:15:00;0.9999999999999999;0.9997872623107096;1.0;0.9999944510171086;1.0;0.9999911842663307;1.0002478894539866;0.999947562952786;0.9999563341766136;0.9999999999999999;0.9999422872764798;1.0;1.000031612119374;1.0;0.9998893206872418;0.9999090974230807;0.9999121829104837;0.9999998071441848;0.99999966577657;0.9999817321212001;0.9999999999999999;0.999855377480937;0.9999113582157424;1.0002329906176786;1.000254017424578;0.9999897513918575;0.9998795642705884;0.9999953013157997;0.999310838547868;0.9991253940216409;0.9989944582119019;0.9990426706522474;0.9999621036459334;0.9987889441348744;0.9987189773297114;0.9992815356728579;0.9995879294409806;0.9999999999999999;1.0;0.9999702025854853;0.9999942516500541;0.9999885997247895;1.0;1.024999976158142;
2016-10-01 08:30:00;1.0;0.9997666215559539;1.0;0.9999948484835951;1.0;0.9999926561230899;1.0002570292646575;0.9999399349081085;0.9999580630549912;1.0;0.9999377607732014;1.0;1.0000327014301278;1.0;0.9998656455597842;0.9998888415510997;0.9998927415029584;0.9999997550215153;0.9999995907649789;0.9999825867074634;1.0;0.9998465109862295;0.9998916990343598;1.000241347408098;1.0002635849050068;0.99998929532777;0.9998718583272964;0.9999960585861694;0.9991698750252512;0.9989139560740505;0.9987788105132634;0.9988243748553071;0.9999597515880373;0.9984598253572897;0.9983330124826788;0.9991359835687534;0.999505462948249;1.0;1.0;0.9999680786707145;0.9999939578551827;0.9999900657009383;1.0;1.024999976158142;
2016-10-01 08:45:00;1.0;0.9997947798657495;1.0;0.9999946077196379;1.0;0.9999922786420353;1.000253845747961;0.999941602742862;0.9999610965081073;1.0;0.9999425302784267;0.9999999999999999;1.0000316057149132;1.0;0.9998747467521405;0.9998936145039997;0.9998970319399789;0.999999082511968;0.9999989966838285;0.9999831473221333;1.0;0.9998601023896022;0.9998960691742916;1.0002382730324093;1.0002605141827834;0.9999889143061382;0.9998822262534214;0.9999959087774447;0.9989584771086001;0.9985998341464201;0.9984619228648187;0.9985030197211211;0.9999650300411699;0.9979697493938476;0.9977580989094219;0.9989249259674902;0.9993860066991015;1.0;1.0;0.9999724262648408;0.9999932034236134;0.9999900151981513;1.0;1.024999976158142;
2016-10-01 09:00:00;1.0;0.9998630029834558;1.0;0.999993178981435;1.0;0.9999928595357339;1.0002429000890867;0.9999291236791356;0.9999746076856165;1.0;0.9999553889392532;0.9999999999999999;1.0000302558287175;1.0;0.9998513526240327;0.9998630504237792;0.9998668731463366;0.9999992724467545;0.9999992126265316;0.9999869738839636;1.0;0.9999035411560422;0.9998658171499425;1.0002270023846898;1.0002500772780234;0.9999876676974481;0.9999172908092232;0.9999962274046013;0.9991627762777784;0.9988776648912223;0.9987375395248842;0.998764426245461;0.9999777366952506;0.9983686754813352;0.9982205595094037;0.9990727791004614;0.9994698165507354;1.0;0.9999999999999999;0.9999824849446017;0.9999926944429749;0.9999928527726567;0.9999999999999999;1.024999976158142;
2016-10-01 09:15:00;1.0;0.9998962904421145;1.0;0.9999902930341925;1.0;0.9999851793407775;1.000250462698054;0.9999458351089656;0.9999586541202694;1.0;0.9999600458636553;1.0;1.0000314286816518;1.0;0.9999156057381522;0.9999184779707164;0.9999199054560206;0.9999993628516507;0.9999992824576897;0.9999796405513232;0.9999999999999999;0.9999061769501199;0.9999194854949635;1.0002349559048214;1.000257109105378;0.9999869168225539;0.9999205944268184;0.9999921932852953;0.9990661182611716;0.9987206266379357;0.9985712165203154;0.9985867453427276;0.9999786524807981;0.9980843072082352;0.9978914083912138;0.9989534003849286;0.9994021982388506;1.0;1.0;0.9999842500721186;0.9999923541348852;0.9999847564206363;1.0;1.024999976158142;
2016-10-01 09:30:00;1.0;0.9998874588804821;1.0;0.9999913023055025;1.0;0.9999872992873496;1.0002507539619812;0.9999444019880332;0.9999626853392511;1.0;0.9999593796940528;1.0;1.000031451599075;0.9999999999999999;0.9999048530400468;0.9999101430838604;0.9999120535290444;0.9999993612595394;0.9999992660960625;0.9999816623441754;0.9999999999999999;0.9999056528404083;0.999911506488228;1.0002351234925175;1.0002574959852422;0.9999875414964008;0.9999200285925629;0.9999932932827148;0.9991349056298828;0.9988186665805436;0.9986692490088989;0.9986835167717306;0.99997826454336;0.9982320314470196;0.998063809471376;0.9990133977183627;0.9994360333992588;1.0;1.0;0.9999836676263593;0.9999926889596157;0.9999868705173354;1.0;1.024999976158142;
2016-10-01 09:45:00;1.0;0.9998487590754231;0.9999999999999999;0.9999885529211787;1.0;0.9999831498201663;1.000258538284363;0.9999288926132052;0.9999495489897432;1.0;0.9999469933659555;1.0;1.0000328424054448;1.0;0.9998785276581564;0.9998863180290983;0.999888817680637;0.9999997764987812;0.9999996386359028;0.9999757041424441;1.0;0.9998755489029719;0.9998881448518763;1.0002422715146169;1.0002655344762252;0.9999842391867203;0.999895359859527;0.9999910942514111;0.9990492656898151;0.9987001640179466;0.9985523735617587;0.9985728956797061;0.9999700284159033;0.9980692932064917;0.9978722571774495;0.9989470180529498;0.999398304613362;1.0;1.0;0.9999774166762577;0.9999912386234412;0.9999825403181057;0.9999999999999999;1.024999976158142;
2016-10-01 10:00:00;1.0;0.9998867627124121;1.0;0.9999919902745569;1.0;0.9999913084723108;1.0002496571006074;0.9999268728208524;0.9999748598801327;1.0;0.9999590184997155;1.0;1.0000311119305212;1.0;0.9998532306424748;0.9998613325235411;0.9998648976538541;0.9999992832113441;0.999999201669536;0.999986305796526;1.0;0.9999146382083175;0.999863910132303;1.0002331959539426;1.0002571284823027;0.999986768849634;0.9999263034060797;0.9999954017454767;0.9991417449515498;0.9988261840498822;0.9986745962866133;0.9986862734805654;0.9999811999110099;0.9982417457766111;0.9980756024585794;0.9990079866955965;0.999433138375136;1.0;1.0;0.9999854319609115;0.9999922126962484;0.9999919096476498;1.0;1.024999976158142;
2016-10-01 10:15:00;1.0;0.9998789417114228;1.0;0.9999934370958394;1.0;0.9999899218512701;1.0002549602922883;0.9999552328499202;0.9999657487788773;1.0;0.9999609344885657;1.0;1.0000320621037442;1.0;0.9999201620648994;0.999927946254608;0.9999296906703418;0.9999993827650181;0.99999930516119;0.9999840447582539;1.0;0.9999057340405005;0.9999291887850312;1.0002394352184096;1.0002615055168693;0.9999899571276202;0.9999205474403086;0.9999946785233719;0.9990319560119421;0.9986438133768946;0.9984559557254707;0.9984369791931099;0.9999773641148447;0.9977883138516357;0.9975852154647805;0.9988580015061412;0.9993481026859851;1.0;1.0;0.9999827063008137;0.9999940206448165;0.9999888534339675;1.0;1.024999976158142;
2016-10-01 10:30:00;0.9999999999999999;0.9998017695072308;1.0;0.9999954346849568;1.0;0.9999937307331624;1.0002672530768548;0.9999463014630536;0.9999648336841503;1.0;0.9999465226971076;1.0;1.0000339185274878;1.0;0.9998801359043121;0.9998997536179562;0.9999031991846774;0.9999996646403823;0.9999995223874901;0.9999851943234856;1.0;0.9998693054629438;0.9999022698355396;1.000250941137844;1.0002740890823605;0.9999904576395144;0.9998906128604139;0.9999966333181508;0.9990159568227703;0.998602236419123;0.9984129337166697;0.9983870878360448;0.9999661035681983;0.9977024794697614;0.9974786710340663;0.9988236929990021;0.999328640769243;1.0;0.9999999999999999;0.9999731062950388;0.9999945170616913;0.9999916496388881;1.0;1.024999976158142;
2016-10-01 10:45:00;1.0;0.9998293679521701;1.0;0.9999958931667822;1.0;0.9999950946630269;1.0002627788150338;0.9999477381875845;0.9999718329100558;1.0;0.9999532481128119;1.0;1.0000332973568038;1.0;0.9998819950583387;0.9998991885003843;0.9999025698039267;0.9999996447314056;0.9999995438877148;0.9999878631923993;1.0;0.9998886003010378;0.9999016559536389;1.0002465432036272;1.000269667634909;0.999991168191464;0.999906356857975;0.9999973727464351;0.9989450927538216;0.9985092561293225;0.9983180340972422;0.9982954178034318;0.9999714868869891;0.9975592774733255;0.9973181895052186;0.9987717970344583;0.9992991586869605;1.0;1.0;0.9999772910718009;0.9999948952194563;0.9999935961590989;1.0;1.024999976158142;
2016-10-01 11:00:00;1.0;0.9997882354411586;1.0;0.9999923898604107;1.0;0.9999904296806034;1.0002724275555053;0.999919687576647;0.9999600212800377;1.0;0.9999349999893576;1.0;1.0000326273752653;1.0;0.9998320398159655;0.9998498492112219;0.999854127013719;0.9999978121767671;0.9999976088663697;0.9999808299226185;1.0;0.9998496358768634;0.9998528490062185;1.0002550488627011;1.0002803569788046;0.9999843943008926;0.999871173894023;0.9999948684588893;0.9990275616491321;0.9986195921999675;0.9984152363285803;0.9983822535859924;0.9999655628524898;0.9977146390287487;0.9975058303386453;0.9987977877274958;0.9993138956728161;1.0;0.9999999999999999;0.9999729424172453;0.9999896686958507;0.9999889050854684;0.9999999999999999;1.024999976158142;
2016-10-01 11:15:00;0.9999999999999999;0.9996841107193288;1.0;0.9999859727497005;1.0;0.9999839163417975;1.0003003270631425;0.9998493601994434;0.9999427233901605;1.0;0.9998931873084208;1.0;1.000031864222681;1.0;0.999689202255247;0.9997125914970088;0.999720058535591;0.99999369389135;0.9999931178266874;0.9999691503727016;1.0;0.9997646413556263;0.9997176534325383;1.0002795922767886;1.000311090294599;0.9999697141930021;0.9997937306439447;0.9999912315025191;0.9990280388198165;0.9986115980821632;0.9983768711003957;0.9983289526786608;0.9999526210503569;0.9975980505029378;0.9974024693627161;0.9987679874137897;0.9992969975373728;1.0;1.0;0.9999629113537339;0.9999782015254108;0.9999827940309386;1.0;1.024999976158142;
2016-10-01 11:30:00;1.0;0.999771718292742;1.0;0.9999923414543027;1.0;0.9999902228539643;1.0002763323519854;0.9999151943318024;0.9999580958090164;1.0;0.9999292732282132;1.0;1.0000320392494828;1.0;0.9998224956760959;0.9998412120886973;0.9998456557323186;0.9999967244616251;0.9999964885488458;0.9999796315901517;1.0;0.9998361452809452;0.9998442578727986;1.0002586956673083;1.0002845776037461;0.9999829307684704;0.9998586553784545;0.9999947434658132;0.998936245998627;0.9985155735886113;0.9983110508644699;0.9982935670498007;0.9999638767197468;0.9975968429562273;0.9973775936965347;0.9987499166359354;0.9992867886226539;1.0;1.0;0.9999716130577107;0.9999879576039769;0.9999883222485969;0.9999999999999999;1.024999976158142;
2016-10-01 11:45:00;1.0;0.9998366027111466;0.9999999999999999;0.9999936762314546;1.0;0.9999925338389256;1.0002633484549162;0.9999308299731287;0.9999701822398211;1.0;0.9999479645246334;0.9999999999999999;1.0000314458863073;1.0;0.9998553734518344;0.999868705108158;0.9998723262000966;0.9999977922679193;0.9999976493963361;0.999985051610076;1.0;0.9998824647590888;0.9998712194409679;1.0002465405686032;1.0002710375914408;0.9999866386165845;0.9998984037785671;0.9999960083384822;0.9989845909038044;0.9985991270931448;0.998407984197744;0.9984014311617607;0.9999742913431328;0.9977990493451161;0.9976004073577777;0.9988075160658475;0.9993196536764174;1.0;1.0;0.9999797961753777;0.9999908802199229;0.9999915807865007;1.0;1.024999976158142;
2016-10-01 12:00:00;1.0;0.9998726482582023;1.0;0.9999943076719923;1.0;0.9999945486797328;1.0002575560873161;0.9999328693905739;0.9999796991831529;0.9999999999999999;0.999957764316274;0.9999999999999999;1.0000312148100021;1.0;0.9998565959809708;0.9998674463303926;0.9998711073366595;0.999998342420504;0.9999982569931435;0.9999889511141287;1.0;0.9999099880653796;0.9998700286538598;1.0002408285513773;1.0002652227942035;0.9999881042876914;0.9999215621122299;0.9999970977474693;0.998956364763403;0.9985502439118994;0.9983393606345973;0.9983162769378479;0.9999808708396831;0.9976287367951561;0.9974260463125574;0.9987588190595096;0.9992916114169489;1.0;1.0;0.999984850489935;0.9999921468607299;0.9999944726950697;1.0;1.024999976158142;
2016-10-01 12:15:00;0.9999999999999999;0.9998525911164402;1.0;0.9999948965144074;1.0;0.9999944025310157;1.0002626753419197;0.9999414659584718;0.9999746680796088;1.0;0.9999563663281165;1.0;1.0000330152214731;1.0;0.9998727174711397;0.999886685788004;0.9998901343743295;0.9999994241511929;0.9999993332897514;0.9999881041337935;1.0;0.9999006197647644;0.999889187371633;1.000246094489567;1.0002698928817733;0.9999899473996778;0.9999156324097043;0.9999970171802691;0.9989026905596385;0.9984730749045609;0.9982525628642407;0.9982256666576895;0.9999757451984428;0.997502596416098;0.9972868327658397;0.9986879024467942;0.9992512989523956;0.9999999999999999;0.9999999999999999;0.9999807648983903;0.9999940506398828;0.9999936550822865;0.9999999999999999;1.024999976158142;
2016-10-01 12:30:00;0.9999999999999999;0.9997653875163335;1.0;0.9999948083564227;1.0;0.9999932868920877;1.000276410686967;0.9999347208719862;0.999960347027963;1.0;0.9999369681392917;0.9999999999999999;1.0000350300255734;1.0;0.9998519830033048;0.9998757133455106;0.999880011551539;0.9999996263862432;0.9999994441936161;0.9999832910243832;0.9999999999999999;0.9998470804103389;0.9998788553652608;1.0002593576070724;1.000283636756923;0.999988767549777;0.99987190248673;0.9999963773853165;0.998901874317216;0.9984620239272551;0.998204405007467;0.9981542024397991;0.9999603022885395;0.9973359668923493;0.9971364279306063;0.9986505737441635;0.9992302461799231;1.0;1.0;0.9999684087281159;0.9999935605937855;0.9999909571989041;1.0;1.024999976158142;
2016-10-01 12:45:00;1.0;0.9997898506586398;1.0;0.9999830013692883;1.0;0.9999857537949807;1.000290026448388;0.9998221252481465;0.9999654860717704;1.0;0.9999182766564864;1.0;1.0000347685376638;0.9999999999999999;0.9996271353655755;0.9996437490750943;0.9996531113483101;0.9999981983530936;0.9999978483028281;0.9999773342803343;0.9999999999999999;0.9998470548513372;0.9996505237482196;1.0002679186538788;1.0003013538045895;0.99997033562979;0.9998650512275766;0.9999923202458332;0.9988271935944304;0.9983422474169702;0.9980862254257656;0.9980359356313641;0.9999691483571129;0.9971428362536172;0.9969041045094575;0.9985837016048761;0.9991923465831228;1.0;1.0;0.9999756769693742;0.9999823648241635;0.9999892498825202;1.0;1.024999976158142;
2016-10-01 13:00:00;1.0;0.9997175582405132;1.0;0.9999919131832907;1.0;0.999991205922835;1.0002969593879842;0.9998962780081591;0.9999556400163866;1.0;0.999916886139264;1.0;1.0000352796195362;1.0;0.9997703270423569;0.9997969630036379;0.9998031714392375;0.9999973801866161;0.9999970281536656;0.9999789235257889;1.0;0.9998092131646131;0.999801355599018;1.0002776233695605;1.0003059712473712;0.9999813131618885;0.9998365346190422;0.9999951861924239;0.9988331812810971;0.9983252832959836;0.9980272590457033;0.9979409066781557;0.9999555111366187;0.9969454178336172;0.9967158197810357;0.9985110875870279;0.9991512490470448;0.9999999999999999;0.9999999999999999;0.9999645898932705;0.999987612448739;0.9999893384309578;1.0;1.024999976158142;
2016-10-01 13:15:00;1.0;0.9997498678125113;1.0;0.9999782741283137;1.0;0.9999816902300229;1.0003021365103393;0.9997755334958768;0.9999579793474066;1.0;0.9998995468555465;0.9999999999999999;1.0000354353035201;1.0;0.999532236546414;0.9995510590086572;0.9995626862962319;0.9999974951961892;0.9999970294476891;0.9999716088784731;0.9999999999999999;0.9998146530482873;0.9995594539637712;1.0002779489191511;1.0003150094086342;0.9999622946044621;0.9998357071235027;0.999990121807032;0.9988210832128289;0.9982815309632949;0.9979809210193527;0.9978823204821525;0.9999637274278144;0.9968306375734337;0.9965761146940006;0.9984748416650896;0.9991304499811178;0.9999999999999999;1.0;0.9999714916384941;0.9999774005470936;0.9999863862130892;1.0;1.024999976158142;
2016-10-01 13:30:00;0.9999999999999999;0.9998758992049649;1.0;0.9999900351770543;0.9999999999999999;0.999986399791433;1.0002677475383255;0.9999285739125001;0.999961583070591;1.0;0.9999526645042914;1.0;1.0000326101559385;1.0;0.9998725261523019;0.9998779432997706;0.9998805576268008;0.9999984037438369;0.9999983000122825;0.9999800894861531;1.0;0.9998945260894135;0.9998797584104714;1.0002506307696166;1.000275467881559;0.9999844603097908;0.9999090773765513;0.9999928196876237;0.9988727580224563;0.9983728246151343;0.9981059166704774;0.9980255702128975;0.9999776500083856;0.9970869432461289;0.9968429643541067;0.9985645511960468;0.9991813690901795;1.0;1.0;0.9999832086625778;0.9999902166096141;0.999986251660844;1.0;1.024999976158142;
2016-10-01 13:45:00;1.0;0.999905065316689;1.0;0.9999927689912803;1.0;0.9999902973584855;1.0002594846243147;0.9999419931352026;0.9999732779330619;1.0;0.9999612885631447;1.0;1.0000302457344439;1.0;0.9998953288646802;0.9998983887288972;0.9999004093246862;0.9999970739183714;0.9999969983404005;0.9999851133775802;0.9999999999999999;0.9999156025740912;0.9998996729635554;1.0002430434709209;1.0002670988296238;0.9999866978408364;0.9999251814375888;0.9999948791535364;0.9989232736665763;0.9984438352661295;0.9981803416066815;0.9980986404527021;0.9999850990870824;0.9971547762225359;0.9969254158677616;0.998638807233543;0.9992235742886794;1.0;1.0;0.9999888741703533;0.999990320486796;0.9999900196552012;1.0;1.024999976158142;
2016-10-01 14:00:00;1.0;0.9999104452541754;1.0;0.9999930319878588;1.0;0.9999898897935801;1.0002566148650769;0.9999489470618849;0.9999720267259926;1.0;0.9999629934726653;1.0;1.0000297771689588;1.0;0.9999128782449385;0.9999148247081464;0.9999163137015249;0.9999969374320761;0.9999968613236648;0.9999847579419123;1.0;0.9999171536239905;0.9999157075245015;1.0002406091372849;1.000263966213727;0.9999873314128596;0.9999266241305875;0.999994665458044;0.9989671287489201;0.9985161041980493;0.9982811329673404;0.9982192514036562;0.999985551791985;0.9973866393777782;0.9971619350890464;0.9987093293296941;0.9992637114440265;1.0;1.0;0.9999893398911558;0.9999905487769027;0.9999893385934233;1.0;1.024999976158142;
2016-10-01 14:15:00;1.0;0.9999118953847301;1.0;0.999993145319657;0.9999999999999999;0.9999903344378642;1.000256501442229;0.9999471294848258;0.9999736676335887;1.0;0.9999629223903944;1.0;1.0000294775057166;1.0;0.9999079488947356;0.9999097968355956;0.9999114089021242;0.9999966647307461;0.9999965854953347;0.9999852638310287;1.0;0.999918240681899;0.9999107512516521;1.000240406923636;1.0002639794165615;0.9999870670924538;0.9999270832620196;0.999994896689687;0.9989800316742316;0.9985286400349074;0.9983039655302921;0.9982449587337279;0.9999863892936611;0.9974475686672531;0.9972155376363321;0.9987147618193412;0.9992666725239564;0.9999999999999999;1.0;0.9999899560009159;0.9999901766105918;0.99998987393558;1.0;1.024999976158142;
2016-10-01 14:30:00;1.0;0.9998857587772271;1.0;0.9999921788236664;1.0;0.9999889169436336;1.000259269442677;0.9999395958691657;0.9999676923671232;0.9999999999999999;0.9999557875064341;0.9999999999999999;1.0000300251601135;1.0;0.9998925458795657;0.9998968464441703;0.9998988900665126;0.9999968654006374;0.9999967560531503;0.9999827425586854;1.0;0.9999005578176681;0.9998981330331771;1.0002429439758178;1.0002668320729668;0.9999857000403912;0.9999125845044067;0.999994135178621;0.9989612259198731;0.9985257280529366;0.9983185691865497;0.9982825724413239;0.9999814345960231;0.997549477132305;0.9973191425766328;0.9987390027878316;0.9992804293753059;1.0;1.0;0.9999860767783879;0.9999895977887757;0.9999882465033988;1.0;1.024999976158142;
2016-10-01 14:45:00;1.0;0.9998482709137481;0.9999999999999999;0.9999813124080823;1.0;0.9999807281346963;1.0002728236418115;0.9998389971791163;0.9999594747195865;1.0;0.999928393781299;1.0;1.0000317802568561;1.0;0.9996878626155511;0.9996933772516026;0.9997004013363865;0.9999973434923708;0.999997083005723;0.9999736956504689;1.0;0.9998672603236297;0.9996983685113411;1.0002523097951113;1.000283421752849;0.9999699555218549;0.9998814753924145;0.9999897457666334;0.9990947485979044;0.998650233966193;0.9984457929447257;0.9983802828227606;0.9999766002224724;0.9976268356507505;0.9973866152351449;0.9988109033238277;0.9993209774522985;1.0;1.0;0.9999824393907747;0.9999814504029162;0.9999841857595274;0.9999999999999999;1.024999976158142;
2016-10-01 15:00:00;1.0;0.9997864968029176;0.9999999999999999;0.9999820789933634;1.0;0.999982729997208;1.0002814219570175;0.9998240958677124;0.9999582455875039;1.0;0.9999129541816211;1.0;1.0000315571138132;1.0;0.9996435306050685;0.9996566718689689;0.9996651154414946;0.9999960472363176;0.9999956350163152;0.99997321711281;1.0;0.9998317062350421;0.9996626185867487;1.0002601343368844;1.0002926836237023;0.9999678260967408;0.999850129221236;0.99999070141681;0.9992148501836039;0.9987898931158686;0.9986082706670532;0.9985403457438234;0.9999690579130482;0.9978299092282518;0.9975904014955037;0.9989376607061037;0.9993929691574656;1.0;1.0;0.9999760462105152;0.999979188323786;0.9999855151356999;1.0;1.024999976158142;
2016-10-01 15:15:00;1.0;0.9997694561703335;1.0;0.9999850457473736;1.0;0.9999858508147685;1.0002763128619336;0.9998433431910256;0.9999594293657359;1.0;0.9999155367184397;1.0;1.0000318733204774;1.0;0.999674338936091;0.9996918822965888;0.9996999284353465;0.9999969222430385;0.9999965858009753;0.9999758431675754;1.0;0.99982983648003;0.9996975973891924;1.000256035779145;1.0002867061442546;0.9999721682952888;0.9998504808867604;0.9999923868719779;0.9992661135468477;0.9988381607332298;0.9986459735209069;0.998557382459673;0.9999655573183319;0.9978412866496028;0.9976062816612961;0.9989310226178264;0.9993893360362727;1.0;1.0;0.9999729714063476;0.9999822829992567;0.9999874926305525;1.0;1.024999976158142;
2016-10-01 15:30:00;1.0;0.9997898365797824;1.0;0.9999861444660522;1.0;0.9999854454185378;1.0002737888154476;0.9998632759148133;0.9999583191290772;1.0;0.9999216954650839;1.0;1.0000311044083325;0.9999999999999999;0.9997230917531692;0.9997371944823326;0.999743773640626;0.9999963828245144;0.9999960756901439;0.9999758151782837;0.9999999999999999;0.9998383704127581;0.9997417904368305;1.0002543579315728;1.0002836447863284;0.9999741688586783;0.9998577491159977;0.9999921935539026;0.9992809234450709;0.9988654543611317;0.9986899328763781;0.9986130557130098;0.9999682080823392;0.9979500246124584;0.997714421408128;0.9989659511900968;0.9994092649334055;1.0;1.0;0.9999753133243656;0.9999829172102525;0.9999863860816215;1.0;1.024999976158142;
2016-10-01 15:45:00;0.9999999999999999;0.9998714385297549;1.0;0.9999868866038001;1.0;0.9999869894567903;1.0002579800570928;0.9998789915476115;0.999970790376202;1.0;0.9999437651367641;0.9999999999999999;1.0000304654150938;1.0;0.9997599412375588;0.999766461311343;0.999772022191094;0.9999977802308645;0.9999976249164861;0.999981140995065;1.0;0.9998938967179398;0.9997704046398735;1.0002394692313548;1.0002672143220734;0.9999778352099588;0.9999054340232063;0.9999930934032691;0.9993144413096922;0.9989222836133201;0.9987498726505115;0.998674834557232;0.9999808009461681;0.9980774997526723;0.9978596544379263;0.9989852296039955;0.9994200141916241;1.0;1.0;0.9999853421997263;0.9999861015523125;0.9999892225857827;1.0;1.024999976158142;
2016-10-01 16:00:00;1.0;0.9998729532953111;1.0;0.9999821808860557;1.0;0.9999847613360401;1.0002615573840292;0.9998298013711173;0.9999738303288086;0.9999999999999999;0.99993593134132;1.0;1.0000311206244281;1.0;0.9996560477945825;0.9996621696315184;0.9996703462654806;0.9999982321307211;0.9999980303513727;0.9999796074199423;1.0;0.9998940384097585;0.9996680727323627;1.0002409642180692;1.0002723408618932;0.9999710061150217;0.9999038383564316;0.999991892784733;0.9993426427617377;0.9989569932263519;0.998766942191222;0.9986795449841763;0.999982542441562;0.9980545255457698;0.9978539783582109;0.9989923537046177;0.999424058563344;1.0;1.0;0.9999866475469786;0.9999827766220079;0.9999895704818366;1.0;1.024999976158142;
2016-10-01 16:15:00;1.0;0.9997383426800159;1.0;0.9999907395410282;1.0;0.9999885856171421;1.0002775500514864;0.9998991699748733;0.9999521006788897;1.0;0.9999191527520844;1.0;1.0000322654822638;1.0;0.9997879728814408;0.9998099395042456;0.9998153243109782;0.9999968410348029;0.9999965289291343;0.9999766783177407;1.0;0.9998139651439888;0.9998136872020575;1.0002594934555706;1.0002860907282078;0.9999802997525995;0.9998399903402428;0.9999938378186407;0.9993146790721976;0.998910174612331;0.9986922544132723;0.9985889031913073;0.9999581804954272;0.9978951713401563;0.9976974693085967;0.998927695232279;0.9993874493291203;1.0;1.0;0.9999670990215238;0.9999866144060063;0.999986762066455;1.0;1.024999976158142;
2016-10-01 16:30:00;1.0;0.9998499568207319;0.9999999999999999;0.9999941104528043;0.9999999999999999;0.9999923395697365;1.0002574471135275;0.999940843893729;0.9999699308186083;1.0;0.9999524783870454;1.0;1.0000310091256162;0.9999999999999999;0.999879407196992;0.9998911389246145;0.9998940919453926;0.9999980712821495;0.999997957614664;0.999985331315628;1.0;0.9998903300521719;0.9998931803776915;1.0002413029103259;1.0002646840836442;0.9999880601575022;0.9999056379688224;0.999995924022444;0.9992438036219333;0.9988184262656101;0.9986384452210957;0.9985582674095277;0.9999756407492563;0.9978819288100307;0.9976411383780511;0.9989161166898368;0.9993806269472674;1.0;1.0;0.9999809694646971;0.9999918885234286;0.9999912048707439;1.0;1.024999976158142;
2016-10-01 16:45:00;1.0;0.9998550734611267;0.9999999999999999;0.9999933774555271;1.0;0.9999896949877325;1.0002576325929309;0.999948181862718;0.9999633322922217;1.0;0.9999523936005832;0.9999999999999999;1.0000306904608447;1.0;0.9999051329239974;0.9999141196377973;0.9999161227202098;0.99999767439373;0.9999975558211179;0.9999823837472983;1.0;0.9998859815416147;0.9999154330593122;1.0002418815720462;1.0002646125684675;0.9999876916350027;0.9999020458249585;0.999994536829371;0.9992586180370918;0.9988397439414743;0.998645074808516;0.998556084022081;0.9999751712252704;0.9978454555583433;0.9976198943737569;0.9989255277400886;0.9993864817034523;1.0;0.9999999999999999;0.9999809745376682;0.9999913526996392;0.9999880965728812;1.0;1.024999976158142;
2016-10-01 17:00:00;1.0;0.9999225710455092;1.0;0.9999961246204422;1.0;0.9999950971358852;1.000248967562521;0.9999606382774936;0.9999840156671658;1.0;0.999971495260276;1.0;1.0000294563099672;1.0;0.9999231297219305;0.9999273890731483;0.9999290395384112;0.9999975824208178;0.999997533458884;0.9999910857826686;1.0;0.9999372259546012;0.9999284361289495;1.0002335220113554;1.0002559293977338;0.9999913044633522;0.9999441641695153;0.9999974080666635;0.999194429728168;0.9987505175533373;0.9985114402552535;0.9983970242130343;0.9999888630238137;0.9975531521376527;0.9973364855598975;0.9988241231247235;0.999328526879081;1.0;0.9999999999999999;0.9999914376067937;0.9999932497407369;0.9999945947400366;1.0;1.024999976158142;
2016-10-01 17:15:00;1.0;0.9998679632294337;1.0;0.9999942701673914;1.0;0.9999920056986615;1.0002620395620183;0.9999336475919893;0.9999746279711581;1.0;0.9999463102462619;1.0;1.0000255180106075;1.0;0.9998749783321753;0.9998789573583003;0.9998811482849148;0.9999920164531361;0.999991873734752;0.9999841136193285;1.0;0.9998816799686224;0.9998800125802355;1.0002454118518767;1.0002706761067752;0.9999825459548359;0.9998909624450664;0.9999957386624094;0.9991968172916881;0.9987439941495995;0.9985053576607689;0.9983896143379242;0.9999848618952081;0.9975524350262203;0.997327959961397;0.9988105038087346;0.999320624417655;0.9999999999999999;1.0;0.9999885875663659;0.9999838183924107;0.9999903614634755;1.0;1.024999976158142;
2016-10-01 17:30:00;1.0;0.9997908098771644;1.0;0.9999933438688602;1.0;0.9999909048631436;1.000286108210127;0.999896021584885;0.9999698877901462;1.0;0.9999115333343577;1.0;1.000019581965129;1.0;0.9997986001159185;0.999803456652742;0.9998067643857831;0.9999830776613207;0.9999826500684836;0.9999777845046127;1.0;0.999807560529679;0.9998047084783671;1.0002673494939962;1.0002975495724697;0.9999706724404922;0.9998179651369833;0.999994997396818;0.9992144694752215;0.9987572000574371;0.9985153635723231;0.9983976531660805;0.9999818980467527;0.9975214318586143;0.9972951215429089;0.9988424343391094;0.9993392212636247;0.9999999999999999;1.0;0.9999863390111285;0.9999698484965355;0.9999877977446949;0.9999999999999999;1.024999976158142;
2016-10-01 17:45:00;1.0;0.9999152699665026;1.0;0.9999955406311088;1.0;0.9999931484525247;1.0002544887376679;0.9999637943095158;0.9999778678822351;1.0;0.9999688916389372;1.0;1.0000299726247068;0.9999999999999999;0.9999358933382441;0.9999395005317876;0.9999406665933318;0.9999973526691727;0.9999972975046325;0.9999884908568056;1.0;0.9999276853901049;0.9999401744217221;1.0002389948902728;1.0002613938043246;0.9999907974392539;0.9999363160406836;0.9999963843592309;0.9991364644702068;0.998661655666809;0.9983828312355963;0.9982445312038863;0.9999866765230554;0.9972769922072375;0.997061113399597;0.9987248419570769;0.999272391735299;1.0;0.9999999999999999;0.9999899429068931;0.9999927797804525;0.9999921784483485;1.0;1.024999976158142;
2016-10-01 18:00:00;1.0;0.9999283609288039;1.0;0.9999964504218647;1.0;0.9999944800219412;1.0002536940609605;0.9999710456365724;0.9999815934932401;1.0;0.9999743640742362;1.0;1.0000304702076643;1.0;0.9999484118741403;0.9999517743066844;0.999952734778879;0.9999979363592842;0.9999978948661388;0.9999905952261713;1.0;0.9999399076602157;0.9999523375776785;1.000238367848639;1.000260372899929;0.9999926659988259;0.9999472913684315;0.9999970893263044;0.999114038057082;0.9986303258536923;0.9983489052891074;0.9982095951195472;0.9999885925334084;0.9972130743597667;0.9969915730900895;0.9987085645979575;0.9992632810611346;1.0;1.0;0.9999913549323289;0.9999942851228676;0.9999936203628282;0.9999999999999999;1.024999976158142;
2016-10-01 18:15:00;0.9999999999999999;0.9998776799508844;0.9999999999999999;0.9999951150941779;1.0;0.9999928850854658;1.000264289329953;0.9999447627962504;0.9999759339835878;1.0;0.9999526983237154;1.0;1.0000273619266815;1.0;0.99989584932907;0.999900480635388;0.9999023458146041;0.9999935330443926;0.9999934066149591;0.9999857897178032;0.9999999999999999;0.999893636152792;0.9999014020635293;1.0002478196517621;1.0002724591725858;0.9999854234919694;0.9999030390926932;0.9999962069535165;0.9991228910292865;0.9986409250996883;0.9983724480642368;0.9982422924458778;0.9999848572015188;0.9972759560042492;0.9970470430014585;0.998732617164582;0.999276933075556;1.0;1.0;0.999988502628911;0.9999866524414839;0.9999912596398468;0.9999999999999999;1.024999976158142;
2016-10-01 18:30:00;1.0;0.9998761289790168;1.0;0.9999961935579265;1.0;0.9999947994692598;1.000263088802033;0.9999426740378993;0.9999809608123732;1.0;0.9999509158765533;1.0;1.0000255335764183;1.0;0.9998875739044627;0.9998920936579693;0.9998941137320471;0.9999918739512549;0.9999917525045475;0.999987394080338;1.0;0.9998917255507993;0.9998930129459502;1.0002465686990933;1.0002716362218593;0.9999846685312608;0.9998993225156905;0.9999972150146875;0.9990909621152992;0.9985904652457627;0.9983175212766504;0.99818283081859;0.9999872300844709;0.9971661441112757;0.9969245569661241;0.9987016323226123;0.9992590358699234;1.0;1.0;0.9999902272770549;0.9999848539363744;0.9999929664402;1.0;1.024999976158142;
2016-10-01 18:45:00;0.9999999999999999;0.9998875447103592;1.0;0.9999951420874305;1.0;0.9999923973047287;1.000259460999226;0.9999554351802445;0.9999737279698282;1.0;0.9999593757194063;1.0;1.0000291578546114;1.0;0.999918908796342;0.9999240586399407;0.9999255414954259;0.9999959078615709;0.999995827006327;0.9999861641083848;1.0;0.9999053090235526;0.9999248647461132;1.0002435975069612;1.0002668131379904;0.9999883693382853;0.9999159461267726;0.9999959774531756;0.9990805940654536;0.9985804537429918;0.9983053234479646;0.9981707772932988;0.9999833808479633;0.9971541187213043;0.9969144009140494;0.9986898458021152;0.9992526634253096;1.0;1.0;0.9999873736290714;0.9999902475106378;0.9999908870679983;1.0;1.024999976158142;
2016-10-01 19:00:00;1.0;0.999893955481581;1.0;0.9999955327515964;1.0;0.9999935820748144;1.0002588332271545;0.9999555310357078;0.9999772886573981;1.0;0.9999624073616723;1.0;1.0000297143542924;1.0;0.9999150824068755;0.9999208528444244;0.9999225853624106;0.9999965604569199;0.9999964847147983;0.9999879446495079;0.9999999999999999;0.9999138119969782;0.9999218887324156;1.0002428925910158;1.0002661448716923;0.9999893180057763;0.9999236375649008;0.9999966002094218;0.9991212933188462;0.9986377055080234;0.998350235033636;0.998207129972131;0.999984432780078;0.9971848737306244;0.9969673397516376;0.9987184676205395;0.9992690829328429;1.0;1.0;0.9999880543720137;0.9999913106271027;0.9999924070023668;1.0;1.024999976158142;
2016-10-01 19:15:00;1.0;0.999908323266969;0.9999999999999999;0.9999945757883597;1.0;0.9999917625493377;1.0002528569656703;0.9999592353203651;0.9999741528477926;0.9999999999999999;0.9999663568442367;1.0;1.0000300892050966;1.0;0.9999288802893476;0.9999327768510577;0.9999340915701186;0.9999976898501285;0.9999976389588832;0.9999867942379523;1.0;0.9999217512491113;0.9999335839583454;1.000237383968702;1.00025972359246;0.9999899354293518;0.9999317106422129;0.9999956615728918;0.9991593548616174;0.9986942877333663;0.9984025804778471;0.9982559481600097;0.9999847270119538;0.9972912626313369;0.9970921828896874;0.9987231128389912;0.9992716776687208;0.9999999999999999;1.0;0.9999885012608069;0.9999925958202804;0.9999908564684217;1.0;1.024999976158142;
2016-10-01 19:30:00;0.9999999999999999;0.9997984879484307;0.9999999999999999;0.9999955531007033;1.0;0.9999938941433414;1.0002645054064394;0.9999434080021946;0.9999655006165151;1.0;0.9999438274638849;1.0;1.0000323673453704;1.0;0.999874610982385;0.9998936558273062;0.99989711841965;0.9999984742157983;0.9999983284100954;0.9999849311107606;1.0;0.9998640746241733;0.9998961011360882;1.0002482898032785;1.0002715501586903;0.9999892804353498;0.9998847722730534;0.9999967186419899;0.9992482404841321;0.9988209614008206;0.9985768887354937;0.9984589346148736;0.999966925377612;0.997615794750735;0.9974162887562261;0.9988805217039518;0.9993608682568991;1.0;1.0;0.9999737703761631;0.999992880444775;0.9999916348957381;0.9999999999999999;1.024999976158142;
2016-10-01 19:45:00;1.0;0.9998822798224462;1.0;0.9999950558575902;1.0;0.9999930367882011;1.0002564510980252;0.9999559207115334;0.9999736171207803;1.0;0.9999628370962157;1.0;1.0000316208191782;1.0;0.9999133027813162;0.9999220888538123;0.9999241573179524;0.9999987668314273;0.9999987021901173;0.9999874625109688;1.0;0.999912541446681;0.9999235270584131;1.000240706918684;1.0002632536762595;0.9999907946499387;0.9999252940246627;0.9999963186272685;0.9991612795236032;0.9986982159336398;0.9984220296749757;0.9982857701771819;0.9999800041428335;0.9973400689060922;0.9971322472029472;0.9987537080395229;0.9992887186482958;1.0;1.0;0.9999844841933127;0.9999939623463024;0.9999920114061602;0.9999999999999999;1.024999976158142;
2016-10-01 20:00:00;1.0;0.9998912828443659;1.0;0.9999961093954051;1.0;0.9999941050685244;1.000255582196629;0.9999664443042612;0.999975583451915;0.9999999999999999;0.9999678754198519;1.0;1.0000321928103202;1.0;0.9999334767927447;0.9999423299726714;0.9999439961547372;0.9999994118183225;0.9999993595798764;0.9999890749866561;1.0;0.9999217605874107;0.9999435168731464;1.0002401775952776;1.000262006854615;0.9999930294952326;0.9999340555183625;0.9999968846338249;0.999138857153454;0.9986639895780534;0.998387342481243;0.9982498645374339;0.9999808359724998;0.9972696819099629;0.9970522488874575;0.9987398616585148;0.9992813406778343;1.0;1.0;0.9999850755630176;0.9999957168021132;0.9999929348417597;1.0;1.024999976158142;
2016-10-01 20:15:00;1.0;0.9998930556818256;1.0;0.9999936671922074;1.0;0.9999903537811711;1.0002593657029626;0.9999581436897443;0.999968263583842;1.0;0.9999648061555275;1.0;1.000032807149105;1.0;0.9999265199675931;0.9999330443731381;0.9999346184465754;0.9999995635228245;0.9999995057107703;0.9999851280691878;1.0;0.9999155134769296;0.9999341740165718;1.0002435792967217;1.0002659827875187;0.9999906346940606;0.9999288690191134;0.9999949172824633;0.9990854269005683;0.998581679189183;0.9982857840397802;0.9981360060033705;0.9999796569868958;0.9971043581132601;0.9968756453308497;0.9986452696228336;0.9992274660380155;1.0;0.9999999999999999;0.9999845171481453;0.9999945441435218;0.9999894978461645;1.0;1.024999976158142;
2016-10-01 20:30:00;1.0;0.9999194413005146;1.0;0.9999954636804627;1.0;0.9999937237899247;1.0002486863089481;0.9999635303099098;0.9999793822513151;1.0;0.9999724774918626;1.0;1.0000309008596293;0.9999999999999999;0.9999314681278927;0.9999365102649435;0.999938036408826;0.9999990426895948;0.9999990056910284;0.9999897850421171;1.0;0.999936767878449;0.9999375680629479;1.0002334215807922;1.0002552364347723;0.9999922335847417;0.999945731781683;0.9999966950722952;0.9991839192206433;0.9987310927344712;0.9984653407139313;0.9983331750982235;0.9999860537732809;0.997364115036309;0.9971577219093085;0.9988221915705806;0.9993279196277645;1.0;1.0;0.9999893144524725;0.9999949793964432;0.9999932323645481;1.0;1.024999976158142;
2016-10-01 20:45:00;1.0;0.9998628352969889;1.0;0.9999943767306325;1.0;0.9999922840121227;1.0002598752522405;0.9999496607714594;0.9999699061518403;1.0;0.9999580838050092;1.0;1.0000325233294867;1.0;0.9998989441742884;0.9999100652860246;0.9999125966174659;0.999999243388982;0.999999157635752;0.9999860232508657;1.0;0.9999011144360719;0.9999118780838484;1.0002438269409637;1.0002667556106033;0.9999900444467785;0.9999162697123849;0.9999959106388636;0.9991350027584054;0.9986544607592471;0.9983823349874135;0.9982466834927168;0.9999761885281659;0.9972479247200178;0.9970224096518632;0.9987516367224697;0.9992879047586355;1.0;1.0;0.9999814409856181;0.9999939510685891;0.9999912185771743;1.0;1.024999976158142;
2016-10-01 21:00:00;1.0;0.9997783137961176;1.0;0.9999957928259111;0.9999999999999999;0.9999933567190029;1.000269341399408;0.9999502350718166;0.9999598030692916;1.0;0.9999421372040677;0.9999999999999999;1.0000343035192871;1.0;0.9998877162587059;0.9999098183395189;0.9999131411446535;0.9999997366764023;0.9999995853351443;0.9999837253018828;1.0;0.9998544483084927;0.9999122491193937;1.0002532312021966;1.0002759448430099;0.9999908699362908;0.9998787755680615;0.9999964322796556;0.9991407448795984;0.9986614300052412;0.9984111068689674;0.9982895515035684;0.9999615400363625;0.9973192697810356;0.997080076057275;0.9987936608766964;0.9993113799081028;0.9999999999999999;1.0;0.9999695050811196;0.9999947972474875;0.9999905382380466;1.0;1.024999976158142;
2016-10-01 21:15:00;1.0;0.9998193040983511;1.0;0.9999949143838832;1.0;0.9999922631647149;1.0002606819425197;0.9999512501104185;0.9999630681043579;0.9999999999999999;0.9999498211524601;1.0;1.0000330163408315;1.0;0.99989775519108;0.9999142205331942;0.9999170051772122;0.9999995850000665;0.9999994722864826;0.9999841986325924;1.0;0.9998760056687722;0.9999162439986548;1.0002449217972227;1.0002672411876983;0.9999904881097854;0.9998962696698358;0.9999958834707096;0.9992077670372683;0.9987593568968197;0.9985299853387545;0.9984185083054012;0.9999681902661979;0.9975652412301793;0.9973379651186602;0.9988557137173617;0.9993467574002717;1.0;1.0;0.999975005458262;0.9999944713200329;0.9999902088851745;0.9999999999999999;1.024999976158142;
2016-10-01 21:30:00;1.0;0.9998532355123023;0.9999999999999999;0.9999948191382185;1.0;0.9999926948208746;1.0002525379404077;0.9999528571113322;0.9999687327552742;1.0;0.9999576571281823;0.9999999999999999;1.000032184167759;1.0;0.9999031300512041;0.999916070188366;0.9999186343366326;0.9999998254936923;0.9999997539952954;0.9999861823839071;1.0;0.999897879046368;0.9999179479866059;1.0002370756551482;1.0002590109340281;0.9999910552211716;0.9999144691663243;0.9999961341087819;0.9992434433790359;0.9988174525859105;0.9985950996540116;0.9984886776682464;0.9999739713313733;0.9976476007969367;0.9974345707073325;0.9989240475989555;0.999385685740448;1.0;0.9999999999999999;0.9999796148053964;0.9999949896217522;0.9999913754768659;1.0;1.024999976158142;
2016-10-01 21:45:00;1.0;0.9997122029268127;1.0;0.9999945924465912;0.9999999999999999;0.9999922874992441;1.0002719263644713;0.9999295898737216;0.9999512096001484;0.9999999999999999;0.999924126701193;1.0;1.0000341362951544;1.0;0.999838611802142;0.999867701507849;0.999872455245865;0.9999992800554333;0.9999990162291242;0.999979890852113;1.0;0.9998123870340107;0.9998711550218538;1.0002553286704514;1.0002789527633407;0.9999874235483612;0.9998429594323428;0.9999958051674015;0.999354229187896;0.9989637042714021;0.9987712059892636;0.9986788392394615;0.9999512426477902;0.9979591999194963;0.9977558111258419;0.9990493680542593;0.9994566859188665;0.9999999999999999;1.0;0.9999612056315778;0.9999925250033206;0.9999889601646623;0.9999999999999999;1.024999976158142;
2016-10-01 22:00:00;1.0;0.9996622482273211;1.0;0.9999943268793221;1.0;0.9999912037669969;1.000280507254716;0.9999250719484707;0.9999421907668943;1.0;0.9999121582324236;1.0;1.0000350177100719;1.0;0.9998269662744341;0.9998611140253666;0.9998662733021683;0.9999990303895148;0.9999986739246856;0.9999765323045621;1.0;0.9997797583104023;0.9998648489603583;1.000263602333976;1.0002876183714986;0.9999861821648722;0.9998158537522581;0.9999951838699643;0.9993326958789736;0.9989382566038322;0.9987384121014478;0.9986467561037101;0.999942536030734;0.9979150390879943;0.9977133077253247;0.9990265552900505;0.9994436672550402;1.0;1.0;0.9999542947509552;0.9999916231083978;0.9999869352943042;1.0;1.024999976158142;
2016-10-01 22:15:00;1.0;0.9997854986060484;1.0;0.9999943931960356;1.0;0.9999915309047156;1.0002608820450276;0.9999431166471136;0.9999578283311198;1.0;0.999940795561615;1.0;1.0000327711753776;1.0;0.999878751797156;0.9998985887469259;0.9999019250106508;0.9999993214416204;0.999999162943491;0.9999819865869437;1.0;0.9998538311750904;0.9999010003358442;1.000245044526196;1.0002675491136468;0.9999889481904615;0.9998774940436566;0.9999954722640715;0.9992832120142986;0.9988914243620005;0.9987017531605835;0.9986240110839089;0.9999627223393819;0.9978772157819504;0.9976710026497791;0.9990326760322716;0.9994470399199686;1.0;1.0;0.9999706409807304;0.9999934065162172;0.9999890689191596;1.0;1.024999976158142;
2016-10-01 22:30:00;0.9999999999999999;0.9998505575480782;1.0;0.9999958416845577;1.0;0.9999935380730445;1.0002515127107514;0.9999605914915365;0.9999691718098279;1.0;0.9999584707669569;1.0;1.0000318509659902;1.0;0.9999178199539295;0.9999313047951501;0.9999335299519655;0.9999995834361862;0.9999994992330506;0.9999868323129262;1.0;0.9998970021993229;0.999932915750471;1.0002363984430374;1.000257768424179;0.9999921766155789;0.9999137981424425;0.9999965679371488;0.9992615560396751;0.9988585028548885;0.9986749703799982;0.9985979874477274;0.9999736847159221;0.9978340031244819;0.9976141427162019;0.9990194726736266;0.9994396072248821;1.0;1.0;0.9999793399523949;0.9999953917044224;0.9999917701362501;1.0;1.024999976158142;
2016-10-01 22:45:00;1.0;0.9998187625620049;1.0;0.99999498160991;1.0;0.9999925136753556;1.0002558428057875;0.9999502388484148;0.9999637921124257;1.0;0.999949566889693;0.9999999999999999;1.0000322776799115;1.0;0.9998947510321715;0.9999113790217414;0.9999142515859013;0.9999994731461411;0.9999993492531747;0.9999844384686544;1.0;0.9998759661710105;0.9999134594513664;1.00024032119996;1.0002623472242664;0.9999903620143451;0.99989604566595;0.9999960081239387;0.9992978824739076;0.9989141063737399;0.9987348413993898;0.9986625545911051;0.9999683798327527;0.9979426435854284;0.9977362223695753;0.9990600161847965;0.9994625902338313;1.0;1.0;0.9999751217550358;0.9999943076213493;0.9999904976300493;1.0;1.024999976158142;
2016-10-01 23:00:00;1.0;0.9999085070170682;0.9999999999999999;0.9999950961234978;0.9999999999999999;0.9999928399252542;1.0002377231014672;0.9999640848814845;0.9999754722160282;1.0;0.9999705963138101;1.0;1.0000301134290122;0.9999999999999999;0.9999334840844023;0.9999397762471405;0.9999413046440714;0.9999996462952391;0.9999996023043717;0.9999885104322179;1.0;0.9999301706984707;0.9999408780253394;1.0002232240936642;1.000243804550282;0.999992412974722;0.9999411287556816;0.9999962268554092;0.9993815352500275;0.9990294768657807;0.9988742189816321;0.998808158457549;0.9999831320412924;0.9981775581960665;0.9979817409480047;0.9991525154798764;0.9995151927259414;1.0;0.9999999999999999;0.9999870515628277;0.9999955807858277;0.9999921696196121;0.9999999999999999;1.024999976158142;
2016-10-01 23:15:00;1.0;0.9999119805565228;1.0;0.9999960244667614;0.9999999999999999;0.9999937000245309;1.000235699015186;0.9999704981398576;0.9999770684127103;1.0;0.9999720828895453;1.0;1.0000293583724003;1.0;0.9999463101809892;0.9999521634787752;0.9999533381948356;0.9999991223343238;0.99999908473452;0.9999893648608972;1.0;0.9999321267373449;0.9999529678212005;1.0002215259239395;1.0002416583442888;0.9999931824347096;0.9999423712598212;0.9999966821072962;0.999405647796786;0.9990610986455928;0.9989114763818302;0.9988463839073987;0.9999842578915928;0.9982351562035457;0.9980419306124592;0.9991787126735099;0.9995298562506268;0.9999999999999999;1.0;0.9999879181714716;0.9999955596947351;0.9999927013293662;0.9999999999999999;1.024999976158142;
2016-10-01 23:30:00;1.0;0.9999385745640565;1.0;0.9999961077361125;1.0;0.9999943851190533;1.0002330819836165;0.9999719089459832;0.9999823556473698;0.9999999999999999;0.9999785690863224;1.0;1.0000292390652386;1.0;0.9999495644996609;0.9999529682819961;0.9999540322689903;0.9999993612595391;0.99999933427202;0.9999913261077478;1.0;0.9999502660908478;0.9999537077572115;1.000218906616972;1.0002390648709873;0.999993797236847;0.9999575043157769;0.9999970468040088;0.999400590694024;0.9990527214805655;0.9989045112843805;0.9988391783564637;0.9999888997590011;0.9982237894717378;0.9980267953890458;0.9991740521942752;0.9995270346315026;1.0;1.0;0.9999915713361281;0.9999960960296387;0.9999940064247893;1.0;1.024999976158142;
2016-10-01 23:45:00;1.0;0.9999216890036206;1.0;0.9999961262248435;0.9999999999999999;0.999994739388802;1.000235124946334;0.999967323794883;0.9999814523177506;1.0;0.9999747226013659;1.0;1.0000295598867242;1.0;0.9999364066476385;0.99994214236815;0.9999436583870095;0.9999994317316753;0.9999993930985038;0.9999910864916672;1.0;0.999941399699526;0.9999432199789496;1.0002207348895287;1.000241221253376;0.999993396283739;0.9999501254590464;0.9999972247880445;0.9994383330140395;0.9991022343974127;0.9989559091374816;0.9988893250633021;0.9999863558479368;0.9982939190476505;0.9981055907286551;0.9992087424081502;0.9995470034877194;1.0;1.0;0.9999894453707413;0.9999959356563073;0.9999942502050125;1.0;1.024999976158142;
2016-10-02 00:00:00;1.0;0.999929604919529;0.9999999999999999;0.9999965287532381;1.0;0.9999945824128222;1.0002365433231402;0.9999655368816273;0.9999836051855738;1.0;0.9999702427930852;1.0;1.0000257031268756;0.9999999999999999;0.9999396224019784;0.9999406495586849;0.9999415158934465;0.9999953899487574;0.9999953335147741;0.9999901108794294;1.0;0.9999331330907615;0.9999409649088364;1.0002220705017624;1.000243416930292;0.9999901173192257;0.9999384344789284;0.999997136910107;0.9994303186992931;0.9990930459289464;0.9989424931997598;0.9988752226815788;0.999991637739093;0.9982736483625219;0.9980872426377251;0.9991979868428166;0.9995408212774133;1.0;1.0;0.9999938425310656;0.9999907657495158;0.9999934990744401;1.0;1.024999976158142;
2016-10-02 00:15:00;0.9999999999999999;0.9999270331918653;1.0;0.9999963738755735;1.0;0.9999949777583866;1.0002350421341142;0.9999573776933749;0.9999857879408893;1.0;0.9999670109069705;1.0;1.0000242621449482;0.9999999999999999;0.999921679408906;0.9999222675485374;0.9999234898731554;0.9999941814197127;0.9999941227940813;0.9999901986408725;0.9999999999999999;0.9999290435344552;0.9999227605748459;1.0002203641331995;1.000242345719785;0.9999883268357826;0.9999332439420234;0.9999973442246556;0.9994231622030163;0.9990828688231874;0.9989472481062449;0.9988885914015314;0.9999930292262024;0.9983034062385976;0.9981043801394184;0.9992115750069807;0.9995487828673181;1.0;0.9999999999999999;0.9999949006671256;0.9999887816145366;0.9999940028523172;1.0;1.024999976158142;
2016-10-02 00:30:00;1.0;0.9999230423897041;1.0;0.9999965422412255;1.0;0.9999953581242422;1.0002367482452927;0.9999564862779369;0.9999862908843445;0.9999999999999999;0.9999662540278791;1.0;1.0000244398169387;1.0;0.9999181307274934;0.9999194091647532;0.9999207661029061;0.999994142927719;0.9999940760430034;0.9999904649033823;1.0;0.9999274376775628;0.9999199987176106;1.000221942543656;1.0002441218185136;0.9999883342294499;0.9999318336899501;0.9999975381308631;0.9994358166959816;0.9991084491205404;0.9989582899978867;0.9988949960733322;0.9999926224050837;0.9983109299992696;0.9981325964342179;0.9992110288172404;0.9995482999122914;1.0;0.9999999999999999;0.9999945208886647;0.9999887521697903;0.9999943595139227;1.0;1.024999976158142;
2016-10-02 00:45:00;1.0;0.9999191934550552;1.0;0.9999962215402763;1.0;0.9999951246249635;1.0002310063241169;0.9999539394645521;0.999985401010888;1.0;0.9999655497094266;1.0;1.0000241447460616;0.9999999999999999;0.9999122086217882;0.9999142154349195;0.9999157818467489;0.9999945969079316;0.9999945462623967;0.9999901858922913;1.0;0.9999261191962774;0.9999149912225669;1.0002164619089242;1.0002382243266386;0.9999882550035232;0.9999311916871272;0.9999974255790415;0.9994859988409287;0.9991807100519575;0.9990425430990879;0.9989842548697626;0.9999915486744961;0.9984557526096567;0.9982880632904845;0.9992688078946491;0.9995805867339802;1.0;1.0;0.9999936557392638;0.9999890922163996;0.999994227997296;1.0;1.024999976158142;
2016-10-02 01:00:00;1.0;0.9999459374192701;1.0;0.9999971776715928;0.9999999999999999;0.9999960897846807;1.000227148479532;0.999968197401233;0.9999890183103703;1.0;0.9999756604783737;1.0;1.0000249652430415;1.0;0.9999418102500011;0.9999422934575738;0.999943211896567;0.9999958711956335;0.9999958323312735;0.9999925873730257;1.0;0.9999475866895077;0.9999426809545505;1.0002131422309866;1.000233783651743;0.9999913905966575;0.9999508855750717;0.9999979361937067;0.9995635336285416;0.9992904675043464;0.9991486605071844;0.9990853340175578;0.9999945879132595;0.998606291977412;0.9984683847671528;0.9993291840487287;0.9996153516101004;0.9999999999999999;1.0;0.9999960375773861;0.999991862838946;0.9999954057229505;1.0;1.024999976158142;
2016-10-02 01:15:00;1.0;0.9999616588935167;0.9999999999999999;0.9999983501651732;0.9999999999999999;0.9999979745179195;1.0002221013395245;0.9999775678321551;0.9999938982406652;0.9999999999999999;0.9999833670801364;1.0;1.0000256360389674;1.0;0.9999565617661624;0.9999574616555095;0.999958239368251;0.9999971719078444;0.9999971528222705;0.9999955926317776;1.0;0.9999647540138404;0.9999578366152143;1.0002085324739884;1.000228262053876;0.999994267392674;0.9999668410039448;0.9999989334610899;0.9995668823910248;0.9992967166413034;0.9991667512920525;0.9991097143914266;0.999996413059138;0.9986522005727758;0.9985088060187817;0.999347187912952;0.999625168428725;1.0;1.0;0.9999973012590415;0.9999945169924048;0.9999975298321933;1.0;1.024999976158142;
2016-10-02 01:30:00;1.0;0.9999619078292704;0.9999999999999999;0.9999980644347857;0.9999999999999999;0.9999977430776665;1.0002184775747989;0.9999755917589462;0.9999936500208512;0.9999999999999999;0.9999832356580729;0.9999999999999999;1.0000253442854004;1.0;0.9999526188087708;0.9999535410337107;0.9999544271478766;0.9999973558207254;0.9999973383309644;0.9999954233005555;1.0;0.9999650749982936;0.9999540087918701;1.000205049284763;1.0002245792114473;0.9999940621678366;0.9999672391797758;0.9999988131310641;0.9996413258552712;0.9994064507581454;0.9992734069451735;0.9992140486231038;0.9999962812769272;0.9988132097071311;0.9987018997103502;0.9994095284762117;0.9996609862094479;1.0;1.0;0.9999972034725391;0.9999945602401743;0.9999974293741203;1.0;1.024999976158142;
2016-10-02 01:45:00;1.0;0.9999596834642552;1.0;0.9999973275939021;1.0;0.9999971362787293;1.0002187414716583;0.9999690206015258;0.9999929735493058;1.0;0.9999813709307993;1.0;1.000025331771389;0.9999999999999999;0.9999395881601094;0.9999404722845217;0.9999416616969131;0.9999973390392737;0.9999973181110686;0.9999947418794795;1.0;0.9999627051023061;0.9999411624306018;1.0002050799904;1.0002250324623154;0.9999929696481277;0.999964992480434;0.9999984933265844;0.9996522551167447;0.9994250336495595;0.9992930482852831;0.9992356637362094;0.9999960128417037;0.9988455203862038;0.998739986793038;0.9994264133419744;0.9996701537524247;1.0;1.0;0.9999970147312774;0.9999939534308523;0.9999970762587664;1.0;1.024999976158142;
2016-10-02 02:00:00;1.0;0.9999690823937937;1.0;0.9999980800398827;1.0;0.9999973963982834;1.0002171670404008;0.9999832599696626;0.9999922009231484;1.0;0.9999880210376905;1.0;1.0000268683999787;1.0;0.9999691093876919;0.9999703911358077;0.9999710024040872;0.9999990180892098;0.9999990094635605;0.9999957197458159;1.0;0.999973477001394;0.9999707728488737;1.0002040462300361;1.0002227410845692;0.9999961463964829;0.9999764714658428;0.9999986350052633;0.9996112281929118;0.9993698655581187;0.9992286435418969;0.9991677979432629;0.9999952983304373;0.9987364717408402;0.9986251561984606;0.9993821926776335;0.9996450609008198;1.0;1.0;0.9999964498845371;0.9999970857838997;0.9999971957259767;1.0;1.024999976158142;
2016-10-02 02:15:00;1.0;0.9999776041430666;1.0;0.9999978613583851;0.9999999999999999;0.9999974598414455;1.0002124568981563;0.9999822339181211;0.9999936845682339;1.0;0.9999903024718915;1.0;1.0000266920393805;0.9999999999999999;0.9999667835238348;0.9999675370656828;0.9999682367950393;0.9999994624052855;0.9999994572407528;0.9999963047362566;1.0;0.9999801932881197;0.9999680151364118;1.0001995022218815;1.000217930068066;0.999996365262884;0.9999824360276568;0.9999986696938098;0.9996986159354733;0.9994973075765851;0.9993638840631153;0.9993061414822328;0.999996451233989;0.9989558621547578;0.9988733355214554;0.9994690752534398;0.9996943081815896;1.0;1.0;0.999997347166205;0.999997577797681;0.999997606620725;1.0;1.024999976158142;
2016-10-02 02:30:00;1.0;0.999978010633568;1.0;0.9999977817914416;1.0;0.9999971878262505;1.0002130978990067;0.9999830454371613;0.9999929707450527;0.9999999999999999;0.9999903311489272;0.9999999999999999;1.0000267813310102;1.0;0.9999694771024977;0.9999700016586958;0.9999706085193099;0.9999994639691593;0.9999994584660707;0.9999960082714551;1.0;0.9999798046011359;0.9999704113850909;1.0002001471757818;1.0002185513276656;0.9999963620322806;0.9999821662501274;0.9999985271004115;0.999692545197342;0.9994894937367376;0.9993533276732334;0.9992946601059615;0.9999963393173305;0.9989397810003353;0.9988576147604413;0.9994595322873899;0.9996890390501342;1.0;1.0;0.9999972951609309;0.9999975772800124;0.999997291592864;1.0;1.024999976158142;
2016-10-02 02:45:00;1.0;0.999976669404229;1.0;0.9999973330585277;0.9999999999999999;0.9999969151792348;1.0002100345191633;0.9999786864656904;0.9999927849146083;1.0;0.9999894137030758;1.0;1.0000264989498258;1.0;0.9999602502176342;0.9999609434007838;0.9999617941063518;0.9999995957364664;0.9999995907794192;0.9999957412323447;0.9999999999999999;0.9999790412262266;0.9999615421050595;1.0001971108681782;1.0002155183803327;0.9999957970082329;0.9999815059278356;0.9999983846366857;0.9997990271485206;0.9996430730736848;0.9995120493787493;0.9994544084681279;0.9999961012957598;0.9991840581336502;0.999138434110673;0.9995626798339846;0.9997472925142293;1.0;1.0;0.9999971024623583;0.9999973816150944;0.9999972207001324;1.0;1.024999976158142;
2016-10-02 03:00:00;1.0;0.9999728866399299;1.0;0.9999981140500578;1.0;0.999997746424268;1.0002107354810725;0.9999840540443169;0.9999932805812407;1.0;0.9999903104899837;0.9999999999999999;1.0000268567824715;1.0;0.9999689378435808;0.9999707413044069;0.9999714743955779;0.999999837822184;0.9999998327750212;0.9999965067669635;1.0;0.9999790885214962;0.9999712702878865;1.000197957776453;1.000216036467361;0.9999969811310724;0.9999820605038156;0.9999988191595274;0.9998224193553614;0.9996757194996452;0.9995403426096973;0.9994794638483865;0.9999953069496316;0.9992195711261996;0.9991847158707577;0.9995762515932064;0.9997547973747386;1.0;1.0;0.9999963907929739;0.9999982266459544;0.9999977915275989;1.0;1.024999976158142;
2016-10-02 03:15:00;0.9999999999999999;0.9999733779437772;1.0;0.9999973672071806;1.0;0.9999969590625185;1.0002096880589793;0.999978900553426;0.9999923149821276;1.0;0.9999891432636581;1.0;1.0000266997103495;1.0;0.9999599175899067;0.9999612406727442;0.9999621480942567;0.999999837822184;0.9999998326470987;0.9999957209909218;1.0;0.9999779172543639;0.9999618981558637;1.0001968067572353;1.000215101084063;0.999996027650012;0.9999808903701083;0.9999984071061979;0.9998190212855417;0.9996745905003013;0.9995529480729215;0.9995017562767524;0.9999953117568714;0.999272358851013;0.9992302812098964;0.9995906014256755;0.9997627364029731;1.0;1.0;0.9999964544085066;0.9999977096046511;0.999997233676148;1.0;1.024999976158142;
2016-10-02 03:30:00;1.0;0.9999782539016843;1.0;0.9999981321338673;1.0;0.9999974487484675;1.0002102014947651;0.9999861520058745;0.9999931231825813;1.0;0.9999909721429782;0.9999999999999999;1.0000263942072976;0.9999999999999999;0.9999756871216862;0.9999762752930844;0.9999767340679444;0.9999994333237987;0.9999994281551993;0.9999962562207295;1.0;0.9999802643472526;0.9999765737160563;1.0001975316588674;1.0002155011482663;0.9999968378269981;0.9999826428532922;0.9999986639163623;0.9997798325715758;0.9996186947731678;0.9994950402607713;0.9994435478180448;0.9999963505053557;0.9991830571591077;0.9991281474942046;0.9995533037047428;0.9997418613108523;1.0;0.9999999999999999;0.9999972952598346;0.9999978095708167;0.9999974063603482;1.0;1.024999976158142;
2016-10-02 03:45:00;1.0;0.9999763857531282;1.0;0.9999982553966652;1.0;0.999997514456128;1.000209515935246;0.9999858725012726;0.9999931731370074;1.0;0.999989856075903;1.0;1.0000257950274902;1.0;0.999975442200723;0.9999758204021704;0.9999762319004597;0.9999989200995366;0.9999989133734939;0.9999961019706516;1.0;0.9999776736942727;0.9999760479932606;1.0001968993527564;1.000214883305547;0.9999964493786128;0.9999798963377319;0.999998698053464;0.9998084912954389;0.999659469897373;0.99954265885928;0.9994944027561983;0.9999965653499532;0.999267970849551;0.9992188094277237;0.9995851528881069;0.999760093258515;1.0;1.0;0.9999974764246601;0.9999971681712617;0.9999973342963068;1.0;1.024999976158142;
2016-10-02 04:00:00;1.0;0.9999756741717801;1.0;0.9999963684307727;1.0;0.999996473640091;1.000210737942818;0.999967444693494;0.9999935017606011;1.0;0.9999869063865944;1.0;1.000026299067643;1.0;0.999936704709745;0.9999371879148509;0.9999385973578766;0.9999993612595393;0.9999993527677038;0.9999953005661575;1.0;0.9999773234910646;0.9999381820276225;1.000197361945872;1.0002166215193529;0.9999940147436265;0.9999793061755464;0.9999981515665922;0.9998025024555764;0.9996504346117683;0.9995267385549899;0.9994747371902336;0.9999966179369985;0.9992293409648829;0.9991821582775645;0.9995734620043041;0.9997533948634403;1.0;0.9999999999999999;0.9999975011918628;0.999996218225068;0.9999972565838243;1.0;1.024999976158142;
2016-10-02 04:15:00;1.0;0.9999720715540571;1.0;0.9999984513180846;1.0;0.9999980073876366;1.0002094532247328;0.9999861238658792;0.9999935017317428;1.0;0.9999902075635954;1.0;1.000026409967925;1.0;0.9999731252375004;0.9999748873588052;0.9999754955809561;0.9999995436138538;0.9999995382048699;0.9999966449131525;1.0;0.9999781287462831;0.999975303672819;1.0001968359759272;1.0002147079836585;0.9999971343487183;0.9999810146156466;0.9999989559847947;0.9998084371296346;0.9996608832140351;0.9995499590823939;0.9995058272788202;0.9999954453125156;0.9992920752738583;0.9992402309719876;0.9995933989417656;0.9997646244887171;1.0;1.0;0.99999649570812;0.9999980628252934;0.9999978746769564;1.0;1.024999976158142;
2016-10-02 04:30:00;1.0;0.9999703235826817;1.0;0.9999981847243803;0.9999999999999999;0.999998014621329;1.0002084096054622;0.9999824949507172;0.9999938080460633;1.0;0.9999895491315477;1.0;1.0000264300385295;1.0;0.9999645681207421;0.9999667404030915;0.9999676029529241;0.9999997167630138;0.9999997128347551;0.9999966793300772;1.0;0.9999778283398192;0.9999673563232232;1.0001957152995349;1.0002137224487662;0.9999967998742992;0.9999808059516233;0.9999989604432575;0.9998169585661679;0.9996771868397456;0.9995685958167393;0.9995274584758922;0.9999952013395466;0.9993310932062328;0.999284309579051;0.9996071226963426;0.9997719615925255;1.0;1.0;0.9999962684746779;0.9999980270385845;0.9999980626137881;1.0;1.024999976158142;
2016-10-02 04:45:00;1.0;0.9999828419873296;1.0;0.9999978859729411;1.0;0.9999976631830924;1.0002067824645535;0.999982824054323;0.9999947608961044;1.0;0.9999920707451121;1.0;1.000026284081913;1.0;0.9999674992597004;0.9999680651617353;0.9999687822005233;0.9999997872351907;0.999999784793922;0.9999968420878818;1.0;0.9999847806497381;0.9999685787661964;1.0001941337637903;1.0002120854083827;0.9999967593251742;0.999986592616248;0.9999987773812841;0.9998474428564276;0.9997164032976388;0.9996110252868377;0.9995686978701618;0.9999971111493661;0.9993948745076325;0.9993533767199944;0.9996313420248151;0.9997861492625809;1.0;1.0;0.9999978464030422;0.9999980643957389;0.9999979783262032;1.0;1.024999976158142;
2016-10-02 05:00:00;1.0;0.9999856781770667;1.0;0.9999981992921717;1.0;0.9999980313538426;1.0002078948360402;0.9999854032656897;0.9999956458623607;1.0;0.9999933424766195;1.0;1.0000264856666887;1.0;0.9999723001068713;0.999972783329178;0.9999733980271746;0.9999998378221839;0.9999998349923963;0.9999973575876115;1.0;0.9999873275128512;0.9999732250446187;1.0001952413738677;1.0002131643978789;0.999997257457531;0.9999888376602021;0.9999989696208836;0.9998300988553087;0.9996903028995371;0.9995868175581425;0.9995455208947414;0.9999975882806198;0.999370113644101;0.9993199281431234;0.9996106580476404;0.9997744462217756;1.0;1.0;0.9999982007179303;0.9999983769064678;0.9999983164701035;1.0;1.024999976158142;
2016-10-02 05:15:00;0.9999999999999999;0.999983339481591;1.0;0.9999981508263591;1.0;0.999997983564241;1.0002082960450542;0.999984117729964;0.9999954352957924;1.0;0.9999923353074761;1.0;1.0000263208721847;0.9999999999999999;0.9999696739605513;0.9999702175360161;0.9999708792606321;0.9999996248224271;0.9999996215615023;0.9999971563915537;0.9999999999999999;0.9999852061362197;0.9999706789808465;1.0001955927254647;1.0002136360190155;0.9999969208589942;0.9999867925922638;0.9999989446984275;0.9998287116152951;0.9996902937531658;0.9995845089571362;0.9995429671663867;0.9999974358318997;0.9993734648275945;0.999326005329663;0.999603767879706;0.999770493024372;1.0;1.0;0.9999980832580346;0.9999980156592835;0.9999982285115703;1.0;1.024999976158142;
2016-10-02 05:30:00;1.0;0.9999646980922583;1.0;0.9999977409842609;1.0;0.9999975681222802;1.000211039131578;0.9999768264148423;0.9999930235819754;1.0;0.9999863116759335;1.0;1.0000260908618577;1.0;0.9999536751818486;0.9999557076624868;0.9999567609863015;0.9999990594710629;0.999999048640908;0.9999958314947165;1.0;0.9999716953075132;0.9999564181185631;1.0001980410850753;1.0002166582267642;0.9999954146143305;0.9999747560279089;0.9999987233067679;0.9998498059928281;0.9997197127405201;0.9996161057118399;0.9995757807917682;0.999994979347983;0.9994163666560733;0.9993745086686224;0.9996312603132423;0.9997859775263688;1.0;1.0;0.9999961259225411;0.9999967235466182;0.9999976159258698;1.0;1.024999976158142;
2016-10-02 05:45:00;0.9999999999999999;0.9999699714959623;1.0;0.9999986623779195;1.0;0.9999983909407406;1.0002106918882052;0.9999855714577025;0.9999942584004066;1.0;0.999989590907745;1.0;1.000026323017335;1.0;0.9999708521446296;0.9999728846601811;0.9999735590642765;0.999999299964382;0.9999992932556043;0.9999969208941529;1.0;0.9999769687481174;0.999973332674038;1.0001979811851018;1.0002160377357672;0.9999970322236607;0.9999797366262573;0.9999991562130028;0.9998218114469417;0.9996793418358955;0.999564528544497;0.9995178621650705;0.9999955381891865;0.9993152478403557;0.9992703530746316;0.9995944712941369;0.9997650538443937;1.0;1.0;0.9999965287957219;0.9999978028879039;0.9999982050974524;1.0;1.024999976158142;
2016-10-02 06:00:00;1.0;0.9999782655032154;1.0;0.9999988313603729;1.0;0.9999986484057666;1.0002084151417605;0.9999874911008889;0.9999958087937105;1.0;0.9999917025312577;1.0;1.0000259959911553;1.0;0.9999752040804304;0.9999763710662984;0.9999769123930046;0.9999992648616847;0.9999992609392994;0.9999975294230713;0.9999999999999999;0.9999823013922488;0.9999767185269788;1.0001958477025408;1.0002137060267122;0.9999973433990087;0.9999841260161753;0.9999992926717062;0.9998282492671643;0.9996881470872737;0.9995689659024913;0.9995189036410516;0.9999970292484147;0.9993071618896049;0.9992671657823298;0.9995972014501882;0.9997668264898846;1.0;1.0;0.9999977120878353;0.9999979426529232;0.9999985617847729;1.0;1.024999976158142;
2016-10-02 06:15:00;1.0;0.9999848991300557;1.0;0.9999976982100289;1.0;0.9999977624903977;1.0002114117508731;0.9999798947836114;0.9999958064088152;1.0;0.9999920832400453;1.0;1.0000268396362482;0.9999999999999999;0.9999608403407991;0.9999612598716267;0.9999621490057926;0.999999767321799;0.9999997639185578;0.9999970802518766;0.9999999999999999;0.9999863317276437;0.9999618989320789;1.0001983529464156;1.0002169411101902;0.9999963973930762;0.9999876896352208;0.9999988286502726;0.999762828146737;0.9995999277602077;0.9994619294707466;0.9994054138928156;0.9999977187891322;0.9991209752539449;0.9990742319850411;0.9995249211953894;0.9997257937247205;1.0;1.0;0.9999983027756746;0.9999978514036476;0.999998279223201;1.0;1.024999976158142;
2016-10-02 06:30:00;1.0;0.9999835359960113;1.0;0.9999977851265359;1.0;0.9999975711039815;1.0002112916999766;0.9999822984812567;0.9999947199820428;1.0;0.9999921440942107;0.9999999999999999;1.0000269101005737;1.0;0.999966593312469;0.999967076532018;0.9999678142304583;0.999999837822184;0.9999998352529714;0.9999967907781016;1.0;0.9999851853282625;0.9999676089116122;1.0001983533293413;1.0002167114649685;0.9999966892239722;0.9999869604448045;0.9999987290226452;0.9997337051010629;0.9995710802786729;0.9994278667964426;0.9993750301574544;0.9999971692993187;0.9990722378897988;0.9990292109045765;0.9995119914873659;0.9997186034029888;1.0;0.9999999999999999;0.9999978986781435;0.9999980688354708;0.9999979366136569;1.0;1.024999976158142;
2016-10-02 06:45:00;1.0;0.9999783885636655;1.0;0.9999984489581785;1.0;0.9999980432888131;1.0002110987351511;0.9999875770658723;0.9999942018522755;0.9999999999999999;0.9999921744328997;0.9999999999999999;1.000026915712919;1.0;0.9999764388012395;0.9999777428984564;0.9999782791664027;0.999999837822184;0.9999998350457291;0.9999970184598069;0.9999999999999999;0.9999828552639679;0.9999781268028085;1.0001983910637993;1.0002163326168254;0.9999975482720422;0.9999852930480541;0.9999989760356766;0.999764030778252;0.9995982981442733;0.9994566208786353;0.9993961590773902;0.9999961844818079;0.9990937832923931;0.9990470412956488;0.9995226435887785;0.9997246310202218;1.0;1.0;0.9999970859385017;0.9999985345222926;0.9999980451721973;0.9999999999999999;1.024999976158142;
2016-10-02 07:00:00;1.0;0.9999569697225138;0.9999999999999999;0.9999962323985335;1.0;0.9999943558061551;1.0002152516359133;0.9999770453748065;0.9999841558886204;1.0;0.9999832656202332;1.0;1.0000270649997782;1.0;0.9999628022544712;0.9999640649873548;0.9999647168628715;0.9999994655329412;0.9999994476559901;0.9999920444038706;0.9999999999999999;0.9999612916459987;0.99996450800421;1.0002022120075413;1.0002207242211443;0.9999945166117824;0.9999668688156889;0.9999970368966575;0.9998048526115444;0.9996541403586364;0.999532018546958;0.9994819984743648;0.9999916761070101;0.9992475141788395;0.9992004503816486;0.9995759127646131;0.9997545584311918;1.0;1.0;0.9999938409618816;0.9999965751497667;0.9999941559345082;1.0;1.024999976158142;
2016-10-02 07:15:00;1.0;0.999929615155625;1.0;0.9999931127047625;1.0;0.999988684453407;1.000226035795717;0.9999668088477491;0.9999684967440683;1.0;0.9999722120014735;1.0;1.0000282830026346;1.0;0.9999550510241018;0.9999558905585799;0.9999564032250275;0.9999992907918566;0.9999992387244188;0.999984668983488;0.9999999999999999;0.9999324928656003;0.9999562187127529;1.0002124172205227;1.0002317482706649;0.9999909006695189;0.9999428578217252;0.999994045838447;0.9997769329311041;0.9996112442818453;0.999459469500948;0.999393708909525;0.9999849728216902;0.9990812759999819;0.9990412889335268;0.9995200098879532;0.999720436107504;1.0;1.0;0.9999890612198432;0.9999944592049081;0.99998810112455;1.0;1.024999976158142;
2016-10-02 07:30:00;0.9999999999999999;0.9999209844354702;1.0;0.9999918162091407;1.0;0.999987059384194;1.00022393778461;0.9999574962102198;0.9999648905711396;0.9999999999999999;0.9999676001279494;1.0;1.000027712101286;1.0;0.9999388613545157;0.9999395512658026;0.9999403642193427;0.999999019653145;0.9999989655661016;0.9999825227724894;1.0;0.999923356969581;0.9999400817535214;1.0002102192348188;1.0002298356598618;0.9999888875612672;0.9999346910365904;0.999993194955463;0.9998277174067284;0.9996841138068593;0.999552567148721;0.9994973774825172;0.9999834757628673;0.9992703423193788;0.9992356050454805;0.999579316843014;0.9997539920569595;1.0;0.9999999999999999;0.9999880006768137;0.999993140453514;0.9999866027345741;1.0;1.024999976158142;
2016-10-02 07:45:00;1.0;0.9999531657690419;1.0;0.9999942609608667;1.0;0.999992279551509;1.0002167449148522;0.9999622909235406;0.999981095844419;1.0;0.9999786600211136;1.0;1.0000270012463404;1.0;0.9999361801610885;0.9999365996815699;0.9999377817947389;0.9999992708828989;0.9999992491304519;0.9999897101636456;1.0;0.999954598321168;0.9999374198923382;1.000203167342037;1.0002226608722993;0.9999916903521631;0.9999605455025347;0.9999959482542493;0.9997670247093534;0.9995955147863786;0.9994719136406648;0.9994199357539888;0.9999910610570965;0.9991423929415888;0.9990786182055026;0.9995407172867036;0.9997321447361764;0.9999999999999999;1.0;0.9999935031337854;0.9999948791953389;0.999992592379902;1.0;1.024999976158142;
2016-10-02 08:00:00;1.0;0.9999368292452658;1.0;0.9999946206532065;1.0;0.9999909585715747;1.0002234398662964;0.9999748313529317;0.9999734005357305;1.0;0.9999770535247033;1.0;1.0000284655375493;1.0;0.9999660094751379;0.9999677650816431;0.9999681956665957;0.9999997872351906;0.9999997603111966;0.9999875184004821;1.0;0.9999428879572073;0.9999680675400034;1.00021012066981;1.0002288784992328;0.9999931774773837;0.9999522450374276;0.9999952525219572;0.9996937914340276;0.9994863489003204;0.9993363044702461;0.9992694629920346;0.999986348689751;0.9989048718243579;0.9988283393055688;0.9994301798660614;0.9996696924154385;1.0;1.0;0.9999899385651031;0.9999961158569469;0.9999903181520023;1.0;1.024999976158142;
2016-10-02 08:15:00;0.9999999999999999;0.9999633005762697;1.0;0.9999964254443654;1.0;0.9999949852114511;1.0002208873544582;0.9999773793931481;0.9999864275484653;1.0;0.9999855641528358;1.0;1.0000281517115948;1.0;0.9999616751728503;0.9999629346468292;0.9999636859628723;0.999999837822184;0.9999998259067001;0.999993120988514;0.9999999999999999;0.9999676233664392;0.9999634770640526;1.0002074477654155;1.0002264805260555;0.9999950820325536;0.9999724816012749;0.9999973696538487;0.9995992188399807;0.9993493162591859;0.9992235212523359;0.9991710505273135;0.9999927049880359;0.9987709198436552;0.9986420167923117;0.9993753579592863;0.9996382139380525;1.0;1.0;0.9999945831196344;0.9999971951925721;0.9999950186530133;1.0;1.024999976158142;
2016-10-02 08:30:00;0.9999999999999999;0.9999594067346433;1.0;0.9999960896102708;1.0;0.9999939521321178;1.000222597279048;0.9999790229004344;0.9999831308951782;1.0;0.9999843367014919;1.0;1.000028390080994;1.0;0.9999681914840728;0.999969218670126;0.999969735558306;0.9999998378221838;0.9999998237710747;0.9999917778032024;1.0;0.9999629350110294;0.9999695882896724;1.000209197168157;1.0002281147164422;0.9999948929452254;0.9999687648789596;0.999996827599805;0.999599780912268;0.9993508364975017;0.9992029647774389;0.9991383434769651;0.9999914247769799;0.9987054015320405;0.9985921390837821;0.999348946450433;0.9996233768147628;0.9999999999999999;1.0;0.9999936892814493;0.9999970920330061;0.9999937650212724;1.0;1.024999976158142;
2016-10-02 08:45:00;1.0;0.9999574688725184;1.0;0.9999949984639777;1.0;0.9999930195129413;1.000226620560187;0.9999694452772366;0.9999822182561754;1.0;0.99998172411331;0.9999999999999999;1.0000287404410804;1.0;0.999949640394076;0.9999503335698708;0.9999512587321265;0.9999997151991682;0.9999996973467852;0.9999907508485706;0.9999999999999999;0.9999598406489747;0.9999509955324903;1.0002126645712928;1.0002325191679808;0.9999932133688032;0.9999656696266703;0.9999963372890214;0.999516633855118;0.9992285703796436;0.9990895347319092;0.9990308666562526;0.99999131900606;0.9985453520185513;0.9983929590606067;0.9992855341994217;0.9995876992093745;0.9999999999999999;1.0;0.9999936548487639;0.9999960782174202;0.9999932024001045;0.9999999999999999;1.024999976158142;
2016-10-02 09:00:00;1.0;0.9999637772948504;1.0;0.9999963184184816;1.0;0.9999942017076631;1.0002199411636372;0.9999804920562628;0.9999841950510647;1.0;0.999985190591453;1.0;1.0000277496134138;1.0;0.9999715816319659;0.9999719598319531;0.999972349697117;0.9999995344412715;0.9999995215601004;0.9999921312925976;1.0;0.9999650652197554;0.999972214551243;1.0002067249370623;1.0002254291887904;0.9999949523261374;0.9999701999234467;0.9999969594709299;0.999624376866482;0.9993906703359673;0.9992574219200433;0.9992025459105991;0.9999925021229533;0.9988025950148335;0.998692388347489;0.9994034274950655;0.9996544159912025;1.0;1.0;0.999994547208583;0.9999968700916603;0.9999939838607855;1.0;1.024999976158142;
2016-10-02 09:15:00;0.9999999999999999;0.999948879733205;1.0;0.9999956915547693;1.0;0.9999936238776075;1.0002249675407124;0.9999726595066386;0.9999819635528785;1.0;0.9999802178589046;1.0;1.000028127518187;1.0;0.9999547489742933;0.9999563837786031;0.9999572012814298;0.9999992907918566;0.9999992694275831;0.9999908874608826;1.0;0.9999545036248322;0.9999569366286952;1.000211274895644;1.0002307682335059;0.9999935481137547;0.9999609368450005;0.9999966520030235;0.9995391203802829;0.9992804894205836;0.9991419391811976;0.9990924442990099;0.999990338825189;0.998643773311277;0.9985160244828097;0.9993339735260145;0.9996150020271615;1.0;1.0;0.9999928302885707;0.9999959029064877;0.9999933862079884;1.0;1.024999976158142;
2016-10-02 09:30:00;1.0;0.9999553570144479;1.0;0.9999966105260772;1.0;0.9999948923657304;1.000220376406366;0.9999772784072798;0.9999852473275996;1.0;0.999982633643957;1.0;1.0000272485912447;1.0;0.9999622278493902;0.9999635667601962;0.9999642191991375;0.999998989003312;0.999998972236859;0.9999924252048741;1.0;0.9999599699787024;0.9999639767814508;1.000207042195623;1.0002260517056965;0.9999944034606433;0.9999652116927301;0.9999973192582826;0.9995798639397167;0.9993415070243717;0.9992148721237837;0.9991718813949452;0.9999920946504567;0.9987506970660408;0.998632097894499;0.9994030821661222;0.9996539115862308;1.0;0.9999999999999999;0.9999941331420041;0.9999961145166594;0.9999945613519119;1.0;1.024999976158142;
2016-10-02 09:45:00;1.0;0.999953617489166;1.0;0.9999950919047188;1.0;0.9999926072859111;1.0002194875684913;0.9999722981646018;0.9999802589137554;1.0;0.9999807858086401;1.0;1.0000276274309587;1.0;0.9999572795946832;0.9999579090900014;0.9999585888571767;0.9999994946189099;0.9999994756665417;0.9999900222475407;1.0;0.9999557725260525;0.9999583747054749;1.0002061202273727;1.0002251193646938;0.9999932675812628;0.9999622352673694;0.9999961211765437;0.9995978630244289;0.9993670582048905;0.9992453162777283;0.9992045562737559;0.9999904899632771;0.998781387096362;0.9986658537365876;0.999439960155988;0.9996750551777464;1.0;1.0;0.99999306513211;0.9999959218898119;0.9999924875221691;0.9999999999999999;1.024999976158142;
2016-10-02 10:00:00;1.0;0.9999345443551124;1.0;0.9999927535992682;0.9999999999999999;0.999989210830793;1.0002275604354007;0.9999594211559161;0.9999714948580799;1.0;0.9999727297792601;1.0;1.000028632117055;1.0;0.999937143579561;0.9999380244446108;0.9999390516405532;0.9999994930551106;0.9999994574624921;0.999985598835579;1.0;0.9999375667583013;0.9999387460420709;1.0002134960552542;1.0002335660291721;0.999990309285212;0.9999468772484694;0.9999943328120781;0.9995325520983944;0.9992630421681633;0.9991081032450629;0.9990458753904485;0.9999862923181311;0.9984813910235916;0.9983552208529847;0.9993494425995832;0.9996237574036146;1.0;1.0;0.9999900074378187;0.9999943132347708;0.9999891536034314;0.9999999999999999;1.024999976158142;
2016-10-02 10:15:00;1.0;0.9999358964699776;1.0;0.9999932584693498;0.9999999999999999;0.999989006354836;1.00022405864954;0.9999687879935065;0.9999695522902937;0.9999999999999999;0.9999747229042654;1.0;1.0000285459085716;1.0;0.9999584467972638;0.9999591813139539;0.9999596673701228;0.9999998071441848;0.9999997792856845;0.9999853751002751;1.0;0.9999384128335006;0.9999595260563056;1.0002105655044018;1.0002296218936684;0.9999916620539998;0.9999483940840795;0.999994230578;0.9995422305922844;0.9992647666064226;0.9991297067288833;0.9990720832999169;0.9999855478056053;0.9985077204973474;0.998361356084268;0.999381569908388;0.9996420925482862;1.0;1.0;0.9999894890600196;0.9999953111059607;0.9999885526120244;0.9999999999999999;1.024999976158142;
2016-10-02 10:30:00;1.0;0.9999404462715102;1.0;0.9999945428893269;1.0;0.999991287817763;1.0002256835919354;0.9999715644232612;0.9999753383048938;0.9999999999999999;0.9999771824345065;1.0;1.0000284896111393;0.9999999999999999;0.9999583453968114;0.9999597321515954;0.9999603443130619;0.9999995451776986;0.9999995140743407;0.9999880224046162;1.0;0.9999452021196588;0.9999601514794023;1.0002120690555742;1.000231354704259;0.9999927026720824;0.9999536769291811;0.9999954223763889;0.9995564807335131;0.9992885192747125;0.9991347622081106;0.9990680116457857;0.9999875699465571;0.9984961602354442;0.9983703751526511;0.9993704757910353;0.9996359311332551;1.0;1.0;0.9999908651685553;0.999995654887618;0.9999908658978246;0.9999999999999999;1.024999976158142;
2016-10-02 10:45:00;1.0;0.9999551893595182;0.9999999999999999;0.9999961505894414;1.0;0.9999938278365298;1.0002249654885644;0.9999788690113411;0.9999823664214464;1.0;0.9999826933325576;1.0;1.0000282267968248;1.0;0.999968520801377;0.9999695289802825;0.9999699840016181;0.9999993644154438;0.9999993462093004;0.9999913248524321;1.0;0.9999586449876334;0.9999698198053889;1.000211467316175;1.000230591687227;0.9999944795499072;0.999964692253568;0.9999967605050576;0.9995045160126401;0.9992084493183754;0.9990415932899679;0.9989651421005045;0.9999910974099138;0.9983498909475009;0.9982091458173736;0.9992845938891086;0.999587164592579;1.0;1.0;0.9999934556293687;0.9999964698311856;0.9999934456978109;1.0;1.024999976158142;
2016-10-02 11:00:00;1.0;0.9999207706968086;1.0;0.9999911058026624;1.0;0.9999860403791717;1.000231089896462;0.9999555710566296;0.9999626966637105;1.0;0.9999672616368032;1.0;1.0000290789777475;1.0;0.9999369792604235;0.9999375037995738;0.9999383489959232;0.9999994747099227;0.9999994134763646;0.9999815488409136;1.0;0.9999225645616878;0.9999380899582943;1.000216909170307;1.000237106227076;0.9999885763672943;0.9999345312826289;0.9999926557490806;0.9995446127896421;0.999262270284047;0.9991094439743728;0.9990402208324617;0.9999826359984814;0.9984168587135257;0.9982781375906352;0.9993745351015921;0.9996379260403714;1.0;1.0;0.9999874159646056;0.999993351514688;0.9999857394949282;1.0;1.024999976158142;
2016-10-02 11:15:00;0.9999999999999999;0.999947237506206;1.0;0.9999946818376285;1.0;0.9999918131855448;1.000226219510499;0.9999706757142339;0.9999777411940767;1.0;0.9999785641406919;1.0;1.000028390049806;1.0;0.9999556339383869;0.9999564288065746;0.9999571040572787;0.999999390345412;0.9999993648025133;0.9999888599165963;1.0;0.9999499712131751;0.9999568837821188;1.0002124726357149;1.0002320151587927;0.9999926747942428;0.9999573231413671;0.9999957013852877;0.9994418111400127;0.9991226379248345;0.9989913124467652;0.9989388773775183;0.9999891969356537;0.9982994905829266;0.9981151409038692;0.9993067373249678;0.9995994542837889;1.0;1.0;0.9999921122246921;0.9999955116812873;0.9999915764637719;1.0;1.024999976158142;
2016-10-02 11:30:00;1.0;0.9999469766993669;1.0;0.9999944677023572;1.0;0.99999163728597;1.0002320092842385;0.9999690974991297;0.9999774947361902;1.0;0.9999783548433184;0.9999999999999999;1.0000292587457555;1.0;0.9999524356315777;0.9999532974282208;0.9999540613399124;0.9999995237048812;0.9999994995148632;0.9999887100475127;1.0;0.9999499262499776;0.9999538271063594;1.0002178660862329;1.0002379624795774;0.9999925078680136;0.9999573801107664;0.9999956101004798;0.9993452458621106;0.9989750667850787;0.9988063712604465;0.9987305621220851;0.9999890269570597;0.9979749891926597;0.9977726759313881;0.9991472298731208;0.9995092096059831;0.9999999999999999;0.9999999999999999;0.9999919813195254;0.9999955332003826;0.9999914902887772;1.0;1.024999976158142;
2016-10-02 11:45:00;1.0;0.9999633735173923;0.9999999999999999;0.9999969693858938;1.0;0.9999959780659434;1.0002286622092773;0.9999779737244904;0.9999887110289577;0.9999999999999999;0.9999861026767252;1.0;1.0000290041535356;1.0;0.9999601404224938;0.9999618802564293;0.9999627290191178;0.9999996952901884;0.9999996852708182;0.9999941751889858;1.0;0.9999693588649234;0.9999624845085896;1.0002147414653666;1.0002344840293433;0.9999954331395945;0.9999737228083905;0.9999978907917413;0.999228881861373;0.9988023831915335;0.9986460889761922;0.9985756681690386;0.999993296648312;0.9976708706262791;0.9974122869678438;0.9991015425403973;0.9994836311140411;0.9999999999999999;1.0;0.9999949495072415;0.9999972666055206;0.9999959963927895;1.0;1.024999976158142;
2016-10-02 12:00:00;1.0;0.9999375148275343;1.0;0.999996432213956;1.0;0.9999945946399622;1.0002392114144567;0.9999681141141821;0.9999840639770051;1.0;0.9999739108638415;1.0;1.0000272066403453;1.0;0.9999444587540608;0.999945590934718;0.999946447138291;0.999996549955845;0.9999965095916159;0.9999907569446671;0.9999999999999999;0.9999414043917257;0.9999459801462047;1.0002245988310106;1.000245919695507;0.999991308984436;0.9999467013728955;0.9999971517214409;0.9992484343696458;0.9988338142264698;0.9986543915613876;0.9985744325492301;0.9999917499341033;0.9977293285621226;0.9974967343997606;0.9990471842053377;0.9994528177436866;1.0;0.9999999999999999;0.9999939103853336;0.9999923871062243;0.9999937972943047;1.0;1.024999976158142;
2016-10-02 12:15:00;0.9999999999999999;0.9999365868079212;1.0;0.999995612376682;0.9999999999999999;0.999993302091154;1.000240288858782;0.9999647865553924;0.9999814021625285;1.0;0.9999721928885652;1.0;1.0000271978248279;0.9999999999999999;0.9999411738747795;0.9999415107174984;0.9999423395169431;0.9999964105803977;0.9999963707728445;0.9999892722689141;1.0;0.9999377300185496;0.9999418699584461;1.0002255566524192;1.0002470946171231;0.9999902863837131;0.9999434215177302;0.9999964760011283;0.9992262830078469;0.9988030730384307;0.9985806576197606;0.9984767676821162;0.9999912755133374;0.9975118450952358;0.9973008476241816;0.9989996466409825;0.9994253899611206;1.0;0.9999999999999999;0.9999936679556715;0.9999917157886924;0.9999925515273306;0.9999999999999999;1.024999976158142;
2016-10-02 12:30:00;1.0;0.9999429987114918;1.0;0.9999944902735542;1.0;0.9999921973373217;1.0002369133325912;0.9999614235442379;0.999979937322879;1.0;0.9999745197522107;1.0;1.0000282997713987;1.0;0.9999353629802188;0.9999357411665077;0.9999368138654635;0.9999979701651784;0.9999979310972674;0.9999888317501029;1.0;0.9999442866096346;0.9999363895326965;1.0002222129292515;1.0002434903374378;0.9999905757639511;0.9999505222046342;0.9999958955919487;0.9992662084369495;0.9988583728471319;0.9986728794051679;0.9985881433268997;0.9999905744953165;0.997692077390155;0.9974690968035815;0.9990890767094045;0.9994760796429158;1.0;0.9999999999999999;0.9999931574500152;0.9999931808941511;0.9999920589686397;1.0;1.024999976158142;
2016-10-02 12:45:00;1.0;0.9999595127776935;1.0;0.9999973484879586;1.0;0.9999960259243368;1.0002298618808;0.9999782460064163;0.9999886553367741;1.0;0.9999829424048181;1.0;1.0000274626971477;1.0;0.9999627285865624;0.9999633804247839;0.9999639609356155;0.9999979869179823;0.9999979663239436;0.9999935626945473;1.0;0.9999617398765815;0.9999636671682086;1.0002159512607782;1.0002359599755795;0.9999942175813447;0.9999654587512529;0.9999979114976751;0.9992658152861528;0.9988556799383989;0.9986815209469032;0.9986006580753061;0.9999942702399154;0.9976922073507544;0.9974594634768016;0.9991150107438809;0.9994912145955088;1.0;1.0;0.9999957875420776;0.9999951728673804;0.9999955826273841;1.0;1.024999976158142;
2016-10-02 13:00:00;1.0;0.9998937543328387;1.0;0.9999940551162376;0.9999999999999999;0.9999903955958002;1.0002441205205244;0.9999525930929174;0.9999707082407278;1.0;0.9999576740061888;1.0;1.0000262731402643;1.0;0.9999206234650317;0.9999230088667321;0.9999241530307444;0.9999949946257309;0.9999948917756231;0.9999840033974912;1.0;0.9999019801041094;0.9999235012950479;1.0002291355818582;1.0002513002198468;0.999986557292063;0.9999120600958169;0.9999949161160443;0.9993299130218875;0.99894520374124;0.998761872895402;0.9986769760759551;0.9999845500187043;0.99780177682336;0.9975966883636936;0.9991630902726293;0.9995183308498284;1.0;1.0;0.9999885624622022;0.9999884947743878;0.9999889105491722;1.0;1.024999976158142;
2016-10-02 13:15:00;1.0;0.9998868422043645;0.9999999999999999;0.9999912756888841;1.0;0.999986353425648;1.0002461312321873;0.9999413884452023;0.999961795102698;1.0;0.9999529254173596;1.0;1.0000271619831795;0.9999999999999999;0.9999064438312124;0.9999078430183742;0.9999091645657937;0.9999956566335628;0.9999955417272098;0.9999795550927543;1.0;0.9998916721581357;0.9999085126149675;1.0002308104204531;1.000253415984953;0.9999840565253757;0.9999040479500808;0.9999927910099004;0.999299305693106;0.9988947194775474;0.9987134091822698;0.9986274252040936;0.9999814190872975;0.99772698880928;0.9975036863800721;0.9991294392872647;0.9994992666757153;0.9999999999999999;1.0;0.9999864286982207;0.9999876905431851;0.9999852347263778;0.9999999999999999;1.024999976158142;
2016-10-02 13:30:00;1.0;0.9999003891558267;1.0;0.9999937435859982;1.0;0.9999904985287369;1.0002448733787055;0.9999458051314891;0.999973336812624;1.0;0.9999564629135949;1.0;1.0000251842447723;1.0;0.9999074545288575;0.9999081857629034;0.9999095086693093;0.9999938471582388;0.9999937420371016;0.9999841677282574;0.9999999999999999;0.9999029063158356;0.99990872949916;1.0002295604784828;1.0002525167569885;0.9999848831137839;0.9999111122979729;0.9999949701869758;0.9992811833621396;0.9988684036019494;0.9987011128218756;0.9986232221741771;0.9999872580171892;0.9977421958659168;0.9975026201681767;0.9991228283852699;0.9994951549884542;1.0;1.0;0.9999907218394303;0.9999866253468686;0.9999892660955764;1.0;1.024999976158142;
2016-10-02 13:45:00;1.0;0.9999421923079347;0.9999999999999999;0.9999951017740738;0.9999999999999999;0.9999929526441163;1.000233967803497;0.9999641545728413;0.999981216212072;1.0;0.9999749176047092;1.0;1.0000276963877417;1.0;0.9999394070528983;0.9999400969645615;0.9999410936638334;0.9999977325325682;0.9999976935638768;0.9999895311862154;0.9999999999999999;0.9999445648923656;0.9999406726498138;1.0002195262153284;1.0002404487262317;0.9999910467434351;0.9999505702067465;0.9999962914801684;0.9993184870866475;0.9989307420996937;0.9987610487866275;0.9986827390300272;0.999990865304664;0.9978595032217601;0.9976427503148345;0.9991422166234389;0.999506269157799;1.0;1.0;0.999993328035536;0.9999932369646076;0.9999926409738407;1.0;1.024999976158142;
2016-10-02 14:00:00;1.0;0.9999392852439437;1.0;0.999995921052495;0.9999999999999999;0.9999937820514103;1.0002365145042778;0.9999676183390624;0.9999823847818844;1.0;0.9999742016921539;0.9999999999999999;1.0000272248584137;1.0;0.9999454975421466;0.9999462510679541;0.999947057849905;0.9999969143949389;0.9999968721401531;0.9999900405292105;1.0;0.9999418742897814;0.9999466294021278;1.0002220600088283;1.000243092820187;0.999991200649797;0.999947525625631;0.9999967248033077;0.9992562506182929;0.9988449227249969;0.9986821632502608;0.9986111358930562;0.9999913361774897;0.9977644593187568;0.9975231551371737;0.9990965201614599;0.9994805555496078;0.9999999999999999;1.0;0.9999936594955615;0.9999926338479247;0.9999930931105053;1.0;1.024999976158142;
2016-10-02 14:15:00;1.0;0.9999351228852383;1.0;0.9999956769732231;1.0;0.9999934563011927;1.0002344220616568;0.9999690490317075;0.9999804092599928;1.0;0.9999753339395192;1.0;1.0000283577778077;1.0;0.999947272306905;0.9999495528276515;0.9999504841787171;0.999998308647281;0.9999982728495614;0.9999898857820944;1.0;0.9999429878906634;0.999950120735734;1.0002201525480763;1.000240643143099;0.9999922978310319;0.999950192480292;0.999996556349712;0.9993008123404707;0.9989081040482602;0.9987237743030751;0.998638577741849;0.9999890396794978;0.9977498784226585;0.9975387276602696;0.9991336211025719;0.999501451175586;1.0;1.0;0.9999918127640566;0.9999943985771188;0.9999928803588916;0.9999999999999999;1.024999976158142;
2016-10-02 14:30:00;1.0;0.9999547132752794;1.0;0.9999972921319985;1.0;0.9999956402925295;1.000224850569089;0.9999813989287207;0.9999863021586277;1.0;0.9999834255228244;1.0;1.000027718701563;1.0;0.9999692355062693;0.9999709497713981;0.9999714623188724;0.9999988663849192;0.9999988489993469;0.9999931428262036;1.0;0.9999606274123243;0.9999712480804427;1.0002113858575035;1.0002305438684342;0.9999951288495932;0.9999657707202095;0.9999977103700913;0.9993848832378144;0.9990323622119784;0.9988761690246889;0.998805591234663;0.9999922263364438;0.9980300409485892;0.9978340024281932;0.999242419448453;0.9995630939201103;0.9999999999999999;1.0;0.9999941810625769;0.9999964047583008;0.9999950990172012;1.0;1.024999976158142;
2016-10-02 14:45:00;1.0;0.9999510162873949;0.9999999999999999;0.999995294780228;1.0;0.9999935066184648;1.0002247378161653;0.9999659586257023;0.9999833977834335;1.0;0.9999781879716917;1.0;1.0000270888882958;1.0;0.9999417289775226;0.9999422535191649;0.9999432704263236;0.9999983149266986;0.9999982850366187;0.9999906716507451;1.0;0.9999528102065348;0.9999428849319768;1.0002108104521386;1.000230918176993;0.9999919166510959;0.999958065455414;0.99999658620465;0.9994466170776505;0.9991211241203356;0.9990086187572301;0.9989627486691357;0.9999920063984471;0.9983510637571902;0.9981487077083783;0.9993203598946652;0.9996071212325653;1.0;0.9999999999999999;0.9999941714450823;0.9999941986562602;0.999993453292187;1.0;1.024999976158142;
2016-10-02 15:00:00;1.0;0.9999419798209349;1.0;0.9999961971303332;1.0;0.9999943971639484;1.0002296597244453;0.9999673669499382;0.999984322277376;1.0;0.9999748948032727;1.0;1.0000261845413951;0.9999999999999999;0.9999435331757086;0.9999442230902188;0.9999450972254789;0.9999967613948652;0.9999967242786025;0.9999908002055159;0.9999999999999999;0.999944352404862;0.9999446403439892;1.0002155568011417;1.0002361477791923;0.999991293919882;0.9999493327366353;0.9999970501005899;0.9993990274991503;0.9990522958752707;0.9989273929418049;0.9988759249394729;0.999992271076982;0.9982452830035106;0.9980333545252797;0.9992393338091093;0.9995611227860145;0.9999999999999999;1.0;0.9999943414790794;0.9999925568869512;0.9999937734308014;1.0;1.024999976158142;
2016-10-02 15:15:00;0.9999999999999999;0.999899069613956;1.0;0.9999957726512629;1.0;0.9999937754674214;1.0002441698177076;0.9999457919908871;0.9999816405094288;1.0;0.9999545735171065;1.0;1.0000224685612251;1.0;0.9999008709077197;0.9999014590351123;0.9999028761353267;0.9999912302693893;0.9999911050631191;0.9999870239728912;1.0;0.9999010799003253;0.9999018887356526;1.0002288144931173;1.0002523482772834;0.9999842003682968;0.9999063627966001;0.9999966767642063;0.9993960412216513;0.9990388566462634;0.998897086525652;0.9988350481956454;0.9999911494622251;0.9981630259435426;0.9979535395611588;0.9992127320771687;0.9995460997466926;1.0;1.0;0.9999935450755902;0.9999840593439256;0.9999921339610152;0.9999999999999999;1.024999976158142;
2016-10-02 15:30:00;1.0;0.9999001745160736;1.0;0.9999958043197692;1.0;0.9999934734916676;1.000240683594136;0.9999527678567006;0.9999793844260537;0.9999999999999999;0.9999582817915764;1.0;1.0000239097638048;1.0;0.9999149017731257;0.9999167432242344;0.9999180007759126;0.9999930887291968;0.9999929895982738;0.999987149254857;1.0;0.999906521465695;0.9999171856097149;1.0002257682293252;1.0002482433932691;0.9999863558758286;0.9999133810911013;0.9999965327674617;0.9993796049490469;0.9990179795417766;0.9988783582665764;0.9988182112513512;0.9999889766865517;0.9981248054486809;0.9979100302946066;0.9992129778088816;0.9995464163993512;1.0;1.0;0.9999918218852786;0.9999867897063475;0.999991856467682;1.0;1.024999976158142;
2016-10-02 15:45:00;1.0;0.9999323487655739;0.9999999999999999;0.9999957420063833;0.9999999999999999;0.9999936591246292;1.0002381078648936;0.9999647910484593;0.9999815338465773;1.0;0.9999722416464794;1.0;1.000027405677546;1.0;0.999938903311711;0.9999404108194501;0.999941407694786;0.9999968991738911;0.9999968549272752;0.9999896411060384;0.9999999999999999;0.9999375394540863;0.9999409282061194;1.0002234980113196;1.0002447773763394;0.999990781598874;0.999943840614768;0.9999966592042422;0.9992978289735552;0.9989045829566985;0.9987311356315715;0.9986536419272284;0.9999902591306001;0.9978812471202363;0.9976627105883418;0.999079842778358;0.9994711800355711;0.9999999999999999;0.9999999999999999;0.9999927886308161;0.9999923934414693;0.9999929456969714;1.0;1.024999976158142;
2016-10-02 16:00:00;1.0;0.9999346074280461;1.0;0.9999958324801665;1.0;0.9999938862823224;1.0002345239826884;0.99996308372743;0.9999828818432174;1.0;0.9999715388896692;1.0;1.0000261891177264;0.9999999999999999;0.9999356871007056;0.9999364216006776;0.999937415091126;0.9999961515092548;0.999996103282985;0.9999897995512186;1.0;0.9999371237883256;0.9999368840732763;1.0002200541207347;1.0002413056580337;0.9999900976450418;0.9999425142269629;0.9999967766545935;0.9994111413165543;0.9990670124694124;0.9989062794061138;0.998833605787517;0.999991579778031;0.998192064691169;0.9980065112024281;0.9991764429346279;0.999525715157781;1.0;1.0;0.9999938374651355;0.9999913951188447;0.9999931631959975;1.0;1.024999976158142;
2016-10-02 16:15:00;1.0;0.9999376962395532;1.0;0.9999956015901341;1.0;0.9999936648870816;1.0002360391845537;0.9999626001190259;0.9999827725912672;1.0;0.9999724382677332;1.0;1.0000267170706976;0.9999999999999999;0.9999351368555803;0.9999356804122713;0.9999367015075585;0.9999964918165873;0.9999964529444532;0.9999897812175065;1.0;0.9999395628089804;0.9999361870921697;1.0002214420573579;1.0002428250163646;0.9999902029892602;0.9999448988432628;0.9999966662898999;0.9993440215487956;0.9989672804041242;0.998813720525027;0.998744905923034;0.9999917042177688;0.9980945908186235;0.9978768444067132;0.9990993067533628;0.9994842187643203;1.0;1.0;0.9999939511479768;0.9999917391321168;0.9999930869005712;0.9999999999999999;1.024999976158142;
2016-10-02 16:30:00;1.0;0.9999412811391017;1.0;0.999996163372413;1.0;0.999994840997933;1.000237645870623;0.9999632281680554;0.9999860227899222;1.0;0.9999740817071393;1.0;1.0000269437483449;1.0;0.9999331511524486;0.9999340510207277;0.9999352041668709;0.999996519070948;0.9999964756547247;0.9999912586352974;1.0;0.9999443761963515;0.999934656947099;1.000222897462196;1.0002445116122691;0.9999907586290163;0.9999488525095183;0.9999972788680225;0.9993432818475194;0.9989683819892626;0.9988070756637228;0.9987351931690711;0.9999928481301352;0.9980627468077946;0.997851738394274;0.9991005955321599;0.9994854130032156;1.0;1.0;0.9999947311496793;0.9999920628376259;0.9999943867856446;0.9999999999999999;1.024999976158142;
2016-10-02 16:45:00;1.0;0.9999307300954005;0.9999999999999999;0.9999961150679292;1.0;0.9999937891005902;1.0002456954415329;0.9999681473295229;0.9999811729918076;0.9999999999999999;0.9999720533917595;1.0;1.0000280809648474;1.0;0.9999462754803616;0.9999477258918681;0.999948505869897;0.999996580365712;0.9999965269130967;0.9999895868759162;1.0;0.9999357025825477;0.9999480610489168;1.0002307840302205;1.0002524822442362;0.9999910262813123;0.9999421125886505;0.9999967217241222;0.9992507157784506;0.9988296146891472;0.9986118343861121;0.9985073528008341;0.9999901518153097;0.9976246297253731;0.9974126244876818;0.998973541524044;0.9994133905089543;1.0;1.0;0.9999927183435842;0.999992256863141;0.9999928189169635;1.0;1.024999976158142;
2016-10-02 17:00:00;1.0;0.9999254520158817;1.0;0.9999946078389338;1.0;0.9999913849109455;1.0002383475278485;0.9999630944367519;0.9999753966688549;1.0;0.9999691294025851;0.9999999999999999;1.0000274589094207;1.0;0.9999414882166803;0.9999423913496476;0.9999431760831026;0.9999969099428658;0.9999968579921598;0.9999868370536793;1.0;0.9999285461803842;0.9999427531204639;1.0002238153893745;1.0002449445703594;0.999989704692201;0.999936510381026;0.9999954639403876;0.9993574892963816;0.9989880677434271;0.9988423348586029;0.9987790701816784;0.9999880378523752;0.9981381554047213;0.9979212808986827;0.999134281264834;0.9995045535912964;1.0;0.9999999999999999;0.999991262883482;0.9999918163607173;0.9999904952918096;1.0;1.024999976158142;
2016-10-02 17:15:00;0.9999999999999999;0.9999485048614737;1.0;0.9999954630742154;1.0;0.9999944468891095;1.0002343158656695;0.999960291392071;0.9999862511615428;1.0;0.999976701503015;1.0;1.0000277756419014;1.0;0.9999266508284949;0.9999276779718766;0.9999291068740879;0.9999978045966937;0.999997775425949;0.9999915280925011;1.0;0.9999520330993933;0.9999285772897832;1.0002195842861685;1.00024101449691;0.9999911787199363;0.9999565225915037;0.9999970800425131;0.9993193610922492;0.9989327744458981;0.9987881229634822;0.9987248908131526;0.9999928364876525;0.9980514982952632;0.9978193852667636;0.9991024522794898;0.999486462829617;1.0;1.0;0.9999947069257491;0.9999933713737468;0.9999945475963485;0.9999999999999999;1.024999976158142;
2016-10-02 17:30:00;1.0;0.9999434524064416;1.0;0.9999957045599;1.0;0.9999936411594292;1.0002376785822853;0.9999672221830166;0.9999826050378836;1.0;0.9999755379299161;1.0;1.0000278073722617;1.0;0.9999448288748752;0.9999454170281231;0.9999462698634467;0.9999973558207255;0.9999973210191677;0.9999901916637598;0.9999999999999999;0.9999454627820419;0.9999458602578295;1.0002231074149375;1.0002442424915625;0.9999914236811587;0.9999509719202901;0.9999966551365612;0.9992962170689393;0.9988996566642397;0.9987126769957999;0.9986258981597611;0.9999915895355405;0.997846590742073;0.997634446768666;0.9990446539821441;0.9994537074828026;1.0;1.0;0.9999938629119802;0.9999931260947496;0.9999931473709955;1.0;1.024999976158142;
2016-10-02 17:45:00;1.0;0.999890181426603;1.0;0.999994722604546;1.0;0.9999912908673575;1.0002470533295897;0.9999555497942121;0.9999717500696428;1.0;0.9999580918283306;0.9999999999999999;1.0000267659566175;0.9999999999999999;0.9999239914137771;0.9999274043548724;0.999928555682034;0.999995098870895;0.9999950033419092;0.9999848245097134;0.9999999999999999;0.9999019475728742;0.9999279093702975;1.0002319877590435;1.0002542066491638;0.9999873574659423;0.9999122697522457;0.999995389608862;0.9993497675744292;0.9989708145314811;0.9987941934579455;0.998712144702979;0.9999840798475947;0.9980033733687351;0.9977991553107923;0.9990888426200004;0.9994786156474097;1.0;1.0;0.9999880949043829;0.999989017380281;0.9999896280161505;1.0;1.024999976158142;
2016-10-02 18:00:00;1.0;0.9998252045437841;1.0;0.9999937622437884;0.9999999999999999;0.9999905819398428;1.0002738738048687;0.9999212086138536;0.9999683751519242;1.0;0.9999294850625029;1.0;1.0000232871501538;1.0;0.99985226544273;0.999857185918765;0.9998595727493814;0.9999882683920489;0.9999879795178763;0.9999799162364222;1.0;0.9998421724729549;0.9998581227900155;1.000256494690928;1.0002835252449325;0.9999776112427791;0.9998536619866826;0.9999949064913934;0.999204212058856;0.9987463939937891;0.9985307960876052;0.9984272856966341;0.9999811606863852;0.9975136083538398;0.9972690027129723;0.9989161739946211;0.999381038100927;1.0;0.9999999999999999;0.9999858003146636;0.9999779782684548;0.9999879092157646;1.0;1.024999976158142;
2016-10-02 18:15:00;0.9999999999999999;0.999828786852003;1.0;0.9999907546920427;1.0;0.9999872178155321;1.0002724004109762;0.9999051662178248;0.9999632910645636;1.0;0.9999272824870106;1.0;1.0000241629540332;0.9999999999999999;0.999825422012721;0.9998290989770144;0.9998320675499708;0.9999894069443771;0.9999891041423769;0.9999768801176354;1.0;0.9998414161552255;0.9998305444930955;1.000254580931063;1.0002822432523584;0.9999750889924842;0.9998537636703688;0.9999931342036789;0.9993020237957311;0.9988868502362791;0.998667585918862;0.9985602250445224;0.9999800105806377;0.9977397916734323;0.9975336988517529;0.998979997621089;0.9994174115266131;1.0;0.9999999999999999;0.9999851270114233;0.999977563782963;0.9999855338451821;1.0;1.024999976158142;
2016-10-02 18:30:00;1.0;0.9995843025037087;1.0;0.9999939554799109;0.9999999999999999;0.9999925347392137;1.0002981590907658;0.9998887038227448;0.9999416888720897;1.0;0.9998849582471484;1.0;1.0000324543115406;1.0;0.9997396756925025;0.9997801558548015;0.9997874485569106;0.9999943174028075;0.9999937028192937;0.9999740087967514;1.0;0.9997236937016764;0.9997851329659097;1.0002793178975125;1.0003072965462427;0.9999784824474363;0.9997626608580226;0.9999957315747457;0.9993365010084158;0.9989266079696104;0.9987195538178326;0.9986197419296061;0.9999364769246305;0.9978341940651584;0.9976242067066351;0.9990255346052836;0.9994432225354434;1.0;1.0;0.9999491314899803;0.9999834601095942;0.9999876786930589;0.9999999999999999;1.024999976158142;
2016-10-02 18:45:00;1.0;0.9998568197924903;1.0;0.9999864788041425;1.0;0.9999854886189574;1.0002678364054522;0.9998797091162597;0.9999652976255012;1.0;0.9999389900658553;1.0;1.0000310999015234;1.0;0.9997655671767226;0.9997722526176748;0.9997775304059852;0.9999971197853471;0.9999969170124672;0.9999786846505019;1.0;0.9998798562394249;0.9997759409802542;1.0002489565638835;1.0002772496799541;0.9999768526031727;0.9998932614985889;0.9999922778081384;0.9991827920004759;0.9987314000069145;0.998521778818318;0.9984283210015383;0.9999781599331504;0.9975699909240465;0.9973270441379712;0.9988929682802764;0.9993680186883342;0.9999999999999999;1.0;0.9999834172551242;0.9999850062373772;0.9999871974198825;0.9999999999999999;1.024999976158142;
2016-10-02 19:00:00;0.9999999999999999;0.9998657244446265;1.0;0.9999937462335801;1.0;0.9999912065137833;1.0002606464691062;0.9999355448997964;0.9999716859641108;1.0;0.999948011710909;1.0;1.0000270366777604;1.0;0.9998789596423282;0.9998842142175267;0.9998864670345912;0.9999937046276791;0.9999935602201852;0.9999835959276393;1.0;0.9998838494517783;0.9998854334114644;1.000244177901391;1.000268875440135;0.9999837159752908;0.9998948747830497;0.9999953166307188;0.9992009102123519;0.9987725147467788;0.998560541687812;0.9984709201430473;0.9999823585572425;0.9976513660792573;0.9974294670560638;0.9989140792928486;0.9993798518435585;0.9999999999999999;1.0;0.9999866231724263;0.999985868102298;0.999989750954195;1.0;1.024999976158142;
2016-10-02 19:15:00;1.0;0.9998785281659562;1.0;0.9999935000258112;1.0;0.9999920535223081;1.0002652491639217;0.9999281369113792;0.9999769105715974;1.0;0.9999498890217585;0.9999999999999999;1.0000274150949533;1.0;0.99986113888292;0.9998654425584222;0.9998681580827103;0.9999935482320135;0.9999933941745259;0.9999851711620872;1.0;0.9998933262242625;0.9998669918592917;1.000248095588701;1.0002739578604913;0.999982978650261;0.9999020442908483;0.9999957538002723;0.9991210745886281;0.998652425834039;0.9984052507791046;0.99829475140692;0.9999856049063344;0.9973307317917384;0.9970985444364953;0.998809283223691;0.9993206058490748;1.0;1.0;0.9999890826420826;0.9999853368870243;0.9999912908715216;0.9999999999999999;1.024999976158142;
2016-10-02 19:30:00;1.0;0.9998418078409805;1.0;0.9999903184661981;1.0;0.9999859604765806;1.0002658286337844;0.9999250560037196;0.9999569043907135;1.0;0.9999416412463045;1.0;1.0000301232875377;1.0;0.9998657160347129;0.9998728476335141;0.999875462553579;0.9999961376165984;0.9999959561515845;0.9999775883345404;1.0;0.9998663599546628;0.9998745043103096;1.0002489847309197;1.0002737894496052;0.9999821394950674;0.9998832080851596;0.9999925428349867;0.9992086994467789;0.9987704495406381;0.9985375483737552;0.9984302579814913;0.9999739533341305;0.9975479088052257;0.9973316405070228;0.9988928415887484;0.999368251512199;1.0;1.0;0.9999803283704387;0.9999870435151819;0.9999847970041951;1.0;1.024999976158142;
2016-10-02 19:45:00;1.0;0.9996766563160687;1.0;0.9999920217047009;1.0;0.9999892278107657;1.000286728536717;0.9999000670854697;0.9999451179486096;1.0;0.9999048352331009;1.0;1.0000319258904093;1.0;0.99978361202856;0.9998118419449764;0.9998174562910948;0.9999952597467304;0.9999947972962474;0.9999743448006896;1.0;0.9997737976824772;0.9998156479830277;1.0002685649713778;1.0002954187412136;0.9999794181342196;0.9998053246408185;0.9999940858344205;0.9993422550306236;0.9989407617583042;0.9987463132467362;0.9986539222797018;0.9999492801803841;0.9979244035165694;0.9977130488488636;0.9990312841229272;0.9994465374092856;0.9999999999999999;1.0;0.9999598971339019;0.9999847827576492;0.9999858043352212;0.9999999999999999;1.024999976158142;
2016-10-02 20:00:00;1.0;0.9998348466060786;1.0;0.9999936997191838;1.0;0.9999914300900189;1.0002637099400893;0.999929029481753;0.9999688173232042;1.0;0.9999410187460196;1.0;1.000027539455134;0.9999999999999999;0.9998602461741015;0.9998695028516017;0.9998724123488936;0.9999938225284118;0.9999936239753536;0.9999826771259923;1.0;0.9998666939921705;0.9998712143587871;1.0002469846563087;1.000272052917325;0.9999830417603159;0.9998807032946797;0.999995400160302;0.999262012899365;0.998833484809108;0.9986460012060809;0.9985574241115666;0.9999774017433204;0.997753379241949;0.9975145318729928;0.9989909447938088;0.9994237929102328;1.0;1.0;0.9999825482960721;0.9999855920635492;0.9999896936672873;0.9999999999999999;1.024999976158142;
2016-10-02 20:15:00;1.0;0.9998380326820205;1.0;0.9999920920424766;1.0;0.9999889039716167;1.0002666392928656;0.9999261413577656;0.9999635308397391;0.9999999999999999;0.999940907450663;1.0;1.0000288074192785;0.9999999999999999;0.9998606413462724;0.9998687878765489;0.9998715960147975;0.9999947203331809;0.9999945247123427;0.9999802926316205;1.0;0.9998660506181981;0.999870487614647;1.0002497082718023;1.0002749132229534;0.9999823647724562;0.9998812060584222;0.9999940779121486;0.9992140897264451;0.9987641543727726;0.9985314434965036;0.9984175903662794;0.9999760275810329;0.9974794360020709;0.9972529572890687;0.9989094350866579;0.9993774752385561;1.0;1.0;0.99998169661852;0.9999859769508128;0.999987452276174;1.0;1.024999976158142;
2016-10-02 20:30:00;0.9999999999999999;0.9997112651337058;1.0;0.9999904330026798;1.0;0.9999872918989711;1.000285548126593;0.9998918562148711;0.9999474287971042;1.0;0.999906907402528;1.0;1.0000299125786656;1.0;0.9997774352738003;0.999798848487429;0.99980409911922;0.9999934536399625;0.9999930204427824;0.9999732771356395;1.0;0.999784931741505;0.9998022598223291;1.0002670534451266;1.0002948741559194;0.9999763134631102;0.9998119096311239;0.9999930898508729;0.9992888897697202;0.9988646976851113;0.9986284579409543;0.998512634027232;0.999956576819782;0.9976234729114932;0.9974209890055105;0.9989680969985858;0.9994106659490023;1.0;1.0;0.9999660113404546;0.9999815930399665;0.99998457287001;1.0;1.024999976158142;
2016-10-02 20:45:00;1.0;0.999794757893363;0.9999999999999999;0.9999916846097905;1.0;0.9999885129242182;1.0002721986665226;0.9999086415946177;0.999960217648048;1.0;0.9999243702617049;1.0;1.0000261195698286;1.0;0.999823062324887;0.9998332149948297;0.9998367327723741;0.9999913573414495;0.9999910629037279;0.9999773567952986;1.0;0.9998297893730081;0.9998352020613628;1.0002546296344659;1.0002814803139046;0.9999774742796449;0.9998467488897086;0.9999938154225901;0.9992916478429501;0.9988752319654753;0.9986596533833441;0.9985560015304478;0.9999726646266075;0.9977124520579205;0.9975027127653602;0.9989964132326974;0.9994267152046696;1.0;0.9999999999999999;0.9999790201516037;0.9999804910380644;0.9999863370663065;1.0;1.024999976158142;
2016-10-02 21:00:00;0.9999999999999999;0.9998110091961636;1.0;0.999989345569623;1.0;0.999984702327363;1.0002657272536657;0.9999059858842909;0.9999535347481303;1.0;0.9999261431270919;1.0;1.0000262029651128;1.0;0.9998294705422125;0.9998361434087174;0.9998392468691911;0.9999922797428666;0.9999920366983485;0.999974045987102;0.9999999999999999;0.9998340480697966;0.9998378897441699;1.0002484980112454;1.0002747203014735;0.9999763631956825;0.9998513337661925;0.9999918524390627;0.999292529953399;0.9988796210236557;0.9986832384490348;0.9985907710213533;0.9999728326532847;0.9977847919286477;0.9975651093721485;0.9990202886982056;0.9994405683881672;1.0;1.0;0.9999795772932142;0.9999806705518045;0.999982969439396;1.0;1.024999976158142;
2016-10-02 21:15:00;1.0;0.9998071820230843;1.0;0.9999891743254272;1.0;0.9999848331034044;1.0002689938697167;0.9998976348371169;0.9999548950553793;1.0;0.9999216654580789;1.0;1.000024835779589;1.0;0.9998127388873795;0.9998184288098397;0.9998217679090268;0.9999905271234458;0.9999902999366097;0.9999735939090544;1.0;0.9998268244641241;0.999820225979055;1.0002513127230865;1.0002786014617837;0.9999740691625835;0.9998429353189626;0.9999919361918684;0.9992086529203442;0.9987532238645267;0.9985127502335902;0.9983937340747606;0.9999743517888378;0.9974311630880429;0.9972053205264163;0.9988954842242365;0.9993694886336599;0.9999999999999999;1.0;0.9999807956214268;0.9999779627296803;0.9999830210364673;1.0;1.024999976158142;
2016-10-02 21:30:00;0.9999999999999999;0.9997457106119095;1.0;0.9999893476483657;1.0;0.9999844595677679;1.0002871331871621;0.9998800801001292;0.9999506906841126;1.0;0.9998974939885916;1.0;1.0000208820259329;1.0;0.999776153883194;0.9997836024429209;0.9997873595594624;0.9999842557513114;0.9999836863769409;0.9999693384252556;1.0;0.9997714206666425;0.9997852681211223;1.0002682459090555;1.000298438190783;0.9999669627012675;0.9997893382144469;0.9999915303216131;0.9993445359411232;0.9989437595291767;0.9987672354808634;0.9986858206607333;0.9999708199288452;0.9979546807069382;0.9977318025025214;0.9990787034876444;0.9994733661235957;1.0;1.0;0.9999780267294676;0.9999687990505304;0.999981255171939;1.0;1.024999976158142;
2016-10-02 21:45:00;1.0;0.9998544154358772;1.0;0.9999922723707589;0.9999999999999999;0.9999901060521954;1.00025550867416;0.9999213513381038;0.9999697351870099;1.0;0.9999432687897494;1.0;1.0000265930583905;1.0;0.9998489484180714;0.9998553260420915;0.9998583688678009;0.9999939802464822;0.9999938015857587;0.9999821881083278;1.0;0.9998763666212215;0.9998571468894445;1.0002388997381995;1.0002639324483935;0.9999816761393637;0.9998884671647658;0.9999947189843069;0.9993933219592012;0.9990321496021178;0.9988727306390706;0.9988016813300249;0.9999804533253474;0.9981538665110783;0.9979530713130255;0.9991511657865441;0.9995146386282879;1.0;1.0;0.99998510888562;0.9999849886526815;0.9999891544292033;0.9999999999999999;1.024999976158142;
2016-10-02 22:00:00;1.0;0.9997797388327273;1.0;0.9999892388235458;1.0;0.9999862056136725;1.0002837409933865;0.9998708841616648;0.9999610154592204;1.0;0.9999038501581139;0.9999999999999999;1.00002014085528;0.9999999999999999;0.9997543495464942;0.9997587860215064;0.9997630685380048;0.9999840398982577;0.9999835787330147;0.9999727179516652;1.0;0.9997950445847298;0.9997608238690704;1.0002644005613082;1.0002955457491174;0.9999663513993778;0.999807874444937;0.9999925147828881;0.9992621855563243;0.998826188674896;0.9986055684746898;0.9984993352323299;0.999978266183609;0.9976174277648414;0.9973945973156568;0.9989626909264444;0.9994073367511616;0.9999999999999999;1.0;0.9999837731612105;0.9999683088898308;0.9999841269193749;0.9999999999999999;1.024999976158142;
2016-10-02 22:15:00;1.0;0.9998708763024999;1.0;0.9999913721970057;1.0;0.9999878579894421;1.0002551652543046;0.9999289319812757;0.9999652595100733;1.0;0.9999478685227902;1.0;1.000027658407785;1.0;0.9998730563129987;0.9998769336515997;0.9998792389994575;0.9999950543562658;0.999994906256046;0.9999805711762139;0.9999999999999999;0.9998842311534163;0.9998782861958683;1.0002388540563718;1.0002631531427113;0.9999825768594797;0.9998966076264026;0.9999935590500395;0.999332288321488;0.9989462159956328;0.9987616073099649;0.9986774321610357;0.9999807172747693;0.9979316983738985;0.997726880756064;0.9990766393072985;0.9994722442281497;0.9999999999999999;1.0;0.9999856123822378;0.9999863808136079;0.9999869887375105;1.0;1.024999976158142;
2016-10-02 22:30:00;1.0;0.9998830142605867;1.0;0.9999910561361238;1.0;0.9999879489873914;1.0002482277289286;0.9999277430996594;0.9999670913661031;0.9999999999999999;0.9999515467202917;1.0;1.0000276679609186;0.9999999999999999;0.99987011915323;0.9998734780646406;0.9998759323493476;0.9999959770316312;0.9999958683900099;0.9999814391085743;1.0;0.999894561300639;0.9998750050782492;1.0002321755588257;1.0002560055979186;0.9999831565489348;0.9999060946544798;0.9999936307238229;0.9993753677868445;0.9990093433469662;0.9988252003854262;0.9987396554831725;0.9999820275815674;0.9980316126327221;0.9978434393840852;0.9991111440461485;0.9994918738389561;1.0;1.0;0.9999866222205275;0.9999874750738108;0.9999875641874009;0.9999999999999999;1.024999976158142;
2016-10-02 22:45:00;1.0;0.9998592456620887;1.0;0.9999887600050043;1.0;0.9999849484444465;1.0002584224013809;0.9999147180115311;0.9999584362077669;1.0;0.9999441797453663;1.0;1.0000299347547457;0.9999999999999999;0.9998463473471658;0.9998516941818355;0.9998547725679245;0.9999969696738563;0.9999968209498445;0.9999775704828386;1.0;0.9998776572734279;0.999853750818514;1.0002415182327442;1.0002664657997917;0.9999810461257274;0.9998929702174321;0.9999920327675222;0.9992855010874498;0.9988772368053221;0.9986667178313664;0.9985679753651867;0.9999762835647;0.997731001012507;0.9975248764999036;0.9990103985938673;0.9994349074705008;1.0;1.0;0.9999822321163379;0.9999871568223939;0.9999847971027683;1.0;1.024999976158142;
2016-10-02 23:00:00;0.9999999999999999;0.9998872440359687;1.0;0.99999084125608;1.0;0.9999884676073106;1.0002484810124654;0.9999256811092578;0.9999689856017688;1.0;0.999954537698961;1.0;1.000029151733927;1.0;0.9998620505816173;0.9998666436344202;0.9998695242493109;0.9999974537864434;0.9999973418757581;0.9999826785864679;1.0;0.9999030548376152;0.9998685884296752;1.0002322314059178;1.0002561438944817;0.9999841690451198;0.9999146829004703;0.9999938970949052;0.9993931820179128;0.999033073010504;0.9988727610120975;0.9987999682005108;0.9999817517712918;0.9981459967419635;0.9979468044838917;0.9991513633383099;0.9995140465690645;1.0;1.0;0.9999862689253924;0.9999892626716131;0.999988647456735;1.0;1.024999976158142;
2016-10-02 23:15:00;1.0;0.9999133508557205;1.0;0.9999926045763821;0.9999999999999999;0.9999909836621924;1.0002384638595367;0.9999392521532454;0.9999763462855579;1.0;0.9999646028117918;1.0;1.000028627585835;0.9999999999999999;0.9998861682604073;0.9998897720174462;0.9998921965145547;0.9999981860243243;0.9999981107519064;0.9999866109963642;1.0;0.9999257670972516;0.9998914319385575;1.0002230309610216;1.0002455681271145;0.9999874191033621;0.9999346574857888;0.9999952364517668;0.9994854849962006;0.9991703487278055;0.9990460607395948;0.9989928228416701;0.999985988679883;0.99847781070565;0.9982924404116384;0.9992748812490324;0.999584858639972;0.9999999999999999;1.0;0.9999894474587735;0.9999916453808839;0.9999913211610161;1.0;1.024999976158142;
2016-10-02 23:30:00;0.9999999999999999;0.9998809038455417;1.0;0.9999919033569857;1.0;0.9999899466871319;1.0002454122947135;0.9999289147484911;0.9999710478617274;1.0;0.9999542854850229;1.0;1.0000285150570951;1.0;0.9998644878225766;0.9998704646688891;0.9998733862618981;0.9999971965362342;0.999997091069101;0.9999839223880126;0.9999999999999999;0.9999014834102632;0.999872421633537;1.000229446783411;1.0002529648067664;0.9999849629717964;0.9999131962421003;0.9999946763016718;0.9994346737317892;0.9990971545472302;0.9989557180071802;0.9988947981167868;0.9999814165326423;0.9983134396458149;0.9981206772546772;0.9992121918161945;0.9995490034009199;1.0;1.0;0.9999858540102717;0.9999894786341023;0.9999898216056884;1.0;1.024999976158142;
2016-10-02 23:45:00;1.0;0.9998918716456882;1.0;0.9999938600212198;1.0;0.9999924370596606;1.000243230270522;0.9999419317989138;0.9999762747328599;1.0;0.9999605636213738;1.0;1.0000286048297227;1.0;0.9998865393077084;0.999892920428866;0.9998954487328072;0.9999975226898302;0.9999974409140504;0.9999870582806554;1.0;0.9999138228206822;0.9998946103606033;1.0002277104982988;1.0002504090420237;0.9999878374288795;0.9999241960660243;0.9999959953534967;0.9994547467720366;0.9991252642706169;0.9989562596907614;0.9988780452048867;0.9999834162497397;0.9982531717363112;0.9980857556213586;0.9992021407306543;0.9995433142389163;1.0;1.0;0.9999872451282602;0.9999913146995607;0.9999920655386135;1.0;1.024999976158142;
2016-10-03 00:00:00;1.0;0.9999080817477647;0.9999999999999999;0.9999955826878646;1.0;0.9999932832097255;1.0002329145783455;0.9999667593257361;0.9999760568144432;1.0;0.9999705863108637;1.0;1.0000290835303616;1.0;0.9999386937866527;0.9999448907898655;0.9999462627260475;0.9999992187602316;0.999999176679567;0.9999888043258949;0.9999999999999999;0.9999293817538388;0.9999458472649225;1.0002188002908154;1.000238877687583;0.9999926093456027;0.9999400838205708;0.9999964614243784;0.999515619728542;0.9992202925056576;0.9991013394005235;0.9990525150695655;0.9999834907238457;0.998579190322917;0.9984071544505975;0.9993118984233155;0.9996056092171945;0.9999999999999999;1.0;0.999987322065312;0.9999953295410143;0.9999923852284517;0.9999999999999999;1.024999976158142;
2016-10-03 00:15:00;1.0;0.9999077834596977;1.0;0.9999962692688;1.0;0.9999943612801249;1.0002313705591817;0.9999699420698899;0.9999779839175087;0.9999999999999999;0.9999722142017085;1.0;1.000029259829994;1.0;0.9999419091853554;0.9999491050009048;0.9999505229088245;0.9999995850000665;0.9999995479730573;0.9999900633273591;1.0;0.9999325538750296;0.9999501210395304;1.0002174114562217;1.0002371766315075;0.9999937068745136;0.999943229032973;0.9999970280301341;0.999511740984154;0.9992163902803092;0.9991049272743937;0.9990609608368567;0.9999834418522321;0.9986043570853045;0.9984272729241349;0.9993153710708034;0.999607667110365;1.0;1.0;0.9999871617962054;0.9999962323617041;0.9999934266358951;0.9999999999999999;1.024999976158142;
2016-10-03 00:30:00;1.0;0.9999306570027008;1.0;0.999995727684917;1.0;0.9999936595114133;1.0002246241663266;0.9999710797793966;0.999979485240209;1.0;0.9999768893439377;1.0;1.0000285437187335;1.0;0.9999486647543641;0.9999528763770638;0.9999539893539674;0.9999997458489763;0.9999997207146809;0.9999902981935898;1.0;0.9999451691151651;0.9999536789274078;1.0002109925677862;1.0002302991740541;0.9999937046396582;0.9999537937319544;0.9999966677288192;0.9995951512110398;0.9993398456921256;0.9992331357268566;0.9991909461521753;0.9999868529322674;0.9988077997809811;0.9986614777517332;0.9993972926181451;0.9996536641078335;1.0;1.0;0.9999899945994611;0.9999963683556893;0.9999931847220774;1.0;1.024999976158142;
2016-10-03 00:45:00;1.0;0.999931039788445;1.0;0.999995809571346;1.0;0.9999946378538264;1.0002231629264775;0.9999651795138015;0.9999829088021919;0.9999999999999999;0.9999763485443005;1.0;1.0000280671213213;1.0;0.9999327939690087;0.9999374477735532;0.9999390193048615;0.99999949461891;0.9999994666639459;0.9999914194970605;0.9999999999999999;0.9999470688477275;0.9999385707121118;1.000209337092809;1.0002290816997357;0.9999931313773311;0.9999547293585219;0.9999971782402327;0.9996535668414881;0.9994230897784976;0.9993184155641894;0.9992759632898258;0.9999879983376871;0.9989387449791297;0.9988121414813683;0.9994504348617722;0.9996839385712266;1.0;1.0;0.9999907649749491;0.9999958470295006;0.9999944695488235;0.9999999999999999;1.024999976158142;
2016-10-03 01:00:00;1.0;0.9999348612575588;1.0;0.9999967563044202;1.0;0.9999951677712904;1.000220252830913;0.9999754117113695;0.9999830484165814;1.0;0.9999789996739841;1.0;1.000027731448547;0.9999999999999999;0.9999544459588171;0.9999588294704735;0.9999598555527479;0.9999994838825326;0.9999994602884352;0.9999920231908829;1.0;0.9999499503403075;0.9999595496031711;1.0002069551128203;1.0002258099372268;0.9999946390213867;0.9999575342541104;0.9999974584428892;0.9997085686070067;0.9995055370476752;0.9993976478547456;0.9993534572456155;0.9999883110044707;0.9990516142201904;0.998950487856627;0.9995013192444216;0.9997128666981676;1.0;1.0;0.999991024235122;0.9999966558316561;0.9999945876534901;1.0;1.024999976158142;
2016-10-03 01:15:00;1.0;0.9999296295372087;0.9999999999999999;0.9999972461855248;1.0;0.9999960239660798;1.0002192936328902;0.9999750368674157;0.9999844000772248;0.9999999999999999;0.9999780502979306;1.0;1.0000273552896133;1.0;0.9999508317229976;0.9999561312673249;0.9999573060638258;0.9999992326244086;0.9999992112294379;0.999992677814532;1.0;0.9999478994918022;0.9999569434015404;1.0002060362482437;1.0002248878441073;0.999994736540019;0.9999555136781015;0.9999979084725229;0.999718479423652;0.9995199371284799;0.9994097828452337;0.9993639979140247;0.9999880782562871;0.9990703365991462;0.9989745558804228;0.9995041363869963;0.9997144641844332;1.0;1.0;0.9999907417493108;0.9999964986229501;0.9999953239576466;0.9999999999999999;1.024999976158142;
2016-10-03 01:30:00;1.0;0.9999568126755108;0.9999999999999999;0.9999970153735179;1.0;0.9999959164775569;1.0002164412286756;0.9999767332749155;0.9999879265820928;1.0;0.9999837529885011;1.0;1.0000269026027186;1.0;0.9999576935418352;0.999959687929737;0.9999605544962722;0.999999160588515;0.9999991454791551;0.9999936831747389;1.0;0.9999636642707082;0.9999602678157496;1.0002032514246109;1.000222064398966;0.9999948488666516;0.9999683735931205;0.9999978561170504;0.9997186561781853;0.9995240892321761;0.9994149482808645;0.999371018037854;0.9999927102578542;0.9990807489972791;0.9989876786502278;0.9995112978517817;0.9997181320598447;1.0;1.0;0.9999944948834767;0.9999965005336333;0.9999957318555339;1.0;1.024999976158142;
2016-10-03 01:45:00;1.0;0.9999631522986013;1.0;0.9999965387799205;1.0;0.9999952808808237;1.0002117392247605;0.9999751835476156;0.9999876161052753;1.0;0.9999843377127218;1.0;1.0000262292118287;1.0;0.999956923705481;0.9999577409139209;0.9999585450160806;0.9999991008572241;0.9999990882845325;0.9999932485335555;0.9999999999999999;0.9999659580972913;0.9999582705694398;1.0001987584416898;1.000217318622849;0.9999943618613831;0.9999701212833927;0.999997525195777;0.9998268470572639;0.9996835692459999;0.9995759134136855;0.9995321690166101;0.9999936469660601;0.9993359176154967;0.9992855080874944;0.9996082748849279;0.9997734395747396;1.0;1.0;0.9999953175707285;0.9999961868552197;0.9999952723616893;0.9999999999999999;1.024999976158142;
2016-10-03 02:00:00;1.0;0.999959347554887;1.0;0.9999962767746474;0.9999999999999999;0.9999949171795125;1.000212488468658;0.9999729909739284;0.9999865937704199;1.0;0.9999827737588624;1.0;1.0000261699390152;1.0;0.999953005134804;0.9999539240281946;0.999954799239492;0.9999989507448489;0.9999989362289361;0.9999926691444398;0.9999999999999999;0.9999625153042956;0.9999544955739937;1.0001994231824942;1.0002181465778637;0.9999938321282051;0.999967039294537;0.9999973337842109;0.9998110669961553;0.9996708957002035;0.9995636848842995;0.9995255082300832;0.9999930887906204;0.999333000333394;0.9992849580766114;0.9996064872747549;0.9997722670817085;1.0;1.0;0.9999949024372088;0.9999957733404095;0.9999948840524079;1.0;1.024999976158142;
2016-10-03 02:15:00;1.0;0.9999685554641059;1.0;0.9999968721257528;1.0;0.9999957698773129;1.00021180842591;0.9999786829977574;0.9999889008784655;1.0;0.9999870271596167;1.0;1.000026759846287;0.9999999999999999;0.9999629891786179;0.9999639114131218;0.9999646380142457;0.9999996140815752;0.9999996040545781;0.9999941340576527;0.9999999999999999;0.999971722654184;0.9999644199257399;1.000198888577736;1.0002172411489256;0.9999953781763624;0.9999755923532869;0.999997781879165;0.9997916883725682;0.99965632567997;0.9995489585080212;0.9995172571590251;0.9999941322725829;0.999333767865139;0.9992899500462181;0.999600723736325;0.9997690054416983;0.9999999999999999;1.0;0.9999956542884687;0.9999971687376623;0.9999958460394545;1.0;1.024999976158142;
2016-10-03 02:30:00;1.0;0.9999649257049654;0.9999999999999999;0.9999975593349634;1.0;0.99999683888877;1.0002109742791532;0.9999796085103825;0.9999908370011482;1.0;0.9999865525703332;1.0;1.000026272536967;1.0;0.9999619615698141;0.9999636088919677;0.9999644092742892;0.9999992310605808;0.9999992216483748;0.9999950427817701;1.0;0.9999706240655362;0.9999641449341851;1.0001981208622819;1.0002164436222785;0.9999956232957884;0.9999742436816365;0.9999983422971871;0.9998040661829813;0.9996680767133008;0.9995611892750299;0.9995264532816994;0.9999943374177188;0.9993392449675944;0.9992945581151091;0.9996083960362788;0.999773424436077;0.9999999999999999;1.0;0.9999957113814695;0.9999969806215457;0.9999967523747524;1.0;1.024999976158142;
2016-10-03 02:45:00;0.9999999999999999;0.9999701603881996;1.0;0.9999981560029266;1.0;0.9999978455267564;1.000211601369128;0.9999797391440701;0.9999942204339528;1.0;0.9999869509973554;1.0;1.00002539723905;1.0;0.9999610180271912;0.9999618319820647;0.9999625908326973;0.9999982811254872;0.9999982692085451;0.9999961093341027;0.9999999999999999;0.9999729670531738;0.9999622708083878;1.0001986596317427;1.0002173030715211;0.9999953192109848;0.9999749860101583;0.9999988688634661;0.9998115485787339;0.9996780243865102;0.9995699375240549;0.9995341947113889;0.999996636355185;0.9993551015634928;0.999313335080715;0.9996092678677695;0.9997737028844887;1.0;1.0;0.9999974730241386;0.9999960187237894;0.999997716321121;1.0;1.024999976158142;
2016-10-03 03:00:00;1.0;0.9999784677354951;1.0;0.9999976673127056;1.0;0.9999975563612733;1.0002079219246738;0.9999780817913907;0.9999948229206197;0.9999999999999999;0.9999893594283304;0.9999999999999999;1.000025695652411;1.0;0.9999578458295763;0.9999582653591474;0.9999591533687697;0.9999990702118369;0.9999990634097633;0.9999963931096559;0.9999999999999999;0.9999799003238694;0.9999588547144825;1.0001950703541578;1.0002134961557032;0.9999955762856898;0.999981525095888;0.9999987196876933;0.999865393129405;0.999742228958705;0.9996407507096616;0.9996007719744537;0.9999972736516058;0.9994436973630926;0.9994062718914426;0.999655064524942;0.9997995725142889;1.0;1.0;0.9999979818662615;0.9999968208741784;0.9999978540623354;1.0;1.024999976158142;
2016-10-03 03:15:00;1.0;0.999975179933646;1.0;0.9999973367415609;0.9999999999999999;0.9999968809479735;1.0002087578968273;0.999978139411945;0.9999926440785808;1.0;0.9999886576779279;1.0;1.0000260928304825;1.0;0.9999593466324249;0.9999599761290442;0.9999608227832839;0.999999353679092;0.9999993471673705;0.9999955794021721;0.9999999999999999;0.9999773350170027;0.9999605548757726;1.000195906271447;1.0002142589014478;0.999995536882519;0.999979797714123;0.9999983660497511;0.9998509430358513;0.9997223390507759;0.9996158888581538;0.9995738218353363;0.9999960953730636;0.9994025476177352;0.9993638204450694;0.9996350668896896;0.9997881558164623;0.9999999999999999;1.0;0.9999971061601276;0.9999970372478717;0.9999971276223864;1.0;1.024999976158142;
2016-10-03 03:30:00;0.9999999999999999;0.9999697134356343;1.0;0.9999976982273768;1.0;0.9999967393524242;1.000208468923825;0.9999832899230192;0.9999906317998032;1.0;0.9999882367877053;1.0;1.0000261094457263;1.0;0.9999707712523126;0.9999718811233763;0.9999724412826398;0.9999993735924679;0.9999993673881875;0.9999951153571963;1.0;0.9999735310763324;0.9999722500893468;1.000195881021762;1.0002137554128652;0.9999961606149994;0.9999769656563652;0.9999982922060034;0.9998405187758017;0.9997116939392175;0.9996125183296134;0.9995768576123633;0.9999947429208942;0.9994168833300487;0.9993731369968222;0.9996389208211722;0.999790436213438;1.0;1.0;0.9999960710248438;0.9999973920428358;0.9999965942773005;1.0;1.024999976158142;
2016-10-03 03:45:00;1.0;0.9999794765229552;0.9999999999999999;0.9999980921307812;1.0;0.9999976340526031;1.0002072720768658;0.9999855118635682;0.9999937401176879;1.0;0.9999918255181681;1.0;1.0000264148653237;0.9999999999999999;0.9999732048503182;0.9999741461017811;0.9999747312309536;0.9999998378221839;0.9999998352152218;0.9999966412952672;1.0;0.9999827163845322;0.999974566021966;1.0001947215137563;1.0002124722148598;0.9999971274333308;0.999985095204166;0.9999987619588983;0.9998352536555142;0.9996996404205448;0.9995936099973294;0.9995515398227394;0.9999963036063905;0.9993678619805855;0.999322920262331;0.9996212775459232;0.9997804513231545;0.9999999999999999;1.0;0.9999972172486238;0.9999983063644633;0.999997746607028;1.0;1.024999976158142;
2016-10-03 04:00:00;1.0;0.9999777603236054;1.0;0.9999978643058903;0.9999999999999999;0.9999975938165488;1.0002091715166543;0.9999819336127075;0.9999940458936114;1.0;0.9999906440160131;1.0;1.0000264595989312;1.0;0.9999654019029839;0.999966410078745;0.999967181179698;0.9999996554678255;0.9999996496886179;0.9999965256687045;1.0;0.9999812160297209;0.9999669542939615;1.0001963833981888;1.0002145540146277;0.9999965144195718;0.9999834818862964;0.9999987390401388;0.9998369988399824;0.9996997934875103;0.9995926574684977;0.9995492395629012;0.9999963834447612;0.9993607291165654;0.9993151584258987;0.9996204767178556;0.9997800003160745;1.0;1.0;0.9999972664158109;0.9999978205585219;0.9999978129268309;1.0;1.024999976158142;
2016-10-03 04:15:00;0.9999999999999999;0.9999734604548945;1.0;0.9999976381405893;1.0;0.9999972511703416;1.0002096153147053;0.9999800002808023;0.9999929330729764;1.0;0.9999890256140417;1.0;1.0000263598340564;1.0;0.9999619603204715;0.9999631338675822;0.9999639666496972;0.9999995022276023;0.9999994952302513;0.9999959367064379;1.0;0.9999774948437071;0.9999637128041576;1.0001967736490471;1.000215059198804;0.9999960225798824;0.999980180901965;0.9999985592442352;0.9998366221998873;0.9997000037037168;0.9995955857500389;0.9995542430601551;0.9999957265019062;0.9993696368727774;0.9993227622073922;0.999625579092888;0.9997830193491333;1.0;1.0;0.9999967721146398;0.9999974251785827;0.9999974176741878;1.0;1.024999976158142;
2016-10-03 04:30:00;1.0;0.9999755713573957;1.0;0.9999979562018342;1.0;0.9999972745273203;1.0002082996964663;0.9999843122686389;0.9999926059865548;1.0;0.9999899713897267;1.0;1.0000261027213757;1.0;0.9999719213251851;0.9999726971988215;0.9999732469382219;0.9999993919093613;0.9999993865207425;0.9999959559313827;1.0;0.999978232505778;0.9999730597685067;1.000195696923812;1.000213599389816;0.9999965059524576;0.9999808545026535;0.9999985727280702;0.9998491489464992;0.9997196275130813;0.9996161795416426;0.999575676957667;0.999995943617204;0.9994086277497858;0.999367129391073;0.9996361171650125;0.9997886272659997;0.9999999999999999;1.0;0.9999969784305265;0.9999975948857831;0.9999972435455682;1.0;1.024999976158142;
2016-10-03 04:45:00;0.9999999999999999;0.9999752063064103;0.9999999999999999;0.9999979494854222;1.0;0.9999975642502772;1.0002090756593336;0.9999817552806419;0.9999937455578022;0.9999999999999999;0.9999894135086018;1.0;1.0000259871087656;1.0;0.9999655404630351;0.9999664022709724;0.9999671178759514;0.9999991912382552;0.9999991832029943;0.9999962512902641;1.0;0.9999781559402899;0.9999668730312808;1.0001963186496459;1.000214520398449;0.9999961422261627;0.9999804199922503;0.9999987228077606;0.9998573395561953;0.9997342847415674;0.999631909919609;0.9995935356717405;0.999996381965166;0.9994394929389108;0.9994027724945153;0.9996479066872871;0.9997953476233652;1.0;0.9999999999999999;0.9999972836652808;0.9999972289078877;0.9999976315987411;1.0;1.024999976158142;
2016-10-03 05:00:00;1.0;0.9999772289256658;1.0;0.9999978063299414;1.0;0.999997404775993;1.0002092979114392;0.9999820261994097;0.9999935129531795;0.9999999999999999;0.9999903018691989;0.9999999999999999;1.0000263866675112;0.9999999999999999;0.99996630137149;0.9999671599344239;0.9999678827491427;0.9999995635228243;0.9999995582943754;0.9999962615550336;1.0;0.9999801794493552;0.9999676621111522;1.0001965234876755;1.0002146828085101;0.9999963924844136;0.9999825381771692;0.999998640670228;0.9998326386558967;0.9996965230963739;0.9995862902909008;0.9995426197314894;0.9999962773970863;0.9993652537706252;0.9993226931667838;0.9996059440243961;0.9997720357214527;1.0;1.0;0.9999972086976552;0.9999976773530302;0.9999975738694923;1.0;1.024999976158142;
2016-10-03 05:15:00;1.0;0.9999837803361499;1.0;0.9999982898769713;0.9999999999999999;0.9999979686908484;1.0002076881705533;0.9999864195229056;0.9999950626837828;1.0;0.9999928788669494;1.0;1.0000263358819277;1.0;0.9999747955095024;0.9999753200684902;0.9999758548055281;0.9999997060266071;0.9999997033467984;0.9999971485761916;1.0;0.9999855743140689;0.9999756936037423;1.000195107994998;1.0002129266119426;0.9999972707286736;0.9999873001708488;0.9999989371942026;0.999833660292394;0.9996983996538764;0.9995897979764395;0.9995468637398922;0.9999972860439367;0.999368099484816;0.9993251794699161;0.9996121129463242;0.999775266809202;0.9999999999999999;0.9999999999999999;0.9999979776599937;0.9999982735358478;0.9999981229554321;1.0;1.024999976158142;
2016-10-03 05:30:00;1.0;0.9999732800623959;1.0;0.9999977189286301;1.0;0.9999978682455073;1.0002100817185933;0.9999776126008809;0.9999947017268238;1.0;0.9999894000995293;1.0;1.0000266649738447;1.0;0.9999542882585156;0.9999561487896977;0.9999572649958132;0.9999997657579591;0.9999997605006409;0.9999967295920172;1.0;0.9999797001147298;0.9999569551161079;1.000197080043661;1.00021559768466;0.9999961476106948;0.9999821647972069;0.9999988828362874;0.9998229962105799;0.9996848058615965;0.9995713710523533;0.9995272306035813;0.9999958935808074;0.9993375208802984;0.9992953512146125;0.9995983843380274;0.9997674942121567;0.9999999999999999;0.9999999999999999;0.9999968065440565;0.9999977144034752;0.9999982392517727;1.0;1.024999976158142;
2016-10-03 05:45:00;1.0;0.9999822853839367;1.0;0.9999987593207357;1.0;0.9999985757760754;1.0002076346397044;0.9999885544856137;0.999995954779586;1.0;0.9999932081866887;1.0;1.0000262876902108;0.9999999999999999;0.9999776070138653;0.9999786152019318;0.9999791223377883;0.9999996554678254;0.9999996523308285;0.9999977191023229;1.0;0.9999857411056898;0.9999789648472975;1.0001951229942387;1.00021282711186;0.9999977404986427;0.9999874564505818;0.9999992546359178;0.9998516121712296;0.9997228396613588;0.999616712324148;0.9995742742220651;0.9999972473013732;0.9994070032100434;0.9993679470972102;0.9996323026120464;0.9997866896601153;0.9999999999999999;1.0;0.9999978891689228;0.9999984857539304;0.9999986080965456;1.0;1.024999976158142;
2016-10-03 06:00:00;1.0;0.9999784686372839;1.0;0.9999986657909926;1.0;0.9999984370048455;1.0002089749081187;0.9999865852493461;0.999995474216513;1.0;0.9999914751809806;1.0;1.0000260617275356;1.0;0.9999738553393661;0.999974882531237;0.9999754420754424;0.9999992617059346;0.9999992568966883;0.9999973117194861;1.0;0.9999819969809282;0.9999752431989177;1.0001963496143687;1.0002143002431318;0.999997147383415;0.9999838397320938;0.9999991815417429;0.9998430272188258;0.9997133540661659;0.9996026829527692;0.9995594474967641;0.999997010977993;0.9993937169366434;0.9993569535343866;0.9996154039779036;0.999776949038511;1.0;1.0;0.9999977164175989;0.9999978335772611;0.9999983879394008;0.9999999999999999;1.024999976158142;
2016-10-03 06:15:00;1.0;0.9999721834744261;1.0;0.9999974708978417;1.0;0.9999968479165287;1.0002108920965074;0.999979533100838;0.9999919092498568;1.0;0.9999880719734359;1.0;1.0000262734637588;1.0;0.9999624321349476;0.9999632683552363;0.9999640301510813;0.9999992494056068;0.9999992419099413;0.9999953598762519;0.9999999999999999;0.9999750619346942;0.999963777241475;1.0001979925171;1.0002163983365455;0.9999956212210666;0.9999778825774343;0.9999983483327879;0.9998282823504276;0.999693629373289;0.999581470367947;0.9995387766855555;0.9999955711462237;0.9993597337274015;0.9993197355159994;0.9996045667844426;0.9997709935511382;1.0;1.0;0.9999967023544573;0.9999969954052864;0.9999969314551685;1.0;1.024999976158142;
2016-10-03 06:30:00;0.9999999999999999;0.9999819251109316;1.0;0.999997802770116;1.0;0.9999975803040122;1.0002101038487512;0.9999818563315467;0.9999946359811207;0.9999999999999999;0.9999914978676819;1.0;1.0000265841176847;1.0;0.9999656626622447;0.9999661872164418;0.999966934576161;0.9999996646403823;0.999999660030083;0.9999966911967915;1.0;0.9999837190855223;0.9999667145750488;1.0001972310866447;1.0002155311609708;0.9999965033891106;0.9999855321252398;0.999998732714525;0.9998159750703814;0.9996773780972508;0.9995625218892249;0.999518937771112;0.9999970929279132;0.9993298056661662;0.9992882659418049;0.9995904569491397;0.9997631444998281;1.0;1.0;0.9999978384406785;0.999997822513293;0.9999978989097875;1.0;1.024999976158142;
2016-10-03 06:45:00;1.0;0.9999744141845666;1.0;0.9999982707938784;1.0;0.9999981124900382;1.0002137823776973;0.9999827511093318;0.9999947144845497;1.0;0.999989937418969;1.0;1.0000267246371044;1.0;0.9999658022180754;0.9999672047450662;0.9999679753390928;0.9999993230336962;0.9999993174217565;0.9999968476500054;1.0;0.9999792437129097;0.9999677252785747;1.0002007609579877;1.0002193031128468;0.999996576861051;0.9999814958070379;0.9999990111203616;0.9997122758358493;0.9995211433900044;0.9993811780864711;0.9993217890953856;0.9999963215714681;0.9989901342941625;0.998920724067458;0.9994698437444329;0.9996947858274748;1.0;1.0;0.9999971724276525;0.9999975755841904;0.9999981627231554;1.0;1.024999976158142;
2016-10-03 07:00:00;1.0;0.9999741210846961;1.0;0.999998667764918;1.0;0.9999984131830366;1.000214944164414;0.9999872535759354;0.9999945412222264;1.0;0.9999913480041602;1.0;1.0000273170870506;1.0;0.9999742971435296;0.9999762403947925;0.9999768663402065;0.9999997458489762;0.9999997425814884;0.9999972311957651;1.0;0.9999808304740277;0.9999766839521486;1.0002020077571618;1.000220287438028;0.9999975841067293;0.9999835025712643;0.9999991693683029;0.9996701604484077;0.9994614458391805;0.9993048426697828;0.9992369869422959;0.9999957442807519;0.998848172273586;0.9987749838500429;0.9994129450744231;0.9996626596158211;1.0;1.0;0.9999966885587587;0.9999984767134017;0.9999983343182006;1.0;1.024999976158142;
2016-10-03 07:15:00;1.0;0.9999330566731871;1.0;0.9999937540077543;1.0;0.9999903922788744;1.0002230038938609;0.9999656847167575;0.9999730158189308;1.0;0.9999743971254494;1.0;1.0000282668037155;1.0;0.9999470626002188;0.9999489487019546;0.9999498365764806;0.9999996861176189;0.9999996536330235;0.9999868232402181;1.0;0.9999395476246101;0.9999495811407451;1.0002094028618829;1.0002287053038517;0.9999917120082933;0.9999489844442849;0.9999949528106328;0.9997172862456761;0.9995266608864148;0.9993843026065595;0.9993247678692355;0.9999860582261118;0.9990017773459698;0.9989343731292738;0.9994667123920863;0.9996906068370421;1.0;1.0;0.9999897128181252;0.9999952358725072;0.999990081995621;1.0;1.024999976158142;
2016-10-03 07:30:00;1.0;0.9999468175965224;0.9999999999999999;0.9999952321486029;0.9999999999999999;0.9999927515176233;1.0002203616486554;0.9999720184380545;0.9999796993777684;0.9999999999999999;0.9999792850018996;1.0;1.0000276427165669;1.0;0.9999556682481293;0.9999570930883493;0.9999578415336987;0.999999393501449;0.999999368879909;0.9999898737523637;0.9999999999999999;0.9999517189977714;0.9999576022371427;1.0002069694197262;1.000226010767948;0.999993209625896;0.9999587861222045;0.9999961929692142;0.9997229652182711;0.9995380254192999;0.9994017080583054;0.9993465673749189;0.9999895062893341;0.9990388848487713;0.9989722714878776;0.9994838620522897;0.9996996512676123;1.0;1.0;0.9999922563749648;0.999995804473313;0.9999924847214084;1.0;1.024999976158142;
2016-10-03 07:45:00;1.0;0.9999146841478664;1.0;0.9999937388892987;1.0;0.9999902761867624;1.0002282956205517;0.9999623128158129;0.9999706445853974;1.0;0.999969408692231;1.0;1.0000285243441918;1.0;0.9999387269663205;0.9999423244113775;0.9999434424837832;0.9999992632979651;0.9999992246811223;0.9999858194355918;1.0;0.9999271021460228;0.9999430968853849;1.0002143831834904;1.0002341995163893;0.9999909212726276;0.9999381630490338;0.9999948890809267;0.9996679070416683;0.9994484368954534;0.9992658958507523;0.9991813265064968;0.9999834100009253;0.9987136876002727;0.9986486516685745;0.9993889153717165;0.9996461991501607;1.0;1.0;0.9999875893428192;0.999994451628191;0.9999896182598916;1.0;1.024999976158142;
2016-10-03 08:00:00;1.0;0.9999646774525905;1.0;0.9999981444352755;0.9999999999999999;0.9999978393643879;1.0002137759022092;0.9999805243765233;0.9999930620668551;1.0;0.9999869850958726;1.0;1.0000264231639613;1.0;0.9999611624703176;0.9999632841507615;0.9999641567966606;0.9999990212169464;0.9999990110104439;0.9999960678990478;0.9999999999999999;0.9999719622702765;0.999963858745912;1.0002007520385043;1.0002193546945908;0.9999959665707354;0.9999750946240857;0.9999988657457775;0.9997655644455323;0.9995986498222164;0.9994771353490624;0.9994281932020099;0.9999949188258993;0.9991677607377182;0.9991065291903128;0.9995413540630504;0.999732367598983;1.0;1.0;0.9999960711264324;0.9999969907056525;0.9999977022883126;1.0;1.024999976158142;
2016-10-03 08:15:00;1.0;0.9999170352612237;1.0;0.9999966198863587;1.0;0.9999950282216707;1.0002237807698702;0.999971244225559;0.9999807965885884;0.9999999999999999;0.9999743878910825;0.9999999999999999;1.0000280317149086;1.0;0.9999440335044733;0.9999503224766412;0.9999516651548849;0.9999993353337926;0.9999993041173786;0.999991116718312;1.0;0.9999386999675718;0.9999512655585361;1.000210235239503;1.0002294817294233;0.9999939438756582;0.9999479827010119;0.9999973808922101;0.9997029648332958;0.9995038843160827;0.9993779813732804;0.9993273435577177;0.9999855428068006;0.999027840459013;0.9989422348426127;0.9994651135418112;0.9996896073086178;1.0;1.0;0.9999887899826304;0.9999961528072926;0.9999942158487882;1.0;1.024999976158142;
2016-10-03 08:30:00;1.0;0.9998057473953986;0.9999999999999999;0.9999979782373546;0.9999999999999999;0.9999973878877736;1.0002468509068452;0.9999579073862471;0.9999720937697153;1.0;0.9999514949008502;1.0;1.000031388051671;1.0;0.9998951259808901;0.9999164748687311;0.9999197951983947;0.9999997167630138;0.9999995985566269;0.9999892727429014;0.9999999999999999;0.999879205380849;0.999918902427528;1.0002319982598804;1.0002529837811251;0.9999933997957327;0.9998991872043567;0.9999985635395318;0.9995757887000236;0.9993046257895262;0.9991761341897409;0.999123065392035;0.9999678116640095;0.9987118615447969;0.9985667054699184;0.9993342828953209;0.9996150766796673;1.0;1.0;0.999974121154111;0.9999961608163508;0.9999949682460374;1.0;1.024999976158142;
2016-10-03 08:45:00;0.9999999999999999;0.9998953924725585;1.0;0.9999958628428619;1.0;0.9999948467741064;1.0002381031068786;0.9999591515465325;0.9999790742868048;1.0;0.9999684032470116;1.0;1.000030115613201;1.0;0.9999149741138689;0.9999241100158593;0.9999263286050141;0.999999626386243;0.9999995834006544;0.9999902432488921;1.0;0.9999268846790006;0.9999257191416938;1.0002233720806941;1.0002443709835387;0.9999925440743257;0.9999381274839257;0.9999972782861867;0.9994533527307159;0.9991336899560757;0.9989720087153353;0.9989017941118448;0.999982149472642;0.9983408679815692;0.998176997316375;0.9991929442089359;0.9995350152722856;1.0;0.9999999999999999;0.9999859871439303;0.9999956361531939;0.9999942135010929;1.0;1.024999976158142;
2016-10-03 09:00:00;1.0;0.999941409421508;1.0;0.9999968998852329;1.0;0.9999958887259449;1.000229227794481;0.9999734935411784;0.9999860197612401;1.0;0.9999804675544335;1.0;1.0000288231994956;1.0;0.9999486367324244;0.9999526987323077;0.9999538998330534;0.9999994440601772;0.999999427744544;0.9999931158684164;1.0;0.9999554164892493;0.9999535450799225;1.0002152479317101;1.000235130772693;0.9999946407495359;0.9999618337101528;0.9999978405493888;0.9994860585787453;0.9991863327461877;0.9990144006766142;0.9989384119046995;0.9999899457730442;0.9983814206261046;0.9982413108341863;0.9992190681102366;0.9995499987510252;1.0;1.0;0.9999922430456273;0.9999966251673774;0.9999955726886721;1.0;1.024999976158142;
2016-10-03 09:15:00;1.0;0.999938244854971;0.9999999999999999;0.9999966869227923;1.0;0.9999950699335816;1.0002359875663527;0.9999753231965768;0.9999833685948841;1.0;0.999979452900972;1.0;1.0000296281604522;1.0;0.9999550717476214;0.9999588857186487;0.9999598581212829;0.9999993628516505;0.9999993406247721;0.9999920278418382;1.0;0.999951383879139;0.9999595577981091;1.0002217449219113;1.0002419527789086;0.9999945037565837;0.9999585581962618;0.9999974082060653;0.9993520626392111;0.9989834348057132;0.9988165063897246;0.9987417893914251;0.9999889756514402;0.9980832551426734;0.9978814533434003;0.9990940141603306;0.9994792611880042;1.0;1.0;0.9999915746964733;0.9999964811850565;0.9999945399129803;1.0;1.024999976158142;
2016-10-03 09:30:00;1.0;0.9999394418871533;1.0;0.9999968971292844;1.0;0.9999958977359725;1.0002323607318815;0.9999721309681051;0.9999860940694696;0.9999999999999999;0.9999793052659676;1.0;1.0000288291135566;1.0;0.9999459477100897;0.999949901434842;0.9999511312762501;0.9999990518622622;0.9999990327552458;0.9999929526276414;1.0;0.9999530884535824;0.9999507414695473;1.000218165235143;1.000238435480078;0.9999941823453495;0.9999593974928427;0.9999978439317843;0.9994020802979074;0.9990617289279043;0.998877242950381;0.9987939627806662;0.999990076112061;0.9981380594008296;0.9979719501687447;0.9991327739789808;0.9995011528791246;1.0;1.0;0.999992350543513;0.9999960470980747;0.9999955249340996;1.0;1.024999976158142;
2016-10-03 09:45:00;1.0;0.9998456173324293;1.0;0.9999953724076172;1.0;0.9999934452874805;1.0002474746788297;0.9999529469362625;0.9999695376897557;1.0;0.999955727599557;1.0;1.0000309359544943;0.9999999999999999;0.9999010737268975;0.9999148477264679;0.9999174785383939;0.9999992203241824;0.9999991342055605;0.9999865150303598;0.9999999999999999;0.9998930743210431;0.9999167322344201;1.0002323437849425;1.000253912823272;0.9999908997754083;0.9999097997375218;0.9999965190517673;0.9994340343316078;0.9991051729801351;0.998911272935602;0.9988243632120068;0.9999735820241457;0.9981680554711303;0.9980179504254445;0.9991585154569355;0.999515604658501;1.0;1.0;0.9999792296777108;0.9999943954130925;0.9999918647280883;0.9999999999999999;1.024999976158142;
2016-10-03 10:00:00;1.0;0.9998155670578772;1.0;0.9999976219249836;1.0;0.9999969297873456;1.000248252389586;0.9999563703841005;0.9999728128494952;1.0;0.9999523324468333;0.9999999999999999;1.0000310914819146;1.0;0.999894814424248;0.9999143083959696;0.9999175002163819;0.9999992525333848;0.9999991446502964;0.9999890707055662;1.0;0.9998826699796338;0.9999166086833157;1.000233230127062;1.0002545756787344;0.9999926936294937;0.9999013989022056;0.9999983304464799;0.9994833336992591;0.9991710725492937;0.9990200867953798;0.9989552368325856;0.9999698311941888;0.9984189182675436;0.9982539889093182;0.999236530838471;0.9995597040230035;1.0;1.0;0.9999758093454836;0.9999953908988177;0.9999946806089405;0.9999999999999999;1.024999976158142;
2016-10-03 10:15:00;0.9999999999999999;0.9997965378282465;1.0;0.9999952152733164;1.0;0.9999930836093376;1.0002539925522398;0.9999468593135957;0.9999623106796308;1.0;0.9999452618207552;1.0;1.0000323493475143;1.0;0.9998828598884033;0.9999027251785638;0.999906082609845;0.999999785671333;0.9999996641773159;0.9999842566881204;1.0;0.999865018962714;0.9999051849166695;1.0002385509016818;1.0002604199901377;0.9999903883631074;0.9998873102247678;0.9999963076637711;0.9993836677660352;0.9990376101007475;0.9988662295467281;0.9987969941734527;0.9999647172118379;0.9981761292309604;0.9979963960086174;0.9991306203730796;0.9995000534262398;1.0;0.9999999999999999;0.9999720758346087;0.999994584557669;0.9999908203311751;1.0;1.024999976158142;
2016-10-03 10:30:00;1.0;0.9998479036595983;1.0;0.9999979546024587;1.0;0.9999975041172454;1.0002501708708693;0.9999632690783659;0.9999776486607349;0.9999999999999999;0.9999610391267005;0.9999999999999999;1.0000317929570433;1.0;0.9999110761472909;0.9999274623547146;0.9999301939504958;0.9999997060266073;0.9999996355537047;0.9999911234723342;1.0;0.9999043169682129;0.9999294552029626;1.0002350608608153;1.0002564346446026;0.9999941438915755;0.9999199164869577;0.9999986531163165;0.9993190106234319;0.9989494428975132;0.9987307250436945;0.9986362315628579;0.9999748675145314;0.9978667270803588;0.9976990031396643;0.9990381118786482;0.99944750139629;0.9999999999999999;1.0;0.9999798295042934;0.9999965649619279;0.9999957386624245;1.0;1.024999976158142;
2016-10-03 10:45:00;1.0;0.9999290096675986;1.0;0.9999966045671123;1.0;0.9999950379523931;1.0002417544724551;0.9999732196576634;0.9999822345969824;1.0;0.9999773780177406;1.0;1.000030484754715;1.0;0.9999493759306083;0.9999543860676917;0.9999555590936209;0.9999994823186411;0.9999994557775115;0.999991658558208;1.0;0.9999462669433716;0.9999552144035923;1.000227145136601;1.0002478560366441;0.9999943098029794;0.9999544279420219;0.9999973886759587;0.9992460176077832;0.9988468827830305;0.9986207734297261;0.9985221935290303;0.9999873663473475;0.997683792540549;0.9974961658462217;0.9989660432168216;0.9994066394886617;1.0;1.0;0.9999902647386304;0.9999964754647804;0.9999944299838636;1.0;1.024999976158142;
2016-10-03 11:00:00;0.9999999999999999;0.9999456641193195;1.0;0.999996591655257;1.0;0.9999950692426703;1.000237640196585;0.9999738863203776;0.9999847958912336;1.0;0.9999799861860048;1.0;1.0000292815952847;1.0;0.9999533757268929;0.9999558569686132;0.9999567734509017;0.9999988158261381;0.999998793799104;0.9999921927192299;1.0;0.9999541764514052;0.9999564494757096;1.000223209908515;1.0002438198639654;0.9999939032831446;0.999960109130547;0.9999974090244669;0.9992779606960625;0.998892778679051;0.9987068231898608;0.9986302636742789;0.9999908501237228;0.997904251058194;0.9977013990299392;0.9990264103402926;0.9994407875833557;1.0;1.0;0.9999930929088924;0.9999956974649289;0.9999946587739215;1.0;1.024999976158142;
2016-10-03 11:15:00;1.0;0.9998829438521837;1.0;0.999991675996464;0.9999999999999999;0.9999873618773661;1.0002484496926394;0.9999440772045983;0.9999626241104942;1.0;0.9999558291816214;1.0;1.0000293407387837;1.0;0.9999062074882437;0.9999103840906164;0.9999120463054697;0.9999975350183713;0.9999974348904108;0.9999809997123522;1.0;0.9998973088807934;0.999911436486629;1.0002330198919294;1.0002554203174996;0.9999861737354941;0.9999110028611952;0.9999933263696095;0.9993460086410769;0.9989675218714881;0.9987980196177372;0.9987214787330623;0.9999792556826885;0.998026751445453;0.9978182055369484;0.9990959245595747;0.9994805280283589;1.0;1.0;0.9999845214897061;0.9999904163411908;0.9999864517042936;1.0;1.024999976158142;
2016-10-03 11:30:00;1.0;0.9999055768548449;1.0;0.9999955174937415;1.0;0.9999933738501564;1.0002438348941716;0.9999598984887507;0.9999775762833559;1.0;0.9999661861703958;0.9999999999999999;1.0000284141090767;1.0;0.9999258463288189;0.9999306017978934;0.9999320641937643;0.9999971734716522;0.9999971222165857;0.9999883099497872;1.0;0.9999219674865507;0.9999314815547607;1.000228873475575;1.000250600830307;0.9999902573716257;0.9999312449361771;0.9999965056956894;0.9992854924335726;0.9988849717379539;0.9986816066684973;0.9985872335854427;0.9999854883608325;0.9977782814348434;0.9975739594313552;0.9990163060086197;0.9994351390038367;1.0;1.0;0.9999889425804916;0.999992337845272;0.9999923364663951;0.9999999999999999;1.024999976158142;
2016-10-03 11:45:00;1.0;0.9999178825509379;1.0;0.9999966391857351;1.0;0.9999948233695514;1.0002484227685198;0.9999699490434847;0.9999810006025078;1.0;0.9999724134420089;1.0;1.0000299058682374;1.0;0.9999437176160076;0.9999486260264209;0.9999497927882754;0.9999980466490258;0.9999980032734004;0.999990574575576;1.0;0.9999347776538118;0.9999493490873845;1.0002334127482448;1.0002549526437097;0.9999927445870572;0.9999431764190113;0.9999972678307021;0.9991834291982862;0.9987359159294299;0.9984862414127657;0.9983661335110061;0.9999869026199923;0.9973888694112412;0.997176136489342;0.9988765774910737;0.9993561386582626;0.9999999999999999;1.0;0.9999899430532487;0.9999944198135277;0.9999938192410048;1.0;1.024999976158142;
2016-10-03 12:00:00;1.0;0.9999116424726203;1.0;0.999997694581172;1.0;0.9999972860018084;1.0002463771736043;0.9999598875273504;0.9999883921840571;1.0;0.9999668394693185;1.0;1.0000265285327798;0.9999999999999999;0.9999173861153414;0.9999219315868287;0.9999236105983563;0.9999949822968733;0.9999949160759983;0.9999923185152896;1.0;0.9999273107497016;0.9999228173889962;1.0002310912698038;1.0002537515271681;0.9999901317627301;0.9999328386781414;0.9999985469001512;0.9992639974165367;0.9988533972035579;0.9986546230578435;0.9985636073494055;0.9999905752209801;0.9977488860217063;0.9975329050640367;0.9990011291408326;0.9994267131307824;0.9999999999999999;1.0;0.9999926359698051;0.9999904312142798;0.999996129346629;1.0;1.024999976158142;
2016-10-03 12:15:00;1.0;0.9999061777735964;1.0;0.9999961536232034;1.0;0.9999949574112997;1.000247230694336;0.999950397748159;0.9999839153209503;1.0;0.9999611808118974;1.0;1.0000254781433275;1.0;0.999904514489877;0.999907319762941;0.9999090353681342;0.9999938487225214;0.9999937687746051;0.9999892960340463;1.0;0.9999158485454217;0.9999081530686593;1.0002317004540937;1.000254994347582;0.9999871827680911;0.9999217472849221;0.9999973209526797;0.999279410571229;0.9988748090228914;0.9986656218957652;0.9985682560658462;0.9999901442442359;0.9977329404933695;0.99752900315429;0.999011337988072;0.9994325797914894;0.9999999999999999;1.0;0.999992543089965;0.9999878794299315;0.9999938085032205;1.0;1.024999976158142;
2016-10-03 12:30:00;1.0;0.9999184575890407;1.0;0.99999714067613;1.0;0.999996054370499;1.000240782698039;0.999964041643542;0.9999854427431077;1.0;0.9999696213763064;1.0;1.0000269315762806;1.0;0.999929685470431;0.9999335624609431;0.9999349348641958;0.999996085729262;0.9999960458983449;0.9999914771311683;0.9999999999999999;0.9999318907275868;0.9999342996202223;1.000225977509027;1.0002476964456697;0.9999910067859296;0.9999381389682751;0.9999979171120613;0.9992913740133494;0.9988952605485003;0.9986590741206738;0.9985457310410563;0.9999898410135794;0.997664218364363;0.997485597304372;0.9989991109236521;0.9994253883767084;1.0;1.0;0.9999921905159926;0.9999918346397948;0.9999949903336709;0.9999999999999999;1.024999976158142;
2016-10-03 12:45:00;1.0;0.9999452107153379;0.9999999999999999;0.9999976109035253;1.0;0.9999970753233997;1.0002396538927205;0.9999741191859336;0.9999895438161187;0.9999999999999999;0.9999809106412098;0.9999999999999999;1.000029316283945;1.0;0.9999479165419601;0.9999515205215501;0.999952708422296;0.9999986028506438;0.999998580970199;0.9999943560761041;1.0;0.9999576273524832;0.999952298160293;1.0002250217620978;1.000245989169808;0.9999945462366912;0.9999626142720888;0.9999984590979233;0.9992129292281656;0.9987768221773246;0.9985296271219856;0.9984077800411971;0.9999919626997904;0.9973918644323176;0.9971866797597262;0.9989418371456797;0.9993927390550598;1.0;1.0;0.999993754381629;0.9999958677410848;0.9999967002140215;1.0;1.024999976158142;
2016-10-03 13:00:00;1.0;0.9999315585238313;1.0;0.9999963802405971;1.0;0.9999943509940822;1.000241695863687;0.9999713870450376;0.9999816931924126;1.0;0.9999749977418003;1.0;1.0000289312627344;1.0;0.9999499073776008;0.9999528085397548;0.9999537063439419;0.9999979363592845;0.9999978979592112;0.9999905814694354;1.0;0.9999415156746254;0.9999533256178563;1.0002270797874246;1.000248089316613;0.999992665290526;0.9999486258382749;0.9999970237890097;0.9992519470760902;0.998836048917895;0.9986054142600013;0.9984947057328799;0.9999890606167632;0.9975574216771584;0.9973581998301048;0.998989679761354;0.9994200933891937;1.0;1.0;0.9999917501423966;0.9999942851694186;0.999993535761659;1.0;1.024999976158142;
2016-10-03 13:15:00;0.9999999999999999;0.9999358583266694;1.0;0.999997387592617;0.9999999999999999;0.9999962810782542;1.0002414177664265;0.999970608058418;0.9999872863680676;1.0;0.9999754647823127;1.0;1.0000278023470561;0.9999999999999999;0.99994418044456;0.9999468270348654;0.9999478662232765;0.9999968593561636;0.999996823912981;0.999992608321115;0.9999999999999999;0.999944949245059;0.9999473728175273;1.0002266925635115;1.0002481069016005;0.9999925037975098;0.9999500307985529;0.9999980374855317;0.9992014117205922;0.998760998380593;0.9985426557493488;0.9984386512195516;0.9999918233960426;0.9974926398839771;0.9972645024547808;0.9989487191191996;0.9993968212260781;1.0;1.0;0.9999937737561855;0.9999932956971088;0.9999954592858931;1.0;1.024999976158142;
2016-10-03 13:30:00;0.9999999999999999;0.9999288886990101;1.0;0.9999956228784723;0.9999999999999999;0.9999939376420653;1.0002435855321639;0.9999612207371664;0.9999822116166002;0.9999999999999999;0.9999714930943272;0.9999999999999999;1.000028312198188;1.0;0.9999293701585051;0.9999317207381587;0.9999330324779246;0.9999971213494427;0.9999970751836287;0.9999899192180749;1.0;0.9999369683518174;0.9999324857913321;1.000228513897734;1.0002504583542837;0.9999905995112025;0.9999434663661564;0.9999968035318187;0.9992045617002446;0.998766360881889;0.9985539740689781;0.9984543346517685;0.9999897960593132;0.9975359478512912;0.9973056914214957;0.9989513431923721;0.9993984366178363;0.9999999999999999;1.0;0.9999923492374515;0.9999924808148827;0.9999933879116759;1.0;1.024999976158142;
2016-10-03 13:45:00;1.0;0.9995718842040616;1.0;0.999997514259765;0.9999999999999999;0.9999971603586432;1.0002993617841376;0.9999129397538248;0.9999458067645837;1.0;0.999893577036499;1.0;1.0000359540482633;1.0;0.9997736800124547;0.9998211667487309;0.999828386312438;0.9999975641042479;0.9999969957021719;0.9999791334808836;0.9999999999999999;0.9997352444404095;0.9998263175385631;1.0002811732355137;1.0003073314647528;0.9999857289267489;0.9997769923445482;0.9999981812100173;0.9992468791938327;0.9988011148179446;0.99858233831984;0.998478579787492;0.9999319514890267;0.9975616031607032;0.9973290066288356;0.9989690494928408;0.9994084278619401;1.0;0.9999999999999999;0.9999449925189036;0.9999901130712509;0.9999916299753;1.0;1.024999976158142;
2016-10-03 14:00:00;1.0;0.9996568008891251;1.0;0.999996287179099;1.0;0.9999946666802405;1.0002843159881298;0.9999253646652159;0.9999500233002275;1.0;0.9999114177197613;1.0;1.0000341544131361;1.0;0.9998181062622039;0.9998539017178042;0.9998594129537287;0.9999976882581245;0.9999972953849064;0.9999798035927653;1.0;0.9997799418785053;0.9998578019921409;1.000267094993154;1.0002918402817986;0.9999865493998185;0.9998142878115046;0.9999969770264949;0.9992833002489695;0.9988626893929057;0.9986544005313611;0.9985572475372146;0.9999445785897747;0.997705502864763;0.997487185711745;0.9990117704728847;0.9994322057422106;0.9999999999999999;1.0;0.9999555609271387;0.9999906930619552;0.9999901854284715;1.0;1.024999976158142;
2016-10-03 14:15:00;1.0;0.9997556997852055;1.0;0.9999963530786298;1.0;0.9999948290867896;1.000266815663981;0.9999402322078917;0.9999622194090049;1.0;0.9999342076400611;1.0;1.0000320065620814;0.9999999999999999;0.9998611012997739;0.9998852234328894;0.9998892085201654;0.9999977969838744;0.9999975785855774;0.9999840046062392;1.0;0.9998386887073248;0.9998880063958612;1.0002505827723454;1.0002739420112672;0.9999886978389247;0.9998630606599729;0.9999971657011376;0.9993150870528845;0.9989191754554314;0.9987044275276735;0.9986042668523094;0.9999607989400647;0.9977593407732245;0.9975662407495326;0.9990499410813239;0.9994543286639603;1.0;1.0;0.9999687175017239;0.9999919828237769;0.9999917203008007;1.0;1.024999976158142;
2016-10-03 14:30:00;1.0;0.9999000520700884;1.0;0.9999940732809246;1.0;0.9999913921639576;1.0002472996080154;0.9999542953706324;0.9999728216233731;0.9999999999999999;0.9999641787327721;1.0;1.0000297082995329;1.0;0.9999175909063724;0.9999226232227247;0.9999242866115432;0.9999980390687353;0.9999979751948422;0.9999862108992139;1.0;0.9999173808914438;0.9999237118211798;1.0002320205167496;1.000254081693;0.9999894170408471;0.9999283434632404;0.9999954588238649;0.9992075505009563;0.9987692839952882;0.9985691325691086;0.9984767155879942;0.99998308525044;0.9975857262876591;0.9973471274835218;0.9989645667942194;0.9994057574536492;1.0;1.0;0.9999871754119202;0.9999926051965031;0.9999906215109632;1.0;1.024999976158142;
2016-10-03 14:45:00;1.0;0.9999440473186487;1.0;0.9999973645336502;0.9999999999999999;0.9999966596610004;1.0002357951814222;0.999968361095469;0.9999898611953992;1.0;0.9999766464717524;1.0;1.0000267698030616;1.0;0.9999392103898508;0.9999409055215583;0.9999420330274915;0.9999965698691032;0.999996537945032;0.9999933355505135;1.0;0.9999498884983857;0.9999414961081993;1.0002212484726334;1.0002425313098258;0.9999921455343488;0.9999535937137548;0.9999982379714806;0.9992938416652907;0.9988999777762558;0.9987250202563348;0.9986467204561514;0.9999938555522682;0.9978831957713629;0.9976652259231495;0.9990658803585637;0.9994631960094358;1.0;1.0;0.9999953579077484;0.9999928594042928;0.9999960951603668;1.0;1.024999976158142;
2016-10-03 15:00:00;1.0;0.999939814014004;1.0;0.9999971821791876;1.0;0.9999959325173085;1.0002396905869375;0.999970982626839;0.9999869705514195;0.9999999999999999;0.9999762682859151;1.0;1.000027692199956;1.0;0.9999463453901639;0.9999483936062433;0.9999493467767762;0.9999969712378918;0.9999969395316697;0.9999924213819074;1.0;0.9999468845384819;0.9999488838288023;1.0002250700496615;1.0002463158552362;0.9999925008404086;0.9999517725709852;0.9999978570282938;0.999194527073095;0.9987534348279464;0.9985713939550243;0.998489344989826;0.9999922211377505;0.9976290305899757;0.9973759321814788;0.9989700593328681;0.9994087335391184;0.9999999999999999;1.0;0.9999941354244118;0.9999933884551605;0.9999951893032002;0.9999999999999999;1.024999976158142;
2016-10-03 15:15:00;1.0;0.9999003710482163;1.0;0.9999930043277389;1.0;0.9999892433699504;1.0002464144955976;0.999950752227889;0.9999687486955604;1.0;0.9999604864548263;1.0;1.0000282898373432;1.0;0.9999182465717282;0.9999207467324023;0.9999220604052972;0.9999967338725925;0.9999966527418389;0.9999835129824232;1.0;0.9999089556184058;0.9999214860465419;1.0002311880603159;1.0002534155755367;0.999987166041786;0.9999197978518225;0.9999943242967047;0.9992603027308908;0.9988447484045623;0.9986729094427744;0.9985959338446427;0.9999835662458345;0.9977982056123705;0.9975597199346552;0.9990403200088014;0.9994483949484513;1.0;1.0;0.999987839100358;0.9999902863259409;0.9999882929977775;1.0;1.024999976158142;
2016-10-03 15:30:00;0.9999999999999999;0.9998523721409991;1.0;0.9999927235833823;1.0;0.9999879589714604;1.000252145484957;0.9999471510139318;0.9999593167250324;1.0;0.999948751864899;1.0;1.0000287327506125;1.0;0.999909919716816;0.9999169238548353;0.9999185135033994;0.9999964074575838;0.9999962918497356;0.9999799840377714;0.9999999999999999;0.9998765692503526;0.9999178437073609;1.0002368174568308;1.0002591468029103;0.9999859660190215;0.999892847055851;0.9999936308582897;0.9992478973069052;0.9988253447741532;0.9986645442883667;0.9985947121371201;0.9999751477795848;0.997808229041823;0.9975564302215925;0.9990409593796064;0.9994494932890424;1.0;1.0;0.9999812057021301;0.9999893544127058;0.999985991146751;0.9999999999999999;1.024999976158142;
2016-10-03 15:45:00;1.0;0.9996580557400662;0.9999999999999999;0.9999935430881834;0.9999999999999999;0.999989756925738;1.00027910319864;0.9999190944417428;0.9999396383510896;1.0;0.9999069964568839;1.0;1.000033094182098;1.0;0.9998202509769255;0.999852421923005;0.999857439788135;0.9999972989825776;0.9999969318580778;0.9999743609910658;1.0;0.9997689308558522;0.999855931242435;1.0002621886186198;1.0002865764828965;0.9999835990939422;0.9998046949276139;0.9999944204678535;0.9992831102995561;0.9988678593185877;0.9986994957961369;0.9986270842886642;0.9999431580399997;0.9978665961906904;0.9976259428795256;0.999052027723576;0.9994552568500876;1.0;1.0;0.9999549901933251;0.9999887708064727;0.9999852814942413;1.0;1.024999976158142;
2016-10-03 16:00:00;1.0;0.9998760028477832;1.0;0.9999967809646779;1.0;0.9999962926495586;1.000245569426145;0.9999563986412446;0.9999803968152922;1.0;0.9999631957392352;1.0;1.0000298769621236;1.0;0.9999041856426124;0.9999154172565913;0.9999179548935075;0.9999984312374558;0.9999983766930491;0.9999907175456041;1.0;0.9999147975171788;0.9999171777621565;1.0002303710397251;1.0002522564085372;0.9999918582447327;0.9999266448171619;0.999998029704253;0.9992346222030961;0.9988101945063281;0.9986138815870866;0.9985239195619169;0.9999808104160396;0.9976696069947802;0.9974401727414216;0.998989863312837;0.9994201456867517;1.0;1.0;0.9999847592721705;0.9999942608999007;0.999995178412056;1.0;1.024999976158142;
2016-10-03 16:15:00;1.0;0.9998839666837649;1.0;0.9999959513615096;0.9999999999999999;0.9999941728745442;1.0002505320168003;0.9999585467531651;0.9999763918950217;1.0;0.9999628029250808;1.0;1.0000298192205175;1.0;0.9999173858916275;0.9999256786648216;0.999927583540957;0.9999977142158742;0.9999976507648352;0.9999884587174567;0.9999999999999999;0.9999125694285229;0.9999269224883315;1.0002352035347146;1.000257333757297;0.9999907898455943;0.9999241358879895;0.999996915589088;0.9991830124758672;0.9987295140521081;0.9984832950034589;0.9983629318602497;0.9999817042664396;0.9973561414198331;0.997135733530714;0.9988929724955836;0.9993651612067463;1.0;0.9999999999999999;0.9999857715747262;0.9999930778567208;0.9999928802721437;0.9999999999999999;1.024999976158142;
2016-10-03 16:30:00;1.0;0.9997914866758427;1.0;0.9999985382751836;1.0;0.99999834044299;1.0002609828203919;0.9999503956345696;0.9999742343852926;0.9999999999999999;0.9999440463255829;1.0;1.000030379318249;1.0;0.999878085960572;0.9998992109287347;0.9999027488206832;0.9999969159590264;0.9999967766075102;0.9999890382566248;1.0;0.9998643019269968;0.9999016024928332;1.0002451191917532;1.000268112434207;0.9999907432331998;0.9998832672280606;0.999999053132114;0.9992751334532851;0.9988584087160526;0.9986401013771004;0.9985354333315108;0.9999689594765991;0.9976952256609628;0.9974871214832728;0.9989722633735586;0.999410069358855;1.0;0.9999999999999999;0.9999749763430902;0.9999923702229208;0.9999954415025986;1.0;1.024999976158142;
2016-10-03 16:45:00;1.0;0.9998012610516621;1.0;0.9999960452887051;1.0;0.999994240658993;1.0002677685121169;0.9999445177881435;0.9999670025547425;1.0;0.999942463273289;1.0;1.000031146087312;1.0;0.999878625024295;0.9998960702928671;0.9998992325799542;0.9999968240145198;0.9999966579129836;0.9999849516610343;1.0;0.9998612814239043;0.999898178551899;1.0002514167283434;1.0002751480682184;0.9999883323853413;0.9998805481487248;0.9999968903834567;0.9992082353074191;0.9987597843181131;0.9985247863336454;0.9984117062839958;0.9999690811856086;0.9975235301282529;0.9973001063389102;0.9988706469230154;0.9993526772184445;1.0;1.0;0.9999755246967252;0.9999909799805101;0.9999916711258978;1.0;1.024999976158142;
2016-10-03 17:00:00;0.9999999999999999;0.9998983337359678;1.0;0.999997027633732;1.0;0.9999965896807452;1.0002460827943358;0.9999593881121192;0.9999841516048125;1.0;0.9999672777326226;1.0;1.0000291021664969;0.9999999999999999;0.9999132924638109;0.9999213502286481;0.9999234742121644;0.99999759159312;0.9999975325952766;0.9999917246409035;1.0;0.9999260657118483;0.9999227469604753;1.0002308408930392;1.000252947563025;0.9999917300363479;0.9999349632514063;0.9999981835906704;0.9992671826122992;0.9988592775922542;0.9986887445115629;0.998614616116936;0.9999854439252538;0.997895004560489;0.9976624664118035;0.9990096930302486;0.9994313847230781;1.0;1.0;0.99998849706593;0.9999934865834886;0.9999956734025623;1.0;1.024999976158142;
2016-10-03 17:15:00;1.0;0.9999191841063143;0.9999999999999999;0.9999974986422897;0.9999999999999999;0.9999969714442789;1.0002399390463355;0.9999645428901817;0.9999875016840786;1.0;0.9999713281947181;1.0;1.0000274362978163;1.0;0.9999270514667805;0.9999320136444971;0.9999336039248912;0.9999967045528;0.9999966607825805;0.9999927082657235;1.0;0.9999362982676355;0.999932954788722;1.0002251361493926;1.0002467583709236;0.999991878821059;0.9999424753602774;0.9999983939016458;0.9992784472582157;0.9988770252194075;0.998726883679807;0.9986638463489481;0.9999897891423138;0.9979905893662753;0.9977497281987171;0.9990418395682579;0.9994496170433772;1.0;1.0;0.999992017246172;0.999992826080569;0.9999960840039346;1.0;1.024999976158142;
2016-10-03 17:30:00;1.0;0.999924889613141;1.0;0.9999959344433235;1.0;0.9999941160616463;1.0002408386739494;0.9999663385952454;0.9999809173471671;0.9999999999999999;0.9999730817046301;1.0;1.0000290634958926;1.0;0.9999382963924424;0.999942135884215;0.9999433819560426;0.9999981999170575;0.9999981589349358;0.999990184022109;1.0;0.9999380996278076;0.9999429281515968;1.0002261184776458;1.000247291267479;0.9999921218378097;0.9999459235492407;0.9999968987736534;0.9992815448229513;0.9988831381543025;0.9986885790509854;0.9986005503018679;0.9999878454780637;0.9978196245347942;0.9976111247593579;0.9990188697559028;0.9994367130126661;1.0;1.0;0.9999907566416448;0.9999942112784097;0.9999934531161261;1.0;1.024999976158142;
2016-10-03 17:45:00;1.0;0.9999450853541709;0.9999999999999999;0.9999985287272156;1.0;0.999998125782653;1.0002382016772344;0.9999791967947461;0.9999912299034411;0.9999999999999999;0.9999819363960257;1.0;1.0000288822849044;1.0;0.9999564091040577;0.9999603726927155;0.9999613834625654;0.9999983332479533;0.999998314244127;0.9999953638602161;1.0;0.999958729634239;0.9999610008641295;1.0002238136072314;1.0002444213066826;0.9999954004756496;0.9999633957306476;0.9999990111743724;0.999235489661034;0.9988157639579646;0.9986049060695652;0.998506764443691;0.999992398360358;0.997667328443422;0.9974518596900668;0.9989519094050716;0.9993984471326589;1.0;1.0;0.9999940234365711;0.9999961052329797;0.9999974772344434;1.0;1.024999976158142;
2016-10-03 18:00:00;1.0;0.9998970485398764;1.0;0.9999866396544718;1.0;0.9999875736467881;1.0002595397883423;0.9998767848909327;0.9999760760458598;1.0;0.9999499493203894;0.9999999999999999;1.0000312207543953;1.0;0.9997549819176834;0.999759443974682;0.9997651474908009;0.9999983762261261;0.9999982642157663;0.9999830713658732;1.0;0.9999124272400924;0.9997635342212603;1.000240648060236;1.0002689399025493;0.9999782441954376;0.9999211600605356;0.9999934260690475;0.9991518197063884;0.9986836628711746;0.9984282166872706;0.9983049860357978;0.9999850788360389;0.9973121323013238;0.9970858833386239;0.9988222191695264;0.9993254723205978;1.0;1.0;0.9999886840754775;0.9999868292314825;0.999990609948173;0.9999999999999999;1.024999976158142;
2016-10-03 18:15:00;1.0;0.999913071372532;1.0;0.9999944292342627;1.0;0.9999933165005076;1.0002568073442635;0.9999481374908686;0.9999803031292716;1.0;0.9999669888992897;1.0;1.0000307475602876;1.0;0.999899296415519;0.9999040136713747;0.9999062351919713;0.9999979164504017;0.999997864740476;0.9999889563559861;1.0;0.9999293166084513;0.9999055050765142;1.0002405441309195;1.0002641866923077;0.999989270741381;0.9999375810935044;0.9999964742008594;0.9990053008658455;0.9984917439949141;0.9982166023905575;0.9980919714223903;0.9999867605903585;0.9969864541071173;0.9967356099728502;0.9986851455574636;0.9992497612912116;0.9999999999999999;1.0;0.9999898645929507;0.9999924271300116;0.9999932097378441;1.0;1.024999976158142;
2016-10-03 18:30:00;1.0;0.9999058087045963;0.9999999999999999;0.999993914677832;0.9999999999999999;0.9999927928822615;1.000261487940861;0.9999424478062267;0.9999791116452427;1.0;0.9999637556278373;0.9999999999999999;1.0000309342964155;1.0;0.9998879734034655;0.99989294839297;0.9998954084297976;0.9999975211258106;0.9999974481297091;0.9999880513127912;1.0;0.9999229191934532;0.999894587895262;1.0002448059831983;1.0002691688316503;0.999988048122527;0.9999316330463551;0.999996186807057;0.9990108270775316;0.9984848527201405;0.9981889748765879;0.9980460746448121;0.9999859887685407;0.9968783492874002;0.9966309394384838;0.9986575613302028;0.999234523063157;1.0;1.0;0.9999892757991826;0.9999914289586705;0.9999927251225793;0.9999999999999999;1.024999976158142;
2016-10-03 18:45:00;1.0;0.9998997701973854;1.0;0.9999944679761681;1.0;0.999992907291775;1.0002598339871684;0.9999473576769444;0.9999777690918533;1.0;0.9999626904152858;1.0;1.0000303169701605;1.0;0.9998986859618966;0.9999039569673832;0.999906112120416;0.9999970830910451;0.9999970108833447;0.9999877129736874;1.0;0.9999178917609413;0.9999053410265584;1.000243490488459;1.0002673571636849;0.9999883971491735;0.9999272316766477;0.9999962480581167;0.9990200394859863;0.9984898009862339;0.9982313758768837;0.9981056832046111;0.9999851113432773;0.9970171204699332;0.9967407746707528;0.9986858151789065;0.999250937080399;1.0;1.0;0.9999886061748002;0.9999912504247382;0.9999923573536104;1.0;1.024999976158142;
2016-10-03 19:00:00;1.0;0.9998737227808671;1.0;0.9999957640005532;1.0;0.9999942992809119;1.0002568772415512;0.9999486566748298;0.999977405117497;0.9999999999999999;0.9999563820950574;1.0;1.000028547326412;1.0;0.9998967724482635;0.9999046260626208;0.9999068625625777;0.9999956642135316;0.9999955694904082;0.999987728481413;0.9999999999999999;0.9999008074912459;0.9999059706061166;1.0002408967105203;1.0002644363648443;0.9999880502254939;0.999911597430342;0.9999969648650788;0.9991588242498626;0.9986916793598002;0.9984764547399687;0.9983745565800444;0.9999825651934869;0.9974859118422889;0.9972334165016151;0.9988488601018074;0.9993429523000547;0.9999999999999999;1.0;0.99998644701679;0.9999898688884064;0.9999928720767667;0.9999999999999999;1.024999976158142;
2016-10-03 19:15:00;1.0;0.9998558775991632;1.0;0.9999942967044982;1.0;0.9999932660623517;1.0002648646556949;0.9999268101684108;0.9999767168399952;1.0;0.9999453557296988;1.0;1.0000270692456639;1.0;0.9998526358306019;0.9998600724549139;0.9998631575589599;0.9999932448828102;0.9999930809545384;0.9999854796214579;1.0;0.9998815161105745;0.9998618729098439;1.0002477745426723;1.0002735866355321;0.9999830543648113;0.9998919404225519;0.9999963836305211;0.999159196525922;0.9986888005617826;0.9984763540430123;0.9983764797933297;0.9999826355132891;0.997488604516196;0.9972314432965744;0.9988529290257037;0.9993453548167912;1.0;1.0;0.9999865495386686;0.9999851223754063;0.9999920508467738;1.0;1.024999976158142;
2016-10-03 19:30:00;0.9999999999999999;0.9997815276604962;1.0;0.9999906888979486;1.0;0.9999864742759695;1.000280753597242;0.9999026196245644;0.999955096756738;1.0;0.9999170151902056;1.0;1.0000254630073353;1.0;0.9998168000998083;0.9998257762563966;0.999829141171975;0.9999896013267853;0.9999892200963663;0.9999741583152398;0.9999999999999999;0.999812435981605;0.9998275275478631;1.0002626724587536;1.0002905673687152;0.9999745988523722;0.9998302530502877;0.9999926967001865;0.9992514552922558;0.9988160674241218;0.9986138679183855;0.9985199590651384;0.9999714344869707;0.9977293423436898;0.9974947306263758;0.9989374933216089;0.9993934906398305;0.9999999999999999;1.0;0.9999782799934461;0.9999774460127732;0.9999839343640565;1.0;1.024999976158142;
2016-10-03 19:45:00;0.9999999999999999;0.9997933265799954;1.0;0.9999911397735123;1.0;0.999985985953641;1.0002815646155485;0.9999215867144677;0.9999514083561575;1.0;0.9999267249497529;1.0;1.0000290361159616;1.0;0.9998574010753081;0.999867414316656;0.9998700518127849;0.9999929904991316;0.9999927117305559;0.9999747339602705;1.0;0.9998278505506164;0.9998688670008906;1.0002640492956827;1.0002902652791434;0.9999793583573017;0.999847828543617;0.9999924999882099;0.999114335375839;0.9986352782959994;0.99838328323403;0.9982701515151021;0.9999688095455973;0.9973798984802291;0.9971426489589376;0.9987313855867775;0.9992765869894025;1.0;0.9999999999999999;0.999976258290945;0.9999828794656404;0.9999833263181865;1.0;1.024999976158142;
2016-10-03 20:00:00;1.0;0.9997778880768241;0.9999999999999999;0.999992035887532;1.0;0.9999879622598166;1.0002792108630485;0.999921765523863;0.9999534500289053;1.0;0.9999267914755131;0.9999999999999999;1.0000300955319223;0.9999999999999999;0.9998480189091502;0.9998623779338062;0.9998656554291794;0.9999943556559762;0.999994059571489;0.9999766603701429;1.0;0.9998272874894856;0.9998643980725639;1.0002618033116144;1.0002876304368433;0.9999811308184551;0.9998489577027109;0.9999935233811864;0.9991750727875861;0.9987291287879182;0.998492619527984;0.99839027904268;0.9999657679146366;0.9975170744976167;0.9972969115784696;0.9988534458856922;0.9993460326048003;1.0;1.0;0.999973521478388;0.9999849817420821;0.9999853401035156;0.9999999999999999;1.024999976158142;
2016-10-03 20:15:00;0.9999999999999999;0.9997756817166701;1.0;0.9999897233309116;0.9999999999999999;0.9999838419509329;1.0002791817308734;0.9999162524671766;0.9999443647792926;1.0;0.9999225281153598;1.0;1.000029833658255;1.0;0.9998485474417176;0.9998604224201217;0.9998633494605604;0.9999940968212738;0.999993774385647;0.9999719759176526;1.0;0.9998164811616698;0.9998621660920732;1.0002617841177872;1.0002876413693467;0.9999786316083782;0.9998397009918636;0.9999913496137786;0.9991912093854419;0.9987537337890998;0.9985363753218212;0.9984456691486929;0.9999639391017953;0.9976261795492722;0.9974002205055507;0.9988874571055691;0.9993649365420192;0.9999999999999999;1.0;0.9999725137846809;0.999983402883183;0.9999812179976005;1.0;1.024999976158142;
2016-10-03 20:30:00;1.0;0.9997865408171102;1.0;0.9999892327910627;0.9999999999999999;0.999984227171616;1.000272812539983;0.9999121416298037;0.9999468684648589;1.0;0.99992669104808;1.0;1.0000306390141662;1.0;0.999837094021619;0.9998494616578901;0.9998528805552505;0.999995762202204;0.9999955063469921;0.9999733584649876;0.9999999999999999;0.9998290771853312;0.9998516846365175;1.0002554937777313;1.0002810602346188;0.9999795148708088;0.9998517784227622;0.9999915922863541;0.9991927288332619;0.9987617454446033;0.9985587874550018;0.9984778231245343;0.9999646170277201;0.9976845670234689;0.9974544233473241;0.9989145437076916;0.9993804198980469;1.0;1.0;0.9999729414004276;0.9999852931105045;0.9999823483359093;1.0;1.024999976158142;
2016-10-03 20:45:00;0.9999999999999999;0.99972598610904;0.9999999999999999;0.9999902929057398;1.0;0.9999865655956991;1.000282619048088;0.9999033429042359;0.9999451753117345;1.0;0.9999150004573795;1.0;1.000032270460973;1.0;0.9998030749471654;0.9998245681276857;0.9998293710911403;0.9999961452246068;0.9999957653957234;0.9999736771282142;1.0;0.9997999438681888;0.9998278381643907;1.0002646223021558;1.000291111016687;0.9999795030231826;0.9998279672282302;0.9999927389096872;0.9992387295571933;0.9988309214519066;0.9986313469372702;0.9985555175943314;0.9999554825109132;0.9978208928412241;0.9976080372342517;0.9989588201119063;0.9994055812419672;1.0;0.9999999999999999;0.9999652127188318;0.9999855854980032;0.9999840866317983;1.0;1.024999976158142;
2016-10-03 21:00:00;1.0;0.9998384763051357;1.0;0.9999952479695139;0.9999999999999999;0.9999946887926162;1.0002595314372569;0.9999325250349624;0.9999760020430123;1.0;0.9999463452311214;1.0;1.0000283959219813;0.9999999999999999;0.9998563840935888;0.9998684941113258;0.9998719164487457;0.9999952275089374;0.9999950703630278;0.9999867861380212;1.0;0.9998801492608511;0.9998706821341904;1.000242968140766;1.0002675868000674;0.9999857906517503;0.9998934362646201;0.999997131136486;0.9992621673706108;0.9988644225795263;0.9986705233888978;0.998592232604618;0.9999780408424913;0.9978421698939278;0.997633871061927;0.9990025718567734;0.9994305897620903;0.9999999999999999;1.0;0.9999826521039491;0.9999882688109317;0.999993264492172;1.0;1.024999976158142;
2016-10-03 21:15:00;1.0;0.9997541475584568;1.0;0.99999281764168;1.0;0.9999916819754341;1.0002744722683792;0.9999028118557217;0.9999619930455439;0.9999999999999999;0.9999206904478081;1.0;1.000028871962392;1.0;0.9997924081274592;0.9998117125084232;0.9998167680304539;0.9999938440015841;0.9999935239459335;0.9999799236048702;1.0;0.9998205960621184;0.999815007387468;1.0002565695407708;1.0002835152574676;0.9999797623431297;0.9998418640997907;0.9999954590093992;0.9992509575737236;0.9988331202268234;0.9986563283507023;0.9985843638073013;0.9999650991787424;0.9978224705887593;0.9975854743402315;0.9990111429817418;0.9994352446560106;1.0;1.0;0.9999724202121688;0.9999838134904113;0.9999895637525704;1.0;1.024999976158142;
2016-10-03 21:30:00;1.0;0.9997478071738487;0.9999999999999999;0.9999960824905534;1.0;0.9999953114847718;1.000266262857498;0.9999320914440697;0.99996358027824;1.0;0.9999316302563417;1.0;1.0000318700323332;0.9999999999999999;0.9998405451717312;0.9998660092068251;0.999870602756358;0.9999977723546762;0.9999975315532179;0.9999843293818974;1.0;0.9998354190042751;0.999869238945438;1.0002497614290689;1.0002736298097374;0.9999878122257898;0.9998599579930818;0.999997405024878;0.9993781335446554;0.9990115701547423;0.9988575525751547;0.9987927165378766;0.9999601843510404;0.9981708448304986;0.9979619240900012;0.9991328437113781;0.9995039951592459;1.0;0.9999999999999999;0.9999681063390731;0.9999914808961556;0.9999924799037208;0.9999999999999999;1.024999976158142;
2016-10-03 21:45:00;1.0;0.9998667939248219;1.0;0.9999937825127513;1.0;0.9999924070826604;1.0002449437344614;0.9999369841180523;0.9999733459481868;1.0;0.9999545250329025;1.0;1.0000287577202518;0.9999999999999999;0.9998731967259664;0.9998824687686126;0.9998854396447036;0.9999974598307861;0.9999973638087347;0.9999860090219145;0.9999999999999999;0.9998987935788449;0.9998844805167459;1.0002292880460457;1.000252203515383;0.999987146092668;0.9999116211549715;0.9999959708405519;0.9993913550728499;0.9990405369917407;0.9988987382831241;0.9988408283631985;0.9999794227691704;0.9982417336976469;0.9980379146283913;0.9991744471551565;0.9995279575794541;0.9999999999999999;1.0;0.9999840040339315;0.9999908849620736;0.9999917125132156;0.9999999999999999;1.024999976158142;
2016-10-03 22:00:00;1.0;0.9998883836357896;0.9999999999999999;0.9999944071650407;1.0;0.9999934631140311;1.0002421790447409;0.9999404433396749;0.9999786351469999;1.0;0.9999592880876204;1.0;1.0000277642418611;1.0;0.9998807143849612;0.999887524625659;0.9998902085006347;0.9999968255785822;0.9999967411379176;0.9999878788862476;1.0;0.9999118548266528;0.9998892803571714;1.0002266537527111;1.0002495172829062;0.9999875316548016;0.999921648508074;0.9999965316322498;0.9994021403567448;0.9990605589250181;0.9989285646554201;0.998877816363065;0.9999840829460166;0.9983136122051962;0.998111110710401;0.999197085456235;0.9995405713998959;0.9999999999999999;1.0;0.9999876719767946;0.9999905641374097;0.9999929904125919;1.0;1.024999976158142;
2016-10-03 22:15:00;1.0;0.9998700875494169;1.0;0.9999864142505968;1.0;0.9999878129355105;1.0002503924933341;0.9998641053020036;0.9999753102547101;1.0;0.9999402353085874;1.0;1.0000283194923845;1.0;0.9997254711773687;0.9997319051076027;0.9997383009398667;0.9999966877674107;0.9999965131756621;0.9999819153411552;1.0;0.9998922572489068;0.9997363873090405;1.000231735800455;1.0002601397025732;0.9999754389635039;0.9999020509544422;0.9999935134337645;0.9994731473003741;0.9991549370408723;0.9990237743101551;0.9989711718887677;0.9999829237991052;0.9984524669405956;0.9982691374723198;0.9992566840711926;0.9995742080981389;1.0;1.0;0.9999868833367921;0.9999838858562474;0.9999905957285806;1.0;1.024999976158142;
2016-10-03 22:30:00;1.0;0.9998861787084573;0.9999999999999999;0.9999909310366648;0.9999999999999999;0.9999902566460382;1.0002462866680544;0.9999125155597135;0.9999754424408035;1.0;0.9999521672377384;1.0;1.0000278583662832;1.0;0.9998282589786665;0.9998334659471109;0.9998372559823635;0.999996519070948;0.9999963978277255;0.9999845432105381;1.0;0.999904083346459;0.9998360155574872;1.000229589008411;1.0002545478160676;0.9999824834802451;0.9999137193945232;0.9999948298741359;0.9994213149040869;0.9990824587557994;0.9989558057584883;0.9989062799827527;0.999984115446671;0.9983569471394768;0.9981531490683494;0.9992169610137255;0.9995518321482157;0.9999999999999999;1.0;0.9999878960718281;0.9999875662975969;0.9999909684159836;1.0;1.024999976158142;
2016-10-03 22:45:00;1.0;0.9999006267588054;1.0;0.999991157847377;1.0;0.9999918839446722;1.0002424767010067;0.9999054432923832;0.999982716603704;1.0;0.9999541742410119;1.0;1.0000266523561814;0.9999999999999999;0.9998098020657651;0.9998138575027076;0.9998181117313815;0.9999958620229733;0.9999957574724854;0.9999868736707836;0.9999999999999999;0.9999145571944389;0.9998167032150441;1.000225565837442;1.0002511309512596;0.9999817103041256;0.9999210867305993;0.9999956928086784;0.9994342652845486;0.9991025671657423;0.9989796817899947;0.9989321244933451;0.9999884656378581;0.9983973273779019;0.9981970531898815;0.9992354287561984;0.9995621202125711;0.9999999999999999;1.0;0.9999911765382321;0.9999866003842176;0.9999932022603283;1.0;1.024999976158142;
2016-10-03 23:00:00;1.0;0.9998862663745492;1.0;0.9999935192414408;1.0;0.9999919610655265;1.000241625307114;0.9999340596459887;0.9999762606037479;1.0;0.9999546780415383;1.0;1.0000260957603602;1.0;0.9998731709697478;0.999877932690951;0.9998805061410496;0.9999952447908613;0.9999951428403422;0.999985755314193;1.0;0.999902654966078;0.9998794962047753;1.000226009496533;1.000249343329224;0.9999849578466748;0.9999119821711725;0.9999957359451859;0.9994513861762506;0.9991324803687712;0.9990099665341201;0.9989645698760038;0.9999848905310726;0.9984514292245293;0.99826173871752;0.9992558893238522;0.9995739707992493;0.9999999999999999;1.0;0.9999885106181832;0.999987840000584;0.9999913675874005;1.0;1.024999976158142;
2016-10-03 23:15:00;1.0;0.9999163954051702;1.0;0.9999948970223931;0.9999999999999999;0.9999941282762117;1.0002324947200771;0.9999496472420802;0.9999825051076473;1.0;0.999968310426408;1.0;1.0000275535257739;1.0;0.9999005689928491;0.9999053243417093;0.9999075517237825;0.9999978428547363;0.9999977919249579;0.9999899646354167;1.0;0.9999327862142157;0.9999068149074432;1.0002176647443966;1.0002393138235215;0.9999897141032;0.9999403659221828;0.9999968995615081;0.9995180756418257;0.9992270134857153;0.9991096786691314;0.9990634359002756;0.9999877195685383;0.9986038513932894;0.9984343122560448;0.9993168322643327;0.9996084055720194;0.9999999999999999;1.0;0.9999905511721195;0.9999926063660731;0.9999940486340653;1.0;1.024999976158142;
2016-10-03 23:30:00;1.0;0.9999205877280584;0.9999999999999999;0.9999950421665801;1.0;0.9999944095314117;1.0002313772433844;0.9999501337434287;0.9999837609968514;0.9999999999999999;0.9999692343018133;1.0;1.0000272722957837;0.9999999999999999;0.9999013943665198;0.9999057107298623;0.9999079033602565;0.9999977081670355;0.9999976602400418;0.9999904145007564;1.0;0.9999354607949744;0.9999071662370068;1.0002165945367267;1.0002382100241507;0.9999897828308352;0.9999423994577687;0.9999970485784394;0.9995233467244352;0.9992324294580598;0.9991189484249178;0.9990735658364707;0.9999886915786268;0.9986172265987864;0.9984452147366643;0.9993258710028997;0.9996137807347772;0.9999999999999999;1.0;0.9999913069027896;0.9999925310405536;0.9999943847620194;1.0;1.024999976158142;
2016-10-03 23:45:00;0.9999999999999999;0.9999101235598351;1.0;0.9999940155238568;1.0;0.9999937144573938;1.0002309358549377;0.9999390885806113;0.999982350007583;1.0;0.9999651321057507;1.0;1.0000272844854827;0.9999999999999999;0.9998776251173542;0.9998829911996372;0.9998858131770885;0.9999978231804886;0.9999977668441855;0.9999893824440028;1.0;0.9999286089937798;0.9998849186675886;1.000215838644798;1.0002380187820221;0.999988185403116;0.9999364473040422;0.9999966792078395;0.9995691591533137;0.999306159647395;0.9991989128354106;0.9991603382498637;0.9999870914606039;0.998768191508192;0.9986157063429287;0.9993777112263876;0.9996427116961799;0.9999999999999999;1.0;0.9999900219019472;0.9999917604325285;0.9999940070284643;1.0;1.024999976158142;
2016-10-04 00:00:00;1.0;0.999955333340048;1.0;0.9999956389625951;1.0;0.9999951986274753;1.0002261305337194;0.9999588316341482;0.9999893406797249;1.0;0.9999783253069624;1.0;1.000026674845834;0.9999999999999999;0.9999217147386293;0.9999224269015241;0.9999240120780751;0.9999977739468783;0.9999977433235375;0.9999926828745684;1.0;0.9999577777450516;0.9999234392616889;1.0002117400550379;1.0002327585511288;0.9999912464580795;0.9999610762874481;0.9999974722227905;0.9995590258046216;0.9992888510280121;0.9991816668411798;0.9991407207468076;0.9999945232349461;0.9987320840295298;0.998573510799243;0.9993662525987206;0.9996363916234002;1.0;1.0;0.9999959623645452;0.9999933825374213;0.9999955702143696;1.0;1.024999976158142;
2016-10-04 00:15:00;1.0;0.9999551099284081;1.0;0.999995946078897;1.0;0.9999955315710363;1.000223896335796;0.999961427229949;0.9999896101638398;1.0;0.999979226532485;1.0;1.0000266409920244;1.0;0.999926118427532;0.9999272473306402;0.9999287741565984;0.9999980160035872;0.9999979880850773;0.9999930783002688;1.0;0.9999590004069047;0.9999282336504205;1.0002097189532204;1.0002303596940483;0.9999918875988111;0.9999624774631348;0.9999976478577094;0.9995870874218727;0.9993294168540323;0.9992289062359048;0.9991910402499593;0.9999942612397144;0.9988159698279437;0.9986635549310784;0.999397645655077;0.9996542042174821;1.0;1.0;0.9999957213137304;0.9999939335017348;0.9999958332145058;1.0;1.024999976158142;
2016-10-04 00:30:00;1.0;0.999936844192986;1.0;0.9999942828061554;1.0;0.9999932403182294;1.00022520295439;0.9999500585943655;0.9999833360674811;1.0;0.9999719626955015;1.0;1.000026559770091;1.0;0.9999063672436679;0.9999081259902833;0.999910042121423;0.9999977954197522;0.9999977581845462;0.9999898234470013;1.0;0.9999429020152343;0.9999093838058511;1.000210736790527;1.0002319130267594;0.9999893944377979;0.99994861444531;0.9999964434799707;0.9996047205755226;0.9993576679327105;0.999248287352991;0.9992067736645804;0.9999908447184025;0.998829499468366;0.9986919786873086;0.9994099730185972;0.9996612024893611;1.0;1.0;0.9999931794140835;0.9999923952971712;0.9999935375690099;1.0;1.024999976158142;
2016-10-04 00:45:00;1.0;0.9999513786214506;1.0;0.9999960816017941;0.9999999999999999;0.9999951986245642;1.0002239620613749;0.9999645972897221;0.9999877550742777;1.0;0.9999785153419379;1.0;1.0000265321275457;1.0;0.9999341054891113;0.999935279003532;0.9999365673936867;0.9999978750640479;0.9999978469140516;0.9999924523733017;1.0;0.9999554129211741;0.9999360796888903;1.000209951801315;1.0002303115271196;0.9999920616972462;0.99995954100603;0.999997473883578;0.9996074198606973;0.9993576091572007;0.9992507994833038;0.9992084439023862;0.9999933826582066;0.9988369881793474;0.9986954230588082;0.9994065748145277;0.999659222442045;1.0;1.0;0.9999950823469372;0.9999939094896477;0.9999952032713751;1.0;1.024999976158142;
2016-10-04 01:00:00;1.0;0.9999325769156233;1.0;0.9999958291087137;1.0;0.9999950162424864;1.000221811978514;0.9999596452900043;0.9999852946367614;1.0;0.9999739947863201;1.0;1.0000264034911206;1.0;0.99992152323253;0.9999249873334278;0.9999266895069334;0.999998031459897;0.9999979966251239;0.9999915537513104;0.9999999999999999;0.9999444858918688;0.9999261039863868;1.0002078585256673;1.0002281398605901;0.9999914790689932;0.9999505862201188;0.999997374184962;0.9997070078367413;0.9995049859277956;0.9993996005183798;0.9993582569013774;0.9999901725776663;0.9990688638010192;0.9989669423781544;0.9995014113124351;0.9997131803942555;1.0;1.0;0.9999924813405113;0.9999937235528518;0.9999948670251034;0.9999999999999999;1.024999976158142;
2016-10-04 01:15:00;1.0;0.9999486219443301;0.9999999999999999;0.9999961969952027;0.9999999999999999;0.9999951630195159;1.0002163785171527;0.9999639656407887;0.9999875349253003;0.9999999999999999;0.9999766807354596;1.0;1.0000247558937823;0.9999999999999999;0.9999337666940503;0.9999345011926117;0.999935702175438;0.9999970694605138;0.9999970435299886;0.99999205807459;0.9999999999999999;0.9999511383398771;0.9999351809679519;1.0002028354455335;1.0002226805981664;0.9999913773204467;0.999955056984801;0.9999974579336373;0.9997879711170096;0.9996263294465229;0.9995215710789038;0.9994806167779987;0.999993686546571;0.9992615250684913;0.9991935275153311;0.9995761313071462;0.9997552091820568;1.0;1.0;0.9999953564033255;0.999992862842681;0.9999949494689566;1.0;1.024999976158142;
2016-10-04 01:30:00;1.0;0.999960148887922;1.0;0.9999973703057674;1.0;0.9999963332535292;1.0002149298018432;0.9999762298652852;0.9999898157740436;1.0;0.9999827675570483;1.0;1.0000253932473586;1.0;0.9999575443870522;0.9999582152289958;0.9999589344390576;0.9999978475425512;0.9999978295458568;0.9999939122821723;1.0;0.9999624486217218;0.999958594436792;1.0002018053139539;1.0002207788401558;0.9999939728530327;0.9999657646928356;0.9999980743149479;0.9997750898867603;0.9996067373765547;0.9995023503607813;0.9994608391025347;0.9999947767110999;0.9992302015951129;0.9991562450600906;0.9995635103958815;0.9997477107832108;1.0;1.0;0.999996150296319;0.999994923914738;0.9999959850633683;1.0;1.024999976158142;
2016-10-04 01:45:00;0.9999999999999999;0.999956764172031;1.0;0.9999971785474545;0.9999999999999999;0.9999963004471681;1.0002141866331615;0.9999745410229074;0.9999894031713555;0.9999999999999999;0.9999825359698573;1.0;1.0000258117803107;1.0;0.9999527433721075;0.9999542954923117;0.9999552200201988;0.9999983699421644;0.9999983500048295;0.9999939130983583;1.0;0.9999620987843256;0.9999548626679683;1.0002010461255355;1.000219971409202;0.9999941287330658;0.9999660280722229;0.9999980550918225;0.999823931644414;0.9996786909303585;0.9995731051678612;0.9995308825607309;0.9999937824168114;0.9993348502537736;0.9992814001017495;0.9996088732725477;0.9997739522476702;1.0;1.0;0.9999953231548048;0.9999954463252101;0.9999960781223379;1.0;1.024999976158142;
2016-10-04 02:00:00;1.0;0.9999500061617392;1.0;0.9999967525255709;1.0;0.9999956758470674;1.000214157088442;0.9999713787839614;0.9999874716471198;1.0;0.9999800777400836;1.0;1.000025672945596;0.9999999999999999;0.9999471568639768;0.9999490173818899;0.9999500514212696;0.9999982413032631;0.9999982192673297;0.9999929345498166;1.0;0.9999564260646492;0.9999496562602668;1.0002009709616122;1.0002200040286977;0.9999933917401138;0.9999611149868843;0.9999977270295433;0.9998452808435181;0.9997094491983813;0.999609541317859;0.9995703650729526;0.9999926211264807;0.9994032295119428;0.9993540004286904;0.9996326442211988;0.9997871917061464;1.0;0.9999999999999999;0.9999944473456089;0.9999949383926174;0.9999954013315421;1.0;1.024999976158142;
2016-10-04 02:15:00;1.0;0.9999622540298563;1.0;0.9999968677036718;1.0;0.9999961703011434;1.0002121691137809;0.9999710049851604;0.9999905660070496;1.0;0.9999825377296672;1.0;1.000025164978591;1.0;0.9999463299024024;0.9999468767105608;0.9999478896504012;0.9999980039378182;0.9999979869455731;0.9999939431656596;1.0;0.9999641197603921;0.9999474833944644;1.0001989903699933;1.0002181035547781;0.9999933576159424;0.9999670757922805;0.9999979893653271;0.9998277644867316;0.9996881787112812;0.9995861882951937;0.9995475281568852;0.9999952313318183;0.999371408817317;0.9993203986875064;0.999616663205859;0.9997782822282749;0.9999999999999999;1.0;0.999996493583083;0.9999947217364018;0.9999961606818143;1.0;1.024999976158142;
2016-10-04 02:30:00;0.9999999999999999;0.9999670766892881;1.0;0.9999974244819221;1.0;0.9999968352251521;1.0002110748926674;0.9999768235414412;0.9999917215865235;1.0;0.9999858285066023;1.0;1.000025744245761;1.0;0.9999567116410035;0.9999576752161472;0.9999585370019048;0.9999987039679707;0.9999986915719244;0.9999950112767154;1.0;0.9999703885586634;0.9999582195634658;1.000198106636741;1.0002167338690684;0.999994870639682;0.9999732857734992;0.9999983393144622;0.9998327039166833;0.9996941465201966;0.9995938382443751;0.9995552214118052;0.9999953703755521;0.9993799674563217;0.9993286868882046;0.9996238021628191;0.9997821414960969;1.0;1.0;0.9999965416485401;0.9999961301070496;0.9999968243360079;1.0;1.024999976158142;
2016-10-04 02:45:00;1.0;0.9999702990444577;0.9999999999999999;0.9999984269167332;0.9999999999999999;0.9999980336346967;1.00020930223889;0.9999820324235037;0.9999943080245304;0.9999999999999999;0.9999873068435596;1.0;1.0000250184088195;1.0;0.9999657326548426;0.9999665275310577;0.9999671638377803;0.9999981862914948;0.9999981769529747;0.9999962560577269;1.0;0.9999730328144736;0.9999668693801395;1.0001965798079082;1.0002148977597196;0.9999956133158404;0.9999750279184557;0.9999989691502701;0.9998293305133216;0.9996956075564302;0.9995935706910131;0.9995566562855108;0.999996694956074;0.9993866751451791;0.9993406826273802;0.9996239122238184;0.9997820259285086;1.0;1.0;0.9999975176734076;0.9999960990006469;0.9999977737799925;1.0;1.024999976158142;
2016-10-04 03:00:00;1.0;0.9999719438434505;0.9999999999999999;0.9999981010919438;1.0;0.9999978048839122;1.0002098744735146;0.9999824911530266;0.999993621307155;1.0;0.9999894278020233;1.0;1.0000263951612995;0.9999999999999999;0.9999656803125471;0.9999673341422926;0.9999681165275531;0.9999994930551107;0.9999994866103692;0.9999964524455235;1.0;0.9999776405010306;0.9999678752879094;1.0001970987010986;1.000215259050607;0.9999965485164369;0.9999803883943683;0.9999988493639239;0.9998021355471024;0.9996705302435877;0.9995689049731666;0.999539555218956;0.9999955962515814;0.9993714034938234;0.9993269547290559;0.9996156562682648;0.9997772217674565;1.0;1.0;0.9999966180777995;0.999997702707302;0.9999978357627408;0.9999999999999999;1.024999976158142;
2016-10-04 03:15:00;1.0;0.9999681530136113;0.9999999999999999;0.9999974609120209;1.0;0.9999972003743512;1.0002096950220054;0.9999778488451788;0.9999922907310395;1.0;0.9999880438824119;1.0;1.0000266970683551;1.0;0.9999562999759103;0.9999583895588752;0.9999594317582259;0.9999998378221838;0.9999998319767357;0.9999957797124044;1.0;0.9999753684238619;0.9999591463872066;1.0001967889559085;1.0002151283077716;0.9999959744311854;0.9999787484675102;0.9999985328834007;0.9998060927342929;0.9996765476410524;0.9995766940370318;0.9995484545087158;0.9999945913582646;0.9993879140072837;0.9993440491764938;0.9996208349382829;0.9997804602369746;1.0;1.0;0.9999958390952961;0.9999976807949499;0.9999974243863144;1.0;1.024999976158142;
2016-10-04 03:30:00;1.0;0.9999816745425092;0.9999999999999999;0.9999983106869436;1.0;0.9999979230991185;1.0002083352811304;0.9999860251891209;0.999994770190568;0.9999999999999999;0.9999919815407973;1.0;1.00002615692128;0.9999999999999999;0.9999742417071622;0.9999747471834688;0.9999752675837597;0.9999994424963208;0.9999994382817119;0.9999969352497723;1.0;0.999983395623743;0.9999750916739547;1.000195725236308;1.0002136307324152;0.9999970099354265;0.9999851886081269;0.9999989127536165;0.9997972745232618;0.9996659392406266;0.9995656950783504;0.9995380231213981;0.9999971725190688;0.999373924664773;0.999328801844991;0.9996136052310438;0.9997762445417318;0.9999999999999999;0.9999999999999999;0.9999978982038995;0.9999979108092674;0.9999979893509738;1.0;1.024999976158142;
2016-10-04 03:45:00;1.0;0.9999738073214003;1.0;0.9999979415536734;1.0;0.9999970174772604;1.0002091825284172;0.9999858839796683;0.9999914532763606;1.0;0.9999898794883774;1.0;1.000026368053187;1.0;0.9999758614659662;0.999976783712342;0.999977235594056;0.9999995328774371;0.9999995270998131;0.9999956167226666;1.0;0.9999769745281126;0.9999770840344581;1.0001966103942337;1.0002144086715463;0.9999967167609265;0.9999800804121098;0.9999984377331828;0.9998166688593786;0.9996806820622101;0.9995808777596671;0.9995469423232071;0.9999952874293061;0.999376449179306;0.9993270570097499;0.9996185315915461;0.9997790318210634;1.0;0.9999999999999999;0.9999964870534435;0.9999978272444339;0.9999968861677299;1.0;1.024999976158142;
2016-10-04 04:00:00;0.9999999999999999;0.9999788486125016;0.9999999999999999;0.9999971946184377;1.0;0.9999970119636666;1.000208572537472;0.9999761388649205;0.9999938060926535;0.9999999999999999;0.9999893582006725;1.0;1.0000261636115824;1.0;0.9999546477958952;0.9999550673241245;0.9999560468451973;0.9999994639691593;0.9999994581257547;0.9999959455364691;1.0;0.9999802812014217;0.9999557517403878;1.0001956189206673;1.0002141422102897;0.9999954107925862;0.9999822358988983;0.9999984348364398;0.9998163000725305;0.9996745406319181;0.999570930697614;0.9995319795194536;0.9999968135367756;0.9993396206122435;0.9992878490132957;0.9996118242081797;0.9997753594624215;1.0;1.0;0.9999976501771574;0.9999970615761387;0.9999974753763796;1.0;1.024999976158142;
2016-10-04 04:15:00;1.0;0.9999624916756984;1.0;0.9999974961878985;1.0;0.999997162355035;1.0002102135243331;0.9999759383423997;0.999991842741732;1.0;0.9999855797165783;1.0;1.000026066879292;1.0;0.9999526359472869;0.9999547478615396;0.9999558164952042;0.9999991422433026;0.9999991329611064;0.999995317505131;1.0;0.9999697790904163;0.9999554754060005;1.0001972617988495;1.0002157997439554;0.9999952102010432;0.9999732641920147;0.9999985118749791;0.9998304755858639;0.9996888318505978;0.9995857236778665;0.999544263008125;0.9999943689853147;0.9993577205236361;0.9993057084632857;0.9996167781094267;0.9997779404494938;1.0;1.0;0.9999956759705149;0.9999966823260154;0.9999971985829651;1.0;1.024999976158142;
2016-10-04 04:30:00;1.0;0.9999701174530075;1.0;0.99999758443916;1.0;0.999997384227275;1.0002090237398915;0.9999774949180493;0.9999931817902964;1.0;0.9999878760525185;0.9999999999999999;1.000026153683445;1.0;0.999955807664285;0.999957375551376;0.999958377920417;0.9999993827650179;0.9999993761266087;0.9999959395113905;1.0;0.9999755256599449;0.9999580711154287;1.0001961369914523;1.0002145418195223;0.9999956688777342;0.9999783091830525;0.9999986293141934;0.9998287089544403;0.9996905661722256;0.9995926288232657;0.9995560115255577;0.9999954746496861;0.999386352938598;0.9993338744519727;0.9996234406002805;0.9997816770046417;1.0;0.9999999999999999;0.9999965411757632;0.9999971332650468;0.999997578304917;1.0;1.024999976158142;
2016-10-04 04:45:00;1.0;0.9999767381472423;1.0;0.9999984695948423;1.0;0.9999981232206685;1.0002074348518823;0.9999865857868856;0.9999943731228906;1.0;0.9999914286702346;1.0;1.0000262300745977;1.0;0.999974125410211;0.9999754866017055;0.9999760690881906;0.9999996263862428;0.9999996227761984;0.9999969910913141;0.9999999999999999;0.9999814230011727;0.9999758897493245;1.0001949152380898;1.0002126442514059;0.999997292340771;0.9999838187543383;0.9999990175907768;0.9998271467630404;0.9996893510451671;0.9995918142819074;0.9995555262149453;0.9999962054749615;0.9993811520440883;0.9993287043515975;0.9996266075756519;0.999783861799874;1.0;0.9999999999999999;0.9999970939195892;0.9999982182908127;0.9999980980127025;1.0;1.024999976158142;
2016-10-04 05:00:00;1.0;0.9999845167961754;1.0;0.9999983330584125;1.0;0.9999980052178042;1.0002073096138062;0.9999869864692481;0.9999951649191067;0.9999999999999999;0.9999931817148191;1.0;1.0000263198594888;0.9999999999999999;0.9999759716386055;0.9999764548626863;0.9999769625802198;0.9999997366764025;0.999999733968894;0.9999972234923235;1.0;0.9999861661300445;0.9999768106307085;1.0001947662679262;1.000212521459389;0.9999973784349466;0.999987844891481;0.9999989562239878;0.9998445118059636;0.9997130907372593;0.9996092776050675;0.9995684472163153;0.9999973706325064;0.9994065229758804;0.9993636764833795;0.9996249728472326;0.9997825940102572;0.9999999999999999;1.0;0.9999980438157439;0.9999983576389664;0.9999981575375186;0.9999999999999999;1.024999976158142;
2016-10-04 05:15:00;1.0;0.9999790511703845;1.0;0.9999977592540422;1.0;0.9999971894826419;1.000209764033069;0.999983503408153;0.9999929933463934;1.0;0.9999909737716098;1.0;1.0000266049317954;1.0;0.9999702224177218;0.9999708519211876;0.999971467579147;0.9999997151991684;0.999999710452206;0.9999961226089649;0.9999999999999999;0.9999812062620843;0.9999712857467329;1.0001970141169585;1.0002150889411638;0.9999966064825123;0.9999836337618789;0.9999985280818506;0.9998220663216678;0.9996881792232211;0.9995789788984822;0.999539511322956;0.9999962534549004;0.9993785928410568;0.9993372906184476;0.9995972382912838;0.999767242272155;1.0;1.0;0.9999972201247533;0.9999979206904361;0.9999973490768045;1.0;1.024999976158142;
2016-10-04 05:30:00;0.9999999999999999;0.9999770630010433;0.9999999999999999;0.999997453666549;1.0;0.9999974026497395;1.000210764006457;0.9999778023615099;0.999994115524936;1.0;0.9999900171726712;1.0;1.0000268250310258;1.0;0.9999564151037827;0.9999576108971852;0.9999586297276769;0.9999998378221839;0.9999998324856827;0.9999963934939332;0.9999999999999999;0.9999811691559264;0.9999583505002657;1.0001977268473616;1.0002162788442432;0.9999960471814519;0.9999834746648817;0.9999986390078467;0.9998104755370678;0.9996658060305801;0.9995522358995512;0.9995078664146152;0.9999962422232591;0.9993209970080849;0.9992734507200013;0.9995768276910957;0.9997551692055364;1.0;1.0;0.9999971411198867;0.9999977203195877;0.9999978444250459;1.0;1.024999976158142;
2016-10-04 05:45:00;1.0;0.9999757426683613;1.0;0.9999987607983256;1.0;0.9999983060824488;1.0002139807007369;0.9999886544100316;0.9999943920532585;1.0;0.9999913116983896;1.0;1.0000268465992357;0.9999999999999999;0.9999784444933123;0.9999797899287156;0.9999802459754736;0.9999993843288288;0.9999993791433844;0.9999970560556296;1.0;0.9999803540001239;0.9999800829054122;1.0002011652667073;1.0002193159186574;0.9999974541253284;0.999982748260864;0.9999991126146389;0.9997114519466687;0.9995674418207282;0.9994544747798485;0.9994340883755738;0.9999962321580337;0.9992678136891243;0.9992206291851591;0.9995211530548481;0.9997108322125748;1.0;1.0;0.9999971151206156;0.9999981025993462;0.9999981106896405;0.9999999999999999;1.024999976158142;
2016-10-04 06:00:00;1.0;0.9999760202435086;1.0;0.9999982884716987;0.9999999999999999;0.9999980897645698;1.000217373826812;0.9999827811559754;0.9999949652486962;1.0;0.9999898879161555;1.0;1.0000269330960567;1.0;0.9999664791282105;0.9999674427127665;0.9999681537180494;0.999999062598581;0.9999990563458915;0.9999968159322614;1.0;0.9999793321425045;0.9999679010632071;1.0002041435199536;1.0002230264821597;0.9999963782577904;0.9999812563450378;0.9999989991645708;0.9996368200062286;0.9994884136181865;0.9993691305261335;0.9993607832088959;0.9999968384229798;0.9991966697375623;0.9991501624123229;0.9994626310624609;0.999673047301893;1.0;1.0;0.9999975999863523;0.9999972493216029;0.9999981184894894;0.9999999999999999;1.024999976158142;
2016-10-04 06:15:00;1.0;0.9999789732160941;1.0;0.999998161073886;1.0;0.9999981223177393;1.0002202782672622;0.9999821186429193;0.9999954964502069;1.0;0.9999909390151616;1.0;1.0000276613319814;1.0;0.9999646436832457;0.9999656295189042;0.9999664259112281;0.9999994241511929;0.999999419363191;0.9999970944231629;1.0;0.9999823568759766;0.999966176158179;1.0002068209286004;1.000225979410756;0.9999965746518564;0.9999841284307914;0.999999016624151;0.999589776757856;0.9994348515228957;0.999304666579064;0.9992981777078993;0.9999970593952883;0.9991268254699435;0.9990822537442223;0.9994076733519426;0.9996366093282716;1.0;1.0;0.9999977565025614;0.9999976593499604;0.9999983314666161;1.0;1.024999976158142;
2016-10-04 06:30:00;1.0;0.9999827390533866;1.0;0.9999978427122513;1.0;0.9999978529042793;1.000229132195036;0.999980098357502;0.9999957460580103;1.0;0.9999912201319923;1.0;1.000028778701305;1.0;0.9999613344590558;0.9999617317373721;0.9999625778198825;0.9999994134104283;0.9999994089237171;0.9999969785653752;1.0;0.9999840998966678;0.999962314250529;1.0002150619224728;1.0002351203998272;0.9999961958613808;0.9999854491080882;0.9999988758206576;0.9995610013860234;0.9993952382603105;0.9992407040300324;0.9992233488579529;0.9999977108967765;0.9990402528562747;0.9990032325304208;0.9993269513535172;0.9995642484407715;1.0;1.0;0.9999982998686556;0.9999974451003922;0.9999982360925023;1.0;1.024999976158142;
2016-10-04 06:45:00;0.9999999999999999;0.9999697577869869;1.0;0.9999982027765414;1.0;0.9999977643043202;1.0002369995883216;0.9999822004266115;0.9999934053450874;1.0;0.9999879647204357;1.0;1.0000292330653993;1.0;0.9999659326063446;0.9999672111047211;0.9999679071290841;0.9999988312821863;0.999998823120548;0.9999961209659507;1.0;0.9999741532801891;0.9999676421943062;1.0002226537133623;1.000243125168646;0.9999960084248879;0.9999767346601457;0.9999988280160027;0.9994168064502494;0.9991830261358932;0.9989848093581991;0.9989434616388593;0.9999958440731922;0.998565012183037;0.9984998525504173;0.9991492873579711;0.9994586770197208;1.0;0.9999999999999999;0.9999968437236603;0.9999968544249155;0.9999976119172723;0.9999999999999999;1.024999976158142;
2016-10-04 07:00:00;1.0;0.9999664027703494;1.0;0.9999980022073398;0.9999999999999999;0.9999979291277842;1.0002344639307674;0.9999779421062511;0.999993986508702;0.9999999999999999;0.9999868477762752;1.0;1.0000289607080073;1.0;0.9999554446202082;0.9999573498198541;0.9999583574746191;0.9999989062027839;0.9999988957794305;0.9999962462646648;1.0;0.9999729668312044;0.9999580158669804;1.00022010992147;1.0002406461857898;0.999995583932399;0.9999756509078402;0.9999989127289254;0.9993810717184587;0.9991802568812665;0.9990167794090458;0.9990194016286127;0.9999955307269546;0.9987718312499324;0.998711358790718;0.999194171349683;0.9994948228209954;0.9999999999999999;1.0;0.9999965393455927;0.9999966868784393;0.9999979428066116;0.9999999999999999;1.024999976158142;
2016-10-04 07:15:00;1.0;0.9999375493310874;1.0;0.9999962602419964;0.9999999999999999;0.9999941294460112;1.000252498971697;0.9999702127884535;0.9999824660941081;1.0;0.9999747419513638;1.0;1.0000295046102368;1.0;0.9999497735620146;0.9999510901290347;0.9999518438625268;0.9999971166291814;0.9999970776370545;0.9999903731082608;0.9999999999999999;0.9999420902092555;0.9999514435391307;1.0002371989954149;1.000259339872966;0.9999918187254081;0.9999480571425536;0.9999969084521445;0.9991688362941217;0.998954892864052;0.9987882318018432;0.9988352401089031;0.9999908545993861;0.9985754824030161;0.9985075673476433;0.9990789589932287;0.9994269678214162;1.0;1.0;0.9999932418293609;0.9999931389750403;0.9999933259226925;1.0;1.024999976158142;
2016-10-04 07:30:00;0.9999999999999999;0.9999582091180617;1.0;0.9999958090712588;1.0;0.9999938467095892;1.0002423589996796;0.9999745230677278;0.9999835681559464;0.9999999999999999;0.9999826654577975;0.9999999999999999;1.0000304426790256;0.9999999999999999;0.999959014161916;0.9999597486790229;0.9999604426963842;0.9999993628516507;0.9999993442338729;0.9999915348228858;1.0;0.999960725537735;0.9999602155596481;1.0002276440049458;1.0002485566801658;0.9999939178825226;0.9999661791473374;0.9999967701196275;0.9991562063833319;0.9989551007207805;0.998801356496946;0.9988626149175903;0.9999918915338296;0.9986305443952145;0.9985644064406178;0.9991059052378217;0.9994589920545325;1.0;1.0;0.9999940624006503;0.9999961644605296;0.9999937571479096;1.0;1.024999976158142;
2016-10-04 07:45:00;0.9999999999999999;0.9999533669041576;1.0;0.9999943968178348;1.0;0.9999919007374947;1.0002539268724924;0.9999679188463599;0.9999792359844755;1.0;0.9999799299367986;0.9999999999999999;1.0000322647957065;1.0;0.9999492915458899;0.999949774757078;0.9999506405577304;0.9999997151991682;0.9999996918353167;0.999989356550398;1.0;0.9999550161866492;0.9999503929640486;1.000238387852911;1.00026045117071;0.9999925883187225;0.9999616958923258;0.9999957480150597;0.9991464884355525;0.9989153045140621;0.9987409418485519;0.998780380964484;0.9999901614330275;0.9985168023644415;0.9984397905216625;0.9990171069822418;0.999376945975509;1.0;0.9999999999999999;0.9999928466056673;0.9999957379898513;0.9999920203535784;1.0;1.024999976158142;
2016-10-04 08:00:00;1.0;0.9999506739126521;0.9999999999999999;0.9999951031076055;1.0;0.9999929044418044;1.000259037604709;0.9999698737031177;0.9999809324878172;1.0;0.9999798949992256;0.9999999999999999;1.000032636375028;0.9999999999999999;0.9999507361364115;0.9999518683241764;0.999952745882278;0.9999994241511929;0.9999994040658339;0.9999902369555337;1.0;0.9999545635280299;0.9999524747915542;1.000243250488401;1.0002656919768058;0.999993011142514;0.9999610373647738;0.9999962761278611;0.9990884527733586;0.998848507543939;0.9986602006334396;0.9987016190046948;0.9999903335457736;0.998440692162119;0.9983664096739486;0.9989399942052383;0.99932334129637;1.0;1.0;0.9999928894346429;0.9999957239230374;0.9999928404526058;1.0;1.024999976158142;
2016-10-04 08:15:00;1.0;0.9999596815432253;1.0;0.9999962800617488;1.0;0.9999950716858191;1.0002636473490023;0.9999733384067051;0.9999868118793368;1.0;0.9999837566274183;0.9999999999999999;1.0000332853017664;1.0;0.9999525365738747;0.9999540060013131;0.9999549730480723;0.9999994838825327;0.9999994707300959;0.9999930050433886;1.0;0.9999647268062427;0.9999546826189273;1.0002475595818556;1.0002704237370246;0.9999943309672071;0.9999694978095672;0.9999974148056866;0.9990409869072088;0.9987978132645758;0.9985984255827007;0.9986437297404879;0.9999926866353611;0.9984020329396118;0.9983340241432792;0.9988756865859967;0.9992920388506817;1.0;1.0;0.9999945435992282;0.9999964912324494;0.9999951505734579;1.0;1.024999976158142;
2016-10-04 08:30:00;0.9999999999999999;0.9999607497625829;1.0;0.9999955374199936;1.0;0.9999944760599374;1.0002683245902364;0.9999667618781406;0.9999866568448388;0.9999999999999999;0.9999823880705809;1.0;1.0000337012143674;1.0;0.9999400038800564;0.9999409260933619;0.9999421525302413;0.9999993306141588;0.999999316470371;0.9999924305953836;1.0;0.9999639169279382;0.9999417831629215;1.000251726913528;1.0002754334599575;0.9999931432108368;0.9999683609141973;0.9999971027227914;0.9988675869210085;0.9985308887872799;0.9983264846913235;0.9983635911091079;0.9999931166939621;0.9979723375556209;0.9978286928005103;0.9986875906553558;0.9991863612599743;1.0;1.0;0.9999949221499161;0.9999957187958342;0.999994848989356;1.0;1.024999976158142;
2016-10-04 08:45:00;0.9999999999999999;0.9999510072205016;1.0;0.9999919742574024;1.0;0.9999920278130958;1.0002761311937165;0.9999321604415158;0.9999850932880066;0.9999999999999999;0.9999737409556344;1.0;1.000034632955393;0.9999999999999999;0.9998690424371294;0.9998701521952839;0.9998731083119797;0.9999994241511929;0.9999993950920506;0.9999898134582492;1.0;0.9999548247897836;0.9998722907785683;1.0002578778725724;1.000284395811517;0.9999878351145155;0.9999594975735555;0.9999958110127772;0.9988300937588982;0.9984576020817377;0.9982553012029077;0.9982866858163792;0.9999922363412389;0.9978538119423719;0.9976788763717299;0.9986320981043928;0.9991425274736089;1.0;1.0;0.9999942640077286;0.9999929178801259;0.9999938483977922;1.0;1.024999976158142;
2016-10-04 09:00:00;1.0;0.9999727356103473;1.0;0.9999951948473986;1.0;0.9999949557282908;1.0002692175852093;0.9999618869832646;0.9999903050574949;1.0;0.9999850852450635;0.9999999999999999;1.0000342246770906;1.0;0.9999280486583239;0.9999283854966213;0.9999299736339936;0.9999997872351907;0.9999997749844394;0.9999936947348839;1.0;0.9999738788623042;0.9999295411913774;1.000252253688319;1.0002765218362606;0.9999930278803292;0.9999767902993638;0.9999973538588991;0.998949639270962;0.9986299049522228;0.9984258394867915;0.9984530445340193;0.9999953058226324;0.9980977035384634;0.9979680169972087;0.9987390738116444;0.9991912381504088;1.0;1.0;0.999996573621987;0.9999960398995327;0.999995981714944;1.0;1.024999976158142;
2016-10-04 09:15:00;1.0;0.9999588537071322;1.0;0.9999944399799637;1.0;0.999994154941556;1.0002715100870723;0.9999540179870172;0.9999877099425518;1.0;0.9999802144622872;1.0;1.0000342837133507;1.0;0.9999118788513484;0.9999132399581111;0.9999152210939459;0.9999995742636262;0.9999995527716561;0.9999922609515158;1.0;0.999963538477275;0.999914670402244;1.000254233155377;1.0002790552166834;0.9999915560368384;0.9999677490057365;0.9999969289944173;0.998932839201887;0.9986003073264944;0.9983904634680919;0.9984124446481492;0.9999931899149953;0.9980184708866269;0.9978817209162608;0.9987178800467742;0.9991853336802341;0.9999999999999999;1.0;0.9999949199762344;0.9999950618931003;0.9999951853075368;1.0;1.024999976158142;
2016-10-04 09:30:00;1.0;0.9999325481424133;1.0;0.9999961728352902;1.0;0.9999950498852278;1.0002774627743238;0.9999591515149808;0.9999859905410385;1.0;0.9999709634715779;1.0;1.0000314689247916;1.0;0.9999234017726536;0.9999249728539982;0.999926358516084;0.9999959385066625;0.9999958935822059;0.9999909905329896;1.0;0.9999379552579598;0.9999257094669092;1.000260267337629;1.0002854595011756;0.9999898836632419;0.999942714234349;0.9999973884700379;0.998933814678975;0.9985939636276266;0.9983913376934632;0.9984151492978695;0.9999922183605977;0.9980182066052453;0.9978706237041477;0.9987252428855681;0.9991838088385622;1.0;1.0;0.9999941931015495;0.999991101698806;0.9999944800540088;1.0;1.024999976158142;
2016-10-04 09:45:00;1.0;0.999944907872385;1.0;0.9999944942709516;1.0;0.9999937572668883;1.0002798576911542;0.9999509079243626;0.9999856335514326;1.0;0.9999741415066449;1.0;1.0000336202904776;1.0;0.999907393417714;0.9999085669007854;0.9999104673900995;0.999997832352949;0.9999977998268125;0.9999907511023205;1.0;0.9999489421460023;0.9999098157759926;1.000262127323702;1.000287888858782;0.9999897298581811;0.9999536115287108;0.9999967166620872;0.9987815675488199;0.9983769997966592;0.998170631523986;0.9981957767093163;0.9999924225679734;0.997715588575194;0.9975167212405709;0.9985658348923633;0.9991003115639522;1.0;1.0;0.9999943902174153;0.99999260872303;0.9999942283457457;1.0;1.024999976158142;
2016-10-04 10:00:00;1.0;0.9999502944591839;1.0;0.9999946958294318;0.9999999999999999;0.9999948272681073;1.0002727971872256;0.9999468038492478;0.9999897034118506;0.9999999999999999;0.9999749840944556;0.9999999999999999;1.000032437428553;1.0;0.999895760324738;0.9998968287802933;0.9998990635335461;0.9999975902967037;0.9999975599636675;0.9999921632420635;1.0;0.9999539673849178;0.9998983070740634;1.0002552395483433;1.0002809074005408;0.9999894361425926;0.9999571937498118;0.9999972783747451;0.99891777212358;0.998572415998386;0.9983782116518877;0.9984068483871923;0.9999943607088713;0.9979902511119774;0.9978322738621636;0.9987367375197873;0.9991947888679801;1.0;1.0;0.9999958005999277;0.9999922471899814;0.9999956269830254;1.0;1.024999976158142;
2016-10-04 10:15:00;1.0;0.9999548741234071;1.0;0.9999954447023154;0.9999999999999999;0.9999939798832128;1.0002716014074144;0.9999661820423877;0.9999848993269573;1.0;0.9999797577074654;1.0;1.0000334192081148;1.0;0.9999407125069988;0.9999413610854336;0.9999424639458654;0.999998622763948;0.9999986013742025;0.9999914306692901;1.0;0.9999571020962305;0.9999420774378404;1.0002548670843008;1.0002788706379493;0.9999923530467671;0.9999619349187376;0.9999968393993199;0.9989568632192776;0.9986263094354008;0.9984231176324617;0.9984444056169307;0.9999925711985835;0.9980712956020344;0.997931919039804;0.9987347628103966;0.9991964912087952;1.0;1.0;0.9999945631216723;0.9999946954089214;0.9999940772166901;1.0;1.024999976158142;
2016-10-04 10:30:00;1.0;0.999954013154605;0.9999999999999999;0.9999966870643278;1.0;0.999995956848949;1.000274824691756;0.9999690268824974;0.9999891287827506;1.0;0.9999805968012548;1.0;1.0000333574352667;1.0;0.999941541652457;0.9999430649148181;0.9999442397592287;0.9999981493585469;0.999998128841137;0.9999934221328108;1.0;0.9999592774423574;0.9999438011353657;1.000257928568789;1.0002822325639809;0.9999931231717362;0.9999632094932783;0.9999978752191541;0.9988980202185548;0.9985332561129906;0.9983380595661401;0.9983614055823725;0.9999936791012173;0.9979203462186285;0.9977468529422548;0.9987013001565797;0.9991585657369167;1.0;1.0;0.9999952522886871;0.9999947162583881;0.9999958856041473;0.9999999999999999;1.024999976158142;
2016-10-04 10:45:00;1.0;0.9999435524285859;1.0;0.9999962253596963;1.0;0.9999954069313364;1.0002739268706822;0.9999630445060318;0.9999874428688166;0.9999999999999999;0.9999762930187361;1.0;1.0000325932450398;0.9999999999999999;0.9999297633797719;0.9999316685304878;0.9999330723626035;0.9999975166732769;0.9999974859284172;0.9999922691138572;1.0;0.9999501163394448;0.9999325291818575;1.0002569603850888;1.0002815321108895;0.9999916864902668;0.9999547095930109;0.9999975817417882;0.998896302147673;0.9985361713078859;0.9983688776298729;0.9984110064721945;0.9999925688611765;0.9979611467356799;0.997772327709696;0.9987813122770909;0.9992073684599343;1.0;1.0;0.9999944040431292;0.9999934048047042;0.9999952436065844;1.0;1.024999976158142;
2016-10-04 11:00:00;1.0;0.9999629167972218;1.0;0.9999976210013852;1.0;0.9999966756117136;1.0002730710847232;0.99997925372955;0.9999904115264049;0.9999999999999999;0.9999848326209081;1.0;1.0000334509097546;1.0;0.9999626639526027;0.9999637134605555;0.9999643869722551;0.9999984189368666;0.9999984029553116;0.9999945415491239;1.0;0.9999665170940268;0.9999640990454872;1.0002565907454244;1.000280130844128;0.9999949176513029;0.9999699051292488;0.999998253909782;0.998860953322334;0.9984855059660456;0.9982796291949267;0.9982995240113699;0.9999947000300203;0.9978441056109524;0.9976690716726835;0.9986450476656895;0.9991468558486631;1.0;1.0;0.9999960476070344;0.9999959156936057;0.9999963792602241;1.0;1.024999976158142;
2016-10-04 11:15:00;1.0;0.9999614814362046;0.9999999999999999;0.9999974174292191;1.0;0.9999962958130668;1.0002717178037177;0.9999782580699959;0.999989513826044;0.9999999999999999;0.9999838387316956;1.0;1.0000330696517685;1.0;0.9999617825894844;0.9999625807946899;0.999963227455598;0.9999982106577511;0.9999981933937533;0.9999940084894443;1.0;0.999964214596006;0.9999629319847642;1.0002553111195525;1.0002787893520724;0.9999944849401475;0.9999677387707266;0.9999980545980822;0.9987917690523574;0.9983967512085392;0.9982019719324952;0.9982342666833324;0.9999945243929752;0.9977324370196848;0.9975332580843993;0.9986279619599534;0.9991444803298293;0.9999999999999999;1.0;0.9999959524584306;0.9999955061804526;0.9999959548464146;1.0;1.024999976158142;
2016-10-04 11:30:00;1.0;0.9999576157626175;1.0;0.9999963895593419;0.9999999999999999;0.9999953126224763;1.000276709664251;0.9999697610948818;0.9999880089284496;0.9999999999999999;0.9999810399937532;1.0;1.0000336143138642;1.0;0.9999455357287893;0.9999462256446814;0.9999472317268113;0.9999981493585469;0.9999981287184311;0.9999928465257926;0.9999999999999999;0.9999599883836443;0.9999468374695631;1.0002597456452729;1.0002841281520227;0.9999929689517916;0.9999638452639409;0.9999975380072321;0.9987182890515088;0.9982892249173473;0.9980553461678227;0.9980660298404977;0.9999939401624084;0.9973987617853013;0.9971975347359482;0.9985446836202906;0.999099530683952;1.0;1.0;0.9999955448391543;0.9999946325305872;0.9999952546592994;1.0;1.024999976158142;
2016-10-04 11:45:00;0.9999999999999999;0.9999659535486155;1.0;0.9999971070890965;1.0;0.9999962251206694;1.0002795057013727;0.9999768155771646;0.9999900601368961;0.9999999999999999;0.9999855053499523;0.9999999999999999;1.0000347613373595;1.0;0.9999581663169378;0.9999590694649685;0.9999598783263985;0.9999989153795665;0.999998902000408;0.9999943463325266;1.0;0.9999690478384459;0.999959589624135;1.0002625376713903;1.0002867161910467;0.9999947930069462;0.9999724654596257;0.9999980190889303;0.9986602518789763;0.998201623376683;0.9979486429013696;0.997947514122122;0.9999946756713237;0.9972009289998828;0.9969884720831771;0.9984656530029701;0.9990529750275056;1.0;1.0;0.9999960483993265;0.9999962650756131;0.9999962065511537;1.0;1.024999976158142;
2016-10-04 12:00:00;1.0;0.9999470766105313;0.9999999999999999;0.9999976914550736;1.0;0.999996909279911;1.000274916724665;0.9999712098592074;0.9999905099033455;0.9999999999999999;0.9999775421255177;1.0;1.0000315892316145;1.0;0.9999454148013037;0.9999466742548022;0.9999476167982253;0.9999963414424902;0.9999963058365356;0.9999936419282867;1.0;0.9999513993305653;0.9999471124881044;1.000258155160989;1.0002825455838331;0.9999924367608244;0.9999546781967676;0.9999983666021816;0.9988153769517726;0.9984111828937718;0.9981905901427376;0.9981987853471873;0.9999945516845414;0.9975520177280129;0.997361917475598;0.9986590506326777;0.9991664513902541;0.9999999999999999;1.0;0.9999959142801316;0.9999928251447532;0.9999962384032666;1.0;1.024999976158142;
2016-10-04 12:15:00;1.0;0.9999537948851249;0.9999999999999999;0.9999975993488533;1.0;0.9999969726802312;1.0002822899482258;0.999972844410479;0.9999911281788606;1.0;0.999980567099908;1.0;1.0000334884742534;1.0;0.9999481517444839;0.9999495129006223;0.9999504830193683;0.9999972944977638;0.9999972698828337;0.9999942503193362;1.0;0.9999584796315671;0.9999500382800698;1.0002650854865467;1.000289924419995;0.9999933744033016;0.9999616781610164;0.9999984053525435;0.99861639328673;0.9981339613149496;0.9978846256387238;0.9978847835902288;0.9999947364223337;0.9971732581934754;0.9969383326668381;0.9983810479777152;0.9990058269300925;1.0;1.0;0.9999960347874242;0.9999941345912078;0.9999965722948245;1.0;1.024999976158142;
2016-10-04 12:30:00;0.9999999999999999;0.9999493078866236;1.0;0.9999971066067799;1.0;0.9999963952769831;1.000278691906158;0.9999667932148664;0.9999903204661842;1.0;0.9999770102849982;0.9999999999999999;1.0000320491802432;1.0;0.9999373640841743;0.9999380985853784;0.9999392034210148;0.9999963383147193;0.9999963036317541;0.9999932205788229;1.0;0.999951824283897;0.9999386562277612;1.0002615454196468;1.0002865448966243;0.9999916739436108;0.9999548310676056;0.9999980983510889;0.998612866793403;0.9981893922021953;0.997969448518367;0.9980156344403731;0.9999949467384239;0.9974171827242355;0.9972115483469237;0.9984947488484773;0.9990735847721799;0.9999999999999999;1.0;0.9999962648112781;0.9999924092929293;0.9999959686502391;1.0;1.024999976158142;
2016-10-04 12:45:00;1.0;0.9999417691494348;1.0;0.9999965686086809;1.0;0.9999955872887105;1.000274850623263;0.9999627601377874;0.9999879816624723;1.0;0.9999739009669616;1.0;1.0000312506381657;1.0;0.9999305872109366;0.9999314647499865;0.9999326780360178;0.9999960474989671;0.9999960147076807;0.9999919557881904;1.0;0.9999447922029921;0.9999320819436779;1.0002578642505822;1.0002827201870146;0.9999906300477769;0.999948577421766;0.9999976771918033;0.9987506679517686;0.9983386210231232;0.9981589491026882;0.9982019827680271;0.9999937546386296;0.9976548945344506;0.9974308327840623;0.9986407142279073;0.9991373998351384;1.0;1.0;0.9999953875309023;0.9999915996065567;0.9999950812584826;1.0;1.024999976158142;
2016-10-04 13:00:00;0.9999999999999999;0.999958041142825;1.0;0.9999971538709005;1.0;0.999996471569344;1.0002672580573047;0.9999719573490731;0.999990539712797;1.0;0.9999817790694059;1.0;1.0000320918743575;1.0;0.9999473380623131;0.9999484065729825;0.9999494132745744;0.9999978475425512;0.9999978278660727;0.9999940388896498;0.9999999999999999;0.9999617140970137;0.9999489976932203;1.0002508827857046;1.0002744804538972;0.9999934779984281;0.999964958870647;0.9999981456071467;0.9989079775612206;0.9985338126863044;0.998372438111895;0.9984069770819942;0.9999947392017612;0.9978860017884613;0.9976804319102242;0.9988150970529174;0.9992244866849419;1.0;1.0;0.9999960734600062;0.9999946554948268;0.9999963007681362;1.0;1.024999976158142;
2016-10-04 13:15:00;1.0;0.9999438835659287;1.0;0.9999973515807307;1.0;0.9999958292584876;1.000284977460214;0.9999788148529136;0.9999855704438575;1.0;0.9999806733200776;1.0;1.0000352709044191;1.0;0.9999620618103015;0.9999650391971504;0.9999657769014653;0.9999986947955732;0.9999986742840077;0.9999928624204146;1.0;0.9999541319126065;0.9999654914398094;1.0002679305955928;1.000292154958836;0.9999947411080965;0.9999601356241764;0.9999978078348946;0.9986889640235356;0.9982416010830532;0.9980274541917612;0.9980492129953492;0.9999907406647185;0.9974287467066647;0.9972001401099617;0.9985120349728928;0.9990575696866442;1.0;1.0;0.9999929518658724;0.9999960502799794;0.999995139184001;1.0;1.024999976158142;
2016-10-04 13:30:00;1.0;0.9999392735971063;1.0;0.999996895132506;1.0;0.9999960354946529;1.0002873215022445;0.9999698092976474;0.9999868988862799;1.0;0.9999781990210708;1.0;1.000035310111025;1.0;0.9999411214248115;0.9999447062981899;0.999946001448089;0.9999984817960997;0.9999984575876592;0.9999929583336716;1.0;0.9999516172707833;0.9999455545039567;1.0002698022100858;1.0002948693776397;0.9999935085375333;0.9999573958194239;0.9999979138348122;0.9987169345215003;0.9982422493190739;0.9980016861955311;0.9979890036969498;0.9999907845103649;0.9973031815275173;0.9970691368822276;0.9984508185493604;0.9990160097268079;1.0;1.0;0.9999929073975496;0.9999952031912305;0.9999956612646521;1.0;1.024999976158142;
2016-10-04 13:45:00;1.0;0.9999376769013952;1.0;0.9999960258747463;1.0;0.9999947751165645;1.0002809760334512;0.9999643816203192;0.9999847718721516;1.0;0.9999753452453612;1.0;1.0000338548229544;1.0;0.9999336535562885;0.9999361249252963;0.9999374452102011;0.9999978491347066;0.9999978161915272;0.9999913904946753;1.0;0.9999461915060905;0.9999369473022995;1.000263710150937;1.0002885921355107;0.9999918605716335;0.9999519896886233;0.9999972492177204;0.9987114783667361;0.9982408666060855;0.9980207589273171;0.9980217918433398;0.9999908409530193;0.9973346976602752;0.9970890887160713;0.9985015116626711;0.9990722658822045;1.0;1.0;0.9999930874700108;0.99999377742918;0.9999944532999687;1.0;1.024999976158142;
2016-10-04 14:00:00;1.0;0.9999600808818551;1.0;0.9999975101253469;0.9999999999999999;0.9999969554316332;1.0002638152243957;0.9999741605998013;0.999991607882749;1.0;0.9999829514152941;1.0;1.000031745316207;1.0;0.9999508702995951;0.9999520405768921;0.9999529925209341;0.9999979242976028;0.9999979091429394;0.9999946569087564;1.0;0.9999641160633516;0.9999525967160942;1.0002476982139958;1.0002708987873898;0.9999940066093118;0.9999671008491;0.9999984015414687;0.9987935384029362;0.9983868808584879;0.9981997718568961;0.9982286957969083;0.9999951272017583;0.9976211538236296;0.9974057564363227;0.99868907532991;0.9991912750007512;1.0;1.0;0.9999963404470555;0.9999950070723851;0.9999967551588119;0.9999999999999999;1.024999976158142;
2016-10-04 14:15:00;1.0;0.9999536812636184;1.0;0.999996832482325;1.0;0.9999951333342042;1.000271249648869;0.9999770693901087;0.9999857507964756;0.9999999999999999;0.9999815744576137;0.9999999999999999;1.0000332071599884;1.0;0.9999617103838273;0.9999628615914886;0.9999634770867566;0.9999983990279823;0.999998378137338;0.9999924518620229;0.9999999999999999;0.999957643525376;0.9999632030165254;1.0002549280734192;1.000278228191195;0.999994032974553;0.9999625859618986;0.9999974436560927;0.998574744597832;0.9981448006316385;0.9979322154195217;0.9979865013688137;0.999992495127868;0.9973438448071017;0.9971271902882157;0.9985061769071084;0.9990944210666195;1.0;1.0;0.9999944453179896;0.9999954182111951;0.9999946604866178;1.0;1.024999976158142;
2016-10-04 14:30:00;0.9999999999999999;0.9999570043728861;1.0;0.999996956593745;1.0;0.9999962368364622;1.0002660698819439;0.9999719831245458;0.9999896932759507;1.0;0.9999822067048522;1.0;1.0000325081905181;1.0;0.9999471944668574;0.9999487465784488;0.9999498152553496;0.9999984037438368;0.9999983849377686;0.9999938968592516;1.0;0.9999623389864619;0.9999494223773417;1.0002497735682232;1.0002731568589471;0.9999938006498643;0.9999661459351628;0.9999980224561923;0.9986689912343264;0.9982829165480421;0.9980939488339016;0.9981608581156408;0.9999939137938033;0.9976283209012101;0.9974322392452746;0.9986211446527683;0.9991598937247235;1.0;1.0;0.9999954178792276;0.9999952970457975;0.9999961520359507;0.9999999999999999;1.024999976158142;
2016-10-04 14:45:00;1.0;0.999961257448973;1.0;0.9999971352749215;1.0;0.9999961814703738;1.000267624929378;0.9999750983760751;0.9999897220398777;1.0;0.9999832758220535;0.9999999999999999;1.0000325506577477;0.9999999999999999;0.9999550098277742;0.999955830280329;0.9999566498790747;0.9999982321307213;0.9999982143645826;0.9999939225588172;0.9999999999999999;0.9999640623592816;0.9999563104498225;1.0002513415774585;1.0002746936888927;0.9999940520291342;0.999967495082236;0.999997994399702;0.9987670687333711;0.9983332160088668;0.9981155672356145;0.9981202002025389;0.9999945992030264;0.9974248692968736;0.9972072079775794;0.9986086209720283;0.9991535813317944;0.9999999999999999;1.0;0.9999960036080124;0.9999952894619205;0.999995994714966;1.0;1.024999976158142;
2016-10-04 15:00:00;0.9999999999999999;0.9999664930417166;1.0;0.9999972802335386;1.0;0.9999965279213412;1.0002633028696442;0.9999774135616171;0.9999907437417161;1.0;0.9999859734275433;1.0;1.000032733193799;1.0;0.9999585444706256;0.9999596129932696;0.9999604394174407;0.9999989675022907;0.9999989559353023;0.999994712664126;1.0;0.99997016602695;0.9999601497524102;1.0002472945046332;1.0002701173809267;0.9999950238973506;0.9999734590090787;0.9999981786318479;0.9988256018404651;0.9984219426106021;0.9982254538330311;0.9982428577257888;0.9999948317760584;0.9976726712515835;0.9974661587647285;0.9986624369277693;0.9991869899772824;1.0;1.0;0.9999961402361887;0.999996434306039;0.999996515766348;1.0;1.024999976158142;
2016-10-04 15:15:00;1.0;0.9999603858131604;1.0;0.9999967271201609;1.0;0.9999953402975092;1.0002606935717482;0.9999757203457224;0.9999873502605535;1.0;0.9999831446630166;1.0;1.000032020910269;1.0;0.999958446967563;0.999959136892363;0.9999598499206183;0.9999985845056315;0.9999985712538025;0.9999930255115241;1.0;0.9999627584407598;0.9999595632140261;1.0002448816341005;1.0002674817104888;0.9999940671885584;0.9999669116601069;0.9999975567898256;0.9988873305887542;0.9984983374174233;0.9982996093771052;0.9983081967562403;0.9999936422492127;0.997692832368995;0.9974995782798579;0.9987461604402476;0.9992349115856242;1.0;1.0;0.9999953301005738;0.9999955940250479;0.9999951271340995;1.0;1.024999976158142;
2016-10-04 15:30:00;1.0;0.9999553073294755;1.0;0.9999967508309102;0.9999999999999999;0.9999954904474527;1.000254055268633;0.9999727288887402;0.9999876232703253;1.0;0.9999808738523421;1.0;1.000030543757476;1.0;0.9999516924560031;0.9999525510063937;0.9999533946732032;0.9999979701651784;0.9999979515552334;0.9999928455285246;1.0;0.9999582577884831;0.9999530305499027;1.0002385596567867;1.0002608617412336;0.9999932937177207;0.9999623549228382;0.9999976327630502;0.9989896948944669;0.9986555258282851;0.9985151822910164;0.9985598425219785;0.9999936116421697;0.9981124019591366;0.9979253811293815;0.9989297303002306;0.9993387650340233;1.0;1.0;0.9999952868898276;0.9999946584079777;0.9999951915459362;1.0;1.024999976158142;
2016-10-04 15:45:00;1.0;0.999942233917077;1.0;0.9999968137261644;1.0;0.9999954862679593;1.000254986827384;0.9999710173949393;0.999986027890553;0.9999999999999999;0.9999775616881371;1.0;1.0000304257912396;1.0;0.999946950261131;0.9999491257617485;0.999950116211473;0.9999977296724121;0.9999977052710556;0.9999922357167766;1.0;0.9999497376120638;0.9999496966384043;1.0002394570664779;1.0002618423999572;0.9999928927831987;0.9999550298584509;0.9999976272333283;0.9989606481702266;0.998607995863342;0.9984804778824938;0.9985304137397348;0.9999916791875882;0.9980439422482618;0.9978324456653284;0.9989338705368801;0.9993435846393837;1.0;1.0;0.9999937288426843;0.9999942383545752;0.9999949284904208;1.0;1.024999976158142;
2016-10-04 16:00:00;1.0;0.9999609777841303;1.0;0.9999971094441916;1.0;0.9999963595256465;1.0002535288386198;0.9999737332790848;0.9999903133645279;1.0;0.9999832158004903;1.0;1.0000307995433706;0.9999999999999999;0.999951261794578;0.9999523080452491;0.9999532498854171;0.9999983010344;0.9999982830293611;0.9999941483545186;1.0;0.9999645789591048;0.9999528831507158;1.000238010906703;1.0002603060705413;0.9999939877361722;0.9999679263073324;0.9999980872873092;0.9990175658640261;0.9986851570518613;0.998549038423161;0.9985905346198963;0.9999946563265001;0.9981521325888235;0.9979636390039254;0.9989498748081839;0.9993525216050823;1.0;1.0;0.9999960165190203;0.9999953126091886;0.9999962622566423;1.0;1.024999976158142;
2016-10-04 16:15:00;0.9999999999999999;0.9999667914366687;0.9999999999999999;0.9999983107812548;1.0;0.9999978198340488;1.0002521220859388;0.9999810376500996;0.9999935067256315;1.0;0.9999861429265096;1.0;1.000030417925596;1.0;0.9999639685896825;0.9999649544246754;0.999965621291155;0.9999980741702578;0.9999980581975167;0.9999958598338796;1.0;0.9999701750553313;0.9999653109385347;1.0002368764245644;1.000258751245775;0.9999953251398398;0.999972521192303;0.9999988531692865;0.9990131814650478;0.9986807018961418;0.9985356231532967;0.998572497665382;0.9999961586114551;0.9981288805817284;0.9979461498562846;0.9989291394207237;0.999340417059461;1.0;1.0;0.9999971070731069;0.9999958476558077;0.9999975053000948;0.9999999999999999;1.024999976158142;
2016-10-04 16:30:00;1.0;0.9999616946762442;1.0;0.9999974118932188;1.0;0.9999961916826063;1.0002523436625919;0.9999786185051714;0.9999892686629066;1.0;0.9999836940095925;0.9999999999999999;1.0000304610589956;0.9999999999999999;0.9999631147020744;0.9999637028660778;0.9999642897475686;0.9999980864711735;0.999998068000594;0.9999938596946422;1.0;0.9999637050885205;0.9999640012852978;1.0002371021144498;1.000258961590606;0.9999943986038025;0.9999671937881603;0.9999979995435135;0.9989712821691296;0.9986214078134349;0.9984725904708273;0.9985083790389955;0.9999946057343686;0.9980436605311785;0.9978484396449865;0.9988778698780422;0.9993097312697918;1.0;1.0;0.9999960373870533;0.9999953550418702;0.9999958062117089;1.0;1.024999976158142;
2016-10-04 16:45:00;1.0;0.9999652099374851;1.0;0.9999974607129277;1.0;0.9999971859812863;1.0002518156549587;0.9999726371948524;0.9999931781110246;1.0;0.9999838353928756;1.0;1.000030123637178;1.0;0.999947311597959;0.9999480047721394;0.9999490391325241;0.9999978582832231;0.9999978417889882;0.9999951341521106;1.0;0.9999675817323025;0.9999486170328782;1.0002363019002798;1.0002587140197938;0.9999938417542168;0.9999697684196059;0.999998521477945;0.9989243314106807;0.9985629904973046;0.9984016329021471;0.9984351706240228;0.9999962789338894;0.9979377680810849;0.9977412361430867;0.9988241356404644;0.999275303291025;1.0;1.0;0.9999972304735727;0.9999948623997735;0.9999971798602804;1.0;1.024999976158142;
2016-10-04 17:00:00;1.0;0.9999523459963254;1.0;0.9999963237199607;1.0;0.9999948717802374;1.0002479246646847;0.9999715782398858;0.9999858126999448;1.0;0.9999803166066894;1.0;1.000030194546304;1.0;0.9999500696154751;0.9999513099931006;0.9999522187525653;0.9999984113285496;0.999998388825854;0.9999921781810741;0.9999999999999999;0.9999565958494461;0.9999518684477872;1.0002327795842547;1.0002545138174554;0.9999932293135333;0.9999614929448961;0.9999973058199976;0.9989545238875633;0.998605018009097;0.9984563710134045;0.9984952907222444;0.9999924452976673;0.9980204561859751;0.9978247171560081;0.9988752513284158;0.9993223098202924;0.9999999999999999;1.0;0.9999943982484023;0.9999949928843617;0.9999946367112631;1.0;1.024999976158142;
2016-10-04 17:15:00;1.0;0.9999654354184453;0.9999999999999999;0.9999973658698896;1.0;0.99999644348942;1.0002424104726553;0.9999796575330057;0.9999899385544493;1.0;0.9999864436500985;0.9999999999999999;1.0000303396323904;1.0;0.9999633214647833;0.9999646826415711;0.9999654176500313;0.999999250969542;0.9999992414909753;0.9999946226057419;0.9999999999999999;0.9999701202194232;0.9999651718923167;1.000227724870664;1.0002486026847768;0.9999954934455882;0.9999738728132936;0.9999981354155255;0.9989157728619726;0.9985369236539299;0.9983932799393714;0.9984282279520224;0.9999941984839658;0.997899386154857;0.9976753110900476;0.9988398449147837;0.9993178373483931;1.0;1.0;0.9999956470566826;0.9999969268759092;0.9999963474998078;1.0;1.024999976158142;
2016-10-04 17:30:00;1.0;0.9999465434596286;0.9999999999999999;0.9999951284297116;1.0;0.9999928214791372;1.0002410923356473;0.9999690834521568;0.9999803034955034;1.0;0.9999782953986999;1.0;1.0000299227609617;1.0;0.9999494534808965;0.9999506460206057;0.9999515149865328;0.9999990212169464;0.9999990025781209;0.9999898470707774;1.0;0.9999506503744752;0.9999512179041201;1.0002263725911507;1.0002473876868379;0.9999925837006876;0.9999573263512078;0.9999962345242706;0.9989913768374744;0.9986402643487151;0.9985068813157668;0.9985438717461161;0.9999899917433345;0.9980597832338779;0.9978518866446185;0.9989270378795175;0.9993740434791738;1.0;1.0;0.999992635467016;0.9999951545846885;0.9999926016719666;0.9999999999999999;1.024999976158142;
2016-10-04 17:45:00;0.9999999999999999;0.9999016790367299;1.0;0.9999905581756325;1.0;0.9999845145229689;1.0002482968567332;0.9999525266833661;0.999956807271484;1.0;0.9999604486749429;0.9999999999999999;1.0000303105191901;1.0;0.9999346323322982;0.9999355131951356;0.9999362501831179;0.9999984773432643;0.9999984194425887;0.9999787302316276;1.0;0.9999047013405804;0.9999359496666598;1.0002332125477453;1.0002548123296595;0.9999868714746201;0.9999186630459771;0.9999918626010743;0.9990409836940558;0.998679495447146;0.9985475434160263;0.9985706278139947;0.9999796433159412;0.9980715993863065;0.9978535714609466;0.9989451595818679;0.9993884112064414;0.9999999999999999;1.0;0.9999852138113965;0.9999915920687673;0.9999836083821491;1.0;1.024999976158142;
2016-10-04 18:00:00;0.9999999999999999;0.9999445365803659;1.0;0.9999949411777265;1.0;0.9999924879839235;1.000242468359894;0.9999667973127694;0.9999798219575239;0.9999999999999999;0.9999763506668929;0.9999999999999999;1.000029409584511;1.0;0.9999461500578762;0.9999467795461879;0.9999476307178612;0.9999983364038171;0.9999983081500313;0.9999892366947988;1.0;0.999946691597682;0.9999472903001104;1.0002276242458832;1.0002489582001663;0.9999916532353803;0.9999531726634103;0.999996054476324;0.999089316150604;0.9987382055049604;0.9985881758203252;0.9985934509395687;0.9999902919421728;0.9981037652321787;0.9979066612856909;0.9989378813425501;0.9993793569427754;1.0;1.0;0.9999929223332389;0.9999940738815574;0.9999921882173286;1.0;1.024999976158142;
2016-10-04 18:15:00;1.0;0.9999266521669786;1.0;0.9999937550867332;0.9999999999999999;0.9999915196543744;1.000245088338321;0.9999535319600197;0.9999771226266353;0.9999999999999999;0.9999697967648846;1.0;1.0000295206338499;1.0;0.9999179481457208;0.9999200822383384;0.9999216519203841;0.9999981648145628;0.9999981217062208;0.9999875352769091;1.0;0.9999340110660492;0.9999211105816158;1.0002297263864612;1.0002519713441687;0.9999894527354373;0.9999420216512096;0.9999955382887955;0.9990597562271013;0.9986949117037915;0.9985491711743955;0.9985576301838532;0.9999876868206176;0.9980355158261668;0.997823856966562;0.9989284363174693;0.9993841365670103;1.0;0.9999999999999999;0.999990855813363;0.999992734668983;0.9999914132456168;0.9999999999999999;1.024999976158142;
2016-10-04 18:30:00;1.0;0.9999418002643111;1.0;0.9999953220246592;1.0;0.9999934443741297;1.0002436629480285;0.9999650499817893;0.9999820243538304;0.9999999999999999;0.9999759883242186;1.0;1.000029438825722;1.0;0.9999391321564339;0.9999406173258354;0.9999417240472214;0.9999982305666627;0.9999981986135811;0.9999901872800409;1.0;0.9999469189559066;0.999941309026637;1.0002286483926879;1.0002502822492936;0.9999917180951258;0.9999531169510313;0.9999965527350502;0.9990171932687166;0.9986546611969331;0.9985076433329471;0.9985257774104499;0.9999905011724247;0.9980165992005343;0.9978079053075399;0.9989007592320361;0.9993694814575705;1.0;1.0;0.9999929660034537;0.9999940199547376;0.999993201349914;0.9999999999999999;1.024999976158142;
2016-10-04 18:45:00;1.0;0.9999561959997657;1.0;0.9999951485549432;0.9999999999999999;0.9999934626782274;1.000245519110071;0.9999669271467259;0.9999836889711136;1.0;0.9999805097364846;1.0;1.0000305473491564;1.0;0.9999433702507269;0.9999439807304951;0.9999450322065557;0.9999991084657961;0.999999083830594;0.9999910605016868;1.0;0.9999582784094686;0.9999446932604654;1.00023035085417;1.0002520569335227;0.9999926132349525;0.9999635313699854;0.9999965655291944;0.9988987497952636;0.9985172492624674;0.998369669047834;0.9984055512300741;0.999992061037812;0.9978710978165555;0.9976471625937852;0.9988219380703104;0.9993251768711937;1.0;0.9999999999999999;0.9999942001026622;0.999995242803937;0.9999936438915973;1.0;1.024999976158142;
2016-10-04 19:00:00;1.0;0.9999621433834801;1.0;0.9999948002733211;1.0;0.9999945042915891;1.0002416994247072;0.9999559700083042;0.9999888200272564;0.9999999999999999;0.9999807489919611;1.0;1.0000299719543022;1.0;0.9999162039812646;0.9999169384669253;0.9999187573254193;0.999999096137152;0.9999990745918408;0.9999926249224251;1.0;0.9999646598130543;0.9999182157744605;1.0002262320590043;1.0002485827936245;0.9999915999938996;0.9999681747157657;0.99999711273482;0.9989937224974422;0.9986086170852173;0.9984591330784754;0.9984697247289006;0.9999942683718254;0.9979132083320804;0.9976870341790279;0.9988671323584675;0.9993532318204329;1.0;1.0;0.9999957758828045;0.9999946844904151;0.9999954198576383;1.0;1.024999976158142;
2016-10-04 19:15:00;0.9999999999999999;0.9999507650457123;1.0;0.9999935815739498;1.0;0.9999928669497894;1.0002444210502432;0.9999467961335682;0.9999849008334855;1.0;0.9999751465452692;1.0;1.000029723591437;1.0;0.9999004847086461;0.9999011141682107;0.9999031938828176;0.9999985247744371;0.9999984924548685;0.9999902738641331;1.0;0.9999529200764518;0.9999025436970329;1.0002285970991702;1.0002516361476839;0.999989366688459;0.9999575236237991;0.9999962496118314;0.999041589871531;0.9986415697208509;0.9984858310792188;0.9984752711780468;0.9999925907315722;0.9978871952841435;0.9976524405081527;0.9988660765612819;0.9993524118561744;0.9999999999999999;1.0;0.9999945795896285;0.9999929928639629;0.999993791654016;1.0;1.024999976158142;
2016-10-04 19:30:00;1.0;0.9999276540867732;1.0;0.999991794258274;1.0;0.9999901389724624;1.0002476911487708;0.9999368471302764;0.9999766579352777;1.0;0.9999673349752365;0.9999999999999999;1.0000302673714998;1.0;0.9998841948741388;0.9998860585945769;0.9998884711548301;0.99999866415013;0.9999986091583107;0.9999864379454322;0.9999999999999999;0.9999340732146688;0.9998877432379408;1.0002315589729969;1.0002550533656722;0.9999871517018853;0.9999419296123813;0.9999948068214338;0.999106800472226;0.9987282870311385;0.9985779949899987;0.9985670441065864;0.9999877258900495;0.9980237759832515;0.9978034400929376;0.998926413982163;0.9993866725587175;1.0;0.9999999999999999;0.9999909178199441;0.9999919046512629;0.999990959484005;1.0;1.024999976158142;
2016-10-04 19:45:00;1.0;0.9999317041885724;1.0;0.9999930908675879;1.0;0.9999913907648367;1.0002456962392867;0.9999454004901253;0.9999790075486916;1.0;0.9999692099916782;1.0;1.0000293123685096;1.0;0.9999009454422008;0.9999023256151232;0.9999042819524336;0.9999979271869222;0.9999978759875192;0.9999876699655538;0.9999999999999999;0.9999364617231614;0.9999036223057465;1.0002299549013267;1.0002529211516413;0.999988185369309;0.9999433557191013;0.9999954656676877;0.9990863513363368;0.9987089422416224;0.9985688169761964;0.9985685358839724;0.9999892316052548;0.9980221736122362;0.9977959166992477;0.9989441352439864;0.9993968734606604;1.0;1.0;0.9999920638412182;0.999991847431059;0.9999917679046281;0.9999999999999999;1.024999976158142;
2016-10-04 20:00:00;1.0;0.9999449600492736;1.0;0.999992928135669;1.0;0.9999916050816314;1.0002422709152523;0.9999451735165319;0.9999813760470089;1.0;0.9999728563560936;1.0;1.0000294204609121;1.0;0.9999002220318717;0.9999007274707622;0.9999027380825328;0.9999984925325244;0.9999984489130416;0.9999886467122222;1.0;0.9999466810673175;0.999902103803256;1.000226610358164;1.000249410910846;0.9999886529640786;0.9999523574103248;0.9999955816760748;0.9991683328457036;0.9988018393862216;0.9986681619173512;0.9986574791266195;0.9999911101666347;0.9981284962858544;0.9979068803362997;0.9990070180572485;0.9994327298523079;1.0;1.0;0.9999935277141402;0.9999925765882761;0.999992426184386;1.0;1.024999976158142;
2016-10-04 20:15:00;1.0;0.9999245030007894;0.9999999999999999;0.9999909265072737;0.9999999999999999;0.9999888290255837;1.000243571737723;0.9999318819483097;0.9999740351085484;1.0;0.9999643965747136;0.9999999999999999;1.0000292348000288;1.0;0.9998775500874371;0.9998785771803816;0.9998810143481301;0.9999981739632704;0.9999981103737833;0.9999847720502993;1.0;0.9999280311540204;0.9998802455969622;1.000227583115401;1.000251009051733;0.9999856434808978;0.9999362146565054;0.9999941161530361;0.9993146872406796;0.9989468654035717;0.998813214879842;0.998768877159607;0.9999873072629829;0.9982237524860644;0.9980005275558866;0.9990842021030873;0.9994764788508417;1.0;1.0;0.9999907207607309;0.9999906744640183;0.9999896674549686;1.0;1.024999976158142;
2016-10-04 20:30:00;1.0;0.999916947079554;0.9999999999999999;0.999990033140682;1.0;0.9999878947330797;1.0002453484069256;0.9999224281578535;0.9999725749993599;1.0;0.9999595153282292;1.0;1.0000285080039057;1.0;0.99985980855959;0.999860437993548;0.9998631846599015;0.9999972531115917;0.9999971623402544;0.9999832974745373;1.0;0.999919102037411;0.9998622699874309;1.0002289969614722;1.0002532108909217;0.9999833824601335;0.9999273995659398;0.9999936103982151;0.9993624854340134;0.9990121509094997;0.9988770770014571;0.9988300980633746;0.9999870109009487;0.9982988860533037;0.9980912983547607;0.9991321544126568;0.9995036104415045;0.9999999999999999;1.0;0.9999905567915114;0.9999886725292096;0.9999888299017667;1.0;1.024999976158142;
2016-10-04 20:45:00;1.0;0.9999445249469566;1.0;0.9999954219571925;1.0;0.9999943291939745;1.0002344890912556;0.9999599585289696;0.9999854674347574;1.0;0.9999757497551525;1.0;1.0000278029900835;1.0;0.9999258564530344;0.9999272812507755;0.9999287392205973;0.9999978077247528;0.9999977745831131;0.999991238851318;1.0;0.9999494263369679;0.999928202213824;1.0002197624293037;1.0002411786952174;0.9999910866777315;0.9999543839418179;0.9999970156769974;0.9993947661844528;0.9990495814987456;0.9989261545757456;0.9988783824012385;0.99999211664303;0.9983679404780874;0.9981568505885078;0.9991650783061244;0.9995220539478894;1.0;1.0;0.9999941381857687;0.9999933234193452;0.9999943593718306;1.0;1.024999976158142;
2016-10-04 21:00:00;1.0;0.9999096273124923;1.0;0.9999910563770377;1.0;0.9999875510950906;1.0002444313628367;0.9999387747295887;0.9999678935805176;1.0;0.999960821749812;1.0;1.000028894895355;1.0;0.9998961854584208;0.9998975688816254;0.9998994154276404;0.9999976623276353;0.9999975775632052;0.9999824813116124;1.0;0.9999143838966598;0.9998987660763525;1.0002288378965174;1.0002516144584888;0.9999856520855919;0.9999248271257419;0.999993433827837;0.9993934263029653;0.9990386798138596;0.9989101942564822;0.9988574842061537;0.9999841998098451;0.9983284571527792;0.998112648061561;0.9991503574303154;0.9995139745102561;1.0;1.0;0.9999884357596968;0.999990244554624;0.9999875543689797;1.0;1.024999976158142;
2016-10-04 21:15:00;1.0;0.9999330688568946;1.0;0.9999922394497992;1.0;0.9999913610623422;1.0002428686909013;0.9999320597352676;0.9999816220461964;1.0;0.999966227481132;1.0;1.00002801225443;0.9999999999999999;0.9998724851775698;0.9998731146195079;0.9998757015614812;0.9999970600543748;0.9999969899584776;0.9999876526046039;0.9999999999999999;0.9999352238494961;0.9998748153428478;1.0002267749060771;1.0002506160462241;0.9999858026010735;0.9999406652847903;0.9999954385095043;0.999366181838745;0.999001846907778;0.9988634644298056;0.9988062786971563;0.9999911060631007;0.9982368140744129;0.9980195594145899;0.9991209144537041;0.9994972408416506;1.0;1.0;0.9999935091507178;0.9999898268098363;0.9999922856228223;1.0;1.024999976158142;
2016-10-04 21:30:00;1.0;0.9999026149321507;1.0;0.9999886551501155;0.9999999999999999;0.9999871011571814;1.0002471429837863;0.9999025313877282;0.999972260482059;1.0;0.9999508084530477;1.0;1.0000270679249879;1.0;0.9998185880988848;0.9998192398431467;0.9998228650288478;0.9999956642135315;0.9999955400016679;0.9999816301811519;1.0;0.9999048419043165;0.9998216080171618;1.0002300700595452;1.0002558500949759;0.9999793490231093;0.9999129344437196;0.999993176319887;0.9994450239511212;0.9991061937409449;0.9989764743110082;0.9989200496410804;0.9999868483052494;0.9984053660075104;0.9982037886486572;0.9991979830093133;0.9995407713117519;1.0;1.0;0.999990436660891;0.9999851503897532;0.9999883648983249;0.9999999999999999;1.024999976158142;
2016-10-04 21:45:00;1.0;0.9998928536823795;1.0;0.9999880798469516;1.0;0.9999865007055643;1.0002449570475835;0.9998951522595636;0.9999707792362289;0.9999999999999999;0.9999463452347275;1.0;1.0000260788944622;1.0;0.9998040363564181;0.9998049171042112;0.9998088294443275;0.9999949796717759;0.9999948512551515;0.9999804475274575;1.0;0.9998958759595542;0.99980744895688;1.0002278381817773;1.0002538831364138;0.9999776862263257;0.9999044726389534;0.9999928603151284;0.9994834651742277;0.9991648008453332;0.9990344632933396;0.99897831776083;0.9999859664062908;0.998498391356394;0.9983142441742799;0.9992327218474875;0.999560717600027;1.0;1.0;0.9999897721491353;0.999983673033281;0.9999877325457363;1.0;1.024999976158142;
2016-10-04 22:00:00;1.0;0.9998946201888594;1.0;0.9999880423320423;0.9999999999999999;0.9999860877588517;1.0002492165480115;0.9998998131715836;0.9999691570504232;1.0;0.999948277212338;1.0;1.0000274418039747;1.0;0.9998146446528476;0.9998157386030133;0.9998194383812661;0.9999957729385845;0.999995630673988;0.9999802451724769;1.0;0.9998983640730825;0.9998181693825942;1.0002320130436082;1.0002579595254852;0.9999786950957744;0.9999076853102301;0.9999926339614047;0.9994443092507844;0.9991037079394522;0.9989802634828318;0.9989272546076637;0.9999850388839178;0.9984141896903463;0.9982068308285335;0.999208591140103;0.9995470423762867;0.9999999999999999;1.0;0.9999890767311846;0.999984883497753;0.9999873023907789;1.0;1.024999976158142;
2016-10-04 22:15:00;1.0;0.9998995217285076;1.0;0.9999889931962294;1.0;0.999987999933368;1.0002484069847075;0.999901916229066;0.9999739698421458;1.0;0.9999512955388528;0.9999999999999999;1.0000276747659502;1.0;0.9998134081623989;0.9998154180219173;0.9998193199378216;0.9999961177034158;0.9999959893296402;0.9999826537200333;1.0;0.9999064464444557;0.9998180219668924;1.0002311942922106;1.0002571144396162;0.999979945600925;0.9999147287421368;0.9999936428869358;0.9994410678055233;0.9991034700644732;0.9989699828992734;0.9989131422021088;0.9999863734378469;0.9983994681434711;0.9982014521272916;0.9991898491466449;0.9995360404045066;1.0;1.0;0.9999899242660714;0.9999858538257601;0.9999893778174148;1.0;1.024999976158142;
2016-10-04 22:30:00;0.9999999999999999;0.999900383838873;1.0;0.9999898228221579;1.0;0.9999876341670983;1.000244989674089;0.9999148150333927;0.9999712682502497;1.0;0.9999524384340015;1.0;1.0000267875520317;1.0;0.9998442773803212;0.9998452821772515;0.9998482742463392;0.9999955953386257;0.999995467387631;0.9999819494017543;1.0;0.9999038401210222;0.9998471788424357;1.000228519787142;1.0002532647927826;0.9999810728347186;0.9999125950308991;0.9999934524677485;0.9994702386117718;0.9991604956145738;0.9990413638185648;0.9989989945353053;0.9999860726498181;0.9985118141237107;0.9983276644661148;0.999276554210443;0.9995854698859464;1.0;1.0;0.9999898331933906;0.9999860250388347;0.99998824867602;1.0;1.024999976158142;
2016-10-04 22:45:00;1.0;0.9999025224045099;1.0;0.9999882765171564;1.0;0.9999867861856986;1.0002460632291863;0.9999011414502121;0.9999715409746337;1.0;0.9999514571390675;1.0;1.0000276772192702;1.0;0.9998153425599637;0.999816515935005;0.999820299873714;0.9999964210821274;0.9999963006723497;0.9999815161658206;0.9999999999999999;0.9999065565071233;0.9998190541863042;1.000228994242623;1.0002546547678222;0.999979612288963;0.9999151901042207;0.9999930124870666;0.9994194964435921;0.9990701289261368;0.9989485412545278;0.9988972454577788;0.9999860427305632;0.9983443529366817;0.9981282567215078;0.9992080422039566;0.999546606779546;1.0;1.0;0.9999897906149045;0.9999859281061575;0.9999882637658711;0.9999999999999999;1.024999976158142;
2016-10-04 23:00:00;0.9999999999999999;0.9999009899406355;0.9999999999999999;0.9999889243802588;1.0;0.9999864220615781;1.0002427275454084;0.9999133478153481;0.9999683330148331;0.9999999999999999;0.9999533469024903;1.0;1.0000277417718517;1.0;0.9998430539719363;0.9998443736432736;0.9998474619145148;0.9999968454918072;0.9999967324385907;0.9999809883577666;1.0;0.9999055297651505;0.9998464288621635;1.0002263585001347;1.0002507458301786;0.9999813542036579;0.9999154533514176;0.9999928261753875;0.9994925357019497;0.9991748916145569;0.9990582142636254;0.9990077602546878;0.9999844561287717;0.9985082165811752;0.9983156417872499;0.9992829579848794;0.9995887380171837;1.0;1.0;0.9999886284463395;0.9999872276458502;0.9999873115730246;1.0;1.024999976158142;
2016-10-04 23:15:00;1.0;0.9999146510490796;0.9999999999999999;0.9999899659977063;0.9999999999999999;0.9999885124400586;1.00023870063546;0.9999167501758534;0.9999746312715277;1.0;0.9999584324585241;0.9999999999999999;1.0000275200956967;1.0;0.9998451059277148;0.9998463842716093;0.9998495605619659;0.9999971504353037;0.9999970590445177;0.9999839331955878;0.9999999999999999;0.9999190463000531;0.9998485257472822;1.0002225022098679;1.0002466228388533;0.9999828139192722;0.9999269414800437;0.9999939337384534;0.9995235624426851;0.9992234403336292;0.9991159201200499;0.9990713628171537;0.9999873459658629;0.9986224140280253;0.9984385888831048;0.9993197506545263;0.9996098889119466;1.0;1.0;0.9999907171155754;0.9999882792248432;0.9999896886934109;1.0;1.024999976158142;
2016-10-04 23:30:00;1.0;0.9999109828472535;1.0;0.9999904691494078;1.0;0.9999896662866777;1.0002359827633347;0.9999136622283296;0.9999775189377907;1.0;0.9999568906187298;1.0;1.0000264147438502;1.0;0.9998353594638967;0.9998371561825399;0.9998405960195232;0.9999964121722389;0.9999963220546435;0.9999848907321105;1.0;0.9999171860796584;0.9998394401654823;1.0002198081381184;1.0002440896111249;0.9999823155407488;0.9999243509869363;0.9999945393934965;0.9995769220691416;0.9993028993162641;0.9991976628679798;0.9991544607621846;0.9999881735844585;0.9987500730648023;0.9985868390774802;0.9993740480866885;0.9996406373240062;1.0;1.0;0.9999912488638371;0.9999873904774218;0.9999908088274871;1.0;1.024999976158142;
2016-10-04 23:45:00;1.0;0.9999223900914719;1.0;0.9999911572272028;1.0;0.9999888764039729;1.0002349236785157;0.9999331822968923;0.999973796112149;1.0;0.9999633880168841;1.0;1.0000275742555629;1.0;0.9998808941296168;0.99988166668758;0.9998839567937774;0.999997611506364;0.9999975375122093;0.9999845615300271;0.9999999999999999;0.9999250519849526;0.9998831872716993;1.0002195230024715;1.000242196041244;0.9999854076680038;0.9999331642427869;0.9999941350973369;0.9995590601755862;0.9992800940709015;0.9991780003230574;0.999137850797079;0.999987429923639;0.9987304684310094;0.9985609494775664;0.9993635840233547;0.9996345792315927;1.0;1.0;0.9999908409835352;0.9999900734792526;0.9999894959498048;1.0;1.024999976158142;
2016-10-05 00:00:00;1.0;0.9999386388841741;0.9999999999999999;0.9999937713870366;1.0;0.9999924731716757;1.0002293743463044;0.9999486409023003;0.9999820497776282;1.0;0.99997175489015;1.0;1.0000271776384597;1.0;0.9999055859938868;0.9999067562181864;0.9999086390350161;0.9999978826724365;0.9999978384624113;0.9999891068739168;1.0;0.9999426739791448;0.9999079955951528;1.000214627897379;1.0002361952330374;0.9999889792915494;0.9999484889574336;0.999996036993642;0.9995743969733198;0.9993037169220614;0.9991938241468797;0.9991483225818285;0.9999908009367002;0.9987361500692717;0.9985789228176384;0.9993701774229536;0.9996383936078788;1.0;1.0;0.9999932215122147;0.9999922422065882;0.9999928799377409;1.0;1.024999976158142;
2016-10-05 00:15:00;1.0;0.9999371332344308;1.0;0.999994617482164;1.0;0.999993271696331;1.0002289082888547;0.9999526652461086;0.9999833225667418;1.0;0.999971228109432;1.0;1.0000262067435812;1.0;0.999913314995643;0.9999142594360813;0.9999158869078077;0.9999969497605994;0.9999969003186562;0.9999896080544047;0.9999999999999999;0.999940372073388;0.9999152451896628;1.000214343649032;1.0002357623703078;0.9999891054889535;0.9999456496083581;0.9999964528029044;0.999593748429445;0.9993342526950816;0.9992340048583275;0.999195093743781;0.9999915873180102;0.9988196211477077;0.9986654360841275;0.9994005770268375;0.9996556070989772;0.9999999999999999;1.0;0.9999938166720707;0.9999915272565655;0.999993284090099;1.0;1.024999976158142;
2016-10-05 00:30:00;1.0;0.9999456937105491;1.0;0.9999959983499559;1.0;0.9999948797860014;1.0002255855893454;0.9999630223550272;0.9999865885478134;1.0;0.9999759235774863;1.0;1.0000260577258562;1.0;0.999932025276986;0.9999330524258886;0.9999343061541878;0.9999971902530239;0.9999971561492687;0.9999916752448809;1.0;0.9999492219385498;0.9999337795492308;1.000211488606616;1.0002320921480936;0.9999912304992851;0.9999536001517784;0.999997304255212;0.9996008145994376;0.9993440429890433;0.9992365394568984;0.9991922827109695;0.9999929890457423;0.9988104354029653;0.9986634086917731;0.9993949986288619;0.9996523668109562;1.0;1.0;0.9999948168844616;0.9999928834944928;0.9999946737943056;1.0;1.024999976158142;
2016-10-05 00:45:00;0.9999999999999999;0.9999456509655112;0.9999999999999999;0.9999968913927665;1.0;0.9999960559171196;1.0002215636237088;0.9999677197716672;0.999988555231289;1.0;0.9999774997120758;1.0;1.0000256446438138;1.0;0.9999387861125416;0.9999405672550027;0.9999417437429234;0.999997276180681;0.9999972497008268;0.9999929363250979;1.0;0.9999517808877539;0.9999412434673195;1.0002078321516146;1.00022785314991;0.9999923552405245;0.999955978582924;0.9999979246280848;0.999645905885874;0.999411060875805;0.9993091792058953;0.9992676784849319;0.9999931873409516;0.9989268568796167;0.9987946831455018;0.9994459098860706;0.9996813969849101;1.0;1.0;0.9999948654533979;0.9999935663757631;0.9999956751743281;1.0;1.024999976158142;
2016-10-05 01:00:00;1.0;0.9999552332564359;1.0;0.9999971576582669;0.9999999999999999;0.9999959229849383;1.0002205497699883;0.9999752763180231;0.9999882924216338;1.0;0.9999813594980665;1.0;1.000026127098894;1.0;0.9999561839327011;0.9999571888420924;0.9999579340437424;0.9999978582832229;0.9999978367535536;0.9999932675991501;1.0;0.999958689728179;0.999957587961588;1.000207106617716;1.0002265190300752;0.9999937026074485;0.9999626777107483;0.9999978572211784;0.999633343619629;0.9993929932784175;0.9992934719389766;0.9992532252958198;0.9999937798581845;0.9989089810149855;0.9987705669941684;0.9994354814047749;0.9996752895852042;1.0;1.0;0.9999953898128208;0.9999947856628209;0.9999954989429567;0.9999999999999999;1.024999976158142;
2016-10-05 01:15:00;1.0;0.9999566671232663;1.0;0.9999971181068142;0.9999999999999999;0.9999962192263646;1.0002182010088714;0.9999726861531466;0.9999896466264596;1.0;0.9999812987704498;1.0;1.0000256970389163;1.0;0.9999497706346043;0.9999507342030596;0.9999516502556868;0.9999977464254075;0.9999977254672004;0.999993659675167;1.0;0.9999599789581649;0.9999512514157322;1.0002047731894317;1.000224237287823;0.9999934006319094;0.9999634637517671;0.9999980128670054;0.999685646667835;0.999467354866031;0.9993673376938933;0.9993251520973788;0.9999944310805928;0.9990172841980893;0.9988979520201365;0.9994798528489064;0.9997006187003746;1.0;0.9999999999999999;0.9999958644652531;0.9999945284385489;0.9999959469664588;1.0;1.024999976158142;
2016-10-05 01:30:00;1.0;0.9999633070349957;1.0;0.9999977149929208;0.9999999999999999;0.9999972078267688;1.0002166725518642;0.9999761161115527;0.999992319858851;1.0;0.9999842209022626;1.0;1.00002578621354;1.0;0.9999546082166502;0.9999556353887504;0.9999565089324844;0.9999980267401459;0.9999980114491076;0.9999950732197542;1.0;0.9999668353251436;0.999956140920859;1.00020337183223;1.000222590562646;0.9999944242874271;0.9999695268321268;0.9999985335371817;0.9996959578133711;0.9994839557312489;0.9993844597998559;0.9993429206844399;0.9999955832316676;0.9990474452188854;0.9989331253706425;0.9994900143875661;0.9997060588484603;1.0;1.0;0.9999966871148219;0.9999953196404707;0.9999970162319528;1.0;1.024999976158142;
2016-10-05 01:45:00;1.0;0.9999517991062105;1.0;0.9999969777432809;1.0;0.99999685724551;1.0002138085012544;0.9999643821313275;0.9999919236150291;1.0;0.9999786972815861;1.0;1.0000245594144048;1.0;0.9999295095951167;0.9999310806860577;0.9999325291971674;0.999997214857758;0.9999971910996592;0.9999941212096279;1.0;0.999957206325856;0.9999319531099432;1.000200324801437;1.0002200995011574;0.9999921871165982;0.9999601489746922;0.9999983458166846;0.9998239264088589;0.9996907951627767;0.999591563951304;0.999558995006896;0.9999949042191183;0.9993923301062961;0.9993449589461143;0.9996297579385738;0.9997853375531388;1.0;1.0;0.9999961294795009;0.999993424566558;0.9999968094652807;1.0;1.024999976158142;
2016-10-05 02:00:00;1.0;0.9999611105250618;0.9999999999999999;0.9999977044848308;1.0;0.9999975733085263;1.0002133317462578;0.9999716707457352;0.9999937720835336;1.0;0.9999824370119996;1.0;1.0000247073787065;1.0;0.9999442252305669;0.9999452333849776;0.9999463359421084;0.9999973987704476;0.9999973801692037;0.9999952716058322;1.0;0.999964566173639;0.9999458636967908;1.0002000644325066;1.000219421802794;0.9999935289034416;0.9999666966774454;0.9999987234579214;0.999805062569914;0.9996646316555169;0.9995607281827315;0.9995260124549886;0.9999962592264812;0.9993454551293529;0.9992950145921318;0.9996034634906937;0.999770319638372;1.0;0.9999999999999999;0.9999971768182943;0.999994306971347;0.999997442682213;0.9999999999999999;1.024999976158142;
2016-10-05 02:15:00;1.0;0.9999716065309364;1.0;0.9999981902666769;1.0;0.9999978095359721;1.000210858926755;0.9999815939332621;0.9999939532574093;1.0;0.9999880402536492;1.0;1.0000256843803481;1.0;0.9999648674418701;0.999965808685485;0.9999665061735966;0.9999986565370386;0.9999986467183939;0.999996215651558;1.0;0.9999748463670153;0.9999662286021688;1.0001980164907713;1.0002164279555301;0.9999958217460134;0.9999770603443429;0.9999988508085397;0.9997984922955886;0.9996571866614364;0.9995606353100285;0.9995305942401757;0.9999963998736763;0.9993569140095724;0.999300808709859;0.9996095660793046;0.9997739091929696;1.0;1.0;0.9999972866169652;0.999996606347132;0.9999976983616377;1.0;1.024999976158142;
2016-10-05 02:30:00;1.0;0.9999712168418488;1.0;0.9999979702833661;0.9999999999999999;0.9999975570568433;1.0002098503220618;0.999980907468625;0.9999933053254219;1.0;0.9999881537467155;1.0;1.000025873676918;1.0;0.9999636135404267;0.9999647424858666;0.9999654963964931;0.9999989782669216;0.9999989703378163;0.9999960152985037;1.0;0.9999751073830118;0.99996522654941;1.0001970468662318;1.0002153532347797;0.9999958758250074;0.9999776371709649;0.9999987195139567;0.9998317699569846;0.9996994357098969;0.9995988807840815;0.9995630509322402;0.9999959338753422;0.9994007169433985;0.9993549022357044;0.99962652686993;0.9997833716444182;1.0;1.0;0.9999969271837422;0.9999969058741859;0.9999975249564985;1.0;1.024999976158142;
2016-10-05 02:45:00;1.0;0.9999703318798125;1.0;0.9999973424310109;1.0;0.9999972037175204;1.0002085611685008;0.9999754768089942;0.9999931073887587;1.0;0.9999875745723515;1.0;1.0000261347648334;1.0;0.9999517994047117;0.999953303675055;0.9999544031311275;0.9999994333237986;0.9999994265412953;0.9999957923868984;1.0;0.999975523613319;0.9999540743472596;1.000195628005897;1.0002141199648542;0.9999953795877831;0.9999782792088812;0.9999985346640178;0.9998705418448189;0.9997435674608279;0.9996450113948633;0.9996038400693757;0.9999954987707722;0.9994501534445163;0.999407528192939;0.999654232518782;0.9997988263544841;1.0;1.0;0.99999656653028;0.999997018808398;0.9999975075955427;1.0;1.024999976158142;
2016-10-05 03:00:00;1.0;0.9999714999401677;1.0;0.9999980322374705;1.0;0.999997900892952;1.0002085175637758;0.9999811840351894;0.999993962360697;1.0;0.9999894192440185;0.9999999999999999;1.0000263661042272;1.0;0.9999621893305946;0.9999641135505453;0.9999650164519663;0.9999996462952392;0.9999996407916979;0.9999966049708408;1.0;0.9999781366723773;0.9999647542732967;1.0001957636208867;1.0002138899780582;0.999996532111706;0.99998091301352;0.9999988999569508;0.9998780621301847;0.9997547094816465;0.9996537643116615;0.9996112017635821;0.9999955011286416;0.9994633900237095;0.9994254542239975;0.9996557297521739;0.9997997243497135;1.0;1.0;0.9999965156505873;0.9999978225164818;0.9999980256419287;1.0;1.024999976158142;
2016-10-05 03:15:00;1.0;0.9999760872581409;1.0;0.999998197155872;0.9999999999999999;0.9999974941982956;1.000207505903105;0.999987087048179;0.9999926768867754;1.0;0.9999910943417527;1.0;1.000026335557798;1.0;0.9999770174330099;0.9999781273110064;0.9999785996223892;0.9999997151991682;0.9999997112224809;0.9999962809167048;1.0;0.9999799049231725;0.9999784554751612;1.000195036028739;1.0002126560685718;0.9999971844985696;0.9999827316174429;0.9999986880900792;0.9998641353363658;0.9997352222951594;0.9996382558248189;0.9995981954184221;0.9999956684610721;0.9994398329932229;0.999394511961387;0.9996532638245904;0.9997983290591066;0.9999999999999999;0.9999999999999999;0.9999967382537089;0.9999982341759859;0.9999974166367471;1.0;1.024999976158142;
2016-10-05 03:30:00;0.9999999999999999;0.9999836765389578;1.0;0.9999978511174771;1.0;0.9999975548424356;1.0002076722306565;0.9999833895818382;0.9999945368778218;1.0;0.9999923219803546;1.0;1.00002645137115;1.0;0.9999690899087027;0.9999695317825404;0.999970202313565;0.9999998378221839;0.9999998346151319;0.9999967662324958;0.9999999999999999;0.9999851811854239;0.9999700146527506;1.00019498945157;1.0002129716592165;0.999996819218671;0.9999870074039973;0.9999987200571779;0.9998520292113953;0.9997180882867833;0.9996172373052055;0.9995752882919424;0.9999971247636299;0.9994083309631762;0.999361348828584;0.9996337497681912;0.9997872855557512;0.9999999999999999;1.0;0.9999978717488974;0.9999981392128083;0.9999978707820966;1.0;1.024999976158142;
2016-10-05 03:45:00;1.0;0.9999814543722664;1.0;0.9999983265023713;1.0;0.9999980728809991;1.0002074916714792;0.9999858251054569;0.9999950807138028;0.9999999999999999;0.9999923624520123;1.0;1.0000262983732515;1.0;0.9999729321645089;0.9999737907331357;0.9999743904541604;0.9999996952901885;0.9999996917445363;0.9999971755580138;1.0;0.9999844049084233;0.9999742114155785;1.0001949100682945;1.0002127382625514;0.9999972311440257;0.9999863021633336;0.9999989911416464;0.9998460720234714;0.9997099815052286;0.9996088419149615;0.9995669835245652;0.9999969868908474;0.9993898273108828;0.9993412140768531;0.9996325301234709;0.9997865430390851;1.0;1.0;0.9999977201730401;0.9999982428868546;0.9999982088138483;1.0;1.024999976158142;
2016-10-05 04:00:00;1.0;0.9999749083174815;1.0;0.9999973737271426;1.0;0.9999969535563922;1.0002104658187458;0.999978265795272;0.9999927681365461;0.9999999999999999;0.999988700327978;1.0;1.000026339975543;1.0;0.9999593087736354;0.9999600465484891;0.999960905113471;0.9999993811728891;0.9999993721772723;0.9999956590101311;1.0;0.9999774239386611;0.9999606360022826;1.0001975134780323;1.0002160021917723;0.999995593763476;0.9999799041665262;0.9999984023377643;0.9998493544813064;0.9997098934777402;0.9996080254039618;0.9995640879296572;0.9999960546506512;0.9993869496073362;0.9993359386842896;0.9996268591667221;0.999783200693871;1.0;1.0;0.9999970632395865;0.9999970908340987;0.9999972036904593;1.0;1.024999976158142;
2016-10-05 04:15:00;1.0;0.9999707719386685;1.0;0.9999980691205299;1.0;0.999997680775679;1.0002097520021485;0.9999828807807388;0.9999930735000792;1.0;0.9999892810027156;1.0;1.0000264644591108;1.0;0.9999667036458495;0.9999684848380388;0.9999692461471481;0.9999995742636261;0.9999995674691735;0.9999962836858696;1.0;0.9999769020149092;0.9999690161421143;1.0001970106480325;1.0002150962634602;0.9999966128590013;0.9999799061866071;0.9999987840682106;0.9998408058015555;0.9997018263384166;0.9996007666390427;0.9995592807914173;0.9999952326377294;0.9993805496322474;0.9993294193234727;0.9996264111907788;0.9997829979338259;1.0;1.0;0.9999963400006445;0.9999978055929337;0.9999976773130431;1.0;1.024999976158142;
2016-10-05 04:30:00;1.0;0.9999789836839631;1.0;0.9999985476249105;1.0;0.99999835603009;1.0002083032937892;0.9999854581744009;0.9999955710001208;1.0;0.9999912724258964;1.0;1.0000259111832568;1.0;0.9999717113476945;0.9999725922431959;0.9999731925288227;0.999999203566618;0.999999198138394;0.9999972451953024;1.0;0.9999820062214743;0.9999729788652436;1.0001956736482664;1.0002136597797338;0.9999969244176;0.9999837249028874;0.9999991387963383;0.9998477890175486;0.9997201695297346;0.9996189243709506;0.9995809587670612;0.9999971892265914;0.999423411881611;0.9993820769298987;0.9996382980245747;0.9997900309488696;1.0;1.0;0.9999978632364648;0.9999976638342137;0.999998362373207;1.0;1.024999976158142;
2016-10-05 04:45:00;0.9999999999999999;0.9999835547598792;1.0;0.9999985555642311;1.0;0.9999981769070653;1.000206997092121;0.9999881867261893;0.9999953044354802;1.0;0.999992928595424;1.0;1.0000260438229196;1.0;0.9999783938402126;0.9999788547257339;0.9999792843775166;0.9999994930551106;0.9999994892201823;0.9999972888665347;1.0;0.9999851320418693;0.9999791358699069;1.0001945251144497;1.0002122027063514;0.9999974213973203;0.9999867595516754;0.9999990456803135;0.9998730128677076;0.9997464588654377;0.9996446347724584;0.9996007643167314;0.9999974532456415;0.9994411352273463;0.9994010585777517;0.9996516191027027;0.9997972645052354;1.0;1.0;0.9999981061611924;0.9999981763493149;0.9999982031083152;1.0;1.024999976158142;
2016-10-05 05:00:00;1.0;0.9999818815526855;1.0;0.999997886646379;1.0;0.9999980229895504;1.0002076739340358;0.9999802007752765;0.999995931532998;1.0;0.9999916311563298;1.0;1.0000263323516683;1.0;0.9999604745335007;0.9999613744263688;0.9999623012672035;0.9999997366764024;0.9999997331910186;0.9999972277071035;1.0;0.9999849767356032;0.9999620391319073;1.0001948561470417;1.0002131036804718;0.9999965178889085;0.9999865541027123;0.9999989649881883;0.9998644019328927;0.9997343951787077;0.999629690771584;0.9995846227939078;0.9999973336193091;0.999426686383903;0.9993856217153114;0.9996327651684015;0.9997865442759648;1.0;1.0;0.9999979649560866;0.9999978910028665;0.999998459990955;1.0;1.024999976158142;
2016-10-05 05:15:00;1.0;0.9999797306668777;1.0;0.9999981541668623;1.0;0.9999980603824137;1.000209696790948;0.9999829731959453;0.9999952856165346;1.0;0.9999913934421882;1.0;1.0000264486605004;1.0;0.9999665888719301;0.9999675747095061;0.9999683319421611;0.9999995758274737;0.9999995714365029;0.9999970893361405;1.0;0.9999831143293233;0.999968103118481;1.0001968854061276;1.0002151000223667;0.99999676593189;0.9999849692236326;0.9999989842223914;0.9998521094245397;0.9997236033043779;0.9996141063195335;0.9995702348714688;0.9999969640101418;0.9994108331956996;0.9993743087022887;0.9996210404723951;0.9997796358518986;1.0;1.0;0.9999976877436888;0.999997890394436;0.9999982752674431;1.0;1.024999976158142;
2016-10-05 05:30:00;1.0;0.9999766096572846;1.0;0.9999983499744123;1.0;0.9999980747192799;1.000214484899159;0.9999855942149689;0.9999943660543397;1.0;0.9999914542139356;1.0;1.0000272966038914;1.0;0.9999718081938233;0.9999733157511697;0.999973976624868;0.9999997872351907;0.9999997838726199;0.999996994927244;1.0;0.9999818005755574;0.999973787956064;1.0002015121544874;1.0002198633579353;0.9999972689671125;0.9999842760924526;0.9999989921283086;0.9997775484659914;0.999638094424865;0.999521935332869;0.9994869237437705;0.9999960677675729;0.9993228016079916;0.9992816214488689;0.9995529970980502;0.9997276703929188;1.0;1.0;0.9999969763190081;0.9999983405679586;0.999998129570816;1.0;1.024999976158142;
2016-10-05 05:45:00;0.9999999999999999;0.999973086622277;1.0;0.9999979388106809;1.0;0.9999976805217738;1.000217009682303;0.999981809856098;0.9999935392391945;1.0;0.9999898305345739;1.0;1.0000275581069724;0.9999999999999999;0.9999643022710851;0.9999659751926216;0.9999668107627733;0.9999997366764025;0.999999732155548;0.9999964424731246;1.0;0.9999788562231167;0.9999665726221403;1.000203782362249;1.000222545005185;0.9999965957283563;0.9999816463751049;0.9999987851734907;0.9997818225946237;0.9996350840956082;0.9995177785188215;0.9994781775154968;0.9999955402737889;0.9993158286164595;0.99926928521632;0.9995370167697498;0.9997133233133949;1.0;0.9999999999999999;0.9999965753405112;0.9999979329620978;0.999997816482223;1.0;1.024999976158142;
2016-10-05 06:00:00;1.0;0.9999773614221964;1.0;0.9999983430979489;1.0;0.9999977773455423;1.0002215490845734;0.9999862603172631;0.9999937942907743;1.0;0.9999907282935837;1.0;1.0000276598913647;1.0;0.9999751227452154;0.9999758349461483;0.9999763112989088;0.9999992326244084;0.9999992276520488;0.9999965211205117;1.0;0.9999798058810477;0.9999761322540482;1.0002082135700605;1.0002271527575706;0.9999968287598223;0.9999820218000258;0.9999988363074955;0.999556501092302;0.9993922366063476;0.9992475958951981;0.9992359806842773;0.9999965392257283;0.9990022638296626;0.9989594792460906;0.9993813762421654;0.9996216948409025;1.0;0.9999999999999999;0.9999974157775429;0.9999976363718487;0.9999976797089362;1.0;1.024999976158142;
2016-10-05 06:15:00;1.0;0.9999835041232681;1.0;0.9999978821678215;1.0;0.9999979201469611;1.0002227760181612;0.9999806662848664;0.9999958906900945;1.0;0.9999917248835926;0.9999999999999999;1.0000281096387311;1.0;0.9999622468757184;0.999962730093167;0.9999635736739274;0.9999995635228243;0.9999995593282269;0.9999971238405898;1.0;0.9999851534554671;0.9999633212870843;1.0002090895696498;1.000228578079386;0.9999964087599853;0.9999865152634648;0.9999989109903326;0.9995258618778463;0.99935554377497;0.9991956734376086;0.9991795107982595;0.9999976990459087;0.998901939643057;0.9988642504758887;0.9993488986546947;0.99960498154008;1.0;1.0;0.999998280563792;0.9999976864819184;0.9999983277898549;1.0;1.024999976158142;
2016-10-05 06:30:00;1.0;0.9999766704488878;1.0;0.9999979340251578;0.9999999999999999;0.9999979608077244;1.000225996148215;0.9999795613401552;0.9999952137383151;1.0;0.9999898794027094;1.0;1.000028322918582;1.0;0.9999592789182161;0.9999604111156531;0.9999613376498874;0.9999993612595393;0.9999993543435176;0.9999968341069791;0.9999999999999999;0.999980560165387;0.9999610492736536;1.0002121230111474;1.0002319092138048;0.9999961325960455;0.999982468825278;0.9999989307982831;0.9995185056642909;0.9993469034342458;0.9991896708208807;0.9991768557506051;0.9999967969229014;0.9989226971471583;0.9988822822070978;0.999334845385944;0.9995907739294364;1.0;0.9999999999999999;0.9999975489552265;0.999997366673793;0.9999982290525289;1.0;1.024999976158142;
2016-10-05 06:45:00;1.0;0.9999733950688353;1.0;0.999998351587634;1.0;0.999998200840925;1.0002288751040962;0.9999822010122746;0.9999949550723426;1.0;0.9999891565002003;1.0;1.000028291369161;1.0;0.9999647599599197;0.9999659971100479;0.9999667568800303;0.9999989415722417;0.9999989346530775;0.9999967967831547;1.0;0.9999776458932877;0.9999664829196488;1.0002149595640883;1.0002348283082034;0.999996256772065;0.9999797037826996;0.9999990570774622;0.9994453148542297;0.9992379186319706;0.9990787810392696;0.9990647350600736;0.9999965837452877;0.9987725575271768;0.9987032821050561;0.9992474550428772;0.9995385333465727;1.0;1.0;0.9999973821330151;0.9999970818520449;0.9999981767839229;1.0;1.024999976158142;
2016-10-05 07:00:00;1.0;0.9999749355925652;1.0;0.9999986436673183;1.0;0.9999981539212558;1.0002358340891124;0.9999879980481424;0.999993999337245;0.9999999999999999;0.9999910044474067;1.0;1.0000296982161665;0.9999999999999999;0.9999773214138802;0.9999787049493417;0.999979186983787;0.9999994241511927;0.9999994195784747;0.9999968701698783;1.0;0.9999796924874048;0.9999790198738211;1.000221718510589;1.0002416893380561;0.9999973413201515;0.9999822304252091;0.9999990333484102;0.9993299593721193;0.9991176002008164;0.9989403850146054;0.998941239339932;0.9999960167545273;0.9986584391721175;0.9985977037706701;0.9991381330255741;0.9994577345420314;0.9999999999999999;1.0;0.999996955067321;0.999998074965215;0.9999979727651079;1.0;1.024999976158142;
2016-10-05 07:15:00;1.0;0.9999486356080511;0.9999999999999999;0.9999942070784879;1.0;0.9999914186183011;1.0002551342068617;0.9999674625081556;0.9999774902089554;1.0;0.9999784174017812;1.0;1.0000323133149234;1.0;0.99994947777024;0.9999501072606468;0.9999509361210048;0.9999996033451531;0.9999995771423734;0.9999885885461299;1.0;0.9999507906342012;0.9999506903964939;1.0002395639676422;1.0002616745297765;0.9999922644447311;0.9999581078121974;0.9999954940763255;0.9990976246852712;0.9988692831624908;0.9986799846805339;0.9987234936390285;0.9999892367592739;0.9984387561965263;0.9983741279457333;0.9989800710230048;0.9993543315978335;1.0;1.0;0.9999921616586743;0.9999954678804261;0.9999914059184644;1.0;1.024999976158142;
2016-10-05 07:30:00;1.0;0.9999233225706096;0.9999999999999999;0.9999924524203985;1.0;0.9999883495921942;1.0002502920196368;0.9999560324722102;0.9999687012828358;1.0;0.9999674805568047;1.0;1.0000302482752066;1.0;0.9999330702861843;0.9999335534895339;0.9999344983699245;0.9999981755552229;0.999998125752772;0.9999838248209566;1.0;0.9999249718035472;0.9999341220407478;1.000234910031971;1.0002570607448995;0.9999885706395576;0.9999348817800788;0.9999938747059222;0.9991383527086366;0.9989231598837691;0.998750294586928;0.9987995099963289;0.9999853924084603;0.9985261992365692;0.9984609362492957;0.999055064751949;0.999429190730192;0.9999999999999999;1.0;0.9999894083563592;0.9999922626450545;0.9999878905622048;1.0;1.024999976158142;
2016-10-05 07:45:00;1.0;0.9999396668375083;1.0;0.9999950415125417;1.0;0.9999925590250929;1.0002540950332777;0.9999659804907017;0.9999795180975134;1.0;0.9999746898869668;0.9999999999999999;1.0000305030152916;1.0;0.9999442103890898;0.999945091260365;0.9999459664867894;0.9999979271869222;0.9999978920256352;0.9999890026147557;1.0;0.9999426892561806;0.9999455910543388;1.0002385758155907;1.0002609279493286;0.9999912737129167;0.9999493733522073;0.9999960878784643;0.999134121046881;0.9989024929057407;0.9987177340292074;0.9987537995161163;0.999989923402799;0.9984774582141123;0.9984067648778958;0.9989945337865861;0.9993735650187294;0.9999999999999999;1.0;0.9999926251192172;0.9999935237801778;0.9999921108247447;1.0;1.024999976158142;
2016-10-05 08:00:00;1.0;0.9999542549942115;1.0;0.9999966854368901;1.0;0.9999955431510121;1.0002597802763677;0.9999734484732408;0.9999872828113601;1.0;0.9999820280787057;1.0;1.0000321428239685;1.0;0.9999517383927035;0.9999535385653768;0.9999545015183674;0.9999988372990436;0.9999988199648885;0.9999931095511748;1.0;0.999960457604441;0.9999541668319301;1.0002439511132715;1.000266558289502;0.9999940446269715;0.9999652239763859;0.9999976597654979;0.999061003498334;0.998805161115614;0.9986074712082798;0.9986420451190404;0.9999925929778299;0.9983460884479699;0.998264566562098;0.998895302589212;0.9992890371949905;1.0;1.0;0.9999944346403562;0.9999957930352321;0.9999953796327948;1.0;1.024999976158142;
2016-10-05 08:15:00;1.0;0.9999527480295864;1.0;0.9999932459901876;1.0;0.99999314636111;1.0002626024849237;0.9999428070647454;0.9999862838469552;1.0;0.9999764562481388;0.9999999999999999;1.0000329741375709;1.0;0.9998895095068611;0.99989099460256;0.9998934954910877;0.9999994532327718;0.9999994259187948;0.9999910006971621;1.0;0.9999578667772233;0.9998927996736373;1.0002455018683198;1.000270248666683;0.9999896490928535;0.9999624801253733;0.999996397479691;0.9989695625488467;0.9986551313023122;0.9984678300534671;0.9985014081962323;0.9999924294724977;0.9981131055702493;0.9979750245177123;0.9988167902955307;0.9992644358914757;1.0;1.0;0.9999943562282451;0.999993925723939;0.9999945323145389;1.0;1.024999976158142;
2016-10-05 08:30:00;1.0;0.9999604267517277;1.0;0.9999951566393747;1.0;0.999993880749002;1.0002570737229086;0.9999660181744285;0.9999852766232019;1.0;0.9999821693251193;1.0;1.0000324988736153;1.0;0.9999397888681005;0.999940606062537;0.9999418255715056;0.9999995742636263;0.9999995590306676;0.9999918395252;0.9999999999999999;0.9999632325427701;0.9999414751081246;1.0002411335327575;1.0002638767369614;0.9999929959758218;0.9999680777810392;0.9999967899722912;0.9990420903611551;0.9987773215612178;0.9985794470470002;0.9986132441965129;0.9999925882623355;0.998308735326533;0.9982198092526885;0.9988714083939148;0.9992995413343054;1.0;1.0;0.9999945543545977;0.9999958430794054;0.999994312527282;1.0;1.024999976158142;
2016-10-05 08:45:00;1.0;0.9999581334216512;1.0;0.999994208684144;1.0;0.9999933870111289;1.0002656674602168;0.9999548397885313;0.9999857149509006;1.0;0.9999791899568298;1.0;1.000033181609653;1.0;0.9999166050125662;0.9999172122305806;0.9999189658667392;0.9999992111472226;0.9999991896574127;0.9999912514078868;1.0;0.999960216718893;0.9999184495258014;1.0002488245159482;1.0002730671761173;0.9999911093995257;0.9999646690179097;0.9999965278847763;0.998948319968215;0.9986485626945236;0.9984574756375397;0.9985015509319402;0.9999929788189936;0.998152231176711;0.9980297820429879;0.9988048222485868;0.9992305581826586;1.0;1.0;0.9999948621825508;0.9999945148258955;0.9999942362814529;0.9999999999999999;1.024999976158142;
2016-10-05 09:00:00;0.9999999999999999;0.99995820188797;1.0;0.9999950680878315;1.0;0.9999933604111003;1.0002680130840813;0.9999681974533218;0.9999833868332042;0.9999999999999999;0.9999818665584166;0.9999999999999999;1.000034026352814;1.0;0.9999458875175414;0.9999467047169621;0.999947747971781;0.9999996845537502;0.9999996644933263;0.9999911822526606;1.0;0.9999610076727697;0.999947451577492;1.0002515490778816;1.000274953126307;0.9999931631358455;0.9999665149677844;0.9999965140903276;0.998960285388232;0.9986453426609802;0.9984452987960105;0.9984743738017878;0.9999917328162365;0.998080592782994;0.9979513867860622;0.9987882710756154;0.9992217714345074;0.9999999999999999;1.0;0.9999939376262029;0.9999960248537543;0.9999936401555675;1.0;1.024999976158142;
2016-10-05 09:15:00;1.0;0.9999564576197401;0.9999999999999999;0.9999951060908046;1.0;0.9999937094432496;1.0002695265738122;0.999966323852175;0.9999842143780641;1.0;0.9999815963062678;0.9999999999999999;1.000034305962125;1.0;0.9999402957930543;0.999941660183944;0.9999428972187717;0.9999997872351906;0.99999976906318;0.999991547005575;1.0;0.9999611414944128;0.9999425570796484;1.0002528876581938;1.0002765531454088;0.9999931351191783;0.9999666493618804;0.9999966979667035;0.9989335914165889;0.9986233107073473;0.9984183170027234;0.9984532739715665;0.999991607218349;0.9980734353101336;0.9979517602278525;0.998765670815761;0.9991924685461172;1.0;0.9999999999999999;0.9999937785809897;0.9999960962598979;0.9999940781692103;1.0;1.024999976158142;
2016-10-05 09:30:00;1.0;0.9999123880883911;1.0;0.9999894465497697;1.0;0.9999853980663652;1.0002819563913203;0.9999360640685809;0.9999630955540385;1.0;0.9999625300145114;1.0;1.0000357695451787;1.0;0.99989408251928;0.99989569489841;0.9998976845258637;0.9999997151991682;0.9999996392896089;0.999980829255343;1.0;0.9999179397711434;0.9998971414830253;1.0002640816353787;1.0002897075853467;0.9999860002868981;0.9999301435163848;0.9999923095165452;0.9988301560194413;0.9984878078320759;0.9982902895103571;0.9983403960610209;0.9999818175011576;0.9979345246212572;0.9977809683696411;0.998691185099128;0.9991688782633179;0.9999999999999999;1.0;0.9999866896969766;0.9999921556648743;0.999985931448071;0.9999999999999999;1.024999976158142;
2016-10-05 09:45:00;1.0;0.9999064324592091;0.9999999999999999;0.9999887390671077;1.0;0.9999831197015208;1.0002784206891493;0.9999407458072809;0.9999560575466382;1.0;0.9999606492880818;0.9999999999999999;1.0000354357051997;1.0;0.9999109293866517;0.9999117879020435;0.9999131950982221;0.9999997872351906;0.9999997011522863;0.9999779903946864;1.0;0.9999093827740072;0.9999128102245937;1.0002610909611023;1.000285797165776;0.9999857699348779;0.9999235408177106;0.9999911098610441;0.9988582392429596;0.998509318798908;0.9983271471617783;0.9983757061601924;0.9999793231959512;0.9979052650944282;0.9977349604152238;0.9987677087567179;0.9992245723137212;1.0;1.0;0.9999849857712915;0.9999920873923526;0.9999831957694327;0.9999999999999999;1.024999976158142;
2016-10-05 10:00:00;1.0;0.9999436006666612;0.9999999999999999;0.999992325476962;1.0;0.9999898678028255;1.0002745743165893;0.9999509172424627;0.9999758090712489;1.0;0.9999739260859966;1.0;1.0000347516556585;1.0;0.9999167072854357;0.9999172094873161;0.9999188048264553;0.9999996248224272;0.9999995876768191;0.9999868942140863;0.9999999999999999;0.9999453225663173;0.9999183591039397;1.0002573041858092;1.0002820271028368;0.9999895581037662;0.9999529378090037;0.9999946748886567;0.9988187343662921;0.9984617251872687;0.9982844409064725;0.9983400055656891;0.9999885914972854;0.9978695111639229;0.9976897136125004;0.9987419677586997;0.9991908486175954;1.0;0.9999999999999999;0.9999917124088675;0.999994017193109;0.9999905214406544;1.0;1.024999976158142;
2016-10-05 10:15:00;0.9999999999999999;0.9999403981690682;1.0;0.9999958100065166;1.0;0.999994654491539;1.0002806951859706;0.9999603919324295;0.9999858442905813;1.0;0.9999738424158174;0.9999999999999999;1.0000328199687543;0.9999999999999999;0.9999267469773107;0.9999279999169204;0.9999293571067951;0.9999968761369654;0.9999968319064451;0.9999911603915769;0.9999999999999999;0.9999447226332385;0.999928781280141;1.0002632965441496;1.0002886061388632;0.9999905722742313;0.9999494309681316;0.999997179961935;0.9987488350850559;0.9983536028040377;0.9981251866724237;0.9981496854878917;0.9999924414234712;0.9975919904080671;0.99741501077572;0.9985711161651318;0.9990947137307172;1.0;1.0;0.9999943937766111;0.9999922615364538;0.9999943991928589;0.9999999999999999;1.024999976158142;
2016-10-05 10:30:00;1.0;0.9999364864053925;1.0;0.9999942116582853;0.9999999999999999;0.9999930299645595;1.0002773791015576;0.9999511903829194;0.9999825588137005;1.0;0.9999723027522782;1.0;1.000033551260833;0.9999999999999999;0.9999090945483198;0.9999109963399739;0.9999128622349531;0.9999980728460865;0.9999980356140982;0.9999896445693789;1.0;0.9999430509022091;0.999912236576021;1.000259883476188;1.0002852334700323;0.9999896527556562;0.999949125025807;0.9999963325850535;0.9987641398761558;0.9983648944820149;0.9981490761189727;0.9981747131157903;0.9999903592980908;0.9975805614173083;0.9973912947583571;0.9986220606628524;0.9991239821466932;1.0;1.0;0.9999928115795634;0.9999927680067342;0.9999933185438125;1.0;1.024999976158142;
2016-10-05 10:45:00;0.9999999999999999;0.9999389399981184;1.0;0.9999948940963489;1.0;0.9999936670959666;1.0002656626300765;0.9999567245500318;0.9999835288256234;1.0;0.999973995419494;1.0;1.000032037344347;1.0;0.9999198028870964;0.9999217080188346;0.9999233262621103;0.9999980345874183;0.999998001115794;0.999990367821191;1.0;0.9999455038787002;0.9999227630262119;1.0002490349404733;1.0002731017240298;0.999990579082701;0.9999513220674313;0.9999966685808761;0.9988575866313291;0.9984913935896503;0.9983045239520862;0.9983391660295009;0.9999907976342686;0.9977583400609776;0.9975759915632914;0.9987876181931057;0.9992411008039844;1.0;1.0;0.9999931271750757;0.9999932385403394;0.999993749795461;1.0;1.024999976158142;
2016-10-05 11:00:00;1.0;0.9999601698499735;1.0;0.9999951383329031;1.0;0.9999950498272512;1.0002657844457417;0.9999545376599303;0.9999902657901514;1.0;0.9999791473251681;1.0;1.0000321501689087;1.0;0.9999124710628281;0.9999129542562233;0.9999148019434551;0.9999981723995497;0.9999981490103504;0.9999928892603913;1.0;0.9999618191436858;0.9999141880507432;1.0002488553416462;1.0002734443337091;0.9999909303038161;0.9999646562757929;0.9999973984583078;0.9988181177076093;0.9984285918746527;0.9982573794892153;0.9982987937891954;0.9999951532793115;0.9977156637788952;0.9975035921322358;0.9987584430858886;0.999221039218597;1.0;1.0;0.9999964452835733;0.9999935466496058;0.9999958177667704;1.0;1.024999976158142;
2016-10-05 11:15:00;1.0;0.9999517971604772;1.0;0.9999956133851258;1.0;0.9999941971134716;1.0002691255792602;0.9999647909812414;0.9999853907925295;1.0;0.9999779908481738;1.0;1.0000323470924104;1.0;0.9999377118380105;0.9999381950436029;0.999939309842018;0.9999978734999808;0.9999978452646968;0.9999913460888908;0.9999999999999999;0.9999534464403798;0.9999388676638807;1.0002525115090257;1.0002764952182106;0.9999917050984879;0.9999579776219212;0.9999969498095512;0.9987656202466559;0.9983846857728664;0.9982005541518;0.9982513202232068;0.9999929466732749;0.9976646364394789;0.997468683706481;0.9987259927040579;0.9991899564278006;1.0;1.0;0.9999948544695627;0.9999937146180582;0.9999941487968762;1.0;1.024999976158142;
2016-10-05 11:30:00;1.0;0.9999629455803036;1.0;0.999996313622504;1.0;0.9999955299179168;1.0002781475866336;0.999968984162422;0.9999893550840312;1.0;0.999982699080578;1.0;1.0000341514385205;1.0;0.999943083589877;0.9999436494780948;0.9999447629913647;0.9999985216183052;0.9999985034428558;0.9999934400273951;1.0;0.999964884204139;0.9999443665910155;1.000261008996988;1.0002856042246395;0.9999932294474794;0.999968245705012;0.9999976527115968;0.998702774290434;0.9982755983631926;0.9980266077279687;0.998033270111891;0.9999946644444562;0.9973558031632264;0.997166067873247;0.9985133700670198;0.9990558998531701;0.9999999999999999;1.0;0.9999960825216675;0.9999950864551544;0.9999957241679899;1.0;1.024999976158142;
2016-10-05 11:45:00;1.0;0.999938105596442;0.9999999999999999;0.9999949829523447;1.0;0.9999942406508837;1.0002697140692285;0.9999525635616195;0.999985614235812;0.9999999999999999;0.9999727602910526;1.0;1.0000319588469666;1.0;0.9999094674613749;0.9999113725734213;0.9999132358647597;0.9999974616570151;0.9999974248257685;0.9999908704719974;0.9999999999999999;0.9999446694715465;0.9999125680400657;1.0002526754467869;1.000277496166816;0.999989849713864;0.99994973904091;0.9999969673447793;0.9987911102033757;0.998402782674298;0.9982157888917291;0.9982556529810759;0.9999917413167888;0.9976189619696846;0.9974183799137323;0.9987497459584683;0.9992070561075317;0.9999999999999999;1.0;0.9999938074657058;0.9999923620725006;0.9999944215910886;0.9999999999999999;1.024999976158142;
2016-10-05 12:00:00;1.0;0.9999500746307097;1.0;0.9999960352041982;1.0;0.9999956306169738;1.0002763865040272;0.999961048932473;0.9999891372444354;1.0;0.9999781274771172;1.0;1.0000333442844045;1.0;0.999924560704542;0.9999263004765719;0.9999278901891377;0.9999979717287165;0.9999979460421708;0.9999929546765826;1.0;0.9999560598986397;0.999927330046237;1.0002591287843;1.0002840870533796;0.9999918465423537;0.999960004787862;0.9999977013675913;0.9987063210447158;0.9982841692696857;0.9980475682501354;0.9980627686601838;0.9999934892433634;0.9973238504152253;0.9971292482098167;0.9985953645500919;0.999102735141875;1.0;0.9999999999999999;0.9999950883023362;0.9999938743848289;0.9999958232283782;1.0;1.024999976158142;
2016-10-05 12:15:00;1.0;0.9999402250402561;1.0;0.9999941728246831;1.0;0.9999918197004461;1.000271853444864;0.9999593931241274;0.9999788794674079;1.0;0.999973667632336;1.0;1.000032973485402;1.0;0.9999314906147785;0.9999321424326373;0.999933321668429;0.9999981493585471;0.9999981124537225;0.9999883643129871;1.0;0.9999424520961868;0.9999328818915214;1.0002550534886772;1.0002792582335471;0.9999903162234389;0.9999491624514215;0.9999956994229272;0.9986655880056343;0.9982430150142438;0.998023207173477;0.9980561792960445;0.9999898455369163;0.9972599521922431;0.997052730517494;0.9986506092315764;0.9991598898036771;1.0;1.0;0.9999925976654195;0.9999931906597409;0.9999917311100402;1.0;1.024999976158142;
2016-10-05 12:30:00;1.0;0.999936454531677;1.0;0.9999938684290129;1.0;0.9999905616634229;1.0002736338423728;0.9999639655328423;0.9999745416122514;1.0;0.9999732947050818;1.0;1.0000336101392846;0.9999999999999999;0.9999446908658631;0.9999452567549904;0.9999460570605034;0.9999985216183053;0.9999984787869978;0.9999868544777865;1.0;0.9999383931041543;0.9999457430012423;1.000256984882356;1.0002808006098303;0.9999906883067837;0.9999465516102536;0.999995036243981;0.9986925232142119;0.9982550726589097;0.9980307374005543;0.9980480704099972;0.9999879593212214;0.997256485403659;0.9970397609207494;0.9986187147328374;0.9991465754593879;1.0;1.0;0.9999912485784249;0.9999937027376038;0.9999901874967063;1.0;1.024999976158142;
2016-10-05 12:45:00;1.0;0.999961652413871;1.0;0.9999965752442649;1.0;0.9999957284823511;1.0002703063400957;0.999970348905196;0.999989492390255;1.0;0.9999823387238008;1.0;1.0000328608293507;1.0;0.9999458477141061;0.9999463912766194;0.9999474137121325;0.9999982213943474;0.9999982028818044;0.9999935008305929;1.0;0.9999635190280167;0.9999470202062182;1.000253696373079;1.0002775797253078;0.9999932625471574;0.9999668292857407;0.999997756819421;0.99871213402645;0.9982638484967586;0.9980318204377703;0.998034112354364;0.9999947460536537;0.9972598281239867;0.9970396774866123;0.9985735811933674;0.9991191872737781;0.9999999999999999;1.0;0.9999961441419047;0.9999948523854745;0.9999957681075823;1.0;1.024999976158142;
2016-10-05 13:00:00;1.0;0.99994875379091;1.0;0.9999964284826232;1.0;0.9999956930846229;1.000267077784356;0.9999655553982241;0.9999883782854285;1.0;0.9999783827819988;1.0;1.0000320471021282;0.9999999999999999;0.9999345301429147;0.9999362699322907;0.9999375902544948;0.9999978352419024;0.9999978084913346;0.9999928627408161;1.0;0.9999547390509339;0.9999370913627614;1.0002505632465095;1.0002744244945172;0.9999923514320227;0.999958974891528;0.9999977337384529;0.9987749643804477;0.9983519133325349;0.9981323127191793;0.9981391902711745;0.9999931456086175;0.9973060881163877;0.9970979011910707;0.9987237335798297;0.9992084179961356;1.0;1.0;0.9999948405482444;0.9999940333145515;0.9999955998387441;1.0;1.024999976158142;
2016-10-05 13:15:00;0.9999999999999999;0.9999449347165441;1.0;0.9999936989664603;0.9999999999999999;0.9999938095571931;1.0002742167024576;0.9999402381326692;0.9999874862349503;0.9999999999999999;0.9999728987320735;1.0;1.000033074593307;1.0;0.9998829241758774;0.9998845175310609;0.9998870969684055;0.9999980681546242;0.9999980262585118;0.999991038899798;1.0;0.9999504139461934;0.9998862833961785;1.0002563802091566;1.000282434684208;0.9999885339878314;0.9999545830363611;0.99999673725683;0.9987146427537915;0.9982693190197308;0.9980306916826874;0.9980311210589514;0.9999928765061041;0.9972427889071219;0.9970292035668263;0.9985773848344026;0.9991303411599854;1.0;1.0;0.9999946648937893;0.9999921579051311;0.9999948941445872;1.0;1.024999976158142;
2016-10-05 13:30:00;1.0;0.9999281871177206;0.9999999999999999;0.999987033256984;0.9999999999999999;0.9999875176420114;1.0002833975215684;0.9998886253505307;0.9999785129770995;0.9999999999999999;0.9999586548369164;1.0;1.000034720447971;1.0;0.9997841301727856;0.9997851158304811;0.9997899714090244;0.9999987605470029;0.9999986671198409;0.9999842878218005;1.0;0.9999315706057568;0.9997886079976773;1.0002633650242403;1.0002930737510085;0.9999800074868994;0.9999377997319586;0.9999934075189956;0.9986999321300735;0.998239865390658;0.9979870441321624;0.9979777957247186;0.9999893726169347;0.997169043929353;0.9969526493557006;0.9985254426949421;0.9991015378193483;1.0;1.0;0.9999922149476242;0.9999881104428584;0.999990740663607;1.0;1.024999976158142;
2016-10-05 13:45:00;1.0;0.999941450087407;1.0;0.9999926913751861;1.0;0.9999914524564194;1.0002730924409267;0.9999416325305457;0.999981127927187;1.0;0.9999710597152798;1.0;1.000033077800491;1.0;0.9998928821753357;0.9998934670412137;0.9998956338285933;0.9999981891807397;0.9999981438901188;0.9999882810446781;1.0;0.9999434613036501;0.9998949372245097;1.0002555176141112;1.000281099948195;0.9999879101422511;0.9999492003950463;0.9999955012866887;0.9987509931322238;0.9983052774226041;0.99808985691201;0.9980950586103947;0.9999909218848668;0.9973627697652293;0.9971329391978303;0.998609076690834;0.9991467056937767;1.0;1.0;0.9999933820329537;0.9999919196722391;0.9999922988830932;1.0;1.024999976158142;
2016-10-05 14:00:00;1.0;0.9999121538130457;1.0;0.9999933907875526;1.0;0.9999921630770422;1.0002763798723526;0.9999319701750412;0.999981192820837;0.9999999999999999;0.9999580532506724;0.9999999999999999;1.0000292825295707;1.0;0.9998722702175877;0.9998730236882136;0.9998753675687373;0.9999939865322965;0.9999938920581267;0.9999867511707707;1.0;0.9999147427886347;0.9998743297739949;1.000258496621865;1.000285333583938;0.9999838391179211;0.9999202269367601;0.9999958486391107;0.9988139493232057;0.9983951882011547;0.9981751089059798;0.9981774243868751;0.9999907954812574;0.9974314571655489;0.9972268922250395;0.9986961139240953;0.9991993861393017;1.0;1.0;0.9999932694966609;0.999986181234857;0.9999919983048721;1.0;1.024999976158142;
2016-10-05 14:15:00;1.0;0.9999395170604661;0.9999999999999999;0.9999940664534775;1.0;0.9999930008788421;1.00025847353208;0.9999485444667907;0.9999834822625996;1.0;0.999971802757667;1.0;1.0000306045946084;1.0;0.9999043044497521;0.9999054175040675;0.9999073291700823;0.9999975625119565;0.9999975218568203;0.9999896273970977;1.0;0.9999433337430373;0.999906655699777;1.000241990948687;1.000266060392228;0.9999889317233939;0.9999486214691954;0.9999963162516974;0.9989044864117775;0.9985389836385152;0.998373925694883;0.9984094066177062;0.9999915059141475;0.9977910184445793;0.9975935151079868;0.9988836405435834;0.9993153318610309;1.0;1.0;0.9999937369214223;0.9999919486979711;0.9999933788180738;1.0;1.024999976158142;
2016-10-05 14:30:00;1.0;0.9999143321528896;0.9999999999999999;0.9999938591143638;1.0;0.9999911515292933;1.000269215500537;0.9999512365287512;0.9999752856733424;1.0;0.9999641791153097;1.0;1.0000308791743449;0.9999999999999999;0.9999153178325748;0.9999170798520134;0.9999185148265353;0.999996402999369;0.9999963408426987;0.999986124161781;0.9999999999999999;0.9999203889953672;0.9999178853812426;1.0002524942496445;1.0002769432387217;0.9999877194969796;0.9999286906982258;0.9999953359404267;0.9988322094069613;0.9984232387005345;0.998231022450471;0.9982482928122755;0.999987199490986;0.9976003776923111;0.9973852653102389;0.9987196868641618;0.9992228980574552;1.0;1.0;0.9999905509361563;0.9999903136010266;0.9999904952913485;0.9999999999999999;1.024999976158142;
2016-10-05 14:45:00;1.0;0.999889241277627;1.0;0.999988766283561;1.0;0.999983052662065;1.0002740327032908;0.9999337784700135;0.9999550541602855;0.9999999999999999;0.9999530496489054;1.0;1.0000327615779097;1.0;0.9998969108085711;0.9998979156583954;0.999899487339825;0.9999976898501286;0.9999975782765554;0.9999766724831802;1.0;0.9998926975212605;0.9998989121791365;1.0002568606447249;1.0002817752762179;0.9999833071054206;0.9999070776902441;0.9999910617665789;0.9989202993971203;0.9985573315221042;0.9983658586949002;0.9983871158336692;0.9999787330687848;0.9978080734382163;0.9976310694760339;0.9988161613273057;0.9992768766633029;1.0;1.0;0.9999845417648993;0.9999889887063114;0.9999826501359063;1.0;1.024999976158142;
2016-10-05 15:00:00;1.0;0.9999490333372302;1.0;0.9999958887069673;1.0;0.9999937818339695;1.0002639882253421;0.9999720440060841;0.9999827390006699;1.0;0.9999788802745523;1.0;1.0000321791188613;0.9999999999999999;0.9999543138724764;0.999955150085976;0.9999558654837183;0.9999983178195788;0.9999982891294986;0.9999908039520626;0.9999999999999999;0.9999519117308598;0.9999555594565923;1.00024799443319;1.0002708930511628;0.9999928117484891;0.9999576167891054;0.9999967312416176;0.9988661187948504;0.9984782588244537;0.9982760640670011;0.9982887812420776;0.9999914203069656;0.997667888693406;0.9974776329157528;0.9987358235995578;0.9992314489019832;0.9999999999999999;1.0;0.9999937098694879;0.9999946863466695;0.9999933844718307;1.0;1.024999976158142;
2016-10-05 15:15:00;1.0;0.9999587502640028;1.0;0.9999965886021621;1.0;0.9999954138495659;1.0002571784308023;0.9999716550934673;0.9999881700264053;0.9999999999999999;0.999981420703773;1.0;1.0000309683096735;0.9999999999999999;0.9999497902177227;0.9999502510900606;0.9999511295503853;0.9999980023741728;0.9999979815743738;0.9999929463166477;1.0;0.9999603275068687;0.999950758538557;1.0002414352652176;1.0002641051932901;0.9999931486587458;0.999964032859509;0.9999975909351273;0.9988561149900113;0.9984687213616764;0.9982648172842878;0.9982775089525789;0.9999942241940739;0.9975756902068397;0.9973861689828738;0.998779010305306;0.9992567409934697;1.0;1.0;0.9999957782734175;0.9999946063318863;0.9999952606924005;1.0;1.024999976158142;
2016-10-05 15:30:00;1.0;0.9999473292040092;1.0;0.9999964444565927;0.9999999999999999;0.9999956012274811;1.0002614288934066;0.999966267825434;0.99998783449768;1.0;0.9999781780923225;1.0;1.0000313593229864;0.9999999999999999;0.9999362228724595;0.9999380866898744;0.9999393654878262;0.9999978674558455;0.9999978403565505;0.9999927007404347;1.0;0.9999537484582112;0.9999388797709405;1.0002452877865848;1.0002686028163834;0.9999924295036879;0.9999582407068119;0.9999976853070734;0.9988846395872932;0.9985075996737731;0.9983347184964796;0.9983650599398716;0.9999927845340405;0.997799464888003;0.9975985185113203;0.9987974666121686;0.9992686143107627;1.0;1.0;0.99999456471773;0.9999941025278848;0.9999954438666996;1.0;1.024999976158142;
2016-10-05 15:45:00;1.0;0.9999645641178035;1.0;0.999998548136697;1.0;0.9999980331762447;1.0002554374674557;0.999983353904402;0.9999932135452929;1.0;0.9999866137060109;1.0;1.0000311755344142;0.9999999999999999;0.9999678148842792;0.9999694464647333;0.9999700785579717;0.9999983945712654;0.9999983826941156;0.9999960592417447;1.0;0.9999701889850637;0.9999697998108987;1.0002400814086347;1.0002620155665685;0.9999959378773972;0.9999730191411437;0.9999989669376407;0.9988460596520821;0.9984557340095297;0.9982863418837302;0.9983195037409636;0.9999954309895012;0.997725566295911;0.9975106825307571;0.998774779529416;0.9992554805017444;1.0;0.9999999999999999;0.9999965016975637;0.9999964492178837;0.9999976266480712;1.0;1.024999976158142;
2016-10-05 16:00:00;1.0;0.9999644038638136;1.0;0.9999975043040586;1.0;0.9999968650908404;1.000258392586099;0.9999770959676626;0.9999913941700147;1.0;0.9999852260762462;1.0;1.0000317569126622;1.0;0.9999570870735247;0.9999583019497006;0.9999591566534212;0.9999986227639482;0.9999986082053235;0.9999949096879577;1.0;0.9999685828589028;0.9999588353833457;1.0002426685911128;1.0002651587495366;0.9999948636871726;0.9999717277151103;0.9999983536096656;0.9988196308758822;0.9984130239538431;0.9982210893048258;0.9982399125871507;0.999994991499039;0.9976433107956385;0.9974299871309023;0.9986783240454042;0.9991996740166975;0.9999999999999999;1.0;0.9999962370335336;0.9999960577164823;0.9999967663983031;1.0;1.024999976158142;
2016-10-05 16:15:00;1.0;0.9999592045787015;0.9999999999999999;0.9999963954491903;1.0;0.9999948591987582;1.0002572436166741;0.9999739762091685;0.9999864343904624;1.0;0.9999822218617818;0.9999999999999999;1.0000314897506581;1.0;0.9999560022296115;0.9999564854440425;0.9999572211836032;0.9999985017050069;0.9999984795563857;0.9999924662889181;1.0;0.9999608538708215;0.9999569227011834;1.0002415992915934;1.0002639950164531;0.9999936036996696;0.9999651907658131;0.9999972990023149;0.9988853239181787;0.9985075286308565;0.9983337918161261;0.9983620501080503;0.9999934191001815;0.9978031624861962;0.997601450803142;0.9987865057897709;0.9992627789092552;0.9999999999999999;1.0;0.9999951950665732;0.9999952714136726;0.9999946849313107;1.0;1.024999976158142;
2016-10-05 16:30:00;0.9999999999999999;0.999957793339354;1.0;0.9999965137351289;0.9999999999999999;0.9999956393496997;1.0002560857922524;0.9999691495688954;0.9999889692598655;1.0;0.9999810848792702;1.0;1.000030880583263;1.0;0.9999432750119609;0.9999440889523917;0.9999451686676695;0.9999980697185304;0.9999980472121541;0.9999932152656662;1.0;0.999960599969617;0.9999447494690843;1.000240299199065;1.0002630635513539;0.9999929606880997;0.9999642093207066;0.9999977077089032;0.9988538250151706;0.9984908720702832;0.9983080555840349;0.9983452717471946;0.9999942597253546;0.9978318146481903;0.9976487046881262;0.9987505316940625;0.9992409413301487;1.0;1.0;0.9999957596730041;0.9999945608517924;0.9999956211788392;1.0;1.024999976158142;
2016-10-05 16:45:00;1.0;0.9999574771408588;1.0;0.99999729840481;1.0;0.999996233243476;1.0002545976107957;0.9999770033450739;0.9999888998570352;1.0;0.9999831718894079;1.0;1.000031140353366;1.0;0.9999583939170988;0.9999598791151089;0.9999606610321781;0.9999984833883405;0.9999984675243639;0.999993862857398;1.0;0.9999625959127039;0.9999603491252625;1.0002391735604539;1.000261236701894;0.9999945068779988;0.9999666901321312;0.9999980223976097;0.9988461579199635;0.9984527036848504;0.9982556300018035;0.9982709452264029;0.9999936132174043;0.9976536568595827;0.9974540848698907;0.9987180258104086;0.9992242222827987;1.0;1.0;0.9999952095701894;0.9999957470248464;0.9999959173498011;1.0;1.024999976158142;
2016-10-05 17:00:00;1.0;0.9999590267955337;1.0;0.9999967933357304;1.0;0.9999955780224407;1.0002557227121758;0.9999759478763293;0.9999875891043603;0.9999999999999999;0.9999837172915793;1.0;1.0000318427619386;1.0;0.9999573826632517;0.9999588107630951;0.9999596356614642;0.99999904714243;0.9999990326942522;0.9999933739412136;0.9999999999999999;0.9999639274140338;0.999959351981429;1.000240197057241;1.0002623135800095;0.9999945360188438;0.9999684268806502;0.9999976796803788;0.9988106589576426;0.998392515160981;0.9981689323984114;0.9981650611357765;0.9999930765958387;0.9974583103238643;0.9972557434031496;0.9986479943959452;0.9991907285332435;1.0;0.9999999999999999;0.9999948298831738;0.9999962359237101;0.9999954389723226;1.0;1.024999976158142;
2016-10-05 17:15:00;1.0;0.9999249458750004;0.9999999999999999;0.9999960256429753;0.9999999999999999;0.9999940128505137;1.0002547412499871;0.9999611533634609;0.999982266220006;1.0;0.9999680070685931;0.9999999999999999;1.0000278628505415;1.0;0.9999314006770679;0.9999325137615456;0.9999335491463505;0.9999952199248202;0.9999951638374398;0.9999892718754206;1.0;0.9999287625019545;0.9999329418009538;1.0002390874912663;1.000262166951985;0.9999892080453091;0.9999344745019376;0.9999968397849979;0.9988361091700626;0.9984685337568663;0.9982847645960681;0.9983230980861526;0.9999909545259876;0.9977522145126932;0.9975648721213288;0.9987682768584097;0.9992762371900638;1.0;1.0;0.9999933392508754;0.9999901306717809;0.9999929716793982;1.0;1.024999976158142;
2016-10-05 17:30:00;1.0;0.9998846670700886;1.0;0.9999965195600834;1.0;0.9999958923494592;1.000266337844663;0.9999310980949858;0.9999879644312465;1.0;0.9999455368362088;1.0;1.0000215660964284;1.0;0.9998652449277239;0.9998657280982977;0.9998678315504108;0.9999875437781854;0.9999873676677926;0.9999879415031024;1.0;0.9998863162392695;0.9998664052822757;1.0002491801741058;1.0002761293352922;0.9999804086656469;0.9998891142001962;0.999997759481032;0.9987827160438567;0.9984117116533016;0.9982344167099819;0.9982902478845173;0.9999941060671867;0.9977223391092377;0.9975275396308093;0.9987565770804006;0.9992815089150239;0.9999999999999999;1.0;0.9999956894066941;0.9999789081028598;0.999994030462124;0.9999999999999999;1.024999976158142;
2016-10-05 17:45:00;1.0;0.9999556414579829;1.0;0.9999960811815378;1.0;0.9999956862936091;1.0002457707729433;0.9999609006950939;0.999990266479883;1.0;0.9999785094750215;1.0;1.000028854934931;1.0;0.9999253936030884;0.9999260230783336;0.999927501777512;0.9999974200087072;0.9999973908064425;0.9999930993393267;1.0;0.9999577964992314;0.9999269321382532;1.000230289421649;1.0002528729582971;0.9999914373018705;0.9999607485066166;0.9999977290813971;0.9987457929412881;0.9983669009477286;0.9981800110505821;0.9982294869753464;0.9999950188618827;0.9975816621158975;0.9973865011222725;0.9987418426953558;0.9992711827951771;0.9999999999999999;1.0;0.9999963300166048;0.9999931894254018;0.9999959015459843;1.0;1.024999976158142;
2016-10-05 18:00:00;1.0;0.9998689394258291;1.0;0.9999947647273407;1.0;0.9999935736004752;1.000272735477478;0.9999199350064327;0.999982151487043;0.9999999999999999;0.9999391274136138;0.9999999999999999;1.0000223299519255;0.9999999999999999;0.99984573113247;0.999846761438013;0.9998492671225759;0.9999875175761722;0.9999872885608811;0.9999848874483784;1.0;0.9998724665009452;0.9998477332885827;1.000254968965556;1.0002828745735617;0.9999780604059216;0.999877324308217;0.999996512128014;0.9986966175906113;0.998312298739582;0.9981253780972371;0.9981902060957774;0.9999909732377643;0.9975541041053753;0.9973544939053275;0.9987151571065368;0.9992574290335593;0.9999999999999999;1.0;0.9999933621086032;0.9999776056971199;0.9999918732764059;1.0;1.024999976158142;
2016-10-05 18:15:00;1.0;0.999902337169118;1.0;0.9999938914170514;1.0;0.9999911266884172;1.000258538359155;0.9999464717449927;0.9999746099067182;1.0;0.9999588721877637;1.0;1.0000280143455962;1.0;0.9999056942667797;0.9999075612843648;0.9999091074525515;0.9999949306768189;0.9999948519747002;0.9999852214919592;1.0;0.9999087552914124;0.9999083455530909;1.0002423694161533;1.0002663464728263;0.9999860043276827;0.9999171985775337;0.9999953148157102;0.998774967174349;0.9983639072936769;0.9981403625363355;0.9981490793125356;0.9999867968486982;0.9974014695789134;0.9972039069752796;0.9986757884648866;0.999237700079292;1.0;0.9999999999999999;0.999990247414995;0.9999881467960622;0.9999901312101087;1.0;1.024999976158142;
2016-10-05 18:30:00;0.9999999999999999;0.9999199533482589;1.0;0.9999932506316657;0.9999999999999999;0.9999909835240446;1.00025534208003;0.9999444871659404;0.9999768169054818;1.0;0.9999640296226315;1.0;1.0000289165399936;1.0;0.9999014687939927;0.9999024545673689;0.9999042010784684;0.9999962756910814;0.9999962146795672;0.9999862277509979;1.0;0.999923336808434;0.9999034808093742;1.000239138853969;1.0002630109627149;0.9999866886076094;0.9999306276106613;0.9999952492990676;0.9987675442245711;0.9983413908800287;0.9981391280340866;0.9981537828152699;0.9999886041441151;0.9974209150532413;0.9971961696132088;0.9986783007362995;0.9992426699240393;1.0;1.0;0.999991660804385;0.9999896494385335;0.9999907587383726;1.0;1.024999976158142;
2016-10-05 18:45:00;1.0;0.9999324582091211;1.0;0.9999920353101605;1.0;0.9999901895523797;1.0002580427343102;0.999938392011202;0.999977436015655;1.0;0.9999673060455814;1.0;1.0000307000557078;1.0;0.9998893265642865;0.9998898097464975;0.9998919545946097;0.9999977603175441;0.9999977083359262;0.9999864070706349;1.0;0.9999341074571269;0.9998912336919535;1.000241354763011;1.0002657706854092;0.9999867033979193;0.9999409426186968;0.9999948367503421;0.9987160006146771;0.9982634984197595;0.9980282106596904;0.9980230187688625;0.9999893461654351;0.9971832328425121;0.9969588073405299;0.9985947294582227;0.999197748956325;1.0;1.0;0.9999922587651211;0.9999909040014588;0.9999908399773164;1.0;1.024999976158142;
2016-10-05 19:00:00;1.0;0.9999295914561666;1.0;0.9999894075649383;1.0;0.9999891852842496;1.0002618204002296;0.9999088584734406;0.9999795299108128;1.0;0.9999619536402283;1.0;1.000031263841594;0.9999999999999999;0.999825576636083;0.9998264350781918;0.99983022296332;0.999997993201494;0.9999979154670061;0.9999856852003177;0.9999999999999999;0.9999325418392973;0.9998290864475322;1.0002437874639547;1.000270522792142;0.9999826792073349;0.9999385724530392;0.9999942923999923;0.9987401166375613;0.9982974301364667;0.9980428688343598;0.9980268333495799;0.9999899484208281;0.9971580805775065;0.9969547661319957;0.9986037374216782;0.9992041816636767;1.0;1.0;0.9999926459746279;0.9999889159660706;0.9999913111216188;0.9999999999999999;1.024999976158142;
2016-10-05 19:15:00;1.0;0.9999277993408178;0.9999999999999999;0.9999884286303375;1.0;0.9999881635481924;1.0002583609808382;0.9999029847507604;0.9999776198486684;1.0;0.9999607500493879;1.0;1.0000312973224923;1.0;0.9998147052271668;0.9998156686654708;0.9998197358205823;0.9999984972522253;0.9999984226628964;0.9999846837778378;1.0;0.9999311110801068;0.9998185612225511;1.0002403451813646;1.0002670432422822;0.9999818992967919;0.9999377651193874;0.9999937589453253;0.9988180441205422;0.9983725613209711;0.9981476790364595;0.9981290292801507;0.999988988057176;0.9973038806973102;0.9970776777491112;0.9986721208034873;0.9992439228039401;0.9999999999999999;1.0;0.9999919405321717;0.9999889169971862;0.9999905974939008;1.0;1.024999976158142;
2016-10-05 19:30:00;1.0;0.9999324690731802;1.0;0.9999925482500146;1.0;0.9999905976677689;1.0002564105419012;0.9999455878065562;0.999976893646517;1.0;0.9999702693111735;0.9999999999999999;1.0000316660182647;1.0;0.9999025036103333;0.9999041764284817;0.9999061531274382;0.9999989062027839;0.999998865508101;0.9999870826882109;1.0;0.9999382384396666;0.999905556765409;1.0002400499893382;1.0002636974038257;0.9999886262692376;0.9999460180290479;0.9999950562175872;0.9987572042319268;0.998292036150707;0.9980354360275141;0.9980017451147107;0.9999880063570705;0.9970944561881118;0.9968732920729374;0.9985814596312066;0.9991926274058582;1.0;1.0;0.999991143969327;0.9999929094113045;0.9999911405349302;1.0;1.024999976158142;
2016-10-05 19:45:00;1.0;0.9999093716675995;0.9999999999999999;0.999985680342881;0.9999999999999999;0.9999863560804898;1.0002609691262618;0.999872413327874;0.9999759120160107;1.0;0.9999502811993308;1.0;1.0000308438090357;1.0;0.999750916932672;0.9997527580817848;0.9997583573975349;0.9999978430894211;0.9999977242866334;0.9999821628424038;1.0;0.9999157186756008;0.9997567341503283;1.0002418081909232;1.0002706536573145;0.9999768017007812;0.9999230286997943;0.9999927836950528;0.9989179731837534;0.9984946823318287;0.9982695545662149;0.9982397045212147;0.9999874078396812;0.9974604277347419;0.9972527890342241;0.9987360734752514;0.999280229297161;1.0;1.0;0.9999906913308416;0.9999856000629432;0.9999897392320911;1.0;1.024999976158142;
2016-10-05 20:00:00;1.0;0.9998968229321821;0.9999999999999999;0.9999828763173065;0.9999999999999999;0.9999820720783406;1.000268476145575;0.9998593169120872;0.999966187379255;0.9999999999999999;0.9999425014272812;1.0;1.0000314310956355;1.0;0.9997340916264523;0.9997345747336482;0.9997402981013668;0.9999974967599782;0.999997339713988;0.9999769521870432;1.0;0.9998984721214126;0.999738617967085;1.0002486533301698;1.000278583042951;0.9999732153023031;0.9999080554081036;0.9999905167543224;0.9988788148254196;0.9984056588436551;0.9981640481014488;0.9981108951128591;0.9999842543705354;0.9972063470795538;0.9969676720656072;0.9986622300810181;0.9992383283368722;0.9999999999999999;1.0;0.9999885878823064;0.9999833598991084;0.9999855872168936;1.0;1.024999976158142;
2016-10-05 20:15:00;1.0;0.9998888866573968;0.9999999999999999;0.9999902547564664;0.9999999999999999;0.9999869986574272;1.0002653641000436;0.9999197294885278;0.9999676265434194;1.0;0.9999483265560173;0.9999999999999999;1.0000279786842639;1.0;0.9998582598746553;0.9998587843725119;0.9998612190018361;0.9999941227491254;0.9999939749664546;0.9999802513054541;1.0;0.9998906804650758;0.9998601669052378;1.0002480373896876;1.0002741067521654;0.9999803788031036;0.9999003406002646;0.9999931105451737;0.9990097576869222;0.9985570261681508;0.9983239146327586;0.9982548475036985;0.9999848645774324;0.997391014662943;0.9971634779252749;0.9987565742759094;0.9992919967971388;1.0;1.0;0.9999890221483896;0.9999844099972832;0.9999867668499088;0.9999999999999999;1.024999976158142;
2016-10-05 20:30:00;1.0;0.9998731500385036;1.0;0.9999909688283654;1.0;0.9999882965325881;1.0002650555616426;0.9999127326366368;0.9999702409672114;0.9999999999999999;0.9999414163744889;0.9999999999999999;1.0000254780707387;1.0;0.9998405053325069;0.9998415737290184;0.999844327016276;0.9999916821910352;0.9999914980477779;0.9999804438239425;1.0;0.9998768226808779;0.9998430200561051;1.0002475751675224;1.0002743829519447;0.9999781827495866;0.9998857238051346;0.9999937706358049;0.9990477216819829;0.9986156258248801;0.9984081708479574;0.9983555696479021;0.999985546817604;0.9975568738792575;0.9973292242538803;0.9988342259970686;0.9993361687965728;1.0;1.0;0.9999894456371266;0.9999811679693289;0.9999876360841392;1.0;1.024999976158142;
2016-10-05 20:45:00;1.0;0.9998458225475957;1.0;0.999987169096499;1.0;0.9999842731410563;1.0002697017807238;0.9998815211367529;0.999962030880361;1.0;0.9999278483426932;0.9999999999999999;1.000025474306423;1.0;0.9997809520296742;0.9997827105556953;0.9997867761720933;0.9999911980599695;0.9999909446024838;0.9999751330889309;1.0;0.9998518798184162;0.9997850903004611;1.0002510903574695;1.0002799371614561;0.9999722656816707;0.9998634370902582;0.9999916211748127;0.999090663825204;0.99866621595316;0.9984714380998015;0.9984214517495139;0.9999811951707338;0.9976559932758194;0.9974261230396748;0.9988806423530622;0.999362230292112;1.0;1.0;0.9999862217352445;0.9999775461258312;0.9999843464666435;1.0;1.024999976158142;
2016-10-05 21:00:00;1.0;0.9998777682483313;0.9999999999999999;0.9999875980987649;1.0;0.9999866310601419;1.000265210410324;0.9998810154014025;0.9999718654499142;1.0;0.9999385180147126;0.9999999999999999;1.0000267072484905;1.0;0.9997730069647499;0.9997742438776425;0.9997788043226201;0.9999930622893113;0.9999928577311326;0.9999796609255923;1.0;0.99988201866628;0.9997771190521713;1.000246473105708;1.0002753194867653;0.9999744998189977;0.999890179531241;0.9999928836074913;0.9991202072670589;0.9987125578376953;0.9985002090669983;0.9984404276412823;0.999986128936753;0.997673066843081;0.9974692583303697;0.9988878352859595;0.9993664445802117;1.0;1.0;0.9999898443282705;0.9999803297042867;0.9999879259835395;1.0;1.024999976158142;
2016-10-05 21:15:00;1.0;0.9998909976828976;1.0;0.9999800430742;1.0;0.9999818451288726;1.0002668169892677;0.99981942769435;0.999971821018615;1.0;0.99993430064773;1.0;1.0000303781245972;1.0;0.9996454793462355;0.9996465888562566;0.9996545746290177;0.9999968638365444;0.9999966217601322;0.9999769403929764;1.0;0.999894815023078;0.999652255368468;1.0002455606679148;1.000278268313456;0.9999675288364277;0.9999024199804952;0.9999903392407267;0.999167033522706;0.9987669037408672;0.9985684671521375;0.9985104818270029;0.9999862275422727;0.9977819260870128;0.9975750295391305;0.9989335628866169;0.9993923744868004;0.9999999999999999;1.0;0.9999899318551009;0.9999797400075239;0.9999872219730745;1.0;1.024999976158142;
2016-10-05 21:30:00;1.0;0.999914816366727;1.0;0.9999833184718916;1.0;0.9999849858053599;1.0002601114825158;0.9998498962907357;0.9999773894546645;1.0;0.9999471346731199;1.0;1.0000305950629924;1.0;0.9997050681436185;0.9997057801522135;0.9997124607742621;0.9999978229414906;0.9999976531181145;0.9999812531015249;1.0;0.999917260672686;0.9997105518494932;1.0002401295278671;1.0002705005380785;0.9999733513997404;0.9999232320134425;0.999992030086109;0.999190982748478;0.9987931023635581;0.9985986111465045;0.9985367844296023;0.9999891137822825;0.9978128319727808;0.997605119913204;0.9989515117048424;0.9994025472045801;1.0;1.0;0.999992062530664;0.9999837084566848;0.9999896439715342;0.9999999999999999;1.024999976158142;
2016-10-05 21:45:00;1.0;0.9998908781213497;1.0;0.9999854841378707;0.9999999999999999;0.9999844345242475;1.0002582435104832;0.999877843791852;0.9999680358244835;1.0;0.9999449123668518;1.0;1.0000297422633573;1.0;0.9997683046571135;0.9997702730873026;0.9997752427811447;0.9999970278125535;0.9999968685952706;0.9999789404677206;1.0;0.9998976581042089;0.9997737279057337;1.0002396955926154;1.0002676399983403;0.9999761522648137;0.999907626119032;0.9999917537352025;0.9991809745250727;0.9987803380306898;0.9985960556537296;0.9985404701760545;0.9999837260218883;0.9978210264691822;0.9976040263295162;0.9989603426367076;0.9994075598391179;1.0;1.0;0.9999880208673951;0.9999845570859409;0.9999868959109539;0.9999999999999999;1.024999976158142;
2016-10-05 22:00:00;1.0;0.9998955310263412;1.0;0.999986070091057;1.0;0.9999861788417773;1.0002569132402137;0.9998721121157135;0.9999741608168671;1.0;0.9999443170998614;1.0;1.0000282590894132;0.9999999999999999;0.9997523285055503;0.9997537943940145;0.9997591355696638;0.9999957561863246;0.9999955873750254;0.9999808109246467;1.0;0.999900576849897;0.9997574338963796;1.0002381321180283;1.0002667705189179;0.999975141686931;0.9999081465020139;0.9999926621669157;0.9992342105311384;0.9988614114910838;0.9986882110199337;0.9986403870045489;0.9999869594975397;0.9979908104302537;0.997789914511799;0.9990226077958114;0.9994424639640457;1.0;0.9999999999999999;0.999990414884016;0.999982943571225;0.9999888624898551;1.0;1.024999976158142;
2016-10-05 22:15:00;1.0;0.9998744340185461;1.0;0.9999790381123048;1.0;0.9999794640915084;1.0002655350095075;0.9998189931270014;0.9999638510781788;1.0;0.9999293705475734;1.0;1.000030291614114;1.0;0.9996501212646567;0.9996517174936674;0.9996594759987449;0.9999969146295458;0.9999966442638908;0.9999736084848739;1.0;0.9998799119808741;0.999657220044777;1.0002445576131305;1.0002767783863085;0.9999665825523183;0.9998903732245981;0.9999890738343161;0.9992705237448783;0.998891401216839;0.9987247521029252;0.9986716295192704;0.9999821766188326;0.9980262822768806;0.9978155206702999;0.999043806960275;0.9994548742299654;0.9999999999999999;0.9999999999999999;0.9999869504138854;0.9999792637960684;0.999984408523006;1.0;1.024999976158142;
2016-10-05 22:30:00;1.0;0.9999167515868495;1.0;0.9999883444446165;1.0;0.9999881935041484;1.0002484154358684;0.9998960925027629;0.9999777637343454;1.0;0.9999551120053808;1.0;1.0000283422951828;1.0;0.9998003887944121;0.9998012695389918;0.9998055505551452;0.9999968378790419;0.9999967212483017;0.9999839042243349;1.0;0.999919773936258;0.9998042034094944;1.000230825767066;1.0002573014519354;0.9999797944021769;0.9999261856135201;0.9999937493231571;0.999331587074609;0.9989890826367727;0.9988238730438387;0.9987711543914071;0.9999891288768032;0.9981734421022131;0.9979926777138625;0.9991110332472249;0.9994930997960841;1.0;1.0;0.9999920522477076;0.9999863786591754;0.9999904218252573;1.0;1.024999976158142;
2016-10-05 22:45:00;1.0;0.9999058072506972;1.0;0.9999891277239737;1.0;0.9999862324882821;1.0002468891835479;0.9999183788891962;0.9999678479094154;1.0;0.9999549938590637;1.0;1.0000283106355252;1.0;0.9998552965725179;0.9998558846731042;0.9998586201668019;0.9999968577922962;0.9999967381635105;0.9999809342274035;0.9999999999999999;0.9999078175506125;0.9998576807181055;1.0002304484610482;1.0002548595075875;0.9999819242601369;0.9999175748555087;0.9999927217128468;0.9993923760404554;0.9990607488905817;0.9989101272046553;0.9988568050922771;0.9999849088191883;0.9982768268470272;0.9980953093540269;0.9991834708300584;0.999534146037712;1.0;1.0;0.9999890463844259;0.9999875452011285;0.9999869888957993;1.0;1.024999976158142;
2016-10-05 23:00:00;0.9999999999999999;0.9999131829819556;1.0;0.999988724288131;1.0;0.9999880952804797;1.0002428855038148;0.9999028973047921;0.9999756629750185;1.0;0.9999562739384462;1.0;1.0000283283459084;1.0;0.999814689630373;0.9998164068868208;0.9998204020328457;0.9999974951961892;0.9999973932212294;0.9999837189396701;1.0;0.9999190960252474;0.9998191761185354;1.0002259071824788;1.0002512838873636;0.999981128969417;0.9999267540271699;0.999993707140081;0.9994060383690735;0.9990888352227212;0.9989514581181665;0.9989089919728827;0.9999874096315697;0.9983708059843112;0.9981926398238493;0.9992214346164469;0.9995553965826762;0.9999999999999999;1.0;0.9999907080747666;0.9999876542393248;0.999990011036549;1.0;1.024999976158142;
2016-10-05 23:15:00;1.0;0.9999308935462841;1.0;0.9999916220906746;1.0;0.999991021994142;1.000236177741128;0.9999274254298504;0.9999810270991288;1.0;0.9999661026943587;1.0;1.0000279942321062;1.0;0.999861676047958;0.9998632090216084;0.9998661744961981;0.9999979256229479;0.9999978565501705;0.9999874978209337;0.9999999999999999;0.9999361553898203;0.9998652494466238;1.000220302457312;1.0002437532344204;0.9999857228312574;0.9999422612818445;0.9999952604764576;0.9995082857275364;0.9992108379552969;0.9990860570603902;0.9990355699794258;0.9999900098400597;0.9985549743626913;0.9983850067479414;0.9992977383976215;0.999598493157941;0.9999999999999999;1.0;0.9999926057529711;0.9999905097580618;0.9999923001131749;0.9999999999999999;1.024999976158142;
2016-10-05 23:30:00;0.9999999999999999;0.9999363845681482;0.9999999999999999;0.999992630257023;1.0;0.999991702746922;1.000231595431849;0.999936391816044;0.9999820638372119;0.9999999999999999;0.9999682667148129;1.0;1.0000269176726617;1.0;0.9998810147613068;0.9998817111351459;0.9998841282804649;0.9999973956429232;0.9999973394656726;0.9999881946153567;1.0;0.9999387554138782;0.9998833102265404;1.0002162963991623;1.0002389070535949;0.9999867499880469;0.9999441504797388;0.9999956263431664;0.9995281694968351;0.99923792553055;0.9991226013810363;0.9990755346228942;0.9999912477191376;0.9986146923867698;0.9984444782168312;0.9993286422736326;0.9996163864694405;0.9999999999999999;1.0;0.9999936029309922;0.9999906235190146;0.999992549545292;1.0;1.024999976158142;
2016-10-05 23:45:00;1.0;0.9999401749611639;1.0;0.9999934254865678;1.0;0.9999935735889843;1.0002306884186296;0.9999350046097203;0.9999873391529894;0.9999999999999999;0.9999696840073177;1.0;1.000026536620528;1.0;0.9998728300761639;0.9998740638558317;0.9998767919907021;0.9999971535583676;0.999997103793504;0.9999903883635266;0.9999999999999999;0.9999444264896319;0.9998758752081656;1.0002152748296322;1.0002381622555552;0.9999871043179733;0.9999483585481176;0.9999966099262342;0.9995253133548656;0.9992312963217311;0.9991173679163871;0.9990697546461758;0.9999931371752547;0.9986122398350833;0.9984379254015243;0.9993199067615819;0.9996113098154022;1.0;1.0;0.9999948977986975;0.999990614413336;0.9999946113660171;1.0;1.024999976158142;
2016-10-06 00:00:00;1.0;0.999935097223546;1.0;0.9999927845600144;0.9999999999999999;0.9999917384209255;1.0002339440054502;0.999938021588606;0.9999817608654129;1.0;0.9999681557916795;1.0;1.0000271508245244;1.0;0.9998845018461924;0.9998852744069433;0.999887598685601;0.9999973172991645;0.9999972533914727;0.9999881478502218;1.0;0.9999377591508544;0.9998867995528602;1.0002185770343484;1.000241267250694;0.9999869093496832;0.9999433157773434;0.99999563989672;0.9995179191636152;0.9992268341881728;0.9991119191798286;0.999067553659198;0.9999910349739376;0.9986057850168751;0.9984346290425663;0.999324920131295;0.9996142784048564;1.0;1.0;0.9999934399695516;0.9999906431500549;0.9999924740595704;1.0;1.024999976158142;
2016-10-06 00:15:00;1.0;0.9999390886057606;1.0;0.9999951836449327;1.0;0.9999943502739975;1.0002305551054478;0.9999538679472151;0.9999859703890506;1.0;0.9999725926952295;1.0;1.0000264792433788;1.0;0.9999127279824603;0.9999141717679907;0.9999158978636928;0.9999970139477851;0.9999969642950225;0.9999909001831605;1.0;0.9999440626030096;0.999915234717836;1.0002158708308542;1.000237454909522;0.9999897159391073;0.9999487583955178;0.9999970170829707;0.9995672915023864;0.9992919110773334;0.9991815701481332;0.9991354255364809;0.9999923250743772;0.9987142417990795;0.9985533367933901;0.9993626005896222;0.9996353531347612;1.0;1.0;0.999994286000627;0.9999919125334322;0.9999944175586966;1.0;1.024999976158142;
2016-10-06 00:30:00;1.0;0.9999317681293199;1.0;0.999993947270958;1.0;0.99999144775523;1.0002272048890257;0.99995647419129;0.9999773627268608;1.0;0.999970657608932;0.9999999999999999;1.0000268121620957;1.0;0.9999258623505781;0.9999269340837865;0.9999282153569811;0.9999977404085749;0.9999976940221798;0.999987516600838;1.0;0.9999354401041212;0.9999277200836433;1.0002129986935107;1.0002336594284817;0.9999894915925913;0.9999428199472554;0.9999954990177709;0.9996195901990185;0.9993709756503559;0.9992637490504469;0.9992197222354336;0.9999887742673584;0.9988474928994625;0.9987071839945857;0.9994161097980394;0.9996660488104216;1.0;1.0;0.9999917727569949;0.9999923988058358;0.9999912187944495;0.9999999999999999;1.024999976158142;
2016-10-06 00:45:00;1.0;0.9999555602743837;1.0;0.9999965516612872;1.0;0.9999954166477701;1.0002218660656232;0.9999720211806803;0.9999874844276072;1.0;0.9999816477214248;1.0;1.0000270049881894;1.0;0.9999494323081269;0.9999507934660087;0.9999517697006449;0.999998586069445;0.9999985672092464;0.9999929746767265;1.0;0.9999602450290966;0.99995141390845;1.0002082176518856;1.0002278377450138;0.9999936289534742;0.9999646853533198;0.9999975928834454;0.9995761861363587;0.9993162338969005;0.999215818322198;0.9991787910939468;0.9999930876273845;0.9987990011382379;0.9986445659063705;0.9993897532023235;0.9996508668374328;1.0;1.0;0.9999948461991505;0.999995356650746;0.9999952964210981;1.0;1.024999976158142;
2016-10-06 01:00:00;1.0;0.9999553274646599;1.0;0.9999961842644505;1.0;0.9999943755211751;1.000220665112506;0.9999742384156839;0.9999845801544025;1.0;0.9999815274911956;1.0;1.0000270500411115;0.9999999999999999;0.9999573519561669;0.9999582105114168;0.9999589231214664;0.9999987668314273;0.999998747157423;0.9999918287383605;1.0;0.9999582779237272;0.9999586493082969;1.000207225356397;1.000226461065098;0.9999936532969309;0.9999634374445727;0.9999970471762931;0.9996214979668434;0.9993779652263863;0.999273952262568;0.9992322149541817;0.9999922343923382;0.9988688853077693;0.9987307607306753;0.999425545798229;0.9996711320412135;1.0;0.9999999999999999;0.9999942940141802;0.9999955208813832;0.999994126864932;0.9999999999999999;1.024999976158142;
2016-10-06 01:15:00;1.0;0.9999659661579822;1.0;0.9999964481415868;0.9999999999999999;0.9999955068694655;1.0002171071108459;0.9999724307522941;0.9999891069055923;1.0;0.9999843762436552;1.0;1.0000267050487548;1.0;0.9999505885899932;0.9999510940543433;0.9999520460950642;0.9999989062027839;0.9999988896322495;0.999993613605527;1.0;0.9999676872121799;0.9999517191086295;1.0002036750328827;1.0002229605628614;0.9999939488681946;0.9999711596361041;0.9999976410101862;0.9996932410971896;0.9994910502544542;0.9993857732907403;0.9993463753308633;0.9999946093692915;0.9990566170103575;0.9989545492969903;0.9994924000835318;0.9997091065586412;1.0;1.0;0.9999960503906975;0.9999957991258837;0.9999956798770089;1.0;1.024999976158142;
2016-10-06 01:30:00;1.0;0.9999668330407584;1.0;0.9999982652037668;1.0;0.9999974131538578;1.0002143291109526;0.9999833125298954;0.9999921485540398;1.0;0.9999863359000795;1.0;1.0000256424978695;1.0;0.999970232901345;0.9999709864457922;0.9999714669162777;0.9999981509222192;0.9999981374628129;0.9999953957420921;1.0;0.999969422157923;0.9999712109470199;1.0002014147221712;1.000219963451919;0.9999955166653038;0.9999721190742373;0.9999986418026872;0.9997334378438812;0.9995424641880963;0.9994465967642717;0.9994083168935279;0.9999957558609726;0.9991525571615041;0.9990537146314871;0.9995325239192945;0.9997314343992647;1.0;1.0;0.9999968458303113;0.9999960161166546;0.9999969780371532;1.0;1.024999976158142;
2016-10-06 01:45:00;1.0;0.999964280494143;1.0;0.9999978705978001;1.0;0.9999975110095056;1.0002114439094323;0.9999773436328102;0.9999929148966753;1.0;0.9999853161522496;1.0;1.0000254823676467;1.0;0.9999559595696664;0.9999573811649914;0.9999582857291918;0.9999983929791315;0.9999983795696641;0.9999955490002376;1.0;0.9999691828680575;0.9999579352401634;1.0001984665846801;1.0002171583404422;0.9999949655489238;0.9999719294392923;0.999998692717311;0.9998306626742077;0.9996900450093748;0.9995906913884074;0.9995521816314646;0.9999954881189047;0.9993733203766388;0.9993196424104508;0.9996233680005093;0.9997828488625771;1.0;1.0;0.9999965691723726;0.9999959205827053;0.9999973773491734;1.0;1.024999976158142;
2016-10-06 02:00:00;1.0;0.9999533215797367;1.0;0.9999972665370626;1.0;0.9999970610537453;1.000212084158592;0.9999689144226284;0.9999917198219258;1.0;0.9999807848948585;1.0;1.0000250330685534;1.0;0.9999381882092216;0.9999402554159986;0.9999415720103482;0.999997892084148;0.9999978744791702;0.9999945480399597;0.9999999999999999;0.9999604648392182;0.9999410780833267;1.0001988426697515;1.0002180932469096;0.9999933495782188;0.9999638306867823;0.9999984553494858;0.9998468365130377;0.9997081926094709;0.999607324201522;0.9995654179125077;0.9999943521877359;0.9993894866513093;0.9993384897100236;0.9996300649420227;0.9997870212215925;0.9999999999999999;1.0;0.9999956694176219;0.9999946236495676;0.999996971569619;1.0;1.024999976158142;
2016-10-06 02:15:00;1.0;0.9999674305252737;1.0;0.9999970977508462;0.9999999999999999;0.99999695070079;1.000210852718126;0.9999713077769666;0.9999929709300134;1.0;0.9999850407033554;1.0;1.0000256052578378;1.0;0.9999441654220852;0.9999451703193983;0.9999463586543006;0.9999986243278844;0.9999986119134613;0.9999952109488969;1.0;0.9999708870391782;0.9999459497845983;1.0001976742069814;1.0002167057914102;0.9999941543459829;0.999973334711373;0.9999983998425533;0.9998227468636681;0.9996850072837025;0.9995871005171284;0.9995525453617078;0.9999958974581029;0.9993805203309198;0.9993283404297122;0.9996243317877591;0.9997835197530368;1.0;1.0;0.999996916449255;0.9999956750199547;0.999997213972643;0.9999999999999999;1.024999976158142;
2016-10-06 02:30:00;1.0;0.9999704390712848;1.0;0.9999979897810951;1.0;0.9999972142569911;1.0002107869769166;0.9999826144820525;0.9999921868263107;1.0;0.9999875811528874;1.0;1.000025692973877;1.0;0.9999688776359745;0.9999695708251046;0.999970123247539;0.99999866415013;0.9999986530918138;0.9999954862420751;1.0;0.9999728108785049;0.9999698843468126;1.0001980262908545;1.0002162887205677;0.9999957292685656;0.9999754758703023;0.9999985385541934;0.9998307829842993;0.9996906331310039;0.9995885050370741;0.9995483793717124;0.9999958304103327;0.9993639378792208;0.9993125078896131;0.9996212259861237;0.9997818955648868;0.9999999999999999;1.0;0.9999969071457095;0.9999965623346808;0.9999969966890125;1.0;1.024999976158142;
2016-10-06 02:45:00;1.0;0.9999698166198487;1.0;0.9999975621032096;1.0;0.9999971711983484;1.0002099420159605;0.9999761818006253;0.9999931112957723;1.0;0.9999860755749382;1.0;1.0000252835422538;1.0;0.9999549506191372;0.9999555387783385;0.9999564217063922;0.9999983961350812;0.9999983842710656;0.9999954229673531;0.9999999999999999;0.9999718270484541;0.9999560771269033;1.000196989241343;1.0002156732449383;0.9999946884228592;0.9999740479866642;0.9999985158669984;0.9998503672605878;0.9997171580978789;0.9996202547404419;0.9995819598652241;0.9999963449965072;0.9994197587749215;0.9993707375402637;0.9996420191629194;0.9997935282570671;1.0;1.0;0.9999972912678797;0.9999957731949455;0.9999972044882838;1.0;1.024999976158142;
2016-10-06 03:00:00;1.0;0.9999677754931668;1.0;0.9999981373679462;1.0;0.9999978115905565;1.0002098898786074;0.9999807337197162;0.9999934590458994;1.0;0.9999874168648606;1.0;1.0000257672793058;1.0;0.9999622630768312;0.9999638500564477;0.9999646585071258;0.9999988663849193;0.9999988574091456;0.9999961216288872;1.0;0.9999732565840438;0.9999643664773128;1.0001970887323748;1.0002154104311451;0.9999958671365903;0.9999759748745336;0.9999988522015852;0.9998427805349681;0.9997115858117774;0.9996103655369175;0.9995722078612713;0.9999955811411401;0.9994058512428917;0.9993614455831206;0.9996353113508857;0.9997897285076734;1.0;1.0;0.9999966155385378;0.9999968071890217;0.9999976991645421;1.0;1.024999976158142;
2016-10-06 03:15:00;1.0;0.9999642392196185;1.0;0.9999976654780726;1.0;0.9999975996696664;1.0002111621651053;0.9999748367070391;0.9999934340753596;1.0;0.9999855490934606;1.0;1.00002582370711;0.9999999999999999;0.9999494817062451;0.9999513645672287;0.9999524971394763;0.999998786740372;0.999998774397202;0.9999957978619286;1.0;0.9999707312601513;0.9999521143161058;1.000198086226539;1.000216892673234;0.9999949695324803;0.9999735457241127;0.9999987392000563;0.9998245475337454;0.9996922324519781;0.9995917177275682;0.9995579241586675;0.9999953002247978;0.9993861843113289;0.9993403561698334;0.999630521655942;0.9997874140384404;0.9999999999999999;1.0;0.9999963759697086;0.99999625327385;0.9999976821706541;1.0;1.024999976158142;
2016-10-06 03:30:00;1.0;0.9999815785062088;1.0;0.9999980977550951;1.0;0.9999978766468993;1.0002089497057582;0.9999837047817061;0.9999950122986987;1.0;0.9999917834821634;1.0;1.000026363150763;1.0;0.9999689719685809;0.9999696205653454;0.9999702944190693;0.9999995834361862;0.9999995789298175;0.9999969600478926;0.9999999999999999;0.9999838065385318;0.9999700880488753;1.000196209314535;1.0002143114269717;0.9999967999987274;0.9999855850443963;0.999998887980555;0.9998019178545119;0.9996631960967776;0.9995619214348124;0.9995291287928585;0.9999971482012731;0.9993530048984578;0.999302279872459;0.9996061082141025;0.9997733394314205;1.0;1.0;0.9999978627504851;0.9999979151676576;0.9999980901520357;1.0;1.024999976158142;
2016-10-06 03:45:00;0.9999999999999999;0.9999700069061176;0.9999999999999999;0.9999981232727007;1.0;0.9999975415090345;1.0002099722295426;0.9999841980945036;0.9999924289379476;1.0;0.9999891042578007;1.0;1.000026410936406;0.9999999999999999;0.9999701610672093;0.9999718339985473;0.9999724848542485;0.9999994838825327;0.9999994777618709;0.9999960491067916;1.0;0.999975776489188;0.999972277550014;1.0001972852743157;1.0002152824615365;0.9999966652090462;0.9999789466758398;0.999998711781275;0.9997901965229438;0.9996534730214053;0.9995499949096545;0.9995197884483509;0.9999950377527124;0.9993348920634327;0.9992873287476329;0.9996062039943392;0.999772998773087;1.0;1.0;0.9999962130632577;0.9999977582035757;0.9999974248486196;1.0;1.024999976158142;
2016-10-06 04:00:00;1.0;0.9999804315905491;1.0;0.9999979503471575;1.0;0.999997727719655;1.000208814771306;0.9999820772012679;0.9999947919111202;0.9999999999999999;0.9999909778419889;1.0;1.0000261803763664;1.0;0.999965917248783;0.9999664831499229;0.999967209990293;0.9999994241511929;0.999999418979538;0.9999967197155881;1.0;0.9999823702482846;0.9999669785221742;1.0001960367982745;1.0002142402967047;0.9999964153544035;0.999984148949263;0.999998809847959;0.9997911755523246;0.9996541896147648;0.9995563878604707;0.9995289104800629;0.9999971251364456;0.999361206716534;0.9993096734721356;0.9996072225649069;0.9997739695131242;1.0;0.9999999999999999;0.9999978564785973;0.99999757290143;0.999997955210081;1.0;1.024999976158142;
2016-10-06 04:15:00;1.0;0.9999691009865795;1.0;0.9999971029163174;1.0;0.9999969743588832;1.0002095864281506;0.9999731041755235;0.9999928081915438;1.0;0.9999866037745813;1.0;1.0000261061480977;1.0;0.9999473016621809;0.9999487041632232;0.9999498900131146;0.9999992832113442;0.9999992749065142;0.9999954737937035;0.9999999999999999;0.9999739304892616;0.9999495279920886;1.0001965220530367;1.0002152554997528;0.9999948771678966;0.9999766941261771;0.9999984138736908;0.9998295289467446;0.9996903404974904;0.9995900662273086;0.9995515450355934;0.9999954588859254;0.999370330592883;0.9993184963481089;0.9996243250838176;0.9997835122039967;1.0;1.0;0.9999965505177518;0.9999966202432243;0.9999973270497934;1.0;1.024999976158142;
2016-10-06 04:30:00;1.0;0.9999717745629967;1.0;0.9999980524148239;0.9999999999999999;0.9999976751013243;1.0002083391688565;0.9999832055274003;0.9999930894904611;0.9999999999999999;0.9999897642546406;1.0;1.0000264434999118;1.0;0.9999673209082435;0.9999691211089694;0.9999698820737635;0.999999735112539;0.9999997305898424;0.9999963559986782;1.0;0.9999779772818983;0.9999696634369257;1.000195683957206;1.0002136179431056;0.999996772060477;0.9999809938471295;0.9999987824010638;0.99982785036064;0.9996848579469828;0.9995895906787935;0.9995521440959003;0.9999952211141201;0.9993751833011776;0.9993167878940592;0.9996234506888756;0.9997830190327591;0.9999999999999999;1.0;0.9999963293208045;0.999998027248726;0.9999977075760139;1.0;1.024999976158142;
2016-10-06 04:45:00;0.9999999999999999;0.9999791118520078;1.0;0.9999981929826559;1.0;0.9999977992527861;1.000207448665403;0.9999852591923191;0.9999941888832463;1.0;0.999991515964681;1.0;1.0000262240264157;1.0;0.999972395688337;0.9999732955919335;0.9999738890169148;0.9999996263862428;0.999999622446202;0.9999967558501975;1.0;0.9999822070263527;0.9999737068024289;1.0001948768141862;1.0002127007614898;0.9999970015337578;0.9999844071745744;0.9999988478067131;0.9998290035760693;0.9996941294751909;0.9995964674657846;0.9995611167073118;0.9999965449903543;0.9993897668729295;0.9993398641694933;0.9996313680070471;0.9997880179486652;1.0;1.0;0.9999973964337947;0.9999980605122674;0.9999978814255263;0.9999999999999999;1.024999976158142;
2016-10-06 05:00:00;0.9999999999999999;0.9999787330377752;1.0;0.99999796127611;1.0;0.9999977468208551;1.0002085645988112;0.9999817011751528;0.9999946424021962;1.0;0.9999905097368124;0.9999999999999999;1.0000260975011737;1.0;0.9999649290890256;0.9999656636104772;0.9999664182217807;0.9999993735924679;0.9999993684540652;0.9999966533299878;1.0;0.9999812495090976;0.9999661759079709;1.0001957980690246;1.0002139963096726;0.9999963359647875;0.9999831552992167;0.999998819993015;0.9998341097868557;0.9996992952258396;0.9995949232498292;0.9995548155659505;0.9999969035320424;0.9993845777755671;0.9993392149965429;0.9996179935033551;0.999779933073166;1.0;0.9999999999999999;0.9999976756116432;0.9999974874855416;0.9999979419354417;1.0;1.024999976158142;
2016-10-06 05:15:00;1.0;0.9999807540644223;1.0;0.9999983443081778;1.0;0.9999982304404248;1.0002094984318315;0.9999845783037334;0.9999955858743843;0.9999999999999999;0.9999919118109013;1.0;1.0000263985404552;1.0;0.999969797636718;0.9999707198775014;0.9999713976808313;0.9999995451776986;0.9999995411617486;0.9999972912044932;1.0;0.999983921293137;0.9999711875897953;1.000196747941977;1.0002148617738729;0.9999970139762475;0.9999856611347782;0.999999073503211;0.9998290175298133;0.9996949355950447;0.9995905914637002;0.9995522160660472;0.9999971576602286;0.9993893774366368;0.9993446883424082;0.9996127128352638;0.9997768040822478;1.0;1.0;0.9999978353085053;0.9999979992266195;0.999998388923778;1.0;1.024999976158142;
2016-10-06 05:30:00;1.0;0.9999761097191309;1.0;0.999998091852322;1.0;0.9999980589408742;1.0002161923384865;0.9999819852366526;0.9999948625352679;1.0;0.9999907667771368;1.0;1.0000274768578397;0.9999999999999999;0.9999637552061047;0.9999653454331553;0.9999662160740017;0.999999765757959;0.999999761240823;0.9999970035977485;1.0;0.999981589965397;0.999965970752415;1.0002029801279515;1.0002217301880743;0.9999967827555283;0.9999839077679928;0.9999989831143928;0.9998096287869357;0.999664660159598;0.999547103212053;0.9995016860324202;0.999996215773411;0.9993398058394293;0.9992948794942554;0.9995523933259737;0.9997241309400535;1.0;1.0;0.9999970726599178;0.9999980588119552;0.9999982825317055;1.0;1.024999976158142;
2016-10-06 05:45:00;1.0;0.9999692856193098;1.0;0.999998101108012;1.0;0.9999980055534907;1.0002165540934438;0.9999803994525804;0.9999940745545928;1.0;0.9999885257307026;1.0;1.0000271314002458;0.9999999999999999;0.9999603048513914;0.9999623117610514;0.9999632458225536;0.9999993735924679;0.9999993671609395;0.9999965571792535;1.0;0.9999762117074853;0.9999629563320521;1.0002033163827904;1.0002221762884256;0.999996274011416;0.9999789748344837;0.9999989545597444;0.9998192964497853;0.9996796520065706;0.9995620606197654;0.999517122709297;0.9999954751994521;0.9993616333842088;0.9993212452736796;0.9995640789633707;0.9997296908725855;0.9999999999999999;0.9999999999999999;0.9999964865973395;0.9999974536625957;0.9999980637828759;1.0;1.024999976158142;
2016-10-06 06:00:00;1.0;0.9999810379700995;1.0;0.999998451075305;1.0;0.9999979813066775;1.0002173821927274;0.9999874477714904;0.9999946033185458;1.0;0.9999920557342846;1.0;1.0000273057165097;1.0;0.9999772242970006;0.9999777902045391;0.9999782355484195;0.9999994134104282;0.9999994089477802;0.9999969481534005;1.0;0.9999829766290104;0.9999780773312222;1.000204299891817;1.000222847740374;0.9999971919480559;0.9999848757782884;0.9999989430456345;0.9997567862261648;0.9996092719026513;0.9994889138785824;0.9994529310686222;0.9999970397863395;0.9992848144230796;0.9992396956267222;0.9995205796012381;0.9997029255315667;1.0;1.0;0.9999977949492266;0.9999979850223618;0.9999979601515014;1.0;1.024999976158142;
2016-10-06 06:15:00;1.0;0.9999747252505807;1.0;0.9999982612377097;1.0;0.9999978957089971;1.0002226421446268;0.9999837103133148;0.9999941411429581;1.0;0.9999897405101741;1.0;1.0000276962108183;1.0;0.9999689181374314;0.9999699644065763;0.9999706117472785;0.9999991391156607;0.9999991319217432;0.9999965526583571;1.0;0.9999783264750641;0.9999703811943469;1.0002091541078264;1.000228362013539;0.9999964761878634;0.9999805765877812;0.9999988969176198;0.9995504978419085;0.9993854952431027;0.9992552879907511;0.9992534006122857;0.9999963887990453;0.9990541176299688;0.9990010721320386;0.9993882465673655;0.9996188867817022;1.0;1.0;0.9999972654954314;0.9999973664841608;0.9999978567049479;1.0;1.024999976158142;
2016-10-06 06:30:00;0.9999999999999999;0.9999632025896759;1.0;0.9999976893664639;1.0;0.9999976781196169;1.0002270528318569;0.9999704820605989;0.9999946237667638;1.0;0.9999823397566061;0.9999999999999999;1.0000261786475053;1.0;0.9999418353792038;0.9999424235306911;0.9999435516590219;0.9999971074567047;0.9999970834309244;0.9999954160932218;1.0;0.9999652130049839;0.99994305226706;1.000212919739568;1.0002335693515794;0.9999931918324864;0.9999668111536768;0.9999987752258378;0.9995578958906578;0.9994081590634953;0.9992792116997564;0.9992849937569076;0.9999970291647741;0.9991072573694102;0.9990663393138549;0.999415274292524;0.9996407261372848;1.0;1.0;0.9999977844371859;0.9999938793600209;0.9999976077911946;1.0;1.024999976158142;
2016-10-06 06:45:00;1.0;0.9999387067844397;0.9999999999999999;0.9999985994438659;1.0;0.999998058558405;1.0002408478728533;0.999971449663757;0.9999923044256769;1.0;0.9999745643736976;0.9999999999999999;1.0000258004997293;1.0;0.9999436522244325;0.999945302772737;0.999946230883616;0.999994922566393;0.9999948789586433;0.9999941439362316;1.0;0.9999444041424429;0.9999456308875525;1.0002261410411766;1.000247894752608;0.9999918576366476;0.9999472355446923;0.9999989653339876;0.999313800512378;0.9990713443085245;0.9988928655523547;0.9988833744710467;0.9999949996722204;0.9984723620428759;0.998386339587913;0.9991536508419274;0.9994880959855827;1.0;0.9999999999999999;0.999996188197771;0.9999913203057292;0.9999969368920844;1.0;1.024999976158142;
2016-10-06 07:00:00;0.9999999999999999;0.9999464129596626;0.9999999999999999;0.9999980959788822;1.0;0.9999975923817852;1.0002420697750736;0.9999715734752883;0.999992008232976;1.0;0.9999775321720789;1.0;1.000027116835807;1.0;0.999944421992931;0.9999459517613806;0.9999469426453053;0.9999960902102851;0.9999960570185743;0.9999942876271285;1.0;0.9999516754691767;0.9999464080123043;1.0002272362352806;1.0002489756604371;0.9999925544597027;0.9999545950867895;0.9999987261604663;0.9992064870496598;0.9989689946886878;0.9987708867710595;0.9987770974146543;0.9999949804484113;0.9983940204415297;0.9983258617107628;0.9990497188072904;0.9994284660412085;0.9999999999999999;1.0;0.9999961895460997;0.9999926789073229;0.9999968614857119;1.0;1.024999976158142;
2016-10-06 07:15:00;1.0;0.9998930407672204;1.0;0.9999922324035037;1.0;0.9999878444262468;1.0002590384519372;0.9999431791737171;0.9999658304880213;1.0;0.9999540328383403;0.9999999999999999;1.000027886042268;1.0;0.9999080360858031;0.9999087292327572;0.9999099705868072;0.9999947127209706;0.999994636892363;0.9999810922496319;1.0;0.9998954123908612;0.9999092735408229;1.0002429478909232;1.0002668115118916;0.9999841626859851;0.9999060009893881;0.99999360117341;0.9991137579098744;0.9988753974476656;0.9986797272963687;0.9987121316546561;0.9999838993355233;0.9983588534606798;0.9982895900129272;0.999000426040869;0.9993882498626795;1.0;1.0;0.999988305443637;0.9999869668882663;0.9999865664958238;1.0;1.024999976158142;
2016-10-06 07:30:00;1.0;0.9998931194238931;0.9999999999999999;0.999992905436923;1.0;0.9999895107278712;1.0002615145394105;0.999939044617453;0.9999709938561627;1.0;0.9999529734478511;1.0;1.0000270803073608;1.0;0.9998950342144408;0.9998958703783679;0.9998974439993323;0.999993618703117;0.9999935097126053;0.9999827628121681;1.0;0.9998959976565723;0.999896582905745;1.0002450567789392;1.0002697305508903;0.9999834621157663;0.9999049099785662;0.9999944523543524;0.9991390745029831;0.9989152533552156;0.9987330719723866;0.9987753450096184;0.9999861014178401;0.9984785488687888;0.9984123154300864;0.9990378818864135;0.999409962808225;1.0;1.0;0.9999898748742608;0.9999856643722356;0.999988350854778;1.0;1.024999976158142;
2016-10-06 07:45:00;1.0;0.999939236293503;1.0;0.9999959802063727;0.9999999999999999;0.999994219068767;1.0002528249790077;0.9999659128581483;0.9999836313196946;1.0;0.9999744926867004;0.9999999999999999;1.000029510616829;0.9999999999999999;0.9999400523235331;0.9999412861861487;0.9999422938569263;0.9999971058925987;0.9999970670692107;0.99999060309414;1.0;0.9999434878179798;0.9999418260235122;1.0002373213199336;1.0002598281522108;0.999991297627609;0.9999489804753655;0.9999969555397201;0.9991277465734169;0.9988976096240444;0.9987239615690121;0.9987684547400262;0.999991458670657;0.9984795446845286;0.9984025494818631;0.9990288464204137;0.9993988744529843;1.0;1.0;0.9999936876753254;0.9999928477062915;0.9999936723260047;1.0;1.024999976158142;
2016-10-06 08:00:00;0.9999999999999999;0.999962232368528;1.0;0.9999968227857318;0.9999999999999999;0.9999959852223977;1.0002561947789184;0.9999740018022173;0.9999893726266388;0.9999999999999999;0.9999842461405776;0.9999999999999999;1.0000318179525638;1.0;0.9999521640367233;0.9999534457631188;0.9999544170184897;0.999998976674799;0.9999989624554421;0.9999939733408879;1.0;0.9999666269460241;0.9999540899213825;1.0002405244558292;1.0002629066139699;0.9999943857723742;0.9999704387640715;0.9999978929791818;0.9990960924651577;0.9988532301844762;0.9986685694128945;0.9987083011124658;0.9999940183020744;0.9984123736862198;0.9983332275873219;0.9989683973853721;0.9993498291506171;1.0;1.0;0.9999955270978886;0.999996095606603;0.99999602431286;1.0;1.024999976158142;
2016-10-06 08:15:00;1.0;0.9999465181850999;0.9999999999999999;0.9999961084006967;0.9999999999999999;0.9999952292959182;1.0002701696536502;0.9999631374166286;0.9999874043940066;1.0;0.9999768310012113;1.0;1.0000321388746793;1.0;0.9999307922440608;0.9999322583941974;0.9999336122694338;0.9999975413016494;0.9999975151961792;0.9999921928914427;1.0;0.9999515642659547;0.9999330839488023;1.0002534190043664;1.000277687201182;0.9999916414327368;0.999955929405161;0.9999974917941966;0.9989317318343114;0.998632770011809;0.9983757956611854;0.9983867653764811;0.9999929551132093;0.9979159383663968;0.9978391202430149;0.9987297926429864;0.9991909591134384;1.0;1.0;0.9999947375002606;0.9999934019178929;0.9999951183141258;1.0;1.024999976158142;
2016-10-06 08:30:00;1.0;0.9999364111802141;1.0;0.9999958986326655;1.0;0.9999949635516447;1.0002801312053438;0.99995550364911;0.9999870845785965;1.0;0.9999705497572511;1.0;1.0000313684488313;1.0;0.9999165142284109;0.9999172454690819;0.9999187349548638;0.9999955159279641;0.9999954724649998;0.9999909931001062;1.0;0.999938928430905;0.9999180289858426;1.000262624096943;1.0002883965412341;0.9999890675947843;0.9999428288630365;0.9999973444289328;0.9988818062945337;0.998563274213231;0.998344047673469;0.9983811582911021;0.9999934828613136;0.9979746003676194;0.9978573335990243;0.9987164875101823;0.999177409695346;0.9999999999999999;1.0;0.999995209884392;0.9999903050078002;0.9999945717090957;0.9999999999999999;1.024999976158142;
2016-10-06 08:45:00;1.0;0.9999445872000559;1.0;0.9999933196168163;1.0;0.9999940328214422;1.0002833120242858;0.9999291520950531;0.9999901622344516;1.0;0.9999689832038131;1.0;1.0000325320468872;1.0;0.9998598792383454;0.9998602987268148;0.9998632877096147;0.9999964150662399;0.999996370385414;0.9999909422897121;1.0;0.9999460197398924;0.9998622505807359;1.0002645434988888;1.0002923758069344;0.9999860036197111;0.9999484878128234;0.9999968552535514;0.9986811659445133;0.998269166947379;0.9980659583811288;0.9981131764197834;0.9999951638338285;0.9975780283186308;0.9973712905339244;0.998550695181564;0.9990901368248386;0.9999999999999999;0.9999999999999999;0.9999964607951217;0.999989399089504;0.999995311174403;1.0;1.024999976158142;
2016-10-06 09:00:00;1.0;0.9999506449375883;1.0;0.9999936813718794;1.0;0.9999926034454241;1.0002741347674542;0.9999503871660221;0.9999835202776691;1.0;0.9999758745994574;1.0;1.0000338273123286;1.0;0.9999090113879725;0.9999096631911778;0.9999115312689645;0.9999987851763912;0.9999987616241319;0.9999899792134156;1.0;0.9999528720167261;0.9999109549775324;1.0002567158321902;1.0002818753190992;0.9999899332419732;0.9999579825825589;0.9999961175894143;0.9988747337680696;0.9985373779007114;0.9983240816632314;0.9983555355920513;0.9999919464901957;0.9979265920004952;0.9977883253121101;0.998697742662694;0.9991579406710134;1.0;1.0;0.9999941123679149;0.999993519531941;0.9999933654550426;1.0;1.024999976158142;
2016-10-06 09:15:00;1.0;0.9999593591238163;1.0;0.9999948777036336;1.0;0.9999950805728599;1.0002722805082893;0.9999529044500818;0.9999902257692185;0.9999999999999999;0.9999801327106472;1.0;1.0000339332501593;1.0;0.9999072122135501;0.9999087229187271;0.9999108393379798;0.9999991422433026;0.9999991237909936;0.9999931907683255;1.0;0.9999645490675115;0.9999102227922391;1.000254875026727;1.0002799908652062;0.9999914494360321;0.9999679732568649;0.9999974162774506;0.9988776892146533;0.9985528964251791;0.9983464330785758;0.9983869210333103;0.9999941933647513;0.9979927084217878;0.9978604496752747;0.9987172475896321;0.999169549457728;1.0;1.0;0.999995624641401;0.9999946424161323;0.9999961201978701;0.9999999999999999;1.024999976158142;
2016-10-06 09:30:00;0.9999999999999999;0.9999492307613383;1.0;0.9999926269176423;1.0;0.9999926957895177;1.0002798023217692;0.9999355862272333;0.9999860005927398;1.0;0.9999736914250014;1.0;1.0000346757425111;1.0;0.9998750564218248;0.9998763571297272;0.9998791589535482;0.9999989921309158;0.9999989574593364;0.9999903153939683;1.0;0.9999536981716286;0.9998783516952221;1.0002614478696354;1.0002881352319835;0.9999881994067668;0.9999581936671227;0.9999961573673899;0.9988294796181659;0.9984609976300045;0.9982588613811086;0.9982933228291551;0.9999924733809884;0.997840618611757;0.9976687099810524;0.9986560916546446;0.9991240146009114;1.0;1.0;0.999994410967195;0.9999927522964811;0.9999942527178844;1.0;1.024999976158142;
2016-10-06 09:45:00;1.0;0.9999644465258198;1.0;0.9999939013804773;1.0;0.9999945700049787;1.000282995004389;0.9999441448156593;0.9999911878573365;1.0;0.9999798663687463;1.0;1.000035487107434;0.9999999999999999;0.9998893190896322;0.9998902602621355;0.9998928173026145;0.9999993735924679;0.9999993527508836;0.9999930432437664;1.0;0.9999676863387008;0.9998921011395794;1.000264591234494;1.0002912183984674;0.9999902948665769;0.9999704118515914;0.999997146690448;0.9988088682377047;0.9984201953501421;0.9982077550547394;0.9982317072159018;0.9999951485183916;0.9977605855834486;0.9975800015131497;0.9985945703482684;0.9990865170897791;1.0;1.0;0.9999963845339834;0.9999942104514271;0.9999962051407436;0.9999999999999999;1.024999976158142;
2016-10-06 10:00:00;1.0;0.9998984890847068;1.0;0.9999951964528067;1.0;0.9999932375555411;1.0002930489610031;0.9999590097650778;0.9999759714734044;1.0;0.9999667103603541;0.9999999999999999;1.000036282448479;1.0;0.9999212633574338;0.9999282043998265;0.9999300068575021;0.9999987270091416;0.9999986749707774;0.9999883215194364;1.0;0.9999223927693176;0.999929443737645;1.0002751544027875;1.000300717412775;0.9999912349584557;0.9999334228303016;0.9999964316148245;0.9987747782090568;0.9984103801885753;0.9981961560350932;0.9982408624562368;0.9999827619542558;0.9978071662679997;0.9976490539827464;0.9986063199374866;0.9990933164973376;0.9999999999999999;1.0;0.9999867034558314;0.9999941703992107;0.999992417229826;1.0;1.024999976158142;
2016-10-06 10:15:00;0.9999999999999999;0.9999061688834248;1.0;0.9999955761085573;1.0;0.9999952794854021;1.0002952670569678;0.9999486271418229;0.9999840292157148;1.0;0.9999661270223147;0.9999999999999999;1.0000351441242852;0.9999999999999999;0.9998943750420693;0.9999006479418845;0.9999031082997588;0.9999973741421132;0.9999973154008898;0.9999906922453315;1.0;0.9999277598505754;0.9999022773745455;1.000276715588491;1.0003036724510852;0.9999896850844648;0.9999356172984097;0.9999974979334318;0.9987089321788996;0.9983256086162698;0.9980705061353462;0.9980978395517565;0.9999870233747853;0.9975436394581444;0.9973974135783552;0.9985231621086137;0.9990548302850399;1.0;1.0;0.9999898592223747;0.9999921960567977;0.9999949773544751;1.0;1.024999976158142;
2016-10-06 10:30:00;1.0;0.999951516537955;1.0;0.9999970819737238;1.0;0.9999967155531218;1.000288009194259;0.9999704850750324;0.9999901744966834;1.0;0.999981641326328;1.0;1.0000356475465582;1.0;0.9999413123211786;0.9999441400363175;0.9999454664488422;0.9999987469180875;0.9999987285978972;0.9999943166719936;1.0;0.999961259795364;0.9999450298741076;1.0002703534220911;1.0002956032701071;0.9999940473510851;0.9999655920258731;0.9999982728167753;0.9986817766100791;0.9982624991599827;0.9980249460603409;0.9980492484580277;0.9999929596505911;0.9974573679693176;0.9972691530302192;0.9984967024393592;0.9990344410841723;0.9999999999999999;1.0;0.999994570312142;0.9999957188146505;0.999996678822785;1.0;1.024999976158142;
2016-10-06 10:45:00;1.0;0.9999425415420925;0.9999999999999999;0.9999955972624913;1.0;0.9999941967524861;1.0002923617737414;0.9999665292479033;0.9999833977771831;1.0;0.9999783521806148;1.0;1.0000367496088292;1.0;0.9999386127264694;0.9999414404339744;0.999942751914727;0.9999992907918566;0.9999992659586283;0.9999913434439941;0.9999999999999999;0.9999522847120514;0.9999423573976086;1.000274459073925;1.0002999501023138;0.9999929799265297;0.9999588171023557;0.9999969495700702;0.9986494526575853;0.9982125651948095;0.9979702134960166;0.9979914334893001;0.9999898925951217;0.9973612071011022;0.9971615741404306;0.9984613781391215;0.9990083209716734;1.0;0.9999999999999999;0.9999923592260421;0.9999955946405954;0.999994156970355;1.0;1.024999976158142;
2016-10-06 11:00:00;0.9999999999999999;0.9999264585491657;1.0;0.99999578707389;1.0;0.999994355675247;1.0002900516445343;0.9999649301744662;0.9999817034822921;1.0;0.9999745321835373;1.0;1.0000362077798333;1.0;0.9999333489506687;0.9999379358285181;0.9999394309693667;0.9999990395621049;0.9999990088339583;0.999990775195595;1.0;0.9999422716959987;0.9999389705547475;1.000272324693393;1.000297599074312;0.9999926537132856;0.9999502638089406;0.9999970295672451;0.9986181379452542;0.9981670370570002;0.9978984215208717;0.9979039810637848;0.9999875111981963;0.9971816652783054;0.9969863881339058;0.9984149613412157;0.9989861908061709;1.0;1.0;0.999990422144018;0.9999952059534611;0.9999939827564966;1.0;1.024999976158142;
2016-10-06 11:15:00;1.0;0.9998613989420629;1.0;0.9999969207573094;1.0;0.9999965810230674;1.0003015317654453;0.999955424330752;0.9999789675520221;1.0;0.9999609768299655;1.0;1.0000375729219901;0.9999999999999999;0.9998987849568719;0.9999124479169954;0.9999152797743555;0.9999989475889518;0.9999988709785516;0.9999905750981807;1.0;0.9999084193472723;0.9999144614948583;1.0002830520086579;1.0003094287300989;0.9999922154324595;0.9999220075936684;0.9999981668066017;0.9986733942509063;0.9982202029502285;0.9979616373759619;0.9979621635586916;0.9999779630915049;0.9972917541237879;0.9970880095546941;0.9984310486024678;0.9989904492748493;1.0;1.0;0.9999824021222721;0.9999948834380049;0.9999953247194684;1.0;1.024999976158142;
2016-10-06 11:30:00;1.0;0.9998959464402211;0.9999999999999999;0.9999968368951903;1.0;0.9999957182788145;1.0002912635796324;0.9999658976588287;0.9999802448977011;1.0;0.9999694160500849;1.0;1.0000364976931329;1.0;0.9999280847528536;0.999937189190224;0.9999390676816474;0.9999991529796943;0.9999991069820147;0.9999910045532863;1.0;0.999927291441448;0.9999385144373298;1.0002736272170398;1.0002986844661002;0.9999933869066916;0.9999381787652327;0.9999977332852175;0.9987089794268175;0.9982786883109378;0.9980335154682567;0.9980425012398764;0.9999827154592418;0.9973660242641536;0.9971719667272755;0.9985258942028813;0.9990503429884032;1.0;1.0;0.9999863991099003;0.9999956954026185;0.9999946994585883;1.0;1.024999976158142;
2016-10-06 11:45:00;0.9999999999999999;0.9999161777599742;0.9999999999999999;0.9999974230983637;1.0;0.9999973981151171;1.000285737226295;0.9999659417490179;0.9999871843477298;1.0;0.9999746630890267;1.0;1.0000357552436288;0.9999999999999999;0.9999249920205135;0.9999327920075678;0.9999347949419917;0.9999991422433023;0.9999991134552098;0.9999937358961242;1.0;0.9999430445860447;0.9999342082295937;1.00026822027653;1.0002932015579686;0.999994033425907;0.9999509704665239;0.9999986232880855;0.9986926606939104;0.998253278722512;0.9980130304030342;0.9980229057182803;0.99998704950497;0.9973556737657956;0.9971506464804627;0.9985012655459862;0.999048701664483;1.0;1.0;0.9999896869953695;0.9999960408524707;0.9999969030297269;1.0;1.024999976158142;
2016-10-06 12:00:00;1.0;0.9998736173704137;1.0;0.9999965051965535;1.0;0.9999946950274956;1.0002948350523917;0.9999648896745371;0.999974616095923;0.9999999999999999;0.9999641758001053;1.0;1.000037109445676;1.0;0.999926644484897;0.9999378197387165;0.9999397654953349;0.9999992800554334;0.9999992231632256;0.9999889471471253;1.0;0.9999121158677703;0.9999392034766537;1.0002771412491724;1.0003021913092778;0.9999929587743587;0.9999259335808474;0.9999971912725999;0.998674627945353;0.9982224419966271;0.9979783202798401;0.9979858004834421;0.9999782651856983;0.9972921262731833;0.9970792026443728;0.9984794408910874;0.9990337644412994;1.0;1.0;0.9999829314507049;0.9999955674964606;0.999993197328168;0.9999999999999999;1.024999976158142;
2016-10-06 12:15:00;1.0;0.9996230606375035;1.0;0.9999969019696385;1.0;0.9999962533423484;1.0003263253894057;0.9999221121326995;0.9999485430563824;0.9999999999999999;0.9999076281961761;1.0;1.0000414907409567;0.9999999999999999;0.9998003325484377;0.999842676966641;0.9998491506612438;0.9999996554678257;0.9999993602284472;0.9999806981503176;0.9999999999999999;0.9997691973721173;0.9998474245860665;1.000306568707462;1.0003345249679503;0.9999882657518981;0.9998076799734174;0.9999978642077606;0.998655103560775;0.9981890966060548;0.9979353455786243;0.9979422902731854;0.999937824000121;0.9972123922307088;0.9969941937037956;0.998460055942125;0.9990187625924823;1.0;0.9999999999999999;0.9999498713645126;0.9999932926381065;0.9999915565724928;0.9999999999999999;1.024999976158142;
2016-10-06 12:30:00;1.0;0.9998030141190963;1.0;0.9999964722598329;0.9999999999999999;0.9999962684572326;1.0003124126461274;0.9999443729166755;0.9999712842373977;1.0;0.9999483608820176;1.0;1.00003984821074;1.0;0.9998677810540515;0.9998890689392462;0.9998930509038408;0.9999998378221839;0.9999996999719267;0.9999881511711877;1.0;0.9998762544063268;0.999891992679097;1.0002932128900188;1.000320467372896;0.9999913150373617;0.9998963192240724;0.9999979648463453;0.9986409099129326;0.9981668627653987;0.9978872901529657;0.9978752878634429;0.9999675023497157;0.9970601684633897;0.9968530187808721;0.9984265675484194;0.998988092356829;0.9999999999999999;1.0;0.9999739057179743;0.9999951297204421;0.9999944676305016;1.0;1.024999976158142;
2016-10-06 12:45:00;0.9999999999999999;0.9997378422933347;1.0;0.9999955926006316;1.0;0.9999941002107633;1.0003199051130283;0.9999363714307661;0.9999578768710314;0.9999999999999999;0.9999322834128104;1.0;1.0000407847694608;1.0;0.9998501214866233;0.9998777201097492;0.9998822655550579;0.9999997872351907;0.999999579327542;0.999983027508346;0.9999999999999999;0.9998328231134996;0.9998810556468614;1.0003004706273946;1.0003279742134954;0.999989391189372;0.9998605112198193;0.9999967889118635;0.9986623665717975;0.9981850643167622;0.9979138585556514;0.997901935368411;0.9999556436764444;0.9971004719228502;0.9968846144506386;0.9984437137644384;0.9989968414457896;1.0;1.0;0.9999645657212083;0.999994029049263;0.9999911472194816;1.0;1.024999976158142;
2016-10-06 13:00:00;1.0;0.999845913391595;1.0;0.9999977618386086;1.0;0.9999971255256895;1.0002996272652054;0.9999630432524195;0.9999764553698334;1.0;0.9999604893714169;1.0;1.0000382339900686;1.0;0.9999114203687021;0.999927885935841;0.9999306002455267;0.999999807144185;0.999999738088574;0.9999906455532587;1.0;0.9999026164710775;0.9999298731318548;1.0002816113938595;1.000307029790616;0.9999940436764788;0.9999186513345865;0.9999984557209095;0.9986255098259631;0.9981510510290867;0.9979101015934289;0.997920876405607;0.999974251555145;0.9971519346801769;0.9969179560102271;0.9984703738064863;0.9990109270562013;0.9999999999999999;1.0;0.999979375512217;0.9999965956771282;0.9999953272301769;1.0;1.024999976158142;
2016-10-06 13:15:00;1.0;0.9997776023551613;1.0;0.9999965356596584;1.0;0.9999954195177092;1.0003170714754963;0.9999460913359222;0.9999653736878298;0.9999999999999999;0.999942303241444;1.0;1.0000400964312344;1.0;0.9998722565860547;0.9998955995368974;0.9998994559139978;0.999999453232772;0.9999992845685318;0.9999859798214252;1.0;0.9998579208642611;0.9998984037427608;1.0002978790592199;1.0003250729398507;0.9999909128668215;0.9998810050787913;0.9999975025818826;0.9986900738912186;0.9982368691504492;0.9979827297111649;0.9979855629533578;0.9999629412745938;0.9972890193696661;0.9970827194013763;0.9984757014868093;0.9990115680309963;1.0;1.0;0.9999703599473431;0.9999945817528089;0.999992851577145;0.9999999999999999;1.024999976158142;
2016-10-06 13:30:00;1.0;0.9998506868860315;1.0;0.9999968929450169;1.0;0.9999964467919397;1.0003076216702478;0.999954593794229;0.9999771383600864;1.0;0.9999588320590387;1.0;1.0000385396008016;1.0;0.9998960175995305;0.9999110327614902;0.9999139948835386;0.9999991299431132;0.999999046824709;0.9999900239954532;1.0;0.9999023283571734;0.9999131551428645;1.0002888222460387;1.0003155956949492;0.9999922001180737;0.9999172269159857;0.9999980927791652;0.998675481584347;0.9982066706514232;0.9979224145093288;0.9979012276297402;0.9999759023365264;0.9971398270307276;0.9969411494235267;0.9984044312331198;0.9989701908959414;1.0;1.0;0.999980747128096;0.9999950261251374;0.999995018385519;1.0;1.024999976158142;
2016-10-06 13:45:00;0.9999999999999999;0.9999282895078092;0.9999999999999999;0.9999959339197952;1.0;0.9999941568030848;1.0002930216340977;0.9999685172342574;0.9999808471975526;1.0;0.9999753260211345;1.0;1.000036600865879;1.0;0.9999422067903909;0.9999464025499885;0.9999476417862964;0.9999990411259192;0.9999990164484428;0.9999905633057822;0.9999999999999999;0.9999427278156046;0.9999472487571944;1.0002752581229335;1.0003005225045718;0.9999930419312216;0.9999508164791974;0.9999969297327709;0.9986746407100789;0.998209167698936;0.9979403113949202;0.997926501007922;0.9999874876125705;0.9971818556313318;0.9969752947617221;0.9984276912455137;0.9989781612924351;1.0;1.0;0.9999904541452916;0.9999954187008632;0.9999936194366827;1.0;1.024999976158142;
2016-10-06 14:00:00;1.0;0.9999696007343987;1.0;0.9999960124685952;1.0;0.9999955040708841;1.0002779300718625;0.9999684858059872;0.9999900869327356;1.0;0.9999854181205415;0.9999999999999999;1.0000351225704154;1.0;0.999941203010722;0.9999419151874965;0.9999431793905705;0.9999995344412717;0.9999995242707437;0.9999939932930842;1.0;0.9999720451742791;0.9999428143851997;1.000260712693039;1.0002852706704464;0.9999938974570916;0.9999752841839098;0.9999976428035621;0.9987146535335119;0.9982760771280524;0.9980478745285496;0.9980583237058626;0.9999948614951878;0.9973527081150929;0.9971398465184206;0.9985632333523454;0.9990780645900003;1.0;1.0;0.9999962063053243;0.9999962995823998;0.9999960886551148;1.0;1.024999976158142;
2016-10-06 14:15:00;1.0;0.9999515101460122;1.0;0.9999920817494649;1.0;0.9999926895519112;1.0002702290768106;0.9999304328179811;0.9999869663577201;0.9999999999999999;0.9999745903975314;1.0;1.0000342735339005;1.0;0.9998625054328069;0.999864391375051;0.9998676222969847;0.9999998378221838;0.9999998056869677;0.9999907305489185;1.0;0.9999580012172241;0.999866761519337;1.0002522038180646;1.0002783775793687;0.9999881626022548;0.9999624800073943;0.9999961541939171;0.9987991224869509;0.9983919494857241;0.9981918761578824;0.9982133374686564;0.9999923726934528;0.9975449064810595;0.9973376116403516;0.9987052923990495;0.9991976043090544;1.0;0.9999999999999999;0.999994265114901;0.9999934422882714;0.9999947439819593;1.0;1.024999976158142;
2016-10-06 14:30:00;1.0;0.9999505677008405;1.0;0.9999911674978574;1.0;0.9999921631044636;1.0002713175306928;0.9999210794786944;0.9999870990118428;1.0;0.9999726474354352;0.9999999999999999;1.0000343669801537;0.9999999999999999;0.9998431093253537;0.9998449093024664;0.9998486134301078;0.9999998378221839;0.9999998035848188;0.9999902323356108;1.0;0.9999567702881982;0.9998476282485095;1.0002528873867087;1.0002797736114557;0.999986755666589;0.9999610491867781;0.9999958770273104;0.9987222670087114;0.9982873660464875;0.9980970488642367;0.9981284857149035;0.9999925101007445;0.9974234544923255;0.99718634758929;0.9986590524051016;0.9991734210516605;1.0;1.0;0.999994374943769;0.999992679708228;0.9999946454700899;1.0;1.024999976158142;
2016-10-06 14:45:00;1.0;0.9999720057476623;1.0;0.9999965150271255;1.0;0.9999956896562465;1.00026628318665;0.9999753851843494;0.9999896804027238;1.0;0.99998751723342;1.0;1.0000339818323158;1.0;0.9999558483138907;0.9999565795833271;0.9999575035164255;0.9999998469665661;0.9999998397305665;0.9999942995416535;0.9999999999999999;0.9999745230879596;0.9999572498783572;1.0002499989322138;1.000273089107845;0.9999950875133183;0.999978002753881;0.9999977413899611;0.9987227999768044;0.9982898289503817;0.9980726103088489;0.9980876395888967;0.9999946586661592;0.9973443658103087;0.9971275167348047;0.99862304073977;0.9991570134870628;1.0;1.0;0.9999960576994937;0.9999972072444595;0.9999960555278011;0.9999999999999999;1.024999976158142;
2016-10-06 15:00:00;1.0;0.9999620540551244;1.0;0.9999957236585915;1.0;0.9999941242239309;1.0002727065596386;0.9999722673981821;0.9999851104713445;1.0;0.9999834469723058;1.0;1.0000344283363485;0.9999999999999999;0.9999533513800508;0.9999539362812991;0.9999547969898939;0.9999994639691594;0.999999450176819;0.9999920639068196;1.0;0.9999640653128089;0.9999545331205164;1.0002560742022693;1.000279709483335;0.9999938141096429;0.999968912984252;0.9999969184676644;0.9986908652154834;0.9982388944034849;0.9979702751411196;0.9979547752055162;0.9999927248310565;0.9971464506655632;0.9969486078180608;0.9984947526513854;0.9990833755607054;1.0;0.9999999999999999;0.9999946818859994;0.9999961940788707;0.9999942639397743;1.0;1.024999976158142;
2016-10-06 15:15:00;0.9999999999999999;0.9999565679620556;0.9999999999999999;0.9999953958643059;1.0;0.9999941641123534;1.000274191001139;0.9999651890588278;0.9999856874898004;1.0;0.9999804714696341;0.9999999999999999;1.0000340221380046;1.0;0.9999376732738567;0.9999385127937451;0.999939738288609;0.9999988986223237;0.9999988792617586;0.9999918055247293;1.0;0.9999594457495987;0.9999393388814873;1.0002572388867972;1.0002815251989021;0.9999925023265547;0.9999641272742579;0.9999969366372659;0.9987054259901227;0.9982513245493579;0.997989509285713;0.9979740452712115;0.9999927545275004;0.9971978368096437;0.9969936780898475;0.9984921803551047;0.9990824346473338;1.0;1.0;0.9999946713946481;0.9999950080178991;0.999994418418221;1.0;1.024999976158142;
2016-10-06 15:30:00;1.0;0.9999554486189477;1.0;0.9999949122088065;1.0;0.9999942505924231;1.0002661372972292;0.999958915478132;0.9999866896453732;1.0;0.9999800075053515;1.0;1.0000334154779218;1.0;0.9999225214663922;0.9999240735396863;0.9999257691846617;0.9999993628516504;0.9999993392735889;0.9999920917290841;1.0;0.999960783224224;0.9999252787250145;1.0002493968262807;1.0002734133565878;0.9999920658168359;0.9999654744350057;0.9999969780998522;0.9987899969078132;0.9983791376230656;0.9981465782109381;0.9981482576100016;0.9999925545824585;0.9974347836353812;0.9972457810467384;0.9986443863213367;0.999175595826497;1.0;1.0;0.9999944380353989;0.9999951603462222;0.9999949153717087;1.0;1.024999976158142;
2016-10-06 15:45:00;1.0;0.9999625355124563;1.0;0.9999966693144094;1.0;0.9999958935330233;1.0002621499668256;0.9999731315489976;0.9999893064391538;1.0;0.999984469494396;1.0;1.0000328245568975;1.0;0.9999501620047798;0.9999515900943108;0.9999526375973058;0.9999992234799975;0.999999209786195;0.9999939759214412;1.0;0.999967436148152;0.9999523077591451;1.000246089089044;1.0002689897668917;0.999994422767597;0.9999713575214738;0.9999978448043876;0.9986944183730209;0.9982500324129349;0.9980122348477227;0.9980152757662625;0.9999938538961018;0.9972073049681144;0.9969932079038792;0.9985777520626521;0.999138819784926;1.0;1.0;0.9999953902589488;0.9999963226423629;0.9999960359381325;1.0;1.024999976158142;
2016-10-06 16:00:00;1.0;0.9999780900894216;0.9999999999999999;0.9999968799358651;1.0;0.999996628141477;1.0002568146807538;0.9999750499408873;0.9999929017812752;1.0;0.9999892604889058;1.0;1.0000327013769168;1.0;0.9999528234612632;0.9999534116192135;0.9999544560399315;0.999999796407769;0.9999997894623623;0.9999956041601139;1.0;0.9999801005346609;0.9999541671813231;1.0002409911927352;1.0002634867414;0.9999953670119011;0.999982447631359;0.9999982326724131;0.9987473771306057;0.998316716806941;0.9981227887674944;0.9981447560516983;0.9999962503385021;0.997449537510757;0.9972171171153872;0.998654763441661;0.999182223496413;1.0;0.9999999999999999;0.9999972230539546;0.9999973165125191;0.9999971884777286;1.0;1.024999976158142;
2016-10-06 16:15:00;1.0;0.99996357354141;1.0;0.999995162417359;1.0;0.9999936158157258;1.000257372651626;0.9999689910739129;0.9999845939032249;1.0;0.999983478792198;0.9999999999999999;1.00003281491203;1.0;0.9999471818247828;0.9999476650349515;0.9999486912724063;0.9999998378221839;0.9999998231094835;0.9999917244391535;1.0;0.9999652228407359;0.9999484100978555;1.0002415197479138;1.0002640473882676;0.9999934771470876;0.9999701695618782;0.9999966511183175;0.998813199548528;0.9984196537342802;0.9982296977940824;0.998257284971977;0.9999925865348779;0.9976414005907689;0.997437465084152;0.9987201283131475;0.9992193333020762;1.0;0.9999999999999999;0.9999945949256502;0.9999963247143164;0.999994016361418;1.0;1.024999976158142;
2016-10-06 16:30:00;1.0;0.9999740788770319;1.0;0.9999956890928761;1.0;0.9999957637941294;1.0002536587176893;0.999963329779721;0.999992182906884;1.0;0.9999859726283206;0.9999999999999999;1.0000321426227003;1.0;0.9999290398997596;0.9999296280437205;0.9999312345646927;0.9999996968540165;0.9999996875461505;0.9999945994792422;1.0;0.9999760893142066;0.999930790952408;1.0002376274220615;1.0002606003284584;0.999993457338403;0.9999785289595087;0.9999977789183121;0.9987888985814827;0.9984010683968736;0.9982011874231338;0.9982305885720765;0.9999959250439424;0.9976190369974803;0.9974264421076438;0.9986928029386627;0.9992046943054149;1.0;1.0;0.9999969885539325;0.9999961974466316;0.9999967609875372;1.0;1.024999976158142;
2016-10-06 16:45:00;0.9999999999999999;0.9999687429036735;1.0;0.9999955190421406;1.0;0.9999954660714804;1.0002539555672185;0.999962355030205;0.9999908025380413;1.0;0.9999846889546836;1.0;1.0000322908389803;0.9999999999999999;0.9999271049885192;0.999928240395191;0.9999299109485932;0.9999998071441848;0.9999997966126979;0.999994080526088;0.9999999999999999;0.9999726317078037;0.9999294582349407;1.0002379136964221;1.0002608779237923;0.9999933011686549;0.9999758041292022;0.9999976222499277;0.9987016351423483;0.9982804416020483;0.9981017634126739;0.9981470600203656;0.9999948000961993;0.9974960275018028;0.9972608258365544;0.9986574301228088;0.9991948005984023;1.0;1.0;0.9999961090510381;0.9999962050994718;0.9999963984636668;1.0;1.024999976158142;
2016-10-06 17:00:00;1.0;0.9999624662672489;1.0;0.9999955139971877;1.0;0.9999951386311824;1.00025535774606;0.9999621423624421;0.9999893271557982;1.0;0.9999823293481259;0.9999999999999999;1.0000319037633343;1.0;0.9999278634831025;0.9999289988906358;0.9999305765790556;0.9999992326244085;0.9999992137666389;0.9999932954729377;0.9999999999999999;0.9999663550469696;0.9999301079992576;1.0002392952391501;1.000262367431091;0.9999927238032539;0.9999699892508485;0.9999974461700549;0.9987650001761202;0.9983591319238462;0.9981523464625425;0.9981746620827947;0.9999941322222848;0.997484895501893;0.9972813949345711;0.9986806850229406;0.9992148484929572;1.0;1.0;0.9999956275503631;0.9999954086915847;0.9999958100373939;1.0;1.024999976158142;
2016-10-06 17:15:00;1.0;0.9999608081824709;1.0;0.9999966333928083;1.0;0.9999958719978764;1.0002470659873937;0.9999713289442099;0.9999894038391659;1.0;0.9999831377030419;1.0;1.0000303877560375;1.0;0.9999467474691848;0.9999479432510262;0.9999490234199668;0.9999987409011734;0.999998726015552;0.999993758147364;1.0;0.9999649142706077;0.9999486511596439;1.0002318436921054;1.0002536781399736;0.9999938246517943;0.9999686339469896;0.9999978335112413;0.9987806125417399;0.9983803749081708;0.9981689124797412;0.9981857650954507;0.9999941097654252;0.9974440603575102;0.9972477314826979;0.9987192463399915;0.9992588927547041;1.0;1.0;0.9999956037995602;0.9999955934718874;0.9999959589113127;0.9999999999999999;1.024999976158142;
2016-10-06 17:30:00;1.0;0.9999515474464165;1.0;0.9999942514296968;1.0;0.9999922429927747;1.0002488575875326;0.9999616964017994;0.9999808789725905;1.0;0.9999778981714019;0.9999999999999999;1.0000309161201995;1.0;0.9999351139914349;0.9999355145047575;0.9999367014227681;0.99999906103489;0.9999990399239678;0.9999895331969578;0.9999999999999999;0.9999529073633086;0.9999363235444927;1.000233377569303;1.0002555787227925;0.9999914312356832;0.9999588823943206;0.9999959300094444;0.9987381074746389;0.998321218419376;0.998124740094547;0.9981523048193729;0.9999909818419912;0.9974186110198708;0.9971980224695124;0.99869464725674;0.999245988025516;1.0;1.0;0.9999934484293077;0.999994563216575;0.9999924979335942;1.0;1.024999976158142;
2016-10-06 17:45:00;1.0;0.9999704174332184;1.0;0.9999965318544284;1.0;0.9999960855411089;1.0002479960078998;0.99997097722314;0.9999912850301473;0.9999999999999999;0.9999857774879487;1.0;1.0000308902819366;1.0;0.9999456350509679;0.99994622320469;0.9999473610556259;0.9999991375516322;0.9999991258374626;0.9999945279568915;1.0;0.9999724278630316;0.9999470014410241;1.0002326215948347;1.000254637547831;0.9999941517639269;0.9999752196468465;0.9999979467556573;0.9987692031723222;0.9983544632566457;0.9981314811666555;0.9981372973503412;0.9999955185706705;0.9973561954014268;0.9971554437907605;0.998683241613251;0.9992384394327511;1.0;1.0;0.9999966955048261;0.999996104264883;0.9999965051374444;1.0;1.024999976158142;
2016-10-06 18:00:00;1.0;0.9999605173730146;1.0;0.9999972627232377;0.9999999999999999;0.9999968916942075;1.0002487873099488;0.9999712359724201;0.9999919935049709;1.0;0.9999825662032533;1.0;1.0000297905224615;0.9999999999999999;0.9999445394369973;0.9999456716177458;0.9999467840135803;0.9999979256229478;0.9999979071622974;0.9999946444742163;0.9999999999999999;0.9999644070266815;0.9999463461203854;1.0002334356170213;1.0002556134538134;0.99999360424534;0.9999672034474054;0.9999983661944538;0.9987625987267396;0.9983458119108286;0.9981475070303725;0.9981684073083056;0.9999953393062639;0.9974450556829001;0.9972258949069773;0.9986948744898829;0.9992461040875238;0.9999999999999999;0.9999999999999999;0.9999964981095143;0.9999947897794798;0.9999968497052399;1.0;1.024999976158142;
2016-10-06 18:15:00;1.0;0.9999510295783021;1.0;0.9999955369846447;1.0;0.9999938110829825;1.0002512623594215;0.9999706671801047;0.9999829203430781;1.0;0.9999811294227497;0.9999999999999999;1.0000319451151742;0.9999999999999999;0.9999492593584968;0.9999512058925254;0.9999522313924339;0.9999997458489762;0.9999997293644897;0.999991345622403;1.0;0.9999577382203964;0.9999519439633054;1.0002359041373834;1.000257696104209;0.9999937021728519;0.999964024520485;0.9999967525130126;0.9987930852290668;0.998338109590112;0.9981098682142618;0.9980880978190656;0.9999904842320797;0.9972318788277205;0.9970002838791531;0.9986486049953325;0.9992185258498024;1.0;1.0;0.9999928961145095;0.9999963691749233;0.9999938258721655;0.9999999999999999;1.024999976158142;
2016-10-06 18:30:00;1.0;0.9998981402294462;1.0;0.9999886460445125;0.9999999999999999;0.9999824305751387;1.0002643546225343;0.999942250903263;0.9999529354095661;0.9999999999999999;0.9999585155814732;1.0;1.00003348276525;1.0;0.9999159018478226;0.9999171166739613;0.9999183538537986;0.9999996355588404;0.9999995506243792;0.9999767855404188;1.0;0.9999023189476103;0.9999180030429173;1.000248003320418;1.0002713002317838;0.9999855975767539;0.9999176927034972;0.9999907507829838;0.9987444717329547;0.9982886857793447;0.9980725648291442;0.998071601353356;0.9999775827937611;0.9972447099936728;0.9970043231578043;0.998639778367656;0.9992165879045577;1.0;0.9999999999999999;0.9999836863811982;0.999991865962654;0.9999821618768693;1.0;1.024999976158142;
2016-10-06 18:45:00;1.0;0.9999458622548316;1.0;0.999994166813605;1.0;0.9999915538229953;1.0002540035205332;0.9999639506178253;0.9999781614594827;1.0;0.9999764611346361;1.0;1.000031474641543;1.0;0.9999418958023275;0.9999423790099419;0.9999433433472898;0.9999989384446265;0.9999989064721817;0.9999884807735593;0.9999999999999999;0.9999475115249454;0.9999430153892997;1.0002383837036055;1.0002607330312758;0.9999913756519362;0.9999544618429795;0.9999955619926892;0.998814965462365;0.9983626392612844;0.998131550151388;0.9981051079444;0.9999896747868581;0.9972541799870364;0.9970265858434361;0.9986556099763854;0.9992254329868749;1.0;1.0;0.9999924957214009;0.9999944274076527;0.9999915234253922;0.9999999999999999;1.024999976158142;
2016-10-06 19:00:00;1.0;0.9999545381970557;1.0;0.9999957893543618;0.9999999999999999;0.9999940149586669;1.0002492713651816;0.9999710228907127;0.9999841573183912;1.0;0.9999806169627324;1.0;1.000030688996958;1.0;0.9999512109061323;0.9999519644362452;0.9999528118580305;0.9999987469180875;0.999998724222634;0.9999914365536925;1.0;0.9999571272823863;0.999952501207654;1.0002340374828385;1.0002558356785713;0.9999930824097532;0.9999623321042319;0.9999968564443079;0.9988435010270551;0.9983935191309353;0.998164752984608;0.9981332243298434;0.9999921391931201;0.9972667940077637;0.9970393024812959;0.998687210950837;0.9992476815911656;1.0;1.0;0.9999942385312293;0.9999951942503353;0.999993895175951;1.0;1.024999976158142;
2016-10-06 19:15:00;1.0;0.9999725296379196;1.0;0.9999966009077774;1.0;0.9999963966073984;1.0002433953290464;0.9999711594389136;0.9999922294839749;0.9999999999999999;0.9999870056078664;1.0;1.0000306860360033;1.0;0.9999446873664326;0.9999455905022894;0.9999468196180932;0.9999995328774369;0.9999995226806361;0.9999950852749586;1.0;0.999975623948099;0.999946463727318;1.0002282571715395;1.0002498835439892;0.9999945884160159;0.9999783021687229;0.9999981098235009;0.9988943395496437;0.9984444954554124;0.9982428139154846;0.9982142098683702;0.9999956575648388;0.9974204035068869;0.9971745481023032;0.9987222331178727;0.9992673446758069;1.0;1.0;0.9999967562721108;0.99999667281407;0.9999969588431765;1.0;1.024999976158142;
2016-10-06 19:30:00;1.0;0.9999558837518815;1.0;0.999993399933467;1.0;0.9999933740712721;1.0002464779450237;0.9999445184578752;0.9999869871004723;1.0;0.9999777694522866;1.0;1.000031082447758;1.0;0.9998926075035626;0.9998940355108966;0.9998964854873292;0.9999996447314055;0.9999996149749266;0.9999914258952856;1.0;0.9999607843549779;0.9998958164798774;1.0002303475920067;1.0002536886272346;0.9999900827205979;0.9999651599000433;0.9999965144860243;0.9990301483151536;0.9986039015941466;0.9984043023366957;0.998358354635745;0.9999928042652496;0.9976000097166653;0.9973722446763704;0.9988184641985037;0.9993231257525661;1.0;1.0;0.9999946335768105;0.9999943213052915;0.9999948071841639;1.0;1.024999976158142;
2016-10-06 19:45:00;1.0;0.9999363920864683;1.0;0.9999865160669955;1.0;0.9999876990512963;1.0002564700203356;0.9998841454876944;0.9999805874228958;1.0;0.9999612970781363;1.0;1.000032283438254;1.0;0.9997727794464912;0.9997739717754989;0.9997792437866494;0.999999837822184;0.9999997613627969;0.9999852077400749;1.0;0.9999404989596218;0.9997778464142588;1.0002377429032274;1.0002655416177473;0.9999802834795859;0.9999461593918236;0.9999935105536523;0.9990702952682956;0.9986035935131017;0.9983793534619634;0.9982927942729077;0.9999901205055723;0.9974154062726839;0.9971697879535637;0.9987803153656242;0.9993013952320894;0.9999999999999999;1.0;0.9999927283365989;0.9999891667069447;0.9999915660816915;1.0;1.024999976158142;
2016-10-06 20:00:00;0.9999999999999999;0.9999105932806848;0.9999999999999999;0.9999860512088549;0.9999999999999999;0.9999828109357133;1.0002606359091348;0.9999060077036008;0.9999616811876828;1.0;0.9999560109657939;1.0;1.0000328925008495;0.9999999999999999;0.9998345260327559;0.9998351967921699;0.9998385660505849;0.9999997366764024;0.9999996339046198;0.9999783218722782;1.0;0.9999128929005153;0.9998376618141224;1.000242950126903;1.0002687599036426;0.99998115005629;0.9999247072025264;0.9999909365316976;0.999110045426315;0.9986488695033195;0.9983993675130591;0.9982924937526945;0.9999820423120015;0.9973768148866491;0.9971528100697052;0.998779099817598;0.9993004028198116;1.0;1.0;0.9999869697070293;0.999989542367456;0.9999847397587316;1.0;1.024999976158142;
2016-10-06 20:15:00;1.0;0.9999385268077451;1.0;0.9999909508983059;1.0;0.9999895955418469;1.0002531057517223;0.9999312741122062;0.9999778648132335;1.0;0.9999687855845625;0.9999999999999999;1.0000312066700272;1.0;0.9998740039266107;0.9998746111187549;0.9998772428752156;0.9999989460250341;0.9999988886879259;0.9999864713872472;1.0;0.9999406100641389;0.9998764770947338;1.000236376981863;1.0002607733997004;0.9999864207316576;0.9999473514833511;0.9999945196810426;0.9991132787642916;0.9986587648737874;0.9984172465574419;0.9983157406329002;0.9999894255287337;0.9974203647297973;0.9971966501296692;0.9987955300595202;0.9993099815213489;1.0;0.9999999999999999;0.9999923004941685;0.9999917451665455;0.999990994728666;0.9999999999999999;1.024999976158142;
2016-10-06 20:30:00;0.9999999999999999;0.9999153049339535;1.0;0.9999911574465385;1.0;0.9999896245821633;1.0002513799677544;0.9999246777882994;0.9999761728790193;1.0;0.9999597661876916;0.9999999999999999;1.000028679619137;1.0;0.9998602377237528;0.9998615606747002;0.9998643557690441;0.9999966432295709;0.9999965567948208;0.9999849354967192;1.0;0.9999198439809219;0.9998633856083287;1.0002347085639216;1.0002594681403822;0.9999838968126602;0.9999273265025483;0.9999945204608435;0.9992221169534538;0.9988063088305831;0.9986106969058242;0.9985297903238354;0.999988004390094;0.9977742914985971;0.9975520511036869;0.9989406780320939;0.9993929216317059;1.0;0.9999999999999999;0.9999911861535152;0.9999884409490009;0.999990347703669;1.0;1.024999976158142;
2016-10-06 20:45:00;1.0;0.9998738143217948;0.9999999999999999;0.9999859223976061;1.0;0.9999818650902729;1.0002606132579264;0.999896630080889;0.9999565477638389;1.0;0.999941626855608;1.0;1.0000294918194335;1.0;0.9998177102995124;0.9998191126187931;0.9998225681641818;0.9999963322659804;0.9999961598318932;0.9999748709867304;1.0;0.9998786433642753;0.999821402583399;1.0002429412833462;1.0002693540735554;0.9999770771129166;0.9998922550597583;0.9999904023975915;0.9992299554820923;0.9988155538929705;0.9986313348781283;0.9985582262275471;0.9999790430249583;0.9978310347585343;0.9976022608754159;0.9989600671724491;0.9994034772935695;1.0;1.0;0.9999847152732344;0.9999844666200974;0.9999827131342036;1.0;1.024999976158142;
2016-10-06 21:00:00;0.9999999999999999;0.9998778280668434;0.9999999999999999;0.9999816461291443;1.0;0.9999799649684122;1.000263241739358;0.9998528982500847;0.9999597603474639;1.0;0.9999359086506827;1.0;1.0000304698725642;1.0;0.9997245767625667;0.9997258103592993;0.9997316696148527;0.9999972070096483;0.99999698472362;0.9999738644788709;1.0;0.9998820793302259;0.9997299334471322;1.0002437060637983;1.0002732968546069;0.9999713610577267;0.9998940922149828;0.9999893707915352;0.9993013129360865;0.9989085932072426;0.9987259112935035;0.9986489558731503;0.9999806523517691;0.9979616394276574;0.9977500377935881;0.9990181532772836;0.9994363573829178;1.0;1.0;0.9999858968011456;0.9999821006301177;0.9999832924863695;1.0;1.024999976158142;
2016-10-06 21:15:00;1.0;0.9998864408546315;1.0;0.9999832451907498;1.0;0.9999841925793221;1.0002632222955983;0.9998415719260025;0.9999736050117158;1.0;0.9999347767424255;1.0;1.000027627892022;1.0;0.9996909800282993;0.9996915457738464;0.9996982207999725;0.9999944507573787;0.9999942246661295;0.9999783173087587;0.9999999999999999;0.9998883793301474;0.9996960769767878;1.0002430512222733;1.0002743115859503;0.9999695110083215;0.9998952456559155;0.9999915865678225;0.9992997405770777;0.9989057836317771;0.9987113915842317;0.9986275883040434;0.9999875333709468;0.997918098667684;0.9977133114339088;0.9990028678408578;0.9994271752414576;1.0;1.0;0.9999909411656012;0.9999787904449742;0.9999879028872317;1.0;1.024999976158142;
2016-10-06 21:30:00;1.0;0.9999183968956091;1.0;0.9999853794347026;1.0;0.9999858068372443;1.0002537925601396;0.9998740894387799;0.9999755934411841;1.0;0.9999525418286799;0.9999999999999999;1.0000302668624719;1.0;0.9997567597322788;0.9997574941008203;0.9997629046452441;0.9999981815721122;0.9999980664365802;0.9999820157740362;1.0;0.9999209132150941;0.999761354752093;1.0002350859255236;1.0002632198801438;0.9999770630915169;0.9999277753432098;0.9999924981424697;0.9992629513193877;0.9988606744927625;0.9986633267854439;0.9985795769862267;0.999988281624575;0.9978840932321614;0.9976744068092952;0.9989455938266468;0.9993955295641042;1.0;1.0;0.9999914598567735;0.999986025617506;0.9999893555263102;1.0;1.024999976158142;
2016-10-06 21:45:00;1.0;0.9999082959619605;1.0;0.999986122974542;1.0;0.9999851524682833;1.0002593505626702;0.9998868115197154;0.9999706407293527;1.0;0.9999515622861139;1.0;1.000030787964799;1.0;0.9997865720094894;0.9997876435934048;0.9997922296382776;0.999997905714072;0.9999977650686677;0.9999806181364406;1.0;0.9999119678505666;0.9997908771611475;1.0002409218657249;1.0002684590972575;0.9999782238575057;0.9999207600427694;0.9999921393889232;0.9992196550009433;0.9988027007500984;0.998603626859467;0.9985227385272167;0.9999857312470813;0.9977945905098261;0.997573735227306;0.9989150565238935;0.999377867825128;1.0;1.0;0.9999895788795973;0.9999864183332265;0.9999877718813881;1.0;1.024999976158142;
2016-10-06 22:00:00;1.0;0.9999311135740603;1.0;0.9999902325830716;1.0;0.9999887293177313;1.0002468949226164;0.9999266028954719;0.9999753995575773;1.0;0.9999664523095729;0.9999999999999999;1.000030709670262;1.0;0.9998650469205838;0.9998663285353137;0.999869200429509;0.9999992601420894;0.9999991972910637;0.9999853455319816;1.0;0.9999355080147974;0.9998683935399076;1.0002304307501704;1.0002544421381119;0.9999857264193454;0.9999433755072272;0.9999940623182064;0.999261157343432;0.9988713819526042;0.9986810231502373;0.9986058886778174;0.9999876938442531;0.9979362064874598;0.9977324943035832;0.9989656718122285;0.999406781111557;0.9999999999999999;1.0;0.9999909676364478;0.999991631020587;0.9999902236976321;1.0;1.024999976158142;
2016-10-06 22:15:00;1.0;0.9999297251173839;1.0;0.999989908192444;1.0;0.9999888715547476;1.0002481977919329;0.9999180318883986;0.999977275024132;0.9999999999999999;0.9999632706909767;1.0;1.0000296371028652;1.0;0.99984702031427;0.9998475894050465;0.9998507976942683;0.9999980605458904;0.9999979852816255;0.9999852277207281;1.0;0.9999316628349726;0.999849818270654;1.0002313523210793;1.000256248710544;0.9999837966665998;0.9999383847293153;0.9999941303142026;0.9992817962928792;0.9988924462924088;0.9987012631975478;0.9986215545686055;0.9999891958944078;0.9979439445878986;0.9977411120295121;0.9989806208270935;0.9994147681484531;1.0;1.0;0.9999921396586552;0.9999895773930453;0.9999905284854355;1.0;1.024999976158142;
2016-10-06 22:30:00;1.0;0.9998953765668082;1.0;0.999988532823999;1.0;0.999984911777048;1.0002486832337794;0.9999180971035583;0.999962985436284;1.0;0.9999525668980733;1.0;1.0000289961536484;1.0;0.9998572400639592;0.9998585755896283;0.9998612548908166;0.9999972960896115;0.9999971921284942;0.9999791121677388;1.0;0.9998999901449949;0.9998603609419124;1.0002322522406462;1.0002565199418396;0.999981720589381;0.9999117502655628;0.9999920408816987;0.9993377877686714;0.9989720847535796;0.9988037431842238;0.9987362251922712;0.9999820175605489;0.9980929027224229;0.9978945274284791;0.9990876518759441;0.9994756170215497;1.0;1.0;0.9999868684350156;0.9999878039309337;0.9999854401174941;1.0;1.024999976158142;
2016-10-06 22:45:00;0.9999999999999999;0.9999293503843892;1.0;0.9999920022798651;1.0;0.9999906049989228;1.0002391012373237;0.9999350775424704;0.9999784864994977;1.0;0.999966601517851;0.9999999999999999;1.0000283785097148;1.0;0.9998800912372924;0.999881366369233;0.9998838154122225;0.9999978873647403;0.9999978308229617;0.9999868247055286;0.9999999999999999;0.9999337465459943;0.9998830234459993;1.0002233920308514;1.0002464730660203;0.9999865202771454;0.9999406263017678;0.9999950509472496;0.9993445640688189;0.9989908295425027;0.9988430261117623;0.9987895256432356;0.9999890921085143;0.9981718192281004;0.9979697052049895;0.9991418779401321;0.9995067096903947;1.0;1.0;0.9999919764486153;0.999990911364977;0.9999914095257144;1.0;1.024999976158142;
2016-10-06 23:00:00;1.0;0.9999155098151525;1.0;0.999989938795043;1.0;0.9999874011670981;1.0002441189948041;0.9999260948637498;0.9999703581399068;1.0;0.9999605802242763;1.0;1.0000291689097736;1.0;0.9998682571182406;0.9998694114634747;0.9998720064331212;0.9999980498052239;0.9999979653788933;0.9999828558057184;1.0;0.999919471041166;0.999871187493069;1.0002279975853627;1.000251675595053;0.9999842503169152;0.9999288484844192;0.9999933551617158;0.9993461889786869;0.9989867934096269;0.998846938621289;0.998796112025397;0.9999855269651645;0.9981891060956859;0.9979768584410922;0.9991447270919925;0.9995083218652963;1.0;1.0;0.9999894212991652;0.9999898117684893;0.9999882575965231;1.0;1.024999976158142;
2016-10-06 23:15:00;1.0;0.9999396788059912;0.9999999999999999;0.9999933732810429;1.0;0.9999920784077527;1.0002343632379178;0.999947718333081;0.9999812509228526;1.0;0.999972609980526;1.0;1.0000285439681393;0.9999999999999999;0.9999037605527336;0.9999052456695989;0.9999072365661613;0.9999986151554507;0.9999985738637303;0.9999889411997068;1.0;0.9999447974867268;0.9999066160663815;1.0002192754338135;1.000241206122447;0.9999892441256923;0.9999510696340477;0.9999958308012369;0.9994187551156859;0.9991023849195622;0.9989637446143947;0.998915740687537;0.9999901512761566;0.9983714283332069;0.9981948167655222;0.9992249916722147;0.9995538021619063;1.0;1.0;0.9999927137825486;0.9999930005107961;0.9999926971824039;1.0;1.024999976158142;
2016-10-06 23:30:00;1.0;0.9999565756279264;1.0;0.9999937297053794;1.0;0.9999930521919256;1.000227821509271;0.9999512726253286;0.9999851811916038;1.0;0.9999787627898787;1.0;1.000028746438945;0.9999999999999999;0.9999088275913163;0.9999098737975883;0.9999118712417111;0.9999996646403823;0.9999996417238173;0.9999910004616136;0.9999999999999999;0.9999601767870472;0.9999113225990225;1.0002130778004075;1.0002343508501952;0.9999908587735723;0.999965023884169;0.9999963508822239;0.999469841917752;0.9991713558525819;0.9990504768053152;0.9990083832787945;0.9999923338368557;0.9985339272235639;0.9983605665163771;0.9992776163207885;0.9995841795255275;1.0;1.0;0.9999943422453336;0.9999947591213011;0.9999941334503826;1.0;1.024999976158142;
2016-10-06 23:45:00;1.0;0.9999656738136876;1.0;0.9999955891223633;0.9999999999999999;0.9999947884926196;1.0002231556803565;0.9999674670158396;0.9999879018939786;1.0;0.9999844263004303;0.9999999999999999;1.0000283876570948;1.0;0.9999403249177872;0.9999413298112406;0.9999426173115561;0.9999998378221838;0.9999998269848037;0.999993132091492;1.0;0.99996913032152;0.9999422674519419;1.0002091797862591;1.0002291353439927;0.9999937205798411;0.9999732460599409;0.999997267433924;0.9994934335695375;0.9992106911372847;0.9991008365359296;0.9990663021285198;0.9999936036489417;0.9986291285107168;0.9984617384123676;0.9993200215697486;0.9996082444977077;1.0;1.0;0.9999952628691702;0.9999964579148186;0.999995366482849;1.0;1.024999976158142;
2016-10-07 00:00:00;1.0;0.9999610717636074;1.0;0.9999955876637426;1.0;0.9999946619500225;1.0002266226942287;0.9999664560801438;0.9999872169703654;1.0;0.9999826181944428;1.0;1.0000283914598975;1.0;0.9999386644538084;0.9999397329552094;0.9999410160938514;0.9999993950651723;0.9999993800497406;0.9999926850452221;1.0;0.9999647447289277;0.9999406363386223;1.0002124518396645;1.0002327579397858;0.9999932228939645;0.9999690924786493;0.999997199124385;0.999439445976997;0.9991272315394851;0.9990047620149947;0.9989615847768933;0.9999932357517001;0.9984562887456392;0.9982723745725515;0.999250542688933;0.9995693861905572;1.0;1.0;0.9999949896628565;0.9999958158118812;0.9999950867548777;1.0;1.024999976158142;
2016-10-07 00:15:00;1.0;0.9999627555810606;1.0;0.9999970652949997;0.9999999999999999;0.9999960135431686;1.0002234090789854;0.9999770479384513;0.9999890728287422;1.0;0.9999847121351885;1.0;1.0000275246351285;1.0;0.9999590780406152;0.9999601911559025;0.9999609696099706;0.9999988910135208;0.9999988769704639;0.9999939693122787;1.0;0.9999665723523311;0.9999606871932238;1.000209786293703;1.0002292647604036;0.9999947310788826;0.9999704352054047;0.9999979078565913;0.9994807728748452;0.9991981234290741;0.9990851173390319;0.9990517150925105;0.9999940365522183;0.9986073706435037;0.9984421708870246;0.9993118405455791;0.9996039249443363;1.0;1.0;0.9999955613627465;0.9999962106377709;0.9999958956531664;1.0;1.024999976158142;
2016-10-07 00:30:00;1.0;0.9999601481677782;1.0;0.9999965920448829;1.0;0.9999954329394345;1.0002252827098104;0.9999742933699974;0.9999877348263272;1.0;0.9999835821756686;0.9999999999999999;1.0000278950777812;1.0;0.999954245656672;0.9999554637866975;0.9999563536974967;0.9999990303895147;0.9999990134836206;0.9999932919407254;1.0;0.9999643263028394;0.9999560517515121;1.0002114803541833;1.0002312141374379;0.9999942547645673;0.9999686572413526;0.9999976019211766;0.9994859466254041;0.9991985407153787;0.999072887986198;0.9990290543820137;0.9999933348077191;0.9985603689510641;0.9983996083672623;0.9992919731414008;0.9995925664841633;1.0;1.0;0.9999950423157058;0.9999960688370965;0.9999954013950403;0.9999999999999999;1.024999976158142;
2016-10-07 00:45:00;0.9999999999999999;0.9999743729732419;1.0;0.9999973585316793;1.0;0.9999963511265023;1.0002197305179354;0.9999825962744011;0.9999904933138725;1.0;0.9999892332497669;1.0;1.000027819612566;1.0;0.9999704540971568;0.9999710422654772;0.9999715976050265;0.9999996447314057;0.9999996371585911;0.9999949848342682;1.0;0.9999763834110078;0.9999714266893688;1.000206430860736;1.0002252725215237;0.9999961219363598;0.9999795980081267;0.9999980875948659;0.9995210778454016;0.9992695443988794;0.9991513904236031;0.9991201181505455;0.9999951603264465;0.9987188195824536;0.998583515097097;0.9993535416309604;0.9996279016787202;1.0;1.0;0.9999964372537482;0.9999975981825546;0.9999963963948821;1.0;1.024999976158142;
2016-10-07 01:00:00;1.0;0.999970229639695;1.0;0.9999968554912207;1.0;0.9999960134464198;1.0002192771352687;0.9999770246775255;0.999989999603843;1.0;0.9999872354394219;1.0;1.000027676137031;1.0;0.9999587224799996;0.9999596033640589;0.9999604500301329;0.9999995834361863;0.99999957384091;0.9999944895897249;1.0;0.9999732521507464;0.9999601982284432;1.000205828096465;1.000224965405647;0.9999952329293048;0.9999767169023026;0.9999979096853733;0.9995386536820402;0.9993041503732983;0.9991935412833771;0.9991709300416474;0.9999946678686098;0.9988166742983139;0.9986908207289568;0.9993836778787939;0.9996453622116193;1.0;1.0;0.9999960455834759;0.9999970645236808;0.9999962165934911;1.0;1.024999976158142;
2016-10-07 01:15:00;0.9999999999999999;0.9999605087990381;1.0;0.9999970904083442;1.0;0.9999962947675984;1.0002184899191606;0.9999741522987559;0.9999899810140274;0.9999999999999999;0.99998336442711;0.9999999999999999;1.0000264417957156;1.0;0.999952136111541;0.9999533318998265;0.9999542673816069;0.9999984543024675;0.9999984372686563;0.999994095315949;1.0;0.9999646148859456;0.9999539130644123;1.0002050528803712;1.000224395999416;0.9999941361615396;0.9999681640468608;0.9999980538156985;0.9996206775810164;0.9994100276728245;0.9993095095050077;0.999285626391168;0.9999943708518444;0.9989910921356614;0.9988787269998336;0.9994556950260569;0.9996882018433436;1.0;1.0;0.9999957919986373;0.999995521634962;0.9999961932403972;1.0;1.024999976158142;
2016-10-07 01:30:00;1.0;0.9999601887192955;1.0;0.9999975780755599;0.9999999999999999;0.9999964957230268;1.0002168327377974;0.9999806488888571;0.9999892342469382;1.0;0.9999850489033589;1.0;1.0000267148377562;1.0;0.9999653592326229;0.9999670354010626;0.9999676984360152;0.9999989077666687;0.9999988937551704;0.9999943474204329;1.0;0.9999659573574732;0.9999674475366335;1.0002037311419696;1.0002224195463247;0.9999953846245215;0.9999701060176619;0.9999981602563637;0.9996547574301573;0.9994607635634666;0.9993616745642876;0.9993385454561581;0.9999935911410031;0.9990722987078633;0.9989731187722802;0.999490205346787;0.9997073480325833;1.0;1.0;0.9999951697579705;0.9999965791387211;0.9999961644422648;1.0;1.024999976158142;
2016-10-07 01:45:00;1.0;0.9999687667402821;0.9999999999999999;0.9999982369155916;0.9999999999999999;0.9999978259818146;1.000211217675712;0.9999804735113643;0.9999938696545867;1.0;0.9999865768483022;1.0;1.0000252261548699;0.9999999999999999;0.9999627731126951;0.9999636126536565;0.9999643133183391;0.9999981540499324;0.9999981419772428;0.9999959765463798;0.9999999999999999;0.9999716445629323;0.9999639996809953;1.0001983406109036;1.0002168988135558;0.9999953096423865;0.9999737886703146;0.9999988587452112;0.999809043353506;0.9996714581488563;0.9995626429170917;0.9995249687462945;0.9999964574752976;0.9993335172663748;0.9992887555460884;0.9996059028247593;0.9997730882654638;0.9999999999999999;0.9999999999999999;0.9999973408713768;0.9999959068844247;0.9999975977341202;1.0;1.024999976158142;
2016-10-07 02:00:00;1.0;0.9999669824354849;1.0;0.999997942095815;1.0;0.9999978024449081;1.0002123496512205;0.9999753872436518;0.9999944850456263;1.0;0.9999849085554096;1.0;1.0000249841944602;1.0;0.9999518135183305;0.9999525893763654;0.9999535368769079;0.9999977909672313;0.9999977756156359;0.9999958418412149;1.0;0.9999696435610103;0.9999531328920048;1.0001992254886827;1.0002182736203666;0.9999943761055784;0.9999714779415608;0.9999988448076844;0.9997803400590131;0.9996387092781424;0.9995381058210232;0.9995101116435919;0.9999967937723915;0.9993276881028448;0.9992740431207255;0.9995977989137872;0.9997683794226611;1.0;1.0;0.9999975912740326;0.9999950958264143;0.9999977152303111;1.0;1.024999976158142;
2016-10-07 02:15:00;1.0;0.9999683008253879;0.9999999999999999;0.999997442594156;1.0;0.9999971932017587;1.0002105957514558;0.9999735180964308;0.9999934305027219;1.0;0.9999850188224589;1.0;1.0000251055808853;1.0;0.9999491447962259;0.9999497329520124;0.9999507440031289;0.9999981464691666;0.999998133947646;0.9999953444264685;0.9999999999999999;0.9999703112509459;0.9999503482365357;1.000197514102076;1.000216463108179;0.9999941693395515;0.9999723838588787;0.999998527331526;0.9998073470570361;0.9996703695875601;0.9995737247677973;0.9995437390520008;0.9999964894629845;0.9993794523211454;0.9993271080757411;0.9996163473705725;0.9997790020743795;1.0;1.0;0.9999973954153937;0.9999952822903548;0.9999972725402911;1.0;1.024999976158142;
2016-10-07 02:30:00;0.9999999999999999;0.9999625006971294;0.9999999999999999;0.9999978260803074;1.0;0.9999974047850178;1.0002116464986734;0.9999755180650258;0.9999928559065909;1.0;0.9999836691595342;1.0;1.0000248435980503;1.0;0.9999530075831617;0.999953996664717;0.9999548929065111;0.9999977327993965;0.9999977167623996;0.999995184291571;1.0;0.9999658834607661;0.9999544983188838;1.0001986213380938;1.000217516964808;0.9999942048284726;0.9999683609355386;0.9999986364385696;0.9998197690806547;0.9996881805161066;0.9995891637966692;0.9995578333879115;0.9999958635405682;0.9993966871397525;0.9993504992711483;0.9996264878455139;0.9997848736684753;1.0;1.0;0.9999968939666993;0.9999949538854274;0.999997172714608;1.0;1.024999976158142;
2016-10-07 02:45:00;1.0;0.9999663198282005;1.0;0.9999980300266381;1.0;0.9999975608807395;1.000211555822644;0.9999802791772496;0.9999927747192191;0.9999999999999999;0.9999866278036176;1.0;1.00002580203596;1.0;0.9999621271606185;0.9999635775951177;0.9999643538032886;0.9999986856229409;0.9999986731877036;0.9999957338449014;0.9999999999999999;0.9999712924923293;0.9999640575760932;1.000198664501287;1.0002171424390494;0.9999955749619445;0.9999741399585633;0.9999987190562061;0.9998359365149343;0.9997135629158643;0.9996097098173011;0.9995762846002378;0.9999954039184633;0.9994246308115475;0.9993894983195875;0.9996356477806642;0.9997895392264122;1.0;1.0;0.9999965048706807;0.9999964965865126;0.9999973904757722;1.0;1.024999976158142;
2016-10-07 03:00:00;0.9999999999999999;0.9999692545330655;0.9999999999999999;0.9999979679168122;0.9999999999999999;0.9999973534193866;1.000210439784003;0.9999816116299449;0.9999924529315138;1.0;0.9999875168626209;1.0;1.0000258139409497;1.0;0.9999658311379168;0.9999669219959776;0.9999675920442552;0.9999988357350679;0.99999882552843;0.9999956517973498;0.9999999999999999;0.9999729995366345;0.9999673342507438;1.0001976551009926;1.000215938534957;0.9999957788685775;0.9999757840318102;0.9999986117140095;0.9998337352467646;0.9997125003879769;0.9996095234371768;0.9995773950649028;0.9999955857617091;0.9994256428106809;0.9993909001381277;0.9996385488642192;0.9997915635849777;1.0;1.0;0.999996680990867;0.9999967333793097;0.9999972022956185;1.0;1.024999976158142;
2016-10-07 03:15:00;1.0;0.9999770178104757;1.0;0.9999978732976043;1.0;0.9999978111319329;1.000210055944918;0.9999781050834814;0.9999953097937284;1.0;0.9999886798940707;1.0;1.0000255876605229;1.0;0.9999575240080175;0.9999579245303162;0.9999587972131646;0.999998687186846;0.9999986783979767;0.999996503258302;1.0;0.9999783777620074;0.9999584757333039;1.0001970862003968;1.0002157447457032;0.9999953921618603;0.9999798139264493;0.9999988522820433;0.9998052596391211;0.9996729097970463;0.9995671526406674;0.9995344231453374;0.9999975127471027;0.9993572556495361;0.9993149349103922;0.9996121873406734;0.9997763847714797;1.0;1.0;0.9999981566030719;0.999996399463536;0.9999980054559635;1.0;1.024999976158142;
2016-10-07 03:30:00;0.9999999999999999;0.9999736583454968;1.0;0.9999977203978353;1.0;0.9999975311882175;1.0002103817487429;0.999976708280023;0.9999944417092355;0.9999999999999999;0.9999872328219591;1.0;1.0000253751795474;1.0;0.9999553203837875;0.9999557176597147;0.9999566077622827;0.9999984343935332;0.9999984236706926;0.9999959931078956;1.0;0.9999750191764204;0.9999562639790224;1.0001973795497334;1.0002161357879522;0.9999949182979235;0.9999767113098835;0.9999987049080225;0.999812954554175;0.9996818192545541;0.9995786910497987;0.9995464250473698;0.9999971204970133;0.9993778422188551;0.9993348020721892;0.9996189284368265;0.9997800761493951;1.0;1.0;0.9999978742299922;0.9999959301999805;0.9999976522360985;1.0;1.024999976158142;
2016-10-07 03:45:00;1.0;0.9999594627134349;1.0;0.9999977520422874;1.0;0.9999970701396641;1.0002122008151082;0.9999771531005671;0.9999912428709257;1.0;0.9999836101784424;1.0;1.0000253055816741;1.0;0.9999568652195172;0.9999583090687777;0.9999591391710589;0.9999981111043844;0.9999980957403122;0.9999947676354857;0.9999999999999999;0.9999644368120307;0.9999587884946755;1.0001992336601944;1.000217939764885;0.9999945683230284;0.9999677239054198;0.999998461246412;0.9998037217985409;0.9996643669426248;0.9995639384137455;0.9995317535216667;0.999994711918412;0.9993565171146325;0.9993046999959453;0.9996089247305432;0.9997744151147376;1.0;1.0;0.9999960068091903;0.9999954683414272;0.9999967509264359;1.0;1.024999976158142;
2016-10-07 04:00:00;1.0;0.9999573532868915;0.9999999999999999;0.9999975344354481;1.0;0.9999969063490864;1.000213158968292;0.9999757728585051;0.9999906731110608;1.0;0.9999833922202616;1.0;1.0000257933828915;0.9999999999999999;0.9999535238399604;0.9999554736277178;0.9999564356348835;0.9999984817960995;0.9999984656966537;0.9999946225178853;1.0;0.9999640610858536;0.9999560762717219;1.0002000919769383;1.000218888179775;0.9999946040608382;0.9999678040521816;0.9999983745792345;0.9998083353458758;0.9996691987157791;0.9995680936703175;0.9995347788476655;0.999993992113855;0.9993559120947364;0.999304707880225;0.9996129229620061;0.9997766754995194;1.0;1.0;0.9999954245479648;0.999995798552718;0.999996682058824;1.0;1.024999976158142;
2016-10-07 04:15:00;1.0;0.9999658861768357;1.0;0.9999976567913288;1.0;0.9999974058542742;1.0002111623275192;0.9999763732449027;0.9999929282078296;1.0;0.9999860677138975;1.0;1.000025881249158;1.0;0.9999536155247347;0.9999552089925681;0.9999562177021121;0.9999988357350683;0.9999988245445987;0.9999956375946005;1.0;0.9999713655212892;0.999955870876661;1.0001981461794323;1.0002168344347633;0.999995127741695;0.9999742019198187;0.9999986385609333;0.9998108595796491;0.9996754496723402;0.9995739236618912;0.9995411428877535;0.9999953396177382;0.9993693930243062;0.9993216495512147;0.9996151257851572;0.9997780498143;0.9999999999999999;1.0;0.9999964406100853;0.9999963803315922;0.9999974448982698;1.0;1.024999976158142;
2016-10-07 04:30:00;1.0;0.999973239020057;1.0;0.999997775117144;1.0;0.9999975178407642;1.0002109606584513;0.9999774095909626;0.9999942376605839;1.0;0.9999871984149462;1.0;1.0000254217816549;1.0;0.9999569397073941;0.9999573369839646;0.9999581810567381;0.9999984021516589;0.9999983910550652;0.9999959401911525;1.0;0.9999745998504099;0.9999578471138274;1.000197956800877;1.0002167074635955;0.9999949802336998;0.9999763642483309;0.9999986977631452;0.9997921387734349;0.9996649618046736;0.9995621039885908;0.9995368086011197;0.9999970281309576;0.9993772885389232;0.9993374539784523;0.9996124270729755;0.999776522637417;1.0;1.0;0.9999978076393212;0.9999959366738841;0.9999975857639718;1.0;1.024999976158142;
2016-10-07 04:45:00;1.0;0.9999755937692941;1.0;0.9999979789159827;1.0;0.9999976966219237;1.000209759975471;0.9999806928903874;0.9999943435107107;1.0;0.9999890418126264;1.0;1.000025803827301;1.0;0.9999631850822551;0.9999638559279825;0.999964607622821;0.9999989261161063;0.9999989176813088;0.9999963486875336;1.0;0.9999778935386144;0.9999643347018718;1.000196918920413;1.0002153058122825;0.999995859209979;0.9999798325394549;0.9999987922651734;0.9998261177455191;0.9997008396311837;0.9996015738644312;0.9995712304603624;0.9999968260178392;0.9994191653487127;0.9993785354249031;0.9996349943402297;0.9997891658116996;1.0;1.0;0.9999976276891603;0.9999968531107061;0.9999977736747655;1.0;1.024999976158142;
2016-10-07 05:00:00;1.0;0.9999708913264347;1.0;0.9999981757886427;1.0;0.9999979203813117;1.00020972937966;0.9999804149999878;0.9999943024336245;1.0;0.9999877153436142;1.0;1.0000254837187057;1.0;0.9999618871990733;0.9999629557252894;0.9999637365972078;0.999998607542233;0.99999859803974;0.9999963065515778;1.0;0.9999745643278235;0.999963433669535;1.0001969069428482;1.0002153192330958;0.9999956749388511;0.9999767118726701;0.999998909130893;0.9998267997903916;0.9997000471622437;0.9995976468254948;0.9995646020120731;0.999996442286697;0.9994069152974121;0.9993671100927511;0.9996286023435171;0.9997858123771327;1.0;1.0;0.9999973012591753;0.9999964857665604;0.999997845278041;1.0;1.024999976158142;
2016-10-07 05:15:00;0.9999999999999999;0.9999531018160502;1.0;0.9999971516315195;1.0;0.9999965762298009;1.0002140588109938;0.9999712613487862;0.999990056306925;1.0;0.9999812074348444;1.0;1.0000256021676455;1.0;0.9999444752160636;0.999946507678002;0.9999476619503699;0.9999981923084775;0.9999981746575669;0.9999940462272886;1.0;0.9999600989501606;0.9999472317456859;1.0002008110652387;1.000219968217008;0.9999936830826233;0.9999640194857885;0.9999982013013047;0.9998296528048841;0.9997018983490767;0.9995974686579825;0.9995631582995607;0.9999936363232356;0.9994120050877147;0.9993727538836146;0.9996210674527517;0.9997811411859304;0.9999999999999999;1.0;0.9999951577043044;0.9999950562598426;0.999996402673682;1.0;1.024999976158142;
2016-10-07 05:30:00;1.0;0.99996754853469;1.0;0.9999978346079917;1.0;0.9999975698800543;1.0002167941036617;0.99997667634684;0.9999936836727069;1.0;0.9999857616277626;0.9999999999999999;1.0000260481126706;1.0;0.9999547689907937;0.999955754816717;0.9999566666839722;0.9999982735167635;0.9999982599022383;0.9999957307395271;0.9999999999999999;0.9999709321559148;0.9999563058993399;1.0002034565539253;1.000222694834472;0.9999948137686308;0.9999731800439702;0.9999987235341569;0.9997816165202394;0.9996428146144354;0.9995324746762134;0.9995008964454047;0.9999962388497775;0.9993434995811713;0.9992989628270769;0.9995669082318197;0.9997400721596195;1.0;1.0;0.9999971649429553;0.999995738057233;0.999997522302702;1.0;1.024999976158142;
2016-10-07 05:45:00;1.0;0.9999717539357199;1.0;0.999997717938559;0.9999999999999999;0.9999974446140653;1.000218914440561;0.9999773011800469;0.9999938195284173;1.0;0.9999870861182578;1.0;1.0000266320817015;1.0;0.9999565135778722;0.9999572035013381;0.9999580825196965;0.9999985829417303;0.9999985718149856;0.9999958506769697;1.0;0.9999741265902925;0.9999577520654315;1.0002054488661538;1.0002248113571797;0.9999950736399361;0.9999761930608387;0.9999986591584892;0.9996911261883921;0.999549096337786;0.9994355907452107;0.9994217465633645;0.9999965699637864;0.9992763065443173;0.9992313384135383;0.9995034547534529;0.9996961411600424;1.0;1.0;0.9999974407017589;0.99999613894507;0.9999975203590287;1.0;1.024999976158142;
2016-10-07 06:00:00;1.0;0.9999788610776894;1.0;0.9999984051593139;1.0;0.9999980773999791;1.0002200047195131;0.9999851652457453;0.9999949411140817;0.9999999999999999;0.999990948328145;1.0;1.000027367129781;1.0;0.9999719969599071;0.9999726678115461;0.9999732325346095;0.9999991482880706;0.9999991421740363;0.9999969142050181;1.0;0.9999811608545239;0.9999730243445468;1.0002066938660201;1.0002256421398976;0.9999967403149607;0.9999829645010001;0.9999989926915163;0.9995460183851245;0.9994034942198973;0.9992827515075365;0.9992977385515345;0.9999970964989223;0.9991431512085898;0.9991028470855997;0.9994243735385101;0.9996504595549665;1.0;1.0;0.9999978226849473;0.9999975175556145;0.9999980686434391;1.0;1.024999976158142;
2016-10-07 06:15:00;1.0;0.9999814255231261;1.0;0.9999986040666582;0.9999999999999999;0.9999985209184049;1.0002212917215447;0.9999859555294124;0.9999961953302882;0.9999999999999999;0.9999922160860378;1.0;1.0000277660710981;1.0;0.9999722842362999;0.9999731428043704;0.9999737537737253;0.9999993827650179;0.9999993784777669;0.9999975790325588;1.0;0.9999843760591979;0.9999735498656933;1.0002078914284736;1.0002269278175946;0.9999971848155916;0.9999858933174283;0.9999992255687971;0.9995082045775348;0.9993565357152145;0.9992277670818885;0.9992425212388918;0.9999974912772429;0.9990602997104642;0.9990177074635718;0.9993878739039419;0.9996248396796128;0.9999999999999999;1.0;0.9999980837803453;0.9999979555503827;0.9999986040453069;1.0;1.024999976158142;
2016-10-07 06:30:00;1.0;0.9999710168629984;1.0;0.9999977360818095;1.0;0.9999975430513589;1.0002284770851493;0.9999793886762136;0.9999933178681473;0.9999999999999999;0.999988853591457;0.9999999999999999;1.0000289528553654;1.0;0.9999592030294724;0.9999610097186031;0.9999619684750001;0.9999996662042335;0.9999996596836491;0.9999962132757995;1.0;0.9999772178518376;0.9999616930082004;1.0002145009142571;1.0002343569640726;0.9999961818211203;0.9999801154447905;0.9999987120806012;0.9994747797281829;0.9992932792973575;0.9991160242059419;0.9990972165175052;0.9999953231664519;0.9987813851424314;0.9987460663973828;0.9992895144182969;0.9995621562192555;1.0;1.0;0.9999964020744694;0.9999976491090595;0.9999977326104083;1.0;1.024999976158142;
2016-10-07 06:45:00;1.0;0.9999754172617942;1.0;0.9999975778655706;0.9999999999999999;0.9999975233569102;1.0002281405443394;0.9999778495468931;0.9999941903955539;1.0;0.9999894161377928;1.0;1.0000288262526145;1.0;0.9999563549209207;0.9999575920606503;0.9999585967810231;0.9999995941726018;0.9999995885688193;0.9999963795127846;1.0;0.9999796680948428;0.9999583041802136;1.0002140977963025;1.000234097308247;0.9999959201872382;0.999981955752797;0.9999987024477711;0.9993949146966401;0.9991877284073605;0.9990266621241699;0.9990229233317581;0.9999962377539193;0.9987067787109724;0.9986388852294383;0.9992356693753627;0.9995302066751893;1.0;1.0;0.9999971327175676;0.9999974470731638;0.9999978744932293;1.0;1.024999976158142;
2016-10-07 07:00:00;0.9999999999999999;0.9999620755924837;1.0;0.9999958898968692;1.0;0.9999960307417833;1.000242005030052;0.9999583211925539;0.999992326666573;1.0;0.9999804584662795;0.9999999999999999;1.000028910911761;1.0;0.9999183478193813;0.99991899638331;0.9999207318665949;0.9999979746171807;0.9999979497335343;0.9999939593271804;1.0;0.9999643035813525;0.9999201336046436;1.000226572563844;1.0002490611727928;0.9999916433746574;0.999966591706894;0.9999979111360296;0.9991736222331653;0.9989479820423149;0.9987689484523959;0.9987995765487031;0.9999959325163533;0.9985038810202461;0.9984332775836742;0.9990451563153284;0.9994175728665119;0.9999999999999999;1.0;0.9999969863125311;0.9999937672582117;0.9999966607596721;1.0;1.024999976158142;
2016-10-07 07:15:00;1.0;0.9999106428122312;1.0;0.9999917024202214;0.9999999999999999;0.999988423024755;1.0002706663912095;0.9999388172248116;0.9999704669694451;1.0;0.999959697683319;1.0;1.0000309295376;1.0;0.9998956417501798;0.9998962266176721;0.9998979764978827;0.9999963123571572;0.999996218992965;0.9999831124995875;1.0;0.9999126539665105;0.9998972579153377;1.000253525781965;1.0002787212671262;0.9999850057294319;0.999921768449576;0.9999938869410788;0.9990211620424991;0.9987641327490628;0.998543113629083;0.9985753833490841;0.9999860947401903;0.9982720378158191;0.9982052058892311;0.9988307555213987;0.9992827063170521;1.0;1.0;0.9999899017188498;0.999988760842571;0.9999882057534185;1.0;1.024999976158142;
2016-10-07 07:30:00;1.0;0.9999393079257558;1.0;0.999993098924489;0.9999999999999999;0.9999906116594549;1.000253614552244;0.9999536718372803;0.9999767275979621;0.9999999999999999;0.9999725588557673;0.9999999999999999;1.0000311142681886;1.0;0.9999215704420487;0.9999221172366677;0.9999235345554486;0.9999986565370385;0.9999986148429786;0.9999872166587607;1.0;0.9999411736134787;0.9999230677470461;1.0002377123722148;1.0002606420306603;0.999989485331703;0.9999484947277455;0.999995062915163;0.99907983901813;0.9988560185316998;0.9986801867605092;0.9987375855434382;0.9999889679032713;0.9984545522421514;0.9983843250189119;0.9990110766872733;0.9993846682014771;1.0;1.0;0.9999919781309011;0.9999931647237165;0.9999908543098306;0.9999999999999999;1.024999976158142;
2016-10-07 07:45:00;1.0;0.9999387251251751;1.0;0.9999930063313754;0.9999999999999999;0.9999909219812106;1.0002595628756548;0.9999519737669322;0.9999774623671954;1.0;0.999973428405144;1.0;1.0000326012538712;1.0;0.9999156727845995;0.9999171802573161;0.9999188732307381;0.999999393501449;0.9999993569564026;0.9999877755251485;1.0;0.9999439158467875;0.9999183856226557;1.0002432096029097;1.0002666782268677;0.9999899334399616;0.9999515294627231;0.9999952275565702;0.9990571786656516;0.9988232082103392;0.9986349628307911;0.998686629490311;0.9999884171401314;0.998421131552363;0.9983513547530763;0.9989412354693366;0.9993326430611656;1.0;0.9999999999999999;0.9999914608291108;0.9999940267975796;0.9999914079472534;1.0;1.024999976158142;
2016-10-07 08:00:00;1.0;0.9999456802224223;1.0;0.9999937317495204;1.0;0.9999926939890185;1.0002615525631633;0.9999507643170117;0.9999829356988689;1.0;0.9999754926339502;1.0;1.0000326024831683;0.9999999999999999;0.9999084696147582;0.99991010760066;0.9999120674169086;0.9999991637442365;0.9999991326967265;0.9999899955607596;1.0;0.9999513032550276;0.9999114935489085;1.0002449069122712;1.000268901888708;0.9999902866441794;0.9999571673198444;0.9999961589434894;0.9990605827660297;0.9988241093824834;0.9986278586332906;0.9986733197857754;0.9999907781995205;0.9984164959940561;0.9983503863137427;0.9989141327696652;0.9993109780449942;1.0;0.9999999999999999;0.9999931466421997;0.9999940272064899;0.9999934308812244;1.0;1.024999976158142;
2016-10-07 08:15:00;1.0;0.9999593481915888;1.0;0.9999939744349596;0.9999999999999999;0.999992752979802;1.0002671291911374;0.999957346284919;0.9999838882786821;1.0;0.9999801372404293;1.0;1.0000338990140036;1.0;0.9999235202611647;0.9999240224664668;0.9999256080498364;0.9999997275037965;0.9999997052425272;0.9999907211938837;0.9999999999999999;0.9999610701183619;0.9999251720909232;1.000250305322059;1.000274381117061;0.9999915620550838;0.9999661220846201;0.9999961944770297;0.9990415417991133;0.9987864805723078;0.9985722580995924;0.998603697307348;0.9999922483611458;0.9983200193388336;0.9982510564727998;0.9988451161458738;0.9992519480945475;1.0;1.0;0.9999943487486557;0.999995192983475;0.9999935925805444;0.9999999999999999;1.024999976158142;
2016-10-07 08:30:00;1.0;0.9999553753096291;1.0;0.9999941041279582;1.0;0.9999926811433312;1.0002773857550664;0.9999588444905317;0.9999828896421876;1.0;0.9999794075697171;1.0;1.0000351665436298;1.0;0.9999268091226775;0.9999276453131762;0.9999291471207864;0.9999996662042334;0.9999996432057159;0.9999904288456128;1.0;0.9999582537215144;0.9999287288884239;1.0002600469771443;1.000284816844928;0.9999916829117355;0.9999638234648914;0.9999961566087087;0.9989047160925343;0.9985839388433444;0.9983680943676821;0.9983999132480645;0.9999914890809289;0.9980225141706898;0.9979006619606893;0.9987078399418674;0.9991677972828908;1.0;0.9999999999999999;0.9999937595479921;0.9999952068646664;0.9999933358509125;1.0;1.024999976158142;
2016-10-07 08:45:00;1.0;0.9999627708735778;1.0;0.9999947316329647;1.0;0.9999934467042788;1.000278792615815;0.9999635996862858;0.9999849528281538;1.0;0.9999821572622802;1.0;1.0000353739497234;1.0;0.9999358057673262;0.9999362062809258;0.999937500680269;0.999999675381207;0.9999996608805856;0.9999915166946409;1.0;0.9999641308057339;0.9999371376180685;1.0002614777028054;1.0002861675145263;0.9999925935154292;0.9999688327481504;0.9999965631724773;0.9987214743325807;0.9983218896811833;0.9980989836792671;0.9981300697400962;0.9999928257169413;0.9976605789081231;0.9974774197950094;0.9985010494773081;0.9990572839456149;1.0;1.0;0.9999947777213652;0.9999957098734247;0.9999940532497865;1.0;1.024999976158142;
2016-10-07 09:00:00;1.0;0.9999488173556533;1.0;0.9999932775618109;1.0;0.9999921307938014;1.0002843723911332;0.9999496456690019;0.9999821490749259;0.9999999999999999;0.9999761486586716;1.0;1.0000359007014992;0.9999999999999999;0.999907453116479;0.9999087347855644;0.9999107144176616;0.9999995420499216;0.9999995110074675;0.9999896279593462;1.0;0.9999532118741941;0.9999101618629741;1.000266330117955;1.0002922327383936;0.9999902025487302;0.9999591443107134;0.9999958636263079;0.9987899035611958;0.9984070667049819;0.9981698733548853;0.9981866951932903;0.9999907490301516;0.9977636049279497;0.9976043459111671;0.9985070854177981;0.9990533693941755;1.0;0.9999999999999999;0.999993170235706;0.9999942990959375;0.99999305245322;1.0;1.024999976158142;
2016-10-07 09:15:00;1.0;0.9999356339601345;1.0;0.9999917054243861;0.9999999999999999;0.9999899444832435;1.000280491787929;0.999940013197563;0.9999766936509831;1.0;0.999970379045902;1.0;1.0000352400002634;1.0;0.9998915626726037;0.9998930096844095;0.9998952766465476;0.999999402673988;0.9999993531369912;0.9999867383921907;1.0;0.9999406070952541;0.9998946387828272;1.000262492345342;1.0002884404501216;0.9999880222054822;0.9999483037094749;0.9999947070410825;0.9988490281537264;0.9985107731513378;0.9982862575734388;0.9983180587596182;0.9999881263360941;0.9979251650271526;0.9977939161784362;0.9986363714271442;0.9991377145792848;1.0;1.0;0.999991258736806;0.9999929966821213;0.9999909387689545;1.0;1.024999976158142;
2016-10-07 09:30:00;1.0;0.9999613541636977;1.0;0.9999937133359149;1.0;0.9999933993678563;1.0002793821604266;0.9999495520545794;0.9999869967693372;1.0;0.9999796876156143;1.0;1.0000353545962652;1.0;0.9999043482901178;0.9999050827670701;0.9999072042447251;0.9999996539039103;0.9999996309784672;0.9999916113418449;0.9999999999999999;0.9999638705912859;0.9999066222413605;1.000261482974588;1.000287229782477;0.9999907481367579;0.9999679283980509;0.9999965324225615;0.9987237441503753;0.9983302071671736;0.9980882172309421;0.998111031928749;0.999993443419775;0.9975753791018228;0.9974100360401508;0.9985161251894782;0.9990737893019999;1.0;0.9999999999999999;0.9999951812003665;0.999994690628422;0.9999946953515849;1.0;1.024999976158142;
2016-10-07 09:45:00;1.0;0.999951443683772;1.0;0.9999931736031257;1.0;0.9999914414149058;1.0002750309675028;0.9999532005073681;0.9999803408721549;1.0;0.9999767909387798;1.0;1.0000347288598102;0.9999999999999999;0.999917820850204;0.9999183040461844;0.9999199477099985;0.9999995436138538;0.9999995133675313;0.9999889284114906;1.0;0.9999530929630913;0.9999194835895839;1.0002577024423267;1.0002825363638148;0.9999904011633962;0.9999592408278775;0.9999955031975557;0.9988357635169782;0.9984672127680554;0.9982633341906884;0.9982940067698071;0.9999906614383034;0.9978472145635958;0.9976762470724369;0.9986475293154301;0.9991524440295573;1.0;1.0;0.9999932070581969;0.9999944075890808;0.9999922104404355;1.0;1.024999976158142;
2016-10-07 10:00:00;0.9999999999999999;0.9999520778047042;1.0;0.9999943113242148;1.0;0.9999926569990086;1.0002841651906127;0.9999610215881894;0.99998201112838;1.0;0.9999788906277619;1.0;1.0000359451568834;1.0;0.999931616391455;0.9999326848853248;0.9999340573159745;0.9999995543502509;0.9999995305051601;0.999990197113825;0.9999999999999999;0.9999557507369887;0.9999336652541146;1.0002665437720122;1.000291680983558;0.9999918815518891;0.9999617538492165;0.9999961437426388;0.9986144823193761;0.998229856407921;0.9979871191883449;0.9980396706210771;0.9999908795271706;0.9975998289418246;0.997443753162259;0.9984199800121039;0.9990150709304142;0.9999999999999999;1.0;0.999993291005059;0.9999952201948108;0.9999930974494143;0.9999999999999999;1.024999976158142;
2016-10-07 10:15:00;0.9999999999999999;0.9999331403575992;1.0;0.999995179280193;0.9999999999999999;0.9999928478521568;1.0002892320065886;0.9999627222236396;0.9999800499003939;0.9999999999999999;0.9999717255287462;1.0;1.0000340709687618;1.0;0.9999367127051801;0.9999377431044765;0.9999387454785396;0.9999969987313664;0.9999969511413759;0.9999888319125599;1.0;0.9999366676591863;0.9999382715250172;1.0002715607726844;1.0002971313323155;0.9999902819483394;0.999943179202486;0.9999962322845136;0.9986462540787381;0.9982497808963222;0.9979935405373506;0.9980264825900724;0.9999900285217891;0.9975112631957255;0.997353931295486;0.9984320466780411;0.9990136119331527;1.0;1.0;0.9999926821030184;0.9999922052399431;0.9999922423754712;1.0;1.024999976158142;
2016-10-07 10:30:00;0.9999999999999999;0.9999358922823759;1.0;0.9999943527464853;0.9999999999999999;0.999992456917393;1.0002843561291368;0.9999556249819538;0.9999805364807096;1.0;0.9999717896696103;0.9999999999999999;1.0000339779947787;1.0;0.9999214688774095;0.9999225596870757;0.9999239949155988;0.9999975701201659;0.999997524503438;0.9999887796887188;1.0;0.9999396371609993;0.9999234472296942;1.0002666773000193;1.0002922795994909;0.9999896437143053;0.9999459674447898;0.9999960281931844;0.9986504403744622;0.9982330596347977;0.9979544307331932;0.9979621254430372;0.9999901917791735;0.9973041717750103;0.9971429715699082;0.9984306566283351;0.9990193215648134;0.9999999999999999;1.0;0.9999927922679561;0.9999923393631802;0.9999923769896321;1.0;1.024999976158142;
2016-10-07 10:45:00;0.9999999999999999;0.999941587129172;1.0;0.999994140718157;1.0;0.9999929033856338;1.0002820766892857;0.9999521156352309;0.9999828185347565;0.9999999999999999;0.9999735708146525;0.9999999999999999;1.0000342718851227;1.0;0.9999119004825251;0.9999132169996803;0.9999149927067906;0.9999981831358841;0.9999981494092655;0.999989736850891;0.9999999999999999;0.9999461280256766;0.9999143984900384;1.000264314416876;1.0002900143675448;0.9999898026871293;0.9999518167154422;0.9999962684823489;0.9985596767782743;0.9981030636379874;0.9978313294066556;0.9978439338179325;0.9999910148359689;0.9971234477603327;0.9969246098679083;0.998362136257078;0.9989951392142619;1.0;1.0;0.9999933574670901;0.9999929424060413;0.9999932752022347;1.0;1.024999976158142;
2016-10-07 11:00:00;1.0;0.999940317412469;0.9999999999999999;0.9999880265052277;1.0;0.9999891085808381;1.0002965789220286;0.9998944769554283;0.9999830220113185;1.0;0.9999634455758895;1.0;1.0000367059863924;0.9999999999999999;0.9997930761348591;0.999793829545807;0.9997985582969243;0.9999990487345624;0.9999989747869761;0.9999865713882261;0.9999999999999999;0.9999429064609793;0.9997972484294033;1.000275830615198;1.0003064619594177;0.9999815683830826;0.9999476180595799;0.9999942518875722;0.9985625215257238;0.9980741215545297;0.9977727205625206;0.9977556057995531;0.9999916255823798;0.9969221066942762;0.9967173934195029;0.9983126643642133;0.9989473327848715;1.0;1.0;0.9999938682968603;0.9999892014552106;0.9999924369691444;0.9999999999999999;1.024999976158142;
2016-10-07 11:15:00;1.0;0.9999242617198177;1.0;0.9999875855734062;1.0;0.9999871842349818;1.0002933926106266;0.9998973387951579;0.9999756697580532;1.0;0.999958650285444;0.9999999999999999;1.0000358583469546;1.0;0.9998046741472493;0.9998055738999085;0.9998098529898768;0.9999985677199207;0.9999984901932212;0.9999835391784787;0.9999999999999999;0.9999273567243884;0.999808627616019;1.000273163099187;1.0003030146342153;0.999980858085044;0.9999345535232433;0.9999932444495762;0.9986695489620171;0.9982146183745959;0.997938143986799;0.9979267869195166;0.9999881632907693;0.9971926469474303;0.9969986399684201;0.9984226094208515;0.9990040053417608;1.0;1.0;0.9999913539122847;0.9999884111311638;0.999989789832833;1.0;1.024999976158142;
2016-10-07 11:30:00;1.0;0.9999482537381671;1.0;0.9999936857930314;1.0;0.9999936952585633;1.000284173784646;0.9999423473765188;0.9999872265937308;1.0;0.9999744705599581;1.0;1.0000348084821986;1.0;0.9998876964556105;0.9998892071313022;0.9998916959381591;0.9999985171611848;0.9999984836396931;0.9999911494011012;1.0;0.9999534436242237;0.9998909376708306;1.0002658071118866;1.0002924969612668;0.9999890996414134;0.9999577019606533;0.9999966822051324;0.998596053218346;0.9981316725126044;0.9978718313270384;0.9978798321019151;0.9999928358412388;0.9971715149723136;0.9969584671473586;0.9983839195546184;0.9990006239522708;1.0;1.0;0.9999946459615863;0.9999928420382699;0.9999948295941662;1.0;1.024999976158142;
2016-10-07 11:45:00;0.9999999999999999;0.9999041623194596;1.0;0.9999926736498724;1.0;0.9999911416938061;1.0002965958607206;0.9999273466110289;0.9999784272054792;1.0;0.9999549316622995;1.0;1.0000317708535995;1.0;0.9998644214519612;0.9998654485314197;0.9998679424511685;0.9999938979508886;0.9999937935215384;0.9999853231248325;1.0;0.9999076904009202;0.9998668590045131;1.0002774362563027;1.000306111718059;0.9999827896470594;0.9999141797853521;0.9999953070599946;0.9986659472586842;0.9982154747789969;0.9979400642886543;0.9979330203483777;0.999989293473962;0.9972610178354961;0.99707019498041;0.9983923210389345;0.9989893081795721;1.0;1.0;0.9999921523873314;0.9999855355792537;0.9999909724977886;1.0;1.024999976158142;
2016-10-07 12:00:00;1.0;0.9998710436768579;1.0;0.9999830364963805;1.0;0.9999841801723262;1.00030825727971;0.9998324538063353;0.9999732092568768;1.0;0.9999279180747461;1.0;1.0000317618471026;1.0;0.9996714417515906;0.999672446374829;0.999679488999943;0.9999928267664657;0.9999925740048873;0.9999773080572036;1.0;0.9998744998575891;0.9996771347119773;1.0002852123686918;1.000320891157254;0.9999671406915394;0.999881534341394;0.9999915666941928;0.998666528252935;0.9982052848302487;0.9979430301393318;0.9979416829647365;0.9999869500809353;0.9972118370274435;0.9970024032294816;0.998447423382812;0.9990226874839767;1.0;0.9999999999999999;0.9999904655741668;0.999976141541679;0.9999876701914322;0.9999999999999999;1.024999976158142;
2016-10-07 12:15:00;1.0;0.9999270072179031;1.0;0.9999893738368406;1.0;0.9999884348096821;1.000290558411585;0.9999130253486102;0.9999764939514366;1.0;0.9999617513217202;1.0;1.000035123772334;1.0;0.9998369257072637;0.99983763780977;0.9998410937560257;0.9999981171208067;0.9999980555548376;0.9999846733903026;1.0;0.9999294515536631;0.9998400531917889;1.0002710620650288;1.0002997287403816;0.9999830376292325;0.9999364305448427;0.9999939117116755;0.9985630537702552;0.9980729240573285;0.9977892095462838;0.9977799604396017;0.999988708900378;0.9969223167935304;0.9967035739822075;0.9983632585379988;0.9989784686466981;0.9999999999999999;1.0;0.9999917707129391;0.9999892161610027;0.9999902415542772;1.0;1.024999976158142;
2016-10-07 12:30:00;1.0;0.999898592575024;1.0;0.9999902806547882;0.9999999999999999;0.9999842581785271;1.0002894948057512;0.9999505830809071;0.9999562751015987;1.0;0.9999596267768266;1.0;1.000035775496181;1.0;0.9999303346069239;0.9999316321413138;0.9999325016350911;0.9999986473645482;0.9999985575951781;0.9999784496305281;1.0;0.9999030606437038;0.9999321782040382;1.0002719308970434;1.0002969964039388;0.9999866324012011;0.9999174409697065;0.9999917053496364;0.9986294488204674;0.9981802639345111;0.9979420026202657;0.9979635285538986;0.9999790173220783;0.99724230219809;0.9970265808774557;0.998493335918445;0.999064205699223;1.0;0.9999999999999999;0.9999847101461139;0.999991597196425;0.9999834649039258;1.0;1.024999976158142;
2016-10-07 12:45:00;1.0;0.9999155744287482;1.0;0.9999919057452596;1.0;0.9999875841290311;1.0002904722289445;0.9999531361269126;0.9999662527210159;1.0;0.9999653650856376;1.0;1.0000356857208146;1.0;0.9999277001251341;0.9999289182228225;0.9999300160097414;0.9999984574299079;0.9999983894751221;0.9999827877655806;1.0;0.9999197523775669;0.9999296192449738;1.000272681448905;1.000298171405486;0.999988103974727;0.9999308467052672;0.9999934610947521;0.9986124274805765;0.9981441194124434;0.9979025179449251;0.9979168027582933;0.9999836105522684;0.9971855886311763;0.9969565599966299;0.9984444911290838;0.9990269342076658;1.0;1.0;0.9999880316753894;0.9999922419320464;0.9999871483198131;1.0;1.024999976158142;
2016-10-07 13:00:00;0.9999999999999999;0.9999470687277834;0.9999999999999999;0.9999955730997006;1.0;0.9999934299649331;1.0002761664658404;0.9999704800640515;0.9999817692999925;1.0;0.9999784921088728;1.0;1.0000340742920513;1.0;0.9999512369723725;0.9999524072500986;0.9999532278581202;0.9999986581008774;0.9999986333411025;0.9999904444329476;1.0;0.9999511038567713;0.9999529180297831;1.0002594109235685;1.0002833318815099;0.9999927287392959;0.9999573045742183;0.999996549114267;0.9987316916746013;0.9983090783006191;0.998086705028793;0.9981040322907987;0.9999906743338913;0.9974761224397128;0.9972718317583353;0.9985639855407021;0.9990965642124257;1.0;1.0;0.9999931302983861;0.9999949273102894;0.9999931178357586;1.0;1.024999976158142;
2016-10-07 13:15:00;1.0;0.9998922597838886;0.9999999999999999;0.9999945576171676;0.9999999999999999;0.999992078916857;1.0002970891347596;0.9999401811221547;0.9999773856880766;1.0;0.999951881842684;0.9999999999999999;1.0000296971161544;1.0;0.9998922676554306;0.9998930624732482;0.9998946614756055;0.9999916806259809;0.9999915513013832;0.9999850448608679;0.9999999999999999;0.999894993340557;0.9998936578338441;1.0002785036505641;1.000306525373975;0.999983166529369;0.9999017294008579;0.9999957859201314;0.9986594852709838;0.9981990743622919;0.9979685133688445;0.9979843121894763;0.9999890318324405;0.9973096824526575;0.9970796726561092;0.9984751135309358;0.9990369259116274;1.0;1.0;0.999991992503911;0.9999838758530165;0.9999905800898325;1.0;1.024999976158142;
2016-10-07 13:30:00;0.9999999999999999;0.9999124983808038;1.0;0.9999944525589818;1.0;0.9999924039548324;1.000282262085727;0.9999455333864734;0.9999796170903794;1.0;0.9999605361122843;1.0;1.0000302458389714;1.0;0.9999016879730517;0.9999024861302874;0.9999040926089098;0.9999941243420982;0.9999940277229011;0.9999868972756019;0.9999999999999999;0.9999152314067216;0.9999032583243034;1.0002645552200145;1.000290896337827;0.9999857829384424;0.9999214283778478;0.9999959727180481;0.9986554009737761;0.998215370887712;0.9980111908845158;0.9980497645391899;0.999990042602014;0.9973512540256275;0.9971190675481773;0.9985854229615013;0.9991252217727252;0.9999999999999999;1.0;0.9999927210354912;0.9999873483615671;0.9999916096312614;1.0;1.024999976158142;
2016-10-07 13:45:00;1.0;0.9999404800028746;1.0;0.9999945573781327;1.0;0.9999920187112387;1.0002742202719674;0.9999648280460807;0.9999783669913356;0.9999999999999999;0.999975450769749;1.0;1.0000338604995123;1.0;0.9999422459672922;0.9999434194912662;0.9999444018675626;0.999998705531878;0.9999986728205926;0.9999886840709223;1.0;0.9999445142586276;0.9999440528372178;1.0002574690815047;1.0002814230813724;0.9999914993569274;0.9999517637905327;0.9999958053470053;0.9984969475118669;0.9980303215094102;0.9978143261067511;0.997866927633831;0.9999891336079751;0.9971069984362907;0.9968608955425311;0.998463994086293;0.9990648832515385;1.0;1.0;0.9999920191232038;0.9999942989658297;0.9999917898867451;1.0;1.024999976158142;
2016-10-07 14:00:00;1.0;0.9999391075558834;1.0;0.9999940767725001;1.0;0.9999912462400337;1.0002684843074154;0.9999645674214844;0.9999762367433437;1.0;0.9999754951876807;1.0;1.000033732827886;1.0;0.9999430249091082;0.9999444306495495;0.999945417560453;0.9999993122647028;0.999999278924545;0.9999879480051199;1.0;0.999943936028714;0.9999451098770001;1.0002520906310368;1.0002754238610292;0.9999916163178122;0.9999520340107241;0.9999953996096075;0.9987190034202265;0.998286698167566;0.9980947052561331;0.9981261347602342;0.9999879578009987;0.9974315049546624;0.9971969659337239;0.9986489013567659;0.9991715616656857;0.9999999999999999;1.0;0.999991142402386;0.9999948707688876;0.9999910962982878;0.9999999999999999;1.024999976158142;
2016-10-07 14:15:00;1.0;0.9999344902802817;0.9999999999999999;0.9999931758884087;1.0;0.9999905566305615;1.0002664567208626;0.9999533241346127;0.9999760242520348;0.9999999999999999;0.9999708850654375;1.0;1.0000323513723766;1.0;0.9999211135098753;0.9999218066658949;0.9999231976599426;0.999998239739256;0.9999981946741134;0.9999868264823222;1.0;0.9999368620022355;0.9999227085504568;1.0002498292270456;1.0002738380213898;0.9999891132045728;0.9999444609134267;0.9999950328541042;0.9987509155768901;0.9983479019879377;0.9981592171188391;0.9981993155956423;0.9999885148481522;0.9975666273171186;0.9973543509714523;0.9986908451283819;0.9992073509184433;1.0;1.0;0.9999916331546439;0.9999926129472153;0.9999906126607544;1.0;1.024999976158142;
2016-10-07 14:30:00;1.0;0.9999487475432505;1.0;0.9999905086881098;0.9999999999999999;0.9999913271799454;1.0002709918658363;0.9999140896091016;0.9999863437617672;1.0;0.9999688343147084;1.0;1.0000329970817148;0.9999999999999999;0.9998317805796021;0.9998321778064477;0.9998359559148643;0.9999985355109058;0.999998487921232;0.9999889482516887;1.0;0.999950108340274;0.9998348599867839;1.0002523923966509;1.0002798359030376;0.9999845731623141;0.999953741078227;0.9999954327242023;0.9986409404798353;0.9982123783107828;0.9980128283783707;0.9980604453712654;0.9999934556591519;0.9973967223776433;0.9971708902752003;0.998584090970661;0.9991438669319136;1.0;1.0;0.9999952322254961;0.9999904025306514;0.9999938109629477;1.0;1.024999976158142;
2016-10-07 14:45:00;1.0;0.999925113621158;1.0;0.9999843328224696;1.0;0.9999854204399592;1.0002773844575767;0.9998664815307571;0.9999765918767753;1.0;0.999954414929015;0.9999999999999999;1.0000345938724067;1.0;0.9997395913576601;0.9997406406314877;0.9997466175351393;0.9999995145278953;0.999999404089326;0.9999823720468812;0.9999999999999999;0.9999287137818552;0.9997450121871645;1.0002569236534842;1.0002874270857316;0.9999769077495964;0.9999353917519656;0.9999922952294974;0.9987295331309578;0.9983197340534341;0.9981230944592453;0.9981631665349675;0.9999884456513953;0.997533491553846;0.997320949841966;0.9986528033996557;0.9991833896646323;1.0;1.0;0.9999915387697942;0.9999870611835293;0.9999897820502026;1.0;1.024999976158142;
2016-10-07 15:00:00;1.0;0.9999451816560195;1.0;0.9999914218511998;1.0;0.9999916140396936;1.0002612412500953;0.9999261707430256;0.9999843667409662;0.9999999999999999;0.999971137797912;1.0;1.0000325430770038;1.0;0.9998564933046186;0.999857975106678;0.9998612352964839;0.9999992708828991;0.9999992255748315;0.9999891676181694;0.9999999999999999;0.9999503012558087;0.9998603270786635;1.0002436829665031;1.0002693337010826;0.9999867758677194;0.9999553429974095;0.9999955832057223;0.9987689408880167;0.9983806272715989;0.9982109310823128;0.998264187308043;0.9999915624094976;0.9976909718697464;0.9974774714656534;0.998731663984294;0.9992291646876315;0.9999999999999999;1.0;0.9999937315461446;0.9999922131624823;0.999993582465342;1.0;1.024999976158142;
2016-10-07 15:15:00;1.0;0.9999289166594626;1.0;0.9999928144544729;1.0;0.9999901055552369;1.000262148872309;0.9999524060387127;0.9999741049411873;1.0;0.9999704391185686;1.0;1.0000325974197524;0.9999999999999999;0.9999187177572928;0.999920521127546;0.9999220668752341;0.9999990395621049;0.9999989925144864;0.9999863364643317;1.0;0.9999351182683248;0.9999215931573725;1.0002457726222245;1.000269283417751;0.9999894090432189;0.9999439695553202;0.9999947940314404;0.9987977842888476;0.9984085838388493;0.99823977376773;0.9982865067443225;0.9999866276227609;0.9977265172884053;0.9975115582987915;0.9987361317029047;0.9992282025823312;1.0;0.9999999999999999;0.9999901336290834;0.9999934434885719;0.9999902383841404;1.0;1.024999976158142;
2016-10-07 15:30:00;0.9999999999999999;0.9999547463526156;0.9999999999999999;0.9999943151128111;1.0;0.9999925036056546;1.0002578104935371;0.9999630000341532;0.9999816322462656;1.0;0.9999798887504254;1.0;1.000032752560252;1.0;0.9999365182652796;0.9999373164503181;0.9999385608311046;0.9999997366764025;0.9999997169472146;0.9999901532733315;1.0;0.9999574794940082;0.9999382152160404;1.0002418068671504;1.0002646174315393;0.9999922013206788;0.9999634799358119;0.9999960660331518;0.9987691605182502;0.9983707639228615;0.9981749401726312;0.9982068633301554;0.9999909576719073;0.9976017471328151;0.9973974002401758;0.9986680006481556;0.9991924157954315;0.9999999999999999;1.0;0.9999933812193894;0.9999955474567156;0.9999929308405607;1.0;1.024999976158142;
2016-10-07 15:45:00;1.0;0.9999523915411381;1.0;0.9999936843200052;1.0;0.999991770569605;1.0002630793339555;0.9999588965555125;0.9999801697102041;1.0;0.9999784661452156;1.0;1.0000335156250555;1.0;0.9999292631779229;0.999930016691497;0.9999314175325459;0.9999998378221839;0.9999998190213172;0.9999893184491307;1.0;0.9999549806209107;0.9999310378761956;1.0002466536479417;1.0002700843838903;0.9999914777567995;0.9999613955226956;0.9999956829714736;0.9986500692617929;0.9982252940104255;0.9980153614291437;0.9980544931905698;0.9999903348286208;0.9974130976844833;0.9971968754947724;0.9985510425293501;0.9991221771594158;1.0;1.0;0.9999929377997516;0.9999952400604721;0.999992332143597;1.0;1.024999976158142;
2016-10-07 16:00:00;1.0;0.999943876724603;1.0;0.9999932676463221;1.0;0.9999903667144475;1.00026142472027;0.9999611648356095;0.9999752191532828;1.0;0.9999761434449002;1.0;1.0000333315959693;1.0;0.9999378697120259;0.999938686904894;0.9999397892567343;0.9999998378221839;0.9999998127783093;0.9999873575967817;1.0;0.9999466824692078;0.9999394880720628;1.0002453101324587;1.0002682139002015;0.9999912280130093;0.9999547749409214;0.9999949441728988;0.9987497455561443;0.9983444974155397;0.9981521383410961;0.9981879755819918;0.9999880362292041;0.9976192093698157;0.9974072192715986;0.9986299670977712;0.9991732611804117;1.0;1.0;0.999991272701884;0.9999951029927527;0.9999905562352014;1.0;1.024999976158142;
2016-10-07 16:15:00;0.9999999999999999;0.9999583166687018;1.0;0.9999947826749408;0.9999999999999999;0.9999940735796724;1.0002595266028138;0.9999593003697257;0.9999865582901312;1.0;0.9999808927048451;1.0;1.0000328074429634;1.0;0.9999238649061667;0.9999251879413018;0.9999268540307967;0.9999996049090486;0.9999995841927823;0.9999920799610438;1.0;0.9999628559109192;0.9999263883119167;1.0002431758635477;1.0002666017305748;0.9999922291256222;0.9999674824992433;0.9999968870186327;0.9987493075825161;0.9983433707314135;0.9981529029250219;0.9981892377394713;0.9999927063619806;0.9976256460900883;0.9974116952991078;0.9986282271440347;0.9991738446708432;1.0;1.0;0.999994576144657;0.9999954523130669;0.999994824155654;1.0;1.024999976158142;
2016-10-07 16:30:00;1.0;0.9999521567244792;1.0;0.9999945870405643;1.0;0.999993448338144;1.000259324821551;0.999958932079759;0.9999843275373661;1.0;0.9999786612341077;1.0;1.0000324366506148;1.0;0.9999249005930452;0.9999262236295506;0.9999277944250711;0.9999992509695419;0.9999992238790963;0.9999910245313788;1.0;0.9999566959387339;0.9999273289437359;1.000243052043398;1.0002664056919055;0.9999916820585115;0.9999620324455125;0.9999965561859775;0.9987475203541296;0.9983596965111047;0.998172138743112;0.9982194285162006;0.9999916966013862;0.9976876804574103;0.9974869679553985;0.9986509993548007;0.999188376242235;1.0;1.0;0.9999938481695829;0.9999948575657471;0.9999939751618877;1.0;1.024999976158142;
2016-10-07 16:45:00;1.0;0.9999565758998866;1.0;0.9999957515430086;1.0;0.9999945969863479;1.0002552334021142;0.9999672820262522;0.9999863709771551;0.9999999999999999;0.999981078281352;1.0;1.000031604862885;1.0;0.9999410033352433;0.9999420909209943;0.999943263181888;0.9999989093586872;0.9999988917610835;0.999992262207664;1.0;0.9999603217418845;0.9999428785222647;1.000239459951892;1.0002620670048912;0.9999929447283735;0.9999649396169324;0.9999971642829725;0.9987739005584672;0.9983722388198673;0.998188277704618;0.9982238882123056;0.9999928338979382;0.9976524067341798;0.9974372247039327;0.9986668605285142;0.9991972666364168;1.0;0.9999999999999999;0.9999946975551981;0.9999952571644527;0.9999947678783866;1.0;1.024999976158142;
2016-10-07 17:00:00;1.0;0.9999607900545159;1.0;0.9999954770547291;1.0;0.9999936399557219;1.0002571052465905;0.9999716181073991;0.9999839387377789;1.0;0.9999826202707633;1.0;1.0000323123464914;1.0;0.9999534340287635;0.9999537676301653;0.999954580172233;0.9999993520870342;0.999999334437173;0.9999914545245009;1.0;0.9999619341778306;0.9999543211213504;1.0002414019040289;1.0002637522434272;0.9999934633953007;0.9999670238302811;0.9999966625448893;0.9987380125500152;0.998320593787588;0.9981340147519395;0.998168930386141;0.9999924250265724;0.9975613157042513;0.9973347294516425;0.9986358852836678;0.9991798409625136;1.0;1.0;0.99999449719956;0.9999959092220211;0.9999937423861687;0.9999999999999999;1.024999976158142;
2016-10-07 17:15:00;1.0;0.9999644774285334;0.9999999999999999;0.9999965968965543;1.0;0.9999950974624302;1.0002534701120627;0.9999788642877381;0.9999866148509827;1.0;0.9999858748643365;1.0;1.0000322030416617;0.9999999999999999;0.9999650052919885;0.9999660292177023;0.9999666767632823;0.9999996861176191;0.9999996774928984;0.9999932163524181;1.0;0.9999680065689835;0.999966484508817;1.0002381623784875;1.000259819537122;0.999995193632559;0.9999726760287097;0.9999974309338937;0.9987021949802721;0.9982878729072101;0.9980845879813718;0.9981185618456583;0.9999930023265682;0.9974960832019578;0.9972833274124455;0.9985944921483659;0.9991626835330601;1.0;1.0;0.9999948269838428;0.9999971293594413;0.9999950480588772;1.0;1.024999976158142;
2016-10-07 17:30:00;1.0;0.999947863611975;1.0;0.999995267194991;0.9999999999999999;0.999992834592554;1.0002506386641479;0.999973143448137;0.9999796845730899;0.9999999999999999;0.9999803483559363;1.0;1.0000319831642461;1.0;0.9999574136831199;0.9999591501921992;0.9999599111110654;0.9999998378221839;0.9999998217853278;0.9999901066028611;1.0;0.9999538494958048;0.9999596996877345;1.0002354842372305;1.000256903287435;0.9999937135746871;0.9999611103722611;0.9999962417270903;0.9987049793505394;0.9982945789007006;0.998092657968969;0.9981280746437274;0.9999892121603937;0.9974673087147562;0.9972562622476262;0.998631454550964;0.9992029184653299;1.0;1.0;0.9999920053628946;0.9999964522795518;0.9999926201493479;1.0;1.024999976158142;
2016-10-07 17:45:00;1.0;0.9999502073360738;1.0;0.9999960205052502;1.0;0.9999943853993624;1.0002479669272955;0.9999724409822017;0.9999839447700254;1.0;0.999981021446379;1.0;1.0000311312613952;1.0;0.9999519695181234;0.9999539796561824;0.999954929212021;0.9999993445064546;0.9999993294607737;0.9999918004921935;0.9999999999999999;0.9999571324030404;0.9999546336091863;1.0002328633326791;1.000254347297292;0.9999938529420423;0.9999631128587296;0.9999970547258085;0.9987529802446161;0.9983554679826157;0.9981551528652987;0.9981862791109757;0.9999908900979302;0.9975403739613837;0.9973389102345206;0.9986734571432085;0.9992305345835867;1.0;1.0;0.9999931807472283;0.9999961146479298;0.9999942268700456;0.9999999999999999;1.024999976158142;
2016-10-07 18:00:00;1.0;0.9999613854202564;1.0;0.9999957634070562;1.0;0.9999943048987255;1.000251212943622;0.9999719425507356;0.9999854766734608;1.0;0.9999836192960512;1.0;1.000031823530197;1.0;0.9999517301240612;0.9999526713553104;0.9999536135122679;0.9999996339949402;0.9999996185705868;0.9999922983263616;1.0;0.9999646252232195;0.9999533401513422;1.0002358201590895;1.0002576974681343;0.9999939677589975;0.9999695528558451;0.9999970115970014;0.9987579091064381;0.9983247987786118;0.998117071000044;0.9981260586144151;0.9999925637156905;0.9974276330058687;0.9972012105412779;0.9986200395803341;0.999200208945628;0.9999999999999999;1.0;0.9999945211122019;0.9999964196767023;0.9999944968155128;1.0;1.024999976158142;
2016-10-07 18:15:00;1.0;0.9999653833888339;1.0;0.9999963659695158;1.0;0.9999948977392871;1.0002495232032442;0.9999764218598612;0.9999867930342085;0.9999999999999999;0.9999851551566307;1.0;1.0000313823475093;1.0;0.9999606614946477;0.999961227392813;0.999961932708892;0.9999993919093612;0.9999993784859168;0.9999929938414085;1.0;0.9999673220173954;0.9999617046390803;1.000234360138182;1.0002559047880564;0.9999945897523883;0.999971654934054;0.9999973235653671;0.9988403128776318;0.9984035970516898;0.998182193054196;0.9981622397616043;0.9999935050621723;0.9974095142662118;0.997188883248977;0.9986544545216868;0.9992200069101476;1.0;1.0;0.9999952467335034;0.9999965542131429;0.9999949276411737;1.0;1.024999976158142;
2016-10-07 18:30:00;1.0;0.9999642758460556;1.0;0.9999960316562942;1.0;0.9999941998739911;1.0002560447764077;0.9999765615713937;0.9999849167022061;1.0;0.9999847051872809;1.0;1.0000323655593164;1.0;0.9999628365956073;0.999963214792287;0.9999638321148867;0.999999532877437;0.9999995188506215;0.9999922088522188;1.0;0.999965563771603;0.9999636370618937;1.0002405411792377;1.0002625178392466;0.9999944496115007;0.9999704204931382;0.9999969577463524;0.9987366424501416;0.9982547546158407;0.9979936674661163;0.9979535234244813;0.9999928286899603;0.9970762730679874;0.9968448031381019;0.9985049779317703;0.9991364579690349;1.0;1.0;0.9999947826284888;0.99999659610507;0.9999941934309886;1.0;1.024999976158142;
2016-10-07 18:45:00;1.0;0.9999477595908391;1.0;0.9999947717699127;0.9999999999999999;0.9999930594956946;1.0002575530583702;0.9999642102517617;0.9999817898683719;1.0;0.9999788010765777;1.0;1.0000325859728747;1.0;0.9999370102561443;0.9999388294094751;0.9999401149434972;0.9999996049090486;0.9999995814790572;0.9999904291551199;1.0;0.9999540347971262;0.9999397492710138;1.0002416285443092;1.0002643231054607;0.999992480065131;0.9999605506499337;0.9999963546126547;0.9987347035166355;0.9982604244221986;0.99802491595942;0.998004253048941;0.9999900881807696;0.9971791406010837;0.9969367972524493;0.9985457428551803;0.9991599848537295;1.0;1.0;0.9999926265203878;0.999995587122325;0.9999932704766135;1.0;1.024999976158142;
2016-10-07 19:00:00;0.9999999999999999;0.9999497942207378;1.0;0.9999915614188121;1.0;0.999991910288088;1.0002611646095771;0.9999278389055535;0.9999854079231039;1.0;0.9999730245099422;1.0;1.000032876591021;1.0;0.9998591900486049;0.9998606370135623;0.9998638768610968;0.999999624822427;0.9999995791438854;0.9999897780557357;1.0;0.9999547674262829;0.9998629988039702;1.0002436128911771;1.0002691861432051;0.9999873501986813;0.9999594779740497;0.9999957370763676;0.9988127789448832;0.998338823807406;0.9980964504189647;0.9980552728264424;0.9999920707718054;0.997193458890693;0.9969555480044293;0.9985941317421779;0.9991873339933144;1.0;1.0;0.9999941024146952;0.999992821668986;0.9999939976801919;1.0;1.024999976158142;
2016-10-07 19:15:00;1.0;0.9999341807569151;1.0;0.9999877624377563;0.9999999999999999;0.9999880171669662;1.0002661055364566;0.9998989315013607;0.9999786753020271;1.0;0.9999631518496271;1.0;1.0000335230633397;1.0;0.9998047565272324;0.9998061174881774;0.9998105730554525;0.9999997550215153;0.9999996723118786;0.9999852493154284;1.0;0.9999388654114659;0.9998093845182301;1.000247399113496;1.0002749339238184;0.9999822385079387;0.9999454132191103;0.9999936734187744;0.9987889308858607;0.9983199333033738;0.9980857829896722;0.9980586018064177;0.9999891008558074;0.9972114552435806;0.9969721679346126;0.9986059880120347;0.9991939228219497;1.0;1.0;0.9999919720967317;0.9999901551208705;0.9999910957555648;1.0;1.024999976158142;
2016-10-07 19:30:00;1.0;0.9999405286791722;1.0;0.9999899056335385;1.0;0.9999908178160744;1.0002685816925467;0.9999057357263379;0.9999856024671134;0.9999999999999999;0.9999642617824144;1.0;1.0000317347982788;1.0;0.9998151226385205;0.9998154561937793;0.9998195513280522;0.9999976253991912;0.9999975545989904;0.9999879059158241;1.0;0.9999416727793045;0.999818308254948;1.0002498867020035;1.0002777307454784;0.9999826275021159;0.9999453795571834;0.9999951518946602;0.9986874771852792;0.9981691822745272;0.9979027114587244;0.9978562682955862;0.9999931776756245;0.996882771194265;0.9966241530610443;0.9984653016869691;0.9991141942085175;1.0;1.0;0.9999950397405583;0.9999885816707618;0.9999933456618295;1.0;1.024999976158142;
2016-10-07 19:45:00;1.0;0.999927042202692;0.9999999999999999;0.999992233333099;1.0;0.9999913364607415;1.0002585554680175;0.9999297158548862;0.9999810797174544;1.0;0.9999638431588719;1.0;1.0000294921586403;1.0;0.9998676193453913;0.9998684554863926;0.9998711216170477;0.9999965255886671;0.9999964675633484;0.9999872126064149;1.0;0.9999299205330193;0.9998701771113955;1.0002415036932497;1.000266800066903;0.9999851051095524;0.9999355880824047;0.9999954348952411;0.9989629385490919;0.9984932366538365;0.9982293924291598;0.9981430810855464;0.9999906692510097;0.9972337359652795;0.99701314123277;0.9986537658961473;0.9992215634973254;1.0;1.0;0.999993168407781;0.9999890022267592;0.9999920956169505;1.0;1.024999976158142;
2016-10-07 20:00:00;0.9999999999999999;0.999911280088715;0.9999999999999999;0.999984982011821;1.0;0.999986302654083;1.000265816849599;0.9998624758550783;0.999977747788797;0.9999999999999999;0.9999486215308984;1.0;1.0000310576156937;1.0;0.9997295641415248;0.999730966337174;0.9997370679823551;0.9999974815703829;0.999997363127004;0.9999822110040819;1.0;0.9999161093121425;0.999735287336128;1.0002459770052035;1.0002760089385645;0.9999752327439029;0.9999224423443757;0.9999927561701;0.999113954842683;0.9986487541406233;0.998377359383666;0.998256500384052;0.9999886424058233;0.997346826630425;0.9971346220073566;0.9987209258240214;0.9992596703935662;1.0;1.0;0.9999916363602541;0.9999844477571053;0.9999901480138492;1.0;1.024999976158142;
2016-10-07 20:15:00;1.0;0.9998886960377827;1.0;0.9999878156677746;1.0;0.9999846263304727;1.0002641983383402;0.9999085047977059;0.9999629853507751;1.0;0.9999492899632862;1.0;1.0000307468722662;1.0;0.9998362397625329;0.9998381447350597;0.9998413567891972;0.9999970938272902;0.9999969734977292;0.9999785967093485;1.0;0.9998952595885487;0.9998403086056356;1.0002465352388894;1.0002727021047975;0.9999802316553008;0.9999072032511631;0.9999918811172958;0.999140704965558;0.9986841364280631;0.9984485717598928;0.9983459664271813;0.9999814974371056;0.9975024353696461;0.9972732114761744;0.9987891192010617;0.9992984930302116;1.0;1.0;0.9999864221112243;0.9999868249657115;0.9999854477422309;0.9999999999999999;1.024999976158142;
2016-10-07 20:30:00;1.0;0.999934212216562;1.0;0.9999963412421142;1.0;0.9999951716003536;1.000251121087374;0.9999604528793726;0.9999864088699167;1.0;0.9999712666206771;1.0;1.0000278684083699;1.0;0.999926407468358;0.9999276413141369;0.9999289223202603;0.9999957163643468;0.999995668320853;0.9999911255786796;1.0;0.9999384637196773;0.9999282852093778;1.0002355198765536;1.0002585021443924;0.999989932581993;0.9999429184068358;0.9999974502204478;0.9991575282213455;0.9987073344982944;0.9984742910336917;0.9983692190608886;0.999992715489811;0.997499327279573;0.9972735443179084;0.9988267895481558;0.9993197252828224;1.0;1.0;0.9999945936914991;0.9999909412688889;0.9999945400250025;1.0;1.024999976158142;
2016-10-07 20:45:00;1.0;0.9999234079564098;0.9999999999999999;0.999994461564585;1.0;0.9999911231584225;1.0002565505461192;0.9999612808039493;0.9999749535796165;1.0;0.9999675215323853;1.0;1.0000292684023147;1.0;0.9999387771533317;0.9999393016934253;0.999940078974469;0.9999963812601135;0.9999963181972804;0.9999863427244167;1.0;0.9999252018260203;0.9999396209048824;1.0002409145164348;1.0002637012656774;0.9999889781941818;0.9999330665467703;0.9999953203357758;0.9990814869216862;0.9986136422752584;0.9983747366062762;0.9982760990891738;0.9999881831069084;0.9973622429017082;0.9971256668267353;0.9987725945957138;0.999288988650814;1.0;1.0;0.9999914149225769;0.9999909771703293;0.9999901678315802;1.0;1.024999976158142;
2016-10-07 21:00:00;0.9999999999999999;0.9999169453091928;1.0;0.9999949035190652;1.0;0.9999922245254219;1.000254854569704;0.9999547029348934;0.9999781964925116;1.0;0.9999632929753457;1.0;1.0000271820621132;1.0;0.9999226478967589;0.9999230451597054;0.9999241213039541;0.9999945411373367;0.9999944589176217;0.9999868646088317;1.0;0.9999183060629373;0.9999234556559157;1.0002390944678508;1.0002624897192383;0.9999871938966195;0.9999248765779646;0.999995887343149;0.9991896179009269;0.9987591619047549;0.9985266476732865;0.9984251863447205;0.9999897657914503;0.997587682352432;0.9973781222126471;0.9988651790104992;0.9993413811073454;1.0;1.0;0.999992571729707;0.999988464552551;0.9999911318322124;1.0;1.024999976158142;
2016-10-07 21:15:00;1.0;0.9999039742482049;1.0;0.9999944710606123;1.0;0.9999920540945962;1.0002554280498812;0.9999454909524907;0.9999777083773919;0.9999999999999999;0.9999577301553486;1.0;1.0000262363530112;1.0;0.9999026546374542;0.9999037040824243;0.9999052207086213;0.9999935545174121;0.999993446903365;0.9999859826369916;1.0;0.9999075743327913;0.999904370095043;1.0002393860309133;1.0002634638082293;0.9999852149469061;0.9999145006274051;0.9999957832232287;0.9992350951030136;0.9988222368095842;0.9986090608119945;0.9985173243394811;0.9999889477329781;0.997703366887944;0.9974954250296395;0.9989537400613974;0.9993914634542989;1.0;1.0;0.9999919001980402;0.999986560512283;0.9999909399557303;1.0;1.024999976158142;
2016-10-07 21:30:00;1.0;0.9998975878590028;1.0;0.9999939882792179;1.0;0.9999907042208666;1.00025547306475;0.9999516671984977;0.9999719403896141;1.0;0.9999594139889687;1.0;1.000028357067903;1.0;0.9999170905602099;0.9999198066893393;0.9999211318734058;0.9999956304396824;0.9999955420509679;0.9999846962756237;1.0;0.9999069709822902;0.9999204771265182;1.000239725294332;1.0002628818812076;0.9999870291199436;0.9999168442215371;0.9999950862791565;0.9991821509974352;0.9987495045922187;0.9985253903472945;0.9984295304974521;0.9999848018240042;0.9975658340176695;0.9973486059471568;0.9988947076828733;0.9993578679609812;1.0;1.0;0.9999887027001028;0.9999892868906031;0.9999894874478858;1.0;1.024999976158142;
2016-10-07 21:45:00;1.0;0.9999260045790719;1.0;0.9999945704372809;1.0;0.9999915685665919;1.0002463804080282;0.9999609710980526;0.9999762934785917;1.0;0.9999687415668802;0.9999999999999999;1.000028274982576;1.0;0.9999365120811493;0.9999373102661829;0.9999382109555599;0.9999967013962614;0.9999966471190321;0.999987030151898;1.0;0.9999287376419056;0.9999377428881132;1.0002312843579173;1.0002532814160565;0.9999893429402056;0.9999363076679494;0.9999955592245765;0.9992255601291271;0.9988123490213399;0.9986282048706352;0.9985530741481015;0.9999885398124663;0.9977791418797441;0.9975513084155032;0.9989841066638344;0.9994085562068004;1.0;1.0;0.9999916378875543;0.9999914457486742;0.9999907644077863;1.0;1.024999976158142;
2016-10-07 22:00:00;1.0;0.9999308408220752;1.0;0.9999937129874727;1.0;0.9999901399338498;1.0002445889673872;0.9999624148197555;0.999973075522574;0.9999999999999999;0.9999708732537573;1.0;1.0000293387526615;1.0;0.9999427810902355;0.9999432642982777;0.9999440365519527;0.9999979885102437;0.999997942146089;0.9999860031394672;1.0;0.9999324900674131;0.9999436924904506;1.0002296602631693;1.0002511593293604;0.9999899347979551;0.9999410341250862;0.9999948142379341;0.9992605371373147;0.9988627674549087;0.9986677354309634;0.9985853666737405;0.9999873722330838;0.9978177201262864;0.9976102935291061;0.9990023849355937;0.9994189191034664;1.0;1.0;0.9999908356577171;0.9999928464506203;0.9999895778305503;0.9999999999999999;1.024999976158142;
2016-10-07 22:15:00;1.0;0.9999443509379562;1.0;0.9999960472883225;1.0;0.999993958712672;1.0002398623818458;0.9999693095718518;0.9999832501239583;0.9999999999999999;0.9999758110799004;1.0;1.0000277997368285;1.0;0.9999490360791012;0.9999494142705614;0.9999501384098556;0.9999970524413816;0.9999970153130479;0.9999904726579539;1.0;0.9999456388378405;0.9999497413666009;1.0002252347257339;1.000246475073605;0.999991588681256;0.9999508383872461;0.9999968201330012;0.9993096419823663;0.9989362704151173;0.998758186136212;0.9986853723137836;0.9999920736446064;0.9979865490886572;0.9977883313526228;0.9990678139302571;0.9994561358157995;1.0;0.9999999999999999;0.9999942381790584;0.9999929606022466;0.999993334524524;1.0;1.024999976158142;
2016-10-07 22:30:00;0.9999999999999999;0.9999217811525092;1.0;0.9999926321831715;0.9999999999999999;0.999988795281284;1.0002463290027293;0.9999558087483518;0.9999695795808022;1.0;0.9999676554901229;1.0;1.000029897047151;1.0;0.9999307384986341;0.9999318483252655;0.999932917648355;0.9999983440126435;0.9999982880039614;0.9999843222051206;1.0;0.9999255986102135;0.9999325204145336;1.000231149072815;1.0002529979020098;0.9999888324120337;0.9999355687481499;0.9999941033722964;0.9992674818424164;0.9988764326533277;0.9986910534590551;0.9986164295784933;0.9999852135479529;0.9978810745223751;0.997672901072921;0.999021653842278;0.9994297067481616;1.0;1.0;0.9999892009259101;0.9999925447689811;0.9999883847780388;1.0;1.024999976158142;
2016-10-07 22:45:00;1.0;0.9999098647600113;1.0;0.9999928126556465;0.9999999999999999;0.9999886247392212;1.0002453656045267;0.9999574199903775;0.99996716645429;1.0;0.9999652412275191;1.0;1.000029728188749;1.0;0.9999338049070131;0.9999361044040658;0.9999371207409734;0.999998281125487;0.9999982190768544;0.9999835795489068;1.0;0.9999178022016397;0.9999367330274779;1.0002303924498763;1.0002518987035243;0.9999889301368446;0.9999292135338881;0.9999940104328995;0.9992876659514899;0.998903757643688;0.9987221773550695;0.9986484014849905;0.9999830262259115;0.9979179313161999;0.9977130690915551;0.9990511926009207;0.9994530478407943;1.0;0.9999999999999999;0.9999874750024039;0.9999925433588965;0.9999878420386238;1.0;1.024999976158142;
2016-10-07 23:00:00;1.0;0.9999472761577936;1.0;0.9999963269967495;1.0;0.9999943872134325;1.0002341331813218;0.9999734346961604;0.9999836930214274;1.0;0.9999788822993824;0.9999999999999999;1.0000281784277916;0.9999999999999999;0.9999556212131508;0.999956877433944;0.9999575912722004;0.9999981600992418;0.9999981346194563;0.9999913274545553;0.9999999999999999;0.9999515997625911;0.999957274596591;1.0002199340911648;1.0002403304044707;0.9999931024710351;0.9999572178705105;0.9999970505511641;0.999330893605697;0.9989671406349545;0.9987928557318522;0.9987207239254421;0.9999914675658947;0.9980286303576563;0.9978357894431493;0.9990992164559446;0.9994842696197912;1.0;1.0;0.9999936913743818;0.9999947124441344;0.9999938674182534;0.9999999999999999;1.024999976158142;
2016-10-07 23:15:00;1.0;0.999958106724108;1.0;0.999996020005799;1.0;0.9999942536696275;1.0002323111270879;0.9999728490240809;0.999984989907951;1.0;0.9999815854765236;1.0;1.000028375737462;1.0;0.9999551122288494;0.9999554490762635;0.999956179552023;0.9999986059783889;0.9999985843167782;0.9999917894754174;1.0;0.9999592499593397;0.9999558897644178;1.0002181206459893;1.0002384647504983;0.999993306007341;0.9999639742635552;0.9999969822394915;0.9993455485199179;0.9989909142821666;0.9988320352942991;0.9987695700556941;0.9999928999270651;0.9981261622527293;0.9979307277423846;0.9991276005285226;0.9995008357271324;1.0;0.9999999999999999;0.9999948391246528;0.999995197378724;0.9999941027616002;1.0;1.024999976158142;
2016-10-07 23:30:00;1.0;0.999953894055951;1.0;0.9999951315614408;0.9999999999999999;0.9999932937666833;1.0002309852647118;0.9999663696716993;0.9999831296180043;1.0;0.9999792293165063;1.0;1.0000282523885653;1.0;0.9999430822906858;0.9999434604798946;0.999944459948664;0.9999986780142401;0.9999986535797026;0.9999906509075827;1.0;0.9999551819681267;0.9999441044954387;1.0002166889513315;1.0002372465109208;0.9999921622026617;0.9999604668487332;0.9999964779704236;0.9993712017476866;0.9990426722900269;0.9988927427365949;0.9988421493864179;0.9999920196718481;0.9982590327467793;0.998079718354088;0.9991746187821456;0.9995273112369266;0.9999999999999999;1.0;0.9999941993618792;0.9999946371819978;0.9999933444628889;1.0;1.024999976158142;
2016-10-07 23:45:00;1.0;0.9999499698572766;1.0;0.9999961485837974;1.0;0.9999944136443729;1.0002331213586844;0.99997186225595;0.9999843697660882;0.9999999999999999;0.999979609181571;0.9999999999999999;1.0000283071538385;1.0;0.9999518708990487;0.9999531047762478;0.9999539433309879;0.9999984312374559;0.9999984056967653;0.9999915817985399;1.0;0.9999542214273903;0.9999536128785101;1.0002188931038443;1.0002393181752594;0.9999931130859124;0.9999596086203318;0.9999970637925043;0.9993322410672708;0.9990100356953763;0.9988549010500481;0.9988137247256159;0.9999917933909248;0.9982427189165595;0.9980725067373025;0.9991506138714311;0.9995137068594564;1.0;1.0;0.9999939290644609;0.9999949455971687;0.9999940991954394;0.9999999999999999;1.024999976158142;
2016-10-08 00:00:00;1.0;0.9999464117486655;1.0;0.9999957540838548;1.0;0.9999938028086881;1.000233259776117;0.9999704034356661;0.9999825709015547;1.0;0.9999785835011256;0.9999999999999999;1.0000285470493655;1.0;0.9999498304557434;0.9999513188979957;0.999952207713588;0.9999986549733204;0.9999986283377552;0.9999908324607724;0.9999999999999999;0.9999515296181171;0.9999518797345293;1.0002190130430555;1.0002394271712003;0.9999928594703007;0.9999576329826685;0.9999967431139994;0.9993401357455097;0.9990022294985061;0.9988570275081223;0.9988121906409299;0.9999907479857533;0.9982258908360646;0.9980356007855617;0.9991546266225396;0.9995159289092068;1.0;1.0;0.9999931435475705;0.9999949953510628;0.9999934988410469;1.0;1.024999976158142;
2016-10-08 00:15:00;1.0;0.9999501339605845;0.9999999999999999;0.9999969642648115;1.0;0.9999958042608619;1.0002312709883237;0.9999716663856726;0.9999879557216267;1.0;0.9999791583830651;1.0;1.0000271171782138;1.0;0.9999485140703809;0.9999497512004099;0.9999506618501185;0.9999974844599325;0.9999974570699633;0.9999928625611194;1.0;0.9999543846861554;0.9999502460637048;1.0002171009457341;1.000237640726974;0.9999929193226025;0.999958548279359;0.9999977918644066;0.9993988254391032;0.9990666667467674;0.9989274809951869;0.9988751836687443;0.9999934155618692;0.9983062598659067;0.9981166888943429;0.9991956396183755;0.9995389847224964;0.9999999999999999;1.0;0.9999950980843796;0.9999940465009257;0.9999953651391553;1.0;1.024999976158142;
2016-10-08 00:30:00;0.9999999999999999;0.9999458371269676;1.0;0.9999958979843208;1.0;0.9999938564393455;1.0002322264525896;0.9999704674772936;0.9999827717968994;1.0;0.9999775992282176;1.0;1.0000277818560777;0.9999999999999999;0.9999506798461599;0.9999516847500196;0.9999524759633541;0.9999980191598316;0.9999979887669483;0.9999906826318281;1.0;0.9999492935662319;0.9999521290651407;1.0002180609041154;1.0002384698172302;0.9999924130189863;0.9999550424242247;0.9999967696439388;0.9993765232875711;0.9990534302407371;0.9989164820390853;0.9988751901355348;0.9999912811408557;0.9983263029986928;0.9981429521926071;0.9991966209200799;0.9995399455677139;1.0;1.0;0.9999935884250075;0.9999942195111571;0.9999934054129244;0.9999999999999999;1.024999976158142;
2016-10-08 00:45:00;0.9999999999999999;0.999949543496441;1.0;0.9999958308121093;1.0;0.9999942288284209;1.0002344914129175;0.999966208996183;0.9999850704392563;1.0;0.9999771219769137;1.0;1.000027454834735;1.0;0.9999412169534456;0.9999415505507719;0.9999425276365458;0.999997427856524;0.9999973959599536;0.999991149705582;1.0;0.999950687606888;0.9999420904171644;1.0002199967912981;1.000241058873729;0.9999915709474091;0.9999552545874387;0.9999969642528755;0.9993418421182173;0.9990027552584226;0.9988358614594922;0.9987777742722267;0.9999929367409665;0.9981441164966701;0.9979673670964238;0.9991349657057185;0.9995047056138777;1.0;1.0;0.9999948660231331;0.999993267042977;0.999993971402255;1.0;1.024999976158142;
2016-10-08 01:00:00;1.0;0.999945704178899;0.9999999999999999;0.9999959032314848;1.0;0.9999943970254979;1.0002324755470735;0.9999663399786904;0.9999847724192438;1.0;0.9999769692697879;1.0;1.0000275552010633;1.0;0.9999400732319007;0.9999412913446618;0.9999423734157905;0.9999977846834239;0.9999977510970163;0.9999912707441383;1.0;0.9999498822536089;0.9999419336139482;1.000218112291177;1.0002389195184003;0.9999919173195395;0.9999550286378653;0.9999970509426025;0.9994045679484737;0.9990906621010486;0.9989353997784193;0.9988816526327836;0.9999919935733862;0.9983123661082046;0.9981490729163163;0.9992003849281386;0.9995417718554487;1.0;1.0;0.9999940753218136;0.9999937539651362;0.9999941303364739;1.0;1.024999976158142;
2016-10-08 01:15:00;0.9999999999999999;0.9999455369065144;1.0;0.9999970064189073;1.0;0.9999954319834552;1.0002326821520444;0.9999746342227079;0.9999858597633399;1.0;0.9999787709971791;0.9999999999999999;1.0000275681854296;0.9999999999999999;0.9999554919271451;0.9999572094254314;0.9999579592490075;0.9999977325325684;0.9999977021321887;0.9999922857200683;1.0;0.999951450141133;0.9999576031350705;1.0002185877568617;1.0002389081838807;0.9999933426785045;0.9999566042641566;0.9999975947023297;0.9993784389261862;0.9990501110464806;0.998893141729641;0.9988373165776474;0.9999920250241843;0.9982398360428054;0.9980655140187515;0.9991726442105111;0.9995259543562981;1.0;0.9999999999999999;0.9999940354559002;0.9999944832808709;0.9999947781114213;1.0;1.024999976158142;
2016-10-08 01:30:00;1.0;0.9999474397811879;1.0;0.9999963446173836;1.0;0.9999945166696956;1.0002275294566192;0.9999709235837927;0.9999846696399463;1.0;0.9999774890553741;1.0;1.000026517595938;0.9999999999999999;0.9999507671791887;0.999951396670407;0.9999521445998721;0.9999973571212009;0.9999973229434442;0.9999912893664044;0.9999999999999999;0.9999495948047609;0.999951762663827;1.0002136365475054;1.0002337875985634;0.9999922376583554;0.9999544930897846;0.9999971138284736;0.9995367481793452;0.9992708125776212;0.9991264158649528;0.999071182268778;0.9999924854863633;0.9986008414741054;0.9984708249537846;0.9993199053834637;0.9996095655554683;1.0;1.0;0.999994503617206;0.9999935687544024;0.999993970442017;1.0;1.024999976158142;
2016-10-08 01:45:00;0.9999999999999999;0.9999319281980799;1.0;0.9999952833263812;1.0;0.9999932868310097;1.000225585567539;0.9999599897007334;0.9999814410612905;1.0;0.9999707272650226;1.0;1.000025449716104;1.0;0.9999297776976994;0.999930865271241;0.9999320325123459;0.9999965730248179;0.9999965300195129;0.9999891761311608;0.9999999999999999;0.9999356739477474;0.9999314853704746;1.0002115549859025;1.0002321508275613;0.9999897833560677;0.9999417115785193;0.9999964656197242;0.9996051563465808;0.9993717267132597;0.9992433461488768;0.9991973923064724;0.9999906018626988;0.9988171544040083;0.9987040321639542;0.9993967218224336;0.9996531134090973;1.0;1.0;0.9999930883121212;0.9999915789927287;0.9999927131375043;1.0;1.024999976158142;
2016-10-08 02:00:00;0.9999999999999999;0.9999493735901833;1.0;0.9999957609562959;0.9999999999999999;0.9999939944373711;1.0002216184194321;0.9999681131437106;0.9999840083761529;0.9999999999999999;0.9999780239695042;1.0;1.0000263760264947;1.0;0.9999453750863792;0.9999460650021601;0.9999469878911275;0.9999979916376474;0.9999979640173137;0.9999910116635515;1.0;0.9999517461916536;0.9999466044469776;1.0002079569180193;1.0002277167764888;0.9999921432299461;0.9999568951767851;0.9999968436737872;0.9996388219170457;0.9994192264500107;0.9993012156902282;0.9992593744843109;0.9999921294113778;0.9989184292916847;0.998810085642377;0.9994372350649897;0.9996760567957403;1.0;1.0;0.9999942394165494;0.9999940508218407;0.9999937410455747;0.9999999999999999;1.024999976158142;
2016-10-08 02:15:00;1.0;0.9999515616058932;1.0;0.999996564666405;1.0;0.9999950598500792;1.0002178637929502;0.9999742524007728;0.9999856621846742;1.0;0.9999810992121825;1.0;1.0000266306239864;1.0;0.9999549718985029;0.9999566448044299;0.9999574800303457;0.9999987070957956;0.9999986869853646;0.999992412730897;1.0;0.9999573310825386;0.9999571697937739;1.0002045806563638;1.0002236118840884;0.9999938701312434;0.9999625698665773;0.9999974051150488;0.9996878193188029;0.9994953927938257;0.9993854507203229;0.9993495081286673;0.9999919750408605;0.9990717084458406;0.9989811299078423;0.9994919694887842;0.9997068550930255;0.9999999999999999;1.0;0.9999940050799697;0.9999955884304441;0.9999947463893915;1.0;1.024999976158142;
2016-10-08 02:30:00;1.0;0.9999536944659787;1.0;0.9999966925034863;1.0;0.9999951053530244;1.0002167755743963;0.9999757443257342;0.9999858266805777;0.9999999999999999;0.9999816182482267;1.0;1.0000263736929142;1.0;0.9999585649139422;0.99995988799499;0.9999606075969717;0.9999985829417304;0.999998564298896;0.9999924844509959;1.0;0.9999582336872139;0.9999603190524566;1.0002036046421146;1.0002224811596465;0.9999939847069604;0.9999632269392713;0.999997430338713;0.9997151792472518;0.9995357408653309;0.9994282341017634;0.9993935605726909;0.9999923750094074;0.9991414470722749;0.9990602833846599;0.9995201100379406;0.9997228705145726;0.9999999999999999;1.0;0.9999943372299611;0.9999955468541066;0.9999947330712193;1.0;1.024999976158142;
2016-10-08 02:45:00;0.9999999999999999;0.999966246706385;1.0;0.9999971315453501;0.9999999999999999;0.9999959926658565;1.0002116709797857;0.999978743480753;0.9999892202106094;1.0;0.9999857123520896;1.0;1.0000260540369208;1.0;0.9999632500523372;0.9999639399804512;0.999964596427972;0.999998921658867;0.9999989116147927;0.9999940703257101;0.9999999999999999;0.9999686193478906;0.9999643482346847;1.000198785454772;1.000217206346052;0.9999949576643176;0.9999722223584209;0.9999978995782122;0.9997984114201811;0.9996603631077541;0.9995479952878951;0.9995105185269695;0.9999944885989891;0.9993185506937804;0.9992757971986287;0.9995921015300726;0.999763358969433;1.0;1.0;0.999995940252351;0.9999963600275364;0.999995867779186;1.0;1.024999976158142;
2016-10-08 03:00:00;1.0;0.9999790294696986;1.0;0.9999976089733252;1.0;0.9999974558706854;1.0002096441779198;0.9999794957731772;0.9999943003196621;1.0;0.9999904710553509;1.0;1.0000265176697254;0.9999999999999999;0.9999604853453269;0.9999613058023742;0.9999621916482461;0.9999996662042336;0.9999996606939457;0.999996463765807;1.0;0.9999818344298582;0.9999619353493692;1.0001967307846358;1.0002151164249022;0.9999961595912242;0.9999838900370331;0.9999986670141555;0.9998072950131894;0.9996706955797846;0.999561812293339;0.9995245745169756;0.9999966714349486;0.9993358144321236;0.9992919518880725;0.9996042542345669;0.9997705447739663;1.0;1.0;0.9999974975339875;0.9999976372326774;0.9999978217514255;1.0;1.024999976158142;
2016-10-08 03:15:00;1.0;0.9999772379723961;1.0;0.9999975750965354;1.0;0.9999970173363649;1.0002102973212628;0.999981806437486;0.9999925859858165;1.0;0.999990230315211;1.0;1.0000266672904836;0.9999999999999999;0.9999667863273678;0.9999675398692179;0.9999682399175778;0.9999997151991683;0.9999997102648781;0.9999958740609476;1.0;0.9999798271165012;0.9999680358992754;1.000197468385926;1.0002156742576662;0.999996320679006;0.9999824330848883;0.9999984378895092;0.9997785973546837;0.9996395826938467;0.9995304715675718;0.999498597086966;0.9999959541213551;0.9993118552660587;0.999266136520343;0.9995840949846213;0.9997588761264035;0.9999999999999999;1.0;0.9999969888053726;0.9999977657458026;0.9999972123822254;1.0;1.024999976158142;
2016-10-08 03:30:00;1.0;0.9999657654299785;1.0;0.9999974374354385;1.0;0.9999966236318647;1.0002103709388996;0.9999802190947655;0.9999902279500809;0.9999999999999999;0.9999871247075003;1.0;1.0000265106903885;1.0;0.9999636214533528;0.9999653166264428;0.9999660937959006;0.9999995436138538;0.9999995366910985;0.9999949086452469;1.0;0.9999716067365821;0.9999658574724031;1.0001975745902678;1.0002157507533764;0.9999958471797692;0.9999754581323594;0.9999982309648302;0.9997966348677583;0.9996624061954773;0.999561227301543;0.9995322239221436;0.9999940222694889;0.9993639936788521;0.9993170441583511;0.9996088562150102;0.9997729657421646;1.0;0.9999999999999999;0.9999954782168664;0.9999973646737574;0.9999965755334758;1.0;1.024999976158142;
2016-10-08 03:45:00;1.0;0.999973837548326;0.9999999999999999;0.9999977755550638;1.0;0.9999971753503093;1.000210387428575;0.9999825656772295;0.9999923672668316;0.9999999999999999;0.9999895204863728;1.0;1.0000265255176626;1.0;0.9999679052147553;0.9999689993326115;0.999969675230414;0.9999995543502507;0.99999954823909;0.9999958460091875;0.9999999999999999;0.9999775817291613;0.999969466283526;1.0001976039634257;1.0002157542117351;0.9999963667075296;0.9999804401981343;0.9999985201112778;0.9997844274620834;0.9996448188609443;0.9995374770997211;0.9995050376538531;0.9999955464732322;0.9993211832655119;0.9992737875867894;0.9995877967665869;0.999760613906664;1.0;1.0;0.9999966522808069;0.9999976554924999;0.9999972249721921;1.0;1.024999976158142;
2016-10-08 04:00:00;0.9999999999999999;0.9999780122361336;0.9999999999999999;0.9999979764854318;0.9999999999999999;0.9999976637983794;1.0002094992161683;0.9999821752991759;0.9999942808761855;1.0;0.9999902784155363;1.0;1.000026151793196;1.0;0.9999662900874202;0.9999669800176316;0.9999676861621626;0.9999993031203233;0.9999992979173663;0.9999965035352406;1.0;0.9999803849055554;0.9999674516490153;1.0001967077086187;1.0002149411867152;0.9999963146330119;0.9999823902395882;0.9999987766048006;0.999786923243727;0.9996451093296608;0.9995375191698751;0.9995030990274643;0.999996778884524;0.9993102117883894;0.9992610928785595;0.9995893944783631;0.9997618724148484;1.0;1.0;0.9999975913354698;0.9999974167591141;0.9999977989435636;1.0;1.024999976158142;
2016-10-08 04:15:00;1.0;0.9999801790065949;1.0;0.9999974525805418;1.0;0.999997439689371;1.0002096119896737;0.99997740692453;0.9999947771093124;1.0;0.9999902654575472;1.0;1.0000264189504675;1.0;0.9999560976798099;0.999956727174384;0.9999577115593254;0.9999995834361862;0.9999995783327313;0.9999964945194282;1.0;0.9999823341007252;0.9999574235519031;1.0001966131535156;1.000215170981143;0.9999958206382348;0.9999840998135324;0.9999986589698792;0.9997794182905807;0.9996366746570604;0.999531886862423;0.999500414872875;0.9999970606858366;0.9993132772228148;0.9992615069886077;0.9995867086267233;0.9997606158677715;1.0;1.0;0.9999978020564083;0.9999973842006383;0.9999979165691999;1.0;1.024999976158142;
2016-10-08 04:30:00;1.0;0.9999759939512058;1.0;0.9999982122462612;1.0;0.9999977643041638;1.0002090136145374;0.9999857711419344;0.999993494813077;1.0;0.9999912245955923;0.9999999999999999;1.0000266420434474;1.0;0.9999730475128858;0.999974465876033;0.9999750790957694;0.9999998378221838;0.9999998350508796;0.9999966345581498;1.0;0.9999808972340293;0.999974906501866;1.0001963858130594;1.0002142338595366;0.999997210879262;0.9999836180639978;0.9999988299989141;0.999777954318502;0.9996395769196095;0.9995325938618568;0.9995020904139356;0.9999957514521223;0.9993191688769245;0.9992725806826557;0.9995868039977983;0.9997605843651484;1.0;1.0;0.9999967594581749;0.9999983515781715;0.9999977912578837;1.0;1.024999976158142;
2016-10-08 04:45:00;1.0;0.9999668552968239;0.9999999999999999;0.9999980295558908;1.0;0.9999973379180379;1.0002104169310215;0.9999833177940863;0.99999165449477;1.0;0.9999879314732276;1.0;1.0000262896168428;1.0;0.9999687856339188;0.9999705444903226;0.999971205616387;0.9999993046840784;0.999999297702395;0.9999956423216027;1.0;0.9999729133008857;0.9999709830478972;1.0001977042498795;1.0002157703834074;0.9999963399756391;0.9999763590922499;0.999998604988908;0.999802252725077;0.9996667865004993;0.9995624407811073;0.9995297074633858;0.9999946099957813;0.9993576382776389;0.9993117530875322;0.9996040037857604;0.999770042353303;1.0;1.0;0.9999958939350186;0.9999974314065911;0.9999971433079533;0.9999999999999999;1.024999976158142;
2016-10-08 05:00:00;1.0;0.9999727074381584;1.0;0.9999975315624083;1.0;0.999997071845779;1.0002098762338512;0.9999797023518281;0.999992408354484;1.0;0.9999888200939014;1.0;1.0000264657977793;1.0;0.9999616862337142;0.9999629043728038;0.9999637427033906;0.9999995742636261;0.9999995683317481;0.9999957260293769;0.9999999999999999;0.9999768856256959;0.9999634924498657;1.000197021558726;1.0002153110803045;0.9999959761018101;0.9999797650033777;0.9999984660614409;0.9998015777874572;0.9996652960442493;0.9995598935224316;0.9995261938092003;0.9999954500940288;0.99934731406863;0.9993014293525557;0.99960384879805;0.9997701314676307;1.0;1.0;0.9999965672723515;0.999997460496196;0.9999972380118103;0.9999999999999999;1.024999976158142;
2016-10-08 05:15:00;0.9999999999999999;0.9999796955461334;1.0;0.9999977095999779;1.0;0.9999973339439724;1.0002088838211176;0.9999816122273691;0.9999937742209165;1.0;0.9999907134529706;1.0;1.0000263401381415;1.0;0.9999658113543384;0.9999663549277037;0.9999670766692588;0.9999995742636261;0.9999995694926843;0.9999962955278474;1.0;0.99998156219396;0.9999668570664729;1.0001961031978486;1.0002142822971616;0.9999963128162365;0.9999836602029113;0.9999986038582311;0.9998136605926873;0.9996848070046775;0.9995825503566326;0.9995513246724339;0.9999966841253639;0.9993900822733895;0.9993484202768189;0.9996202062567418;0.9997794866652692;1.0;1.0;0.9999975413540628;0.9999976433164678;0.9999975803225785;1.0;1.024999976158142;
2016-10-08 05:30:00;1.0;0.9999834087602484;1.0;0.9999979969953189;1.0;0.9999977796016114;1.0002082997360782;0.9999834972275671;0.9999950393911475;1.0;0.9999922311642179;1.0;1.0000263912607918;1.0;0.9999688234531539;0.9999693066737806;0.9999699840966249;0.9999996968540166;0.9999996939303692;0.9999969608361615;1.0;0.9999850580922899;0.9999697847402353;1.00019558023656;1.0002136397551697;0.9999968191885233;0.9999867368518662;0.999998838097997;0.9997767865878406;0.9996447754889332;0.9995444196225682;0.9995210287956693;0.9999973138281982;0.9993558815345635;0.9993103110649457;0.9996030609828167;0.9997696061154822;1.0;1.0;0.9999980028660158;0.9999980209798112;0.9999980615758494;1.0;1.024999976158142;
2016-10-08 05:45:00;1.0;0.9999799346027877;1.0;0.9999982040139501;1.0;0.9999978750373149;1.000209671977292;0.9999845347650791;0.9999946583382523;1.0;0.9999913221963747;1.0;1.0000262933317265;1.0;0.999970922042192;0.9999715962254572;0.9999722036845229;0.9999994134104283;0.9999994081872653;0.9999968213991048;1.0;0.9999822337983284;0.9999720028480401;1.0001969372792059;1.0002150422954588;0.9999967767187818;0.9999841355558392;0.9999988869632309;0.9997926849599303;0.9996598511060728;0.9995499265141428;0.9995172434486532;0.999996967865065;0.9993370412542818;0.9992971190714908;0.999597177503282;0.9997665365031229;1.0;1.0;0.9999977295438758;0.999997759814126;0.9999979706571277;1.0;1.024999976158142;
2016-10-08 06:00:00;1.0;0.9999719814304769;1.0;0.9999984639844343;1.0;0.9999981000681116;1.0002115299734173;0.9999854239629952;0.9999938547784554;1.0;0.9999899823599523;1.0;1.0000265623176343;0.9999999999999999;0.9999714207123961;0.9999731605659581;0.999973806869126;0.9999994333237987;0.999999427494417;0.9999967223353148;0.9999999999999999;0.9999779668295314;0.9999735972168065;1.0001987603907008;1.0002168788178802;0.9999969950741134;0.9999807124753731;0.9999990043497705;0.9996710710261778;0.9995411155171502;0.9994359320722488;0.9994356133779051;0.9999956245380088;0.999283084582839;0.9992426104241063;0.9995399270046097;0.9997339532963002;1.0;1.0;0.9999966276993624;0.9999978947773178;0.9999979827542148;1.0;1.024999976158142;
2016-10-08 06:15:00;1.0;0.9999765027538535;1.0;0.9999979975891192;1.0;0.9999977677439397;1.000213144627275;0.9999821472251991;0.9999942479413352;1.0;0.999990404711751;1.0;1.0000268796671272;1.0;0.9999653640338361;0.9999665408306728;0.999967319275145;0.9999995635228245;0.9999995578577356;0.9999966336467586;1.0;0.9999805362726362;0.9999670840122981;1.0002001348018246;1.0002186275483151;0.999996547699057;0.9999828236924201;0.9999988303378469;0.9995892460444803;0.9994493618866517;0.9993376286222805;0.9993477008714642;0.9999963209010879;0.999164098164119;0.9991196445148169;0.9994872092608371;0.999704296741967;1.0;1.0;0.9999972002102616;0.9999977614556645;0.9999979321661686;1.0;1.024999976158142;
2016-10-08 06:30:00;0.9999999999999999;0.9999785108615172;0.9999999999999999;0.9999972494485238;1.0;0.9999973422622477;1.000212348485105;0.9999746719379049;0.9999947892518284;1.0;0.999989276114845;1.0;1.0000266383863698;1.0;0.9999502956087057;0.9999509855278815;0.9999521061936002;0.9999994639691594;0.9999994578435553;0.999996321784581;1.0;0.9999808835321222;0.9999517739824916;1.00019909811494;1.0002180686689002;0.9999953455276998;0.9999826460843821;0.999998607440614;0.999604859419003;0.9994660872061235;0.9993586345082864;0.9993680647830486;0.9999970089595096;0.9991942782619652;0.9991478907911076;0.9994999832124494;0.9997116282353459;0.9999999999999999;1.0;0.9999977571983586;0.9999970262309683;0.9999978908222135;1.0;1.024999976158142;
2016-10-08 06:45:00;1.0;0.9999861752984953;1.0;0.9999986888507477;1.0;0.9999984782646014;1.0002164745489934;0.9999891203123963;0.9999961845719849;1.0;0.9999941940913497;1.0;1.0000275334120081;1.0;0.9999793930417414;0.9999799779582221;0.9999804291085848;0.9999997673217991;0.9999997655317562;0.9999978036853808;0.9999999999999999;0.9999881866046957;0.9999802941790181;1.000203439824259;1.0002218565894694;0.9999978575340651;0.9999896163755602;0.9999992042930489;0.9994738977881331;0.9992733688178267;0.9991164025260489;0.9990974839035923;0.9999977365932305;0.9987266312298693;0.9986609960976137;0.9993266973400164;0.9996134603806065;1.0;1.0;0.9999982949011689;0.9999986432577165;0.9999985907117138;0.9999999999999999;1.024999976158142;
2016-10-08 07:00:00;1.0;0.999971958634773;1.0;0.9999971485333844;1.0;0.9999958728595528;1.0002220899580072;0.9999829332149991;0.9999888956511518;1.0;0.9999887532464437;1.0;1.0000283213269876;1.0;0.9999721850051628;0.9999729195319443;0.9999734273373883;0.9999998378221839;0.9999998305057548;0.9999943998864467;1.0;0.9999744750890476;0.9999732824565472;1.000208698495031;1.0002276128549032;0.9999961278280401;0.9999783050718452;0.9999978371982127;0.9993710438140831;0.9991684073073254;0.9990088421398303;0.9990121662804455;0.9999943028142715;0.9986573106500862;0.9985918751441654;0.9992603585427594;0.9995756229515068;0.9999999999999999;1.0;0.9999958007477462;0.9999977632357736;0.9999958634886217;1.0;1.024999976158142;
2016-10-08 07:15:00;0.9999999999999999;0.9999158996059452;1.0;0.9999931283038593;0.9999999999999999;0.999988805068526;1.0002350629557264;0.9999647283196655;0.9999669653339166;0.9999999999999999;0.9999695635171998;1.0;1.000029743899764;1.0;0.9999482811562223;0.9999510800509147;0.9999518736649265;0.9999995941726016;0.9999995450058046;0.9999843200624664;0.9999999999999999;0.9999255722175134;0.9999516365634458;1.0002209021534922;1.0002409410247421;0.9999909082665539;0.9999374734487547;0.9999941108868489;0.9992830807731717;0.9990899030363669;0.9989404084328125;0.9989773368335729;0.999982475137453;0.9986992599773482;0.9986353633900902;0.9992180606858108;0.9995489075280884;1.0;1.0;0.9999870152715525;0.9999947185842766;0.9999880753499268;1.0;1.024999976158142;
2016-10-08 07:30:00;1.0;0.9999251235431399;1.0;0.9999927495765212;1.0;0.99998941080355;1.000235341340788;0.9999548343278235;0.9999715526301047;1.0;0.9999692300975357;1.0;1.0000289135052305;1.0;0.9999263555789024;0.9999278820745652;0.9999291562947302;0.9999987898960934;0.9999987440082241;0.9999852900873205;1.0;0.9999303868279813;0.999928736455841;1.000220706559106;1.0002417526296126;0.9999892828756408;0.9999399498178533;0.9999944315494272;0.9992072005561223;0.9990082991146224;0.9988534215220455;0.9989018968475827;0.9999857230202228;0.99860832232067;0.9985433686950228;0.9991688066314661;0.9995206388435617;1.0;1.0;0.9999895161082767;0.9999931649059738;0.999989239398191;1.0;1.024999976158142;
2016-10-08 07:45:00;1.0;0.9999407492246659;0.9999999999999999;0.9999937692787397;1.0;0.9999901805216203;1.000229926956073;0.9999678679202744;0.9999733094339239;1.0;0.9999758165777536;1.0;1.00002890946685;1.0;0.9999537706799834;0.9999543555814769;0.9999549860030551;0.9999994333237987;0.9999994078977867;0.9999868008736237;0.9999999999999999;0.999942760439499;0.9999547805267234;1.000215973373691;1.000235792177283;0.999991725997119;0.9999514131182862;0.9999948471776609;0.9992241226704719;0.9990279944859881;0.9988740909588482;0.9989192706869893;0.9999873834505569;0.9986122781754375;0.9985489103854124;0.9991908455344439;0.9995359036313056;1.0;0.9999999999999999;0.999990831141499;0.9999950329972925;0.9999898583594315;1.0;1.024999976158142;
2016-10-08 08:00:00;1.0;0.9999594772759505;1.0;0.9999953569243765;1.0;0.9999935080883888;1.000228368491195;0.9999713420546132;0.9999833617773515;1.0;0.9999826663711218;1.0;1.0000289187229825;1.0;0.9999526533662133;0.9999533432870161;0.9999542114992257;0.9999996646403821;0.9999996500914982;0.9999913366708666;0.9999999999999999;0.9999618499013941;0.9999539597267338;1.0002143491685238;1.000234284621372;0.9999936089615862;0.999967323194846;0.9999965952775782;0.9991633755743393;0.9989486858916774;0.9987977048520387;0.9988490286117622;0.9999918372374935;0.9985172663960521;0.998436314988516;0.9991459028747547;0.9995112935586059;1.0;1.0;0.9999940288612024;0.9999962509397109;0.9999936488051895;1.0;1.024999976158142;
2016-10-08 08:15:00;1.0;0.999961040092218;1.0;0.9999959398054885;0.9999999999999999;0.9999935219393012;1.0002282427595368;0.9999800324559578;0.9999821561324951;1.0;0.9999845502830669;1.0;1.0000291210872014;1.0;0.9999719714834208;0.9999725150601348;0.9999728924795602;0.9999998378221838;0.999999826448978;0.9999913461718347;1.0;0.9999629067052208;0.9999727818767679;1.0002145612966447;1.0002338507491129;0.9999948593093009;0.9999688044893976;0.9999966043434837;0.9991549858459521;0.9989355730375622;0.9987802146237689;0.9988285011777814;0.999991426119935;0.9985055185746707;0.9984235664144212;0.9991154636666825;0.9994925203591725;1.0;0.9999999999999999;0.9999937508118774;0.9999970742881796;0.999993293360066;1.0;1.024999976158142;
2016-10-08 08:30:00;1.0;0.9999588455322351;1.0;0.9999967604276057;0.9999999999999999;0.9999952222764956;1.000236584220168;0.9999797717248414;0.9999858865387575;1.0;0.9999851451143673;1.0;1.0000301833015015;1.0;0.9999658680937855;0.9999677574767365;0.9999684347629809;0.9999998378221839;0.9999998276549809;0.9999931443450241;1.0;0.9999653357683211;0.9999682453262534;1.0002223292594385;1.0002424572800868;0.999995472372896;0.9999707186046551;0.9999974950910434;0.9989563274804212;0.9986331023253762;0.9984762740249079;0.9985200866731972;0.9999918833606711;0.9980202149227497;0.9978515198477454;0.9989228793045891;0.9993789828130837;1.0;1.0;0.9999939119460174;0.9999974073513659;0.9999950372288479;1.0;1.024999976158142;
2016-10-08 08:45:00;1.0;0.9999532146831959;0.9999999999999999;0.9999958578112191;0.9999999999999999;0.9999942303575995;1.0002338755465785;0.9999723898465446;0.9999840334484797;0.9999999999999999;0.9999818908762453;1.0;1.0000295643090868;0.9999999999999999;0.999952220057896;0.9999540202314362;0.9999549723615749;0.9999995957364665;0.9999995772196965;0.999991848173637;0.9999999999999999;0.9999594172869726;0.999954693696272;1.0002195773955573;1.000239896720071;0.9999939672157624;0.9999652792959143;0.9999969706110583;0.9991186921254155;0.9988439559411638;0.9986885211464686;0.998719313976021;0.9999911224580011;0.9982996822707884;0.9981707954612035;0.9990492871022437;0.9994551149723124;1.0;1.0;0.9999933745370033;0.9999963865913467;0.9999942039058038;1.0;1.024999976158142;
2016-10-08 09:00:00;0.9999999999999999;0.9999680005714571;1.0;0.9999972701744996;1.0;0.99999601022318;1.0002332596338541;0.9999816264160806;0.9999890197618275;1.0;0.9999869413771052;1.0;1.0000291352628814;1.0;0.9999693519527207;0.9999700832320322;0.9999706125249546;0.9999992187602318;0.9999992065580544;0.9999942237915608;1.0;0.9999705179016715;0.999970418590544;1.000219192065067;1.0002391750597945;0.9999955512231617;0.9999742628115998;0.9999979067760488;0.9990913956294262;0.9988037980645759;0.9986512506026082;0.9986834704365113;0.9999943594583756;0.9982651556453451;0.9981235351709324;0.9990146490435723;0.9994350835626548;1.0;1.0;0.9999958419615439;0.9999969305908806;0.9999958546158134;1.0;1.024999976158142;
2016-10-08 09:15:00;0.9999999999999999;0.999956208917693;1.0;0.9999962746982989;1.0;0.9999943999874742;1.0002329988356058;0.999975037446794;0.9999847011941794;1.0;0.9999815728260476;1.0;1.000028448650699;1.0;0.9999594271046875;0.9999600120094898;0.9999606439570451;0.999998576896848;0.9999985564782381;0.9999918308521382;1.0;0.999958220163621;0.9999603780327427;1.0002188611064522;1.0002390970772133;0.9999936231601516;0.9999631977420028;0.9999970596630319;0.9991393305782484;0.9988731089690515;0.9987235152843376;0.9987569907952579;0.9999925392970683;0.9983745777921154;0.998248988649968;0.9990650536109601;0.9994637945986019;1.0;1.0;0.9999945480822673;0.9999953450382305;0.9999940937391057;1.0;1.024999976158142;
2016-10-08 09:30:00;1.0;0.9999555543567203;1.0;0.999995570625294;0.9999999999999999;0.9999931271168212;1.0002348196559634;0.9999759058270472;0.9999812160057511;1.0;0.9999820674497399;0.9999999999999999;1.0000296192127027;0.9999999999999999;0.9999638921178464;0.9999645820464033;0.9999651215835533;0.9999995037915089;0.9999994842710396;0.9999906437277748;1.0;0.9999579269728559;0.9999649449407031;1.0002206494542072;1.000240728289387;0.9999939292187505;0.9999641548591415;0.9999963926648869;0.9991182099273933;0.9988415508986709;0.9986827866738114;0.9987109977291694;0.9999908658986261;0.9983015230791425;0.998173278605537;0.9990306971673714;0.9994428858889524;1.0;1.0;0.9999933285771523;0.9999962882266427;0.9999929030861309;1.0;1.024999976158142;
2016-10-08 09:45:00;1.0;0.999922197059864;1.0;0.9999927061918368;1.0;0.9999885348181948;1.000243378057583;0.9999620654484155;0.9999675951606678;1.0;0.9999705620144411;1.0;1.0000309845458475;1.0;0.9999435168825338;0.9999456287775269;0.999946525413104;0.9999997872351905;0.9999997451729479;0.9999843716314979;0.9999999999999999;0.9999294841809272;0.999946274763721;1.0002285886484625;1.000249531179995;0.9999906070230798;0.9999407818387248;0.9999939740868582;0.9990695067100114;0.9987609614169737;0.9986040185868023;0.9986307738441774;0.9999833939699657;0.9981959806633405;0.9980396614948405;0.998966171671555;0.9994077004790495;1.0;1.0;0.9999877637674796;0.9999947191035145;0.9999881009876408;1.0;1.024999976158142;
2016-10-08 10:00:00;1.0;0.9999503634691083;1.0;0.9999958543385512;1.0;0.9999937453964112;1.000238166263377;0.9999755590175962;0.9999818634215741;1.0;0.999981738948011;1.0;1.0000303278912324;1.0;0.9999602840151607;0.9999622305706501;0.9999629695533208;0.9999997872351906;0.999999770797046;0.9999911882915795;1.0;0.9999570721067337;0.9999627603500832;1.0002237784453412;1.0002441182096748;0.9999943321535524;0.9999637624855179;0.9999967180482127;0.9990092538421781;0.9986788122685603;0.9985192170440366;0.998546245285781;0.9999900058729417;0.9980728236101877;0.9978998599834442;0.9989086546905366;0.9993761046453342;0.9999999999999999;1.0;0.9999925512565198;0.9999967452108167;0.9999935048040549;1.0;1.024999976158142;
2016-10-08 10:15:00;1.0;0.9999480674760145;1.0;0.9999944664536357;1.0;0.9999916615108952;1.0002410525468177;0.9999689441205298;0.9999777262587757;0.9999999999999999;0.9999784801664492;1.0;1.0000303568529458;1.0;0.999952231398512;0.9999529213190236;0.9999536797270889;0.9999994639691593;0.99999944315975;0.9999887611980037;1.0;0.999950440074386;0.9999534427522179;1.0002263616420064;1.000247242063238;0.9999924505697123;0.9999577185523928;0.9999956251802372;0.9989060905382734;0.9985409890687797;0.9983721874728692;0.998401121529968;0.9999892865053894;0.9978368037538956;0.9976407726697617;0.9988285423007628;0.9993305013837973;0.9999999999999999;1.0;0.9999921899724263;0.9999954529259664;0.9999915299887783;1.0;1.024999976158142;
2016-10-08 10:30:00;0.9999999999999999;0.9999487990740598;1.0;0.999994634413217;1.0;0.9999914288452233;1.0002405565390737;0.9999730415880612;0.9999766450471255;1.0;0.9999791292010962;1.0;1.0000303362311125;0.9999999999999999;0.9999621488155124;0.9999625683468888;0.999963048513882;0.9999994838825327;0.9999994602718285;0.9999884906912795;1.0;0.9999502316199301;0.9999628860834587;1.0002260637397336;1.0002465910173592;0.9999929012417643;0.9999577729326958;0.9999955013280967;0.9989138167337631;0.9985793073901831;0.9984016647492661;0.9984384984286291;0.9999890464911795;0.9978788705297157;0.9977146309127803;0.9988729866760132;0.9993554452382114;1.0;0.9999999999999999;0.9999920507720279;0.9999957129531175;0.999991106762178;0.9999999999999999;1.024999976158142;
2016-10-08 10:45:00;1.0;0.9999386630514602;1.0;0.9999959106946402;0.9999999999999999;0.9999940771806145;1.0002471104838273;0.9999641216383548;0.9999837311140769;1.0;0.9999729953566106;1.0;1.000028036801295;1.0;0.9999374489562234;0.9999380338481699;0.9999390094979128;0.9999963841516007;0.9999963344314479;0.9999902483727674;0.9999999999999999;0.9999406742620975;0.9999384994810436;1.0002318969389667;1.0002541477852376;0.9999904786974045;0.999945735087309;0.9999968752021335;0.9988867044728627;0.99851255938476;0.9983381531755292;0.9983653821626647;0.9999920991477828;0.9977571311857533;0.9975571218450463;0.9988205577353347;0.9993258697556637;0.9999999999999999;0.9999999999999999;0.9999942305897824;0.9999917966736285;0.9999934600728438;1.0;1.024999976158142;
2016-10-08 11:00:00;1.0;0.9999137178821371;1.0;0.9999942897908873;1.0;0.9999919422566161;1.0002506680120364;0.9999515273590198;0.9999771252649021;1.0;0.9999643605410781;1.0;1.0000283032870207;1.0;0.9999136533913201;0.9999158255630642;0.9999173456223924;0.9999962248684383;0.9999961519410816;0.9999869426361151;1.0;0.9999212222144501;0.9999166813202063;1.000235014092909;1.0002580095198088;0.9999879281552944;0.9999291431347309;0.9999957431243903;0.9989167384321255;0.9985485418848701;0.9983589672764857;0.9983743017492103;0.9999876489156135;0.997720987567225;0.9975360442023268;0.9988442553377656;0.9993392248680062;0.9999999999999999;1.0;0.9999908234748401;0.9999902761318179;0.9999912774816335;0.9999999999999999;1.024999976158142;
2016-10-08 11:15:00;1.0;0.9999439176416902;1.0;0.9999965499661739;1.0;0.999995164566639;1.0002463994967832;0.9999679966491691;0.999986231773534;1.0;0.9999762051363851;1.0;1.000028553610055;0.9999999999999999;0.9999424018207249;0.9999435595090436;0.9999445435122097;0.9999969864264601;0.999996951160097;0.9999917855538009;1.0;0.9999478781409544;0.9999440735244014;1.0002312764905925;1.0002532687519805;0.999991832838694;0.9999524863503938;0.9999974529932776;0.9988506434652856;0.9984510937080413;0.9982473984837518;0.9982531279732785;0.9999927111090294;0.9974908339705661;0.9972890383509357;0.9987851006376602;0.999305963076666;1.0;1.0;0.9999946001468842;0.9999930386071071;0.9999946341973164;1.0;1.024999976158142;
2016-10-08 11:30:00;1.0;0.9999609564210415;0.9999999999999999;0.9999970397275573;1.0;0.9999953970039289;1.0002297636079251;0.9999800762948025;0.999986862402905;1.0;0.9999841391891733;1.0;1.000028181915413;0.9999999999999999;0.9999678844510271;0.9999685999674047;0.9999690835204493;0.9999987102514057;0.9999986967408386;0.999993100066565;1.0;0.9999634002144004;0.9999688659576633;1.0002159335202936;1.0002356640618684;0.99999474849183;0.9999677920824854;0.9999975859370916;0.9989582945111005;0.998619415468814;0.9984801583568597;0.9985246376208184;0.99999340125243;0.9978822959133027;0.9976877516557976;0.9990248961179184;0.9994418832897648;1.0;1.0;0.9999951531560134;0.999996068419526;0.999995010128227;1.0;1.024999976158142;
2016-10-08 11:45:00;1.0;0.9999663699376724;0.9999999999999999;0.9999962418147301;1.0;0.9999946548099847;1.0002331338186734;0.9999767166218719;0.9999862944560668;1.0;0.9999853753518331;1.0;1.0000293657700192;1.0;0.9999620327758622;0.9999624109722379;0.9999630696130751;0.9999994838825328;0.9999994706538531;0.9999927883100224;1.0;0.9999676578659166;0.9999628602624643;1.000218949116026;1.0002391001945066;0.9999945994868829;0.9999720604336592;0.9999971963885289;0.9989219774250883;0.9985659416920697;0.9984203702889657;0.9984618011977549;0.9999934522899399;0.9977980344056078;0.997593380315099;0.9989729243294581;0.9994124854534266;1.0;0.9999999999999999;0.9999952321982564;0.9999966366448554;0.9999947014341087;1.0;1.024999976158142;
2016-10-08 12:00:00;1.0;0.9999621149420623;1.0;0.9999961049470648;0.9999999999999999;0.9999944497650203;1.0002383668763475;0.9999752559387673;0.9999854016434943;0.9999999999999999;0.9999840454825738;1.0;1.000029962036733;1.0;0.9999591207586418;0.9999598106839066;0.9999605374015138;0.9999994102587514;0.9999993972875469;0.9999923682938187;1.0;0.9999644875737645;0.9999603049919311;1.0002238573073223;1.0002444839587563;0.9999942858921678;0.9999693250894269;0.9999970895579816;0.998788694127715;0.9983708263720272;0.9982095805126695;0.9982431862755692;0.9999927603751608;0.9974588803610297;0.9972126876222424;0.9988269536031299;0.999329363820261;1.0;1.0;0.9999946943518304;0.9999964049326053;0.9999944405313085;1.0;1.024999976158142;
2016-10-08 12:15:00;1.0;0.9999417414175109;1.0;0.9999956744236356;1.0;0.9999940949225823;1.0002428650299957;0.9999663634556706;0.9999832441080797;1.0;0.9999770854262677;1.0;1.0000296812293143;1.0;0.999939562019855;0.9999417565864451;0.9999429457408742;0.999998575333183;0.9999985492005583;0.9999909899983693;1.0;0.9999493180031809;0.9999425332209352;1.0002279092586661;1.0002493920034823;0.9999923993798333;0.9999555332765928;0.9999968964936355;0.9988358383748267;0.998437868386104;0.9982566844501852;0.9982787822238003;0.9999904004031754;0.9975341917255816;0.9973184212411361;0.9988202017016603;0.9993254061747252;0.9999999999999999;1.0;0.9999928045555022;0.9999946793806848;0.9999938828224447;1.0;1.024999976158142;
2016-10-08 12:30:00;1.0;0.9999598459786355;1.0;0.9999970473122447;1.0;0.9999964847127191;1.0002384642330708;0.9999728284753719;0.9999904726230948;1.0;0.9999835690548201;1.0;1.0000292880038943;1.0;0.999948110539069;0.9999497801769248;0.99995087550104;0.9999987453541369;0.9999987312059017;0.9999943830408253;1.0;0.9999656163539832;0.9999504995685484;1.0002237835890633;1.0002448429514097;0.9999942617264096;0.9999692649665127;0.9999981546606894;0.998860985653858;0.9984612890025314;0.9982701678163439;0.998278864286254;0.9999941528816995;0.9975037014111138;0.9972929612083918;0.9988232346875328;0.9993276602202529;1.0;1.0;0.9999955755332689;0.9999958343182408;0.9999965039418787;1.0;1.024999976158142;
2016-10-08 12:45:00;1.0;0.9999585537326183;1.0;0.9999962525418588;1.0;0.9999944129643199;1.0002422949249243;0.999976879611752;0.9999845741537589;1.0;0.9999834471153054;1.0;1.0000304202659038;1.0;0.9999625957043909;0.9999636006202255;0.9999642406172279;0.9999993520870344;0.9999993359120366;0.9999921447810071;1.0;0.999962010215839;0.9999640269274187;1.0002276435722992;1.0002484411497659;0.9999944386886062;0.9999673106496181;0.9999970681167184;0.9987894576653883;0.9983681723534547;0.998171382901342;0.9981833008367845;0.9999920973008006;0.997367854735948;0.9971428653786092;0.9987598416080075;0.9992913439270035;1.0;1.0;0.9999941768786355;0.9999964380980133;0.9999942327121585;1.0;1.024999976158142;
2016-10-08 13:00:00;1.0;0.9999757301204713;1.0;0.9999975612820702;1.0;0.9999968676662855;1.0002391658639087;0.9999821441039851;0.9999919896209728;1.0;0.9999897638595695;0.9999999999999999;1.0000302956857867;1.0;0.9999679865835792;0.9999687401263339;0.9999693927655035;0.9999996339949403;0.9999996277533416;0.9999956204651421;1.0;0.9999783192606722;0.999969195517414;1.0002246666582995;1.0002452129855939;0.999996254603479;0.9999811274271264;0.9999983588102811;0.9987657408344341;0.9983283377069571;0.998122422304501;0.9981258051865181;0.9999956841810448;0.9972480296856481;0.9970155198569063;0.9987336798628776;0.999276631608268;1.0;1.0;0.999996794196114;0.999997661445842;0.999996987770698;0.9999999999999999;1.024999976158142;
2016-10-08 13:15:00;0.9999999999999999;0.9999109609728045;1.0;0.9999897311522083;1.0;0.999983686918118;1.000255856845066;0.9999514687867191;0.999956250609592;1.0;0.9999636363299931;1.0;1.0000326202683028;0.9999999999999999;0.9999336101838608;0.9999341760667172;0.9999350170121428;0.9999998378221839;0.9999997670083124;0.9999786659655404;1.0;0.9999128994958575;0.9999347845503808;1.0002402214418677;1.00026238615606;0.9999874142878553;0.9999269649966152;0.9999914170368644;0.9989221193454145;0.9984732363748451;0.9982403372863737;0.9981905575453693;0.9999796795752901;0.9972587611933218;0.9970343356277204;0.9987643043484451;0.9992936445905398;1.0;1.0;0.9999852793428675;0.999993022955861;0.99998333954257;0.9999999999999999;1.024999976158142;
2016-10-08 13:30:00;1.0;0.9999446312946908;0.9999999999999999;0.9999950242978908;1.0;0.9999924389370268;1.0002429150601653;0.9999719147336239;0.9999785212204917;1.0;0.9999792472579753;1.0;1.000030981988804;1.0;0.9999555577649888;0.9999574406374133;0.9999582337803734;0.9999998378221838;0.9999998161807615;0.9999895582807072;1.0;0.9999511232079237;0.9999580138854594;1.0002282038432766;1.000249005704552;0.9999934069958593;0.9999588403379359;0.9999960307443879;0.9989068480259884;0.9984936648894055;0.9982942665022342;0.9982819152196386;0.9999885509305433;0.9974511115962647;0.9972343279704046;0.9988361176289094;0.9993346061855023;0.9999999999999999;0.9999999999999999;0.9999915103128622;0.9999962846182667;0.9999922039400182;0.9999999999999999;1.024999976158142;
2016-10-08 13:45:00;1.0;0.9999548956920851;1.0;0.9999960012745498;1.0;0.9999937405996484;1.0002416022672778;0.9999777646365743;0.9999822289594988;1.0;0.9999826806142279;1.0;1.000030545233863;1.0;0.9999660226115341;0.9999671961634123;0.9999677355052495;0.9999995543502509;0.9999995379721419;0.999991281277477;1.0;0.9999589300059981;0.9999675624585233;1.000227078755454;1.0002476228882433;0.999994445742616;0.9999651045772102;0.9999967158763412;0.9989125723420872;0.9985022809824177;0.9982974100410125;0.998281635175142;0.9999908819494193;0.9974415225052358;0.9972308843872955;0.9988376163633352;0.9993355978157649;1.0;0.9999999999999999;0.9999932796046335;0.9999966112902536;0.9999934408625656;1.0;1.024999976158142;
2016-10-08 14:00:00;0.9999999999999999;0.9999604171108609;1.0;0.9999962028253095;0.9999999999999999;0.9999947203059532;1.0002354523229098;0.9999741601137593;0.9999860405082315;1.0;0.9999834575674212;1.0;1.0000294109619732;1.0;0.9999559007883931;0.9999568196844447;0.99995763681532;0.999999238669171;0.9999992230314286;0.9999925691902778;0.9999999999999999;0.9999635848636578;0.9999573686059188;1.0002210725449354;1.0002415670301563;0.9999941207058057;0.9999683202348858;0.999997229548975;0.999057958333015;0.9986753771543142;0.9985075097313264;0.9984924138509689;0.9999928383353404;0.9977698404439045;0.9975573403115972;0.9989683352395228;0.9994095819451201;1.0;1.0;0.999994721870934;0.9999961710163042;0.9999947095472898;0.9999999999999999;1.024999976158142;
2016-10-08 14:15:00;1.0;0.9999158036899894;1.0;0.9999913919449005;1.0;0.9999860431378041;1.0002457915725405;0.9999586401383004;0.9999615231846211;1.0;0.9999666190659683;1.0;1.0000309251489337;1.0;0.9999434195433851;0.9999444244399486;0.999945113724568;0.9999994134104281;0.9999993456686994;0.9999812860086146;1.0;0.9999192600254395;0.9999448913775454;1.0002308978749368;1.0002520389274776;0.9999889245672687;0.9999319059938208;0.9999926527129501;0.9991255989533541;0.9987505782867513;0.9985912894820177;0.9985718650505585;0.9999816626317563;0.9978963662434397;0.9976843617658372;0.9990096689913822;0.9994331558832368;0.9999999999999999;1.0;0.9999866540231543;0.999993486733417;0.9999854697966728;0.9999999999999999;1.024999976158142;
2016-10-08 14:30:00;1.0;0.9999261354116701;0.9999999999999999;0.9999921130179569;1.0;0.9999874846171499;1.000244324990521;0.9999607278316701;0.9999660338612999;1.0;0.9999700681670378;1.0;1.0000307907552657;1.0;0.9999445944590387;0.9999453289655537;0.9999460616499705;0.9999994747099228;0.9999994246802313;0.999983308625886;1.0;0.9999286517506291;0.9999458321910839;1.0002294626169057;1.0002505720680621;0.9999897991067177;0.9999396974497821;0.9999934192788131;0.9991432037318664;0.9987527456114903;0.9985582210078279;0.9985063533633607;0.9999839544802736;0.9977201778139776;0.9975187083099774;0.9989766843515158;0.9994139096733677;1.0;1.0;0.9999883402554638;0.9999940168715267;0.9999871014608118;1.0;1.024999976158142;
2016-10-08 14:45:00;1.0;0.9999416597375876;1.0;0.9999950668125617;1.0;0.999992578424086;1.0002431953281241;0.9999704228198355;0.999978675104343;1.0;0.9999781207429288;1.0;1.0000307496492595;0.9999999999999999;0.9999519104215044;0.9999539999952967;0.99995487712278;0.9999995742636261;0.9999995543239635;0.9999895180595595;0.9999999999999999;0.9999488749566724;0.9999546166699502;1.0002284288991488;1.0002493732142204;0.9999930754320161;0.9999566143867742;0.9999961055357623;0.999090607938918;0.998636767909328;0.9984177498914306;0.9983322541501756;0.9999884289774633;0.9973913418999026;0.9971528781531245;0.9988640810852261;0.9993503459656329;1.0;1.0;0.9999913965177334;0.9999958844594738;0.9999922924343451;0.9999999999999999;1.024999976158142;
2016-10-08 15:00:00;1.0;0.9999676104736677;1.0;0.999997133753452;1.0;0.9999961061853373;1.0002342476323134;0.9999799617382807;0.9999893445947686;1.0;0.9999872546397539;1.0;1.0000296575027654;1.0;0.9999647016653973;0.9999659355584288;0.9999666481476378;0.999999626386243;0.9999996176961073;0.9999944533814643;1.0;0.9999718621187853;0.9999664346054769;1.0002200422990588;1.0002401768446165;0.9999956801367904;0.9999757701946254;0.9999979587171389;0.9991682940525296;0.9987544297777686;0.9985680528555843;0.9985013932733356;0.9999940453677496;0.9977009602392392;0.9974741951799702;0.998961836438274;0.99940584802282;1.0;1.0;0.9999955526200849;0.9999973430097557;0.999996113883827;1.0;1.024999976158142;
2016-10-08 15:15:00;1.0;0.9999697397339704;1.0;0.9999970871457464;1.0;0.9999957125920659;1.0002328690235605;0.9999816781437443;0.9999885114284001;0.9999999999999999;0.9999873412933413;1.0;1.0000292390705088;1.0;0.9999703436520974;0.9999708268734586;0.999971320026106;0.9999993735924678;0.9999993634294219;0.9999940081480511;0.9999999999999999;0.9999713890434667;0.9999711464486537;1.0002188266307754;1.0002387447046162;0.9999955613508397;0.9999751735743837;0.9999977521498821;0.9992378129537001;0.9988487234679226;0.9986784977649027;0.998617185990216;0.9999943594551043;0.9979039910062807;0.99768727296236;0.9990248939028799;0.9994416446494371;1.0;1.0;0.9999958730329594;0.9999970662057452;0.9999956090787873;0.9999999999999999;1.024999976158142;
2016-10-08 15:30:00;1.0;0.9999622815008203;1.0;0.9999961161484172;1.0;0.9999949611717972;1.0002264366116405;0.999972393146535;0.9999870824942155;1.0;0.9999841785453479;1.0;1.0000285550537364;1.0;0.9999509173681712;0.9999520876455235;0.9999530870439233;0.9999995543502509;0.9999995423330661;0.9999930304415191;1.0;0.9999663166911971;0.9999527930503653;1.000212485650981;1.0002323652664786;0.9999942179331214;0.9999708380381317;0.9999973575106081;0.9993178909410063;0.9989687790073133;0.9988505640882464;0.998819452850712;0.9999930793776541;0.9982200977654083;0.9980019653103808;0.99918888389995;0.9995344884949137;1.0;1.0;0.9999948641907518;0.9999964893034925;0.9999951587228113;0.9999999999999999;1.024999976158142;
2016-10-08 15:45:00;1.0;0.9999533052282306;1.0;0.9999954831145653;1.0;0.9999931168653639;1.0002343952863206;0.9999751331369467;0.9999808301993245;1.0;0.999981953264738;1.0;1.0000298938401873;0.9999999999999999;0.9999615175674201;0.9999627737956207;0.9999634263233204;0.9999998378221839;0.9999998241588315;0.9999906255695037;1.0;0.999957628859097;0.9999632433956122;1.0002202257222248;1.0002402522552956;0.9999940753499746;0.9999642792710759;0.999996390993839;0.999247766174355;0.9988517809905267;0.9987087445109107;0.9986579933501176;0.9999901724308525;0.9980232637881853;0.9977824973361847;0.9990262025264064;0.999442164906647;1.0;1.0;0.9999927577812554;0.9999966489385808;0.9999929381213277;1.0;1.024999976158142;
2016-10-08 16:00:00;1.0;0.9999482944359297;1.0;0.9999955188429501;0.9999999999999999;0.9999933161147699;1.0002382343825786;0.9999725085384549;0.9999810877226992;1.0;0.9999800781260774;0.9999999999999999;1.0000299731415707;1.0;0.9999551297359826;0.9999567645409149;0.999957568559678;0.9999994333237987;0.9999994160356837;0.9999905502553982;1.0;0.9999539183242651;0.9999573174451338;1.0002237682935757;1.0002443146184432;0.9999935178634485;0.9999606348963647;0.9999964935949216;0.9991856006366876;0.9987767065843873;0.9985984418280359;0.9985359226906514;0.9999899425910966;0.9978022686542012;0.9975744020470612;0.9989563491248652;0.9994029241613404;1.0;1.0;0.9999925446629747;0.9999960068513655;0.9999930784640598;0.9999999999999999;1.024999976158142;
2016-10-08 16:15:00;1.0;0.999937423888049;1.0;0.9999962886242247;1.0;0.999994334257704;1.0002385381253702;0.9999680714000718;0.9999833467797662;1.0;0.9999739044175195;1.0;1.0000272526753953;1.0;0.9999450179077513;0.9999461054978688;0.9999469432397008;0.9999966817505054;0.9999966481375179;0.9999904861965178;1.0;0.9999411696583035;0.9999464903414687;1.00022397526451;1.0002451978127374;0.9999913055662157;0.9999466770679847;0.9999970198950464;0.9992122290930929;0.9988252199261459;0.9986563334216918;0.9986041332796615;0.9999914645037944;0.9979051853417846;0.9976894261985746;0.9990142979868334;0.9994358554357675;1.0;1.0;0.9999937102258278;0.9999924969790002;0.9999935381809743;1.0;1.024999976158142;
2016-10-08 16:30:00;1.0;0.9999665070253694;1.0;0.9999971917957706;1.0;0.9999968105523139;1.0002361553111971;0.9999726540063834;0.9999923827168662;1.0;0.9999844660787384;1.0;1.0000285222021077;1.0;0.9999480164783683;0.9999487063959718;0.9999497428605281;0.9999982826893349;0.9999982677198701;0.9999948987188438;1.0;0.9999688796674926;0.9999493499636459;1.0002215567413637;1.0002426095096997;0.9999940126071378;0.9999713502515679;0.9999983252697101;0.9991550126789951;0.998744196877178;0.9985765273602313;0.9985258175432946;0.9999959196865889;0.9977933037450404;0.9975566895319158;0.9989611600932757;0.9994051335273235;1.0;1.0;0.9999969719081803;0.99999531121269;0.999996908847075;1.0;1.024999976158142;
2016-10-08 16:45:00;1.0;0.9999351247321779;1.0;0.9999944906387392;1.0;0.9999919814259325;1.000236406334155;0.9999604642121062;0.9999784132508956;0.9999999999999999;0.9999720217033082;1.0;1.0000278264586528;1.0;0.9999338090867265;0.9999345816855745;0.9999356556280019;0.9999975564910828;0.9999975231314657;0.9999881181462188;1.0;0.9999377866595595;0.9999352019653431;1.0002217750294937;1.0002430151010375;0.9999900745880939;0.9999446864857907;0.9999957876296717;0.9992926762013583;0.9989380713663938;0.9987773846811229;0.9987269796378293;0.9999895202763328;0.9981177002323693;0.9979237660648028;0.999078000998932;0.9994716023803455;1.0;1.0;0.999992348065705;0.9999925633209226;0.9999915886608162;1.0;1.024999976158142;
2016-10-08 17:00:00;1.0;0.9999537284466004;1.0;0.9999965672612569;0.9999999999999999;0.999995167867832;1.0002446257611803;0.9999744742274781;0.9999861154559504;0.9999999999999999;0.9999820102634939;1.0;1.0000303141210736;1.0;0.9999549883196709;0.9999567025603756;0.9999575687601574;0.9999989583535784;0.9999989419936137;0.9999926906225495;1.0;0.9999596425778204;0.9999572679970306;1.000229746193014;1.0002509747562291;0.9999941288710154;0.9999647671696101;0.9999974638153742;0.9991397120255585;0.9987062556517833;0.9984844037858778;0.9983963957928833;0.9999921419558621;0.9976528456632401;0.9974341480734374;0.9987906410418901;0.9993086383139614;1.0;0.9999999999999999;0.9999941202510815;0.9999959401752937;0.9999949460967904;1.0;1.024999976158142;
2016-10-08 17:15:00;1.0;0.9999536089141217;1.0;0.9999958066022795;1.0;0.999993769910574;1.0002340948797785;0.9999751172992385;0.9999824951170623;1.0;0.999982292956907;1.0;1.0000297500022424;1.0;0.999959594205986;0.9999611495826932;0.9999618892758773;0.9999997366764024;0.9999997191318796;0.9999913484126329;1.0;0.9999589426292675;0.9999616763410349;1.0002199101557987;1.0002399906368533;0.9999942480630478;0.9999652072601559;0.9999967302146864;0.9992684259427524;0.9988914904552876;0.9987359189816455;0.9986824057522196;0.9999906555653691;0.9980266333763675;0.9978102473401238;0.9990610912244204;0.9994623005218818;0.9999999999999999;1.0;0.9999930686046447;0.9999966569860105;0.9999936175772337;1.0;1.024999976158142;
2016-10-08 17:30:00;1.0;0.9999662558960576;1.0;0.9999965925434957;1.0;0.9999952233592011;1.00023284111005;0.9999778995682699;0.9999873866119369;1.0;0.9999859995607555;1.0;1.000029401615674;0.9999999999999999;0.9999628120199142;0.9999636102259413;0.9999643011044631;0.9999995543502509;0.999999544014465;0.9999934142176494;1.0;0.9999689890689091;0.9999640882193702;1.0002186930828518;1.0002387716084025;0.9999950259952434;0.9999732713969625;0.9999974958524971;0.9992506453054117;0.9988542838343347;0.998670716068459;0.9985951798728596;0.9999935619624236;0.997855076882783;0.9976410798049401;0.9990023688796567;0.999428824866701;1.0;1.0;0.9999952586799399;0.9999969275666358;0.9999952434275647;1.0;1.024999976158142;
2016-10-08 17:45:00;0.9999999999999999;0.9999508454355158;1.0;0.9999947252923822;1.0;0.9999918910953524;1.0002399160591684;0.9999715336925449;0.999978316160882;1.0;0.9999795900858742;1.0;1.0000302194769894;1.0;0.9999575447902487;0.999958028005425;0.9999586538896168;0.9999994624052855;0.9999994373374623;0.9999891138959034;1.0;0.9999524947138488;0.9999584516449572;1.0002253641994039;1.0002460194903606;0.9999928650830968;0.999959506214157;0.9999957422422829;0.9992104428306655;0.998802741408215;0.998596987760884;0.99851375777633;0.9999897449607332;0.9977089987501121;0.9975003691790295;0.9989550825204448;0.9994020722116876;1.0;1.0;0.9999925463366063;0.9999956753488424;0.9999917151688508;1.0;1.024999976158142;
2016-10-08 18:00:00;1.0;0.9999668219630465;1.0;0.9999964918798493;1.0;0.9999954990560871;1.0002402467926936;0.9999731841664852;0.9999890727199413;1.0;0.9999846490730885;1.0;1.000029671379969;1.0;0.9999524115696584;0.9999527897623954;0.9999536883865842;0.9999988986223238;0.9999988848656273;0.9999936228568287;1.0;0.9999681098918729;0.9999533749115586;1.000225474356763;1.0002466282686229;0.9999940373765785;0.9999715318388551;0.9999976388177271;0.9991750953836479;0.9987414877791623;0.9985086959374487;0.9984051904950282;0.9999947095997423;0.99754198525448;0.997329889154667;0.998859979361539;0.9993479216475778;0.9999999999999999;1.0;0.9999961385953461;0.9999958412131396;0.9999956460041426;1.0;1.024999976158142;
2016-10-08 18:15:00;0.9999999999999999;0.9999398915231045;1.0;0.9999953198464356;1.0;0.9999926740143269;1.000243412922952;0.9999710002064501;0.9999787888867006;1.0;0.9999766863549603;1.0;1.000029930466251;1.0;0.999953977424187;0.9999555453084084;0.9999562729721053;0.9999987194240755;0.9999986934141305;0.9999892971461047;1.0;0.999945299566569;0.9999559918777502;1.0002286865726986;1.0002497096216363;0.9999925513533464;0.9999526909456673;0.9999961527357205;0.9991625276616504;0.99873354377249;0.9985132628884457;0.998422911113767;0.9999889603294905;0.9975830000698939;0.9973664881256661;0.9988792334211164;0.999359320729468;1.0;1.0;0.9999918448567349;0.9999948821134315;0.9999921449329846;0.9999999999999999;1.024999976158142;
2016-10-08 18:30:00;1.0;0.9999591848963755;1.0;0.9999977169361857;1.0;0.9999968036125677;1.0002409846187015;0.999981779722645;0.9999894627242923;0.9999999999999999;0.9999860546980123;0.9999999999999999;1.0000304116796281;1.0;0.9999659727211775;0.9999684822600607;0.9999692330058879;0.9999995022276021;0.9999994925659155;0.9999948011385339;0.9999999999999999;0.9999678452165571;0.999969000727245;1.0002264767182785;1.0002470176047928;0.999996089750976;0.9999724062846358;0.9999983233843922;0.9991363981841043;0.9986959154101162;0.9984610776753556;0.9983619052012169;0.999992926798036;0.9974785348508103;0.9972621455001048;0.9988363965614974;0.999334905972531;1.0;0.9999999999999999;0.9999945865000599;0.9999974608609257;0.9999965310710682;0.9999999999999999;1.024999976158142;
2016-10-08 18:45:00;1.0;0.9999276884468036;1.0;0.9999946389897959;1.0;0.9999921311157807;1.0002559983537487;0.9999577632328586;0.9999785795137031;1.0;0.9999685346900031;1.0;1.0000291713474396;0.9999999999999999;0.9999281446178926;0.9999288791123244;0.9999299971624055;0.9999963904369845;0.9999963264675996;0.9999877109809251;1.0;0.9999302047896711;0.9999294501517655;1.000240172503654;1.0002633172554096;0.9999889164401633;0.9999369595592761;0.9999958471602504;0.9990023247700811;0.9985047720635214;0.9982649620871203;0.9981692297716469;0.9999896321090715;0.9971664834119844;0.9969053112620683;0.9987303956594313;0.9992749466077498;0.9999999999999999;1.0;0.9999924332813456;0.9999909520178843;0.9999915091505054;1.0;1.024999976158142;
2016-10-08 19:00:00;1.0;0.9998868702576905;1.0;0.9999955280246451;1.0;0.9999937316840385;1.0002725417428442;0.9999363268853086;0.999981892602515;1.0;0.9999478764665741;1.0;1.0000241408585953;0.9999999999999999;0.999881305872522;0.9998816840383661;0.999883416457703;0.9999892919334837;0.9999891218846255;0.999986063025293;0.9999999999999999;0.9998881580835413;0.9998822102800657;1.0002552675043885;1.0002819510304168;0.9999815345312241;0.9998930366148688;0.999996628676137;0.9989798192564773;0.998455180056225;0.9981767847336935;0.9980546463273308;0.9999914542359879;0.996940654919303;0.9966826770827651;0.9986570799520129;0.9992333457828488;1.0;1.0;0.9999937908138519;0.9999809833549343;0.999991927747328;1.0;1.024999976158142;
2016-10-08 19:15:00;1.0;0.99994164670698;1.0;0.9999953690507115;1.0;0.9999925947927313;1.0002509108119262;0.9999700449436254;0.9999793672658461;1.0;0.9999753638945588;1.0;1.0000298348657422;1.0;0.9999537402197938;0.9999541184130332;0.9999547047719315;0.999997662065036;0.9999976201015541;0.99998901128475;1.0;0.9999429346033812;0.9999543866921069;1.0002357258959687;1.0002575931474003;0.9999916127763206;0.9999494446500137;0.999996102146619;0.99909821203201;0.9986372638122688;0.9983768068668394;0.9982637969000637;0.9999903160728946;0.9972903535713359;0.9970738855857493;0.9987816326231923;0.9993036028413681;0.9999999999999999;1.0;0.9999929710803547;0.999993483526244;0.999991945355652;1.0;1.024999976158142;
2016-10-08 19:30:00;1.0;0.9999413507497715;1.0;0.9999946979468186;1.0;0.9999921944558792;1.0002427646673238;0.9999659749545636;0.9999786774137088;1.0;0.9999760583139065;1.0;1.000029910656357;1.0;0.9999442189527209;0.9999454751591894;0.9999464283343587;0.9999988082131192;0.9999987796466246;0.999988925363162;0.9999999999999999;0.9999456743289488;0.9999460941798755;1.0002278898192447;1.0002491841930714;0.9999917902791974;0.9999528827553692;0.9999958999475755;0.9991790101583441;0.9987570708955901;0.998555462827904;0.9984755251704461;0.9999891975993247;0.9976861842693749;0.997462915544901;0.9989109806248132;0.9993772465726347;1.0;1.0;0.9999920549269324;0.9999945436065543;0.9999919521102089;1.0;1.024999976158142;
2016-10-08 19:45:00;1.0;0.9999107325750463;1.0;0.9999944297778927;1.0;0.99999156621296;1.000252982662184;0.9999559990392013;0.9999749437488559;1.0;0.9999645147373896;1.0;1.000028873152044;1.0;0.9999242485737247;0.9999266753292384;0.9999279304703158;0.9999964703158924;0.999996408915699;0.9999863858423659;1.0;0.9999191031627102;0.9999273530198262;1.0002374023217246;1.0002601595928298;0.9999885431767482;0.9999279348203121;0.9999955533769989;0.9990610704195876;0.9985822252402408;0.9983615343671381;0.9982720202619954;0.9999864306449738;0.9973555658239347;0.9970972308874108;0.9987822293414775;0.9993045356844799;0.9999999999999999;1.0;0.9999899133924275;0.9999908163678641;0.9999906210418968;0.9999999999999999;1.024999976158142;
2016-10-08 20:00:00;1.0;0.9999070023847983;1.0;0.9999931735431146;0.9999999999999999;0.9999895348677544;1.0002598431459682;0.9999488956582329;0.9999710980066177;1.0;0.9999597566030581;0.9999999999999999;1.0000285900410417;1.0;0.9999158791772238;0.999916530984906;0.9999177209286689;0.9999953226055118;0.9999952328703551;0.9999837463254525;1.0;0.9999092293667358;0.9999170801545704;1.0002437309160723;1.000267498993132;0.9999859924194955;0.9999182229781325;0.9999944735475602;0.9990471270313186;0.9985658902856062;0.9983028766409032;0.9981923633775526;0.9999863215343577;0.9971848253741175;0.9969530777557156;0.998737084089696;0.9992787447559139;1.0;1.0;0.9999900567973223;0.9999884663944758;0.9999885517418058;1.0;1.024999976158142;
2016-10-08 20:15:00;1.0;0.9999407871467062;1.0;0.9999940512459143;1.0;0.9999910978723958;1.0002537703214756;0.9999639260724907;0.9999764305386931;1.0;0.9999747138388945;1.0;1.0000311640260107;1.0;0.9999431634129453;0.9999436879553399;0.9999445685125278;0.9999986518213715;0.9999986117932922;0.9999876780303736;0.9999999999999999;0.999942581047495;0.9999442424843253;1.0002382251753645;1.0002604962034995;0.9999909855516856;0.9999501067799139;0.9999953184920914;0.9990526081872654;0.9985627439913839;0.9982748317101283;0.9981427257393212;0.9999888527018488;0.9970635173931831;0.9968412409220869;0.9987078240864816;0.9992620133968603;1.0;1.0;0.9999918978312518;0.9999939738400481;0.9999908778269904;1.0;1.024999976158142;
2016-10-08 20:30:00;1.0;0.9999437742441454;1.0;0.9999942249702991;1.0;0.9999907944838842;1.0002410453573651;0.9999705362717798;0.99997484843189;1.0;0.9999771651762682;1.0;1.0000302920370927;1.0;0.9999581679080635;0.999958711477274;0.9999592551842617;0.999999381172889;0.9999993523089509;0.9999875774129304;1.0;0.9999456408249181;0.9999590688482921;1.0002264912857028;1.000247137170676;0.9999922622727088;0.9999538055457159;0.9999951659886958;0.9992359553553897;0.9988287934962784;0.9986193590556717;0.9985286891197876;0.9999881181479698;0.9977391168752466;0.9975334272067076;0.9989497629352777;0.999399051818289;1.0;0.9999999999999999;0.9999913659464892;0.9999952791870597;0.9999904365958472;0.9999999999999999;1.024999976158142;
2016-10-08 20:45:00;1.0;0.9999230249744387;1.0;0.999993340614088;1.0;0.9999891204326313;1.0002502016233896;0.999963701432784;0.9999692269114525;1.0;0.9999693401744219;1.0;1.000030447543575;1.0;0.9999475093050886;0.9999485778159409;0.9999492283712237;0.999998363925972;0.9999983127641964;0.9999846289804553;1.0;0.9999266978000092;0.9999489426243077;1.00023508107813;1.0002567191060174;0.9999899901896557;0.9999368544125752;0.9999942766849895;0.9991618903832252;0.9987170425214015;0.9984767257346084;0.9983686425696153;0.999985092138077;0.9974612109009942;0.9972446169089993;0.9988475860888646;0.9993414225012678;1.0;1.0;0.9999891185568075;0.9999931892690082;0.9999883519426424;1.0;1.024999976158142;
2016-10-08 21:00:00;1.0;0.9998957536664496;1.0;0.9999945322636811;1.0;0.9999923280753156;1.0002540838955027;0.9999426807736455;0.9999775673603974;1.0;0.9999555415714007;0.9999999999999999;1.000025887700477;1.0;0.9998950337279293;0.999897085095455;0.9998988335125849;0.9999933923410501;0.9999932944294433;0.9999859064912672;1.0;0.9999028230304055;0.9998979105947944;1.0002380527425807;1.000262173365538;0.9999848463721814;0.9999102887963915;0.9999959335374303;0.9991952998033816;0.9987587099708048;0.9985450536642246;0.9984501851107983;0.9999879624454989;0.9976096179484313;0.9973819562864796;0.998900797257627;0.9993715166634697;1.0;1.0;0.9999910644868679;0.9999862263266552;0.9999911242365156;1.0;1.024999976158142;
2016-10-08 21:15:00;1.0;0.9999106456251143;1.0;0.9999935709086376;1.0;0.9999904412494731;1.0002458562185574;0.9999500355776602;0.99997348339684;1.0;0.9999619368311118;0.9999999999999999;1.0000272617924733;1.0;0.9999152901566424;0.9999165049820381;0.999917825128178;0.9999957944440214;0.9999957117489088;0.9999850365055882;1.0;0.9999148243955401;0.9999171832051144;1.000230534718168;1.000253123017197;0.9999868420197414;0.9999233831516812;0.9999949517020386;0.9993175245670345;0.9989462779940363;0.9987680925380891;0.998695977503491;0.9999868829928846;0.998001903159859;0.9978054170810586;0.9990759697973338;0.999471047711897;1.0;1.0;0.999990391108283;0.9999893239131522;0.9999896241496459;1.0;1.024999976158142;
2016-10-08 21:30:00;1.0;0.9999027837371691;1.0;0.9999922246613118;1.0;0.9999874000150272;1.0002521160259408;0.9999509484738934;0.9999649570145508;1.0;0.9999587971274551;0.9999999999999999;1.0000282941075773;1.0;0.9999256662202669;0.9999260444028885;0.9999269186377046;0.9999959919567991;0.9999958911519402;0.9999813628776567;0.9999999999999999;0.999904071583516;0.9999264077883613;1.0002366573555375;1.0002593023783928;0.9999859310826953;0.9999149869833232;0.9999933475824943;0.9992597936141437;0.9988557935895271;0.9986444796916991;0.9985516025370138;0.9999837913754966;0.9977351234740325;0.9975332479527474;0.9989879367364717;0.9994210927573521;1.0;1.0;0.999988266867728;0.999988990869274;0.9999862736527423;1.0;1.024999976158142;
2016-10-08 21:45:00;1.0;0.9999252023820688;1.0;0.9999950930076077;0.9999999999999999;0.9999927513092723;1.0002480342466313;0.9999567500930733;0.999980147122527;1.0;0.9999666358732855;0.9999999999999999;1.000026994414454;1.0;0.9999253939221718;0.9999257721046904;0.9999268717262588;0.999995236681286;0.999995164877402;0.9999879774852581;1.0;0.9999264902572904;0.9999262486704118;1.0002326582174015;1.000255394172667;0.9999881768672111;0.9999324737967062;0.9999961686185723;0.9992549654533376;0.9988449553229785;0.9986268633389224;0.9985272969734459;0.9999906679197257;0.9976808534303548;0.9974784494598696;0.9989752564780594;0.9994134567242715;1.0;1.0;0.9999932245503472;0.9999895824144925;0.9999919098990564;1.0;1.024999976158142;
2016-10-08 22:00:00;1.0;0.9999025381336931;1.0;0.9999934476298894;0.9999999999999999;0.9999898222025342;1.00025109609477;0.9999496067798528;0.9999710586408438;1.0;0.9999588759316325;1.0;1.0000272924429585;1.0;0.9999164137781962;0.999917587271854;0.9999187798442484;0.9999951402853903;0.9999950480812528;0.9999838149284299;1.0;0.9999065722363699;0.9999181255962026;1.0002355503024454;1.0002585371386208;0.99998606636777;0.9999158621589604;0.9999946226183587;0.9992163317606894;0.9987926475149317;0.9985942015548037;0.9985089124574348;0.9999858232905581;0.9976693145618111;0.9974421341896722;0.9989712370203759;0.9994115372905409;1.0;0.9999999999999999;0.9999896322289471;0.9999883527333056;0.9999886768354769;1.0;1.024999976158142;
2016-10-08 22:15:00;1.0;0.9998943244670392;1.0;0.9999942349883014;1.0;0.9999915360539141;1.0002511989787144;0.9999445791335907;0.9999750757614584;1.0;0.9999555943519258;1.0;1.0000259264445162;1.0;0.999901008007512;0.9999030561307257;0.9999046439812178;0.9999937858638909;0.9999936837325313;0.9999850541204413;1.0;0.9999013946698628;0.9999037908629721;1.0002354520972458;1.000259053454568;0.9999850796765235;0.9999097131674292;0.9999955158451281;0.9992264078804275;0.9988069254122236;0.9986167963771155;0.9985362475403168;0.9999868349656016;0.9977213510755392;0.9974920968217371;0.9989879139878022;0.9994212562922409;0.9999999999999999;1.0;0.9999902519917354;0.9999866818272408;0.9999902564205359;0.9999999999999999;1.024999976158142;
2016-10-08 22:30:00;1.0;0.9999064698390269;1.0;0.9999934456509955;0.9999999999999999;0.9999901052539962;1.0002465605156805;0.9999485217814285;0.9999724549211106;1.0;0.9999598120963132;1.0;1.0000267782443555;1.0;0.9999133725175198;0.9999143583026315;0.9999156465514502;0.9999952199248201;0.9999951307568602;0.9999843347733046;1.0;0.9999098532535774;0.999914972735012;1.0002311964145665;1.0002539507268542;0.9999860905916316;0.9999185732860102;0.9999947727456457;0.9993219465587884;0.9989491016900155;0.998780602418855;0.9987125302999449;0.9999866284009329;0.9980189059275908;0.9978145625713027;0.9990975412012173;0.9994829570951621;1.0;1.0;0.9999902362042784;0.9999884338659831;0.9999891331460798;1.0;1.024999976158142;
2016-10-08 22:45:00;1.0;0.999906183215226;1.0;0.9999950345029684;1.0;0.9999925024011397;1.0002439499032418;0.999950016278064;0.9999783687665342;1.0;0.9999588062828348;1.0;1.0000245357725313;1.0;0.9999120170819892;0.9999127929091463;0.9999140561579513;0.9999933108987336;0.9999932124146375;0.9999864291895965;0.9999999999999999;0.9999088441789515;0.9999132550722764;1.0002287360502347;1.0002516333395497;0.9999857940108607;0.9999154456110911;0.9999960243993608;0.9993880682392149;0.9990430351662567;0.9988975932519056;0.998840989090904;0.9999894968062482;0.9982407170351789;0.998044364594444;0.9991771749608669;0.9995282123672171;1.0;1.0;0.9999923303000465;0.999986671453747;0.9999911630780078;1.0;1.024999976158142;
2016-10-08 23:00:00;1.0;0.9999056888667166;1.0;0.9999943069524689;1.0;0.9999911315202409;1.0002452767840204;0.9999504675642662;0.999974839035923;1.0;0.9999587768570773;0.9999999999999999;1.0000253340336827;1.0;0.9999163239435553;0.9999168484718706;0.9999179756364678;0.9999939299299896;0.9999938307220355;0.999985057901751;1.0;0.9999074827045388;0.9999172537255999;1.0002300565361182;1.0002528179980212;0.99998578247064;0.9999151453837818;0.9999953049776614;0.9993497520634249;0.9989852258151103;0.9988411499787764;0.9987848053470092;0.9999881298194679;0.9981474068239189;0.9979336277362956;0.9991468208148626;0.9995106508592017;1.0;1.0;0.9999913762686672;0.999987183144404;0.9999898285516315;1.0;1.024999976158142;
2016-10-08 23:15:00;1.0;0.9999103991694307;1.0;0.9999954720462286;1.0;0.9999934984411032;1.000239421595202;0.9999517268017823;0.9999807867810598;1.0;0.9999615661145732;1.0;1.0000246736888343;1.0;0.9999122231948949;0.9999137496689828;0.9999151565073614;0.9999940360265213;0.9999939672292248;0.9999878748154974;1.0;0.9999156623767679;0.9999143685109819;1.0002244444937902;1.0002468892400558;0.9999869281419271;0.9999219295125378;0.999996563694651;0.9993602969307258;0.9990069289235148;0.9988740874631485;0.9988259911172157;0.999989901424334;0.9982359175880425;0.9980240940804647;0.9991666077911836;0.9995222753435918;0.9999999999999999;1.0;0.9999925282416707;0.9999878993886839;0.9999923334445907;1.0;1.024999976158142;
2016-10-08 23:30:00;1.0;0.999920859222794;1.0;0.9999956460325266;0.9999999999999999;0.9999938423146412;1.0002421771955226;0.9999569700363803;0.9999819513665851;1.0;0.999966760617219;1.0;1.0000264537627426;1.0;0.9999217870581174;0.9999235458318548;0.9999248681798386;0.9999954512433488;0.9999953868278201;0.9999890525032559;1.0;0.999926916948202;0.9999242016137321;1.0002271217214933;1.000249379815156;0.9999887787151084;0.9999330539683516;0.999996744472574;0.9992713119254432;0.9988945639377194;0.9987603998608041;0.9987209298385515;0.9999902167494551;0.9980820191579438;0.9978513780180943;0.9991066509407226;0.9994882434244512;0.9999999999999999;1.0;0.9999927264919947;0.9999900904670403;0.9999929777443024;1.0;1.024999976158142;
2016-10-08 23:45:00;0.9999999999999999;0.9999315787624014;1.0;0.9999962066112169;1.0;0.999994504594468;1.0002374541579664;0.999961964659769;0.9999842755038519;1.0;0.9999701205609695;0.9999999999999999;1.0000258421719297;1.0;0.9999320138133407;0.9999328500081919;0.9999339072948861;0.9999954328948752;0.9999953795026058;0.9999901687930194;1.0;0.9999344571057871;0.9999333091231243;1.0002227754689694;1.0002444672217399;0.9999896604450453;0.9999394001566551;0.9999970980589037;0.9993491353142069;0.9990091599565001;0.9988718874039343;0.9988297420031811;0.9999921148284233;0.9982507882710899;0.9980533242082162;0.999170673265574;0.9995244025885214;1.0;1.0;0.9999942104149665;0.9999905548296408;0.9999936486198184;1.0;1.024999976158142;
2016-10-09 00:00:00;1.0;0.9999296049195298;1.0;0.9999965287532384;1.0;0.9999945824128229;1.0002383204686494;0.9999655368816187;0.9999836051855742;1.0;0.9999702427930857;1.0;1.00002593161412;1.0;0.9999396224019617;0.9999406495586681;0.9999415158934297;0.9999953899487575;0.9999953335147741;0.9999901108794298;1.0;0.9999331330907625;0.9999409649088197;1.0002237429155063;1.0002452360737901;0.9999901173192262;0.9999384344789293;0.9999971369101077;0.9993496815334444;0.9990125612436753;0.9988781296004575;0.9988391025334104;0.9999916377390932;0.9982716526578768;0.9980747852988503;0.9991763376375895;0.9995274235875119;0.9999999999999999;1.0;0.9999938425310656;0.9999907657495161;0.9999934990744404;1.0;1.024999976158142;
2016-10-09 00:15:00;1.0;0.9999270331918643;0.9999999999999999;0.9999963738755739;1.0;0.999994977758387;1.0002367885088284;0.9999573776933789;0.9999857879408897;1.0;0.99996701090697;1.0;1.0000244867437096;1.0;0.9999216794089136;0.9999222675485453;0.9999234898731633;0.9999941814197127;0.9999941227940813;0.9999901986408727;1.0;0.999929043534454;0.9999227605748539;1.0002220076234105;1.000244133351096;0.9999883268357831;0.9999332439420223;0.9999973442246559;0.9993684493421756;0.9990320908988158;0.998898133057006;0.9988552266526777;0.9999930292262025;0.9982851636701037;0.99808853281841;0.9991889960918992;0.9995346871530219;1.0;1.0;0.9999949006671256;0.9999887816145369;0.9999940028523173;1.0;1.024999976158142;
2016-10-09 00:30:00;1.0;0.9999230423897036;0.9999999999999999;0.9999965422412257;0.9999999999999999;0.9999953581242425;1.000237587130767;0.9999564862779532;0.999986290884344;1.0;0.999966254027879;1.0;1.0000245478086578;1.0;0.9999181307275266;0.9999194091647864;0.9999207661029387;0.999994142927719;0.9999940760430036;0.9999904649033825;1.0;0.9999274376775625;0.9999199987176437;1.0002227320588755;1.0002449804996427;0.9999883342294503;0.9999318336899499;0.9999975381308633;0.9994107666995965;0.999080482245987;0.9989481093904554;0.9988996479115315;0.9999926224050831;0.998345568866752;0.9981529364024553;0.999215000711075;0.9995496383239653;1.0;0.9999999999999999;0.9999945208886643;0.9999887521697906;0.9999943595139225;1.0;1.024999976158142;
2016-10-09 00:45:00;1.0;0.9999191934550552;0.9999999999999999;0.9999962215402765;1.0;0.9999951246249639;1.000232135789728;0.9999539394645546;0.9999854010108877;1.0;0.9999655497094267;1.0;1.0000242899038863;1.0;0.999912208621793;0.9999142154349245;0.9999157818467537;0.9999945969079316;0.9999945462623965;0.9999901858922913;1.0;0.9999261191962774;0.9999149912225718;1.0002175247839244;1.000239380496721;0.9999882550035232;0.9999311916871274;0.9999974255790417;0.9994226921652826;0.9991094259795644;0.9989926568665749;0.9989576365999568;0.9999915486744961;0.9984588428176263;0.9982702162533512;0.9992529954890387;0.9995710967704947;1.0;0.9999999999999999;0.9999936557392638;0.9999890922163993;0.9999942279972959;0.9999999999999999;1.024999976158142;
2016-10-09 01:00:00;1.0;0.9999459374192675;1.0;0.9999971776715926;0.9999999999999999;0.9999960897846801;1.000230731691199;0.9999681974012485;0.9999890183103706;1.0;0.9999756604783727;0.9999999999999999;1.0000254255935606;1.0;0.9999418102500327;0.9999422934576055;0.9999432118965985;0.9999958711956336;0.9999958323312736;0.999992587373026;1.0;0.9999475866895052;0.999942680954582;1.00021651410537;1.0002374516164205;0.9999913905966575;0.9999508855750695;0.999997936193706;0.9994259508981067;0.9991062119889826;0.9989914424778003;0.998953245488958;0.9999945879132597;0.9984477605453682;0.9982522825247921;0.9992489537994413;0.999568753347161;1.0;1.0;0.9999960375773862;0.9999918628389461;0.9999954057229506;1.0;1.024999976158142;
2016-10-09 01:15:00;1.0;0.9999616588935173;1.0;0.999998350165173;1.0;0.9999979745179194;1.0002235517163254;0.99997756783216;0.9999938982406656;1.0;0.9999833670801367;1.0;1.0000258224559393;1.0;0.9999565617661718;0.9999574616555189;0.9999582393682606;0.9999971719078444;0.9999971528222706;0.9999955926317774;1.0;0.999964754013841;0.9999578366152239;1.0002098973477505;1.000229746718317;0.999994267392674;0.9999668410039454;0.9999989334610898;0.9994843218941775;0.9991953185111674;0.9990895665667887;0.999056609900108;0.9999964130591386;0.9986162356462261;0.9984407992925013;0.999314610662034;0.9996058954591283;1.0;1.0;0.9999973012590421;0.9999945169924048;0.999997529832193;1.0;1.024999976158142;
2016-10-09 01:30:00;1.0;0.9999619078292693;1.0;0.9999980644347859;1.0;0.999997743077667;1.0002214741954674;0.9999755917589368;0.999993650020851;1.0;0.9999832356580723;1.0;1.000025729287179;1.0;0.9999526188087523;0.9999535410336922;0.9999544271478582;0.9999973558207256;0.9999973383309645;0.9999954233005554;0.9999999999999999;0.9999650749982925;0.9999540087918517;1.0002078691713574;1.0002276467070113;0.9999940621678364;0.9999672391797747;0.9999988131310644;0.9995327490569361;0.9992721661831414;0.9991705708644183;0.99914241176896;0.9999962812769271;0.9987609283558448;0.9986068442892982;0.9993664366607381;0.9996355038314869;0.9999999999999999;1.0;0.999997203472539;0.9999945602401742;0.9999974293741205;1.0;1.024999976158142;
2016-10-09 01:45:00;1.0;0.9999596834642553;1.0;0.9999973275939023;1.0;0.9999971362787295;1.0002225598227703;0.9999690206015333;0.9999929735493064;1.0;0.9999813709307993;1.0;1.000025822235299;1.0;0.999939588160125;0.9999404722845372;0.9999416616969281;0.9999973390392736;0.9999973181110686;0.9999947418794796;1.0;0.999962705102306;0.9999411624306169;1.0002086730870132;1.0002289411485612;0.9999929696481272;0.9999649924804339;0.9999984933265847;0.999519375909281;0.9992463003956511;0.9991444081360585;0.9991133337398473;0.9999960128417043;0.9987106138248312;0.9985461369403418;0.9993480166373528;0.9996247290001969;0.9999999999999999;1.0;0.9999970147312781;0.9999939534308521;0.9999970762587665;1.0;1.024999976158142;
2016-10-09 02:00:00;1.0;0.9999690823937946;1.0;0.9999980800398827;1.0;0.9999973963982833;1.0002169619772725;0.9999832599696741;0.9999922009231486;1.0;0.9999880210376907;1.0;1.000026842365195;1.0;0.999969109387715;0.9999703911358309;0.99997100240411;0.9999990180892098;0.9999990094635604;0.9999957197458158;1.0;0.9999734770013948;0.9999707728488967;1.000203853415221;1.0002225311042356;0.999996146396483;0.9999764714658435;0.9999986350052634;0.9995914096427714;0.9993536124974995;0.9992483917311242;0.999214748971789;0.9999952983304378;0.9988632747401857;0.9987309811133093;0.9994108184527208;0.9996605496215734;1.0;1.0;0.9999964498845374;0.9999970857839;0.9999971957259768;1.0;1.024999976158142;
2016-10-09 02:15:00;1.0;0.999977604143066;1.0;0.9999978613583851;1.0;0.9999974598414455;1.0002113493907412;0.9999822339181127;0.9999936845682336;1.0;0.9999903024718911;0.9999999999999999;1.00002655025735;1.0;0.9999667835238178;0.9999675370656659;0.9999682367950224;0.9999994624052855;0.9999994572407529;0.9999963047362567;1.0;0.9999801932881192;0.999968015136395;1.0001984602849527;1.0002167962568367;0.9999963652628842;0.9999824360276561;0.9999986696938098;0.9997041878453725;0.9995160053974581;0.9994186034916243;0.999386757621654;0.9999964512339885;0.9991288659380447;0.999033488668312;0.9995210141583672;0.9997228143139303;0.9999999999999999;1.0;0.9999973471662047;0.999997577797681;0.999997606620725;0.9999999999999999;1.024999976158142;
2016-10-09 02:30:00;1.0;0.9999780106335677;0.9999999999999999;0.9999977817914417;1.0;0.9999971878262507;1.0002126082441012;0.9999830454371523;0.9999929707450526;1.0;0.9999903311489271;1.0;1.0000267189973662;1.0;0.9999694771024795;0.9999700016586776;0.999970608519292;0.9999994639691595;0.9999994584660706;0.9999960082714555;1.0;0.9999798046011358;0.9999704113850728;1.0001996866851515;1.000218049967428;0.9999963620322814;0.9999821662501275;0.9999985271004117;0.999688028945201;0.9994942636395766;0.999395051674659;0.9993633822014659;0.9999963393173303;0.9990973187878087;0.9989983925304446;0.9995035014640773;0.999712666474498;1.0;1.0;0.9999972951609307;0.9999975772800129;0.9999972915928641;1.0;1.024999976158142;
2016-10-09 02:45:00;1.0;0.9999766694042306;1.0;0.9999973330585277;1.0;0.9999969151792348;1.000208822124722;0.9999786864656734;0.9999927849146087;1.0;0.9999894137030763;0.9999999999999999;1.0000263437048276;1.0;0.9999602502175999;0.9999609434007495;0.9999617941063177;0.9999995957364666;0.9999995907794191;0.9999957412323448;1.0;0.999979041226228;0.9999615421050252;1.0001959702368883;1.0002142771984583;0.9999957970082332;0.9999815059278367;0.9999983846366854;0.9998176275414864;0.9996836153135087;0.9995837620759411;0.9995505076566857;0.9999961012957602;0.9993819210636946;0.9993342357463543;0.9996216944001302;0.9997797468144457;1.0;0.9999999999999999;0.9999971024623585;0.9999973816150945;0.9999972207001322;1.0;1.024999976158142;
2016-10-09 03:00:00;1.0;0.9999728866399299;1.0;0.9999981140500577;0.9999999999999999;0.9999977464242679;1.000209172301582;0.99998405404432;0.9999932805812417;1.0;0.9999903104899837;1.0;1.0000266565188736;1.0;0.9999689378435874;0.9999707413044133;0.9999714743955843;0.9999998378221838;0.9999998327750214;0.9999965067669639;1.0;0.9999790885214962;0.999971270287893;1.0001964870729805;1.000214436193674;0.9999969811310725;0.9999820605038156;0.9999988191595274;0.9998447292605327;0.9997247397085796;0.9996241984020079;0.999591248650543;0.9999953069496328;0.9994477818080207;0.9994124841393186;0.9996456453319301;0.9997931130967138;1.0;0.9999999999999999;0.999996390792975;0.9999982266459545;0.9999977915275992;1.0;1.024999976158142;
2016-10-09 03:15:00;1.0;0.9999733779437774;1.0;0.999997367207181;1.0;0.9999969590625188;1.0002094379520088;0.9999789005534088;0.9999923149821279;1.0;0.9999891432636582;1.0;1.0000266678928518;1.0;0.9999599175898717;0.9999612406727094;0.9999621480942221;0.999999837822184;0.9999998326470987;0.9999957209909219;0.9999999999999999;0.9999779172543642;0.9999618981558289;1.0001965715576375;1.000214844993432;0.9999960276500119;0.9999808903701085;0.9999984071061984;0.9998139696019894;0.9996876927124562;0.999582692815334;0.9995511801444502;0.999995311756872;0.9993855548454078;0.999347892070035;0.9996226638447157;0.9997802088301764;1.0;1.0;0.9999964544085069;0.999997709604651;0.999997233676148;1.0;1.024999976158142;
2016-10-09 03:30:00;1.0;0.9999782539016828;1.0;0.9999981321338673;1.0;0.9999974487484674;1.0002093692057334;0.9999861520058793;0.9999931231825807;1.0;0.9999909721429776;1.0;1.000026287813032;1.0;0.9999756871216955;0.9999762752930939;0.9999767340679538;0.9999994333237988;0.9999994281551993;0.9999962562207292;1.0;0.9999802643472513;0.9999765737160656;1.0001967487222698;1.0002146490588246;0.9999968378269974;0.999982642853291;0.9999986639163623;0.9997924183392751;0.999657014816198;0.9995578982780298;0.9995302348458823;0.9999963505053552;0.9993627143474326;0.9993133979762132;0.9996081738909425;0.9997717844524496;1.0;1.0;0.9999972952598339;0.9999978095708162;0.9999974063603478;1.0;1.024999976158142;
2016-10-09 03:45:00;0.9999999999999999;0.9999763857531274;1.0;0.9999982553966652;1.0;0.999997514456128;1.0002092551261785;0.9999858725012664;0.9999931731370068;1.0;0.9999898560759022;1.0;1.0000257621091722;1.0;0.9999754422007111;0.9999758204021584;0.9999762319004477;0.9999989200995367;0.999998913373494;0.9999961019706513;1.0;0.9999776736942717;0.9999760479932487;1.000196654217911;1.0002146162006254;0.9999964493786124;0.999979896337731;0.999998698053464;0.999797598339441;0.9996591085848083;0.9995619022430311;0.9995326565370688;0.9999965653499524;0.9993616062903444;0.9993083801085733;0.9996108904268081;0.9997732733690617;1.0;1.0;0.9999974764246595;0.9999971681712615;0.9999973342963066;0.9999999999999999;1.024999976158142;
2016-10-09 04:00:00;1.0;0.9999756741717784;0.9999999999999999;0.9999963684307724;0.9999999999999999;0.9999964736400908;1.0002102676289348;0.9999674446934836;0.9999935017606011;1.0;0.9999869063865937;1.0;1.0000262391940242;1.0;0.999936704709724;0.9999371879148297;0.9999385973578556;0.9999993612595393;0.9999993527677037;0.9999953005661576;0.9999999999999999;0.9999773234910628;0.9999381820276015;1.000196919643515;1.0002161399625482;0.9999940147436267;0.9999793061755448;0.9999981515665919;0.9997952059139227;0.9996540853039902;0.9995558089060237;0.9995255498228565;0.9999966179369986;0.9993503122028012;0.9992955744386459;0.9996053016592272;0.9997702108102393;1.0;1.0;0.9999975011918628;0.999996218225068;0.9999972565838242;1.0;1.024999976158142;
2016-10-09 04:15:00;0.9999999999999999;0.999972071554056;1.0;0.9999984513180846;1.0;0.9999980073876366;1.0002095841106737;0.9999861238658733;0.9999935017317422;1.0;0.9999902075635951;0.9999999999999999;1.0000264272439832;1.0;0.999973125237488;0.999974887358793;0.9999754955809442;0.9999995436138537;0.9999995382048698;0.9999966449131522;1.0;0.999978128746282;0.999975303672807;1.0001969593701903;1.0002148418659436;0.9999971343487181;0.9999810146156457;0.9999989559847945;0.9998097231052108;0.9996750023656662;0.9995732790047501;0.9995405223195076;0.9999954453125149;0.9993687153574835;0.9993216904951103;0.999614582318422;0.9997754120955331;0.9999999999999999;1.0;0.9999964957081193;0.9999980628252932;0.9999978746769563;1.0;1.024999976158142;
2016-10-09 04:30:00;1.0;0.9999703235826801;0.9999999999999999;0.9999981847243805;1.0;0.9999980146213292;1.000208830629299;0.9999824949507313;0.999993808046063;1.0;0.9999895491315471;1.0;1.000026484283499;1.0;0.9999645681207707;0.9999667404031201;0.9999676029529522;0.999999716763014;0.9999997128347549;0.9999966793300773;1.0;0.9999778283398177;0.9999673563232515;1.000196111567745;1.0002141533973898;0.9999967998742993;0.999980805951622;0.999998960443258;0.9998054434028985;0.9996685249953354;0.9995666925542767;0.99953361918619;0.9999952013395462;0.9993571217465034;0.9993083151722983;0.999610473739515;0.9997733088987512;0.9999999999999999;1.0;0.9999962684746777;0.9999980270385846;0.9999980626137883;1.0;1.024999976158142;
2016-10-09 04:45:00;1.0;0.9999828419873302;1.0;0.9999978859729411;1.0;0.9999976631830921;1.0002063968308814;0.9999828240543275;0.9999947608961041;1.0;0.9999920707451124;1.0;1.000026235079526;0.9999999999999999;0.9999674992597097;0.9999680651617447;0.9999687822005324;0.9999997872351906;0.9999997847939222;0.9999968420878813;1.0;0.9999847806497386;0.9999685787662056;1.0001937711432618;1.0002116905365004;0.9999967593251737;0.9999865926162487;0.9999987773812841;0.9998388433399428;0.9997142300410882;0.9996167840360985;0.9995840995623662;0.9999971111493658;0.9994300123239898;0.9993887079763211;0.9996460939302373;0.9997932435120361;1.0;1.0;0.999997846403042;0.9999980643957388;0.9999979783262029;1.0;1.024999976158142;
2016-10-09 05:00:00;1.0;0.9999856781770669;1.0;0.999998199292172;1.0;0.9999980313538432;1.0002080285336894;0.9999854032656902;0.9999956458623601;1.0;0.9999933424766196;1.0;1.0000265031783497;1.0;0.9999723001068723;0.999972783329179;0.9999733980271754;0.9999998378221839;0.9999998349923963;0.9999973575876112;1.0;0.9999873275128514;0.9999732250446195;1.0001953673518242;1.0002133011855396;0.9999972574575309;0.9999888376602021;0.9999989696208841;0.9998198759444473;0.9996957170017075;0.9995962095352747;0.999567240176739;0.9999975882806192;0.9994227993201842;0.9993833081512332;0.9996276443220782;0.9997830136099828;1.0;0.9999999999999999;0.9999982007179297;0.9999983769064679;0.9999983164701035;0.9999999999999999;1.024999976158142;
2016-10-09 05:15:00;1.0;0.9999833394815926;1.0;0.9999981508263591;1.0;0.9999979835642407;1.0002078657661497;0.9999841177299776;0.9999954352957926;0.9999999999999999;0.9999923353074768;1.0;1.0000262660736343;1.0;0.9999696739605783;0.9999702175360433;0.9999708792606592;0.9999996248224271;0.9999996215615022;0.9999971563915542;0.9999999999999999;0.9999852061362212;0.9999706789808739;1.000195188062681;1.0002131954592546;0.9999969208589942;0.999986792592265;0.9999989446984275;0.9998154652324971;0.9996839103182569;0.9995828646282658;0.9995503652119626;0.9999974358319;0.9993851904240088;0.9993404122816387;0.9996202333213499;0.9997787839905151;1.0;1.0;0.9999980832580349;0.9999980156592834;0.9999982285115705;1.0;1.024999976158142;
2016-10-09 05:30:00;0.9999999999999999;0.9999646980922589;0.9999999999999999;0.9999977409842608;1.0;0.99999756812228;1.000211480329356;0.9999768264148414;0.9999930235819752;0.9999999999999999;0.9999863116759335;1.0;1.0000261478276335;1.0;0.9999536751818461;0.9999557076624843;0.9999567609862994;0.9999990594710629;0.999999048640908;0.9999958314947163;1.0;0.9999716953075136;0.999956418118561;1.0001984564011108;1.0002171097988037;0.9999954146143306;0.9999747560279092;0.9999987233067676;0.9998202586619419;0.9996883004455673;0.9995929174599583;0.999563325188071;0.9999949793479828;0.999410925984108;0.9993620416594003;0.9996283386398868;0.9997834163351099;1.0;0.9999999999999999;0.999996125922541;0.9999967235466181;0.9999976159258696;1.0;1.024999976158142;
2016-10-09 05:45:00;1.0;0.9999699714959635;1.0;0.9999986623779189;1.0;0.99999839094074;1.0002110421307817;0.9999855714577218;0.9999942584004068;1.0;0.9999895909077455;1.0;1.000026368311009;1.0;0.9999708521446686;0.9999728846602203;0.9999735590643154;0.999999299964382;0.9999992932556044;0.999996920894153;1.0;0.9999769687481188;0.9999733326740774;1.0001983109170798;1.0002163961983561;0.999997032223661;0.9999797366262585;0.9999991562130024;0.9997852791676144;0.9996481831204839;0.9995455440204384;0.9995170258179759;0.9999955381891865;0.9993495481993373;0.9993011763951688;0.9995938374088583;0.9997638444725532;1.0;0.9999999999999999;0.9999965287957218;0.9999978028879043;0.9999982050974525;1.0;1.024999976158142;
2016-10-09 06:00:00;1.0;0.9999782655032161;0.9999999999999999;0.9999988313603726;1.0;0.9999986484057661;1.0002082868133997;0.9999874911008877;0.9999958087937102;1.0;0.9999917025312579;1.0;1.0000259797296118;1.0;0.9999752040804284;0.9999763710662963;0.9999769123930025;0.9999992648616847;0.9999992609392994;0.9999975294230713;1.0;0.9999823013922493;0.9999767185269766;1.0001957270546615;1.0002135746144445;0.9999973433990088;0.9999841260161755;0.9999992926717058;0.9998242630278313;0.9996879546534622;0.9995822572033931;0.9995427975288596;0.9999970292484144;0.9993684905981113;0.9993227692613161;0.9996096487380872;0.9997732357655565;1.0;1.0;0.9999977120878351;0.9999979426529234;0.9999985617847725;1.0;1.024999976158142;
2016-10-09 06:15:00;1.0;0.999984899130057;1.0;0.9999976982100292;1.0;0.999997762490398;1.0002096423313724;0.9999798947836029;0.9999958064088147;1.0;0.9999920832400458;0.9999999999999999;1.0000266129198492;1.0;0.9999608403407823;0.9999612598716098;0.9999621490057758;0.999999767321799;0.9999997639185579;0.9999970802518762;1.0;0.999986331727645;0.999961898932062;1.0001966881891238;1.0002151297085706;0.9999963973930761;0.9999876896352221;0.9999988286502728;0.9997922730475457;0.9996523871012443;0.9995415375511333;0.9995049766975568;0.9999977187891318;0.9993198095390715;0.99927452482159;0.9995831657912937;0.9997577555223667;1.0;1.0;0.999998302775674;0.9999978514036475;0.9999982792232007;0.9999999999999999;1.024999976158142;
2016-10-09 06:30:00;0.9999999999999999;0.9999835359960112;1.0;0.999997785126536;0.9999999999999999;0.9999975711039819;1.0002097674182175;0.9999822984812683;0.9999947199820425;1.0;0.9999921440942106;0.9999999999999999;1.000026714914499;1.0;0.9999665933124922;0.9999670765320412;0.9999678142304814;0.9999998378221839;0.9999998352529714;0.9999967907781014;1.0;0.9999851853282625;0.9999676089116355;1.0001969192694928;1.0002151509913109;0.999996689223972;0.9999869604448044;0.9999987290226453;0.9997622092938981;0.9996268352485509;0.9995167877377139;0.999489763691861;0.999997169299318;0.9993166124234681;0.9992746831544784;0.999572487194332;0.9997517642980313;1.0;0.9999999999999999;0.9999978986781429;0.9999980688354708;0.9999979366136568;1.0;1.024999976158142;
2016-10-09 06:45:00;1.0;0.9999783885636664;1.0;0.9999984489581785;0.9999999999999999;0.9999980432888134;1.000210436617551;0.9999875770658688;0.9999942018522758;1.0;0.9999921744329;1.0;1.0000268309494573;1.0;0.9999764388012321;0.9999777428984491;0.9999782791663956;0.9999998378221837;0.9999998350457292;0.999997018459807;1.0;0.9999828552639687;0.9999781268028013;1.000197768147273;1.000215654773704;0.9999975482720423;0.9999852930480547;0.9999989760356769;0.9997571254738729;0.9996191669275782;0.999504034809864;0.9994740550698724;0.9999961844818083;0.9992830977119228;0.9992423535667692;0.9995650117437103;0.9997480267452358;1.0;1.0;0.999997085938502;0.9999985345222928;0.9999980451721971;1.0;1.024999976158142;
2016-10-09 07:00:00;1.0;0.9999569697225135;0.9999999999999999;0.9999962323985333;1.0;0.999994355806155;1.0002250605733407;0.9999770453748041;0.9999841558886199;1.0;0.9999832656202331;1.0;1.0000283239460652;1.0;0.999962802254466;0.9999640649873496;0.9999647168628665;0.9999994655329413;0.9999994476559904;0.9999920444038704;1.0;0.9999612916459982;0.999964508004205;1.0002114417945636;1.0002307654303044;0.9999945166117823;0.9999668688156884;0.9999970368966575;0.9996313065516269;0.9994255279789515;0.9992279305749061;0.9991488282489318;0.9999916761070093;0.9986861294454914;0.9986429994068043;0.9993604585950767;0.9996321671321056;1.0;1.0;0.9999938409618808;0.9999965751497667;0.9999941559345079;1.0;1.024999976158142;
2016-10-09 07:15:00;1.0;0.9999296151556254;1.0;0.9999931127047623;0.9999999999999999;0.9999886844534068;1.0002275874141784;0.999966808847752;0.9999684967440672;1.0;0.9999722120014737;1.0;1.000028482712237;1.0;0.9999550510241075;0.9999558905585858;0.9999564032250332;0.9999992907918565;0.9999992387244189;0.9999846689834878;1.0;0.9999324928656007;0.9999562187127587;1.0002138775059228;1.000233336509156;0.9999909006695189;0.9999428578217255;0.9999940458384466;0.9997220156744404;0.9995593092960606;0.9994146180795445;0.9993673359530196;0.9999849728216889;0.999094145157606;0.9990521054920523;0.9994915635020659;0.9997030448159119;1.0;1.0;0.9999890612198421;0.9999944592049081;0.9999881011245502;1.0;1.024999976158142;
2016-10-09 07:30:00;1.0;0.9999209844354694;1.0;0.9999918162091409;0.9999999999999999;0.9999870593841941;1.0002251505407158;0.9999574962102171;0.9999648905711398;0.9999999999999999;0.9999676001279489;1.0;1.0000278686783182;0.9999999999999999;0.9999388613545102;0.9999395512657969;0.9999403642193374;0.9999990196531447;0.9999989655661018;0.9999825227724896;0.9999999999999999;0.9999233569695802;0.9999400817535158;1.000211360843297;1.0002310769343334;0.9999888875612676;0.9999346910365896;0.999993194955463;0.9997871113589486;0.9996412528593838;0.99951403814195;0.9994698202534148;0.9999834757628675;0.9992532132555871;0.9992137428886536;0.9995593204814678;0.9997405848590492;1.0;1.0;0.9999880006768138;0.9999931404535143;0.9999866027345742;1.0;1.024999976158142;
2016-10-09 07:45:00;1.0;0.9999531657690408;1.0;0.9999942609608665;0.9999999999999999;0.9999922795515088;1.0002201331746743;0.9999622909235437;0.9999810958444185;1.0;0.9999786600211132;1.0;1.000027436866005;1.0;0.999936180161095;0.9999365996815763;0.9999377817947452;0.9999992708828989;0.999999249130452;0.9999897101636452;1.0;0.999954598321167;0.9999374198923446;1.0002063559171286;1.000226129204742;0.9999916903521628;0.9999605455025339;0.9999959482542492;0.9996994416211085;0.9995154766338639;0.9993840024577944;0.9993375530067343;0.9999910610570961;0.9990443111952728;0.9989753760331068;0.999476615696377;0.9996941268443594;1.0;1.0;0.9999935031337853;0.9999948791953386;0.9999925923799018;1.0;1.024999976158142;
2016-10-09 08:00:00;1.0;0.9999368292452665;1.0;0.9999946206532064;1.0;0.9999909585715747;1.000221443161023;0.999974831352933;0.9999734005357309;1.0;0.9999770535247037;1.0;1.0000282102362208;1.0;0.99996600947514;0.9999677650816453;0.9999681956665981;0.9999997872351906;0.9999997603111966;0.9999875184004821;1.0;0.9999428879572081;0.9999680675400058;1.0002082423360714;1.0002268343039062;0.9999931774773834;0.9999522450374286;0.9999952525219574;0.9997121896280565;0.9995265559907268;0.9994071255451791;0.9993641265174608;0.9999863486897511;0.9990786030275426;0.9990000919175248;0.9995024468266727;0.9997086234040772;1.0;1.0;0.9999899385651032;0.9999961158569466;0.9999903181520025;0.9999999999999999;1.024999976158142;
2016-10-09 08:15:00;0.9999999999999999;0.9999633005762695;1.0;0.9999964254443652;1.0;0.9999949852114508;1.0002197295252493;0.9999773793931424;0.9999864275484651;0.9999999999999999;0.9999855641528357;1.0;1.000028003696524;1.0;0.999961675172839;0.9999629346468176;0.999963685962861;0.9999998378221839;0.9999998259067001;0.9999931209885135;1.0;0.999967623366439;0.999963477064041;1.0002063585898457;1.0002252951526585;0.9999950820325529;0.9999724816012748;0.9999973696538486;0.9996281883719133;0.9994063089276061;0.9992815020039633;0.999236438482258;0.9999927049880358;0.9988800321071409;0.9987743255823827;0.9994206447642867;0.9996626139160708;0.9999999999999999;1.0;0.9999945831196344;0.9999971951925716;0.999995018653013;0.9999999999999999;1.024999976158142;
2016-10-09 08:30:00;1.0;0.9999594067346436;0.9999999999999999;0.9999960896102708;0.9999999999999999;0.9999939521321178;1.0002204730012836;0.9999790229004445;0.9999831308951788;1.0;0.9999843367014919;1.0;1.0000281181198671;0.9999999999999999;0.9999681914840935;0.9999692186701465;0.9999697355583264;0.9999998378221839;0.9999998237710747;0.9999917778032028;1.0;0.9999629350110296;0.999969588289693;1.0002071986526062;1.0002259399894784;0.9999948929452257;0.9999687648789598;0.9999968275998049;0.9996260183440288;0.9993998394295391;0.9992650330378097;0.9992126816967939;0.9999914247769802;0.9988254018927655;0.9987226816592799;0.9994082667906373;0.9996555087626012;1.0;0.9999999999999999;0.9999936892814496;0.9999970920330065;0.9999937650212727;1.0;1.024999976158142;
2016-10-09 08:45:00;0.9999999999999999;0.9999574688725185;0.9999999999999999;0.9999949984639777;1.0;0.999993019512941;1.0002296848529126;0.9999694452772367;0.9999822182561755;1.0;0.9999817241133098;1.0;1.0000291345093004;1.0;0.9999496403940759;0.9999503335698705;0.9999512587321265;0.9999997151991684;0.9999996973467852;0.9999907508485709;0.9999999999999999;0.9999598406489747;0.9999509955324903;1.0002155483219306;1.000235655855078;0.9999932133688038;0.9999656696266702;0.9999963372890213;0.9994525509287489;0.9991448065113476;0.9989849780288226;0.9989198822771045;0.9999913190060599;0.9983668096644664;0.9982117961930693;0.9992124084650073;0.9995443905730584;1.0;1.0;0.9999936548487638;0.9999960782174206;0.9999932024001048;1.0;1.024999976158142;
2016-10-09 09:00:00;1.0;0.9999637772948491;1.0;0.9999963184184815;0.9999999999999999;0.9999942017076631;1.000230196357076;0.9999804920562709;0.9999841950510644;1.0;0.9999851905914525;1.0;1.0000290663428357;1.0;0.9999715816319817;0.9999719598319691;0.9999723496971331;0.9999995344412717;0.9999995215601001;0.9999921312925973;1.0;0.999965065219754;0.9999722145512593;1.0002163748840929;1.0002359271107215;0.9999949523261378;0.9999701999234455;0.9999969594709299;0.9993916290930993;0.9990613417568414;0.9988964225479207;0.9988312766409865;0.9999925021229532;0.9982319375867454;0.9980613379828626;0.9991555739181185;0.9995125465279008;1.0;1.0;0.9999945472085828;0.9999968700916607;0.9999939838607858;1.0;1.024999976158142;
2016-10-09 09:15:00;1.0;0.9999488797332045;0.9999999999999999;0.9999956915547695;1.0;0.9999936238776079;1.000226311823923;0.9999726595066342;0.9999819635528785;1.0;0.9999802178589045;1.0;1.000028300679885;1.0;0.9999547489742842;0.999956383778594;0.9999572012814208;0.9999992907918563;0.9999992694275831;0.9999908874608823;1.0;0.9999545036248316;0.9999569366286862;1.000212540118492;1.0002321442136723;0.9999935481137546;0.999960936845;0.9999966520030237;0.9995118483761481;0.9992450770217702;0.9991129155296236;0.9990697078032973;0.9999903388251887;0.9986387046634115;0.9984999109032084;0.9993076764103271;0.9995985934685306;0.9999999999999999;1.0;0.9999928302885703;0.9999959029064877;0.999993386207988;0.9999999999999999;1.024999976158142;
2016-10-09 09:30:00;1.0;0.9999553570144484;1.0;0.9999966105260776;1.0;0.9999948923657308;1.0002251709334102;0.9999772784072801;0.9999852473275999;1.0;0.999982633643957;1.0;1.000027864333868;1.0;0.9999622278493909;0.9999635667601969;0.9999642191991381;0.9999989890033121;0.999998972236859;0.9999924252048747;0.9999999999999999;0.9999599699787028;0.9999639767814513;1.0002115538273801;1.000230959683505;0.9999944034606438;0.9999652116927304;0.9999973192582831;0.9995172529614451;0.9992425107344906;0.9990835226793683;0.9990192751370492;0.9999920946504569;0.9984998286048141;0.9983721760007395;0.9992896519192684;0.9995886884493485;1.0;1.0;0.9999941331420042;0.9999961145166598;0.9999945613519123;1.0;1.024999976158142;
2016-10-09 09:45:00;1.0;0.9999536174891648;1.0;0.9999950919047187;1.0;0.9999926072859112;1.0002287357655137;0.9999722981645921;0.9999802589137554;1.0;0.9999807858086396;1.0;1.000028815009257;1.0;0.9999572795946637;0.9999579090899819;0.9999585888571574;0.9999994946189099;0.9999994756665416;0.9999900222475407;1.0;0.9999557725260515;0.9999583747054556;1.0002148226788956;1.0002345864263362;0.999993267581263;0.9999622352673684;0.9999961211765437;0.999472178994396;0.9991847620861402;0.9989984799583715;0.9989231982665966;0.999990489963277;0.9983246079196115;0.9982045325467672;0.9992331289374893;0.9995563612541428;1.0;1.0;0.99999306513211;0.999995921889812;0.9999924875221692;1.0;1.024999976158142;
2016-10-09 10:00:00;0.9999999999999999;0.9999345443551132;1.0;0.9999927535992681;1.0;0.9999892108307928;1.0002284972636983;0.9999594211559059;0.9999714948580796;1.0;0.9999727297792607;1.0;1.0000287530822027;1.0;0.99993714357954;0.99993802444459;0.9999390516405327;0.9999994930551107;0.9999994574624921;0.999985598835579;1.0;0.999937566758302;0.9999387460420504;1.0002143779295074;1.0002345248847089;0.9999903092852118;0.9999468772484701;0.999994332812078;0.9995568856539706;0.9993100054752315;0.9991558076341721;0.9990997332701769;0.9999862923181307;0.9986260437231439;0.998518730846631;0.999349544296362;0.9996221177864281;1.0;1.0;0.9999900074378186;0.9999943132347707;0.9999891536034315;1.0;1.024999976158142;
2016-10-09 10:15:00;1.0;0.999935896469977;1.0;0.9999932584693499;0.9999999999999999;0.9999890063548362;1.0002283478005274;0.9999687879935018;0.9999695522902936;1.0;0.999974722904265;1.0;1.0000290968614869;1.0;0.9999584467972542;0.9999591813139445;0.9999596673701133;0.9999998071441849;0.9999997792856844;0.9999853751002751;1.0;0.9999384128335;0.999959526056296;1.0002146016353575;1.0002340125116942;0.9999916620539997;0.999948394084079;0.9999942305779999;0.9995217643549156;0.9992441153639758;0.9990994777327317;0.9990418283752371;0.9999855478056051;0.9985490728473144;0.9984092566800689;0.9993027149847113;0.9995962143081083;1.0;1.0;0.9999894890600193;0.9999953111059605;0.9999885526120246;1.0;1.024999976158142;
2016-10-09 10:30:00;1.0;0.9999404462715105;0.9999999999999999;0.9999945428893268;1.0;0.9999912878177628;1.0002322352562851;0.9999715644232661;0.9999753383048944;1.0;0.9999771824345066;1.0;1.0000293311347943;1.0;0.9999583453968216;0.9999597321516055;0.999960344313072;0.9999995451776988;0.9999995140743407;0.9999880224046166;1.0;0.999945202119659;0.9999601514794125;1.0002182342053507;1.0002380613714756;0.9999927026720828;0.9999536769291814;0.999995422376389;0.999469212941308;0.9991704261669406;0.9989843448242784;0.9989050968706259;0.9999875699465578;0.9982829715747901;0.9981530550817688;0.9992258226199692;0.9995523508102404;1.0;1.0;0.9999908651685558;0.9999956548876181;0.9999908658978247;1.0;1.024999976158142;
2016-10-09 10:45:00;1.0;0.9999551893595192;0.9999999999999999;0.9999961505894416;0.9999999999999999;0.9999938278365301;1.0002304224885132;0.9999788690113451;0.9999823664214461;1.0;0.999982693332558;1.0;1.0000289278417342;1.0;0.999968520801385;0.9999695289802906;0.9999699840016258;0.9999993644154437;0.9999993462093003;0.9999913248524324;1.0;0.9999586449876341;0.9999698198053969;1.0002166024433057;1.0002361777647995;0.9999944795499072;0.9999646922535685;0.999996760505058;0.9994254093072552;0.9991116627672247;0.9989227374621212;0.9988440424233189;0.9999910974099133;0.9981879307313591;0.9980472642092151;0.999188861244166;0.9995313314842387;1.0;1.0;0.999993455629368;0.9999964698311856;0.9999934456978109;1.0;1.024999976158142;
2016-10-09 11:00:00;1.0;0.9999207706968092;1.0;0.9999911058026623;1.0;0.9999860403791717;1.0002367563971764;0.9999555710566207;0.9999626966637098;1.0;0.9999672616368034;1.0;1.000029806751016;1.0;0.9999369792604051;0.9999375037995556;0.9999383489959052;0.9999994747099227;0.9999994134763645;0.999981548840913;1.0;0.9999225645616884;0.9999380899582762;1.000222241347569;1.00024290680221;0.9999885763672935;0.9999345312826291;0.9999926557490806;0.9994738838388774;0.9991690386378262;0.9990042525442497;0.998934498561958;0.9999826359984807;0.9983448013564983;0.9981953761290142;0.9992456317297699;0.9995636210398973;1.0;1.0;0.999987415964605;0.9999933515146877;0.9999857394949279;1.0;1.024999976158142;
2016-10-09 11:15:00;1.0;0.9999472375062068;1.0;0.9999946818376285;0.9999999999999999;0.9999918131855448;1.0002389557867932;0.9999706757142331;0.9999777411940763;1.0;0.9999785641406923;1.0;1.000030025081884;1.0;0.999955633938385;0.9999564288065728;0.999957104057277;0.999999390345412;0.9999993648025132;0.9999888599165961;1.0;0.9999499712131759;0.9999568837821169;1.0002244571063317;1.000245052945468;0.9999926747942431;0.9999573231413681;0.9999957013852878;0.9992538588733173;0.9988540167157668;0.9986521682079776;0.9985649418377197;0.9999891969356529;0.9977512872653133;0.9975465511849405;0.9990067635165885;0.9994280307086855;1.0;1.0;0.9999921122246913;0.9999955116812874;0.9999915764637719;1.0;1.024999976158142;
2016-10-09 11:30:00;0.9999999999999999;0.9999469766993659;1.0;0.999994467702357;0.9999999999999999;0.9999916372859698;1.0002334187165398;0.9999690974991295;0.9999774947361901;1.0;0.999978354843318;1.0;1.0000294402967265;1.0;0.9999524356315774;0.9999532974282206;0.9999540613399122;0.9999995237048812;0.9999994995148631;0.9999887100475124;1.0;0.9999499262499766;0.9999538271063592;1.0002191926253552;1.0002394051453831;0.9999925078680135;0.9999573801107656;0.99999561010048;0.9993649618158261;0.9990227535922596;0.9988203041164537;0.9987343385792873;0.9999890269570595;0.9980030688047816;0.9978473359779949;0.9991210121885927;0.9994929429784488;1.0;0.9999999999999999;0.9999919813195254;0.9999955332003826;0.999991490288777;1.0;1.024999976158142;
2016-10-09 11:45:00;1.0;0.9999633735173937;0.9999999999999999;0.9999969693858937;1.0;0.9999959780659435;1.0002281519768201;0.999977973724498;0.9999887110289575;1.0;0.9999861026767258;1.0;1.0000289391946835;1.0;0.9999601404225091;0.9999618802564444;0.999962729019133;0.9999996952901885;0.9999996852708182;0.9999941751889857;1.0;0.9999693588649249;0.9999624845086048;1.0002142616201344;1.0002339616006797;0.9999954331395947;0.9999737228083919;0.9999978907917416;0.9993363081651068;0.9989802570558945;0.9988052330491828;0.9987337636918476;0.9999932966483115;0.9980105727199053;0.9978246027239395;0.9991341694276132;0.9995009640564767;1.0;0.9999999999999999;0.9999949495072409;0.9999972666055209;0.9999959963927894;0.9999999999999999;1.024999976158142;
2016-10-09 12:00:00;0.9999999999999999;0.9999375148275332;0.9999999999999999;0.9999964322139562;1.0;0.9999945946399625;1.000237161272308;0.9999681141141935;0.9999840639770052;1.0;0.999973910863841;1.0;1.0000269442283796;1.0;0.9999444587540846;0.9999455909347417;0.9999464471383143;0.9999965499558451;0.9999965095916159;0.9999907569446671;1.0;0.9999414043917245;0.9999459801462283;1.000222670090784;1.0002438208508015;0.9999913089844357;0.9999467013728944;0.999997151721441;0.9992919821187933;0.9989085077065305;0.9987270580821072;0.9986507733266723;0.9999917499341036;0.9978711056690779;0.9976662254699015;0.9990835384025355;0.9994718284122036;1.0;1.0;0.9999939103853338;0.999992387106224;0.9999937972943046;1.0;1.024999976158142;
2016-10-09 12:15:00;1.0;0.9999365868079217;1.0;0.9999956123766822;0.9999999999999999;0.9999933020911544;1.0002389279864357;0.9999647865553809;0.9999814021625285;0.9999999999999999;0.9999721928885655;0.9999999999999999;1.000027023677022;1.0;0.9999411738747561;0.999941510717475;0.99994233951692;0.9999964105803977;0.9999963707728445;0.9999892722689145;1.0;0.9999377300185502;0.9999418699584228;1.000224276386078;1.0002457014073396;0.9999902863837137;0.9999434215177309;0.999996476001129;0.9992698760033792;0.9988722404874251;0.998651949328372;0.9985515667821157;0.9999912755133376;0.9976649437318864;0.9974741935751067;0.9990255359896266;0.9994388954729403;1.0;1.0;0.9999936679556715;0.999991715788693;0.9999925515273306;1.0;1.024999976158142;
2016-10-09 12:30:00;0.9999999999999999;0.9999429987114941;1.0;0.9999944902735542;1.0;0.9999921973373216;1.0002404684816606;0.9999614235442347;0.9999799373228788;1.0;0.9999745197522117;1.0;1.0000287566007389;1.0;0.9999353629802122;0.9999357411665013;0.9999368138654572;0.9999979701651784;0.9999979310972673;0.9999888317501028;1.0;0.999944286609637;0.99993638953269;1.000225558436571;1.0002471295569466;0.999990575763951;0.9999505222046363;0.9999958955919487;0.9991988981565882;0.9987850598058472;0.99858378917638;0.9985030773816719;0.9999905744953163;0.9976354181540713;0.9974182973196487;0.9989904526199791;0.9994187878638506;1.0;1.0;0.999993157450015;0.999993180894151;0.9999920589686396;1.0;1.024999976158142;
2016-10-09 12:45:00;1.0;0.9999595127776931;0.9999999999999999;0.9999973484879586;0.9999999999999999;0.9999960259243367;1.0002396306695776;0.9999782460064163;0.9999886553367741;1.0;0.9999829424048179;1.0;1.0000287170931628;1.0;0.9999627285865622;0.9999633804247838;0.9999639609356155;0.9999979869179821;0.9999979663239433;0.9999935626945475;1.0;0.9999617398765811;0.9999636671682086;1.0002251435702179;1.0002459599572149;0.9999942175813448;0.9999654587512524;0.9999979114976751;0.9990804383919369;0.9986279396153454;0.9984258304638315;0.9983523968527617;0.9999942702399152;0.9974129488998515;0.9971638809100567;0.9988989777242471;0.999367195752289;1.0;1.0;0.9999957875420772;0.9999951728673805;0.9999955826273843;0.9999999999999999;1.024999976158142;
2016-10-09 13:00:00;1.0;0.9998937543328392;0.9999999999999999;0.9999940551162372;1.0;0.9999903955957997;1.0002502632054553;0.9999525930929151;0.9999707082407271;1.0;0.999957674006189;1.0;1.0000270621282092;1.0;0.9999206234650271;0.9999230088667275;0.9999241530307397;0.999994994625731;0.9999948917756231;0.999984003397491;1.0;0.99990198010411;0.999923501295043;1.0002349158796109;1.0002575882377718;0.9999865572920628;0.9999120600958172;0.999994916116044;0.999238549067963;0.9988266969716498;0.9986086115307354;0.9985124195638779;0.9999845500187037;0.9976110935972593;0.9974067476719565;0.9990020653088765;0.9994256460084657;1.0;1.0;0.9999885624622016;0.9999884947743878;0.9999889105491723;1.0;1.024999976158142;
2016-10-09 13:15:00;0.9999999999999999;0.9998868422043631;0.9999999999999999;0.9999912756888837;1.0;0.9999863534256476;1.0002546578357014;0.9999413884451968;0.9999617951026979;1.0;0.9999529254173588;0.9999999999999999;1.0000282568267702;1.0;0.9999064438312009;0.9999078430183626;0.9999091645657823;0.9999956566335629;0.9999955417272097;0.9999795550927543;1.0;0.9998916721581342;0.999908512614956;1.0002388338252615;1.0002621443988067;0.9999840565253761;0.9999040479500794;0.9999927910098999;0.999124707404749;0.9986691691447523;0.9984577647103745;0.9983710633376344;0.9999814190872971;0.9974112547521384;0.9971656435502321;0.9989137441636274;0.9993756527870485;1.0;1.0;0.9999864286982205;0.9999876905431858;0.9999852347263779;1.0;1.024999976158142;
2016-10-09 13:30:00;0.9999999999999999;0.9999003891558279;1.0;0.9999937435859979;1.0;0.9999904985287363;1.0002508595727897;0.9999458051314865;0.9999733368126247;0.9999999999999999;0.9999564629135953;1.0;1.000025953148571;1.0;0.9999074545288515;0.9999081857628972;0.9999095086693035;0.999993847158239;0.9999937420371016;0.9999841677282576;0.9999999999999999;0.9999029063158364;0.999908729499154;1.0002351935246547;1.0002586445804642;0.9999848831137839;0.9999111122979737;0.9999949701869754;0.9991877621099684;0.9987674116692643;0.99856957059935;0.9984928261034525;0.9999872580171899;0.9976424702012645;0.99741754138729;0.9989737398080877;0.9994092292525281;1.0;1.0;0.9999907218394307;0.9999866253468686;0.9999892660955766;0.9999999999999999;1.024999976158142;
2016-10-09 13:45:00;1.0;0.9999421923079329;1.0;0.9999951017740738;1.0;0.9999929526441163;1.0002392792912755;0.9999641545728374;0.9999812162120715;1.0;0.9999749176047089;0.9999999999999999;1.0000283786829125;1.0;0.999939407052891;0.9999400969645542;0.9999410936638259;0.9999977325325684;0.9999976935638768;0.9999895311862151;1.0;0.9999445648923642;0.9999406726498062;1.0002245243844265;1.000245885864715;0.9999910467434348;0.9999505702067452;0.9999962914801686;0.9992646735811155;0.9988653320652384;0.9986555028293072;0.998561623424312;0.9999908653046636;0.9977148302606073;0.997515607451942;0.9990170683205838;0.9994338778778296;1.0;1.0;0.9999933280355359;0.9999932369646073;0.9999926409738408;1.0;1.024999976158142;
2016-10-09 14:00:00;1.0;0.9999392852439448;1.0;0.9999959210524951;0.9999999999999999;0.9999937820514107;1.0002407995371998;0.9999676183390543;0.9999823847818848;1.0;0.9999742016921542;0.9999999999999999;1.0000277753537408;1.0;0.9999454975421304;0.9999462510679378;0.9999470578498887;0.9999969143949391;0.9999968721401528;0.9999900405292103;1.0;0.9999418742897823;0.9999466294021114;1.0002260923005553;1.000247479209774;0.9999912006497969;0.9999475256256319;0.999996724803308;0.9992595883178955;0.9988508924045887;0.9986385639954027;0.9985401723821635;0.9999913361774905;0.9976878401517046;0.9974824165743196;0.9989935016966232;0.9994208731108302;1.0;1.0;0.9999936594955622;0.9999926338479247;0.9999930931105049;1.0;1.024999976158142;
2016-10-09 14:15:00;1.0;0.9999351228852404;1.0;0.999995676973223;1.0;0.9999934563011924;1.000237495875633;0.9999690490317032;0.9999804092599934;0.9999999999999999;0.9999753339395199;1.0;1.0000287528993583;1.0;0.9999472723068966;0.999949552827643;0.9999504841787082;0.9999983086472811;0.9999982728495613;0.9999898857820946;1.0;0.9999429878906654;0.9999501207357252;1.000223045175058;1.0002437896135778;0.9999922978310325;0.9999501924802938;0.9999965563497115;0.9992453538281009;0.9988400765990993;0.998640109681524;0.9985530036625482;0.9999890396794987;0.9976621422449735;0.9974510710757264;0.9990473769104371;0.9994511102964508;1.0;1.0;0.9999918127640575;0.9999943985771194;0.9999928803588914;1.0;1.024999976158142;
2016-10-09 14:30:00;1.0;0.9999547132752787;1.0;0.9999972921319984;1.0;0.9999956402925294;1.0002338038181964;0.9999813989287142;0.9999863021586277;1.0;0.9999834255228239;1.0;1.0000288682927216;1.0;0.999969235506256;0.9999709497713848;0.9999714623188592;0.9999988663849193;0.9999988489993467;0.9999931428262036;0.9999999999999999;0.9999606274123236;0.9999712480804295;1.0002198107134752;1.0002397090251942;0.9999951288495933;0.9999657707202089;0.9999977103700914;0.9991996949032383;0.9987806006121686;0.9985861304292315;0.9985049328772135;0.9999922263364442;0.9975936745174853;0.9973672757602713;0.9990212304469275;0.9994363578675444;1.0;1.0;0.9999941810625771;0.9999964047583009;0.9999950990172012;1.0;1.024999976158142;
2016-10-09 14:45:00;1.0;0.9999510162873944;0.9999999999999999;0.9999952947802283;0.9999999999999999;0.9999935066184652;1.000238709274424;0.9999659586257099;0.9999833977834325;1.0;0.9999781879716917;1.0;1.0000288824743497;1.0;0.9999417289775381;0.9999422535191802;0.9999432704263388;0.9999983149266984;0.9999982850366186;0.9999906716507444;1.0;0.9999528102065343;0.9999428849319921;1.0002239571843878;1.0002452203946786;0.9999919166510954;0.9999580654554135;0.9999965862046506;0.9991875653549331;0.9987725497008038;0.998552403435228;0.9984622449661539;0.9999920063984464;0.9975300484238497;0.9973245213479496;0.9989811288347991;0.9994135018719345;1.0;1.0;0.9999941714450817;0.9999941986562598;0.9999934532921867;1.0;1.024999976158142;
2016-10-09 15:00:00;1.0;0.9999419798209336;0.9999999999999999;0.9999961971303334;1.0;0.9999943971639487;1.0002349855101624;0.9999673669499426;0.9999843222773763;1.0;0.9999748948032718;1.0;1.0000268686795923;1.0;0.9999435331757177;0.999944223090228;0.9999450972254879;0.9999967613948653;0.9999967242786025;0.999990800205516;0.9999999999999999;0.9999443524048603;0.9999446403439982;1.0002205684287964;1.0002415995528842;0.9999912939198822;0.9999493327366338;0.9999970501005898;0.9992587297085299;0.9988761379594179;0.9986945831437625;0.998625756070035;0.9999922710769825;0.9978088873344353;0.9976047090735126;0.9990937629854659;0.999477213446661;1.0;1.0;0.99999434147908;0.9999925568869514;0.9999937734308014;1.0;1.024999976158142;
2016-10-09 15:15:00;1.0;0.9998990696139597;0.9999999999999999;0.9999957726512627;0.9999999999999999;0.9999937754674211;1.0002468932509234;0.9999457919908937;0.9999816405094285;1.0;0.999954573517108;1.0;1.0000228185945665;0.9999999999999999;0.9999008709077334;0.9999014590351258;0.9999028761353401;0.9999912302693893;0.999991105063119;0.9999870239728909;0.9999999999999999;0.999901079900329;0.9999018887356661;1.0002313773693081;1.0002551360992984;0.9999842003682966;0.9999063627966034;0.9999966767642059;0.9992961125826775;0.9989175905210955;0.9987470877692881;0.9986812674619502;0.999991149462225;0.9979001628684232;0.9976919129828615;0.9991287094879358;0.9994972545586501;1.0;0.9999999999999999;0.99999354507559;0.9999840593439255;0.9999921339610149;0.9999999999999999;1.024999976158142;
2016-10-09 15:30:00;1.0;0.9999001745160747;1.0;0.9999958043197693;0.9999999999999999;0.9999934734916677;1.0002479642519186;0.9999527678566928;0.9999793844260545;1.0;0.999958281791577;1.0;1.0000248446550473;0.9999999999999999;0.99991490177311;0.9999167432242188;0.9999180007758972;0.9999930887291968;0.9999929895982738;0.9999871492548574;1.0;0.9999065214656963;0.9999171856096992;1.0002326192368094;1.0002556963669023;0.9999863558758286;0.9999133810911024;0.999996532767462;0.9992169577980557;0.9987926044260714;0.9986164963331591;0.998543134441179;0.9999889766865527;0.9976899292793414;0.9974467448523179;0.9990302076818982;0.9994418102530102;1.0;0.9999999999999999;0.9999918218852795;0.9999867897063474;0.9999918564676821;1.0;1.024999976158142;
2016-10-09 15:45:00;1.0;0.9999323487655732;1.0;0.9999957420063833;1.0;0.9999936591246293;1.0002409326098332;0.9999647910484541;0.9999815338465775;1.0;0.9999722416464791;1.0;1.00002776897019;1.0;0.9999389033117009;0.99994041081944;0.9999414076947761;0.999996899173891;0.9999968549272753;0.9999896411060386;1.0;0.9999375394540858;0.9999409282061094;1.0002261563437311;1.0002476688508608;0.9999907815988741;0.9999438406147676;0.9999966592042423;0.9992107101201362;0.998785337766001;0.9985944513573568;0.9985115914361452;0.9999902591306002;0.9976451000775277;0.9974111557322655;0.9989952835703629;0.9994215770854913;1.0;1.0;0.9999927886308161;0.9999923934414692;0.9999929456969718;1.0;1.024999976158142;
2016-10-09 16:00:00;0.9999999999999999;0.999934607428046;1.0;0.9999958324801665;1.0;0.9999938862823226;1.0002375149312608;0.999963083727441;0.9999828818432173;1.0;0.9999715388896689;0.9999999999999999;1.000026573524643;1.0;0.9999356871007273;0.9999364216006995;0.9999374150911478;0.9999961515092548;0.999996103282985;0.9999897995512187;1.0;0.9999371237883252;0.9999368840732984;1.0002228687361154;1.0002443673192218;0.9999900976450415;0.9999425142269623;0.9999967766545937;0.999327251554419;0.9989481094899249;0.9987766638722309;0.9987004460391987;0.9999915797780308;0.9979756021344596;0.9977676675031543;0.9990958033099543;0.9994786308639284;0.9999999999999999;1.0;0.9999938374651356;0.9999913951188446;0.999993163195998;0.9999999999999999;1.024999976158142;
2016-10-09 16:15:00;1.0;0.9999376962395521;1.0;0.9999956015901335;1.0;0.999993664887081;1.000238579779338;0.9999626001190143;0.999982772591268;1.0;0.9999724382677325;1.0;1.000027043626089;1.0;0.9999351368555567;0.9999356804122477;0.999936701507535;0.9999964918165872;0.9999964529444532;0.9999897812175067;1.0;0.9999395628089793;0.9999361870921458;1.0002238328844884;1.0002454256698683;0.9999902029892603;0.9999448988432615;0.9999966662898995;0.9991967719509265;0.9987970083828693;0.9986295512393247;0.9985755133131317;0.9999917042177696;0.9978288785922297;0.9976010948845812;0.9990157146417159;0.9994357237231035;1.0;1.0;0.9999939511479776;0.9999917391321167;0.9999930869005712;1.0;1.024999976158142;
2016-10-09 16:30:00;1.0;0.9999412811390995;1.0;0.9999961633724128;1.0;0.9999948409979328;1.0002439717204938;0.9999632281680562;0.9999860227899219;1.0;0.9999740817071383;1.0;1.0000277558673651;1.0;0.9999331511524504;0.9999340510207295;0.9999352041668728;0.999996519070948;0.9999964756547249;0.9999912586352969;1.0;0.9999443761963493;0.9999346569471007;1.0002288499219048;1.0002509872133127;0.999990758629016;0.9999488525095162;0.9999972788680223;0.9991636131023588;0.9987360113855523;0.9984934334899823;0.9983908214931778;0.999992848130135;0.9974466017526256;0.9972457432701395;0.9989017522245692;0.9993719198693546;1.0;0.9999999999999999;0.9999947311496791;0.9999920628376257;0.9999943867856443;1.0;1.024999976158142;
2016-10-09 16:45:00;1.0;0.9999307300953996;0.9999999999999999;0.9999961150679292;1.0;0.9999937891005899;1.0002427625082349;0.9999681473295129;0.9999811729918072;0.9999999999999999;0.9999720533917589;1.0;1.0000277048552784;1.0;0.9999462754803413;0.9999477258918478;0.999948505869877;0.9999965803657124;0.9999965269130966;0.9999895868759161;1.0;0.9999357025825467;0.9999480610488964;1.0002280244245871;1.0002494797898005;0.9999910262813122;0.9999421125886496;0.9999967217241217;0.9992387612111076;0.9988319158223974;0.9986354063685997;0.9985523319565536;0.9999901518153096;0.9977431414535455;0.9975286874554012;0.9989965972277953;0.9994256949257084;1.0;1.0;0.999992718343584;0.9999922568631409;0.9999928189169633;1.0;1.024999976158142;
2016-10-09 17:00:00;1.0;0.999925452015882;1.0;0.9999946078389339;1.0;0.9999913849109455;1.0002448729452589;0.9999630944367462;0.9999753966688556;1.0;0.9999691294025854;0.9999999999999999;1.0000282967664396;1.0;0.9999414882166695;0.9999423913496369;0.9999431760830917;0.9999969099428659;0.9999968579921598;0.9999868370536799;1.0;0.9999285461803847;0.9999427531204531;1.0002299556954575;1.0002516244366157;0.9999897046922015;0.9999365103810265;0.999995463940388;0.9992131315927585;0.9987896177074681;0.9985821831602762;0.9984909115575313;0.9999880378523757;0.9976531766037245;0.9974321776689793;0.9989440811755298;0.9993957069639501;1.0;1.0;0.9999912628834825;0.9999918163607175;0.9999904952918098;0.9999999999999999;1.024999976158142;
2016-10-09 17:15:00;1.0;0.9999485048614728;1.0;0.9999954630742154;1.0;0.9999944468891098;1.000238803716345;0.9999602913920811;0.9999862511615428;1.0;0.9999767015030145;1.0;1.0000283520172084;1.0;0.9999266508285148;0.9999276779718966;0.999929106874108;0.9999978045966935;0.9999977754259489;0.999991528092501;1.0;0.9999520330993925;0.9999285772898033;1.0002238073439302;1.000245608540455;0.999991178719936;0.9999565225915028;0.9999970800425131;0.9992480379731339;0.9988373223980536;0.9986354468650549;0.9985443516742427;0.9999928364876524;0.9977522446527138;0.9975382972495173;0.9989664664930932;0.9994083051919309;1.0;1.0;0.999994706925749;0.9999933713737464;0.9999945475963482;1.0;1.024999976158142;
2016-10-09 17:30:00;1.0;0.9999434524064418;1.0;0.9999957045599001;1.0;0.9999936411594297;1.0002424454272791;0.9999672221830055;0.9999826050378837;0.9999999999999999;0.9999755379299163;1.0;1.0000284193195113;1.0;0.9999448288748529;0.9999454170281007;0.9999462698634246;0.9999973558207254;0.9999973210191679;0.9999901916637597;1.0;0.9999454627820422;0.9999458602578072;1.0002275928789468;1.0002491221860104;0.999991423681159;0.9999509719202906;0.9999966551365614;0.9991919984399619;0.9987645349387855;0.9985585872110205;0.998470473875203;0.9999915895355405;0.9976454643546393;0.9974202487856723;0.9989193133274319;0.999381999745287;1.0;1.0;0.9999938629119802;0.99999312609475;0.9999931473709952;1.0;1.024999976158142;
2016-10-09 17:45:00;1.0;0.9998901814266032;1.0;0.999994722604546;0.9999999999999999;0.9999912908673575;1.000252352812361;0.9999555497942122;0.9999717500696428;1.0;0.9999580918283307;1.0;1.0000274462390488;0.9999999999999999;0.9999239914137773;0.9999274043548727;0.9999285556820343;0.999995098870895;0.999995003341909;0.9999848245097135;1.0;0.9999019475728742;0.999927909370298;1.0002369744011752;1.0002596316011476;0.9999873574659426;0.9999122697522458;0.9999953896088619;0.9992642704352095;0.9988558215479273;0.9986262866181912;0.9985196857373388;0.9999840798475946;0.9976874743233127;0.997494104658333;0.9989486437914561;0.9993987360275628;1.0;0.9999999999999999;0.999988094904383;0.9999890173802811;0.9999896280161504;1.0;1.024999976158142;
2016-10-09 18:00:00;1.0;0.9998252045437802;1.0;0.9999937622437883;0.9999999999999999;0.9999905819398427;1.0002774154175758;0.9999212086138437;0.9999683751519246;0.9999999999999999;0.9999294850625015;1.0;1.0000237420508211;1.0;0.9998522654427098;0.999857185918745;0.9998595727493614;0.9999882683920488;0.9999879795178764;0.9999799162364225;1.0;0.9998421724729514;0.9998581227899955;1.0002598273694312;1.0002871506544895;0.9999776112427791;0.9998536619866795;0.9999949064913933;0.9991800402825993;0.9987125753570505;0.9984631711917432;0.9983415462950693;0.9999811606863857;0.9973792353841245;0.997149445532198;0.9988399764844963;0.9993369285547677;1.0;1.0;0.999985800314664;0.9999779782684547;0.9999879092157647;1.0;1.024999976158142;
2016-10-09 18:15:00;1.0;0.9998287868520042;0.9999999999999999;0.9999907546920428;1.0;0.9999872178155321;1.000277352452906;0.9999051662178341;0.9999632910645634;1.0;0.9999272824870111;1.0;1.0000247988976327;1.0;0.9998254220127393;0.9998290989770325;0.999832067549989;0.9999894069443771;0.9999891041423767;0.9999768801176351;1.0;0.9998414161552266;0.999830544493114;1.0002592407702438;1.000287312489524;0.9999750889924838;0.9998537636703698;0.999993134203679;0.9991569659395454;0.9986905968523647;0.9984636701888916;0.9983609782067512;0.9999800105806379;0.9974562978686651;0.9972123480689377;0.998845213168756;0.9993401260871551;0.9999999999999999;1.0;0.9999851270114236;0.9999775637829627;0.9999855338451816;1.0;1.024999976158142;
2016-10-09 18:30:00;1.0;0.9995843025037088;0.9999999999999999;0.9999939554799105;1.0;0.9999925347392131;1.000304616295486;0.9998887038227477;0.9999416888720895;1.0;0.9998849582471483;0.9999999999999999;1.0000332836780839;1.0;0.9997396756925083;0.9997801558548076;0.9997874485569169;0.9999943174028075;0.9999937028192937;0.9999740087967515;1.0;0.9997236937016764;0.9997851329659158;1.0002853941474836;1.0003139065333957;0.9999784824474364;0.9997626608580227;0.9999957315747453;0.9991760158415278;0.9987079741556366;0.9984656807224281;0.9983549392013287;0.9999364769246304;0.9974219934333403;0.9971868427526615;0.9988477253249569;0.9993412803299692;0.9999999999999999;1.0;0.9999491314899803;0.9999834601095943;0.9999876786930589;1.0;1.024999976158142;
2016-10-09 18:45:00;1.0;0.9998568197924905;1.0;0.9999864788041424;0.9999999999999999;0.9999854886189573;1.0002728096170972;0.9998797091162662;0.9999652976255016;0.9999999999999999;0.9999389900658553;1.0;1.0000317383955852;1.0;0.999765567176736;0.999772252617688;0.9997775304059984;0.999997119785347;0.9999969170124673;0.9999786846505018;1.0;0.999879856239425;0.9997759409802675;1.0002536362297707;1.0002823406239822;0.9999768526031723;0.999893261498589;0.9999922778081384;0.9990749483342573;0.9985793988829617;0.9983146337553682;0.9981931864147657;0.9999781599331508;0.9971545039530337;0.9969115724363794;0.9987445092762609;0.9992830874036888;1.0;1.0;0.9999834172551245;0.999985006237377;0.9999871974198824;1.0;1.024999976158142;
2016-10-09 19:00:00;0.9999999999999999;0.9998657244446271;1.0;0.9999937462335798;1.0;0.9999912065137827;1.0002640410086665;0.9999355448997799;0.9999716859641109;1.0;0.999948011710909;1.0;1.0000274726159317;0.9999999999999999;0.9998789596422948;0.9998842142174933;0.9998864670345581;0.9999937046276791;0.9999935602201852;0.9999835959276389;1.0;0.9998838494517789;0.999885433411431;1.0002473721456786;1.000272350309421;0.9999837159752903;0.9998948747830501;0.9999953166307185;0.9991517642420924;0.9986849552490864;0.9984352260443521;0.998316808328101;0.9999823585572426;0.9973509708415829;0.9971220406200156;0.9988219824954354;0.9993269054032983;1.0;1.0;0.9999866231724264;0.9999858681022975;0.9999897509541947;0.9999999999999999;1.024999976158142;
2016-10-09 19:15:00;1.0;0.9998785281659577;1.0;0.9999935000258116;1.0;0.9999920535223088;1.0002677187941107;0.9999281369113713;0.9999769105715969;1.0;0.9999498890217592;1.0;1.0000277323938047;1.0;0.9998611388829043;0.9998654425584065;0.9998681580826946;0.9999935482320136;0.9999933941745259;0.9999851711620872;1.0;0.9998933262242637;0.9998669918592757;1.0002504195664872;1.000276485903695;0.9999829786502609;0.9999020442908493;0.9999957538002731;0.9990851582069422;0.9985952990733437;0.9983437808366049;0.9982291349819459;0.999985604906334;0.9972449185762231;0.99699797044846;0.9987523221891893;0.9992874358329646;1.0;1.0;0.9999890826420823;0.9999853368870242;0.9999912908715215;1.0;1.024999976158142;
2016-10-09 19:30:00;1.0;0.9998418078409796;1.0;0.9999903184661983;1.0;0.9999859604765808;1.0002734786026495;0.9999250560037145;0.9999569043907129;1.0;0.9999416412463041;1.0;1.0000311053935804;1.0;0.9998657160347025;0.999872847633504;0.999875462553569;0.9999961376165983;0.9999959561515847;0.9999775883345402;1.0;0.999866359954662;0.9998745043102993;1.00025618314712;1.0002816205192;0.9999821394950672;0.999883208085159;0.9999925428349871;0.9990813530497255;0.9985876546240068;0.9982972568834031;0.998160095833943;0.9999739533341301;0.9970889163223327;0.9968649452915989;0.9987129368056599;0.9992654022035231;0.9999999999999999;1.0;0.9999803283704382;0.9999870435151818;0.9999847970041952;1.0;1.024999976158142;
2016-10-09 19:45:00;1.0;0.9996766563160694;1.0;0.9999920217047009;0.9999999999999999;0.9999892278107658;1.000293422909771;0.9999000670854696;0.9999451179486094;1.0;0.9999048352331013;1.0;1.000032785568435;1.0;0.9997836120285597;0.9998118419449759;0.9998174562910942;0.9999952597467304;0.9999947972962474;0.9999743448006896;1.0;0.999773797682478;0.9998156479830271;1.0002748643223385;1.0003022715396281;0.9999794181342196;0.9998053246408192;0.9999940858344206;0.9991996141140861;0.9987436660822282;0.9985073009437528;0.9983978735515411;0.9999492801803841;0.9975009784028047;0.9972720552167224;0.9988676888439575;0.9993527750601124;1.0;0.9999999999999999;0.9999598971339018;0.9999847827576492;0.9999858043352211;1.0;1.024999976158142;
2016-10-09 20:00:00;1.0;0.9998348466060778;1.0;0.9999936997191837;0.9999999999999999;0.9999914300900189;1.0002678463977288;0.9999290294817544;0.9999688173232045;1.0;0.9999410187460193;1.0;1.0000280707582572;1.0;0.9998602461741043;0.9998695028516043;0.9998724123488962;0.9999938225284118;0.9999936239753537;0.9999826771259925;1.0;0.9998666939921698;0.9998712143587898;1.0002508770835095;1.000276287243601;0.9999830417603163;0.9998807032946792;0.9999954001603022;0.999217576557189;0.9987833079829401;0.9985510340838906;0.9984446011139638;0.9999774017433206;0.9975754614020572;0.997362132743584;0.9988992759677426;0.9993707369148115;0.9999999999999999;1.0;0.9999825482960721;0.9999855920635495;0.9999896936672875;1.0;1.024999976158142;
2016-10-09 20:15:00;1.0;0.9998380326820206;1.0;0.9999920920424772;0.9999999999999999;0.9999889039716172;1.000276129333197;0.9999261413577738;0.9999635308397398;1.0;0.9999409074506633;1.0;1.000030025684464;0.9999999999999999;0.9998606413462889;0.9998687878765656;0.9998715960148142;0.9999947203331808;0.999994524712343;0.9999802926316208;0.9999999999999999;0.9998660506181983;0.9998704876146638;1.0002586381137244;1.000284627941407;0.9999823647724562;0.9998812060584225;0.9999940779121489;0.9990512645214901;0.9985423338164712;0.9982342653319379;0.9980869354355283;0.9999760275810331;0.9969509386633991;0.9967260463450884;0.9986707228970558;0.9992413937123367;1.0;1.0;0.9999816966185203;0.9999859769508129;0.9999874522761741;0.9999999999999999;1.024999976158142;
2016-10-09 20:30:00;1.0;0.9997112651337073;1.0;0.99999043300268;1.0;0.9999872918989713;1.000287260464707;0.9998918562148711;0.999947428797104;1.0;0.9999069074025289;1.0;1.000030132703318;1.0;0.9997774352738001;0.9997988484874287;0.99980409911922;0.9999934536399627;0.9999930204427822;0.9999732771356398;1.0;0.9997849317415066;0.9998022598223288;1.000268664854737;1.0002966269688593;0.9999763134631107;0.9998119096311255;0.9999930898508731;0.9992109803863882;0.9987681736924368;0.9985573970618379;0.998465488230289;0.9999565768197816;0.9976389786780234;0.9974039879189758;0.9989103574695233;0.9993769395567745;1.0;1.0;0.9999660113404542;0.9999815930399669;0.99998457287001;1.0;1.024999976158142;
2016-10-09 20:45:00;1.0;0.9997947578933626;0.9999999999999999;0.9999916846097903;1.0;0.9999885129242179;1.0002740016033658;0.9999086415946171;0.999960217648048;1.0;0.9999243702617047;1.0;1.0000263512258933;1.0;0.9998230623248855;0.9998332149948281;0.9998367327723726;0.9999913573414497;0.9999910629037277;0.9999773567952986;1.0;0.9998297893730079;0.9998352020613614;1.0002563262461512;1.000283325892297;0.9999774742796449;0.9998467488897084;0.99999381542259;0.9992268572714967;0.9988019830842975;0.9986004946430116;0.9985160920232722;0.9999726646266076;0.9977364339404944;0.9975103443642883;0.9989388114583604;0.9993933368875441;1.0;1.0;0.9999790201516036;0.9999804910380643;0.9999863370663067;1.0;1.024999976158142;
2016-10-09 21:00:00;1.0;0.9998110091961647;1.0;0.999989345569623;1.0;0.999984702327363;1.000265171987098;0.9999059858842954;0.9999535347481309;1.0;0.9999261431270926;1.0;1.000026132184297;1.0;0.9998294705422212;0.9998361434087261;0.9998392468691998;0.9999922797428669;0.9999920366983486;0.9999740459871023;1.0;0.9998340480697977;0.9998378897441786;1.0002479757687361;1.0002741517812603;0.9999763631956825;0.9998513337661937;0.999991852439063;0.9992868149825057;0.9988895488671757;0.9987159590091726;0.998645591722563;0.9999728326532852;0.9979343185368957;0.9977126876159017;0.9990398182005753;0.999450195964853;1.0;1.0;0.9999795772932146;0.9999806705518046;0.9999829694393961;1.0;1.024999976158142;
2016-10-09 21:15:00;1.0;0.9998071820230834;1.0;0.9999891743254272;0.9999999999999999;0.9999848331034044;1.0002614357177557;0.9998976348371114;0.9999548950553789;1.0;0.9999216654580787;1.0;1.0000238658957403;1.0;0.9998127388873688;0.9998184288098291;0.9998217679090162;0.9999905271234462;0.9999902999366097;0.9999735939090542;0.9999999999999999;0.9998268244641232;0.9998202259790444;1.0002442009183503;1.0002708642792646;0.9999740691625835;0.9998429353189618;0.9999919361918688;0.999310573658611;0.9989323181109526;0.9987606398711769;0.9986945283021589;0.9999743517888373;0.9980060049102992;0.9977991674222076;0.9990787085615306;0.9994724648516814;1.0;1.0;0.9999807956214265;0.9999779627296803;0.999983021036467;1.0;1.024999976158142;
2016-10-09 21:30:00;1.0;0.999745710611908;1.0;0.9999893476483654;1.0;0.9999844595677679;1.0002873935694772;0.9998800801001428;0.9999506906841129;1.0;0.999897493988591;1.0;1.0000209156138822;1.0;0.9997761538832219;0.9997836024429486;0.9997873595594898;0.9999842557513112;0.9999836863769409;0.9999693384252556;1.0;0.9997714206666409;0.9997852681211501;1.0002684909995083;1.0002987047042802;0.9999669627012675;0.9997893382144457;0.9999915303216128;0.999297415711006;0.9989055315709388;0.9987313333891176;0.9986664436489185;0.9999708199288454;0.9979684207918811;0.9977517056553256;0.9990588254163079;0.9994613743378925;0.9999999999999999;1.0;0.9999780267294678;0.9999687990505305;0.9999812551719389;1.0;1.024999976158142;
2016-10-09 21:45:00;1.0;0.9998544154358748;1.0;0.9999922723707588;1.0;0.9999901060521952;1.0002602370868734;0.9999213513381067;0.9999697351870099;1.0;0.9999432687897484;1.0;1.000027200403229;1.0;0.9998489484180769;0.9998553260420973;0.9998583688678065;0.9999939802464823;0.9999938015857586;0.9999821881083277;1.0;0.9998763666212193;0.99985714688945;1.000243349200774;1.00026877273479;0.9999816761393636;0.9998884671647638;0.9999947189843068;0.9992733259028973;0.9988822761656015;0.9986915898544135;0.9986161400382192;0.9999804533253472;0.9978619847559048;0.9976571509575588;0.9990329169994501;0.999446506887644;1.0;1.0;0.9999851088856201;0.9999849886526817;0.9999891544292036;1.0;1.024999976158142;
2016-10-09 22:00:00;1.0;0.9997797388327263;1.0;0.9999892388235457;1.0;0.9999862056136725;1.0002818444572552;0.9998708841616543;0.999961015459221;0.9999999999999999;0.9999038501581137;1.0;1.0000198974004963;0.9999999999999999;0.9997543495464735;0.9997587860214856;0.9997630685379841;0.9999840398982577;0.9999835787330148;0.9999727179516653;1.0;0.9997950445847289;0.9997608238690495;1.0002626159814474;1.000293604305914;0.9999663513993776;0.9998078744449362;0.9999925147828883;0.9992512088537138;0.9988426720736093;0.9986396711427976;0.9985591977349404;0.99997826618361;0.9977569606938443;0.9975455693978563;0.9990022471610767;0.9994293847256224;0.9999999999999999;0.9999999999999999;0.9999837731612111;0.9999683088898307;0.999984126919375;1.0;1.024999976158142;
2016-10-09 22:15:00;0.9999999999999999;0.9998708763024996;0.9999999999999999;0.9999913721970057;1.0;0.9999878579894421;1.000254973535923;0.9999289319812739;0.9999652595100732;1.0;0.9999478685227898;1.0;1.0000276341457934;1.0;0.9998730563129947;0.9998769336515957;0.9998792389994539;0.9999950543562657;0.999994906256046;0.9999805711762136;0.9999999999999999;0.999884231153416;0.9998782861958645;1.000238673827351;1.0002629568104995;0.9999825768594793;0.9998966076264022;0.9999935590500396;0.9993026369266019;0.9989291754204961;0.9987523525013962;0.9986855866442438;0.9999807172747694;0.9979777394132445;0.9977784611863677;0.9990820955034293;0.999474328985974;1.0;1.0;0.999985612382238;0.9999863808136077;0.9999869887375101;1.0;1.024999976158142;
2016-10-09 22:30:00;0.9999999999999999;0.9998830142605859;1.0;0.9999910561361236;1.0;0.9999879489873913;1.000248717956622;0.9999277430996485;0.9999670913661035;0.9999999999999999;0.9999515467202916;1.0;1.0000277313053731;1.0;0.9998701191532078;0.9998734780646185;0.9998759323493258;0.9999959770316313;0.99999586839001;0.9999814391085748;1.0;0.9998945613006385;0.9998750050782271;1.0002326370526724;1.0002565073425913;0.9999831565489354;0.999906094654479;0.999993630723823;0.9993375774130363;0.9989617361598567;0.9988069395840654;0.998742402930328;0.9999820275815678;0.9980764603560298;0.9978603304747643;0.9991131585811605;0.9994919339477333;1.0;1.0;0.9999866222205278;0.9999874750738112;0.9999875641874013;1.0;1.024999976158142;
2016-10-09 22:45:00;1.0;0.9998592456620863;1.0;0.9999887600050041;1.0;0.9999849484444466;1.0002553146579025;0.9999147180115375;0.9999584362077669;1.0;0.9999441797453654;1.0;1.0000295365299272;1.0;0.9998463473471785;0.9998516941818482;0.9998547725679372;0.9999969696738562;0.9999968209498444;0.9999775704828388;1.0;0.9998776572734255;0.9998537508185266;1.0002385943010494;1.000263284323616;0.9999810461257275;0.9998929702174298;0.9999920327675224;0.9993359049757213;0.9989629885261216;0.9987916059300459;0.9987207642774676;0.9999762835647001;0.9980252773619863;0.9978228175033663;0.9991033508977554;0.9994863014832159;1.0;1.0;0.999982232116338;0.999987156822394;0.9999847971027682;1.0;1.024999976158142;
2016-10-09 23:00:00;1.0;0.9998872440359683;1.0;0.99999084125608;1.0;0.9999884676073105;1.000249934308234;0.99992568110926;0.9999689856017684;1.0;0.999954537698961;1.0;1.0000293382385501;1.0;0.9998620505816211;0.999866643634424;0.9998695242493147;0.9999974537864436;0.9999973418757578;0.9999826785864679;1.0;0.9999030548376149;0.999868588429679;1.0002335988829167;1.000257631609994;0.9999841690451202;0.9999146829004701;0.999993897094905;0.9993704980889647;0.9990181088739561;0.9988326935332146;0.9987545464542341;0.9999817517712912;0.9980682604894278;0.997892586564252;0.9991210146390568;0.9994967000262341;0.9999999999999999;1.0;0.9999862689253918;0.9999892626716136;0.9999886474567351;1.0;1.024999976158142;
2016-10-09 23:15:00;1.0;0.9999133508557186;0.9999999999999999;0.9999926045763817;1.0;0.9999909836621922;1.0002413732480773;0.9999392521532565;0.9999763462855566;1.0;0.9999646028117911;1.0;1.0000290016113005;1.0;0.9998861682604295;0.9998897720174685;0.999892196514577;0.9999981860243243;0.9999981107519066;0.9999866109963634;1.0;0.9999257670972497;0.9998914319385798;1.0002257688718494;1.0002485462793629;0.999987419103362;0.9999346574857869;0.9999952364517664;0.9994194681240413;0.9990922920750718;0.9989507248107754;0.9988972475558537;0.999985988679882;0.998329474054459;0.9981456582805128;0.999215277337695;0.9995496715873183;1.0;1.0;0.9999894474587726;0.9999916453808839;0.9999913211610159;1.0;1.024999976158142;
2016-10-09 23:30:00;1.0;0.9998809038455414;1.0;0.9999919033569857;1.0;0.9999899466871317;1.000243716390424;0.9999289147484937;0.9999710478617272;1.0;0.9999542854850229;1.0;1.0000282976891768;1.0;0.9998644878225821;0.9998704646688944;0.9998733862619033;0.9999971965362343;0.999997091069101;0.9999839223880128;0.9999999999999999;0.9999014834102627;0.9998724216335421;1.0002278511585245;1.000251228678332;0.9999849629717966;0.9999131962421001;0.9999946763016716;0.9994521616911238;0.9991460660841488;0.9990138448958189;0.9989692948118829;0.999981416532642;0.9984617784128867;0.9982895681055742;0.9992579000023103;0.9995740351403194;1.0;1.0;0.9999858540102716;0.9999894786341026;0.9999898216056886;1.0;1.024999976158142;
2016-10-09 23:45:00;1.0;0.9998918716456874;1.0;0.9999938600212196;1.0;0.9999924370596601;1.0002372522309384;0.999941931798913;0.99997627473286;1.0;0.9999605636213734;1.0;1.0000278379816445;1.0;0.9998865393077072;0.9998929204288647;0.9998954487328054;0.9999975226898302;0.9999974409140504;0.9999870582806555;1.0;0.9999138228206814;0.9998946103606017;1.000222085627875;1.000244289350726;0.9999878374288795;0.9999241960660236;0.9999959953534963;0.9995351858625804;0.9992616056406577;0.9991432050034386;0.999102127707862;0.99998341624974;0.9986689756130934;0.9985150253785128;0.9993442753252121;0.999622742493205;1.0;1.0;0.9999872451282602;0.9999913146995605;0.9999920655386136;1.0;1.024999976158142;
2016-10-10 00:00:00;1.0;0.9999043117784876;1.0;0.999992246004365;0.9999999999999999;0.9999902518171399;1.0002371507612822;0.9999375949322816;0.999973516559457;1.0;0.9999620361856432;1.0;1.0000284631888325;1.0;0.9998838656534541;0.9998880835057877;0.9998905492065717;0.9999981844601624;0.9999981041878813;0.9999854226873661;1.0;0.9999188217873631;0.999889773688994;1.000221829905898;1.000244195887417;0.9999869379460319;0.9999289397230671;0.9999948508227907;0.9995402302855508;0.9992590639724886;0.9991364702216774;0.9990880626770162;0.9999841487855032;0.9986378857995817;0.9984802870658616;0.9993321000332024;0.9996162366620431;1.0;1.0;0.9999880440905436;0.9999913816143506;0.9999904257773046;1.0;1.024999976158142;
